source,target,weight
1,2,106
1,3,172
1,4,119
1,5,177
1,6,88
1,7,60
1,8,196
1,10,165
1,11,193
1,12,75
1,13,121
1,14,102
1,17,116
1,18,117
1,19,31
1,34,69
1,39,104
1,41,29
1,42,96
1,43,133
1,44,91
1,48,135
1,51,63
1,56,17
1,62,60
1,66,122
1,71,174
1,76,198
1,88,41
2,1,106
2,3,52
2,5,149
2,7,133
2,8,139
2,9,35
2,11,42
2,12,145
2,18,138
2,20,178
2,22,48
2,27,57
2,30,39
2,32,117
2,38,135
2,40,87
2,47,90
2,51,65
2,60,21
2,63,96
2,64,123
2,67,122
2,68,195
2,82,26
2,87,128
2,92,144
2,94,56
3,1,172
3,2,52
3,4,75
3,5,57
3,6,137
3,9,172
3,10,122
3,12,67
3,15,160
3,16,189
3,17,117
3,19,146
3,20,77
3,21,82
3,23,193
3,24,157
3,26,41
3,27,52
3,28,50
3,29,131
3,30,42
3,31,9
3,32,86
3,35,199
3,37,68
3,40,10
3,42,82
3,44,76
3,51,177
3,55,71
3,71,79
3,83,73
3,89,171
3,94,138
4,1,119
4,3,75
4,6,154
4,8,199
4,9,186
4,10,155
4,11,110
4,13,97
4,14,109
4,16,189
4,20,43
4,23,183
4,24,22
4,28,65
4,30,177
4,31,126
4,34,191
4,36,102
4,37,119
4,39,190
4,57,71
4,58,130
4,61,7
4,62,51
4,66,197
4,72,135
4,79,69
4,83,118
4,94,166
4,100,33
5,1,177
5,2,149
5,3,57
5,6,105
5,7,163
5,8,109
5,9,86
5,11,132
5,12,187
5,13,63
5,14,12
5,16,5
5,17,28
5,18,139
5,21,140
5,27,83
5,31,142
5,33,180
5,35,125
5,36,151
5,38,159
5,45,44
5,48,70
5,49,88
5,51,32
5,55,191
5,57,160
5,59,114
5,65,91
5,68,176
5,70,173
5,84,93
5,87,144
5,96,42
6,1,88
6,3,137
6,4,154
6,5,105
6,9,115
6,11,161
6,12,112
6,13,40
6,16,14
6,17,162
6,18,59
6,23,196
6,29,17
6,31,47
6,34,130
6,37,164
6,39,165
6,40,188
6,42,18
6,45,42
6,48,60
6,49,190
6,50,113
6,59,3
6,75,6
6,81,184
6,85,174
6,98,141
7,1,60
7,2,133
7,5,163
7,8,101
7,10,2
7,11,88
7,13,176
7,14,34
7,15,47
7,20,11
7,21,92
7,22,21
7,24,119
7,30,161
7,40,25
7,49,134
7,50,144
7,61,177
7,62,163
7,74,181
7,81,107
7,82,109
7,97,115
8,1,196
8,2,139
8,4,199
8,5,109
8,7,101
8,9,78
8,10,91
8,11,8
8,12,153
8,13,168
8,15,96
8,17,165
8,18,158
8,19,158
8,20,167
8,21,61
8,22,107
8,23,43
8,33,64
8,36,128
8,56,115
8,66,56
8,67,94
8,74,83
8,76,21
8,81,167
8,87,122
8,98,18
9,2,35
9,3,172
9,4,186
9,5,86
9,6,115
9,8,78
9,10,57
9,11,34
9,14,64
9,15,91
9,16,117
9,18,37
9,19,129
9,22,88
9,24,74
9,28,3
9,29,114
9,37,11
9,39,105
9,47,96
9,48,33
9,57,5
9,69,36
9,73,136
9,78,130
9,95,55
10,1,165
10,3,122
10,4,155
10,7,2
10,8,91
10,9,57
10,12,2
10,14,171
10,15,142
10,16,67
10,17,163
10,19,160
10,24,107
10,27,150
10,29,187
10,30,185
10,33,132
10,37,15
10,43,180
10,46,77
10,49,1
10,51,145
10,54,179
10,60,83
10,62,144
10,67,83
10,75,192
11,1,193
11,2,42
11,4,110
11,5,132
11,6,161
11,7,88
11,8,8
11,9,34
11,13,149
11,14,15
11,15,121
11,16,8
11,19,142
11,22,40
11,24,145
11,26,61
11,27,49
11,28,178
11,36,76
11,38,22
11,50,51
11,57,73
11,59,117
11,65,103
11,71,25
11,75,76
11,84,59
11,86,56
11,89,48
11,91,130
11,94,163
11,98,120
11,100,187
12,1,75
12,2,145
12,3,67
12,5,187
12,6,112
12,8,153
12,10,2
12,14,152
12,20,93
12,21,158
12,24,153
12,25,128
12,27,163
12,28,142
12,30,24
12,32,46
12,34,130
12,38,39
12,45,120
12,49,173
12,63,56
12,73,153
12,76,136
12,77,91
12,79,61
12,81,141
13,1,121
13,4,97
13,5,63
13,6,40
13,7,176
13,8,168
13,11,149
13,14,142
13,15,190
13,16,73
13,17,107
13,18,178
13,20,134
13,23,63
13,24,167
13,26,61
13,31,75
13,35,120
13,36,190
13,38,197
13,40,12
13,41,97
13,42,184
13,43,73
13,44,122
13,46,174
13,49,179
13,51,159
13,55,185
13,56,194
13,58,36
13,63,191
13,67,141
13,74,28
13,85,17
13,93,14
13,98,60
13,100,81
14,1,102
14,4,109
14,5,12
14,7,34
14,9,64
14,10,171
14,11,15
14,12,152
14,13,142
14,15,57
14,18,153
14,19,1
14,21,78
14,22,145
14,23,8
14,25,184
14,26,83
14,28,149
14,29,149
14,31,105
14,37,185
14,43,4
14,52,188
14,58,16
14,61,33
14,63,54
14,69,42
14,74,74
14,89,9
15,3,160
15,7,47
15,8,96
15,9,91
15,10,142
15,11,121
15,13,190
15,14,57
15,16,187
15,18,125
15,19,132
15,20,145
15,26,161
15,33,83
15,35,105
15,39,24
15,51,69
15,61,11
15,64,127
15,78,67
15,82,63
15,90,85
15,92,65
16,3,189
16,4,189
16,5,5
16,6,14
16,9,117
16,10,67
16,11,8
16,13,73
16,15,187
16,17,14
16,19,147
16,20,61
16,21,174
16,23,182
16,25,77
16,26,8
16,27,80
16,28,104
16,29,28
16,34,159
16,36,152
16,38,199
16,46,146
16,57,63
16,64,62
16,70,42
16,80,17
16,88,76
16,99,45
17,1,116
17,3,117
17,5,28
17,6,162
17,8,165
17,10,163
17,13,107
17,16,14
17,18,125
17,24,76
17,25,46
17,26,180
17,27,77
17,33,172
17,37,70
17,41,16
17,44,7
17,46,75
17,56,165
17,67,124
17,68,84
17,69,104
17,74,146
17,75,154
17,82,168
17,85,198
17,89,198
17,97,189
17,100,140
18,1,117
18,2,138
18,5,139
18,6,59
18,8,158
18,9,37
18,13,178
18,14,153
18,15,125
18,17,125
18,20,135
18,23,119
18,25,178
18,33,8
18,34,59
18,38,133
18,39,8
18,46,167
18,47,172
18,55,19
18,60,152
18,62,2
18,63,194
18,66,92
18,69,6
18,71,46
18,75,187
19,1,31
19,3,146
19,8,158
19,9,129
19,10,160
19,11,142
19,14,1
19,15,132
19,16,147
19,20,138
19,22,95
19,23,82
19,25,6
19,28,111
19,31,185
19,33,2
19,34,1
19,35,111
19,41,6
19,42,18
19,53,49
19,57,140
19,59,187
19,64,161
19,72,137
19,91,23
19,96,29
20,2,178
20,3,77
20,4,43
20,7,11
20,8,167
20,12,93
20,13,134
20,15,145
20,16,61
20,18,135
20,19,138
20,25,159
20,29,174
20,36,21
20,41,33
20,55,129
20,61,184
20,65,104
20,79,173
20,96,189
21,3,82
21,5,140
21,7,92
21,8,61
21,12,158
21,14,78
21,16,174
21,24,185
21,25,12
21,26,123
21,34,114
21,35,146
21,36,32
21,57,145
21,62,183
21,67,5
21,74,118
21,84,193
21,89,64
22,2,48
22,7,21
22,8,107
22,9,88
22,11,40
22,14,145
22,19,95
22,25,176
22,26,97
22,32,172
22,34,14
22,43,157
22,45,116
22,50,14
22,61,1
22,86,187
23,3,193
23,4,183
23,6,196
23,8,43
23,13,63
23,14,8
23,16,182
23,18,119
23,19,82
23,25,181
23,29,84
23,30,3
23,31,197
23,32,99
23,35,173
23,41,104
23,44,168
23,51,79
23,52,170
23,53,157
23,59,119
23,60,3
23,63,142
23,65,77
23,78,58
23,79,173
23,85,177
24,3,157
24,4,22
24,7,119
24,9,74
24,10,107
24,11,145
24,12,153
24,13,167
24,17,76
24,21,185
24,34,142
24,36,96
24,37,118
24,39,78
24,40,150
24,50,140
24,53,123
24,57,148
24,60,151
24,70,118
24,77,23
24,78,177
24,81,185
24,99,114
25,12,128
25,14,184
25,16,77
25,17,46
25,18,178
25,19,6
25,20,159
25,21,12
25,22,176
25,23,181
25,26,7
25,27,93
25,28,160
25,29,163
25,30,95
25,33,74
25,35,102
25,42,99
25,44,24
25,45,127
25,48,53
25,51,193
25,52,188
25,53,83
25,65,18
25,86,31
26,3,41
26,11,61
26,13,61
26,14,83
26,15,161
26,16,8
26,17,180
26,21,123
26,22,97
26,25,7
26,32,99
26,33,164
26,38,123
26,39,195
26,51,56
26,55,158
26,58,69
26,64,196
26,69,57
26,70,66
26,71,64
26,73,140
26,80,66
26,90,28
27,2,57
27,3,52
27,5,83
27,10,150
27,11,49
27,12,163
27,16,80
27,17,77
27,25,93
27,28,159
27,33,9
27,34,69
27,41,20
27,45,31
27,50,85
27,54,164
27,59,168
27,60,123
27,66,89
27,72,59
27,80,53
27,83,35
27,84,39
27,88,11
28,3,50
28,4,65
28,9,3
28,11,178
28,12,142
28,14,149
28,16,104
28,19,111
28,25,160
28,27,159
28,31,108
28,37,28
28,47,73
28,63,6
28,66,27
28,67,112
28,82,96
28,94,163
28,95,107
29,3,131
29,6,17
29,9,114
29,10,187
29,14,149
29,16,28
29,20,174
29,23,84
29,25,163
29,30,124
29,31,153
29,32,141
29,37,60
29,40,56
29,42,104
29,43,124
29,46,169
29,66,23
29,73,106
29,77,34
29,83,62
29,84,121
29,88,72
29,93,49
29,96,109
30,2,39
30,3,42
30,4,177
30,7,161
30,10,185
30,12,24
30,23,3
30,25,95
30,29,124
30,31,66
30,36,59
30,37,38
30,44,115
30,47,82
30,52,87
30,62,63
30,67,1
30,73,91
30,78,107
30,80,46
30,89,181
31,3,9
31,4,126
31,5,142
31,6,47
31,13,75
31,14,105
31,19,185
31,23,197
31,28,108
31,29,153
31,30,66
31,32,116
31,39,159
31,43,27
31,48,86
31,72,102
31,79,39
31,81,17
31,82,7
31,87,58
31,93,168
31,96,15
31,98,200
31,99,113
32,2,117
32,3,86
32,12,46
32,22,172
32,23,99
32,26,99
32,29,141
32,31,116
32,38,133
32,39,131
32,40,51
32,44,1
32,46,94
32,50,173
32,56,178
32,69,125
32,77,178
32,79,17
33,5,180
33,8,64
33,10,132
33,15,83
33,17,172
33,18,8
33,19,2
33,25,74
33,26,164
33,27,9
33,45,66
33,47,131
33,48,20
33,51,68
33,55,32
33,56,93
33,66,197
33,68,165
33,69,108
33,72,35
33,76,129
33,80,116
33,82,53
33,85,39
33,87,32
33,89,154
33,92,122
33,94,69
34,1,69
34,4,191
34,6,130
34,12,130
34,16,159
34,18,59
34,19,1
34,21,114
34,22,14
34,24,142
34,27,69
34,39,54
34,45,35
34,56,151
34,64,116
34,65,168
34,73,93
34,74,33
34,83,161
35,3,199
35,5,125
35,13,120
35,15,105
35,19,111
35,21,146
35,23,173
35,25,102
35,41,17
35,45,92
35,49,22
35,60,82
35,76,82
35,95,5
35,99,104
36,4,102
36,5,151
36,8,128
36,11,76
36,13,190
36,16,152
36,20,21
36,21,32
36,24,96
36,30,59
36,43,198
36,47,130
36,48,28
36,50,194
36,52,177
36,53,39
36,54,143
36,59,66
36,60,88
36,65,169
36,74,91
36,78,193
36,81,95
36,82,25
36,83,189
36,88,104
36,95,4
37,3,68
37,4,119
37,6,164
37,9,11
37,10,15
37,14,185
37,17,70
37,24,118
37,28,28
37,29,60
37,30,38
37,40,43
37,43,126
37,52,138
37,56,133
37,68,125
37,73,32
37,80,23
37,85,125
37,97,187
38,2,135
38,5,159
38,11,22
38,12,39
38,13,197
38,16,199
38,18,133
38,26,123
38,32,133
38,46,139
38,50,10
38,52,115
38,59,103
38,64,94
38,87,97
38,93,41
39,1,104
39,4,190
39,6,165
39,9,105
39,15,24
39,18,8
39,24,78
39,26,195
39,31,159
39,32,131
39,34,54
39,40,78
39,41,53
39,42,128
39,46,32
39,50,103
39,62,63
39,64,65
39,65,115
39,81,97
39,85,178
39,87,184
39,91,66
39,94,145
39,98,107
40,2,87
40,3,10
40,6,188
40,7,25
40,13,12
40,24,150
40,29,56
40,32,51
40,37,43
40,39,78
40,46,80
40,52,65
40,54,42
40,60,175
40,61,86
40,62,103
40,83,137
40,88,143
41,1,29
41,13,97
41,17,16
41,19,6
41,20,33
41,23,104
41,27,20
41,35,17
41,39,53
41,47,74
41,49,86
41,50,170
41,53,164
41,58,30
41,75,25
41,86,128
41,88,171
41,92,100
41,96,69
41,97,7
41,98,74
42,1,96
42,3,82
42,6,18
42,13,184
42,19,18
42,25,99
42,29,104
42,39,128
42,44,7
42,48,12
42,52,65
42,55,134
42,63,8
42,68,141
42,69,28
42,70,66
42,83,102
42,93,162
42,99,114
43,1,133
43,10,180
43,13,73
43,14,4
43,22,157
43,29,124
43,31,27
43,36,198
43,37,126
43,55,154
43,58,71
43,62,33
43,64,24
43,80,183
43,81,171
43,85,144
43,86,25
43,94,119
44,1,91
44,3,76
44,13,122
44,17,7
44,23,168
44,25,24
44,30,115
44,32,1
44,42,7
44,45,59
44,47,11
44,48,46
44,52,56
44,54,170
44,57,119
44,61,46
44,63,39
44,67,101
44,71,122
44,89,181
44,90,54
45,5,44
45,6,42
45,12,120
45,22,116
45,25,127
45,27,31
45,33,66
45,34,35
45,35,92
45,44,59
45,47,177
45,49,3
45,53,155
45,57,32
45,66,198
45,71,63
46,10,77
46,13,174
46,16,146
46,17,75
46,18,167
46,29,169
46,32,94
46,38,139
46,39,32
46,40,80
46,54,115
46,70,33
46,71,69
46,85,62
46,95,66
47,2,90
47,9,96
47,18,172
47,28,73
47,30,82
47,33,131
47,36,130
47,41,74
47,44,11
47,45,177
47,53,149
47,54,72
47,55,43
47,58,147
47,69,184
47,76,192
47,77,188
47,83,85
47,87,65
48,1,135
48,5,70
48,6,60
48,9,33
48,25,53
48,31,86
48,33,20
48,36,28
48,42,12
48,44,46
48,53,70
48,62,196
48,68,141
48,72,147
48,78,17
48,86,72
48,100,155
49,5,88
49,6,190
49,7,134
49,10,1
49,12,173
49,13,179
49,35,22
49,41,86
49,45,3
49,56,85
49,60,57
49,91,16
49,97,31
50,6,113
50,7,144
50,11,51
50,22,14
50,24,140
50,27,85
50,32,173
50,36,194
50,38,10
50,39,103
50,41,170
50,68,84
50,74,175
50,75,63
50,84,170
50,96,1
51,1,63
51,2,65
51,3,177
51,5,32
51,10,145
51,13,159
51,15,69
51,23,79
51,25,193
51,26,56
51,33,68
51,53,78
51,54,30
51,75,158
51,93,194
52,14,188
52,23,170
52,25,188
52,30,87
52,36,177
52,37,138
52,38,115
52,40,65
52,42,65
52,44,56
52,58,94
52,59,15
52,60,32
52,77,182
52,98,164
53,19,49
53,23,157
53,24,123
53,25,83
53,36,39
53,41,164
53,45,155
53,47,149
53,48,70
53,51,78
53,64,159
53,69,200
53,71,152
53,88,149
53,90,178
54,10,179
54,27,164
54,36,143
54,40,42
54,44,170
54,46,115
54,47,72
54,51,30
54,55,186
54,56,58
54,70,88
54,82,150
54,91,22
54,95,14
54,100,26
55,3,71
55,5,191
55,13,185
55,18,19
55,20,129
55,26,158
55,33,32
55,42,134
55,43,154
55,47,43
55,54,186
55,61,129
55,63,194
55,65,26
55,70,6
55,83,72
55,87,159
55,90,88
56,1,17
56,8,115
56,13,194
56,17,165
56,32,178
56,33,93
56,34,151
56,37,133
56,49,85
56,54,58
56,70,140
56,72,67
56,77,155
57,4,71
57,5,160
57,9,5
57,11,73
57,16,63
57,19,140
57,21,145
57,24,148
57,44,119
57,45,32
57,79,165
57,95,176
58,4,130
58,13,36
58,14,16
58,26,69
58,41,30
58,43,71
58,47,147
58,52,94
58,61,114
58,72,11
58,78,35
58,84,137
59,5,114
59,6,3
59,11,117
59,19,187
59,23,119
59,27,168
59,36,66
59,38,103
59,52,15
59,64,34
59,73,134
59,89,76
59,91,179
59,97,43
59,98,127
59,99,20
60,2,21
60,10,83
60,18,152
60,23,3
60,24,151
60,27,123
60,35,82
60,36,88
60,40,175
60,49,57
60,52,32
60,61,166
60,63,123
60,71,97
60,79,52
60,80,33
60,97,115
61,4,7
61,7,177
61,14,33
61,15,11
61,20,184
61,22,1
61,40,86
61,44,46
61,55,129
61,58,114
61,60,166
61,68,48
61,76,5
61,77,50
61,78,78
61,80,50
61,85,99
61,88,63
61,90,128
61,93,165
62,1,60
62,4,51
62,7,163
62,10,144
62,18,2
62,21,183
62,30,63
62,39,63
62,40,103
62,43,33
62,48,196
62,76,155
62,86,197
62,93,35
62,100,83
63,2,96
63,12,56
63,13,191
63,14,54
63,18,194
63,23,142
63,28,6
63,42,8
63,44,39
63,55,194
63,60,123
63,74,74
63,75,73
63,87,148
64,2,123
64,15,127
64,16,62
64,19,161
64,26,196
64,34,116
64,38,94
64,39,65
64,43,24
64,53,159
64,59,34
64,66,75
64,68,64
64,78,80
64,80,89
64,82,183
64,87,3
65,5,91
65,11,103
65,20,104
65,23,77
65,25,18
65,34,168
65,36,169
65,39,115
65,55,26
65,75,18
65,84,95
65,86,156
66,1,122
66,4,197
66,8,56
66,18,92
66,27,89
66,28,27
66,29,23
66,33,197
66,45,198
66,64,75
66,68,150
66,70,197
66,72,172
66,73,188
66,75,71
66,97,122
67,2,122
67,8,94
67,10,83
67,13,141
67,17,124
67,21,5
67,28,112
67,30,1
67,44,101
67,91,9
67,100,158
68,2,195
68,5,176
68,17,84
68,33,165
68,37,125
68,42,141
68,48,141
68,50,84
68,61,48
68,64,64
68,66,150
68,71,88
68,91,38
69,9,36
69,14,42
69,17,104
69,18,6
69,26,57
69,32,125
69,33,108
69,42,28
69,47,184
69,53,200
69,73,186
69,74,170
69,76,57
69,81,197
70,5,173
70,16,42
70,24,118
70,26,66
70,42,66
70,46,33
70,54,88
70,55,6
70,56,140
70,66,197
70,72,119
70,76,73
70,83,41
70,90,133
70,95,199
70,99,155
71,1,174
71,3,79
71,11,25
71,18,46
71,26,64
71,44,122
71,45,63
71,46,69
71,53,152
71,60,97
71,68,88
71,76,2
71,92,68
72,4,135
72,19,137
72,27,59
72,31,102
72,33,35
72,48,147
72,56,67
72,58,11
72,66,172
72,70,119
72,77,150
72,79,160
72,82,141
72,93,41
73,9,136
73,12,153
73,26,140
73,29,106
73,30,91
73,34,93
73,37,32
73,59,134
73,66,188
73,69,186
73,90,106
74,7,181
74,8,83
74,13,28
74,14,74
74,17,146
74,21,118
74,34,33
74,36,91
74,50,175
74,63,74
74,69,170
74,81,44
74,84,112
75,6,6
75,10,192
75,11,76
75,17,154
75,18,187
75,41,25
75,50,63
75,51,158
75,63,73
75,65,18
75,66,71
75,77,73
75,90,14
76,1,198
76,8,21
76,12,136
76,33,129
76,35,82
76,47,192
76,61,5
76,62,155
76,69,57
76,70,73
76,71,2
76,79,108
76,80,156
76,85,191
76,88,29
76,90,135
76,94,2
77,12,91
77,24,23
77,29,34
77,32,178
77,47,188
77,52,182
77,56,155
77,61,50
77,72,150
77,75,73
77,78,96
77,84,107
77,93,196
77,96,78
78,9,130
78,15,67
78,23,58
78,24,177
78,30,107
78,36,193
78,48,17
78,58,35
78,61,78
78,64,80
78,77,96
78,86,18
78,96,172
78,100,196
79,4,69
79,12,61
79,20,173
79,23,173
79,31,39
79,32,17
79,57,165
79,60,52
79,72,160
79,76,108
79,90,56
79,91,79
79,92,19
80,16,17
80,26,66
80,27,53
80,30,46
80,33,116
80,37,23
80,43,183
80,60,33
80,61,50
80,64,89
80,76,156
80,86,176
80,92,101
81,6,184
81,7,107
81,8,167
81,12,141
81,24,185
81,31,17
81,36,95
81,39,97
81,43,171
81,69,197
81,74,44
81,89,50
82,2,26
82,7,109
82,15,63
82,17,168
82,28,96
82,31,7
82,33,53
82,36,25
82,54,150
82,64,183
82,72,141
82,94,106
82,95,135
83,3,73
83,4,118
83,27,35
83,29,62
83,34,161
83,36,189
83,40,137
83,42,102
83,47,85
83,55,72
83,70,41
83,89,153
83,91,68
83,92,176
83,99,121
84,5,93
84,11,59
84,21,193
84,27,39
84,29,121
84,50,170
84,58,137
84,65,95
84,74,112
84,77,107
84,86,40
84,92,126
84,95,127
85,6,174
85,13,17
85,17,198
85,23,177
85,33,39
85,37,125
85,39,178
85,43,144
85,46,62
85,61,99
85,76,191
85,91,144
86,11,56
86,22,187
86,25,31
86,41,128
86,43,25
86,48,72
86,62,197
86,65,156
86,78,18
86,80,176
86,84,40
87,2,128
87,5,144
87,8,122
87,31,58
87,33,32
87,38,97
87,39,184
87,47,65
87,55,159
87,63,148
87,64,3
88,1,41
88,16,76
88,27,11
88,29,72
88,36,104
88,40,143
88,41,171
88,53,149
88,61,63
88,76,29
88,92,164
88,97,108
89,3,171
89,11,48
89,14,9
89,17,198
89,21,64
89,30,181
89,33,154
89,44,181
89,59,76
89,81,50
89,83,153
89,97,17
90,15,85
90,26,28
90,44,54
90,53,178
90,55,88
90,61,128
90,70,133
90,73,106
90,75,14
90,76,135
90,79,56
90,98,158
90,99,128
91,11,130
91,19,23
91,39,66
91,49,16
91,54,22
91,59,179
91,67,9
91,68,38
91,79,79
91,83,68
91,85,144
91,99,39
92,2,144
92,15,65
92,33,122
92,41,100
92,71,68
92,79,19
92,80,101
92,83,176
92,84,126
92,88,164
93,13,14
93,29,49
93,31,168
93,38,41
93,42,162
93,51,194
93,61,165
93,62,35
93,72,41
93,77,196
93,100,189
94,2,56
94,3,138
94,4,166
94,11,163
94,28,163
94,33,69
94,39,145
94,43,119
94,76,2
94,82,106
94,100,81
95,9,55
95,28,107
95,35,5
95,36,4
95,46,66
95,54,14
95,57,176
95,70,199
95,82,135
95,84,127
96,5,42
96,19,29
96,20,189
96,29,109
96,31,15
96,41,69
96,50,1
96,77,78
96,78,172
97,7,115
97,17,189
97,37,187
97,41,7
97,49,31
97,59,43
97,60,115
97,66,122
97,88,108
97,89,17
97,98,176
98,6,141
98,8,18
98,11,120
98,13,60
98,31,200
98,39,107
98,41,74
98,52,164
98,59,127
98,90,158
98,97,176
98,99,189
99,16,45
99,24,114
99,31,113
99,35,104
99,42,114
99,59,20
99,70,155
99,83,121
99,90,128
99,91,39
99,98,189
100,4,33
100,11,187
100,13,81
100,17,140
100,48,155
100,54,26
100,62,83
100,67,158
100,78,196
100,93,189
100,94,81
