source,target,weight
1,2,144
1,4,34
1,6,94
1,7,59
1,10,32
1,14,183
1,18,175
1,19,193
1,23,1
1,27,3
1,31,26
1,33,1
1,34,119
1,36,68
1,38,108
1,50,142
1,59,173
1,67,82
1,69,132
1,70,140
1,74,17
1,79,67
1,91,100
1,92,87
2,1,144
2,3,124
2,5,161
2,6,184
2,7,190
2,8,197
2,10,40
2,11,161
2,12,161
2,13,126
2,15,185
2,16,115
2,17,72
2,19,196
2,22,29
2,26,71
2,36,143
2,37,126
2,38,122
2,40,40
2,47,76
2,50,22
2,52,20
2,54,29
2,57,58
2,59,70
2,62,12
2,64,153
2,65,158
2,70,50
2,78,66
2,94,185
2,97,181
3,2,124
3,4,129
3,5,91
3,6,192
3,7,71
3,10,65
3,11,146
3,12,143
3,13,150
3,14,129
3,16,30
3,19,146
3,22,103
3,28,51
3,29,66
3,32,151
3,36,17
3,37,129
3,38,162
3,39,116
3,42,29
3,47,142
3,56,103
3,58,112
3,62,141
3,63,166
3,80,171
3,86,161
4,1,34
4,3,129
4,5,168
4,7,166
4,8,3
4,9,6
4,11,45
4,12,180
4,14,121
4,15,127
4,18,128
4,19,155
4,22,95
4,23,63
4,28,84
4,29,115
4,30,87
4,35,29
4,39,65
4,42,167
4,45,181
4,49,108
4,50,111
4,59,194
4,66,67
4,72,4
4,78,153
4,82,176
4,92,45
4,100,108
5,2,161
5,3,91
5,4,168
5,6,153
5,8,99
5,9,124
5,10,123
5,11,11
5,13,186
5,14,167
5,16,7
5,18,152
5,20,92
5,23,64
5,24,96
5,26,155
5,29,82
5,34,185
5,42,105
5,43,31
5,44,189
5,52,109
5,53,131
5,59,115
5,62,143
5,71,149
5,73,74
5,81,164
5,93,50
6,1,94
6,2,184
6,3,192
6,5,153
6,7,18
6,8,37
6,9,113
6,12,138
6,17,49
6,20,129
6,24,3
6,42,13
6,46,25
6,47,39
6,50,39
6,52,187
6,65,128
6,73,18
6,82,121
6,93,88
6,95,42
6,100,116
7,1,59
7,2,190
7,3,71
7,4,166
7,6,18
7,9,157
7,12,92
7,13,131
7,14,150
7,15,78
7,16,89
7,18,85
7,21,49
7,22,2
7,23,144
7,24,44
7,25,76
7,29,177
7,32,91
7,36,198
7,39,89
7,40,96
7,41,15
7,42,128
7,43,99
7,46,47
7,49,162
7,56,132
7,57,107
7,61,120
7,70,156
7,77,62
7,91,179
8,2,197
8,4,3
8,5,99
8,6,37
8,10,52
8,11,185
8,14,10
8,15,152
8,17,150
8,18,150
8,19,44
8,21,141
8,22,81
8,24,19
8,26,142
8,34,117
8,42,106
8,48,36
8,49,100
8,54,154
8,66,22
8,79,17
8,87,72
8,89,51
9,4,6
9,5,124
9,6,113
9,7,157
9,10,115
9,11,75
9,12,78
9,13,159
9,15,194
9,16,45
9,17,58
9,22,73
9,24,52
9,25,27
9,26,44
9,27,137
9,29,76
9,31,117
9,33,148
9,35,113
9,36,39
9,44,135
9,47,114
9,61,48
9,66,86
9,69,137
9,70,36
9,83,160
9,89,181
9,90,34
10,1,32
10,2,40
10,3,65
10,5,123
10,8,52
10,9,115
10,11,41
10,12,127
10,13,14
10,15,111
10,19,72
10,20,155
10,23,96
10,24,184
10,25,95
10,26,32
10,32,85
10,33,141
10,35,195
10,51,11
10,53,145
10,58,76
10,74,158
10,82,44
10,92,46
11,2,161
11,3,146
11,4,45
11,5,11
11,8,185
11,9,75
11,10,41
11,12,53
11,13,199
11,14,72
11,16,38
11,17,78
11,20,163
11,21,180
11,22,45
11,26,169
11,30,83
11,35,106
11,37,187
11,38,93
11,40,152
11,41,114
11,42,55
11,43,25
11,45,185
11,54,122
11,55,91
11,57,92
11,60,7
11,70,32
11,73,112
11,81,35
11,84,169
11,89,132
12,2,161
12,3,143
12,4,180
12,6,138
12,7,92
12,9,78
12,10,127
12,11,53
12,13,196
12,14,200
12,15,91
12,18,29
12,20,132
12,23,93
12,25,195
12,26,17
12,31,163
12,32,167
12,36,109
12,40,11
12,44,103
12,46,29
12,52,34
12,63,83
12,70,16
12,71,20
12,72,107
12,89,104
12,97,185
12,98,149
13,2,126
13,3,150
13,5,186
13,7,131
13,9,159
13,10,14
13,11,199
13,12,196
13,15,195
13,16,40
13,17,195
13,19,162
13,21,31
13,28,95
13,30,85
13,31,124
13,34,8
13,46,146
13,53,107
13,54,5
13,63,44
13,64,147
13,75,151
13,90,136
13,91,154
14,1,183
14,3,129
14,4,121
14,5,167
14,7,150
14,8,10
14,11,72
14,12,200
14,15,163
14,17,153
14,21,197
14,22,169
14,23,196
14,25,61
14,26,78
14,27,24
14,28,160
14,33,2
14,36,151
14,44,26
14,54,44
14,72,70
14,76,46
14,79,135
14,87,163
14,100,89
15,2,185
15,4,127
15,7,78
15,8,152
15,9,194
15,10,111
15,12,91
15,13,195
15,14,163
15,16,171
15,18,164
15,19,105
15,23,83
15,25,28
15,28,123
15,29,62
15,38,123
15,43,152
15,48,134
15,54,162
15,59,68
15,64,194
15,71,196
15,73,122
15,79,168
15,85,199
16,2,115
16,3,30
16,5,7
16,7,89
16,9,45
16,11,38
16,13,40
16,15,171
16,19,114
16,20,72
16,21,108
16,22,74
16,25,142
16,26,54
16,27,92
16,51,125
16,60,104
16,65,106
16,66,139
16,75,199
16,83,38
16,85,32
16,91,115
17,2,72
17,6,49
17,8,150
17,9,58
17,11,78
17,13,195
17,14,153
17,19,194
17,20,41
17,21,128
17,23,127
17,26,167
17,27,56
17,30,85
17,32,189
17,33,182
17,35,35
17,37,190
17,43,198
17,45,112
17,46,58
17,50,20
17,52,99
17,65,169
17,75,114
17,77,8
17,88,39
18,1,175
18,4,128
18,5,152
18,7,85
18,8,150
18,12,29
18,15,164
18,21,170
18,23,163
18,25,65
18,26,15
18,33,123
18,35,200
18,37,151
18,38,75
18,43,162
18,44,161
18,47,190
18,56,147
18,60,169
18,64,67
18,74,24
18,90,150
18,93,189
18,97,11
18,98,52
19,1,193
19,2,196
19,3,146
19,4,155
19,8,44
19,10,72
19,13,162
19,15,105
19,16,114
19,17,194
19,20,195
19,22,2
19,24,118
19,29,180
19,37,37
19,46,179
19,49,98
19,53,30
19,62,132
19,64,87
19,69,63
19,74,132
20,5,92
20,6,129
20,10,155
20,11,163
20,12,132
20,16,72
20,17,41
20,19,195
20,21,44
20,25,44
20,28,20
20,31,162
20,32,45
20,36,105
20,44,171
20,55,56
20,56,183
20,61,24
20,64,188
20,68,185
20,78,85
21,7,49
21,8,141
21,11,180
21,13,31
21,14,197
21,16,108
21,17,128
21,18,170
21,20,44
21,24,35
21,27,188
21,28,107
21,30,186
21,38,101
21,41,48
21,44,57
21,48,46
21,50,75
21,51,42
21,52,46
21,61,12
21,62,33
21,67,188
21,77,119
22,2,29
22,3,103
22,4,95
22,7,2
22,8,81
22,9,73
22,11,45
22,14,169
22,16,74
22,19,2
22,24,116
22,26,81
22,27,141
22,28,117
22,30,61
22,31,160
22,32,152
22,34,183
22,35,123
22,36,117
22,40,185
22,41,45
22,44,21
22,56,67
22,63,134
22,86,113
23,1,1
23,4,63
23,5,64
23,7,144
23,10,96
23,12,93
23,14,196
23,15,83
23,17,127
23,18,163
23,25,94
23,29,184
23,34,37
23,39,142
23,41,1
23,43,174
23,44,189
23,47,110
23,77,59
23,89,156
23,90,49
23,95,184
23,98,55
24,5,96
24,6,3
24,7,44
24,8,19
24,9,52
24,10,184
24,19,118
24,21,35
24,22,116
24,27,112
24,29,122
24,30,37
24,32,52
24,33,177
24,36,173
24,39,45
24,42,181
24,43,97
24,45,1
24,47,152
24,49,118
24,51,148
24,58,96
24,71,13
24,72,198
24,75,67
24,78,96
24,80,186
24,86,101
24,98,187
24,99,93
25,7,76
25,9,27
25,10,95
25,12,195
25,14,61
25,15,28
25,16,142
25,18,65
25,20,44
25,23,94
25,30,4
25,31,118
25,32,108
25,33,182
25,37,134
25,40,90
25,45,200
25,46,115
25,51,2
25,55,79
25,57,175
25,62,82
25,84,103
25,95,190
26,2,71
26,5,155
26,8,142
26,9,44
26,10,32
26,11,169
26,12,17
26,14,78
26,16,54
26,17,167
26,18,15
26,22,81
26,31,119
26,32,14
26,33,132
26,34,38
26,41,21
26,46,48
26,47,23
26,49,189
26,54,109
26,72,3
26,79,48
26,81,66
26,84,119
26,86,135
26,90,93
27,1,3
27,9,137
27,14,24
27,16,92
27,17,56
27,21,188
27,22,141
27,24,112
27,29,11
27,30,142
27,35,166
27,38,65
27,48,123
27,49,25
27,53,15
27,56,181
27,57,140
27,68,195
27,83,86
27,94,126
28,3,51
28,4,84
28,13,95
28,14,160
28,15,123
28,20,20
28,21,107
28,22,117
28,33,166
28,37,40
28,40,125
28,41,132
28,60,107
28,74,82
28,80,164
28,99,123
29,3,66
29,4,115
29,5,82
29,7,177
29,9,76
29,15,62
29,19,180
29,23,184
29,24,122
29,27,11
29,30,57
29,31,38
29,35,186
29,39,154
29,41,122
29,43,160
29,47,37
29,50,111
29,52,51
29,55,105
29,62,76
29,69,107
29,73,159
29,75,6
29,77,124
29,85,49
29,87,52
29,92,30
29,93,45
29,94,136
29,97,67
29,99,32
30,4,87
30,11,83
30,13,85
30,17,85
30,21,186
30,22,61
30,24,37
30,25,4
30,27,142
30,29,57
30,34,67
30,35,93
30,37,158
30,38,129
30,41,147
30,49,131
30,54,161
30,55,169
30,63,185
30,78,9
30,81,66
30,85,107
31,1,26
31,9,117
31,12,163
31,13,124
31,20,162
31,22,160
31,25,118
31,26,119
31,29,38
31,32,165
31,36,173
31,38,33
31,45,123
31,55,68
31,60,93
31,63,66
31,68,184
31,72,76
31,80,69
31,81,64
31,85,87
31,89,159
31,99,103
32,3,151
32,7,91
32,10,85
32,12,167
32,17,189
32,20,45
32,22,152
32,24,52
32,25,108
32,26,14
32,31,165
32,33,2
32,34,47
32,35,132
32,38,190
32,39,56
32,44,82
32,48,96
32,51,191
32,52,159
32,57,27
32,63,76
32,66,126
32,67,148
32,73,48
32,80,73
32,82,75
32,83,103
32,84,112
32,94,133
32,97,82
33,1,1
33,9,148
33,10,141
33,14,2
33,17,182
33,18,123
33,24,177
33,25,182
33,26,132
33,28,166
33,32,2
33,34,109
33,39,86
33,40,45
33,63,46
33,65,186
33,69,112
33,72,172
33,76,54
33,86,60
33,88,92
34,1,119
34,5,185
34,8,117
34,13,8
34,22,183
34,23,37
34,26,38
34,30,67
34,32,47
34,33,109
34,37,95
34,40,50
34,41,41
34,45,147
34,48,150
34,50,136
34,51,136
34,54,176
34,55,6
34,59,127
34,69,52
34,73,95
34,91,108
35,4,29
35,9,113
35,10,195
35,11,106
35,17,35
35,18,200
35,22,123
35,27,166
35,29,186
35,30,93
35,32,132
35,42,27
35,46,141
35,48,186
35,50,121
35,62,191
35,66,28
35,67,102
35,69,31
35,70,52
35,75,164
35,76,11
35,83,156
35,86,147
36,1,68
36,2,143
36,3,17
36,7,198
36,9,39
36,12,109
36,14,151
36,20,105
36,22,117
36,24,173
36,31,173
36,41,134
36,45,92
36,47,33
36,48,76
36,62,39
36,66,30
36,94,108
36,95,38
37,2,126
37,3,129
37,11,187
37,17,190
37,18,151
37,19,37
37,25,134
37,28,40
37,30,158
37,34,95
37,38,97
37,39,170
37,45,48
37,53,118
37,57,156
37,58,146
37,64,173
37,78,143
37,97,147
38,1,108
38,2,122
38,3,162
38,11,93
38,15,123
38,18,75
38,21,101
38,27,65
38,30,129
38,31,33
38,32,190
38,37,97
38,39,69
38,40,19
38,43,190
38,51,60
38,56,30
38,61,88
38,68,33
38,70,73
39,3,116
39,4,65
39,7,89
39,23,142
39,24,45
39,29,154
39,32,56
39,33,86
39,37,170
39,38,69
39,43,29
39,53,66
39,55,111
39,58,101
39,74,165
39,77,27
39,82,56
40,2,40
40,7,96
40,11,152
40,12,11
40,22,185
40,25,90
40,28,125
40,33,45
40,34,50
40,38,19
40,42,118
40,45,8
40,58,54
41,7,15
41,11,114
41,21,48
41,22,45
41,23,1
41,26,21
41,28,132
41,29,122
41,30,147
41,34,41
41,36,134
41,44,174
41,52,112
41,54,63
41,58,166
41,59,157
41,60,69
41,79,64
41,82,45
41,87,159
41,93,15
42,3,29
42,4,167
42,5,105
42,6,13
42,7,128
42,8,106
42,11,55
42,24,181
42,35,27
42,40,118
42,52,161
42,57,142
42,58,166
42,60,129
42,70,139
42,78,29
42,85,125
42,97,171
42,98,81
43,5,31
43,7,99
43,11,25
43,15,152
43,17,198
43,18,162
43,23,174
43,24,97
43,29,160
43,38,190
43,39,29
43,45,118
43,47,193
43,48,144
43,52,15
43,57,194
43,59,44
43,61,49
43,72,108
43,76,97
43,77,134
43,80,154
43,82,159
43,83,21
43,87,130
44,5,189
44,9,135
44,12,103
44,14,26
44,18,161
44,20,171
44,21,57
44,22,21
44,23,189
44,32,82
44,41,174
44,46,68
44,61,133
44,62,183
44,64,120
44,66,98
44,69,131
44,71,132
44,72,109
44,76,86
44,77,192
44,82,181
44,85,182
44,99,31
45,4,181
45,11,185
45,17,112
45,24,1
45,25,200
45,31,123
45,34,147
45,36,92
45,37,48
45,40,8
45,43,118
45,48,131
45,51,145
45,53,81
45,55,183
45,61,9
45,63,179
45,73,181
45,74,61
45,81,28
45,90,142
45,95,97
45,98,28
45,99,196
46,6,25
46,7,47
46,12,29
46,13,146
46,17,58
46,19,179
46,25,115
46,26,48
46,35,141
46,44,68
46,48,181
46,52,194
46,55,70
46,57,194
46,58,18
46,66,63
46,67,69
46,68,71
46,71,31
46,90,65
46,100,162
47,2,76
47,3,142
47,6,39
47,9,114
47,18,190
47,23,110
47,24,152
47,26,23
47,29,37
47,36,33
47,43,193
47,49,84
47,59,162
47,64,122
47,67,174
47,71,150
47,74,164
47,78,51
47,85,85
47,99,158
48,8,36
48,15,134
48,21,46
48,27,123
48,32,96
48,34,150
48,35,186
48,36,76
48,43,144
48,45,131
48,46,181
48,50,69
48,54,94
48,57,52
48,65,26
48,67,136
48,71,71
48,83,36
48,84,175
48,85,13
48,88,67
48,90,37
48,92,118
48,95,141
49,4,108
49,7,162
49,8,100
49,19,98
49,24,118
49,26,189
49,27,25
49,30,131
49,47,84
49,51,110
49,58,64
49,68,185
49,69,95
49,87,155
49,94,129
50,1,142
50,2,22
50,4,111
50,6,39
50,17,20
50,21,75
50,29,111
50,34,136
50,35,121
50,48,69
50,51,58
50,60,58
50,67,53
50,71,116
50,77,29
50,80,85
51,10,11
51,16,125
51,21,42
51,24,148
51,25,2
51,32,191
51,34,136
51,38,60
51,45,145
51,49,110
51,50,58
51,58,53
51,59,137
51,60,111
51,64,103
51,85,97
51,87,83
51,88,6
51,93,8
52,2,20
52,5,109
52,6,187
52,12,34
52,17,99
52,21,46
52,29,51
52,32,159
52,41,112
52,42,161
52,43,15
52,46,194
52,53,80
52,55,93
52,56,3
52,60,61
52,62,67
52,63,23
52,70,36
52,72,20
52,73,25
52,78,18
52,80,101
52,87,54
52,92,43
53,5,131
53,10,145
53,13,107
53,19,30
53,27,15
53,37,118
53,39,66
53,45,81
53,52,80
53,56,199
53,65,86
53,69,75
53,76,64
53,87,115
53,91,72
53,96,104
54,2,29
54,8,154
54,11,122
54,13,5
54,14,44
54,15,162
54,26,109
54,30,161
54,34,176
54,41,63
54,48,94
54,56,70
54,67,147
54,68,180
54,78,99
54,96,102
54,99,39
55,11,91
55,20,56
55,25,79
55,29,105
55,30,169
55,31,68
55,34,6
55,39,111
55,45,183
55,46,70
55,52,93
55,61,83
55,65,41
55,70,200
55,79,28
55,93,154
55,97,170
56,3,103
56,7,132
56,18,147
56,20,183
56,22,67
56,27,181
56,38,30
56,52,3
56,53,199
56,54,70
56,65,34
56,66,58
56,71,14
56,76,130
56,83,114
56,84,91
56,86,124
56,92,104
56,100,63
57,2,58
57,7,107
57,11,92
57,25,175
57,27,140
57,32,27
57,37,156
57,42,142
57,43,194
57,46,194
57,48,52
57,60,62
57,61,170
57,69,54
57,75,106
58,3,112
58,10,76
58,24,96
58,37,146
58,39,101
58,40,54
58,41,166
58,42,166
58,46,18
58,49,64
58,51,53
58,61,159
58,70,72
58,76,124
58,83,188
58,84,143
58,88,22
58,91,105
59,1,173
59,2,70
59,4,194
59,5,115
59,15,68
59,34,127
59,41,157
59,43,44
59,47,162
59,51,137
59,63,113
59,65,21
59,67,100
59,68,196
59,80,157
59,95,120
59,97,186
60,11,7
60,16,104
60,18,169
60,28,107
60,31,93
60,41,69
60,42,129
60,50,58
60,51,111
60,52,61
60,57,62
60,62,37
60,65,47
60,68,80
60,71,179
60,72,138
60,76,20
60,91,164
60,92,35
60,98,176
61,7,120
61,9,48
61,20,24
61,21,12
61,38,88
61,43,49
61,44,133
61,45,9
61,55,83
61,57,170
61,58,159
61,66,149
61,76,188
61,94,14
62,2,12
62,3,141
62,5,143
62,19,132
62,21,33
62,25,82
62,29,76
62,35,191
62,36,39
62,44,183
62,52,67
62,60,37
62,63,184
62,64,156
62,73,113
62,79,181
62,84,66
62,88,10
63,3,166
63,12,83
63,13,44
63,22,134
63,30,185
63,31,66
63,32,76
63,33,46
63,45,179
63,52,23
63,59,113
63,62,184
63,64,50
63,74,107
63,78,145
63,80,184
63,81,33
63,84,105
63,86,134
63,93,134
64,2,153
64,13,147
64,15,194
64,18,67
64,19,87
64,20,188
64,37,173
64,44,120
64,47,122
64,51,103
64,62,156
64,63,50
64,65,22
64,72,71
64,74,53
64,75,170
64,83,103
64,86,197
64,92,86
65,2,158
65,6,128
65,16,106
65,17,169
65,33,186
65,48,26
65,53,86
65,55,41
65,56,34
65,59,21
65,60,47
65,64,22
65,67,107
65,75,56
65,79,166
65,84,73
65,88,51
65,89,199
65,93,174
66,4,67
66,8,22
66,9,86
66,16,139
66,32,126
66,35,28
66,36,30
66,44,98
66,46,63
66,56,58
66,61,149
66,71,53
66,74,101
66,78,171
66,79,130
66,82,68
66,88,170
66,98,139
67,1,82
67,21,188
67,32,148
67,35,102
67,46,69
67,47,174
67,48,136
67,50,53
67,54,147
67,59,100
67,65,107
67,73,159
67,79,74
67,90,149
67,100,155
68,20,185
68,27,195
68,31,184
68,38,33
68,46,71
68,49,185
68,54,180
68,59,196
68,60,80
68,69,94
68,84,15
68,89,27
68,90,134
68,91,131
69,1,132
69,9,137
69,19,63
69,29,107
69,33,112
69,34,52
69,35,31
69,44,131
69,49,95
69,53,75
69,57,54
69,68,94
69,81,29
69,91,117
69,92,67
69,97,90
70,1,140
70,2,50
70,7,156
70,9,36
70,11,32
70,12,16
70,35,52
70,38,73
70,42,139
70,52,36
70,55,200
70,58,72
70,73,19
70,76,44
70,88,60
71,5,149
71,12,20
71,15,196
71,24,13
71,44,132
71,46,31
71,47,150
71,48,71
71,50,116
71,56,14
71,60,179
71,66,53
71,75,150
71,77,12
71,91,26
71,94,44
71,96,167
71,98,144
71,100,38
72,4,4
72,12,107
72,14,70
72,24,198
72,26,3
72,31,76
72,33,172
72,43,108
72,44,109
72,52,20
72,60,138
72,64,71
72,75,32
73,5,74
73,6,18
73,11,112
73,15,122
73,29,159
73,32,48
73,34,95
73,45,181
73,52,25
73,62,113
73,67,159
73,70,19
73,77,151
73,81,74
73,86,160
74,1,17
74,10,158
74,18,24
74,19,132
74,28,82
74,39,165
74,45,61
74,47,164
74,63,107
74,64,53
74,66,101
74,86,117
75,13,151
75,16,199
75,17,114
75,24,67
75,29,6
75,35,164
75,57,106
75,64,170
75,65,56
75,71,150
75,72,32
75,80,184
75,86,167
75,90,189
75,96,146
75,100,186
76,14,46
76,33,54
76,35,11
76,43,97
76,44,86
76,53,64
76,56,130
76,58,124
76,60,20
76,61,188
76,70,44
76,83,129
76,96,144
77,7,62
77,17,8
77,21,119
77,23,59
77,29,124
77,39,27
77,43,134
77,44,192
77,50,29
77,71,12
77,73,151
77,81,108
77,89,189
77,96,133
78,2,66
78,4,153
78,20,85
78,24,96
78,30,9
78,37,143
78,42,29
78,47,51
78,52,18
78,54,99
78,63,145
78,66,171
78,81,39
78,85,89
78,92,191
78,95,39
79,1,67
79,8,17
79,14,135
79,15,168
79,26,48
79,41,64
79,55,28
79,62,181
79,65,166
79,66,130
79,67,74
79,94,107
79,96,75
80,3,171
80,24,186
80,28,164
80,31,69
80,32,73
80,43,154
80,50,85
80,52,101
80,59,157
80,63,184
80,75,184
80,93,111
81,5,164
81,11,35
81,26,66
81,30,66
81,31,64
81,45,28
81,63,33
81,69,29
81,73,74
81,77,108
81,78,39
81,95,46
81,98,140
82,4,176
82,6,121
82,10,44
82,32,75
82,39,56
82,41,45
82,43,159
82,44,181
82,66,68
82,83,174
82,89,158
82,94,174
82,100,11
83,9,160
83,16,38
83,27,86
83,32,103
83,35,156
83,43,21
83,48,36
83,56,114
83,58,188
83,64,103
83,76,129
83,82,174
84,11,169
84,25,103
84,26,119
84,32,112
84,48,175
84,56,91
84,58,143
84,62,66
84,63,105
84,65,73
84,68,15
84,87,59
84,88,200
84,99,97
85,15,199
85,16,32
85,29,49
85,30,107
85,31,87
85,42,125
85,44,182
85,47,85
85,48,13
85,51,97
85,78,89
86,3,161
86,22,113
86,24,101
86,26,135
86,33,60
86,35,147
86,56,124
86,63,134
86,64,197
86,73,160
86,74,117
86,75,167
86,89,141
86,98,80
86,100,4
87,8,72
87,14,163
87,29,52
87,41,159
87,43,130
87,49,155
87,51,83
87,52,54
87,53,115
87,84,59
87,92,147
87,99,66
88,17,39
88,33,92
88,48,67
88,51,6
88,58,22
88,62,10
88,65,51
88,66,170
88,70,60
88,84,200
88,90,9
88,95,12
89,8,51
89,9,181
89,11,132
89,12,104
89,23,156
89,31,159
89,65,199
89,68,27
89,77,189
89,82,158
89,86,141
89,93,143
90,9,34
90,13,136
90,18,150
90,23,49
90,26,93
90,45,142
90,46,65
90,48,37
90,67,149
90,68,134
90,75,189
90,88,9
90,93,169
90,96,185
91,1,100
91,7,179
91,13,154
91,16,115
91,34,108
91,53,72
91,58,105
91,60,164
91,68,131
91,69,117
91,71,26
91,99,87
92,1,87
92,4,45
92,10,46
92,29,30
92,48,118
92,52,43
92,56,104
92,60,35
92,64,86
92,69,67
92,78,191
92,87,147
92,96,188
93,5,50
93,6,88
93,18,189
93,29,45
93,41,15
93,51,8
93,55,154
93,63,134
93,65,174
93,80,111
93,89,143
93,90,169
94,2,185
94,27,126
94,29,136
94,32,133
94,36,108
94,49,129
94,61,14
94,71,44
94,79,107
94,82,174
94,96,106
94,98,50
94,100,6
95,6,42
95,23,184
95,25,190
95,36,38
95,45,97
95,48,141
95,59,120
95,78,39
95,81,46
95,88,12
95,97,54
96,53,104
96,54,102
96,71,167
96,75,146
96,76,144
96,77,133
96,79,75
96,90,185
96,92,188
96,94,106
97,2,181
97,12,185
97,18,11
97,29,67
97,32,82
97,37,147
97,42,171
97,55,170
97,59,186
97,69,90
97,95,54
98,12,149
98,18,52
98,23,55
98,24,187
98,42,81
98,45,28
98,60,176
98,66,139
98,71,144
98,81,140
98,86,80
98,94,50
99,24,93
99,28,123
99,29,32
99,31,103
99,44,31
99,45,196
99,47,158
99,54,39
99,84,97
99,87,66
99,91,87
100,4,108
100,6,116
100,14,89
100,46,162
100,56,63
100,67,155
100,71,38
100,75,186
100,82,11
100,86,4
100,94,6
