source,target,weight
1,2,163
1,3,179
1,4,156
1,5,156
1,7,92
1,9,26
1,10,126
1,12,151
1,14,88
1,16,6
1,20,106
1,22,187
1,24,194
1,35,13
1,39,28
1,43,81
1,53,59
1,56,21
1,75,162
1,77,117
1,99,97
2,1,163
2,3,58
2,4,184
2,5,45
2,6,196
2,8,84
2,9,27
2,10,173
2,15,15
2,22,129
2,28,122
2,31,106
2,32,66
2,45,197
2,51,94
2,67,35
2,69,40
2,81,99
2,85,119
3,1,179
3,2,58
3,4,102
3,5,128
3,6,33
3,7,69
3,8,81
3,17,181
3,20,44
3,21,172
3,22,100
3,30,189
3,50,197
3,78,65
4,1,156
4,2,184
4,3,102
4,5,11
4,6,104
4,7,184
4,11,150
4,15,46
4,16,93
4,17,196
4,22,97
4,25,46
4,29,122
4,32,159
4,36,195
4,57,6
4,65,189
4,72,75
5,1,156
5,2,45
5,3,128
5,4,11
5,6,85
5,8,112
5,9,182
5,10,24
5,11,129
5,12,170
5,17,99
5,18,189
5,19,149
5,20,140
5,40,188
5,57,150
5,63,152
5,67,156
5,70,165
5,86,1
5,97,12
6,2,196
6,3,33
6,4,104
6,5,85
6,7,41
6,8,120
6,9,29
6,26,171
6,28,73
6,29,185
6,31,18
6,40,148
6,45,74
6,58,189
6,82,127
7,1,92
7,3,69
7,4,184
7,6,41
7,8,28
7,11,129
7,12,90
7,13,97
7,20,60
7,21,27
7,24,20
7,27,157
7,28,3
7,33,133
7,53,37
7,79,52
8,2,84
8,3,81
8,5,112
8,6,120
8,7,28
8,14,154
8,15,54
8,16,23
8,18,90
8,24,173
8,25,170
8,27,157
8,74,52
8,90,116
9,1,26
9,2,27
9,5,182
9,6,29
9,10,102
9,11,112
9,17,36
9,19,108
9,23,79
9,40,104
9,66,95
9,77,136
9,85,38
9,88,191
10,1,126
10,2,173
10,5,24
10,9,102
10,12,124
10,13,79
10,14,29
10,15,156
10,16,178
10,17,152
10,18,118
10,26,40
10,43,86
10,54,149
10,68,9
10,81,64
10,87,98
11,4,150
11,5,129
11,7,129
11,9,112
11,12,146
11,13,146
11,14,144
11,16,191
11,18,144
11,19,174
11,21,182
11,23,8
11,27,199
11,30,132
11,35,99
11,52,182
11,58,74
11,68,132
11,74,53
11,75,1
11,81,147
11,95,150
12,1,151
12,5,170
12,7,90
12,10,124
12,11,146
12,13,26
12,14,179
12,18,134
12,34,49
12,53,184
12,59,3
12,87,26
13,7,97
13,10,79
13,11,146
13,12,26
13,20,45
13,31,39
13,38,62
13,43,77
14,1,88
14,8,154
14,10,29
14,11,144
14,12,179
14,26,40
14,40,71
14,48,148
14,53,43
14,60,172
14,75,26
14,78,119
14,89,137
14,96,70
15,2,15
15,4,46
15,8,54
15,10,156
15,19,62
15,23,64
15,33,188
15,34,181
15,41,117
15,42,102
15,50,101
15,56,135
15,62,5
15,84,103
16,1,6
16,4,93
16,8,23
16,10,178
16,11,191
16,30,178
16,33,95
16,60,76
16,65,11
16,66,87
16,67,30
16,83,189
16,91,56
17,3,181
17,4,196
17,5,99
17,9,36
17,10,152
17,24,91
17,25,148
17,29,34
17,40,45
17,42,126
17,49,149
17,55,152
17,57,4
17,65,71
17,76,81
17,81,173
17,83,101
17,92,178
17,100,108
18,5,189
18,8,90
18,10,118
18,11,144
18,12,134
18,21,65
18,23,177
18,45,122
18,60,106
18,75,72
19,5,149
19,9,108
19,11,174
19,15,62
19,21,97
19,27,42
19,35,74
19,36,1
19,45,164
19,51,1
19,52,3
19,61,114
19,98,184
20,1,106
20,3,44
20,5,140
20,7,60
20,13,45
20,22,166
20,23,61
20,26,88
20,29,26
20,30,36
20,33,12
20,36,71
20,37,45
20,38,78
20,41,14
20,46,13
20,56,195
20,67,48
20,70,153
21,3,172
21,7,27
21,11,182
21,18,65
21,19,97
21,27,64
21,48,98
21,54,106
21,73,90
21,76,119
21,86,5
21,93,158
21,95,53
22,1,187
22,2,129
22,3,100
22,4,97
22,20,166
22,31,64
22,35,57
22,37,100
22,44,192
22,48,171
22,50,161
22,55,121
22,64,80
22,69,143
23,9,79
23,11,8
23,15,64
23,18,177
23,20,61
23,25,142
23,32,184
23,39,43
23,47,99
23,58,23
23,74,19
23,84,109
23,95,103
23,98,169
24,1,194
24,7,20
24,8,173
24,17,91
24,26,90
24,28,156
24,41,54
24,49,19
24,58,112
24,67,106
24,94,42
24,98,128
25,4,46
25,8,170
25,17,148
25,23,142
25,34,138
25,38,123
26,6,171
26,10,40
26,14,40
26,20,88
26,24,90
26,28,138
26,59,49
26,65,99
26,82,19
26,85,87
27,7,157
27,8,157
27,11,199
27,19,42
27,21,64
27,37,4
27,39,121
27,52,63
27,64,28
27,77,58
27,82,89
27,100,41
28,2,122
28,6,73
28,7,3
28,24,156
28,26,138
28,29,40
28,32,39
28,36,134
28,38,92
28,49,135
28,56,71
28,62,44
29,4,122
29,6,185
29,17,34
29,20,26
29,28,40
29,47,2
29,50,127
29,88,18
30,3,189
30,11,132
30,16,178
30,20,36
30,31,87
30,34,118
30,38,135
30,39,61
30,44,140
30,79,90
30,86,49
31,2,106
31,6,18
31,13,39
31,22,64
31,30,87
31,32,100
31,33,65
31,37,114
31,42,114
31,46,47
31,47,147
31,71,53
31,94,52
31,97,120
32,2,66
32,4,159
32,23,184
32,28,39
32,31,100
32,34,182
32,61,107
32,63,133
33,7,133
33,15,188
33,16,95
33,20,12
33,31,65
33,37,4
33,41,192
33,44,98
33,49,63
33,54,84
33,55,190
33,68,81
33,84,185
33,85,79
33,99,117
34,12,49
34,15,181
34,25,138
34,30,118
34,32,182
34,35,6
34,39,79
34,42,107
34,48,86
34,51,159
34,62,71
34,71,14
34,73,87
34,84,89
35,1,13
35,11,99
35,19,74
35,22,57
35,34,6
35,77,138
36,4,195
36,19,1
36,20,71
36,28,134
36,71,50
36,76,8
36,90,141
36,91,33
37,20,45
37,22,100
37,27,4
37,31,114
37,33,4
37,45,166
37,74,90
38,13,62
38,20,78
38,25,123
38,28,92
38,30,135
38,46,174
38,47,170
38,52,147
38,60,73
38,78,181
39,1,28
39,23,43
39,27,121
39,30,61
39,34,79
39,43,16
39,51,31
39,71,100
39,79,174
40,5,188
40,6,148
40,9,104
40,14,71
40,17,45
40,41,159
40,56,3
41,15,117
41,20,14
41,24,54
41,33,192
41,40,159
41,46,187
41,54,156
41,55,109
41,74,60
41,83,40
41,96,122
42,15,102
42,17,126
42,31,114
42,34,107
42,44,66
42,47,161
42,49,163
42,75,130
42,80,19
43,1,81
43,10,86
43,13,77
43,39,16
43,44,38
43,59,166
43,69,153
43,79,65
44,22,192
44,30,140
44,33,98
44,42,66
44,43,38
44,89,33
44,93,162
44,94,9
45,2,197
45,6,74
45,18,122
45,19,164
45,37,166
45,66,80
45,84,146
45,91,50
46,20,13
46,31,47
46,38,174
46,41,187
46,51,191
46,66,82
46,70,92
47,23,99
47,29,2
47,31,147
47,38,170
47,42,161
47,48,80
47,52,7
47,59,189
47,63,40
47,72,145
47,81,182
47,86,51
47,87,143
48,14,148
48,21,98
48,22,171
48,34,86
48,47,80
48,73,77
48,88,110
49,17,149
49,24,19
49,28,135
49,33,63
49,42,163
49,50,165
49,54,47
49,57,92
49,78,123
49,80,86
49,93,125
50,3,197
50,15,101
50,22,161
50,29,127
50,49,165
50,61,199
51,2,94
51,19,1
51,34,159
51,39,31
51,46,191
51,61,166
51,62,62
51,77,185
51,91,3
52,11,182
52,19,3
52,27,63
52,38,147
52,47,7
52,65,100
52,86,187
53,1,59
53,7,37
53,12,184
53,14,43
53,55,191
53,59,120
53,68,185
54,10,149
54,21,106
54,33,84
54,41,156
54,49,47
54,57,119
54,64,32
54,68,9
54,98,95
55,17,152
55,22,121
55,33,190
55,41,109
55,53,191
56,1,21
56,15,135
56,20,195
56,28,71
56,40,3
56,58,102
56,93,163
57,4,6
57,5,150
57,17,4
57,49,92
57,54,119
57,62,131
57,64,121
58,6,189
58,11,74
58,23,23
58,24,112
58,56,102
59,12,3
59,26,49
59,43,166
59,47,189
59,53,120
59,94,13
59,97,169
60,14,172
60,16,76
60,18,106
60,38,73
60,70,150
60,72,55
60,73,183
60,76,118
61,19,114
61,32,107
61,50,199
61,51,166
61,82,193
62,15,5
62,28,44
62,34,71
62,51,62
62,57,131
62,87,10
63,5,152
63,32,133
63,47,40
63,66,194
63,69,196
63,88,182
64,22,80
64,27,28
64,54,32
64,57,121
64,95,191
65,4,189
65,16,11
65,17,71
65,26,99
65,52,100
65,72,156
65,80,28
65,89,55
66,9,95
66,16,87
66,45,80
66,46,82
66,63,194
66,95,88
67,2,35
67,5,156
67,16,30
67,20,48
67,24,106
67,72,165
67,76,139
67,90,175
68,10,9
68,11,132
68,33,81
68,53,185
68,54,9
69,2,40
69,22,143
69,43,153
69,63,196
69,71,175
69,96,123
69,100,26
70,5,165
70,20,153
70,46,92
70,60,150
70,78,167
70,100,76
71,31,53
71,34,14
71,36,50
71,39,100
71,69,175
71,73,102
71,83,124
71,89,27
71,99,77
72,4,75
72,47,145
72,60,55
72,65,156
72,67,165
73,21,90
73,34,87
73,48,77
73,60,183
73,71,102
73,80,151
73,90,94
74,8,52
74,11,53
74,23,19
74,37,90
74,41,60
74,87,174
74,99,111
75,1,162
75,11,1
75,14,26
75,18,72
75,42,130
76,17,81
76,21,119
76,36,8
76,60,118
76,67,139
76,80,157
76,83,135
76,85,114
76,90,37
77,1,117
77,9,136
77,27,58
77,35,138
77,51,185
77,79,194
77,89,73
78,3,65
78,14,119
78,38,181
78,49,123
78,70,167
79,7,52
79,30,90
79,39,174
79,43,65
79,77,194
79,91,168
80,42,19
80,49,86
80,65,28
80,73,151
80,76,157
81,2,99
81,10,64
81,11,147
81,17,173
81,47,182
81,82,137
82,6,127
82,26,19
82,27,89
82,61,193
82,81,137
82,92,8
83,16,189
83,17,101
83,41,40
83,71,124
83,76,135
83,94,47
83,100,148
84,15,103
84,23,109
84,33,185
84,34,89
84,45,146
84,88,43
84,92,2
85,2,119
85,9,38
85,26,87
85,33,79
85,76,114
86,5,1
86,21,5
86,30,49
86,47,51
86,52,187
87,10,98
87,12,26
87,47,143
87,62,10
87,74,174
88,9,191
88,29,18
88,48,110
88,63,182
88,84,43
88,92,30
89,14,137
89,44,33
89,65,55
89,71,27
89,77,73
89,96,50
89,97,121
90,8,116
90,36,141
90,67,175
90,73,94
90,76,37
90,97,143
91,16,56
91,36,33
91,45,50
91,51,3
91,79,168
91,92,182
91,99,70
92,17,178
92,82,8
92,84,2
92,88,30
92,91,182
93,21,158
93,44,162
93,49,125
93,56,163
94,24,42
94,31,52
94,44,9
94,59,13
94,83,47
95,11,150
95,21,53
95,23,103
95,64,191
95,66,88
96,14,70
96,41,122
96,69,123
96,89,50
97,5,12
97,31,120
97,59,169
97,89,121
97,90,143
97,98,38
98,19,184
98,23,169
98,24,128
98,54,95
98,97,38
99,1,97
99,33,117
99,71,77
99,74,111
99,91,70
100,17,108
100,27,41
100,69,26
100,70,76
100,83,148
