source,target,weight
1,2,133
1,4,139
1,5,8
1,6,183
1,7,134
1,10,186
1,11,108
1,12,15
1,23,174
1,25,178
1,27,129
1,28,194
1,33,101
1,42,24
1,44,189
1,50,150
1,68,20
1,75,104
1,79,34
1,94,43
2,1,133
2,3,75
2,5,137
2,6,56
2,7,131
2,8,69
2,9,47
2,13,32
2,14,77
2,23,69
2,24,115
2,34,113
2,41,191
2,42,123
2,45,139
2,48,200
2,56,96
2,69,141
2,79,129
2,92,4
3,2,75
3,4,26
3,5,21
3,6,112
3,7,39
3,9,75
3,10,129
3,11,88
3,17,134
3,19,83
3,20,178
3,21,83
3,31,181
3,38,79
3,40,57
3,47,64
3,55,11
3,70,56
3,78,178
3,90,103
4,1,139
4,3,26
4,5,144
4,6,68
4,8,35
4,11,181
4,12,73
4,13,86
4,14,3
4,16,67
4,18,40
4,20,97
4,22,155
4,23,156
4,29,89
4,32,23
4,41,90
4,47,69
4,51,41
4,55,29
4,58,30
4,66,150
4,96,188
5,1,8
5,2,137
5,3,21
5,4,144
5,7,164
5,8,19
5,9,80
5,11,63
5,13,144
5,14,43
5,15,177
5,17,157
5,20,191
5,27,19
5,28,182
5,30,109
5,44,179
5,52,192
5,54,37
5,55,38
5,57,29
5,58,154
5,60,4
5,69,65
5,84,112
5,87,38
5,91,26
6,1,183
6,2,56
6,3,112
6,4,68
6,7,19
6,8,5
6,9,12
6,11,24
6,12,41
6,13,31
6,14,79
6,16,117
6,19,39
6,22,121
6,24,117
6,27,186
6,30,194
6,34,19
6,37,132
6,44,9
6,53,38
6,64,130
6,71,131
6,76,86
6,86,66
7,1,134
7,2,131
7,3,39
7,5,164
7,6,19
7,8,141
7,9,199
7,10,64
7,12,117
7,14,190
7,15,163
7,19,127
7,20,190
7,21,27
7,22,69
7,23,196
7,25,156
7,28,17
7,31,26
7,32,68
7,35,71
7,45,189
7,56,188
7,64,177
7,75,102
7,76,26
7,85,35
7,99,151
8,2,69
8,4,35
8,5,19
8,6,5
8,7,141
8,9,113
8,12,63
8,16,194
8,17,25
8,18,161
8,19,199
8,20,164
8,32,13
8,35,27
8,36,126
8,38,125
8,39,148
8,45,15
8,48,14
8,63,77
8,87,110
9,2,47
9,3,75
9,5,80
9,6,12
9,7,199
9,8,113
9,10,164
9,12,161
9,13,172
9,15,11
9,16,45
9,18,39
9,20,52
9,21,167
9,26,8
9,28,132
9,63,20
9,66,175
9,80,35
9,95,98
10,1,186
10,3,129
10,7,64
10,9,164
10,11,173
10,15,76
10,25,120
10,29,26
10,30,145
10,36,85
10,39,181
10,48,14
10,49,164
10,53,183
10,55,89
10,77,60
10,81,85
10,98,172
11,1,108
11,3,88
11,4,181
11,5,63
11,6,24
11,10,173
11,15,128
11,16,80
11,18,62
11,19,186
11,21,119
11,26,3
11,31,52
11,33,152
11,52,171
11,61,162
11,89,178
11,93,73
11,95,74
12,1,15
12,4,73
12,6,41
12,7,117
12,8,63
12,9,161
12,13,21
12,19,45
12,22,192
12,23,180
12,32,25
12,40,186
12,42,68
12,48,134
12,51,5
12,54,190
12,71,122
12,78,109
12,91,117
13,2,32
13,4,86
13,5,144
13,6,31
13,9,172
13,12,21
13,19,91
13,25,97
13,26,106
13,27,133
13,28,69
13,35,12
13,37,146
13,38,17
13,43,116
13,48,66
13,54,66
13,57,56
13,67,99
13,85,37
13,91,13
13,94,125
14,2,77
14,4,3
14,5,43
14,6,79
14,7,190
14,16,125
14,26,15
14,34,59
14,95,118
15,5,177
15,7,163
15,9,11
15,10,76
15,11,128
15,22,19
15,23,6
15,33,70
15,39,119
15,50,49
15,57,29
15,73,17
15,82,131
15,100,89
16,4,67
16,6,117
16,8,194
16,9,45
16,11,80
16,14,125
16,17,103
16,18,42
16,21,120
16,24,57
16,30,9
16,32,182
16,33,14
16,35,72
16,40,20
16,44,12
16,51,38
16,52,176
16,57,80
16,72,193
16,83,73
16,98,30
17,3,134
17,5,157
17,8,25
17,16,103
17,27,77
17,33,179
17,36,20
17,37,24
17,39,159
17,70,37
17,84,101
17,99,20
17,100,68
18,4,40
18,8,161
18,9,39
18,11,62
18,16,42
18,22,84
18,24,31
18,28,69
18,29,105
18,36,38
18,38,29
18,41,135
18,50,167
18,53,53
18,63,148
18,66,55
18,79,200
18,80,56
18,82,39
18,88,108
19,3,83
19,6,39
19,7,127
19,8,199
19,11,186
19,12,45
19,13,91
19,24,70
19,26,49
19,37,38
19,40,59
19,46,131
19,54,125
19,55,124
19,60,139
19,67,48
19,88,97
19,90,98
19,91,19
19,100,50
20,3,178
20,4,97
20,5,191
20,7,190
20,8,164
20,9,52
20,23,169
20,25,75
20,43,121
20,65,40
20,66,41
20,76,71
20,88,173
21,3,83
21,7,27
21,9,167
21,11,119
21,16,120
21,22,7
21,25,144
21,26,33
21,30,75
21,35,63
21,41,49
21,45,156
21,49,143
21,52,139
21,56,59
21,62,124
21,65,72
21,86,195
22,4,155
22,6,121
22,7,69
22,12,192
22,15,19
22,18,84
22,21,7
22,24,56
22,29,113
22,31,137
22,36,164
22,40,36
22,43,155
22,56,168
22,57,166
22,59,45
22,64,120
23,1,174
23,2,69
23,4,156
23,7,196
23,12,180
23,15,6
23,20,169
23,29,104
23,30,179
23,34,122
23,35,20
23,43,92
23,47,199
23,51,107
23,65,194
23,75,129
23,78,66
23,91,14
24,2,115
24,6,117
24,16,57
24,18,31
24,19,70
24,22,56
24,35,48
24,36,107
24,42,80
24,44,198
24,57,21
24,61,59
24,67,151
24,80,18
24,81,157
24,89,3
25,1,178
25,7,156
25,10,120
25,13,97
25,20,75
25,21,144
25,27,119
25,38,171
25,43,188
25,52,165
25,74,16
25,79,2
25,88,65
26,9,8
26,11,3
26,13,106
26,14,15
26,19,49
26,21,33
26,27,50
26,33,123
26,40,31
26,42,178
26,54,58
26,66,55
26,82,136
26,86,135
27,1,129
27,5,19
27,6,186
27,13,133
27,17,77
27,25,119
27,26,50
27,28,66
27,29,76
27,31,194
27,32,59
27,41,141
27,44,57
27,50,170
27,51,169
27,53,199
27,70,102
27,72,55
28,1,194
28,5,182
28,7,17
28,9,132
28,13,69
28,18,69
28,27,66
28,34,63
28,39,13
28,59,164
28,64,34
28,72,177
28,88,111
28,100,172
29,4,89
29,10,26
29,18,105
29,22,113
29,23,104
29,27,76
29,42,52
29,43,191
29,47,23
29,52,20
29,66,19
29,69,150
29,74,136
30,5,109
30,6,194
30,10,145
30,16,9
30,21,75
30,23,179
30,31,38
30,33,92
30,36,135
30,37,157
30,63,119
30,68,148
30,69,4
30,72,154
30,93,48
31,3,181
31,7,26
31,11,52
31,22,137
31,27,194
31,30,38
31,46,195
31,50,138
31,59,24
31,62,37
31,85,137
31,96,138
32,4,23
32,7,68
32,8,13
32,12,25
32,16,182
32,27,59
32,34,20
32,61,140
32,81,105
33,1,101
33,11,152
33,15,70
33,16,14
33,17,179
33,26,123
33,30,92
33,37,41
33,38,8
33,41,57
33,72,148
33,74,17
33,97,157
34,2,113
34,6,19
34,14,59
34,23,122
34,28,63
34,32,20
34,37,192
34,51,88
34,61,68
34,62,144
34,63,87
34,76,172
34,93,161
34,100,200
35,7,71
35,8,27
35,13,12
35,16,72
35,21,63
35,23,20
35,24,48
35,41,86
35,44,50
35,52,190
35,61,68
35,64,130
35,65,177
35,68,120
35,79,38
35,82,118
35,84,87
35,89,102
36,8,126
36,10,85
36,17,20
36,18,38
36,22,164
36,24,107
36,30,135
36,49,142
36,61,96
36,70,114
36,71,111
36,87,185
36,96,52
37,6,132
37,13,146
37,17,24
37,19,38
37,30,157
37,33,41
37,34,192
37,46,173
37,75,148
37,83,140
38,3,79
38,8,125
38,13,17
38,18,29
38,25,171
38,33,8
38,46,189
38,47,16
38,71,138
39,8,148
39,10,181
39,15,119
39,17,159
39,28,13
39,74,42
40,3,57
40,12,186
40,16,20
40,19,59
40,22,36
40,26,31
40,45,40
40,49,79
40,68,191
40,76,154
40,84,7
40,96,51
41,2,191
41,4,90
41,18,135
41,21,49
41,27,141
41,33,57
41,35,86
41,42,28
41,50,88
41,53,81
41,55,185
41,60,35
41,62,66
41,74,180
41,78,8
42,1,24
42,2,123
42,12,68
42,24,80
42,26,178
42,29,52
42,41,28
42,53,185
42,56,67
42,58,189
42,63,13
42,87,77
43,13,116
43,20,121
43,22,155
43,23,92
43,25,188
43,29,191
43,45,164
43,47,174
43,48,29
43,49,41
43,54,127
43,60,104
43,64,184
43,77,111
43,95,65
44,1,189
44,5,179
44,6,9
44,16,12
44,24,198
44,27,57
44,35,50
45,2,139
45,7,189
45,8,15
45,21,156
45,40,40
45,43,164
45,46,13
45,49,54
45,58,88
45,59,17
45,68,32
45,80,58
45,82,44
46,19,131
46,31,195
46,37,173
46,38,189
46,45,13
46,54,38
46,68,7
46,71,195
46,75,136
46,76,197
46,90,189
47,3,64
47,4,69
47,23,199
47,29,23
47,38,16
47,43,174
47,50,140
47,60,78
47,83,48
47,86,90
47,97,14
48,2,200
48,8,14
48,10,14
48,12,134
48,13,66
48,43,29
48,57,172
48,65,145
48,81,166
48,93,41
49,10,164
49,21,143
49,36,142
49,40,79
49,43,41
49,45,54
49,56,103
49,59,123
49,61,55
49,62,173
49,89,12
49,95,192
50,1,150
50,15,49
50,18,167
50,27,170
50,31,138
50,41,88
50,47,140
50,55,161
50,65,25
50,67,83
50,77,71
50,86,126
50,90,124
50,92,52
50,99,121
51,4,41
51,12,5
51,16,38
51,23,107
51,27,169
51,34,88
51,59,47
51,69,4
51,72,67
51,73,85
51,83,42
51,85,69
51,93,165
51,98,22
52,5,192
52,11,171
52,16,176
52,21,139
52,25,165
52,29,20
52,35,190
52,53,53
52,65,160
52,72,85
52,74,114
52,85,69
52,92,57
53,6,38
53,10,183
53,18,53
53,27,199
53,41,81
53,42,185
53,52,53
53,67,41
53,74,105
53,91,1
54,5,37
54,12,190
54,13,66
54,19,125
54,26,58
54,43,127
54,46,38
54,78,96
54,80,26
54,81,4
55,3,11
55,4,29
55,5,38
55,10,89
55,19,124
55,41,185
55,50,161
55,82,139
55,83,189
56,2,96
56,7,188
56,21,59
56,22,168
56,42,67
56,49,103
56,59,74
56,70,27
56,77,168
56,94,131
56,99,113
57,5,29
57,13,56
57,15,29
57,16,80
57,22,166
57,24,21
57,48,172
57,58,194
57,66,7
57,92,27
58,4,30
58,5,154
58,42,189
58,45,88
58,57,194
58,70,47
58,73,2
58,78,68
58,84,130
58,96,176
59,22,45
59,28,164
59,31,24
59,45,17
59,49,123
59,51,47
59,56,74
59,60,23
59,63,95
59,83,41
59,93,24
59,97,116
60,5,4
60,19,139
60,41,35
60,43,104
60,47,78
60,59,23
60,69,163
60,71,135
60,73,67
61,11,162
61,24,59
61,32,140
61,34,68
61,35,68
61,36,96
61,49,55
61,62,78
61,80,189
61,87,128
61,94,164
62,21,124
62,31,37
62,34,144
62,41,66
62,49,173
62,61,78
62,70,20
62,77,150
62,97,144
62,98,108
63,8,77
63,9,20
63,18,148
63,30,119
63,34,87
63,42,13
63,59,95
63,64,168
63,71,155
63,79,125
63,85,154
63,89,172
64,6,130
64,7,177
64,22,120
64,28,34
64,35,130
64,43,184
64,63,168
64,67,172
64,73,16
64,77,66
64,98,48
65,20,40
65,21,72
65,23,194
65,35,177
65,48,145
65,50,25
65,52,160
65,68,42
66,4,150
66,9,175
66,18,55
66,20,41
66,26,55
66,29,19
66,57,7
66,99,147
67,13,99
67,19,48
67,24,151
67,50,83
67,53,41
67,64,172
67,76,42
67,79,58
67,95,111
67,96,200
68,1,20
68,30,148
68,35,120
68,40,191
68,45,32
68,46,7
68,65,42
68,86,107
68,97,65
69,2,141
69,5,65
69,29,150
69,30,4
69,51,4
69,60,163
69,78,64
69,82,43
69,86,11
69,88,191
69,97,145
69,98,193
70,3,56
70,17,37
70,27,102
70,36,114
70,56,27
70,58,47
70,62,20
70,92,35
71,6,131
71,12,122
71,36,111
71,38,138
71,46,195
71,60,135
71,63,155
71,73,87
71,87,27
72,16,193
72,27,55
72,28,177
72,30,154
72,33,148
72,51,67
72,52,85
72,95,184
72,97,99
73,15,17
73,51,85
73,58,2
73,60,67
73,64,16
73,71,87
73,90,112
73,99,97
74,25,16
74,29,136
74,33,17
74,39,42
74,41,180
74,52,114
74,53,105
74,75,122
75,1,104
75,7,102
75,23,129
75,37,148
75,46,136
75,74,122
76,6,86
76,7,26
76,20,71
76,34,172
76,40,154
76,46,197
76,67,42
76,83,113
76,84,128
76,94,41
77,10,60
77,43,111
77,50,71
77,56,168
77,62,150
77,64,66
78,3,178
78,12,109
78,23,66
78,41,8
78,54,96
78,58,68
78,69,64
78,81,176
79,1,34
79,2,129
79,18,200
79,25,2
79,35,38
79,63,125
79,67,58
79,81,152
80,9,35
80,18,56
80,24,18
80,45,58
80,54,26
80,61,189
80,94,27
81,10,85
81,24,157
81,32,105
81,48,166
81,54,4
81,78,176
81,79,152
82,15,131
82,18,39
82,26,136
82,35,118
82,45,44
82,55,139
82,69,43
82,85,43
83,16,73
83,37,140
83,47,48
83,51,42
83,55,189
83,59,41
83,76,113
83,84,44
83,88,198
84,5,112
84,17,101
84,35,87
84,40,7
84,58,130
84,76,128
84,83,44
85,7,35
85,13,37
85,31,137
85,51,69
85,52,69
85,63,154
85,82,43
85,93,119
86,6,66
86,21,195
86,26,135
86,47,90
86,50,126
86,68,107
86,69,11
86,94,138
86,100,71
87,5,38
87,8,110
87,36,185
87,42,77
87,61,128
87,71,27
87,98,123
88,18,108
88,19,97
88,20,173
88,25,65
88,28,111
88,69,191
88,83,198
88,90,54
88,92,16
89,11,178
89,24,3
89,35,102
89,49,12
89,63,172
90,3,103
90,19,98
90,46,189
90,50,124
90,73,112
90,88,54
91,5,26
91,12,117
91,13,13
91,19,19
91,23,14
91,53,1
92,2,4
92,50,52
92,52,57
92,57,27
92,70,35
92,88,16
92,100,161
93,11,73
93,30,48
93,34,161
93,48,41
93,51,165
93,59,24
93,85,119
94,1,43
94,13,125
94,56,131
94,61,164
94,76,41
94,80,27
94,86,138
94,96,89
95,9,98
95,11,74
95,14,118
95,43,65
95,49,192
95,67,111
95,72,184
96,4,188
96,31,138
96,36,52
96,40,51
96,58,176
96,67,200
96,94,89
97,33,157
97,47,14
97,59,116
97,62,144
97,68,65
97,69,145
97,72,99
98,10,172
98,16,30
98,51,22
98,62,108
98,64,48
98,69,193
98,87,123
99,7,151
99,17,20
99,50,121
99,56,113
99,66,147
99,73,97
100,15,89
100,17,68
100,19,50
100,28,172
100,34,200
100,86,71
100,92,161
