source,target,weight
1,2,184
1,3,265
1,4,117
1,5,166
1,6,42
1,7,139
1,8,370
1,10,5
1,12,100
1,14,155
1,15,381
1,19,207
1,21,333
1,23,149
1,24,287
1,25,245
1,27,390
1,29,26
1,30,227
1,31,177
1,33,398
1,34,49
1,35,8
1,36,23
1,37,195
1,38,23
1,39,290
1,42,162
1,43,3
1,44,55
1,46,82
1,47,274
1,49,391
1,51,394
1,52,286
1,53,361
1,55,34
1,56,393
1,57,394
1,58,366
1,62,323
1,63,129
1,64,301
1,65,351
1,66,264
1,67,256
1,68,10
1,70,20
1,71,23
1,72,285
1,73,355
1,75,302
1,76,78
1,77,67
1,78,69
1,80,305
1,81,308
1,82,312
1,83,35
1,84,53
1,85,333
1,86,111
1,87,381
1,88,82
1,92,249
1,94,291
1,98,213
1,100,253
1,102,309
1,106,288
1,108,380
1,109,199
1,111,340
1,113,5
1,116,379
1,117,396
1,119,99
1,123,223
1,138,57
1,140,198
1,142,309
1,143,44
1,145,185
1,151,152
1,153,88
1,157,305
1,159,396
1,164,151
1,165,74
1,166,79
1,168,234
1,169,287
1,173,117
1,175,148
1,179,272
1,180,23
1,182,253
1,188,370
1,190,43
1,194,32
2,1,184
2,3,6
2,5,135
2,6,201
2,7,226
2,8,177
2,9,280
2,10,320
2,11,49
2,12,146
2,13,94
2,15,67
2,16,261
2,17,303
2,18,52
2,19,27
2,20,321
2,21,157
2,22,39
2,23,267
2,24,167
2,25,367
2,29,181
2,30,360
2,31,340
2,32,28
2,33,147
2,34,99
2,35,257
2,36,330
2,37,20
2,40,320
2,43,397
2,44,208
2,45,324
2,46,16
2,47,149
2,49,281
2,50,56
2,52,167
2,55,85
2,57,361
2,58,338
2,61,248
2,62,169
2,64,12
2,68,201
2,69,79
2,70,53
2,71,367
2,74,140
2,75,290
2,76,165
2,77,164
2,78,352
2,80,200
2,81,30
2,83,341
2,87,217
2,88,400
2,90,374
2,93,4
2,94,168
2,95,237
2,103,86
2,108,195
2,109,153
2,111,328
2,113,323
2,114,248
2,120,293
2,125,80
2,126,290
2,127,140
2,130,15
2,131,355
2,132,350
2,133,340
2,138,189
2,141,129
2,142,105
2,146,43
2,151,261
2,155,67
2,156,227
2,158,384
2,159,231
2,163,101
2,175,122
2,176,274
2,185,124
2,187,180
2,191,48
3,1,265
3,2,6
3,4,192
3,6,190
3,7,279
3,8,127
3,9,313
3,10,353
3,11,12
3,12,138
3,15,379
3,16,308
3,17,347
3,18,51
3,21,197
3,25,192
3,26,398
3,29,387
3,31,255
3,32,234
3,33,16
3,34,144
3,35,167
3,36,323
3,37,79
3,38,354
3,40,247
3,42,396
3,43,290
3,45,178
3,46,279
3,47,230
3,50,263
3,51,151
3,53,114
3,56,300
3,57,319
3,59,65
3,63,156
3,65,386
3,67,227
3,70,224
3,71,146
3,72,200
3,73,387
3,74,248
3,75,270
3,77,36
3,78,42
3,80,78
3,81,245
3,82,129
3,87,302
3,90,35
3,91,28
3,93,30
3,95,289
3,96,145
3,98,168
3,99,281
3,102,173
3,104,231
3,105,318
3,107,138
3,108,147
3,111,159
3,112,131
3,113,246
3,114,115
3,115,49
3,117,389
3,119,211
3,120,35
3,121,257
3,122,172
3,124,161
3,126,214
3,128,114
3,132,337
3,136,58
3,137,224
3,140,9
3,141,151
3,147,122
3,148,46
3,152,236
3,154,105
3,157,158
3,162,295
3,164,217
3,176,218
3,179,85
3,180,29
3,183,86
3,196,96
3,197,290
3,198,100
3,199,214
4,1,117
4,3,192
4,5,87
4,7,76
4,8,217
4,9,173
4,13,247
4,14,59
4,15,23
4,16,45
4,17,187
4,19,218
4,20,162
4,21,220
4,22,94
4,23,74
4,24,165
4,25,159
4,26,246
4,27,282
4,28,333
4,30,78
4,33,355
4,34,234
4,38,8
4,39,63
4,40,320
4,41,111
4,42,69
4,43,275
4,45,5
4,47,331
4,48,267
4,50,389
4,52,141
4,53,110
4,54,22
4,56,264
4,58,320
4,60,74
4,61,306
4,62,55
4,63,335
4,64,379
4,65,104
4,66,353
4,67,306
4,68,235
4,69,248
4,71,346
4,75,374
4,76,335
4,80,134
4,83,124
4,84,368
4,85,176
4,86,340
4,88,116
4,90,93
4,91,39
4,93,325
4,94,105
4,95,263
4,96,4
4,97,338
4,98,336
4,99,279
4,100,123
4,101,262
4,102,258
4,103,50
4,106,75
4,110,332
4,111,179
4,112,316
4,117,398
4,118,366
4,120,332
4,122,233
4,126,241
4,134,71
4,137,335
4,140,260
4,145,252
4,147,383
4,154,314
4,156,393
4,165,251
4,169,175
4,176,135
4,186,262
4,188,262
4,190,361
4,191,113
4,192,225
4,194,119
4,195,270
4,199,156
4,200,211
5,1,166
5,2,135
5,4,87
5,6,197
5,7,357
5,8,22
5,12,7
5,13,28
5,16,27
5,17,201
5,18,244
5,19,204
5,21,382
5,22,33
5,23,106
5,28,39
5,29,360
5,30,385
5,31,12
5,32,362
5,33,173
5,34,318
5,35,195
5,36,160
5,37,149
5,38,184
5,40,101
5,42,77
5,43,49
5,44,112
5,45,127
5,47,4
5,49,380
5,50,98
5,51,23
5,52,82
5,55,25
5,56,178
5,58,114
5,59,385
5,64,331
5,66,267
5,67,325
5,69,263
5,71,69
5,73,142
5,74,7
5,76,267
5,78,197
5,79,392
5,80,152
5,82,360
5,87,242
5,90,250
5,92,10
5,93,293
5,97,220
5,100,166
5,101,2
5,103,119
5,104,67
5,107,396
5,109,207
5,112,349
5,114,222
5,116,151
5,118,157
5,127,264
5,132,348
5,135,115
5,136,319
5,137,288
5,138,111
5,140,278
5,143,313
5,145,191
5,146,134
5,149,136
5,153,279
5,155,180
5,156,366
5,159,69
5,161,273
5,164,99
5,166,47
5,168,42
5,170,322
5,171,21
5,172,75
5,173,129
5,177,376
5,189,391
5,195,244
5,200,105
6,1,42
6,2,201
6,3,190
6,5,197
6,9,22
6,10,210
6,11,115
6,12,335
6,13,386
6,14,21
6,16,363
6,18,344
6,19,198
6,20,264
6,24,9
6,25,297
6,30,162
6,31,135
6,32,365
6,33,168
6,34,392
6,35,348
6,38,51
6,39,176
6,40,302
6,43,87
6,45,397
6,46,239
6,47,190
6,48,344
6,49,42
6,52,43
6,53,82
6,55,39
6,56,98
6,57,166
6,58,172
6,59,308
6,60,54
6,61,73
6,64,161
6,65,292
6,67,42
6,68,384
6,69,256
6,72,261
6,74,246
6,75,51
6,78,237
6,79,286
6,80,24
6,82,161
6,84,65
6,86,386
6,88,83
6,89,132
6,90,115
6,91,31
6,94,196
6,97,314
6,98,336
6,99,173
6,100,350
6,103,121
6,107,56
6,111,190
6,115,200
6,116,393
6,120,115
6,122,127
6,123,158
6,124,48
6,125,145
6,126,69
6,127,318
6,128,242
6,129,107
6,130,86
6,133,239
6,134,289
6,136,291
6,138,198
6,139,232
6,140,30
6,144,20
6,147,141
6,148,349
6,158,167
6,160,166
6,163,267
6,167,341
6,168,76
6,169,37
6,173,177
6,174,171
6,176,392
6,177,325
6,178,213
6,179,52
6,180,34
6,181,157
6,183,130
6,192,393
6,194,5
7,1,139
7,2,226
7,3,279
7,4,76
7,5,357
7,8,236
7,9,338
7,11,214
7,12,270
7,14,377
7,17,187
7,18,132
7,19,294
7,20,380
7,22,394
7,23,86
7,24,231
7,25,154
7,26,154
7,28,61
7,29,51
7,30,350
7,32,348
7,33,50
7,35,49
7,37,333
7,38,225
7,39,253
7,42,66
7,43,167
7,46,36
7,47,388
7,48,121
7,50,23
7,51,320
7,55,43
7,56,167
7,57,274
7,58,177
7,59,388
7,60,283
7,64,306
7,66,114
7,67,187
7,68,124
7,70,83
7,75,165
7,76,99
7,77,353
7,78,250
7,79,187
7,80,22
7,83,53
7,84,142
7,87,287
7,88,194
7,91,114
7,92,111
7,93,387
7,95,16
7,100,320
7,101,83
7,102,279
7,104,43
7,105,128
7,106,47
7,107,294
7,110,202
7,111,6
7,113,73
7,114,190
7,115,197
7,118,225
7,120,232
7,123,396
7,128,188
7,129,361
7,130,168
7,131,71
7,132,331
7,135,21
7,139,340
7,142,384
7,143,301
7,144,297
7,147,26
7,156,159
7,160,127
7,168,92
7,172,96
7,174,339
7,178,362
7,179,177
7,180,294
7,188,144
7,189,179
7,192,331
7,193,393
7,194,101
7,198,300
8,1,370
8,2,177
8,3,127
8,4,217
8,5,22
8,7,236
8,9,381
8,10,378
8,11,319
8,12,54
8,13,188
8,14,117
8,15,397
8,16,16
8,17,247
8,19,245
8,20,184
8,21,255
8,22,293
8,23,32
8,25,145
8,27,57
8,28,398
8,29,261
8,30,6
8,33,9
8,36,178
8,37,192
8,40,185
8,41,49
8,45,45
8,46,381
8,48,111
8,49,41
8,50,45
8,51,62
8,52,209
8,54,313
8,55,266
8,56,282
8,57,346
8,58,221
8,61,122
8,64,16
8,65,241
8,68,145
8,71,104
8,73,321
8,75,386
8,76,246
8,77,75
8,78,220
8,82,332
8,83,192
8,88,192
8,91,324
8,93,304
8,96,199
8,98,377
8,102,48
8,103,382
8,104,390
8,109,257
8,111,106
8,113,312
8,114,171
8,115,381
8,116,143
8,117,107
8,120,309
8,121,364
8,126,180
8,134,126
8,138,116
8,140,92
8,142,132
8,144,372
8,145,387
8,148,73
8,150,97
8,152,5
8,153,233
8,155,164
8,156,67
8,158,179
8,162,248
8,163,354
8,164,348
8,165,77
8,167,95
8,168,47
8,172,395
8,178,272
8,181,375
8,189,117
8,193,91
8,194,152
8,195,45
8,199,19
9,2,280
9,3,313
9,4,173
9,6,22
9,7,338
9,8,381
9,11,143
9,12,170
9,13,130
9,15,279
9,17,22
9,18,277
9,19,130
9,20,20
9,21,372
9,23,264
9,24,90
9,25,189
9,28,45
9,30,327
9,32,309
9,34,390
9,36,320
9,38,253
9,39,42
9,41,115
9,42,23
9,43,368
9,44,290
9,46,158
9,47,392
9,48,39
9,50,131
9,51,93
9,52,240
9,54,100
9,56,313
9,57,290
9,58,65
9,62,333
9,64,195
9,66,170
9,67,51
9,70,89
9,73,30
9,74,291
9,76,374
9,77,339
9,79,87
9,80,95
9,81,142
9,82,282
9,83,305
9,84,267
9,86,272
9,87,95
9,92,124
9,96,342
9,97,286
9,99,151
9,101,341
9,103,1
9,108,298
9,114,349
9,115,53
9,116,198
9,120,129
9,127,302
9,128,41
9,131,147
9,132,97
9,133,178
9,134,203
9,141,78
9,143,166
9,153,356
9,155,164
9,159,248
9,160,250
9,162,146
9,163,341
9,164,164
9,165,205
9,167,21
9,171,220
9,173,23
9,174,323
9,179,207
9,182,382
9,184,357
9,185,179
9,187,139
9,191,104
9,193,225
9,196,243
9,199,285
10,1,5
10,2,320
10,3,353
10,6,210
10,8,378
10,13,74
10,14,138
10,15,12
10,16,334
10,17,347
10,18,92
10,19,274
10,20,234
10,22,181
10,24,288
10,25,287
10,26,97
10,27,175
10,28,180
10,29,154
10,30,211
10,31,194
10,32,154
10,34,362
10,35,380
10,38,334
10,41,174
10,42,253
10,44,32
10,45,42
10,46,94
10,49,82
10,50,141
10,51,223
10,52,119
10,54,187
10,56,207
10,59,149
10,60,398
10,62,274
10,65,326
10,73,52
10,74,175
10,75,269
10,76,286
10,77,166
10,78,194
10,84,269
10,85,188
10,99,234
10,101,84
10,103,293
10,105,383
10,107,47
10,110,25
10,114,55
10,116,320
10,127,241
10,129,109
10,131,328
10,133,298
10,138,158
10,139,68
10,141,232
10,149,329
10,160,301
10,164,110
10,169,33
10,171,219
10,173,367
10,178,33
10,180,277
10,181,69
10,183,36
10,185,94
10,197,311
11,2,49
11,3,12
11,6,115
11,7,214
11,8,319
11,9,143
11,13,326
11,14,6
11,15,87
11,16,100
11,17,262
11,18,268
11,19,14
11,20,235
11,22,80
11,24,352
11,25,21
11,26,11
11,27,128
11,28,396
11,29,140
11,32,227
11,35,270
11,37,260
11,39,180
11,44,317
11,45,373
11,51,128
11,52,15
11,54,174
11,55,58
11,56,392
11,57,264
11,58,93
11,63,39
11,66,314
11,67,367
11,69,26
11,70,378
11,75,105
11,78,312
11,79,297
11,83,312
11,86,27
11,87,323
11,88,307
11,89,376
11,90,371
11,92,252
11,94,58
11,95,183
11,96,296
11,97,45
11,99,95
11,104,259
11,105,97
11,106,7
11,109,277
11,110,160
11,112,141
11,113,222
11,115,247
11,116,347
11,117,43
11,123,157
11,125,287
11,131,51
11,133,88
11,137,225
11,138,233
11,147,179
11,148,28
11,150,383
11,152,135
11,153,44
11,154,165
11,162,164
11,165,309
11,167,202
11,172,42
11,184,373
11,191,319
11,192,284
11,193,11
11,196,317
11,197,92
12,1,100
12,2,146
12,3,138
12,5,7
12,6,335
12,7,270
12,8,54
12,9,170
12,13,356
12,14,388
12,16,243
12,17,28
12,18,190
12,19,126
12,22,48
12,23,328
12,24,54
12,25,20
12,26,149
12,28,44
12,29,250
12,31,240
12,32,45
12,33,228
12,34,63
12,37,36
12,38,209
12,39,197
12,40,267
12,41,254
12,43,167
12,44,235
12,45,393
12,47,372
12,48,345
12,49,17
12,51,75
12,52,314
12,54,217
12,55,393
12,57,262
12,58,220
12,59,220
12,60,53
12,62,389
12,63,115
12,65,387
12,66,113
12,67,264
12,69,138
12,75,222
12,76,134
12,78,238
12,83,181
12,85,225
12,89,324
12,90,242
12,92,312
12,94,182
12,96,193
12,97,252
12,98,169
12,101,7
12,106,395
12,107,113
12,115,12
12,119,90
12,122,156
12,124,313
12,132,343
12,136,358
12,139,181
12,141,102
12,144,251
12,148,272
12,150,154
12,152,123
12,153,376
12,154,329
12,162,192
12,164,362
12,165,173
12,170,199
12,171,6
12,179,282
12,180,373
12,181,150
12,192,296
12,196,122
13,2,94
13,4,247
13,5,28
13,6,386
13,8,188
13,9,130
13,10,74
13,11,326
13,12,356
13,14,102
13,15,47
13,16,356
13,17,289
13,18,238
13,21,359
13,22,371
13,23,98
13,26,227
13,27,150
13,28,108
13,30,155
13,31,41
13,32,380
13,33,282
13,34,289
13,35,285
13,39,108
13,41,356
13,43,294
13,44,96
13,46,164
13,47,213
13,48,112
13,49,320
13,50,6
13,51,283
13,52,350
13,53,323
13,54,334
13,56,343
13,57,12
13,58,357
13,59,376
13,60,107
13,61,309
13,64,202
13,65,372
13,66,234
13,67,48
13,68,151
13,69,56
13,70,215
13,71,361
13,73,280
13,74,181
13,79,144
13,84,330
13,85,167
13,86,193
13,90,132
13,91,59
13,93,165
13,95,294
13,97,112
13,98,234
13,99,229
13,100,106
13,101,300
13,106,323
13,110,158
13,112,306
13,113,255
13,116,381
13,117,315
13,120,129
13,121,80
13,125,140
13,129,356
13,132,253
13,134,277
13,135,75
13,140,386
13,143,93
13,147,246
13,148,65
13,149,119
13,153,96
13,154,257
13,155,302
13,157,21
13,158,49
13,161,274
13,164,87
13,171,86
13,177,313
13,178,8
13,185,296
13,187,165
13,191,77
13,199,186
14,1,155
14,4,59
14,6,21
14,7,377
14,8,117
14,10,138
14,11,6
14,12,388
14,13,102
14,16,95
14,21,48
14,22,340
14,26,335
14,27,202
14,28,68
14,29,98
14,31,210
14,34,86
14,35,31
14,36,95
14,37,47
14,39,279
14,40,367
14,45,158
14,47,316
14,50,166
14,51,247
14,53,21
14,54,255
14,55,118
14,56,287
14,58,186
14,59,29
14,60,304
14,61,149
14,63,196
14,64,18
14,67,107
14,68,387
14,69,361
14,71,256
14,73,306
14,75,144
14,79,376
14,80,271
14,84,207
14,90,129
14,91,289
14,94,289
14,95,9
14,97,378
14,98,75
14,104,291
14,105,217
14,107,177
14,109,323
14,110,40
14,111,304
14,121,121
14,122,117
14,124,241
14,128,167
14,129,176
14,131,266
14,135,22
14,136,50
14,138,211
14,139,87
14,141,397
14,142,339
14,155,31
14,160,24
14,166,275
14,167,388
14,172,201
14,174,238
14,179,357
14,183,241
14,189,72
14,192,29
14,197,160
15,1,381
15,2,67
15,3,379
15,4,23
15,8,397
15,9,279
15,10,12
15,11,87
15,13,47
15,16,145
15,17,129
15,18,162
15,19,92
15,20,147
15,25,19
15,26,346
15,27,183
15,30,306
15,33,187
15,35,235
15,36,324
15,37,253
15,41,96
15,43,126
15,44,45
15,46,142
15,47,267
15,49,213
15,51,111
15,52,389
15,53,169
15,54,129
15,55,189
15,56,114
15,57,209
15,59,175
15,60,152
15,61,44
15,62,282
15,64,119
15,65,142
15,66,291
15,70,188
15,71,26
15,72,110
15,74,351
15,78,345
15,80,219
15,81,251
15,84,378
15,85,173
15,87,367
15,90,88
15,91,283
15,92,14
15,98,148
15,99,214
15,100,71
15,101,174
15,103,277
15,104,36
15,110,230
15,111,326
15,115,107
15,119,269
15,120,343
15,123,10
15,127,56
15,130,375
15,131,337
15,135,257
15,143,271
15,155,247
15,156,306
15,181,46
15,183,396
15,190,59
15,195,346
15,198,332
15,199,112
16,2,261
16,3,308
16,4,45
16,5,27
16,6,363
16,8,16
16,10,334
16,11,100
16,12,243
16,13,356
16,14,95
16,15,145
16,17,244
16,18,181
16,19,43
16,21,97
16,24,345
16,28,265
16,30,296
16,31,117
16,32,56
16,33,330
16,37,29
16,38,35
16,39,393
16,40,349
16,41,170
16,42,192
16,45,276
16,46,307
16,47,276
16,48,284
16,49,153
16,51,229
16,53,285
16,54,259
16,56,355
16,57,103
16,58,279
16,60,96
16,63,363
16,69,350
16,70,295
16,71,110
16,72,368
16,74,311
16,75,181
16,76,112
16,77,16
16,80,318
16,82,346
16,83,22
16,85,13
16,86,231
16,90,161
16,92,236
16,94,266
16,95,135
16,96,318
16,97,95
16,99,252
16,102,363
16,105,197
16,107,267
16,110,363
16,114,321
16,123,307
16,124,291
16,130,220
16,131,128
16,132,71
16,133,24
16,135,101
16,136,267
16,148,337
16,164,250
16,169,233
16,175,258
16,178,146
16,191,40
16,192,358
16,200,73
17,2,303
17,3,347
17,4,187
17,5,201
17,7,187
17,8,247
17,9,22
17,10,347
17,11,262
17,12,28
17,13,289
17,15,129
17,16,244
17,20,7
17,21,233
17,22,143
17,23,183
17,24,205
17,25,311
17,26,331
17,27,208
17,30,387
17,31,242
17,32,57
17,33,271
17,34,87
17,36,230
17,38,309
17,39,386
17,40,51
17,41,329
17,42,359
17,43,189
17,44,283
17,45,52
17,46,291
17,47,241
17,48,321
17,49,91
17,51,132
17,52,5
17,53,17
17,54,119
17,56,68
17,57,332
17,58,87
17,60,247
17,62,331
17,64,67
17,67,349
17,68,275
17,69,253
17,71,286
17,72,169
17,73,291
17,75,171
17,77,33
17,78,272
17,80,400
17,81,374
17,82,37
17,86,397
17,89,46
17,92,369
17,105,56
17,107,101
17,111,195
17,114,191
17,115,52
17,118,33
17,119,207
17,120,293
17,122,381
17,128,118
17,130,341
17,131,256
17,132,296
17,133,52
17,135,256
17,138,334
17,148,318
17,152,138
17,153,243
17,156,74
17,159,78
17,167,209
17,169,61
17,170,178
17,171,378
17,173,156
17,175,195
17,177,348
17,186,234
17,190,249
17,192,86
17,195,73
17,199,95
18,2,52
18,3,51
18,5,244
18,6,344
18,7,132
18,9,277
18,10,92
18,11,268
18,12,190
18,13,238
18,15,162
18,16,181
18,20,278
18,23,396
18,26,348
18,27,329
18,28,101
18,29,263
18,30,328
18,32,178
18,35,302
18,37,148
18,38,382
18,39,260
18,42,88
18,43,128
18,45,269
18,47,367
18,48,57
18,49,178
18,52,250
18,53,29
18,54,109
18,55,156
18,56,300
18,57,221
18,59,227
18,60,85
18,61,163
18,63,358
18,64,149
18,65,207
18,66,279
18,67,326
18,69,170
18,70,200
18,72,278
18,73,127
18,74,347
18,75,177
18,77,111
18,78,244
18,81,257
18,85,64
18,86,376
18,88,169
18,90,19
18,92,156
18,95,155
18,103,106
18,106,139
18,110,45
18,113,3
18,114,8
18,115,100
18,116,170
18,120,234
18,122,215
18,127,121
18,131,201
18,136,306
18,138,34
18,140,301
18,141,368
18,142,126
18,144,215
18,149,393
18,150,36
18,153,239
18,157,142
18,158,48
18,159,236
18,161,147
18,162,10
18,163,105
18,174,65
18,176,2
18,187,305
18,190,206
18,195,82
18,196,326
18,197,395
19,1,207
19,2,27
19,4,218
19,5,204
19,6,198
19,7,294
19,8,245
19,9,130
19,10,274
19,11,14
19,12,126
19,15,92
19,16,43
19,20,374
19,21,367
19,22,99
19,23,347
19,24,11
19,25,118
19,26,290
19,27,323
19,28,102
19,31,277
19,32,11
19,34,355
19,36,315
19,39,19
19,40,190
19,41,116
19,44,49
19,47,137
19,49,328
19,50,138
19,55,316
19,57,279
19,58,356
19,59,199
19,60,331
19,62,316
19,63,249
19,65,387
19,68,382
19,71,188
19,72,164
19,74,367
19,80,111
19,81,237
19,82,213
19,83,206
19,84,162
19,85,77
19,87,321
19,88,312
19,89,85
19,93,374
19,95,52
19,99,64
19,102,289
19,104,258
19,110,350
19,111,298
19,114,388
19,115,133
19,124,102
19,126,268
19,127,226
19,129,321
19,130,110
19,131,286
19,132,276
19,134,275
19,135,398
19,136,335
19,140,82
19,141,171
19,143,395
19,147,170
19,153,85
19,156,357
19,157,96
19,159,201
19,162,77
19,166,320
19,168,73
19,170,241
19,172,276
19,173,22
19,176,224
19,177,42
19,181,146
19,182,85
19,185,49
19,187,1
19,189,322
19,192,82
19,195,218
19,198,20
20,2,321
20,4,162
20,6,264
20,7,380
20,8,184
20,9,20
20,10,234
20,11,235
20,15,147
20,17,7
20,18,278
20,19,374
20,22,36
20,23,265
20,24,389
20,25,185
20,26,104
20,28,384
20,29,96
20,31,35
20,34,384
20,36,56
20,39,340
20,40,316
20,41,212
20,42,138
20,44,317
20,45,66
20,46,348
20,47,281
20,50,223
20,51,44
20,52,177
20,53,206
20,54,293
20,55,59
20,56,400
20,57,333
20,58,30
20,59,95
20,64,268
20,66,193
20,67,183
20,68,190
20,69,343
20,72,372
20,74,75
20,79,382
20,80,86
20,83,111
20,85,6
20,86,368
20,87,218
20,88,248
20,89,243
20,94,43
20,95,131
20,96,177
20,99,107
20,101,81
20,102,241
20,105,99
20,109,125
20,114,145
20,116,310
20,123,86
20,124,5
20,129,62
20,130,40
20,136,325
20,137,137
20,138,180
20,144,361
20,147,64
20,152,390
20,156,239
20,159,199
20,160,319
20,166,46
20,174,60
20,177,355
20,181,235
20,184,276
20,187,381
20,190,138
20,193,193
20,196,66
20,199,364
21,1,333
21,2,157
21,3,197
21,4,220
21,5,382
21,8,255
21,9,372
21,13,359
21,14,48
21,16,97
21,17,233
21,19,367
21,22,346
21,23,97
21,24,77
21,26,36
21,27,135
21,28,175
21,29,215
21,31,268
21,34,61
21,35,372
21,36,60
21,38,194
21,39,306
21,40,254
21,41,33
21,44,161
21,45,313
21,47,122
21,49,121
21,50,44
21,53,371
21,55,42
21,56,132
21,59,371
21,60,246
21,61,65
21,62,234
21,64,370
21,72,397
21,74,253
21,77,269
21,83,149
21,86,157
21,87,309
21,90,137
21,93,164
21,95,24
21,97,374
21,98,336
21,99,222
21,102,210
21,103,258
21,104,170
21,108,151
21,113,215
21,114,274
21,118,253
21,120,233
21,123,76
21,124,196
21,127,245
21,130,178
21,133,252
21,135,395
21,137,329
21,141,256
21,142,32
21,143,184
21,147,269
21,149,40
21,153,231
21,155,89
21,156,179
21,158,130
21,159,383
21,160,383
21,161,193
21,162,359
21,171,340
21,173,29
21,179,210
21,181,16
21,188,329
21,197,73
22,2,39
22,4,94
22,5,33
22,7,394
22,8,293
22,10,181
22,11,80
22,12,48
22,13,371
22,14,340
22,17,143
22,19,99
22,20,36
22,21,346
22,23,267
22,24,45
22,25,67
22,26,262
22,27,360
22,28,185
22,29,389
22,30,327
22,31,282
22,33,376
22,34,347
22,35,213
22,36,49
22,37,214
22,38,122
22,39,104
22,40,251
22,41,151
22,42,58
22,45,245
22,48,269
22,50,23
22,51,264
22,52,378
22,54,294
22,55,61
22,56,189
22,57,112
22,59,368
22,61,337
22,62,193
22,63,160
22,64,1
22,67,302
22,69,229
22,70,293
22,71,375
22,73,375
22,74,169
22,76,8
22,78,72
22,81,164
22,83,214
22,84,58
22,85,91
22,86,139
22,88,54
22,94,292
22,96,219
22,97,125
22,98,235
22,103,239
22,104,189
22,105,255
22,106,261
22,107,328
22,108,25
22,109,262
22,112,106
22,115,329
22,116,359
22,120,198
22,122,113
22,125,139
22,126,344
22,130,354
22,132,385
22,136,123
22,139,338
22,142,161
22,143,227
22,144,389
22,145,210
22,154,281
22,167,342
22,168,341
22,171,205
22,172,339
22,185,275
22,188,291
22,189,101
22,197,368
22,198,50
23,1,149
23,2,267
23,4,74
23,5,106
23,7,86
23,8,32
23,9,264
23,12,328
23,13,98
23,17,183
23,18,396
23,19,347
23,20,265
23,21,97
23,22,267
23,24,34
23,29,304
23,30,324
23,32,297
23,33,385
23,34,316
23,35,345
23,36,145
23,37,87
23,38,208
23,39,251
23,40,291
23,43,360
23,44,290
23,45,4
23,46,203
23,47,139
23,48,38
23,53,45
23,54,176
23,55,81
23,56,253
23,57,166
23,58,223
23,59,47
23,61,130
23,63,16
23,65,177
23,67,213
23,69,111
23,71,148
23,72,375
23,74,345
23,76,70
23,77,220
23,78,336
23,79,134
23,81,10
23,82,182
23,85,86
23,87,316
23,93,133
23,94,221
23,102,31
23,103,245
23,104,288
23,105,116
23,107,241
23,108,61
23,113,375
23,114,321
23,119,293
23,121,354
23,122,182
23,124,142
23,126,372
23,128,233
23,130,383
23,135,78
23,138,37
23,139,388
23,142,98
23,147,96
23,149,124
23,159,258
23,160,219
23,162,123
23,166,71
23,182,119
23,186,162
23,188,9
23,190,216
23,192,66
23,193,58
23,195,275
23,198,93
24,1,287
24,2,167
24,4,165
24,6,9
24,7,231
24,9,90
24,10,288
24,11,352
24,12,54
24,16,345
24,17,205
24,19,11
24,20,389
24,21,77
24,22,45
24,23,34
24,26,91
24,28,116
24,29,209
24,32,22
24,34,322
24,36,23
24,39,227
24,40,155
24,41,361
24,42,20
24,43,100
24,44,210
24,45,282
24,46,270
24,49,5
24,50,106
24,51,166
24,52,30
24,53,146
24,54,257
24,57,117
24,58,233
24,59,162
24,60,386
24,61,141
24,62,310
24,63,355
24,66,101
24,67,34
24,69,396
24,71,388
24,72,400
24,73,54
24,75,376
24,76,180
24,79,367
24,84,386
24,86,281
24,87,98
24,88,94
24,90,276
24,95,244
24,98,351
24,100,211
24,101,15
24,110,131
24,111,78
24,112,44
24,114,118
24,115,182
24,117,181
24,118,170
24,119,351
24,120,230
24,122,346
24,125,200
24,126,384
24,136,309
24,138,229
24,139,71
24,143,188
24,147,73
24,151,244
24,153,70
24,155,153
24,165,287
24,169,68
24,171,316
24,177,386
24,182,293
24,190,210
24,192,164
24,196,294
25,1,245
25,2,367
25,3,192
25,4,159
25,6,297
25,7,154
25,8,145
25,9,189
25,10,287
25,11,21
25,12,20
25,15,19
25,17,311
25,19,118
25,20,185
25,22,67
25,26,386
25,27,148
25,29,348
25,30,64
25,31,322
25,32,117
25,33,41
25,35,166
25,36,338
25,37,268
25,39,234
25,40,108
25,41,150
25,42,397
25,44,208
25,45,316
25,46,291
25,47,327
25,49,300
25,51,337
25,52,25
25,53,370
25,54,50
25,55,137
25,58,23
25,60,323
25,62,30
25,64,246
25,65,188
25,68,285
25,70,23
25,71,274
25,72,125
25,79,137
25,80,111
25,81,320
25,82,199
25,84,13
25,86,385
25,87,255
25,88,367
25,90,240
25,92,9
25,93,71
25,96,307
25,98,309
25,99,242
25,100,212
25,101,374
25,102,338
25,104,184
25,105,57
25,111,196
25,112,122
25,114,180
25,116,204
25,120,67
25,122,259
25,125,134
25,128,294
25,129,382
25,130,206
25,131,116
25,133,260
25,134,384
25,135,252
25,142,88
25,143,395
25,146,15
25,147,164
25,153,214
25,154,100
25,155,284
25,160,171
25,162,86
25,164,195
25,171,138
25,172,194
25,175,341
25,183,155
25,184,392
25,185,150
25,190,188
25,191,359
25,195,385
25,200,188
26,3,398
26,4,246
26,7,154
26,10,97
26,11,11
26,12,149
26,13,227
26,14,335
26,15,346
26,17,331
26,18,348
26,19,290
26,20,104
26,21,36
26,22,262
26,24,91
26,25,386
26,27,28
26,31,47
26,32,82
26,34,371
26,35,315
26,36,45
26,37,356
26,38,215
26,40,89
26,41,63
26,42,155
26,44,265
26,45,57
26,46,371
26,50,236
26,52,183
26,55,360
26,56,351
26,59,98
26,60,280
26,61,167
26,62,269
26,64,306
26,66,87
26,68,286
26,70,162
26,71,84
26,72,71
26,74,184
26,75,89
26,77,149
26,81,67
26,82,178
26,86,312
26,89,307
26,90,253
26,91,317
26,94,178
26,96,18
26,97,159
26,99,38
26,100,309
26,101,13
26,104,103
26,107,240
26,108,343
26,113,151
26,116,335
26,119,184
26,122,7
26,123,217
26,126,102
26,131,63
26,133,289
26,134,68
26,135,215
26,137,332
26,139,92
26,144,35
26,146,321
26,148,376
26,150,32
26,151,335
26,152,4
26,157,230
26,158,267
26,162,41
26,166,64
26,174,146
26,176,170
26,180,81
26,187,307
26,196,232
27,1,390
27,4,282
27,8,57
27,10,175
27,11,128
27,13,150
27,14,202
27,15,183
27,17,208
27,18,329
27,19,323
27,21,135
27,22,360
27,25,148
27,26,28
27,28,100
27,29,33
27,30,175
27,31,182
27,32,397
27,33,234
27,34,21
27,35,201
27,36,367
27,39,231
27,43,368
27,45,291
27,47,25
27,48,395
27,49,355
27,53,168
27,57,75
27,59,16
27,60,105
27,61,124
27,64,83
27,66,330
27,68,167
27,69,91
27,70,187
27,71,269
27,72,368
27,76,388
27,77,347
27,79,141
27,80,310
27,82,275
27,83,82
27,84,230
27,88,139
27,89,28
27,92,205
27,93,60
27,94,31
27,95,16
27,97,197
27,99,373
27,100,336
27,103,66
27,106,268
27,107,277
27,108,215
27,112,28
27,119,98
27,123,288
27,124,135
27,125,28
27,126,7
27,127,350
27,128,313
27,129,374
27,131,55
27,135,389
27,144,232
27,145,368
27,150,202
27,151,297
27,155,307
27,165,278
27,167,326
27,175,301
27,176,80
27,189,328
27,190,271
27,192,160
27,199,274
28,4,333
28,5,39
28,7,61
28,8,398
28,9,45
28,10,180
28,11,396
28,12,44
28,13,108
28,14,68
28,16,265
28,18,101
28,19,102
28,20,384
28,21,175
28,22,185
28,24,116
28,27,100
28,29,134
28,34,101
28,36,258
28,37,16
28,38,330
28,41,252
28,42,66
28,43,202
28,44,339
28,46,70
28,47,148
28,49,247
28,51,185
28,52,14
28,54,27
28,55,395
28,58,254
28,59,140
28,60,33
28,61,192
28,62,130
28,63,243
28,64,167
28,66,43
28,69,84
28,70,367
28,71,228
28,72,376
28,73,54
28,75,386
28,76,215
28,78,43
28,81,137
28,83,313
28,85,101
28,86,225
28,89,242
28,90,53
28,92,35
28,93,183
28,96,269
28,97,301
28,100,253
28,102,117
28,103,99
28,104,331
28,105,211
28,106,23
28,110,139
28,111,370
28,112,31
28,114,357
28,115,267
28,121,107
28,123,212
28,125,303
28,126,51
28,127,218
28,128,348
28,131,2
28,136,95
28,139,279
28,141,132
28,143,200
28,144,81
28,147,119
28,149,110
28,150,80
28,156,114
28,157,237
28,159,277
28,161,193
28,165,319
28,172,219
28,173,399
28,185,281
28,197,29
28,198,283
29,1,26
29,2,181
29,3,387
29,5,360
29,7,51
29,8,261
29,10,154
29,11,140
29,12,250
29,14,98
29,18,263
29,20,96
29,21,215
29,22,389
29,23,304
29,24,209
29,25,348
29,27,33
29,28,134
29,32,341
29,33,268
29,34,198
29,36,392
29,37,71
29,38,77
29,39,69
29,40,114
29,41,241
29,42,280
29,43,342
29,45,234
29,46,151
29,48,239
29,49,139
29,50,23
29,51,182
29,53,294
29,56,344
29,57,215
29,58,363
29,59,71
29,60,330
29,61,192
29,62,62
29,63,174
29,64,218
29,66,221
29,67,95
29,70,34
29,71,76
29,73,201
29,75,17
29,76,68
29,77,359
29,79,372
29,80,219
29,81,278
29,82,291
29,83,294
29,85,65
29,87,339
29,88,67
29,89,134
29,91,197
29,93,174
29,94,298
29,95,17
29,96,206
29,97,26
29,100,350
29,101,29
29,103,176
29,104,195
29,106,43
29,107,307
29,108,18
29,109,233
29,111,348
29,112,24
29,115,8
29,122,154
29,125,359
29,127,344
29,128,277
29,129,373
29,135,251
29,136,138
29,138,325
29,142,189
29,144,184
29,145,396
29,148,55
29,154,249
29,164,153
29,175,100
29,178,247
29,181,128
29,183,241
29,189,36
29,192,186
29,198,68
29,199,219
29,200,212
30,1,227
30,2,360
30,4,78
30,5,385
30,6,162
30,7,350
30,8,6
30,9,327
30,10,211
30,13,155
30,15,306
30,16,296
30,17,387
30,18,328
30,22,327
30,23,324
30,25,64
30,27,175
30,31,192
30,32,85
30,33,25
30,35,65
30,41,224
30,42,5
30,43,108
30,44,179
30,45,9
30,47,331
30,48,25
30,49,216
30,50,387
30,51,35
30,54,168
30,55,169
30,58,173
30,59,61
30,61,293
30,69,278
30,71,154
30,74,251
30,75,301
30,77,120
30,79,298
30,81,249
30,82,189
30,86,245
30,89,349
30,91,393
30,94,156
30,95,342
30,98,367
30,99,71
30,100,11
30,101,267
30,102,27
30,103,388
30,106,91
30,108,381
30,110,143
30,113,173
30,114,2
30,117,224
30,118,393
30,120,258
30,122,113
30,123,154
30,125,254
30,126,361
30,130,124
30,134,263
30,135,166
30,136,288
30,137,101
30,138,338
30,143,210
30,146,267
30,147,276
30,150,275
30,151,4
30,153,122
30,156,275
30,159,219
30,160,133
30,161,277
30,162,374
30,163,299
30,173,329
30,182,285
30,184,152
30,188,235
30,191,25
30,194,328
30,196,208
30,197,351
31,1,177
31,2,340
31,3,255
31,5,12
31,6,135
31,10,194
31,12,240
31,13,41
31,14,210
31,16,117
31,17,242
31,19,277
31,20,35
31,21,268
31,22,282
31,25,322
31,26,47
31,27,182
31,30,192
31,36,346
31,38,14
31,40,285
31,42,8
31,43,85
31,46,287
31,48,391
31,49,43
31,50,322
31,53,209
31,55,115
31,56,387
31,57,159
31,60,217
31,61,70
31,62,134
31,63,275
31,64,96
31,65,51
31,66,354
31,71,41
31,73,67
31,74,114
31,78,332
31,79,88
31,81,22
31,83,224
31,87,82
31,88,350
31,91,312
31,93,148
31,94,110
31,95,24
31,96,185
31,101,262
31,103,232
31,104,329
31,109,360
31,118,170
31,121,189
31,122,327
31,123,180
31,126,345
31,128,24
31,129,175
31,131,207
31,132,171
31,134,56
31,139,23
31,145,68
31,151,197
31,152,119
31,153,235
31,156,12
31,158,43
31,160,97
31,162,318
31,166,51
31,170,77
31,176,193
31,177,197
31,178,355
31,180,4
31,183,156
31,188,116
31,193,113
31,198,360
32,2,28
32,3,234
32,5,362
32,6,365
32,7,348
32,9,309
32,10,154
32,11,227
32,12,45
32,13,380
32,16,56
32,17,57
32,18,178
32,19,11
32,23,297
32,24,22
32,25,117
32,26,82
32,27,397
32,29,341
32,30,85
32,33,230
32,38,103
32,39,23
32,40,321
32,41,2
32,42,179
32,44,267
32,47,106
32,48,159
32,49,393
32,50,58
32,51,351
32,52,112
32,53,92
32,59,63
32,61,396
32,62,378
32,63,50
32,64,354
32,65,400
32,66,198
32,69,226
32,70,101
32,71,174
32,72,163
32,73,265
32,74,337
32,84,181
32,85,343
32,86,24
32,87,77
32,88,374
32,89,259
32,90,18
32,91,189
32,92,319
32,94,70
32,97,268
32,98,207
32,102,187
32,103,232
32,104,302
32,106,268
32,107,381
32,109,89
32,113,33
32,114,158
32,115,129
32,119,188
32,127,23
32,129,177
32,130,254
32,134,393
32,140,280
32,150,273
32,154,203
32,162,201
32,165,361
32,166,85
32,169,16
32,173,217
32,176,181
32,177,373
32,191,141
32,196,170
32,197,63
33,1,398
33,2,147
33,3,16
33,4,355
33,5,173
33,6,168
33,7,50
33,8,9
33,12,228
33,13,282
33,15,187
33,16,330
33,17,271
33,22,376
33,23,385
33,25,41
33,27,234
33,29,268
33,30,25
33,32,230
33,34,157
33,37,371
33,38,3
33,39,367
33,40,308
33,42,382
33,44,294
33,46,273
33,47,29
33,48,358
33,49,152
33,51,253
33,52,120
33,53,142
33,54,155
33,55,24
33,56,76
33,57,289
33,59,266
33,65,249
33,69,291
33,70,373
33,71,94
33,72,15
33,73,128
33,74,86
33,75,134
33,76,172
33,77,104
33,78,369
33,79,400
33,81,217
33,82,208
33,83,88
33,84,270
33,88,182
33,93,145
33,95,346
33,97,352
33,99,78
33,100,259
33,103,47
33,106,218
33,110,262
33,111,344
33,113,126
33,115,293
33,118,227
33,119,263
33,121,351
33,122,153
33,123,112
33,125,284
33,126,334
33,132,24
33,135,378
33,137,250
33,139,45
33,146,400
33,149,337
33,158,253
33,164,339
33,166,55
33,170,61
33,171,49
33,172,49
33,177,345
33,178,345
33,179,13
33,190,18
33,193,290
33,195,387
33,196,186
33,199,189
34,1,49
34,2,99
34,3,144
34,4,234
34,5,318
34,6,392
34,9,390
34,10,362
34,12,63
34,13,289
34,14,86
34,17,87
34,19,355
34,20,384
34,21,61
34,22,347
34,23,316
34,24,322
34,26,371
34,27,21
34,28,101
34,29,198
34,33,157
34,35,202
34,37,187
34,38,19
34,39,387
34,40,308
34,42,355
34,44,129
34,46,259
34,47,218
34,52,191
34,54,289
34,55,66
34,57,260
34,58,230
34,59,30
34,60,242
34,61,273
34,63,348
34,64,221
34,66,219
34,68,90
34,72,183
34,74,8
34,75,275
34,77,20
34,79,235
34,81,326
34,82,186
34,85,284
34,87,14
34,89,126
34,90,38
34,91,87
34,94,74
34,96,26
34,98,115
34,99,158
34,101,112
34,104,224
34,107,380
34,110,127
34,111,1
34,113,240
34,114,147
34,115,206
34,117,295
34,119,197
34,121,201
34,122,6
34,124,282
34,125,212
34,126,323
34,129,383
34,131,235
34,132,181
34,136,357
34,137,185
34,138,168
34,140,346
34,141,189
34,148,21
34,149,91
34,151,110
34,154,121
34,160,275
34,169,58
34,172,324
34,177,62
34,181,230
34,185,28
34,191,392
35,1,8
35,2,257
35,3,167
35,5,195
35,6,348
35,7,49
35,10,380
35,11,270
35,13,285
35,14,31
35,15,235
35,18,302
35,21,372
35,22,213
35,23,345
35,25,166
35,26,315
35,27,201
35,30,65
35,34,202
35,40,327
35,43,347
35,44,301
35,45,314
35,46,296
35,48,289
35,50,210
35,52,253
35,54,133
35,55,162
35,56,378
35,60,307
35,61,305
35,62,93
35,63,232
35,65,258
35,66,13
35,67,119
35,69,159
35,72,392
35,73,255
35,74,240
35,75,232
35,77,315
35,78,199
35,80,15
35,81,287
35,85,240
35,86,248
35,89,313
35,93,159
35,96,229
35,97,89
35,98,329
35,100,148
35,102,333
35,104,84
35,105,124
35,106,5
35,107,162
35,112,215
35,114,173
35,115,74
35,116,389
35,118,313
35,123,80
35,124,88
35,132,222
35,138,156
35,140,299
35,146,71
35,149,17
35,150,339
35,156,293
35,157,263
35,168,124
35,169,267
35,172,233
35,173,224
35,176,341
35,177,238
35,181,244
35,184,351
35,186,151
35,188,141
35,189,66
35,190,282
35,197,145
35,199,390
36,1,23
36,2,330
36,3,323
36,5,160
36,8,178
36,9,320
36,14,95
36,15,324
36,17,230
36,19,315
36,20,56
36,21,60
36,22,49
36,23,145
36,24,23
36,25,338
36,26,45
36,27,367
36,28,258
36,29,392
36,31,346
36,37,374
36,38,389
36,39,4
36,41,180
36,43,255
36,46,13
36,48,225
36,49,255
36,51,59
36,53,79
36,54,157
36,56,237
36,58,379
36,59,292
36,61,247
36,62,262
36,63,363
36,66,271
36,67,266
36,68,32
36,71,12
36,72,70
36,76,327
36,77,373
36,78,11
36,80,223
36,81,63
36,82,206
36,83,35
36,84,29
36,86,369
36,89,369
36,92,77
36,94,364
36,95,74
36,96,110
36,98,378
36,100,102
36,101,21
36,103,263
36,107,330
36,113,49
36,117,64
36,118,36
36,120,277
36,121,30
36,124,42
36,127,329
36,135,28
36,137,153
36,138,391
36,142,118
36,143,98
36,145,128
36,149,253
36,152,59
36,158,36
36,160,139
36,164,287
36,165,255
36,173,356
36,175,315
36,179,207
36,181,267
36,187,194
36,189,189
36,194,382
36,196,172
36,198,99
36,200,25
37,1,195
37,2,20
37,3,79
37,5,149
37,7,333
37,8,192
37,11,260
37,12,36
37,14,47
37,15,253
37,16,29
37,18,148
37,22,214
37,23,87
37,25,268
37,26,356
37,28,16
37,29,71
37,33,371
37,34,187
37,36,374
37,38,353
37,40,16
37,42,126
37,44,389
37,45,295
37,46,105
37,48,165
37,49,42
37,50,103
37,51,49
37,53,237
37,54,27
37,55,193
37,58,385
37,59,294
37,60,198
37,62,238
37,64,396
37,65,228
37,66,366
37,68,49
37,69,212
37,70,132
37,71,338
37,73,1
37,74,371
37,75,60
37,81,195
37,82,333
37,86,212
37,88,87
37,89,208
37,92,310
37,94,318
37,95,175
37,96,144
37,97,387
37,101,114
37,105,78
37,108,66
37,110,14
37,112,232
37,113,59
37,115,113
37,119,264
37,121,28
37,125,269
37,126,335
37,128,74
37,129,31
37,132,140
37,133,32
37,135,184
37,146,354
37,151,23
37,156,374
37,159,165
37,162,234
37,167,119
37,168,229
37,173,276
37,178,48
37,179,368
37,180,28
37,184,134
37,185,61
37,188,271
37,189,53
37,191,286
37,196,312
38,1,23
38,3,354
38,4,8
38,5,184
38,6,51
38,7,225
38,9,253
38,10,334
38,12,209
38,16,35
38,17,309
38,18,382
38,21,194
38,22,122
38,23,208
38,26,215
38,28,330
38,29,77
38,31,14
38,32,103
38,33,3
38,34,19
38,36,389
38,37,353
38,39,354
38,40,122
38,42,207
38,44,260
38,45,226
38,46,360
38,47,211
38,50,158
38,54,205
38,56,221
38,57,399
38,58,161
38,59,265
38,61,151
38,62,284
38,63,358
38,64,270
38,65,228
38,66,107
38,67,359
38,68,119
38,69,15
38,70,293
38,71,101
38,72,169
38,73,275
38,74,241
38,75,98
38,76,297
38,77,255
38,80,225
38,81,37
38,82,281
38,83,320
38,84,320
38,86,24
38,87,285
38,91,152
38,93,309
38,94,198
38,96,235
38,101,251
38,102,300
38,105,310
38,106,228
38,109,92
38,111,222
38,113,371
38,115,281
38,116,103
38,118,160
38,125,267
38,130,114
38,131,16
38,133,122
38,136,162
38,142,98
38,143,51
38,144,91
38,150,221
38,154,135
38,157,303
38,163,22
38,170,364
38,177,400
38,179,47
38,180,305
38,181,103
38,183,152
38,185,248
38,188,266
38,192,148
38,196,244
38,200,72
39,1,290
39,4,63
39,6,176
39,7,253
39,9,42
39,11,180
39,12,197
39,13,108
39,14,279
39,16,393
39,17,386
39,18,260
39,19,19
39,20,340
39,21,306
39,22,104
39,23,251
39,24,227
39,25,234
39,27,231
39,29,69
39,32,23
39,33,367
39,34,387
39,36,4
39,38,354
39,40,207
39,41,368
39,45,390
39,46,170
39,47,16
39,48,276
39,50,317
39,51,395
39,52,71
39,53,352
39,55,211
39,56,160
39,58,279
39,59,259
39,60,386
39,61,179
39,63,262
39,65,148
39,66,114
39,70,240
39,71,156
39,72,268
39,76,321
39,77,125
39,78,29
39,82,383
39,83,386
39,88,356
39,89,132
39,92,115
39,93,378
39,97,159
39,100,324
39,101,233
39,102,390
39,103,190
39,107,133
39,111,373
39,113,7
39,118,72
39,122,67
39,123,335
39,125,203
39,133,258
39,136,107
39,137,244
39,139,107
39,140,21
39,144,76
39,151,61
39,158,312
39,159,311
39,162,219
39,163,278
39,165,99
39,166,369
39,168,284
39,169,118
39,170,111
39,172,142
39,173,194
39,176,169
39,185,20
39,190,272
39,192,44
39,194,186
39,196,158
40,2,320
40,3,247
40,4,320
40,5,101
40,6,302
40,8,185
40,12,267
40,14,367
40,16,349
40,17,51
40,19,190
40,20,316
40,21,254
40,22,251
40,23,291
40,24,155
40,25,108
40,26,89
40,29,114
40,31,285
40,32,321
40,33,308
40,34,308
40,35,327
40,37,16
40,38,122
40,39,207
40,41,228
40,44,127
40,47,83
40,48,224
40,49,281
40,54,387
40,55,150
40,57,123
40,58,18
40,59,201
40,61,120
40,62,371
40,63,44
40,65,276
40,66,176
40,67,370
40,68,272
40,70,26
40,71,244
40,75,304
40,78,69
40,79,263
40,80,322
40,82,292
40,83,304
40,84,151
40,85,233
40,87,36
40,88,46
40,90,272
40,92,210
40,93,157
40,95,7
40,97,370
40,99,331
40,101,125
40,102,16
40,103,72
40,104,278
40,108,118
40,116,102
40,118,365
40,120,296
40,121,216
40,124,112
40,126,251
40,129,253
40,130,32
40,132,202
40,133,339
40,134,4
40,135,265
40,139,349
40,144,124
40,146,215
40,153,314
40,154,246
40,156,173
40,167,96
40,170,40
40,171,297
40,182,193
40,185,290
40,186,10
40,191,260
41,4,111
41,8,49
41,9,115
41,10,174
41,12,254
41,13,356
41,15,96
41,16,170
41,17,329
41,19,116
41,20,212
41,21,33
41,22,151
41,24,361
41,25,150
41,26,63
41,28,252
41,29,241
41,30,224
41,32,2
41,36,180
41,39,368
41,40,228
41,42,379
41,43,337
41,44,138
41,46,281
41,47,137
41,48,316
41,50,129
41,54,379
41,55,380
41,56,217
41,57,60
41,58,177
41,63,198
41,66,122
41,67,134
41,69,218
41,75,218
41,77,79
41,78,312
41,79,323
41,80,43
41,81,230
41,89,159
41,91,98
41,92,256
41,95,35
41,101,208
41,103,3
41,104,211
41,106,196
41,108,159
41,119,1
41,121,136
41,122,70
41,127,170
41,129,27
41,130,31
41,132,179
41,133,121
41,134,102
41,139,318
41,140,188
41,142,228
41,143,286
41,144,30
41,147,263
41,151,208
41,153,343
41,154,120
41,155,161
41,164,389
41,168,361
41,170,376
41,172,177
41,175,308
41,176,234
41,180,251
41,184,80
41,191,261
41,192,57
41,198,187
42,1,162
42,3,396
42,4,69
42,5,77
42,7,66
42,9,23
42,10,253
42,16,192
42,17,359
42,18,88
42,20,138
42,22,58
42,24,20
42,25,397
42,26,155
42,28,66
42,29,280
42,30,5
42,31,8
42,32,179
42,33,382
42,34,355
42,37,126
42,38,207
42,41,379
42,43,301
42,47,160
42,48,290
42,51,203
42,55,44
42,57,3
42,60,306
42,64,265
42,65,111
42,66,251
42,68,274
42,69,222
42,72,332
42,73,196
42,74,216
42,77,97
42,78,284
42,79,225
42,80,44
42,83,7
42,84,163
42,86,49
42,88,10
42,89,80
42,90,159
42,95,103
42,97,154
42,99,275
42,101,119
42,103,27
42,105,97
42,106,130
42,107,206
42,108,267
42,109,327
42,110,34
42,111,292
42,112,200
42,115,270
42,116,9
42,117,258
42,119,240
42,121,200
42,125,322
42,128,227
42,132,209
42,133,270
42,136,74
42,141,163
42,143,350
42,144,171
42,146,374
42,147,123
42,149,8
42,150,272
42,151,214
42,152,61
42,156,360
42,158,97
42,159,296
42,160,274
42,165,23
42,166,272
42,169,11
42,173,83
42,174,179
42,177,30
42,180,241
42,188,277
42,191,361
42,193,324
42,199,36
43,1,3
43,2,397
43,3,290
43,4,275
43,5,49
43,6,87
43,7,167
43,9,368
43,12,167
43,13,294
43,15,126
43,17,189
43,18,128
43,23,360
43,24,100
43,27,368
43,28,202
43,29,342
43,30,108
43,31,85
43,35,347
43,36,255
43,41,337
43,42,301
43,44,133
43,46,149
43,47,238
43,48,323
43,49,84
43,50,183
43,54,290
43,55,155
43,56,383
43,57,249
43,60,106
43,62,292
43,63,389
43,64,394
43,65,133
43,67,139
43,68,395
43,69,235
43,70,342
43,72,15
43,73,111
43,74,301
43,76,311
43,77,94
43,78,400
43,80,217
43,81,4
43,83,318
43,84,69
43,85,248
43,86,17
43,87,53
43,88,392
43,90,397
43,91,387
43,92,344
43,93,165
43,94,391
43,96,304
43,97,140
43,99,173
43,100,226
43,103,13
43,105,121
43,106,281
43,108,16
43,114,104
43,115,338
43,116,378
43,117,76
43,120,261
43,121,199
43,123,320
43,124,262
43,125,12
43,131,255
43,134,376
43,137,343
43,139,200
43,142,116
43,146,182
43,148,82
43,151,47
43,154,191
43,157,294
43,158,369
43,160,142
43,165,21
43,169,357
43,170,324
43,176,110
43,177,187
43,182,372
43,183,114
43,188,143
44,1,55
44,2,208
44,5,112
44,9,290
44,10,32
44,11,317
44,12,235
44,13,96
44,15,45
44,17,283
44,19,49
44,20,317
44,21,161
44,23,290
44,24,210
44,25,208
44,26,265
44,28,339
44,30,179
44,32,267
44,33,294
44,34,129
44,35,301
44,37,389
44,38,260
44,40,127
44,41,138
44,43,133
44,45,316
44,46,119
44,48,383
44,49,330
44,50,220
44,51,216
44,52,194
44,53,128
44,54,239
44,55,313
44,56,231
44,60,266
44,61,332
44,62,347
44,64,253
44,65,35
44,67,149
44,68,160
44,70,33
44,71,400
44,74,45
44,78,317
44,79,80
44,80,336
44,83,71
44,84,184
44,85,203
44,86,199
44,87,266
44,89,316
44,91,283
44,92,365
44,93,114
44,94,252
44,97,309
44,99,398
44,101,369
44,105,359
44,106,29
44,107,339
44,111,257
44,117,123
44,121,190
44,122,85
44,124,54
44,126,288
44,127,205
44,128,83
44,129,304
44,130,275
44,131,304
44,134,156
44,137,368
44,142,141
44,144,308
44,145,374
44,146,195
44,147,254
44,148,41
44,150,215
44,155,356
44,156,199
44,163,350
44,164,51
44,166,394
44,167,234
44,168,191
44,171,63
