source,target,weight
1,2,109
1,3,42
1,4,245
1,6,225
1,8,70
1,9,53
1,12,247
1,13,101
1,14,155
1,15,161
1,16,159
1,17,81
1,18,130
1,19,215
1,20,218
1,21,336
1,22,362
1,24,8
1,25,4
1,28,44
1,31,297
1,32,243
1,36,306
1,39,74
1,40,33
1,43,355
1,46,161
1,47,382
1,48,169
1,49,172
1,50,99
1,53,8
1,55,230
1,56,261
1,57,255
1,58,323
1,59,242
1,61,206
1,65,128
1,66,51
1,69,175
1,70,342
1,71,110
1,73,144
1,74,26
1,75,309
1,76,282
1,78,32
1,79,312
1,80,322
1,83,375
1,84,292
1,85,20
1,88,346
1,89,365
1,93,205
1,94,359
1,95,178
1,96,190
1,97,380
1,98,147
1,100,66
1,103,267
1,104,24
1,109,294
1,113,263
1,115,354
1,116,86
1,120,204
1,122,212
1,124,360
1,125,216
1,126,261
1,128,216
1,131,346
1,133,191
1,135,386
1,136,102
1,137,46
1,138,320
1,139,154
1,145,124
1,147,52
1,152,185
1,153,11
1,155,274
1,156,188
1,157,376
1,164,91
1,165,274
1,168,292
1,171,295
1,172,28
1,179,354
1,181,12
1,184,361
1,187,207
1,188,301
1,190,92
1,196,362
1,198,54
1,199,365
2,1,109
2,3,303
2,4,6
2,5,53
2,6,172
2,7,267
2,8,203
2,9,200
2,10,333
2,12,367
2,14,151
2,15,309
2,16,14
2,18,236
2,19,187
2,20,320
2,21,191
2,23,332
2,24,239
2,25,307
2,27,163
2,28,175
2,29,304
2,31,242
2,32,74
2,35,150
2,36,60
2,39,263
2,40,228
2,41,381
2,42,139
2,43,208
2,44,240
2,45,90
2,46,322
2,47,134
2,48,400
2,49,151
2,50,251
2,51,181
2,53,313
2,55,155
2,57,221
2,58,192
2,59,213
2,60,237
2,61,3
2,62,186
2,63,318
2,64,41
2,65,228
2,66,76
2,67,35
2,68,71
2,70,308
2,72,203
2,73,75
2,75,76
2,77,325
2,78,210
2,79,283
2,83,360
2,84,192
2,86,83
2,87,140
2,88,269
2,93,145
2,94,367
2,96,330
2,98,144
2,99,100
2,102,252
2,103,394
2,104,167
2,105,237
2,109,143
2,110,353
2,111,201
2,114,291
2,117,58
2,119,81
2,122,379
2,124,275
2,125,349
2,129,37
2,131,159
2,134,201
2,135,370
2,138,378
2,141,399
2,147,222
2,148,277
2,149,269
2,150,343
2,153,368
2,156,262
2,157,367
2,161,360
2,163,204
2,166,276
2,173,265
2,181,3
2,184,371
2,185,290
2,187,238
2,188,66
2,194,330
2,195,116
2,196,274
3,1,42
3,2,303
3,5,397
3,6,132
3,7,326
3,8,28
3,9,166
3,11,79
3,12,165
3,13,313
3,14,37
3,15,118
3,16,278
3,18,228
3,21,63
3,22,258
3,24,309
3,25,127
3,26,362
3,29,200
3,30,395
3,31,219
3,32,232
3,33,203
3,34,213
3,35,386
3,37,59
3,42,147
3,43,212
3,44,216
3,45,332
3,46,290
3,47,344
3,48,263
3,51,335
3,52,191
3,55,188
3,57,95
3,60,227
3,61,333
3,62,135
3,63,261
3,64,25
3,66,353
3,67,99
3,68,254
3,70,244
3,71,93
3,72,75
3,74,199
3,79,52
3,81,353
3,82,208
3,83,271
3,85,381
3,86,389
3,87,19
3,88,174
3,92,309
3,93,379
3,94,388
3,95,269
3,97,136
3,100,78
3,101,53
3,102,49
3,103,156
3,104,82
3,107,275
3,108,286
3,111,206
3,112,332
3,113,35
3,116,56
3,117,180
3,118,221
3,119,399
3,123,237
3,124,381
3,125,155
3,132,91
3,136,20
3,137,323
3,139,363
3,142,141
3,143,173
3,146,174
3,147,199
3,154,306
3,155,382
3,157,136
3,158,336
3,166,305
3,170,83
3,171,38
3,174,137
3,178,290
3,181,286
3,182,5
3,186,396
3,188,311
3,193,127
3,194,275
3,196,97
3,197,290
4,1,245
4,2,6
4,7,215
4,8,77
4,9,42
4,10,322
4,11,19
4,12,32
4,13,351
4,15,348
4,17,10
4,18,30
4,20,167
4,21,367
4,22,235
4,23,166
4,25,96
4,26,387
4,27,248
4,30,32
4,32,149
4,33,11
4,34,373
4,35,79
4,39,69
4,40,221
4,42,310
4,43,21
4,45,162
4,46,87
4,47,328
4,49,149
4,50,333
4,51,212
4,52,74
4,54,127
4,57,145
4,58,353
4,59,237
4,60,187
4,62,329
4,64,66
4,65,400
4,66,191
4,69,208
4,77,227
4,78,169
4,82,209
4,83,204
4,86,33
4,88,260
4,89,330
4,93,131
4,97,225
4,98,384
4,99,51
4,101,235
4,103,295
4,104,282
4,108,158
4,109,280
4,111,325
4,112,313
4,114,294
4,115,386
4,116,267
4,117,28
4,118,176
4,119,363
4,122,86
4,123,267
4,124,126
4,125,72
4,126,289
4,127,157
4,130,31
4,131,123
4,132,10
4,133,56
4,136,330
4,137,258
4,139,33
4,140,106
4,141,32
4,142,101
4,143,76
4,144,160
4,146,182
4,148,297
4,149,314
4,152,283
4,162,393
4,164,365
4,165,138
4,167,230
4,168,301
4,170,91
4,171,151
4,172,163
4,173,360
4,176,178
4,179,277
4,180,311
4,182,126
4,184,142
4,185,160
4,186,391
4,188,240
4,190,154
4,191,359
4,195,181
5,2,53
5,3,397
5,6,381
5,7,45
5,9,365
5,12,24
5,15,382
5,16,367
5,17,367
5,18,217
5,19,196
5,20,289
5,21,367
5,23,345
5,24,361
5,25,328
5,26,153
5,28,65
5,31,98
5,32,127
5,33,154
5,38,336
5,39,28
5,41,175
5,42,88
5,43,126
5,44,200
5,45,371
5,46,70
5,47,308
5,48,357
5,49,267
5,51,35
5,53,289
5,54,232
5,55,274
5,56,30
5,60,80
5,61,180
5,64,271
5,66,40
5,69,324
5,70,83
5,71,111
5,72,98
5,73,244
5,76,232
5,78,14
5,80,162
5,81,50
5,82,390
5,83,137
5,84,264
5,85,45
5,92,154
5,93,135
5,94,394
5,95,295
5,98,324
5,99,150
5,100,278
5,101,22
5,102,226
5,104,183
5,106,2
5,107,51
5,108,387
5,109,342
5,112,144
5,115,10
5,117,140
5,123,81
5,124,116
5,127,282
5,130,299
5,132,226
5,136,331
5,140,351
5,141,52
5,147,10
5,148,31
5,149,241
5,152,271
5,153,382
5,154,331
5,155,150
5,156,367
5,159,164
5,162,246
5,169,338
5,170,40
5,172,192
5,174,233
5,177,121
5,179,365
5,181,102
5,185,342
5,187,14
5,191,33
5,198,400
5,199,102
5,200,224
6,1,225
6,2,172
6,3,132
6,5,381
6,7,176
6,8,314
6,9,50
6,10,231
6,11,218
6,12,116
6,13,257
6,14,248
6,16,205
6,17,115
6,18,377
6,20,308
6,21,393
6,22,187
6,23,243
6,24,156
6,25,133
6,26,122
6,27,291
6,28,245
6,29,321
6,30,27
6,32,376
6,34,147
6,35,14
6,36,271
6,42,257
6,43,371
6,44,179
6,45,200
6,49,48
6,50,98
6,53,255
6,54,2
6,57,197
6,61,10
6,63,84
6,65,294
6,66,27
6,68,293
6,70,51
6,71,214
6,73,9
6,74,219
6,75,283
6,76,139
6,81,225
6,83,311
6,90,287
6,91,355
6,92,68
6,93,201
6,95,189
6,99,67
6,101,211
6,104,188
6,105,313
6,106,190
6,107,197
6,108,24
6,111,333
6,112,219
6,113,247
6,114,356
6,115,37
6,118,292
6,121,21
6,122,146
6,124,91
6,127,254
6,128,193
6,130,147
6,131,111
6,133,122
6,134,32
6,135,166
6,136,236
6,138,96
6,140,247
6,141,77
6,142,28
6,144,107
6,146,309
6,148,106
6,151,318
6,154,194
6,155,58
6,163,91
6,164,81
6,165,250
6,170,357
6,173,70
6,181,116
6,183,67
6,184,12
6,185,137
6,186,394
6,189,346
6,191,185
6,194,48
7,2,267
7,3,326
7,4,215
7,5,45
7,6,176
7,8,228
7,9,168
7,12,324
7,14,13
7,19,215
7,20,140
7,23,254
7,25,215
7,26,78
7,27,12
7,29,248
7,32,202
7,33,98
7,36,319
7,37,89
7,38,366
7,39,187
7,41,30
7,42,200
7,44,157
7,45,268
7,49,111
7,50,191
7,51,85
7,54,35
7,55,155
7,56,347
7,57,158
7,59,167
7,61,349
7,64,385
7,66,69
7,67,294
7,69,345
7,71,170
7,74,18
7,76,380
7,78,22
7,79,229
7,80,40
7,83,142
7,84,316
7,85,370
7,86,222
7,87,386
7,88,228
7,89,299
7,91,372
7,92,220
7,94,307
7,95,70
7,99,136
7,100,319
7,103,158
7,106,252
7,107,54
7,111,108
7,112,258
7,113,194
7,115,371
7,118,160
7,120,299
7,122,144
7,123,110
7,125,272
7,128,307
7,129,261
7,140,264
7,141,333
7,146,223
7,147,221
7,149,98
7,150,181
7,152,390
7,153,126
7,158,333
7,163,344
7,166,130
7,168,121
7,171,296
7,174,137
7,179,105
7,185,207
7,186,166
7,187,226
7,188,195
7,192,120
7,194,125
7,198,311
7,200,56
8,1,70
8,2,203
8,3,28
8,4,77
8,6,314
8,7,228
8,10,237
8,11,381
8,14,187
8,15,245
8,16,218
8,17,390
8,18,189
8,21,58
8,22,258
8,24,250
8,26,176
8,27,192
8,29,13
8,30,140
8,31,207
8,32,95
8,35,7
8,36,126
8,37,156
8,38,138
8,40,337
8,42,185
8,44,252
8,45,394
8,47,58
8,48,104
8,50,17
8,52,340
8,53,30
8,54,307
8,55,241
8,56,342
8,59,194
8,60,153
8,62,360
8,63,183
8,64,60
8,65,61
8,66,117
8,67,159
8,69,21
8,70,202
8,71,112
8,72,259
8,73,81
8,74,237
8,75,336
8,76,61
8,79,288
8,80,53
8,81,16
8,83,145
8,84,327
8,85,260
8,87,155
8,88,120
8,91,328
8,92,111
8,94,77
8,95,387
8,96,57
8,97,178
8,98,84
8,101,202
8,102,31
8,104,24
8,106,36
8,111,156
8,117,333
8,122,120
8,123,305
8,125,183
8,126,374
8,127,55
8,133,379
8,137,164
8,138,392
8,141,298
8,146,332
8,148,291
8,149,358
8,151,223
8,156,261
8,157,288
8,158,191
8,162,44
8,163,185
8,166,126
8,167,101
8,170,226
8,172,333
8,173,298
8,174,220
8,175,325
8,183,176
8,187,233
8,193,166
8,196,207
8,198,179
9,1,53
9,2,200
9,3,166
9,4,42
9,5,365
9,6,50
9,7,168
9,10,262
9,11,152
9,12,76
9,13,257
9,16,208
9,17,348
9,18,170
9,19,146
9,20,335
9,21,277
9,22,100
9,23,356
9,24,163
9,26,203
9,27,65
9,30,118
9,31,157
9,33,126
9,36,96
9,37,161
9,38,281
9,39,38
9,40,326
9,41,215
9,43,175
9,44,106
9,45,180
9,47,221
9,50,183
9,51,9
9,52,257
9,53,232
9,54,275
9,57,25
9,58,306
9,59,188
9,60,245
9,61,260
9,62,295
9,63,158
9,64,226
9,66,297
9,67,304
9,68,207
9,70,260
9,71,92
9,72,99
9,73,172
9,74,43
9,75,168
9,76,364
9,77,176
9,79,275
9,82,63
9,83,125
9,84,59
9,86,315
9,87,176
9,88,171
9,89,38
9,90,21
9,91,303
9,92,303
9,94,343
9,97,187
9,98,314
9,102,11
9,103,177
9,108,395
9,109,202
9,119,255
9,123,314
9,124,201
9,125,52
9,126,77
9,127,85
9,128,330
9,129,218
9,132,280
9,137,164
9,140,147
9,141,267
9,142,180
9,144,164
9,145,44
9,146,210
9,148,324
9,149,46
9,150,388
9,152,260
9,153,325
9,154,88
9,155,205
9,157,138
9,159,283
9,164,154
9,167,287
9,169,185
9,172,200
9,173,22
9,174,349
9,181,336
9,183,365
9,186,284
9,191,80
9,193,226
9,194,249
9,195,71
9,196,116
9,197,172
10,2,333
10,4,322
10,6,231
10,8,237
10,9,262
10,12,239
10,13,387
10,14,351
10,15,250
10,16,194
10,17,272
10,18,273
10,19,304
10,23,356
10,26,216
10,27,119
10,28,339
10,29,240
10,31,193
10,32,165
10,33,291
10,34,112
10,35,77
10,36,146
10,38,318
10,39,145
10,40,352
10,42,236
10,43,192
10,46,172
10,47,146
10,48,383
10,51,289
10,53,273
10,54,252
10,55,327
10,57,398
10,58,67
10,60,7
10,61,132
10,62,104
10,63,316
10,64,399
10,65,51
10,72,275
10,73,266
10,74,201
10,76,103
10,77,283
10,81,75
10,82,350
10,83,337
10,84,282
10,86,115
10,88,136
10,89,26
10,90,46
10,91,318
10,93,16
10,94,219
10,96,340
10,102,90
10,103,264
10,108,108
10,112,4
10,114,323
10,115,96
10,116,40
10,119,270
10,120,117
10,121,180
10,124,316
10,125,40
10,126,257
10,130,184
10,131,74
10,132,219
10,133,278
10,135,120
10,140,353
10,141,275
10,142,361
10,143,139
10,149,149
10,150,240
10,154,204
10,155,127
10,157,245
10,166,68
10,167,19
10,171,378
10,175,334
10,176,147
10,178,388
10,181,116
10,182,196
10,183,352
10,187,258
10,189,190
10,190,175
10,194,175
10,197,330
10,199,209
11,3,79
11,4,19
11,6,218
11,8,381
11,9,152
11,13,86
11,14,94
11,15,2
11,17,247
11,18,350
11,20,358
11,21,198
11,22,266
11,23,253
11,25,289
11,26,330
11,27,252
11,28,155
11,31,103
11,33,169
11,34,260
11,35,193
11,38,249
11,39,39
11,40,165
11,41,92
11,42,107
11,43,63
11,44,10
11,45,15
11,46,318
11,47,267
11,49,1
11,51,390
11,53,314
11,54,208
11,55,357
11,56,285
11,57,134
11,58,239
11,59,214
11,63,400
11,64,280
11,65,307
11,66,20
11,67,170
11,68,155
11,70,170
11,72,289
11,75,190
11,76,68
11,77,162
11,78,378
11,80,64
11,82,307
11,83,236
11,84,177
11,85,279
11,88,108
11,89,286
11,91,18
11,93,288
11,98,171
11,106,292
11,107,358
11,108,104
11,109,90
11,110,354
11,114,181
11,115,126
11,120,97
11,122,169
11,123,208
11,128,281
11,129,278
11,131,208
11,135,153
11,136,199
11,142,82
11,145,240
11,146,354
11,149,90
11,152,96
11,157,208
11,160,256
11,161,358
11,164,93
11,165,7
11,169,253
11,174,235
11,177,109
11,183,304
11,184,238
11,191,13
11,192,339
11,198,278
12,1,247
12,2,367
12,3,165
12,4,32
12,5,24
12,6,116
12,7,324
12,9,76
12,10,239
12,13,89
12,17,168
12,20,180
12,21,70
12,23,37
12,24,83
12,25,300
12,27,176
12,28,118
12,30,226
12,32,258
12,34,108
12,36,374
12,38,237
12,39,150
12,40,9
12,41,270
12,42,275
12,43,28
12,44,175
12,45,334
12,46,225
12,47,330
12,48,348
12,49,254
12,50,272
12,51,393
12,52,206
12,53,181
12,54,99
12,56,395
12,57,152
12,58,293
12,61,112
12,66,202
12,71,270
12,72,129
12,73,52
12,75,310
12,76,14
12,77,88
12,79,36
12,80,390
12,83,196
12,86,41
12,88,11
12,89,335
12,90,387
12,91,33
12,96,328
12,97,48
12,98,284
12,100,353
12,101,61
12,102,392
12,103,233
12,105,114
12,106,120
12,109,86
12,110,345
12,113,231
12,121,34
12,123,341
12,129,124
12,130,56
12,132,233
12,134,246
12,135,90
12,137,380
12,140,289
12,141,152
12,145,226
12,152,136
12,155,367
12,159,39
12,169,370
12,170,77
12,171,235
12,175,152
12,179,42
12,180,315
12,183,248
12,186,276
12,194,374
12,198,175
12,199,104
13,1,101
13,3,313
13,4,351
13,6,257
13,9,257
13,10,387
13,11,86
13,12,89
13,14,400
13,16,346
13,18,364
13,19,136
13,20,10
13,23,392
13,24,387
13,26,112
13,27,356
13,28,307
13,30,242
13,31,182
13,32,12
13,33,99
13,34,386
13,36,248
13,37,377
13,39,216
13,41,267
13,42,349
13,43,208
13,44,47
13,45,265
13,46,369
13,47,33
13,49,98
13,50,5
13,51,71
13,52,398
13,53,14
13,55,242
13,56,43
13,58,54
13,60,273
13,61,205
13,64,282
13,67,183
13,68,127
13,70,296
13,71,22
13,73,64
13,74,112
13,75,63
13,76,8
13,77,322
13,78,93
13,81,284
13,82,307
13,83,249
13,84,30
13,85,286
13,86,149
13,89,361
13,90,171
13,91,380
13,92,127
13,93,11
13,95,320
13,96,194
13,97,383
13,98,52
13,100,13
13,103,131
13,104,309
13,105,347
13,106,396
13,108,86
13,110,193
13,111,385
13,113,323
13,114,265
13,117,80
13,118,400
13,120,316
13,122,86
13,123,288
13,127,231
13,128,96
13,130,84
13,131,69
13,138,238
13,139,262
13,142,150
13,146,258
13,149,258
13,150,302
13,151,79
13,152,246
13,155,236
13,156,94
13,158,35
13,159,214
13,161,355
13,164,275
13,167,202
13,171,142
13,176,96
13,183,17
13,185,178
13,187,209
13,189,392
13,190,201
13,191,32
13,193,265
13,194,40
13,196,12
13,200,24
14,1,155
14,2,151
14,3,37
14,6,248
14,7,13
14,8,187
14,10,351
14,11,94
14,13,400
14,15,344
14,16,92
14,17,393
14,18,133
14,19,305
14,20,234
14,23,105
14,28,70
14,29,291
14,30,55
14,31,189
14,33,6
14,34,25
14,35,206
14,36,59
14,39,94
14,40,220
14,41,101
14,45,359
14,47,104
14,49,308
14,53,302
14,55,150
14,56,249
14,58,25
14,59,115
14,61,273
14,62,330
14,63,242
14,64,259
14,65,228
14,66,59
14,67,1
14,68,21
14,70,292
14,71,329
14,72,90
14,75,61
14,77,55
14,78,173
14,81,230
14,82,92
14,90,41
14,91,367
14,92,114
14,93,319
14,94,222
14,95,185
14,96,95
14,97,283
14,98,287
14,100,371
14,101,94
14,102,76
14,103,39
14,104,72
14,105,327
14,106,53
14,108,3
14,111,179
14,112,379
14,115,95
14,117,365
14,119,60
14,121,15
14,124,131
14,126,338
14,130,63
14,132,278
14,133,202
14,134,305
14,136,39
14,137,241
14,140,149
14,145,326
14,151,236
14,153,157
14,159,132
14,162,368
14,163,314
14,166,21
14,168,274
14,169,77
14,171,104
14,172,82
14,179,124
14,181,326
14,184,23
14,185,365
14,193,13
14,196,381
14,199,371
14,200,1
15,1,161
15,2,309
15,3,118
15,4,348
15,5,382
15,8,245
15,10,250
15,11,2
15,14,344
15,18,105
15,20,205
15,21,98
15,22,200
15,23,201
15,24,274
15,28,113
15,29,266
15,30,8
15,31,210
15,32,317
15,33,150
15,35,384
15,36,365
15,37,174
15,38,51
15,41,96
15,43,42
15,44,273
15,45,99
15,48,362
15,49,272
15,52,39
15,53,161
15,54,233
15,55,381
15,57,26
15,59,359
15,61,362
15,62,226
15,66,265
15,68,329
15,70,137
15,71,125
15,72,380
15,73,87
15,77,243
15,80,146
15,81,143
15,82,31
15,83,112
15,85,180
15,86,295
15,88,44
15,89,360
15,91,63
15,93,99
15,95,302
15,96,285
15,99,353
15,100,125
15,101,300
15,102,45
15,103,105
15,105,364
15,106,203
15,108,352
15,109,107
15,113,282
15,114,263
15,118,73
15,119,365
15,120,146
15,121,267
15,128,54
15,129,338
15,131,24
15,133,188
15,136,15
15,138,25
15,139,379
15,140,120
15,149,357
15,152,391
15,153,124
15,157,235
15,159,82
15,165,59
15,172,37
15,174,210
15,175,264
15,179,203
15,181,259
15,182,89
15,183,314
15,191,164
15,197,373
16,1,159
16,2,14
16,3,278
16,5,367
16,6,205
16,8,218
16,9,208
16,10,194
16,13,346
16,14,92
16,19,115
16,20,238
16,22,288
16,23,31
16,24,34
16,25,47
16,26,35
16,27,58
16,28,51
16,29,50
16,30,247
16,32,212
16,33,163
16,37,52
16,38,268
16,40,160
16,43,360
16,44,2
16,45,234
16,46,50
16,47,235
16,49,40
16,50,86
16,51,70
16,52,379
16,53,228
16,54,353
16,55,56
16,58,236
16,59,338
16,62,54
16,63,159
16,64,156
16,66,118
16,68,219
16,70,361
16,71,132
16,72,113
16,73,81
16,74,86
16,75,257
16,76,155
16,77,48
16,80,355
16,81,248
16,82,378
16,83,386
16,84,259
16,85,207
16,92,390
16,93,17
16,95,373
16,96,8
16,97,163
16,98,156
16,102,395
16,105,258
16,106,59
16,107,153
16,108,331
16,111,323
16,115,176
16,116,369
16,117,151
16,118,122
16,127,191
16,128,275
16,129,329
16,131,18
16,132,263
16,133,165
16,141,174
16,142,393
16,145,75
16,149,399
16,150,216
16,151,122
16,152,80
16,154,20
16,155,6
16,157,244
16,158,173
16,160,175
16,164,279
16,168,273
16,173,392
16,176,69
16,177,283
16,184,101
16,190,219
16,192,210
16,194,253
16,196,189
16,197,284
16,200,144
17,1,81
17,4,10
17,5,367
17,6,115
17,8,390
17,9,348
17,10,272
17,11,247
17,12,168
17,14,393
17,20,227
17,21,393
17,22,293
17,24,342
17,25,154
17,29,306
17,31,192
17,32,25
17,33,302
17,34,225
17,37,150
17,38,305
17,39,109
17,40,351
17,41,262
17,43,281
17,44,21
17,45,21
17,46,48
17,47,385
17,48,27
17,49,99
17,50,356
17,52,301
17,53,279
17,55,335
17,56,309
17,62,170
17,64,143
17,65,395
17,66,190
17,67,345
17,69,317
17,70,157
17,71,64
17,73,388
17,74,61
17,76,115
17,77,82
17,79,54
17,81,360
17,83,288
17,85,181
17,87,399
17,88,369
17,89,119
17,93,156
17,95,158
17,97,313
17,98,173
17,100,288
17,102,294
17,103,176
17,107,212
17,109,161
17,110,344
17,111,80
17,113,319
17,115,317
17,117,389
17,120,268
17,121,141
17,124,176
17,126,107
17,129,59
17,132,60
17,133,126
17,134,197
17,137,211
17,141,260
17,142,225
17,145,18
17,146,12
17,147,375
17,151,3
17,152,130
17,153,158
17,155,158
17,156,302
17,159,194
17,164,123
17,167,172
17,169,26
17,172,202
17,174,190
17,178,35
17,179,101
17,180,182
17,183,30
17,195,77
17,196,128
18,1,130
18,2,236
18,3,228
18,4,30
18,5,217
18,6,377
18,8,189
18,9,170
18,10,273
18,11,350
18,13,364
18,14,133
18,15,105
18,20,40
18,21,345
18,22,121
18,23,243
18,25,37
18,26,76
18,28,205
18,29,83
18,30,18
18,31,368
18,33,385
18,35,301
18,36,48
18,37,167
18,39,3
18,40,16
18,41,336
18,42,14
18,43,120
18,44,171
18,46,11
18,53,174
18,54,205
18,57,11
18,58,340
18,59,86
18,62,276
18,63,19
18,64,212
18,65,14
18,66,270
18,68,133
18,69,15
18,70,364
18,71,151
18,72,182
18,73,314
18,74,156
18,75,144
18,76,326
18,78,385
18,80,348
18,82,165
18,83,58
18,85,325
18,87,185
18,89,38
18,90,241
18,91,299
18,92,236
18,93,15
18,96,260
18,97,100
18,101,18
18,102,118
18,105,54
18,107,290
18,111,166
18,113,119
18,114,163
18,115,359
18,117,270
18,121,361
18,124,259
18,125,206
18,128,340
18,129,203
18,130,125
18,135,329
18,139,144
18,142,7
18,143,60
18,144,67
18,146,102
18,147,180
18,148,65
18,149,250
18,150,19
18,151,190
18,152,335
18,155,10
18,156,240
18,157,140
18,158,81
18,162,371
18,163,345
18,164,130
18,166,282
18,169,378
18,175,231
18,177,5
18,179,336
18,181,194
18,184,313
18,185,362
18,188,319
18,189,41
18,192,274
18,196,227
19,1,215
19,2,187
19,5,196
19,7,215
19,9,146
19,10,304
19,13,136
19,14,305
19,16,115
19,20,340
19,22,15
19,23,9
19,25,172
19,27,313
19,32,120
19,33,205
19,35,302
19,38,388
19,40,64
19,41,6
19,42,242
19,46,356
19,48,107
19,49,1
19,51,60
19,53,32
19,54,384
19,55,78
19,58,175
19,59,36
19,60,282
19,61,138
19,62,348
19,64,107
19,66,335
19,68,62
19,69,261
19,71,237
19,72,195
19,73,326
19,74,375
19,77,156
19,78,63
19,80,336
19,85,323
19,88,335
19,89,52
19,90,188
19,93,224
19,94,391
19,96,226
19,99,10
19,104,75
19,105,309
19,107,351
19,111,256
19,112,173
19,113,320
19,115,344
19,116,128
19,118,156
19,122,36
19,125,173
19,129,251
19,131,179
19,132,234
19,134,348
19,137,212
19,138,294
19,139,172
19,140,268
19,141,237
19,142,324
19,143,31
19,149,238
19,150,362
19,152,120
19,153,173
19,154,32
19,157,384
19,158,255
19,162,307
19,165,340
19,167,161
19,175,364
19,179,124
19,183,377
19,184,108
19,185,176
19,187,344
19,188,381
19,191,120
19,192,378
19,194,77
19,197,263
19,200,341
20,1,218
20,2,320
20,4,167
20,5,289
20,6,308
20,7,140
20,9,335
20,11,358
20,12,180
20,13,10
20,14,234
20,15,205
20,16,238
20,17,227
20,18,40
20,19,340
20,22,112
20,24,177
20,25,141
20,26,62
20,29,115
20,30,26
20,31,209
20,33,285
20,34,118
20,36,143
20,38,326
20,40,220
20,42,252
20,47,275
20,48,184
20,49,34
20,50,377
20,51,215
20,53,82
20,54,262
20,55,38
20,56,375
20,57,182
20,60,135
20,62,79
20,64,310
20,65,268
20,67,237
20,68,73
20,69,293
20,71,254
20,72,176
20,73,285
20,74,213
20,78,17
20,79,250
20,80,223
20,81,105
20,84,134
20,88,214
20,90,42
20,91,36
20,92,229
20,93,94
20,96,97
20,97,227
20,102,284
20,103,182
20,104,315
20,105,25
20,106,195
20,108,64
20,109,4
20,110,122
20,111,265
20,112,70
20,114,109
20,116,214
20,119,388
20,122,387
20,124,3
20,126,343
20,129,235
20,130,21
20,131,199
20,132,109
20,136,86
20,137,86
20,138,151
20,139,341
20,143,321
20,145,322
20,148,61
20,149,56
20,152,23
20,155,215
20,159,90
20,162,144
20,166,175
20,174,229
20,175,139
20,185,81
20,189,298
20,191,126
20,193,6
20,197,20
20,198,100
21,1,336
21,2,191
21,3,63
21,4,367
21,5,367
21,6,393
21,8,58
21,9,277
21,11,198
21,12,70
21,15,98
21,17,393
21,18,345
21,24,331
21,25,341
21,27,368
21,28,379
21,30,194
21,31,73
21,32,354
21,35,146
21,36,141
21,38,388
21,39,353
21,40,18
21,41,131
21,42,237
21,43,75
21,44,384
21,45,157
21,46,11
21,47,64
21,48,252
21,50,131
21,51,317
21,52,370
21,53,107
21,54,117
21,55,128
21,58,14
21,60,374
21,61,275
21,63,128
21,66,100
21,67,395
21,71,207
21,72,154
21,74,354
21,75,7
21,77,83
21,79,119
21,80,183
21,82,343
21,83,231
21,85,45
21,86,88
21,87,296
21,88,210
21,89,200
21,90,327
21,93,293
21,94,29
21,96,399
21,97,186
21,98,195
21,99,351
21,100,57
21,101,95
21,102,58
21,103,9
21,104,85
21,105,44
21,107,23
21,108,104
21,109,215
21,110,151
21,112,157
21,115,20
21,117,208
21,121,243
21,123,388
21,124,182
21,125,285
21,128,62
21,129,213
21,131,242
21,135,360
21,137,225
21,142,326
21,143,145
21,145,141
21,151,78
21,153,232
21,154,143
21,155,75
21,156,2
21,163,61
21,167,389
21,168,230
21,170,207
21,172,205
21,175,337
21,176,278
21,177,337
21,181,297
21,185,164
22,1,362
22,3,258
22,4,235
22,6,187
22,8,258
22,9,100
22,11,266
22,15,200
22,16,288
22,17,293
22,18,121
22,19,15
22,20,112
22,23,359
22,24,213
22,25,209
22,26,146
22,27,106
22,28,90
22,29,328
22,30,137
22,31,95
22,33,186
22,35,301
22,38,232
22,42,51
22,43,264
22,44,236
22,45,18
22,46,119
22,47,75
22,48,287
22,49,101
22,52,297
22,53,34
22,56,126
22,57,110
22,58,29
22,59,18
22,60,394
22,63,394
22,64,252
22,67,10
22,68,354
22,69,18
22,70,106
22,71,293
22,72,305
22,73,57
22,75,57
22,77,256
22,78,55
22,80,145
22,81,235
22,84,356
22,85,43
22,86,26
22,87,15
22,88,314
22,89,294
22,91,247
22,93,305
22,94,200
22,95,145
22,96,9
22,97,138
22,99,175
22,101,319
22,102,109
22,103,74
22,105,330
22,108,373
22,109,3
22,110,170
22,113,338
22,114,20
22,115,251
22,117,186
22,118,81
22,119,100
22,121,267
22,123,145
22,124,44
22,126,28
22,131,278
22,133,228
22,134,388
22,136,395
22,137,197
22,140,339
22,146,46
22,154,389
22,155,204
22,157,311
22,160,51
22,161,249
22,162,189
22,163,347
22,167,206
22,168,295
22,169,280
22,170,39
22,176,225
22,178,20
22,179,267
22,183,362
22,186,87
22,188,345
22,190,145
22,193,55
22,197,168
22,199,139
22,200,218
23,2,332
23,4,166
23,5,345
23,6,243
23,7,254
23,9,356
23,10,356
23,11,253
23,12,37
23,13,392
23,14,105
23,15,201
23,16,31
23,18,243
23,19,9
23,22,359
23,29,78
23,30,291
23,32,281
23,33,132
23,34,227
23,35,138
23,37,229
23,38,278
23,39,244
23,40,37
23,42,368
23,43,393
23,45,40
23,46,86
23,47,191
23,48,95
23,50,194
23,51,84
23,53,16
23,55,149
23,57,16
23,60,397
23,62,237
23,65,187
23,66,269
23,67,118
23,68,398
23,69,304
23,71,147
23,72,36
23,73,113
23,74,81
23,75,323
23,76,344
23,78,140
23,80,163
23,82,275
23,83,177
23,85,355
23,88,301
23,90,267
23,92,247
23,94,43
23,95,24
23,96,361
23,99,289
23,102,72
23,105,39
23,107,197
23,110,67
23,111,300
23,112,387
23,119,96
23,120,222
23,121,9
23,123,356
23,125,268
23,127,114
23,129,9
23,131,234
23,139,336
23,140,105
23,142,290
23,146,190
23,150,203
23,151,363
23,158,37
23,160,179
23,161,191
23,163,6
23,164,163
23,165,189
23,167,87
23,182,61
23,186,217
23,190,283
23,198,78
23,199,265
24,1,8
24,2,239
24,3,309
24,5,361
24,6,156
24,8,250
24,9,163
24,12,83
24,13,387
24,15,274
24,16,34
24,17,342
24,20,177
24,21,331
24,22,213
24,25,6
24,26,339
24,27,232
24,28,370
24,29,64
24,30,2
24,33,148
24,34,246
24,36,345
24,37,396
24,39,158
24,41,74
24,43,194
24,45,205
24,46,191
24,48,371
24,50,108
24,51,352
24,53,332
24,54,358
24,55,351
24,56,102
24,57,107
24,59,232
24,62,115
24,64,182
24,66,80
24,67,56
24,69,26
24,70,30
24,71,283
24,72,172
24,74,182
24,76,225
24,81,197
24,84,221
24,85,330
24,86,25
24,87,389
24,92,167
24,94,184
24,95,182
24,98,302
24,101,6
24,104,330
24,105,36
24,106,327
24,107,281
24,108,299
24,109,337
24,113,379
24,114,271
24,116,267
24,118,252
24,119,283
24,120,206
24,122,316
24,123,179
24,124,113
24,125,134
24,126,115
24,134,15
24,135,190
24,136,134
24,137,334
24,138,202
24,141,296
24,143,386
24,145,297
24,146,278
24,151,264
24,153,155
24,163,238
24,164,319
24,167,188
24,170,241
24,179,123
24,180,42
24,182,47
24,183,188
24,184,18
24,186,39
24,188,330
24,189,398
24,192,31
24,193,387
24,194,29
24,195,117
24,198,90
25,1,4
25,2,307
25,3,127
25,4,96
25,5,328
25,6,133
25,7,215
25,11,289
25,12,300
25,16,47
25,17,154
25,18,37
25,19,172
25,20,141
25,21,341
25,22,209
25,24,6
25,26,28
25,27,110
25,28,349
25,29,58
25,30,361
25,32,365
25,35,87
25,36,59
25,37,193
25,39,144
25,40,232
25,42,176
25,43,391
25,45,261
25,46,220
25,47,370
25,48,328
25,49,297
25,51,311
25,52,233
25,55,177
25,57,275
25,59,216
25,60,87
25,61,232
25,62,349
25,63,373
25,64,20
25,68,309
25,69,255
25,70,121
25,72,290
25,73,65
25,75,265
25,77,206
25,78,240
25,79,304
25,80,179
25,82,331
25,84,179
25,86,286
25,87,200
25,88,395
25,91,20
25,92,260
25,94,235
25,95,24
25,96,297
25,99,373
25,100,58
25,101,283
25,102,316
25,103,373
25,105,55
25,109,188
25,111,304
25,112,44
25,114,36
25,116,232
25,124,211
25,125,88
25,126,86
25,128,15
25,131,90
25,132,199
25,133,14
25,134,18
25,135,304
25,138,373
25,140,19
25,141,316
25,142,152
25,143,183
25,146,263
25,147,112
25,149,174
25,150,222
25,152,378
25,154,392
25,157,2
25,160,128
25,167,344
25,170,78
25,172,97
25,174,2
25,175,371
25,176,277
25,177,334
25,186,235
25,188,389
25,194,169
25,198,178
25,200,200
26,3,362
26,4,387
26,5,153
26,6,122
26,7,78
26,8,176
26,9,203
26,10,216
26,11,330
26,13,112
26,16,35
26,18,76
26,20,62
26,22,146
26,24,339
26,25,28
26,27,152
26,29,387
26,31,325
26,32,40
26,33,10
26,34,87
26,35,232
26,36,280
26,37,285
26,38,332
26,39,37
26,40,118
26,41,320
26,42,190
26,45,245
26,48,130
26,49,233
26,50,373
26,52,86
26,54,195
26,55,136
26,60,163
26,61,215
26,65,242
26,66,97
26,70,253
26,72,272
26,74,290
26,75,215
26,76,181
26,81,361
26,82,204
26,83,82
26,84,24
26,85,108
26,86,124
26,90,218
26,92,187
26,95,302
26,96,101
26,97,346
26,100,188
26,101,49
26,103,208
26,110,271
26,111,329
26,114,308
26,116,118
26,118,59
26,124,143
26,126,384
26,130,225
26,131,94
26,132,215
26,138,65
26,141,361
26,143,19
26,145,346
26,146,68
26,150,150
26,151,245
26,152,186
26,154,328
26,157,351
26,158,313
26,160,260
26,161,295
26,162,218
26,171,197
26,178,236
26,180,18
26,188,334
26,189,199
26,200,11
27,2,163
27,4,248
27,6,291
27,7,12
27,8,192
27,9,65
27,10,119
27,11,252
27,12,176
27,13,356
27,16,58
27,19,313
27,21,368
27,22,106
27,24,232
27,25,110
27,26,152
27,28,145
27,30,222
27,31,192
27,36,246
27,37,65
27,38,300
27,39,155
27,40,41
27,41,255
27,42,319
27,45,182
27,47,382
27,48,253
27,50,86
27,51,263
27,52,348
27,54,400
27,55,317
27,56,227
27,58,84
27,59,312
27,61,323
27,63,279
27,64,371
27,65,48
27,66,371
27,68,100
27,69,57
27,71,65
27,72,290
27,73,240
27,74,186
27,76,72
27,77,241
27,80,187
27,82,104
27,84,22
27,87,291
27,88,362
27,91,260
27,92,346
27,94,347
27,95,99
27,97,38
27,98,155
27,100,270
27,101,362
27,102,328
27,105,129
27,107,306
27,108,30
27,109,325
27,111,75
27,112,384
27,113,170
27,116,231
27,121,97
27,122,68
27,125,308
27,126,380
27,127,87
27,130,282
27,132,355
27,133,369
27,138,285
27,142,26
27,144,67
27,153,51
27,154,258
27,157,56
27,158,347
27,161,221
27,167,318
27,170,123
27,177,118
27,179,306
27,184,258
27,185,390
27,190,374
27,192,43
27,193,154
27,195,123
27,199,126
28,1,44
28,2,175
28,5,65
28,6,245
28,10,339
28,11,155
28,12,118
28,13,307
28,14,70
28,15,113
28,16,51
28,18,205
28,21,379
28,22,90
28,24,370
28,25,349
28,27,145
28,29,265
28,31,227
28,32,300
28,33,296
28,34,192
28,35,144
28,36,288
28,37,82
28,40,32
28,41,28
28,42,39
28,44,319
28,48,396
28,51,150
28,52,108
28,53,83
28,54,77
28,55,73
28,61,224
28,63,311
28,64,227
28,65,133
28,69,324
28,70,77
28,72,357
28,73,20
28,74,339
28,77,166
28,78,398
28,79,344
28,81,364
28,83,249
28,85,123
28,86,366
28,90,118
28,91,60
28,97,209
28,99,250
28,102,97
28,105,102
28,109,83
28,111,259
28,112,149
28,114,215
28,116,358
28,117,136
28,121,131
28,126,8
28,128,199
28,132,375
28,134,349
28,135,331
28,137,396
28,139,368
28,144,311
28,146,184
28,147,215
28,149,24
28,150,47
28,153,160
28,154,59
28,155,345
28,160,179
28,162,168
28,165,37
28,167,140
28,170,320
28,171,77
28,172,288
28,173,88
28,174,139
28,175,212
28,176,290
28,178,117
28,181,314
28,186,323
28,190,355
28,191,150
28,193,364
28,197,341
29,2,304
29,3,200
29,6,321
29,7,248
29,8,13
29,10,240
29,14,291
29,15,266
29,16,50
29,17,306
29,18,83
29,20,115
29,22,328
29,23,78
29,24,64
29,25,58
29,26,387
29,28,265
29,30,370
29,31,108
29,37,169
29,38,384
29,39,120
29,40,233
29,41,319
29,42,276
29,43,379
29,45,2
29,46,110
29,49,80
29,51,161
29,52,149
29,53,151
29,55,221
29,56,64
29,57,320
29,58,19
29,59,150
29,60,6
29,61,151
29,63,187
29,64,331
29,66,197
29,67,253
29,68,203
29,69,335
29,70,325
29,74,298
29,75,369
29,76,256
29,77,262
29,78,101
29,79,372
29,80,191
29,83,126
29,87,186
29,88,135
29,90,103
29,91,22
29,92,290
29,95,147
29,96,228
29,97,394
29,98,27
29,99,279
29,101,180
29,102,65
29,104,114
29,106,99
29,108,57
29,109,345
29,110,125
29,113,273
29,116,146
29,117,151
29,122,386
29,124,94
29,128,14
29,134,93
29,139,69
29,140,324
29,142,155
29,144,319
29,150,67
29,152,174
29,156,134
29,158,179
29,160,293
29,162,326
29,166,283
29,167,185
29,169,377
29,172,319
29,175,52
29,179,247
29,181,294
29,185,249
29,186,89
29,187,221
29,188,196
29,189,27
29,194,309
29,199,392
30,3,395
30,4,32
30,6,27
30,8,140
30,9,118
30,12,226
30,13,242
30,14,55
30,15,8
30,16,247
30,18,18
30,20,26
30,21,194
30,22,137
30,23,291
30,24,2
30,25,361
30,27,222
30,29,370
30,31,202
30,32,98
30,33,123
30,34,377
30,36,295
30,37,255
30,38,83
30,39,46
30,41,90
30,43,396
30,44,254
30,45,167
30,46,155
30,47,309
30,48,190
30,49,218
30,53,59
30,54,66
30,55,96
30,57,46
30,59,323
30,60,130
30,62,13
30,65,19
30,67,72
30,69,81
30,70,174
30,72,196
30,73,94
30,74,67
30,75,398
30,76,8
30,83,276
30,84,313
30,85,207
30,87,383
30,90,326
30,91,209
30,94,395
30,95,305
30,96,126
30,97,204
30,98,323
30,100,201
30,101,307
30,102,10
30,105,88
30,107,148
30,110,291
30,112,40
30,113,19
30,114,238
30,115,95
30,116,307
30,117,42
30,121,261
30,127,250
30,131,166
30,136,255
30,141,343
30,142,17
30,148,100
30,150,108
30,154,235
30,155,165
30,157,284
30,158,299
30,159,110
30,162,171
30,165,267
30,166,35
30,167,356
30,168,350
30,171,78
30,174,352
30,175,370
30,186,268
30,188,67
30,190,149
30,191,196
30,196,141
31,1,297
31,2,242
31,3,219
31,5,98
31,8,207
31,9,157
31,10,193
31,11,103
31,13,182
31,14,189
31,15,210
31,17,192
31,18,368
31,20,209
31,21,73
31,22,95
31,26,325
31,27,192
31,28,227
31,29,108
31,30,202
31,35,325
31,37,147
31,38,126
31,40,88
31,44,167
31,45,3
31,46,238
31,47,227
31,48,329
31,49,180
31,51,274
31,52,73
31,53,396
31,54,264
31,56,250
31,58,349
31,59,209
31,60,184
31,62,86
31,63,296
31,64,295
31,65,49
31,66,214
31,67,279
31,69,238
31,70,55
31,72,117
31,73,196
31,74,399
31,75,23
31,76,276
31,78,3
31,81,161
31,83,276
31,84,103
31,86,145
31,87,357
31,88,2
31,90,390
31,91,121
31,93,10
31,95,12
31,97,48
31,98,373
31,99,309
31,103,173
31,105,383
31,108,363
31,111,174
31,112,197
31,113,241
31,114,359
31,115,119
31,116,355
31,118,186
31,120,149
31,122,261
31,123,343
31,124,52
31,126,144
31,127,352
31,128,97
31,135,130
31,136,111
31,137,317
31,145,37
31,146,324
31,149,23
31,150,376
31,151,152
31,152,258
31,154,55
31,157,114
31,160,121
31,165,384
31,166,58
31,169,288
31,173,119
31,175,257
31,178,293
31,180,181
31,182,357
31,187,159
31,196,196
31,200,160
32,1,243
32,2,74
32,3,232
32,4,149
32,5,127
32,6,376
32,7,202
32,8,95
32,10,165
32,12,258
32,13,12
32,15,317
32,16,212
32,17,25
32,19,120
32,21,354
32,23,281
32,25,365
32,26,40
32,28,300
32,30,98
32,33,74
32,34,171
32,36,243
32,37,46
32,38,300
32,39,18
32,41,73
32,42,386
32,44,59
32,45,366
32,46,248
32,47,110
32,48,312
32,49,135
32,50,345
32,54,159
32,55,374
32,56,334
32,59,318
32,61,284
32,63,279
32,64,114
32,65,242
32,67,45
32,69,48
32,70,155
32,71,350
32,72,372
32,75,224
32,76,359
32,77,159
32,80,348
32,81,124
32,83,164
32,84,27
32,85,137
32,86,29
32,88,348
32,89,278
32,90,343
32,91,222
32,94,391
32,97,181
32,99,183
32,101,246
32,102,207
32,107,118
32,108,123
32,110,312
32,111,395
32,114,169
32,116,211
32,117,238
32,118,211
32,119,162
32,124,345
32,125,237
32,129,380
32,130,166
32,131,43
32,137,16
32,141,125
32,149,271
32,156,258
32,157,81
32,159,145
32,160,261
32,161,252
32,167,113
32,173,237
32,174,251
32,176,107
32,179,256
32,180,338
32,184,260
32,185,54
32,187,285
32,193,247
32,197,389
32,198,246
33,3,203
33,4,11
33,5,154
33,7,98
33,9,126
33,10,291
33,11,169
33,13,99
33,14,6
33,15,150
33,16,163
33,17,302
33,18,385
33,19,205
33,20,285
33,22,186
33,23,132
33,24,148
33,26,10
33,28,296
33,30,123
33,32,74
33,34,317
33,35,318
33,36,239
33,37,60
33,38,16
33,39,165
33,40,174
33,43,171
33,44,346
33,46,68
33,47,337
33,49,27
33,50,236
33,51,95
33,52,156
33,53,133
33,54,230
33,55,338
33,58,87
33,60,379
33,62,356
33,63,196
33,65,348
33,67,337
33,68,357
33,70,340
33,71,68
33,72,193
33,73,333
33,77,154
33,78,191
33,79,103
33,80,365
33,81,273
33,84,152
33,85,198
33,86,374
33,91,2
33,92,68
33,96,378
33,99,320
33,100,334
33,102,240
33,103,205
33,104,209
33,105,232
33,110,11
33,112,392
33,118,58
33,119,292
33,122,181
33,126,306
33,127,377
33,130,303
33,132,52
33,133,251
33,139,51
33,140,42
33,142,385
33,143,247
33,144,366
33,145,63
33,147,160
33,149,11
33,155,329
33,159,353
33,162,141
33,163,337
33,166,333
33,168,261
33,170,372
33,171,228
33,173,94
33,175,288
33,177,315
33,178,164
33,179,125
33,184,216
33,185,350
33,187,304
33,189,388
33,199,87
34,3,213
34,4,373
34,6,147
34,10,112
34,11,260
34,12,108
34,13,386
34,14,25
34,17,225
34,20,118
34,23,227
34,24,246
34,26,87
34,28,192
34,30,377
34,32,171
34,33,317
34,35,253
34,36,11
34,38,392
34,41,264
34,43,224
34,44,163
34,45,364
34,46,229
34,47,373
34,49,108
34,50,10
34,51,396
34,54,88
34,55,395
34,58,234
34,60,49
34,64,354
34,65,346
34,68,234
34,74,301
34,77,245
34,78,305
34,79,248
34,80,280
34,81,123
34,82,314
34,83,188
34,86,241
34,87,252
34,88,19
34,89,148
34,91,336
34,93,146
34,94,311
34,95,181
34,98,385
34,99,204
34,102,249
34,104,271
34,106,103
34,108,212
34,110,210
34,111,266
34,112,124
34,114,3
34,117,251
34,121,167
34,122,311
34,125,241
34,126,157
34,127,88
34,129,70
34,130,159
34,131,229
34,134,323
34,136,125
34,140,198
34,145,82
34,148,210
34,150,313
34,154,327
34,159,96
34,162,283
34,168,144
34,169,282
34,170,128
34,172,187
34,176,168
34,177,33
34,179,102
34,180,331
34,186,60
34,188,268
34,189,162
34,191,232
34,192,190
34,193,204
34,195,150
34,198,255
35,2,150
35,3,386
35,4,79
35,6,14
35,8,7
35,10,77
35,11,193
35,14,206
35,15,384
35,18,301
35,19,302
35,21,146
35,22,301
35,23,138
35,25,87
35,26,232
35,28,144
35,31,325
35,33,318
35,34,253
35,36,107
35,38,140
35,39,194
35,41,266
35,42,132
35,43,210
35,44,27
35,48,255
35,49,62
35,51,271
35,54,128
35,56,208
35,57,283
35,58,341
35,59,393
35,62,208
35,64,342
35,65,396
35,67,224
35,70,395
35,72,81
35,73,208
35,75,31
35,76,266
35,77,316
35,78,315
35,79,258
35,80,385
35,82,361
35,89,172
35,91,388
35,94,206
35,95,103
35,96,114
35,97,293
35,98,107
35,99,103
35,101,111
35,104,191
35,106,283
35,110,323
35,114,194
35,115,124
35,116,132
35,118,5
35,119,27
35,121,90
35,123,294
35,129,5
35,133,203
35,135,224
35,136,376
35,137,182
35,139,355
35,140,94
35,146,381
35,147,215
35,152,397
35,158,95
35,159,79
35,170,9
35,173,313
35,175,54
35,184,110
35,186,139
35,188,115
35,191,256
35,194,143
36,1,306
36,2,60
36,6,271
36,7,319
36,8,126
36,9,96
36,10,146
36,12,374
36,13,248
36,14,59
36,15,365
36,18,48
36,20,143
36,21,141
36,24,345
36,25,59
36,26,280
36,27,246
36,28,288
36,30,295
36,32,243
36,33,239
36,34,11
36,35,107
36,38,187
36,40,249
36,41,98
36,42,119
36,43,148
36,44,7
36,45,216
36,46,99
36,47,268
36,48,302
36,49,115
36,50,51
36,51,139
36,52,331
36,53,152
36,54,26
36,56,46
36,58,368
36,60,52
36,61,213
36,65,11
36,66,195
36,67,350
36,71,303
36,72,221
36,73,238
36,74,42
36,75,344
36,77,17
36,80,245
36,82,369
36,83,85
36,85,67
36,86,374
36,87,45
36,88,326
36,89,24
36,93,247
36,95,254
36,97,268
36,98,371
36,99,235
36,101,223
36,107,335
36,108,239
36,110,100
36,111,59
36,112,65
36,113,47
36,116,53
36,118,86
36,119,363
36,120,349
36,121,291
36,123,203
36,124,74
36,125,277
36,126,383
36,128,319
36,129,219
36,130,220
36,132,20
36,134,118
36,137,345
36,138,159
36,140,299
36,141,265
36,143,40
36,150,95
36,151,112
36,154,121
36,161,109
36,167,381
36,168,226
36,171,115
36,173,137
36,179,376
36,186,148
36,192,330
36,193,106
36,195,385
37,3,59
37,7,89
37,8,156
37,9,161
37,13,377
37,15,174
37,16,52
37,17,150
37,18,167
37,23,229
37,24,396
37,25,193
37,26,285
37,27,65
37,28,82
37,29,169
37,30,255
37,31,147
37,32,46
37,33,60
37,39,3
37,41,11
37,42,243
37,44,276
37,45,97
37,47,97
37,48,170
37,50,187
37,52,121
37,53,152
37,55,53
37,56,250
37,57,227
37,58,156
37,59,160
37,61,134
37,62,214
37,63,183
37,64,287
37,67,100
37,68,396
37,69,309
37,70,110
37,72,18
37,73,60
37,74,368
37,75,343
37,77,95
37,80,338
37,81,51
37,87,97
37,89,126
37,92,174
37,93,283
37,94,14
37,95,138
37,96,285
37,97,38
37,98,25
37,99,346
37,100,84
37,101,133
37,102,66
37,105,310
37,107,102
37,108,392
37,109,290
37,113,186
37,115,231
37,116,93
37,119,149
37,120,206
37,123,233
37,124,18
37,125,37
37,127,161
37,128,2
37,129,168
37,142,173
37,147,251
37,153,22
37,155,231
37,158,77
37,164,318
37,167,126
37,172,204
37,173,286
37,179,207
37,183,287
37,184,219
37,185,49
37,188,70
37,190,23
37,191,293
37,196,121
37,197,130
37,199,96
38,5,336
38,7,366
38,8,138
38,9,281
38,10,318
38,11,249
38,12,237
38,15,51
38,16,268
38,17,305
38,19,388
38,20,326
38,21,388
38,22,232
38,23,278
38,26,332
38,27,300
38,29,384
38,30,83
38,31,126
38,32,300
38,33,16
38,34,392
38,35,140
38,36,187
38,39,289
38,42,269
38,43,393
38,46,248
38,48,25
38,50,42
38,51,266
38,52,278
38,53,126
38,54,209
38,56,93
38,57,4
38,59,75
38,60,61
38,63,225
38,66,329
38,67,240
38,70,275
38,71,221
38,73,377
38,74,24
38,75,6
38,77,225
38,79,289
38,80,258
38,81,268
38,82,103
38,83,115
38,84,85
38,85,248
38,87,29
38,88,139
38,91,59
38,93,276
38,98,117
38,99,368
38,101,218
38,103,174
38,104,293
38,105,358
38,106,78
38,107,281
38,108,129
38,109,165
38,110,356
38,111,113
38,112,218
38,113,244
38,114,328
38,119,299
38,121,67
38,122,84
38,124,347
38,127,227
38,133,352
38,136,51
38,139,73
38,142,333
38,144,264
38,145,213
38,147,232
38,151,220
38,152,330
38,153,230
38,156,142
38,157,251
38,160,302
38,162,46
38,165,240
38,166,163
38,167,168
38,169,285
38,170,38
38,171,53
38,173,136
38,175,115
38,176,95
38,179,249
38,182,51
38,185,87
38,186,59
38,188,176
38,189,387
38,192,167
38,196,148
39,1,74
39,2,263
39,4,69
39,5,28
39,7,187
39,9,38
39,10,145
39,11,39
39,12,150
39,13,216
39,14,94
39,17,109
39,18,3
39,21,353
39,23,244
39,24,158
39,25,144
39,26,37
39,27,155
39,29,120
39,30,46
39,32,18
39,33,165
39,35,194
39,37,3
39,38,289
39,41,307
39,44,177
39,46,160
39,49,203
39,51,93
39,52,81
39,56,239
39,57,211
39,59,355
39,60,302
39,61,232
39,62,161
39,65,182
39,66,253
39,68,360
39,69,158
39,70,88
39,71,179
39,73,183
39,74,194
39,75,21
39,76,158
39,79,53
39,81,140
39,82,215
39,83,51
39,84,224
39,85,213
39,86,229
39,87,342
39,89,13
39,94,391
39,95,102
39,96,386
39,100,8
39,103,192
39,105,244
39,107,129
39,110,172
39,113,288
39,114,114
39,118,194
39,120,256
39,121,113
39,122,326
39,123,183
39,125,316
39,127,387
39,129,10
39,130,364
39,131,44
39,132,82
39,134,366
39,135,205
39,138,53
39,144,112
39,146,200
39,150,245
39,153,176
39,154,321
39,155,253
39,158,158
39,160,53
39,162,165
39,163,77
39,167,250
39,176,133
39,177,178
39,185,105
39,186,19
39,190,364
39,191,327
39,193,257
39,194,170
39,195,332
39,196,75
39,198,38
40,1,33
40,2,228
40,4,221
40,8,337
40,9,326
40,10,352
40,11,165
40,12,9
40,14,220
40,16,160
40,17,351
40,18,16
40,19,64
40,20,220
40,21,18
40,23,37
40,25,232
40,26,118
40,27,41
40,28,32
40,29,233
40,31,88
40,33,174
40,36,249
40,41,355
40,43,157
40,44,102
40,46,393
40,48,180
40,49,182
40,50,275
40,52,123
40,54,2
40,56,221
40,57,127
40,58,138
40,60,32
40,61,45
40,63,141
40,64,141
40,65,56
40,67,307
40,69,320
40,72,231
40,73,153
40,74,312
40,78,383
40,79,150
40,80,4
40,82,271
40,83,198
40,84,51
40,87,229
40,88,373
40,89,324
40,90,249
40,92,184
40,97,183
40,98,41
40,100,310
40,102,166
40,103,356
40,106,65
40,107,86
40,113,283
