source,target,weight
1,2,238
1,3,160
1,4,99
1,5,112
1,6,139
1,7,189
1,9,5
1,12,115
1,13,51
1,14,33
1,16,273
1,17,113
1,19,87
1,21,217
1,22,26
1,24,262
1,25,366
1,26,129
1,27,358
1,28,35
1,30,146
1,31,218
1,35,244
1,36,209
1,37,281
1,38,395
1,40,306
1,41,372
1,42,102
1,44,156
1,45,299
1,46,283
1,48,208
1,49,164
1,51,162
1,53,135
1,54,319
1,55,33
1,56,363
1,57,330
1,60,239
1,61,28
1,62,13
1,67,342
1,68,367
1,69,360
1,71,320
1,72,121
1,73,149
1,74,32
1,75,48
1,80,106
1,82,60
1,83,24
1,89,270
1,92,84
1,96,380
1,98,331
1,100,363
1,101,383
1,104,1
1,106,329
1,107,208
1,108,215
1,112,8
1,115,276
1,116,78
1,121,40
1,124,89
1,128,134
1,130,40
1,131,94
1,132,228
1,134,107
1,135,396
1,137,230
1,138,133
1,142,304
1,143,223
1,145,115
1,150,83
1,152,362
1,153,9
1,155,139
1,157,321
1,166,329
1,178,241
1,186,54
1,193,318
1,196,179
1,197,89
1,198,320
2,1,238
2,4,51
2,7,274
2,9,322
2,10,190
2,13,277
2,16,235
2,17,314
2,18,151
2,19,339
2,20,216
2,22,398
2,23,356
2,27,349
2,29,356
2,31,65
2,32,12
2,33,68
2,35,387
2,36,154
2,39,191
2,41,73
2,42,353
2,44,204
2,45,55
2,47,135
2,48,55
2,51,345
2,52,343
2,53,54
2,54,239
2,55,267
2,57,286
2,59,231
2,60,322
2,61,169
2,62,390
2,64,112
2,66,237
2,69,260
2,70,346
2,74,387
2,75,302
2,77,67
2,79,259
2,81,104
2,82,219
2,83,132
2,84,269
2,86,187
2,87,160
2,88,191
2,89,263
2,90,378
2,93,388
2,94,282
2,96,355
2,99,252
2,100,52
2,102,325
2,103,5
2,109,97
2,110,18
2,115,172
2,117,358
2,119,325
2,122,305
2,123,304
2,129,200
2,131,385
2,132,351
2,138,189
2,141,234
2,143,394
2,145,291
2,146,313
2,152,215
2,154,160
2,155,335
2,164,142
2,168,133
2,171,185
2,173,348
2,178,321
2,187,368
2,200,205
3,1,160
3,4,259
3,5,94
3,6,65
3,7,84
3,8,45
3,10,294
3,11,110
3,14,190
3,16,179
3,17,100
3,18,91
3,19,136
3,20,209
3,21,132
3,22,250
3,23,104
3,24,350
3,26,173
3,27,333
3,28,226
3,29,55
3,30,57
3,32,17
3,33,238
3,36,59
3,40,365
3,42,147
3,43,341
3,50,48
3,52,155
3,53,91
3,54,285
3,55,9
3,58,133
3,61,382
3,62,186
3,63,329
3,65,296
3,66,272
3,67,273
3,68,320
3,72,246
3,73,146
3,74,73
3,76,356
3,78,254
3,79,112
3,82,267
3,84,287
3,86,329
3,87,185
3,88,359
3,89,326
3,90,372
3,93,314
3,94,61
3,97,181
3,101,88
3,104,345
3,105,297
3,106,164
3,110,297
3,111,327
3,114,265
3,115,34
3,116,381
3,117,206
3,118,112
3,119,20
3,122,29
3,126,157
3,127,343
3,130,270
3,131,188
3,132,149
3,133,357
3,134,81
3,135,140
3,138,193
3,141,104
3,151,391
3,152,350
3,153,75
3,156,253
3,157,55
3,163,397
3,167,265
3,171,212
3,172,14
3,173,291
3,178,350
3,182,239
3,185,193
3,193,194
3,194,362
3,196,370
4,1,99
4,2,51
4,3,259
4,5,239
4,6,210
4,8,17
4,9,305
4,10,63
4,12,50
4,13,25
4,14,315
4,16,149
4,17,205
4,18,305
4,19,213
4,20,86
4,21,205
4,24,279
4,25,70
4,26,16
4,27,340
4,28,288
4,29,375
4,31,195
4,33,267
4,34,278
4,35,275
4,37,91
4,38,117
4,40,349
4,41,170
4,42,380
4,43,91
4,46,169
4,49,284
4,52,298
4,54,399
4,56,294
4,57,347
4,59,115
4,62,135
4,63,159
4,64,301
4,65,40
4,68,141
4,69,388
4,70,40
4,74,296
4,78,184
4,80,151
4,82,18
4,83,256
4,84,103
4,85,253
4,86,290
4,87,245
4,90,193
4,91,118
4,93,192
4,97,17
4,101,27
4,102,353
4,103,206
4,108,153
4,109,26
4,110,170
4,111,394
4,112,322
4,115,76
4,121,387
4,122,355
4,126,223
4,128,217
4,129,190
4,130,205
4,132,54
4,136,96
4,137,272
4,144,225
4,145,150
4,151,300
4,156,272
4,158,42
4,161,155
4,165,31
4,171,14
4,178,283
4,180,103
4,182,174
4,190,381
4,192,96
4,194,398
4,196,202
4,200,239
5,1,112
5,3,94
5,4,239
5,9,96
5,10,97
5,11,275
5,12,337
5,15,48
5,16,122
5,18,220
5,19,232
5,20,370
5,22,261
5,23,224
5,25,366
5,27,255
5,28,322
5,29,387
5,30,338
5,31,42
5,32,141
5,33,341
5,34,145
5,35,101
5,36,103
5,37,337
5,38,165
5,40,81
5,42,145
5,44,382
5,46,296
5,47,180
5,48,198
5,49,153
5,50,306
5,52,390
5,53,253
5,55,393
5,56,111
5,57,72
5,58,359
5,59,348
5,60,211
5,62,27
5,65,230
5,71,317
5,72,70
5,73,285
5,74,319
5,75,13
5,78,126
5,80,206
5,81,390
5,84,25
5,85,77
5,86,51
5,87,353
5,89,164
5,93,342
5,94,313
5,95,336
5,96,242
5,97,358
5,98,43
5,100,8
5,104,273
5,105,386
5,107,17
5,108,223
5,110,264
5,111,229
5,112,336
5,116,300
5,117,244
5,118,145
5,120,65
5,124,284
5,126,78
5,131,134
5,133,102
5,134,254
5,136,172
5,138,118
5,139,345
5,141,143
5,147,117
5,148,251
5,151,112
5,152,95
5,156,324
5,159,277
5,160,148
5,168,105
5,170,74
5,176,324
5,180,88
5,184,331
5,186,178
5,187,131
5,197,43
5,198,145
6,1,139
6,3,65
6,4,210
6,7,231
6,8,218
6,9,18
6,11,176
6,12,377
6,13,345
6,15,207
6,19,46
6,21,225
6,24,281
6,25,329
6,27,174
6,30,77
6,31,354
6,32,165
6,33,236
6,35,215
6,36,11
6,37,359
6,38,90
6,39,96
6,40,360
6,41,246
6,42,285
6,43,190
6,44,286
6,46,362
6,47,92
6,49,145
6,51,63
6,52,59
6,57,322
6,58,81
6,59,191
6,60,83
6,61,344
6,63,160
6,68,241
6,71,233
6,75,312
6,76,399
6,77,383
6,78,270
6,82,207
6,85,362
6,88,369
6,89,207
6,91,291
6,92,374
6,93,31
6,96,138
6,97,238
6,102,322
6,104,391
6,106,348
6,109,170
6,116,391
6,120,266
6,123,62
6,124,369
6,130,367
6,131,197
6,132,210
6,133,104
6,138,355
6,140,335
6,141,300
6,144,59
6,146,274
6,152,235
6,154,169
6,162,268
6,163,398
6,164,29
6,168,91
6,173,362
6,176,289
6,182,273
6,185,216
6,189,202
6,190,113
6,197,67
6,198,323
6,200,226
7,1,189
7,2,274
7,3,84
7,6,231
7,8,335
7,10,228
7,11,373
7,13,380
7,14,319
7,19,76
7,21,266
7,22,7
7,23,254
7,24,251
7,28,65
7,29,263
7,30,337
7,31,271
7,33,294
7,34,288
7,38,197
7,39,40
7,41,31
7,42,85
7,44,392
7,45,19
7,48,365
7,49,285
7,51,169
7,52,13
7,54,78
7,55,70
7,56,38
7,60,364
7,61,179
7,62,232
7,63,172
7,64,359
7,65,362
7,67,107
7,71,389
7,72,123
7,76,36
7,77,298
7,78,26
7,81,383
7,85,163
7,86,349
7,87,246
7,94,305
7,95,177
7,97,79
7,102,323
7,104,197
7,105,340
7,108,376
7,109,312
7,110,336
7,112,304
7,116,242
7,121,268
7,126,182
7,136,210
7,138,291
7,142,391
7,144,86
7,150,372
7,161,225
7,165,186
7,176,301
7,180,56
7,181,248
7,182,40
7,183,45
7,190,254
7,193,217
7,199,325
8,3,45
8,4,17
8,6,218
8,7,335
8,10,299
8,11,305
8,12,329
8,13,399
8,15,336
8,16,233
8,17,138
8,18,337
8,19,263
8,20,7
8,21,17
8,22,110
8,23,298
8,24,123
8,25,213
8,27,322
8,28,118
8,29,203
8,32,298
8,35,374
8,36,53
8,37,26
8,39,322
8,41,64
8,42,75
8,43,87
8,46,197
8,47,255
8,49,364
8,50,12
8,51,207
8,52,211
8,53,261
8,54,275
8,56,63
8,58,369
8,63,1
8,64,59
8,65,306
8,68,87
8,73,72
8,77,134
8,80,341
8,82,167
8,89,310
8,90,43
8,97,373
8,98,107
8,99,202
8,101,312
8,102,400
8,103,30
8,104,240
8,105,17
8,107,236
8,109,27
8,116,128
8,117,61
8,120,360
8,129,338
8,130,17
8,131,13
8,132,342
8,133,375
8,136,198
8,138,300
8,139,147
8,142,293
8,143,367
8,144,44
8,145,84
8,146,236
8,153,112
8,159,213
8,168,386
8,178,155
8,183,7
8,185,43
8,188,213
8,190,314
8,192,101
8,194,151
8,199,10
9,1,5
9,2,322
9,4,305
9,5,96
9,6,18
9,10,96
9,12,336
9,14,378
9,15,106
9,16,302
9,17,113
9,18,78
9,19,31
9,20,174
9,23,231
9,24,268
9,27,328
9,28,230
9,29,171
9,31,30
9,32,383
9,36,85
9,37,110
9,38,382
9,39,192
9,42,228
9,43,195
9,44,341
9,45,83
9,46,142
9,47,189
9,48,217
9,50,34
9,51,144
9,52,359
9,54,387
9,55,95
9,56,319
9,58,293
9,59,19
9,60,122
9,61,73
9,62,103
9,66,149
9,67,159
9,68,200
9,69,51
9,71,8
9,72,288
9,76,268
9,80,187
9,82,82
9,85,227
9,86,266
9,91,97
9,92,28
9,94,128
9,96,365
9,97,111
9,98,377
9,100,28
9,101,378
9,102,292
9,105,196
9,106,172
9,107,213
9,112,333
9,113,268
9,114,257
9,115,332
9,121,61
9,124,366
9,125,166
9,126,329
9,127,392
9,135,114
9,136,51
9,140,6
9,147,354
9,149,350
9,155,348
9,156,304
9,160,101
9,162,388
9,165,304
9,166,66
9,172,334
9,175,279
9,176,335
9,177,174
9,183,50
9,184,258
9,188,12
9,197,297
9,198,145
10,2,190
10,3,294
10,4,63
10,5,97
10,7,228
10,8,299
10,9,96
10,11,287
10,12,309
10,13,32
10,14,393
10,15,259
10,17,235
10,18,156
10,20,47
10,21,249
10,22,143
10,26,137
10,27,135
10,28,257
10,30,380
10,31,222
10,34,90
10,35,72
10,36,365
10,37,296
10,42,388
10,47,263
10,49,163
10,50,75
10,53,175
10,54,312
10,56,383
10,57,201
10,58,345
10,61,385
10,62,37
10,63,181
10,64,286
10,65,119
10,67,16
10,68,140
10,74,221
10,75,151
10,76,315
10,77,350
10,78,40
10,80,46
10,83,62
10,84,308
10,85,212
10,88,198
10,93,131
10,94,38
10,95,303
10,96,184
10,97,338
10,98,24
10,101,69
10,105,94
10,106,218
10,108,144
10,111,195
10,112,362
10,118,207
10,123,243
10,125,195
10,127,269
10,128,53
10,133,139
10,140,351
10,142,71
10,143,388
10,145,149
10,147,343
10,148,142
10,149,123
10,157,400
10,163,16
10,164,214
10,165,362
10,167,355
10,169,215
10,170,236
10,176,95
10,183,93
10,184,55
10,187,230
10,190,296
10,194,265
10,195,292
10,199,157
10,200,209
11,3,110
11,5,275
11,6,176
11,7,373
11,8,305
11,10,287
11,12,132
11,14,381
11,16,138
11,17,108
11,18,258
11,19,47
11,21,191
11,22,65
11,25,244
11,26,330
11,27,177
11,28,352
11,29,65
11,30,123
11,31,361
11,32,267
11,34,226
11,35,122
11,36,307
11,37,65
11,38,197
11,39,389
11,40,400
11,41,209
11,42,369
11,44,4
11,45,172
11,46,104
11,48,32
11,50,208
11,51,256
11,52,247
11,54,262
11,55,37
11,58,278
11,59,112
11,60,274
11,61,33
11,62,108
11,66,363
11,67,289
11,68,384
11,73,213
11,74,89
11,75,152
11,77,273
11,78,292
11,79,300
11,87,297
11,88,313
11,89,117
11,92,160
11,99,324
11,105,323
11,109,180
11,116,13
11,119,344
11,121,84
11,125,281
11,128,359
11,130,281
11,134,121
11,135,162
11,140,222
11,141,225
11,143,248
11,146,223
11,147,209
11,150,86
11,151,227
11,152,342
11,154,133
11,155,306
11,157,323
11,158,88
11,159,275
11,162,15
11,166,245
11,174,380
11,177,96
11,194,260
11,198,121
12,1,115
12,4,50
12,5,337
12,6,377
12,8,329
12,9,336
12,10,309
12,11,132
12,13,280
12,14,16
12,15,349
12,16,131
12,17,375
12,22,66
12,23,367
12,26,119
12,27,87
12,28,132
12,29,151
12,30,44
12,31,400
12,35,321
12,37,246
12,38,77
12,39,254
12,40,188
12,41,94
12,42,277
12,43,340
12,45,356
12,46,349
12,47,260
12,48,109
12,49,265
12,50,48
12,54,124
12,55,45
12,57,352
12,58,106
12,59,219
12,60,311
12,61,297
12,62,111
12,64,41
12,65,102
12,66,383
12,68,396
12,69,6
12,70,33
12,71,334
12,73,92
12,74,83
12,76,341
12,80,282
12,81,185
12,83,213
12,85,259
12,86,127
12,87,251
12,88,150
12,89,389
12,91,317
12,93,169
12,94,48
12,96,353
12,97,48
12,99,210
12,102,147
12,104,140
12,106,249
12,119,356
12,121,50
12,126,58
12,127,255
12,131,354
12,134,156
12,136,123
12,140,12
12,145,253
12,146,56
12,150,45
12,162,70
12,164,205
12,169,32
12,171,111
12,174,315
12,175,73
12,180,197
12,185,364
12,191,383
12,195,353
13,1,51
13,2,277
13,4,25
13,6,345
13,7,380
13,8,399
13,10,32
13,12,280
13,14,33
13,15,339
13,17,105
13,18,309
13,19,242
13,20,267
13,21,177
13,22,302
13,23,391
13,24,35
13,25,332
13,26,274
13,29,243
13,30,209
13,33,367
13,34,87
13,35,55
13,37,218
13,40,230
13,41,282
13,42,29
13,43,188
13,44,235
13,45,145
13,46,265
13,49,387
13,50,269
13,51,144
13,53,41
13,54,48
13,55,385
13,56,277
13,58,398
13,59,86
13,61,70
13,62,359
13,64,142
13,65,9
13,68,1
13,70,334
13,71,332
13,72,7
13,73,333
13,74,248
13,79,79
13,80,79
13,81,115
13,83,396
13,87,74
13,88,93
13,89,291
13,92,36
13,93,352
13,95,65
13,97,122
13,98,35
13,102,137
13,108,373
13,110,223
13,113,258
13,115,112
13,118,209
13,119,53
13,123,171
13,128,381
13,129,292
13,134,398
13,135,388
13,137,256
13,139,268
13,145,90
13,151,246
13,152,17
13,159,358
13,163,355
13,165,124
13,168,388
13,172,102
13,183,352
13,189,178
13,191,116
13,192,15
13,193,40
13,197,263
13,198,297
13,199,181
13,200,298
14,1,33
14,3,190
14,4,315
14,7,319
14,9,378
14,10,393
14,11,381
14,12,16
14,13,33
14,16,392
14,17,123
14,18,213
14,19,118
14,20,375
14,22,316
14,23,356
14,24,336
14,28,103
14,29,62
14,32,90
14,34,125
14,37,130
14,38,54
14,44,331
14,45,154
14,46,308
14,48,137
14,49,390
14,52,359
14,54,77
14,55,157
14,58,144
14,59,73
14,61,147
14,62,57
14,63,378
14,64,388
14,66,331
14,70,142
14,71,230
14,72,183
14,73,68
14,76,157
14,81,244
14,83,201
14,84,132
14,87,337
14,90,215
14,91,83
14,94,276
14,96,317
14,100,254
14,106,80
14,108,328
14,112,119
14,113,236
14,116,383
14,120,271
14,122,391
14,124,159
14,129,368
14,130,293
14,133,352
14,138,246
14,139,144
14,150,241
14,152,153
14,153,333
14,154,64
14,156,323
14,157,367
14,160,326
14,161,369
14,167,339
14,168,255
14,176,330
14,179,298
14,190,121
14,194,203
15,5,48
15,6,207
15,8,336
15,9,106
15,10,259
15,12,349
15,13,339
15,16,195
15,17,138
15,18,100
15,20,72
15,21,396
15,24,80
15,26,383
15,28,279
15,29,74
15,30,104
15,31,354
15,32,287
15,33,161
15,36,36
15,38,364
15,40,17
15,41,208
15,42,77
15,43,61
15,45,309
15,47,263
15,48,79
15,50,13
15,51,328
15,52,250
15,53,118
15,54,369
15,56,339
15,58,47
15,60,160
15,63,143
15,64,353
15,66,273
15,69,264
15,70,314
15,71,187
15,76,193
15,80,383
15,81,189
15,82,299
15,84,77
15,85,75
15,90,232
15,92,79
15,94,9
15,95,249
15,99,184
15,100,120
15,101,9
15,102,21
15,104,279
15,105,312
15,106,202
15,108,20
15,116,211
15,119,22
15,120,194
15,123,293
15,124,250
15,127,340
15,137,144
15,146,331
15,149,224
15,151,90
15,152,191
15,154,389
15,155,348
15,157,121
15,158,298
15,163,287
15,165,111
15,167,18
15,171,14
15,174,362
15,175,248
15,176,258
15,177,111
15,180,42
15,181,394
15,189,240
15,191,249
15,193,161
15,194,143
15,198,154
15,199,139
16,1,273
16,2,235
16,3,179
16,4,149
16,5,122
16,8,233
16,9,302
16,11,138
16,12,131
16,14,392
16,15,195
16,18,181
16,19,2
16,20,238
16,21,273
16,22,242
16,23,319
16,24,203
16,25,84
16,27,136
16,29,77
16,31,166
16,34,3
16,35,322
16,37,237
16,38,60
16,40,112
16,41,53
16,43,72
16,44,297
16,45,252
16,46,319
16,47,307
16,48,243
16,49,140
16,50,238
16,51,70
16,52,82
16,55,238
16,57,139
16,58,310
16,61,222
16,62,359
16,64,215
16,68,365
16,70,249
16,71,82
16,73,268
16,74,51
16,76,317
16,77,88
16,78,103
16,79,383
16,83,230
16,90,214
16,91,138
16,92,390
16,94,29
16,95,63
16,97,69
16,103,25
16,104,125
16,105,358
16,108,42
16,110,255
16,111,362
16,112,212
16,114,63
16,116,320
16,119,31
16,120,27
16,122,18
16,125,395
16,126,314
16,128,196
16,133,237
16,135,99
16,136,136
16,137,204
16,138,338
16,139,39
16,140,278
16,143,45
16,145,374
16,148,127
16,149,72
16,151,44
16,153,320
16,154,7
16,160,107
16,161,81
16,165,187
16,167,395
16,169,145
16,171,351
16,174,264
16,178,128
16,185,269
16,188,91
16,191,52
16,192,97
17,1,113
17,2,314
17,3,100
17,4,205
17,8,138
17,9,113
17,10,235
17,11,108
17,12,375
17,13,105
17,14,123
17,15,138
17,20,50
17,21,46
17,22,283
17,23,373
17,24,56
17,25,235
17,26,96
17,31,192
17,32,40
17,35,381
17,38,283
17,40,99
17,42,14
17,44,8
17,45,136
17,46,110
17,47,167
17,49,113
17,50,234
17,51,221
17,53,128
17,54,253
17,55,349
17,56,18
17,59,223
17,60,77
17,61,124
17,62,159
17,64,73
17,65,154
17,67,253
17,68,346
17,69,76
17,70,191
17,71,370
17,73,77
17,75,342
17,82,161
17,84,210
17,85,73
17,86,87
17,87,82
17,88,278
17,89,344
17,91,307
17,94,114
17,96,37
17,98,230
17,101,238
17,103,163
17,106,97
17,110,88
17,112,231
17,118,68
17,122,88
17,123,33
17,124,217
17,125,141
17,129,161
17,131,81
17,137,236
17,138,342
17,139,256
17,148,290
17,151,242
17,156,8
17,161,273
17,162,186
17,166,207
17,169,144
17,172,274
17,173,82
17,181,339
17,184,8
17,190,19
17,198,161
18,2,151
18,3,91
18,4,305
18,5,220
18,8,337
18,9,78
18,10,156
18,11,258
18,13,309
18,14,213
18,15,100
18,16,181
18,20,217
18,21,217
18,22,365
18,23,378
18,25,15
18,26,256
18,28,62
18,29,344
18,30,109
18,31,87
18,32,399
18,33,298
18,34,99
18,35,198
18,36,321
18,40,161
18,41,109
18,44,136
18,45,137
18,46,52
18,47,190
18,48,57
18,50,173
18,52,315
18,53,34
18,54,392
18,57,357
18,58,332
18,61,328
18,62,336
18,63,179
18,64,247
18,66,278
18,70,75
18,72,131
18,74,303
18,75,271
18,77,167
18,78,31
18,80,323
18,81,118
18,82,63
18,84,154
18,86,332
18,91,334
18,93,151
18,96,162
18,97,106
18,98,169
18,101,3
18,104,249
18,108,249
18,109,198
18,115,41
18,116,39
18,117,34
18,118,93
18,120,360
18,127,395
18,129,280
18,135,229
18,144,8
18,155,141
18,157,286
18,158,318
18,161,4
18,162,299
18,170,32
18,171,259
18,172,153
18,173,384
18,175,371
18,178,38
18,179,395
18,184,150
18,186,281
18,192,112
18,193,114
18,195,142
19,1,87
19,2,339
19,3,136
19,4,213
19,5,232
19,6,46
19,7,76
19,8,263
19,9,31
19,11,47
19,13,242
19,14,118
19,16,2
19,22,391
19,23,316
19,24,387
19,25,186
19,27,101
19,28,276
19,29,92
19,31,215
19,32,164
19,33,309
19,34,301
19,36,258
19,38,33
19,39,90
19,40,83
19,41,122
19,42,233
19,43,149
19,44,371
19,46,399
19,49,87
19,50,262
19,52,141
19,53,111
19,54,306
19,57,374
19,58,146
19,59,127
19,60,304
19,63,260
19,64,394
19,67,359
19,72,385
19,73,35
19,74,287
19,75,82
19,77,150
19,78,364
19,82,396
19,83,175
19,86,276
19,87,59
19,89,49
19,90,162
19,93,230
19,94,197
19,98,348
19,99,176
19,102,379
19,103,194
19,104,199
19,113,138
19,114,246
19,118,294
19,119,359
19,123,49
19,125,332
19,126,340
19,128,163
19,130,227
19,131,45
19,133,352
19,139,108
19,145,94
19,147,336
19,149,97
19,151,115
19,152,372
19,153,81
19,155,321
19,163,290
19,171,93
19,172,114
19,173,372
19,174,226
19,175,69
19,180,357
19,187,61
19,189,162
19,191,105
19,192,170
19,193,190
20,2,216
20,3,209
20,4,86
20,5,370
20,8,7
20,9,174
20,10,47
20,13,267
20,14,375
20,15,72
20,16,238
20,17,50
20,18,217
20,22,177
20,25,222
20,26,116
20,27,111
20,28,312
20,29,238
20,30,60
20,31,243
20,32,292
20,33,25
20,34,310
20,35,306
20,36,247
20,37,370
20,39,195
20,43,180
20,46,32
20,47,378
20,48,327
20,50,79
20,51,177
20,53,363
20,54,389
20,55,324
20,56,64
20,57,344
20,58,44
20,59,345
20,64,311
20,65,243
20,66,205
20,67,45
20,70,203
20,71,152
20,74,352
20,79,232
20,80,366
20,84,268
20,85,202
20,87,400
20,91,246
20,93,344
20,94,233
20,96,94
20,98,261
20,99,147
20,101,228
20,106,55
20,107,160
20,108,214
20,113,192
20,114,339
20,115,72
20,122,399
20,123,246
20,128,88
20,129,397
20,131,58
20,145,18
20,147,2
20,149,289
20,153,328
20,159,312
20,162,223
20,163,76
20,165,49
20,169,373
20,175,351
20,177,194
20,178,309
20,179,16
20,180,69
20,184,177
21,1,217
21,3,132
21,4,205
21,6,225
21,7,266
21,8,17
21,10,249
21,11,191
21,13,177
21,15,396
21,16,273
21,17,46
21,18,217
21,22,11
21,23,83
21,24,47
21,25,75
21,26,350
21,27,343
21,30,106
21,32,375
21,33,213
21,34,348
21,42,303
21,44,248
21,45,10
21,46,51
21,49,86
21,50,128
21,52,290
21,54,84
21,55,255
21,56,218
21,58,127
21,59,66
21,61,62
21,62,85
21,63,217
21,64,348
21,66,69
21,67,252
21,70,66
21,73,392
21,81,8
21,83,108
21,84,219
21,85,130
21,87,376
21,88,331
21,90,232
21,91,10
21,95,282
21,96,183
21,99,160
21,101,143
21,106,164
21,107,387
21,110,279
21,111,7
21,122,315
21,123,109
21,127,298
21,132,207
21,134,209
21,135,151
21,145,35
21,147,11
21,159,289
21,163,330
21,167,65
21,171,28
21,173,335
21,180,287
21,181,389
21,185,101
21,189,156
21,190,55
21,193,206
22,1,26
22,2,398
22,3,250
22,5,261
22,7,7
22,8,110
22,10,143
22,11,65
22,12,66
22,13,302
22,14,316
22,16,242
22,17,283
22,18,365
22,19,391
22,20,177
22,21,11
22,23,27
22,24,318
22,26,277
22,27,147
22,32,325
22,33,167
22,34,177
22,35,84
22,37,194
22,39,48
22,40,295
22,41,109
22,42,272
22,44,104
22,49,393
22,51,280
22,53,278
22,54,188
22,55,36
22,57,9
22,58,357
22,59,50
22,61,167
22,62,302
22,66,139
22,67,248
22,69,27
22,72,301
22,73,275
22,74,349
22,75,138
22,76,291
22,78,126
22,83,179
22,84,316
22,85,360
22,89,72
22,90,396
22,91,43
22,92,103
22,95,42
22,98,205
22,100,199
22,106,241
22,108,106
22,113,382
22,114,185
22,117,245
22,125,88
22,127,94
22,128,296
22,132,148
22,133,29
22,134,260
22,136,93
22,137,65
22,138,318
22,143,90
22,146,137
22,147,129
22,148,118
22,150,351
22,152,141
22,154,98
22,158,37
22,164,396
22,172,319
22,179,66
22,180,86
22,183,220
22,184,55
22,186,9
22,189,106
22,191,90
22,197,349
22,200,353
23,2,356
23,3,104
23,5,224
23,7,254
23,8,298
23,9,231
23,12,367
23,13,391
23,14,356
23,16,319
23,17,373
23,18,378
23,19,316
23,21,83
23,22,27
23,28,392
23,30,215
23,31,284
23,33,17
23,34,270
23,35,334
23,38,37
23,40,27
23,41,202
23,44,333
23,45,369
23,47,16
23,50,271
23,54,324
23,55,170
23,56,120
23,58,130
23,59,74
23,60,195
23,62,280
23,64,1
23,65,156
23,68,351
23,71,20
23,72,23
23,73,23
23,77,318
23,78,357
23,79,126
23,80,272
23,81,139
23,87,400
23,88,57
23,90,219
23,91,116
23,92,278
23,94,353
23,99,8
23,100,149
23,102,8
23,103,47
23,105,329
23,106,257
23,108,263
23,110,161
23,111,324
23,113,268
23,114,143
23,116,315
23,119,339
23,122,11
23,124,141
23,125,11
23,128,26
23,129,61
23,132,400
23,139,44
23,140,307
23,141,79
23,145,143
23,148,260
23,158,279
23,165,195
23,169,190
23,170,201
23,173,341
23,176,393
23,182,268
23,188,260
23,189,13
23,193,43
23,198,182
24,1,262
24,3,350
24,4,279
24,6,281
24,7,251
24,8,123
24,9,268
24,13,35
24,14,336
24,15,80
24,16,203
24,17,56
24,19,387
24,21,47
24,22,318
24,25,35
24,26,114
24,27,334
24,28,205
24,32,384
24,33,240
24,34,247
24,36,5
24,37,175
24,38,134
24,39,154
24,41,393
24,42,375
24,43,136
24,44,34
24,45,380
24,46,175
24,47,247
24,48,331
24,52,233
24,53,280
24,54,175
24,55,348
24,56,170
24,57,103
24,58,390
24,60,226
24,62,190
24,63,173
24,64,387
24,65,246
24,66,206
24,68,313
24,69,47
24,72,153
24,74,22
24,75,293
24,76,74
24,77,224
24,78,239
24,79,198
24,80,106
24,83,295
24,84,31
24,85,266
24,86,62
24,87,293
24,88,222
24,89,342
24,91,101
24,95,316
24,97,166
24,98,386
24,104,155
24,105,105
24,106,324
24,108,224
24,114,274
24,116,355
24,117,166
24,118,353
24,121,392
24,122,3
24,125,254
24,128,361
24,129,197
24,130,367
24,131,83
24,132,360
24,137,334
24,138,183
24,141,314
24,142,266
24,143,177
24,144,339
24,149,134
24,152,288
24,156,388
24,157,252
24,164,64
24,170,63
24,171,323
24,174,287
24,183,198
24,184,206
24,186,138
24,188,8
24,194,308
24,198,322
24,200,307
25,1,366
25,4,70
25,5,366
25,6,329
25,8,213
25,11,244
25,13,332
25,16,84
25,17,235
25,18,15
25,19,186
25,20,222
25,21,75
25,24,35
25,26,128
25,27,329
25,28,262
25,29,363
25,30,327
25,31,55
25,32,182
25,33,345
25,36,253
25,37,149
25,38,373
25,39,150
25,40,265
25,42,113
25,43,138
25,44,257
25,46,315
25,47,37
25,48,391
25,49,366
25,51,175
25,52,240
25,54,122
25,56,278
25,58,62
25,59,14
25,61,331
25,62,163
25,64,303
25,66,51
25,69,275
25,70,308
25,73,116
25,75,202
25,76,247
25,77,147
25,80,326
25,81,394
25,82,257
25,85,304
25,91,59
25,92,367
25,93,221
25,94,211
25,100,149
25,102,90
25,109,232
25,110,93
25,111,123
25,115,232
25,117,228
25,126,241
25,127,333
25,129,382
25,134,228
25,135,29
25,138,140
25,139,167
25,140,310
25,145,7
25,146,334
25,148,311
25,151,85
25,156,128
25,158,379
25,159,365
25,160,151
25,165,376
25,173,230
25,174,149
25,175,105
25,178,55
25,179,65
25,180,350
25,185,43
25,194,233
26,1,129
26,3,173
26,4,16
26,10,137
26,11,330
26,12,119
26,13,274
26,15,383
26,17,96
26,18,256
26,20,116
26,21,350
26,22,277
26,24,114
26,25,128
26,27,70
26,30,25
26,31,384
26,32,388
26,33,256
26,34,4
26,35,351
26,36,127
26,38,261
26,39,56
26,40,366
26,43,356
26,44,97
26,46,44
26,47,18
26,48,19
26,49,103
26,51,209
26,56,122
26,59,234
26,60,31
26,61,207
26,62,230
26,69,58
26,70,82
26,72,341
26,76,386
26,79,276
26,80,8
26,82,5
26,83,229
26,84,276
26,85,191
26,87,45
26,88,62
26,89,139
26,91,297
26,92,359
26,93,86
26,94,63
26,97,77
26,103,304
26,104,41
26,105,66
26,107,375
26,108,254
26,111,244
26,114,336
26,118,286
26,123,8
26,126,142
26,132,324
26,133,233
26,134,344
26,135,51
26,136,379
26,141,101
26,142,183
26,143,157
26,153,43
26,155,99
26,161,82
26,163,296
26,165,319
26,175,385
26,176,90
26,182,160
26,183,326
26,186,18
26,189,269
26,190,239
26,191,37
26,194,12
26,197,321
26,199,285
26,200,381
27,1,358
27,2,349
27,3,333
27,4,340
27,5,255
27,6,174
27,8,322
27,9,328
27,10,135
27,11,177
27,12,87
27,16,136
27,19,101
27,20,111
27,21,343
27,22,147
27,24,334
27,25,329
27,26,70
27,29,59
27,31,389
27,34,306
27,36,20
27,37,304
27,39,134
27,40,296
27,41,307
27,42,153
27,43,234
27,44,138
27,46,20
27,48,129
27,52,138
27,53,196
27,54,172
27,59,236
27,61,198
27,62,392
27,63,268
27,64,347
27,65,59
27,67,169
27,68,103
27,69,73
27,70,241
27,71,352
27,72,82
27,73,209
27,74,227
27,75,127
27,76,372
27,77,206
27,81,311
27,83,186
27,88,232
27,90,41
27,91,292
27,94,248
27,103,93
27,107,99
27,109,29
27,110,7
27,111,156
27,112,296
27,113,26
27,114,10
27,120,268
27,122,239
27,129,182
27,131,70
27,135,173
27,136,376
27,140,388
27,144,207
27,148,336
27,150,124
27,152,251
27,156,164
27,158,289
27,159,71
27,160,86
27,164,241
27,166,293
27,169,65
27,170,66
27,176,187
27,180,176
27,183,315
27,185,184
27,186,13
27,193,339
27,194,270
27,195,12
28,1,35
28,3,226
28,4,288
28,5,322
28,7,65
28,8,118
28,9,230
28,10,257
28,11,352
28,12,132
28,14,103
28,15,279
28,18,62
28,19,276
28,20,312
28,23,392
28,24,205
28,25,262
28,29,59
28,30,397
28,32,9
28,33,187
28,34,389
28,36,357
28,38,289
28,40,95
28,41,247
28,43,219
28,44,338
28,45,286
28,48,311
28,49,235
28,51,301
28,52,137
28,54,371
28,55,345
28,58,121
28,59,288
28,62,38
28,64,345
28,65,128
28,68,83
28,69,87
28,71,129
28,72,155
28,73,16
28,74,29
28,76,248
28,78,36
28,79,382
28,80,253
28,81,52
28,84,363
28,85,252
28,87,16
28,89,60
28,91,15
28,95,279
28,99,388
28,100,362
28,105,376
28,109,9
28,110,38
28,112,105
28,120,294
28,122,371
28,123,44
28,126,356
28,129,384
28,132,13
28,134,335
28,141,325
28,143,307
28,146,83
28,152,137
28,157,210
28,159,341
28,169,287
28,172,124
28,173,306
28,174,14
28,176,244
28,178,315
28,180,33
28,182,319
28,184,216
28,185,359
28,187,182
28,189,104
29,2,356
29,3,55
29,4,375
29,5,387
29,7,263
29,8,203
29,9,171
29,11,65
29,12,151
29,13,243
29,14,62
29,15,74
29,16,77
29,18,344
29,19,92
29,20,238
29,25,363
29,27,59
29,28,59
29,30,95
29,31,166
29,32,246
29,33,383
29,34,234
29,35,363
29,36,92
29,37,145
29,39,133
29,40,92
29,41,314
29,42,86
29,45,18
29,47,349
29,48,333
29,50,312
29,51,126
29,52,217
29,53,165
29,54,201
29,57,34
29,59,299
29,63,177
29,65,105
29,67,77
29,69,389
29,70,48
29,72,96
29,75,58
29,76,171
29,79,323
29,80,75
29,81,234
29,82,114
29,84,154
29,85,343
29,87,47
29,88,235
29,89,17
29,91,81
29,97,24
29,98,267
29,102,213
29,105,244
29,109,181
29,114,183
29,121,359
29,123,169
29,127,6
29,128,387
29,132,116
29,136,12
29,138,337
29,151,400
29,153,261
29,159,300
29,161,124
29,162,88
29,165,186
29,168,146
29,170,2
29,174,244
29,177,79
29,184,36
29,185,38
29,196,73
29,200,32
30,1,146
30,3,57
30,5,338
30,6,77
30,7,337
30,10,380
30,11,123
30,12,44
30,13,209
30,15,104
30,18,109
30,20,60
30,21,106
30,23,215
30,25,327
30,26,25
30,28,397
30,29,95
30,32,228
30,33,219
30,35,334
30,36,206
30,37,95
30,38,75
30,39,284
30,41,129
30,42,38
30,44,328
30,46,102
30,47,375
30,48,99
30,49,317
30,50,4
30,51,212
30,53,298
30,54,300
30,56,318
30,59,7
30,60,399
30,63,336
30,65,212
30,67,230
30,68,52
30,69,194
30,72,108
30,74,51
30,77,350
30,78,89
30,79,164
30,80,167
30,82,369
30,83,181
30,84,174
30,87,36
30,91,100
30,92,78
30,98,150
30,100,87
30,101,356
30,104,348
30,106,126
30,109,176
30,113,75
30,117,348
30,118,60
30,120,217
30,121,196
30,122,170
30,125,232
30,128,336
30,131,377
30,133,278
30,134,261
30,137,17
30,138,186
30,139,344
30,151,359
30,153,288
30,160,238
30,162,92
30,169,178
30,170,179
30,188,309
30,189,108
30,192,381
30,199,79
31,1,218
31,2,65
31,4,195
31,5,42
31,6,354
31,7,271
31,9,30
31,10,222
31,11,361
31,12,400
31,15,354
31,16,166
31,17,192
31,18,87
31,19,215
31,20,243
31,23,284
31,25,55
31,26,384
31,27,389
31,29,166
31,32,286
31,34,195
31,36,197
31,37,135
31,39,28
31,44,370
31,45,266
31,46,207
31,47,158
31,48,193
31,49,236
31,50,266
31,51,180
31,53,67
31,55,98
31,56,24
31,57,149
31,58,244
31,59,241
31,61,98
31,63,392
31,64,89
31,65,34
31,67,99
31,70,270
31,73,101
31,75,136
31,77,53
31,78,252
31,79,26
31,81,146
31,83,81
31,84,302
31,87,177
31,88,179
31,90,141
31,91,205
31,94,235
31,96,203
31,99,52
31,100,177
31,101,368
31,105,181
31,106,159
31,107,312
31,108,15
31,118,2
31,119,186
31,120,313
31,122,327
31,127,386
31,130,40
31,134,246
31,135,349
31,139,155
31,142,338
31,144,56
31,147,333
31,152,280
31,154,1
31,156,260
31,158,386
31,165,74
31,170,282
31,178,260
31,179,322
31,184,210
31,191,362
31,195,228
31,197,296
31,200,73
32,2,12
32,3,17
32,5,141
32,6,165
32,8,298
32,9,383
32,11,267
32,14,90
32,15,287
32,17,40
32,18,399
32,19,164
32,20,292
32,21,375
32,22,325
32,24,384
32,25,182
32,26,388
32,28,9
32,29,246
32,30,228
32,31,286
32,33,305
32,34,328
32,37,287
32,38,399
32,39,42
32,40,288
32,43,107
32,45,194
32,47,370
32,50,41
32,52,172
32,53,264
32,57,197
32,59,225
32,60,362
32,63,25
32,64,329
32,65,52
32,66,214
32,69,8
32,75,174
32,76,351
32,79,225
32,80,97
32,84,241
32,85,293
32,87,160
32,90,159
32,93,36
32,94,291
32,95,159
32,96,104
32,98,221
32,100,321
32,103,101
32,104,281
32,107,144
32,115,78
32,117,219
32,119,125
32,121,205
32,123,107
32,126,327
32,127,390
32,128,218
32,130,168
32,133,11
32,138,15
32,139,24
32,144,158
32,146,372
32,149,48
32,153,5
32,157,136
32,162,329
32,164,194
32,167,85
32,174,207
32,175,152
32,178,342
32,185,203
32,193,388
32,197,2
33,2,68
33,3,238
33,4,267
33,5,341
33,6,236
33,7,294
33,13,367
33,15,161
33,18,298
33,19,309
33,20,25
33,21,213
33,22,167
33,23,17
33,24,240
33,25,345
33,26,256
33,28,187
33,29,383
33,30,219
33,32,305
33,34,56
33,35,264
33,36,269
33,37,340
33,40,198
33,41,202
33,44,321
33,46,210
33,47,253
33,48,269
33,50,311
33,51,338
33,52,241
33,54,215
33,56,392
33,58,399
33,59,36
33,60,273
33,61,255
33,63,192
33,71,51
33,72,129
33,74,131
33,75,200
33,78,84
33,79,49
33,80,370
33,81,101
33,83,167
33,85,174
33,86,3
33,89,30
33,94,155
33,98,101
33,99,50
33,100,135
33,101,4
33,102,325
33,103,197
33,104,231
33,105,176
33,106,151
33,108,339
33,109,124
33,110,77
33,111,166
33,112,33
33,118,139
33,119,219
33,120,351
33,124,375
33,128,99
33,130,134
33,131,357
33,133,116
33,143,169
33,144,325
33,147,5
33,149,383
33,152,42
33,154,348
33,155,119
33,160,280
33,162,68
33,163,399
33,164,302
33,166,215
33,169,180
33,172,2
33,177,368
33,179,33
33,183,346
33,186,133
33,193,9
33,194,387
33,195,62
34,4,278
34,5,145
34,7,288
34,10,90
34,11,226
34,13,87
34,14,125
34,16,3
34,18,99
34,19,301
34,20,310
34,21,348
34,22,177
34,23,270
34,24,247
34,26,4
34,27,306
34,28,389
34,29,234
34,31,195
34,32,328
34,33,56
34,36,91
34,37,319
34,38,324
34,39,364
34,40,128
34,41,202
34,42,89
34,43,135
34,44,87
34,45,204
34,47,325
34,49,13
34,52,168
34,53,262
34,54,37
34,55,175
34,57,25
34,58,66
34,59,130
34,60,89
34,61,212
34,63,192
34,64,53
34,66,116
34,67,283
34,70,293
34,71,361
34,74,352
34,75,170
34,76,47
34,78,212
34,79,150
34,82,182
34,83,26
34,84,315
34,86,334
34,88,353
34,89,65
34,93,257
34,95,384
34,96,354
34,101,147
34,102,28
34,107,359
34,111,44
34,113,380
34,114,45
34,115,132
34,118,395
34,122,150
34,123,275
34,125,365
34,146,259
34,148,396
34,153,57
34,157,338
34,170,291
34,173,283
34,179,243
34,180,80
34,186,113
34,194,212
34,197,132
34,198,359
34,199,162
34,200,226
35,1,244
35,2,387
35,4,275
35,5,101
35,6,215
35,8,374
35,10,72
35,11,122
35,12,321
35,13,55
35,16,322
35,17,381
35,18,198
35,20,306
35,22,84
35,23,334
35,26,351
35,29,363
35,30,334
35,33,264
35,37,104
35,38,270
35,39,368
35,41,310
35,42,243
35,43,281
35,45,179
35,46,317
35,48,221
35,49,96
35,50,258
35,51,191
35,52,34
35,53,183
35,55,6
35,57,20
35,60,300
35,61,78
35,62,354
35,63,12
35,64,345
35,66,6
35,67,374
35,68,40
35,69,99
35,70,348
35,74,213
35,76,60
35,77,85
35,78,392
35,79,2
35,83,346
35,86,385
35,87,155
35,89,4
35,91,341
35,93,377
35,94,323
35,96,235
35,97,374
35,102,71
35,109,222
35,116,374
35,117,80
35,119,22
35,122,250
35,123,332
35,124,135
35,125,26
35,128,112
35,130,127
35,131,45
35,136,207
35,137,346
35,144,165
35,148,374
35,149,151
35,154,260
35,161,255
35,165,377
35,171,94
35,172,249
35,175,111
35,176,354
35,177,206
35,179,31
35,180,194
35,183,15
35,184,232
35,189,20
35,193,156
35,197,54
35,200,293
36,1,209
36,2,154
36,3,59
36,5,103
36,6,11
36,8,53
36,9,85
36,10,365
36,11,307
36,15,36
36,18,321
36,19,258
36,20,247
36,24,5
36,25,253
36,26,127
36,27,20
36,28,357
36,29,92
36,30,206
36,31,197
36,33,269
36,34,91
36,39,120
36,40,159
36,41,220
36,42,49
36,44,370
36,47,98
36,49,307
36,50,66
36,54,308
36,55,157
36,57,185
36,58,238
36,61,57
36,62,292
36,63,376
36,65,234
36,66,256
36,67,299
36,68,348
36,69,245
36,70,188
36,71,266
36,72,301
36,73,111
36,74,5
36,75,108
36,76,267
36,78,47
36,80,270
36,84,173
36,86,72
36,91,66
36,92,50
36,95,181
36,97,344
36,98,26
36,101,291
36,105,199
36,107,339
36,109,94
36,112,28
36,113,321
36,114,92
36,115,229
36,124,228
36,127,95
36,128,152
36,136,343
36,137,34
36,138,172
36,141,103
36,142,187
36,148,347
36,150,3
36,153,236
36,156,124
36,157,367
36,160,235
36,162,278
36,171,65
36,173,139
36,178,368
36,179,22
36,180,204
36,182,395
36,183,47
36,184,348
36,187,77
36,192,313
36,194,325
36,197,355
37,1,281
37,4,91
37,5,337
37,6,359
37,8,26
37,9,110
37,10,296
37,11,65
37,12,246
37,13,218
37,14,130
37,16,237
37,20,370
37,22,194
37,24,175
37,25,149
37,27,304
37,29,145
37,30,95
37,31,135
37,32,287
37,33,340
37,34,319
37,35,104
37,39,385
37,40,231
37,41,68
37,42,381
37,44,169
37,45,130
37,46,22
37,47,31
37,49,274
37,50,75
37,51,73
37,52,185
37,53,350
37,54,157
37,56,303
37,57,138
37,58,106
37,59,2
37,60,275
37,61,91
37,63,375
37,64,50
37,66,185
37,68,390
37,69,135
37,70,312
37,71,22
37,72,71
37,74,2
37,76,114
37,77,221
37,78,54
37,79,303
37,82,335
37,83,108
37,89,388
37,90,371
37,93,366
37,95,113
37,97,185
37,98,1
37,100,240
37,103,29
37,119,102
37,122,12
37,127,356
37,133,363
37,134,372
37,136,49
37,146,7
37,147,316
37,149,171
37,155,251
37,156,89
37,157,263
37,164,387
37,166,298
37,167,247
37,169,294
37,173,331
37,187,25
37,189,51
37,195,370
38,1,395
38,4,117
38,5,165
38,6,90
38,7,197
38,9,382
38,11,197
38,12,77
38,14,54
38,15,364
38,16,60
38,17,283
38,19,33
38,23,37
38,24,134
38,25,373
38,26,261
38,28,289
38,30,75
38,32,399
38,34,324
38,35,270
38,39,343
38,40,166
38,41,132
38,42,107
38,43,386
38,44,210
38,45,233
38,46,154
38,47,142
38,49,89
38,50,274
38,52,113
38,53,299
38,54,258
38,55,157
38,56,267
38,57,201
38,58,12
38,59,386
38,60,363
38,61,304
38,63,21
38,67,34
38,69,14
38,70,82
38,71,7
38,72,39
38,73,323
38,74,144
38,75,384
38,79,182
38,81,369
38,82,71
38,83,373
38,84,350
38,85,69
38,86,201
38,92,255
38,94,130
38,96,357
38,98,134
38,103,188
38,104,277
38,113,49
38,114,178
38,115,175
38,119,200
38,120,305
38,123,377
38,124,294
38,126,290
38,127,107
38,131,268
38,132,355
38,135,270
38,146,264
38,148,9
38,150,104
38,151,225
38,152,239
38,156,77
38,160,152
38,168,312
38,173,332
38,174,353
38,175,382
38,181,296
38,182,21
38,185,295
38,194,379
38,195,270
38,196,59
39,2,191
39,6,96
39,7,40
39,8,322
39,9,192
39,11,389
39,12,254
39,19,90
39,20,195
39,22,48
39,24,154
39,25,150
39,26,56
39,27,134
39,29,133
39,30,284
39,31,28
39,32,42
39,34,364
39,35,368
39,36,120
39,37,385
39,38,343
39,41,176
39,43,84
39,45,302
39,46,383
39,49,1
39,50,249
39,52,272
39,54,13
39,55,229
39,56,333
39,57,185
39,58,104
39,59,286
39,60,7
39,61,269
39,72,21
39,75,264
39,76,75
39,77,5
39,79,377
39,83,276
39,88,327
39,89,115
39,90,344
39,91,344
39,93,183
39,96,278
39,99,239
39,103,128
39,105,274
39,106,156
39,108,22
39,111,78
39,114,145
39,115,349
39,118,345
39,125,308
39,133,169
39,135,139
39,137,315
39,138,386
39,140,258
39,142,82
39,143,59
39,148,248
39,152,47
39,155,157
39,159,284
39,160,125
39,161,165
39,164,250
39,166,124
39,168,319
39,169,292
39,172,111
39,174,381
39,175,263
39,179,9
39,180,227
39,189,73
39,190,271
39,191,12
39,193,311
40,1,306
40,3,365
40,4,349
40,5,81
40,6,360
40,11,400
40,12,188
40,13,230
40,15,17
40,16,112
40,17,99
40,18,161
40,19,83
40,22,295
40,23,27
40,25,265
40,26,366
40,27,296
40,28,95
40,29,92
40,32,288
40,33,198
40,34,128
40,36,159
40,37,231
40,38,166
40,44,97
40,45,367
40,48,114
40,49,339
40,50,296
40,52,263
40,55,383
40,57,158
40,59,85
40,61,92
40,64,114
40,66,86
40,67,195
40,70,130
40,72,125
40,75,248
40,76,3
40,77,22
40,78,51
40,79,100
40,80,24
40,81,378
40,84,338
40,86,284
40,87,298
40,92,363
40,93,221
40,94,177
40,98,347
40,102,241
40,103,53
40,104,344
40,107,242
40,108,41
40,109,371
40,114,211
40,115,392
40,116,21
40,117,39
40,118,120
40,119,164
40,120,73
40,124,276
40,127,75
40,128,276
40,129,184
40,130,111
40,131,315
40,132,177
40,134,271
40,135,152
40,138,258
40,141,255
40,142,44
40,143,369
40,144,312
40,145,384
40,147,84
40,148,330
40,149,226
40,159,351
40,163,273
40,171,294
40,178,354
40,179,146
40,183,281
40,184,186
40,185,319
40,191,264
40,198,76
41,1,372
41,2,73
41,4,170
41,6,246
41,7,31
41,8,64
41,11,209
41,12,94
41,13,282
41,15,208
41,16,53
41,18,109
41,19,122
41,22,109
41,23,202
41,24,393
41,27,307
41,28,247
41,29,314
41,30,129
41,33,202
41,34,202
41,35,310
41,36,220
41,37,68
41,38,132
41,39,176
41,43,255
41,44,326
41,45,184
41,46,201
41,47,340
41,48,149
41,50,20
41,52,305
41,53,249
41,54,192
41,57,176
41,60,128
41,61,154
41,62,25
41,63,385
41,64,170
41,66,316
41,67,160
41,68,256
41,72,177
41,73,231
41,75,235
41,76,254
41,78,184
41,79,200
41,80,314
41,81,202
41,94,173
41,98,342
41,99,135
41,104,250
41,105,304
41,106,329
41,107,142
41,109,42
41,110,286
41,113,378
41,115,91
41,117,36
41,120,317
41,121,84
41,124,209
41,127,138
41,130,338
41,132,164
41,142,387
41,143,276
41,147,158
41,148,126
41,152,141
41,153,23
41,154,251
41,155,244
41,157,85
41,159,251
41,161,282
41,162,82
41,163,235
41,173,335
41,178,343
41,183,237
41,185,176
41,188,318
41,192,163
41,193,46
41,200,351
42,1,102
42,2,353
42,3,147
42,4,380
42,5,145
42,6,285
42,7,85
42,8,75
42,9,228
42,10,388
42,11,369
42,12,277
42,13,29
42,15,77
42,17,14
42,19,233
42,21,303
42,22,272
42,24,375
42,25,113
42,27,153
42,29,86
42,30,38
42,34,89
42,35,243
42,36,49
42,37,381
42,38,107
42,43,380
42,44,384
42,48,143
42,49,204
42,51,391
42,54,197
42,55,214
42,60,145
42,61,360
42,62,345
42,63,119
42,64,380
42,66,92
42,68,13
42,69,335
42,70,132
42,71,291
42,72,313
42,74,285
42,75,89
42,76,71
42,77,370
42,78,271
42,79,191
42,81,272
42,83,152
42,87,283
42,88,181
42,89,141
42,93,121
42,94,49
42,96,165
42,100,60
42,104,210
42,113,205
42,116,73
42,122,9
42,123,187
42,125,47
42,128,356
42,130,140
42,136,170
42,148,151
42,152,368
42,160,297
42,163,11
42,165,221
42,166,246
42,167,148
42,176,238
42,177,133
42,179,102
42,180,299
42,184,179
42,186,223
42,188,210
42,199,81
42,200,275
43,3,341
43,4,91
43,6,190
43,8,87
43,9,195
43,12,340
43,13,188
43,15,61
43,16,72
43,19,149
43,20,180
43,24,136
43,25,138
43,26,356
43,27,234
43,28,219
43,32,107
43,34,135
43,35,281
43,38,386
43,39,84
43,41,255
43,42,380
43,45,269
43,47,254
43,48,225
43,51,24
43,53,55
43,54,305
43,55,30
43,56,80
43,59,396
43,60,158
43,62,380
43,64,308
43,65,62
43,66,233
43,68,266
43,70,286
43,71,330
43,75,227
43,77,328
43,79,189
43,82,206
43,83,218
43,85,76
43,87,68
43,88,264
43,89,16
43,91,292
43,92,225
43,93,43
43,95,149
43,98,21
43,103,169
43,108,287
43,109,266
43,113,69
43,114,254
43,116,196
43,117,394
43,120,327
43,121,265
43,122,323
43,129,362
43,131,283
43,133,280
43,135,288
43,137,154
43,143,164
43,145,46
43,147,356
43,148,43
43,150,97
43,155,235
43,158,79
43,163,330
43,167,38
43,168,107
43,170,116
43,175,43
43,176,132
43,178,253
43,182,48
43,191,286
43,196,246
44,1,156
44,2,204
44,5,382
44,6,286
44,7,392
44,9,341
44,11,4
44,13,235
44,14,331
44,16,297
44,17,8
44,18,136
44,19,371
44,21,248
44,22,104
44,23,333
44,24,34
44,25,257
44,26,97
44,27,138
44,28,338
44,30,328
44,31,370
44,33,321
44,34,87
44,36,370
44,37,169
44,38,210
44,40,97
44,41,326
44,42,384
44,46,261
44,48,235
44,49,187
44,51,53
44,53,97
44,54,2
44,55,273
44,56,206
44,61,212
44,62,197
44,63,379
44,64,330
44,65,381
44,70,295
44,71,301
44,75,219
44,82,31
44,85,150
44,90,75
44,91,142
44,93,68
44,95,143
44,96,374
44,97,337
44,101,218
44,106,350
44,109,373
44,112,28
44,113,82
44,115,396
44,116,177
44,119,310
44,120,128
44,122,236
44,123,125
44,128,53
44,130,146
44,131,277
44,141,339
44,142,143
44,146,295
44,147,125
44,150,93
44,151,229
44,153,344
44,156,103
44,157,372
44,158,125
44,160,196
44,161,127
44,163,347
44,164,98
44,167,122
44,168,121
44,170,181
44,171,323
44,174,399
44,175,45
44,177,139
44,181,31
44,183,102
44,186,163
44,188,278
44,191,219
44,199,246
45,1,299
45,2,55
45,7,19
45,9,83
45,11,172
45,12,356
45,13,145
45,14,154
45,15,309
45,16,252
45,17,136
45,18,137
45,21,10
45,23,369
45,24,380
45,28,286
45,29,18
45,31,266
45,32,194
45,34,204
45,35,179
45,37,130
45,38,233
45,39,302
45,40,367
45,41,184
45,43,269
45,47,14
45,48,20
45,50,121
45,51,127
45,52,125
45,53,59
45,54,284
45,56,32
45,58,209
45,59,87
45,60,69
45,62,287
45,66,125
45,68,315
45,70,70
45,71,147
45,73,60
45,74,385
45,78,125
45,79,215
45,81,350
45,82,192
45,83,279
45,86,192
45,88,400
45,90,329
45,91,166
45,92,216
45,93,190
45,95,97
45,99,231
45,100,19
45,108,79
45,110,132
45,111,194
45,112,169
45,114,308
45,116,77
45,117,49
45,118,254
45,128,16
45,129,26
45,131,283
45,133,211
45,134,284
45,135,54
45,138,178
45,140,357
45,141,131
45,143,86
45,144,189
45,146,254
45,150,60
45,153,251
45,156,139
45,157,252
45,159,323
45,161,264
45,162,166
