source,target,weight
1,2,264
1,3,353
1,4,121
1,5,11
1,6,278
1,8,141
1,9,398
1,11,400
1,12,71
1,14,89
1,16,216
1,17,143
1,20,69
1,22,292
1,23,303
1,24,302
1,26,282
1,27,11
1,28,93
1,29,364
1,30,129
1,31,314
1,32,74
1,34,230
1,35,66
1,37,70
1,39,119
1,40,84
1,41,365
1,46,166
1,47,325
1,48,217
1,49,34
1,51,34
1,54,348
1,55,6
1,56,147
1,57,319
1,59,72
1,60,85
1,61,172
1,63,120
1,65,113
1,67,134
1,68,77
1,70,164
1,71,317
1,72,237
1,73,384
1,78,333
1,80,398
1,81,319
1,83,240
1,84,15
1,87,228
1,91,273
1,94,261
1,105,103
1,108,252
1,111,239
1,113,327
1,115,236
1,116,184
1,119,180
1,121,299
1,123,297
1,124,369
1,125,383
1,130,68
1,132,7
1,133,156
1,138,104
1,146,330
1,149,252
1,155,114
1,163,124
1,166,63
1,168,144
1,178,243
1,181,53
1,182,120
1,185,92
1,189,347
1,190,49
1,193,117
1,199,219
1,200,399
2,1,264
2,3,214
2,4,123
2,6,236
2,7,232
2,10,248
2,11,78
2,14,319
2,16,173
2,18,328
2,19,43
2,21,256
2,22,275
2,23,226
2,24,241
2,25,80
2,27,230
2,28,224
2,29,259
2,34,175
2,36,290
2,37,121
2,39,85
2,41,256
2,42,160
2,44,74
2,45,283
2,46,92
2,47,107
2,50,168
2,51,219
2,56,212
2,59,338
2,63,54
2,64,152
2,68,297
2,69,393
2,70,250
2,74,371
2,76,13
2,78,220
2,79,293
2,80,395
2,84,376
2,87,334
2,89,323
2,90,271
2,93,19
2,97,79
2,100,397
2,102,95
2,104,46
2,105,217
2,108,329
2,111,130
2,115,333
2,119,99
2,120,260
2,122,341
2,130,352
2,135,81
2,136,138
2,137,335
2,140,313
2,142,324
2,143,151
2,152,267
2,153,330
2,155,4
2,156,193
2,157,382
2,159,160
2,163,121
2,168,39
2,170,275
2,175,341
2,180,148
2,183,229
2,187,390
2,188,244
2,189,301
2,195,329
2,197,383
3,1,353
3,2,214
3,4,63
3,6,329
3,7,275
3,8,14
3,10,280
3,11,204
3,12,225
3,13,231
3,15,288
3,17,138
3,20,262
3,21,152
3,23,201
3,26,263
3,28,379
3,30,194
3,32,235
3,33,341
3,36,204
3,37,64
3,38,79
3,39,268
3,40,251
3,41,203
3,43,262
3,44,12
3,45,219
3,46,360
3,47,85
3,48,285
3,50,229
3,51,99
3,52,378
3,53,141
3,54,323
3,57,372
3,58,65
3,59,173
3,64,128
3,67,174
3,68,110
3,71,244
3,72,285
3,74,212
3,80,3
3,82,106
3,83,369
3,89,158
3,90,64
3,91,213
3,92,230
3,96,154
3,98,163
3,99,119
3,100,326
3,101,272
3,102,358
3,111,99
3,112,223
3,116,342
3,117,46
3,119,139
3,121,257
3,130,88
3,132,142
3,133,150
3,137,283
3,139,337
3,141,182
3,143,19
3,144,214
3,152,63
3,168,274
3,175,181
3,177,144
3,178,238
3,188,64
3,192,329
3,198,132
3,200,390
4,1,121
4,2,123
4,3,63
4,5,148
4,6,220
4,7,204
4,10,306
4,12,238
4,13,325
4,14,267
4,15,153
4,16,59
4,17,331
4,20,61
4,23,2
4,26,57
4,28,342
4,32,161
4,33,15
4,34,353
4,40,397
4,42,355
4,44,135
4,45,216
4,49,311
4,50,196
4,51,368
4,52,73
4,53,156
4,54,308
4,56,52
4,57,292
4,58,156
4,63,252
4,65,72
4,67,206
4,68,91
4,69,20
4,70,292
4,72,27
4,74,54
4,77,104
4,80,110
4,82,175
4,83,174
4,89,170
4,96,155
4,97,45
4,100,300
4,103,307
4,104,205
4,108,113
4,109,239
4,111,88
4,113,112
4,119,306
4,120,303
4,123,390
4,124,143
4,125,64
4,126,381
4,128,202
4,129,244
4,133,328
4,143,205
4,144,7
4,145,129
4,146,400
4,148,138
4,149,220
4,151,160
4,160,155
4,163,86
4,167,57
4,173,308
4,177,330
4,180,114
4,184,177
4,189,297
5,1,11
5,4,148
5,7,82
5,8,394
5,9,37
5,10,145
5,11,216
5,12,126
5,14,275
5,16,230
5,17,379
5,18,195
5,19,59
5,22,104
5,24,58
5,25,80
5,26,304
5,27,171
5,28,47
5,29,341
5,30,235
5,33,261
5,35,256
5,36,111
5,38,25
5,40,329
5,41,374
5,42,379
5,43,335
5,44,175
5,45,224
5,46,188
5,47,171
5,50,65
5,51,140
5,54,63
5,55,123
5,56,96
5,57,46
5,58,54
5,59,25
5,60,111
5,61,93
5,62,354
5,65,221
5,66,289
5,67,59
5,69,214
5,70,377
5,71,70
5,74,189
5,75,213
5,76,167
5,77,126
5,80,87
5,81,228
5,86,126
5,88,65
5,90,297
5,93,39
5,95,160
5,97,144
5,99,232
5,105,301
5,108,294
5,110,85
5,116,336
5,117,382
5,122,148
5,124,194
5,128,324
5,132,80
5,138,321
5,143,370
5,144,103
5,147,167
5,153,358
5,156,294
5,163,164
5,164,87
5,166,367
5,168,172
5,170,342
5,173,160
5,178,156
5,182,147
5,189,141
5,192,176
5,195,360
6,1,278
6,2,236
6,3,329
6,4,220
6,7,256
6,8,196
6,11,88
6,12,150
6,13,29
6,18,373
6,19,353
6,23,395
6,24,142
6,26,17
6,28,117
6,30,92
6,32,240
6,33,296
6,36,40
6,37,103
6,39,59
6,40,38
6,41,89
6,42,68
6,43,332
6,44,13
6,45,287
6,46,110
6,47,371
6,48,179
6,49,172
6,50,283
6,53,58
6,59,132
6,62,287
6,67,31
6,70,286
6,71,54
6,74,130
6,77,274
6,78,319
6,80,363
6,81,83
6,83,47
6,84,24
6,85,111
6,86,43
6,89,141
6,91,255
6,96,88
6,98,234
6,106,306
6,108,86
6,110,398
6,112,2
6,119,37
6,122,58
6,124,16
6,131,322
6,133,40
6,137,203
6,138,329
6,142,107
6,146,23
6,149,24
6,150,149
6,160,127
6,162,213
6,164,224
6,166,185
6,167,171
6,171,41
6,182,224
6,187,49
6,189,237
6,191,248
6,194,159
7,2,232
7,3,275
7,4,204
7,5,82
7,6,256
7,8,10
7,9,171
7,10,295
7,11,395
7,12,111
7,13,184
7,15,160
7,16,362
7,22,35
7,23,181
7,24,266
7,25,167
7,26,97
7,28,349
7,29,252
7,30,13
7,31,75
7,32,281
7,33,130
7,34,215
7,35,5
7,36,73
7,37,130
7,39,133
7,40,358
7,42,198
7,43,11
7,46,359
7,47,267
7,49,360
7,50,231
7,51,190
7,53,131
7,54,232
7,55,334
7,56,108
7,57,366
7,58,292
7,60,345
7,62,134
7,63,209
7,65,242
7,71,227
7,73,66
7,74,110
7,76,131
7,85,223
7,88,146
7,90,311
7,91,249
7,92,394
7,93,393
7,94,229
7,95,218
7,96,194
7,98,364
7,106,139
7,107,273
7,114,145
7,115,285
7,118,70
7,119,381
7,121,22
7,123,357
7,127,168
7,129,148
7,130,295
7,132,22
7,140,209
7,141,365
7,144,143
7,145,373
7,147,373
7,149,279
7,151,200
7,153,249
7,156,103
7,158,47
7,159,235
7,160,260
7,163,12
7,169,183
7,177,107
7,178,96
7,185,168
7,187,308
7,188,392
7,191,400
7,192,353
8,1,141
8,3,14
8,5,394
8,6,196
8,7,10
8,9,202
8,11,156
8,12,178
8,13,37
8,14,329
8,16,134
8,19,28
8,20,353
8,21,170
8,22,105
8,25,146
8,26,166
8,27,168
8,28,240
8,29,245
8,33,329
8,35,271
8,36,302
8,38,365
8,39,330
8,40,132
8,42,190
8,43,248
8,48,87
8,51,247
8,55,63
8,56,355
8,58,191
8,59,394
8,60,296
8,62,101
8,63,203
8,65,244
8,69,380
8,70,120
8,78,236
8,79,103
8,80,293
8,81,338
8,82,365
8,88,13
8,92,267
8,93,109
8,99,375
8,101,313
8,102,81
8,104,92
8,108,350
8,111,307
8,113,381
8,115,307
8,116,187
8,119,254
8,125,250
8,126,105
8,127,185
8,131,210
8,136,189
8,140,343
8,142,44
8,150,340
8,152,77
8,156,378
8,158,283
8,159,168
8,162,44
8,168,119
8,169,45
8,170,259
8,173,122
8,174,315
8,175,265
8,178,133
8,183,325
8,186,352
8,187,338
8,189,224
8,192,200
8,196,81
9,1,398
9,5,37
9,7,171
9,8,202
9,10,16
9,11,60
9,12,214
9,13,145
9,14,158
9,15,93
9,16,202
9,17,393
9,18,367
9,19,332
9,20,204
9,21,41
9,24,14
9,25,239
9,27,157
9,28,337
9,29,361
9,31,313
9,32,193
9,33,362
9,34,227
9,35,103
9,36,60
9,38,277
9,41,215
9,42,289
9,43,193
9,44,309
9,45,300
9,47,133
9,49,184
9,50,342
9,51,132
9,52,203
9,53,83
9,54,75
9,55,110
9,57,308
9,58,201
9,59,84
9,61,191
9,64,148
9,65,321
9,66,35
9,67,395
9,69,291
9,71,371
9,73,249
9,75,314
9,76,228
9,80,355
9,81,103
9,82,99
9,87,56
9,90,308
9,91,301
9,94,148
9,96,250
9,100,223
9,103,195
9,109,309
9,110,138
9,114,220
9,116,66
9,118,80
9,119,107
9,120,116
9,121,379
9,125,361
9,128,138
9,130,3
9,135,81
9,138,105
9,141,63
9,149,239
9,155,199
9,160,22
9,162,227
9,176,294
9,179,162
9,181,33
9,190,221
9,195,5
9,199,318
10,2,248
10,3,280
10,4,306
10,5,145
10,7,295
10,9,16
10,13,171
10,14,292
10,16,67
10,18,378
10,19,305
10,20,326
10,21,355
10,22,260
10,23,393
10,24,197
10,25,287
10,26,143
10,27,46
10,28,48
10,29,256
10,32,211
10,33,284
10,34,97
10,35,129
10,36,80
10,39,121
10,41,358
10,42,392
10,44,64
10,45,112
10,46,311
10,47,207
10,49,397
10,51,117
10,54,190
10,55,86
10,57,228
10,58,12
10,59,213
10,60,290
10,63,122
10,64,112
10,65,293
10,66,393
10,69,211
10,72,294
10,73,88
10,74,18
10,75,150
10,77,223
10,81,309
10,84,222
10,85,78
10,88,284
10,89,127
10,90,107
10,91,103
10,92,197
10,93,31
10,99,117
10,101,80
10,109,60
10,110,103
10,111,67
10,113,152
10,114,355
10,116,392
10,118,58
10,119,287
10,124,302
10,126,350
10,131,383
10,138,149
10,139,20
10,142,252
10,147,247
10,148,208
10,152,33
10,153,30
10,158,245
10,160,263
10,163,3
10,168,160
10,172,65
10,173,275
10,177,380
10,186,227
10,187,116
10,191,248
10,196,350
11,1,400
11,2,78
11,3,204
11,5,216
11,6,88
11,7,395
11,8,156
11,9,60
11,12,357
11,14,296
11,15,285
11,16,150
11,17,120
11,18,75
11,21,108
11,22,261
11,23,67
11,25,64
11,26,223
11,28,177
11,29,178
11,31,196
11,32,20
11,33,371
11,36,6
11,40,355
11,41,335
11,43,285
11,44,341
11,45,35
11,47,109
11,48,217
11,51,290
11,52,80
11,53,102
11,58,289
11,59,376
11,61,52
11,62,238
11,66,4
11,67,172
11,69,213
11,70,241
11,72,249
11,75,265
11,79,260
11,81,334
11,83,77
11,92,123
11,93,335
11,94,111
11,98,350
11,99,119
11,100,76
11,101,342
11,103,261
11,105,371
11,107,3
11,110,16
11,114,171
11,115,361
11,117,251
11,120,351
11,121,389
11,122,156
11,134,169
11,135,14
11,141,88
11,142,182
11,146,347
11,149,367
11,150,45
11,155,49
11,161,177
11,162,108
11,163,223
11,165,72
11,166,93
11,178,378
11,183,69
11,195,52
11,200,13
12,1,71
12,3,225
12,4,238
12,5,126
12,6,150
12,7,111
12,8,178
12,9,214
12,11,357
12,13,77
12,15,346
12,17,176
12,19,342
12,20,376
12,21,25
12,22,215
12,24,335
12,25,259
12,27,208
12,29,202
12,30,8
12,31,72
12,32,63
12,35,272
12,36,296
12,37,65
12,39,22
12,43,160
12,45,136
12,46,155
12,48,12
12,49,173
12,50,105
12,52,380
12,53,142
12,55,18
12,56,236
12,57,289
12,58,181
12,61,171
12,62,49
12,63,237
12,64,119
12,65,85
12,66,216
12,69,296
12,71,107
12,73,55
12,74,184
12,76,204
12,77,43
12,78,67
12,79,154
12,81,10
12,86,115
12,87,239
12,89,289
12,92,93
12,94,152
12,95,192
12,96,56
12,97,122
12,98,40
12,99,271
12,101,121
12,102,362
12,103,359
12,104,356
12,105,353
12,107,332
12,112,174
12,115,327
12,116,230
12,117,53
12,127,39
12,128,159
12,129,389
12,131,86
12,136,393
12,139,263
12,140,237
12,142,294
12,145,390
12,150,227
12,172,318
12,173,357
12,179,400
12,181,98
12,182,390
12,183,151
12,185,370
12,192,13
12,198,126
12,200,95
13,3,231
13,4,325
13,6,29
13,7,184
13,8,37
13,9,145
13,10,171
13,12,77
13,15,93
13,18,336
13,19,250
13,20,365
13,21,47
13,22,337
13,23,290
13,24,328
13,25,21
13,26,235
13,27,263
13,28,226
13,29,252
13,30,306
13,31,242
13,33,52
13,34,213
13,36,93
13,37,43
13,38,27
13,39,273
13,40,20
13,41,399
13,42,225
13,43,312
13,44,5
13,46,283
13,47,36
13,48,293
13,49,151
13,50,272
13,51,217
13,52,21
13,53,163
13,56,300
13,57,375
13,58,83
13,59,253
13,62,95
13,63,379
13,64,151
13,65,162
13,67,323
13,68,166
13,72,280
13,74,224
13,75,53
13,78,400
13,79,217
13,80,255
13,84,338
13,86,165
13,87,168
13,90,221
13,92,89
13,97,358
13,100,228
13,101,21
13,103,147
13,105,269
13,106,174
13,107,144
13,109,93
13,110,170
13,111,352
13,113,386
13,115,352
13,119,156
13,120,72
13,122,225
13,124,61
13,125,258
13,131,323
13,136,13
13,143,207
13,145,345
13,148,183
13,150,225
13,151,14
13,156,42
13,158,125
13,162,149
13,163,260
13,168,86
13,171,360
13,174,58
13,192,123
13,193,14
13,199,39
14,1,89
14,2,319
14,4,267
14,5,275
14,8,329
14,9,158
14,10,292
14,11,296
14,15,83
14,16,212
14,17,196
14,18,398
14,19,188
14,20,142
14,21,81
14,22,381
14,25,354
14,26,255
14,28,159
14,29,298
14,31,378
14,32,242
14,33,311
14,34,198
14,35,344
14,37,367
14,38,112
14,39,400
14,41,340
14,48,56
14,52,19
14,55,397
14,56,76
14,57,276
14,58,195
14,59,199
14,60,337
14,61,100
14,63,289
14,64,84
14,66,346
14,67,221
14,69,321
14,73,28
14,76,188
14,80,129
14,85,150
14,86,279
14,94,343
14,95,356
14,96,197
14,97,387
14,98,205
14,99,320
14,100,270
14,101,80
14,105,23
14,107,9
14,112,66
14,130,278
14,145,376
14,152,272
14,167,162
14,169,134
14,170,293
14,171,22
14,179,131
14,184,369
14,185,14
14,189,207
14,194,112
14,196,349
14,197,187
15,3,288
15,4,153
15,7,160
15,9,93
15,11,285
15,12,346
15,13,93
15,14,83
15,17,284
15,18,185
15,20,111
15,21,323
15,22,138
15,24,261
15,25,74
15,26,223
15,27,359
15,28,49
15,30,227
15,32,63
15,35,264
15,36,287
15,38,115
15,41,19
15,42,338
15,43,295
15,44,20
15,46,190
15,48,285
15,51,380
15,54,301
15,55,290
15,56,300
15,57,220
15,58,134
15,60,185
15,62,349
15,64,167
15,67,317
15,68,156
15,69,9
15,70,155
15,75,33
15,77,1
15,78,340
15,81,322
15,82,148
15,83,178
15,91,25
15,92,132
15,94,330
15,97,259
15,98,244
15,99,43
15,100,387
15,101,188
15,102,261
15,105,378
15,114,399
15,116,51
15,120,12
15,121,217
15,122,250
15,125,196
15,127,339
15,128,205
15,131,79
15,133,29
15,134,85
15,137,55
15,138,1
15,139,400
15,143,238
15,146,116
15,148,210
15,150,143
15,154,51
15,155,144
15,156,290
15,157,246
15,163,382
15,164,262
15,167,33
15,171,378
15,174,355
15,175,191
15,181,27
15,191,317
15,192,267
15,193,208
15,197,132
16,1,216
16,2,173
16,4,59
16,5,230
16,7,362
16,8,134
16,9,202
16,10,67
16,11,150
16,14,212
16,17,204
16,18,319
16,19,2
16,20,137
16,21,58
16,22,236
16,25,42
16,26,57
16,28,394
16,29,64
16,30,180
16,33,333
16,34,200
16,38,335
16,40,313
16,41,359
16,42,49
16,44,165
16,45,136
16,46,381
16,47,285
16,50,95
16,55,246
16,56,4
16,57,109
16,58,199
16,59,187
16,60,45
16,61,75
16,63,15
16,66,363
16,68,343
16,71,34
16,72,94
16,74,323
16,76,284
16,78,276
16,81,320
16,83,264
16,87,339
16,88,41
16,93,199
16,95,108
16,97,38
16,101,42
16,102,49
16,103,42
16,105,268
16,106,70
16,109,247
16,110,340
16,111,323
16,114,192
16,120,130
16,121,286
16,126,335
16,127,185
16,131,12
16,138,388
16,139,249
16,145,152
16,153,232
16,154,9
16,161,190
16,165,101
16,167,141
16,169,354
16,170,115
16,172,85
16,177,218
16,186,122
16,187,170
16,190,244
16,191,89
16,192,18
16,199,214
16,200,104
17,1,143
17,3,138
17,4,331
17,5,379
17,9,393
17,11,120
17,12,176
17,14,196
17,15,284
17,16,204
17,18,102
17,20,325
17,21,40
17,22,227
17,23,74
17,24,132
17,25,11
17,26,359
17,29,96
17,30,185
17,31,206
17,32,193
17,34,299
17,35,203
17,37,238
17,39,18
17,40,293
17,43,204
17,44,44
17,46,103
17,47,350
17,48,384
17,51,98
17,52,221
17,54,29
17,55,98
17,56,69
17,60,73
17,61,317
17,62,232
17,63,140
17,64,113
17,65,335
17,67,56
17,71,16
17,72,23
17,73,80
17,83,81
17,86,311
17,88,158
17,90,311
17,91,336
17,98,5
17,99,299
17,102,199
17,104,163
17,105,349
17,106,201
17,107,280
17,118,18
17,119,291
17,120,211
17,122,279
17,123,39
17,131,39
17,135,292
17,136,157
17,137,287
17,139,177
17,142,250
17,145,200
17,146,220
17,147,158
17,150,217
17,153,217
17,157,4
17,158,263
17,160,194
17,171,151
17,172,80
17,174,252
17,179,377
17,181,25
17,185,125
17,188,77
18,2,328
18,5,195
18,6,373
18,9,367
18,10,378
18,11,75
18,13,336
18,14,398
18,15,185
18,16,319
18,17,102
18,19,366
18,21,169
18,22,14
18,25,24
18,27,313
18,30,217
18,31,46
18,32,77
18,34,120
18,35,226
18,37,44
18,38,127
18,39,101
18,41,91
18,43,188
18,44,148
18,46,153
18,48,174
18,49,279
18,52,154
18,53,114
18,54,113
18,55,71
18,56,356
18,57,173
18,58,282
18,62,270
18,64,243
18,66,146
18,67,173
18,69,247
18,70,125
18,71,289
18,75,173
18,76,215
18,77,217
18,78,132
18,79,126
18,88,133
18,91,75
18,92,367
18,94,240
18,96,127
18,99,396
18,101,233
18,103,170
18,106,132
18,108,308
18,112,321
18,118,59
18,123,39
18,124,352
18,129,136
18,131,46
18,133,366
18,137,364
18,141,60
18,144,95
18,145,63
18,146,264
18,148,307
18,149,95
18,151,8
18,152,66
18,156,6
18,159,104
18,161,285
18,163,261
18,165,79
18,166,139
18,168,270
18,173,310
18,181,205
18,186,321
18,191,31
18,193,264
18,196,274
18,200,272
19,2,43
19,5,59
19,6,353
19,8,28
19,9,332
19,10,305
19,12,342
19,13,250
19,14,188
19,16,2
19,18,366
19,20,355
19,21,173
19,22,243
19,24,374
19,26,254
19,28,164
19,29,76
19,31,226
19,33,183
19,34,398
19,35,285
19,36,32
19,38,132
19,42,271
19,43,351
19,47,337
19,48,143
19,50,289
19,51,38
19,55,62
19,66,355
19,67,264
19,68,292
19,70,145
19,71,221
19,73,265
19,77,240
19,83,38
19,86,260
19,88,255
19,90,281
19,93,228
19,94,143
19,95,183
19,100,309
19,101,17
19,102,156
19,104,140
19,108,37
19,109,108
19,114,282
19,116,14
19,118,80
19,123,328
19,134,253
19,147,153
19,151,212
19,152,265
19,155,248
19,158,326
19,159,113
19,160,294
19,172,219
19,175,34
19,178,121
19,179,91
19,180,232
19,188,151
19,189,152
19,191,143
19,197,374
20,1,69
20,3,262
20,4,61
20,8,353
20,9,204
20,10,326
20,12,376
20,13,365
20,14,142
20,15,111
20,16,137
20,17,325
20,19,355
20,23,262
20,24,357
20,28,383
20,29,260
20,36,365
20,37,289
20,38,24
20,40,304
20,43,116
20,45,83
20,46,248
20,49,14
20,51,262
20,52,50
20,55,146
20,56,16
20,57,296
20,58,82
20,59,331
20,60,64
20,62,179
20,64,87
20,67,229
20,68,327
20,70,53
20,77,68
20,78,219
20,79,52
20,86,265
20,89,19
20,96,92
20,100,198
20,103,3
20,109,125
20,110,221
20,112,225
20,115,292
20,118,136
20,119,15
20,123,11
20,127,304
20,133,323
20,134,397
20,140,170
20,149,179
20,167,302
20,173,297
20,185,50
20,190,394
20,192,105
20,195,349
20,196,256
21,2,256
21,3,152
21,8,170
21,9,41
21,10,355
21,11,108
21,12,25
21,13,47
21,14,81
21,15,323
21,16,58
21,17,40
21,18,169
21,19,173
21,24,56
21,25,163
21,26,266
21,29,309
21,31,250
21,34,116
21,35,84
21,38,98
21,39,17
21,40,321
21,41,372
21,42,43
21,43,196
21,44,18
21,45,296
21,46,37
21,48,92
21,49,373
21,50,378
21,51,330
21,53,152
21,55,299
21,56,184
21,57,289
21,59,232
21,61,384
21,62,240
21,65,252
21,66,316
21,68,355
21,71,348
21,72,75
21,74,7
21,76,184
21,77,266
21,78,262
21,80,11
21,83,140
21,85,26
21,89,186
21,91,40
21,92,271
21,98,377
21,106,200
21,115,118
21,118,162
21,120,120
21,127,149
21,129,300
21,134,314
21,135,388
21,138,161
21,145,229
21,150,108
21,154,8
21,155,46
21,156,72
21,157,335
21,168,119
21,177,277
21,183,22
21,185,119
21,197,109
21,198,160
22,1,292
22,2,275
22,5,104
22,7,35
22,8,105
22,10,260
22,11,261
22,12,215
22,13,337
22,14,381
22,15,138
22,16,236
22,17,227
22,18,14
22,19,243
22,23,14
22,25,47
22,26,3
22,27,161
22,29,94
22,30,172
22,32,84
22,33,320
22,35,272
22,36,18
22,38,53
22,39,50
22,40,83
22,42,143
22,43,225
22,44,303
22,45,268
22,47,87
22,48,42
22,51,111
22,53,23
22,54,362
22,56,166
22,57,253
22,60,385
22,61,203
22,62,11
22,65,356
22,66,385
22,68,48
22,69,135
22,71,137
22,73,36
22,76,392
22,79,234
22,81,49
22,82,248
22,83,379
22,87,283
22,88,308
22,94,371
22,99,37
22,104,174
22,114,127
22,117,79
22,118,89
22,123,142
22,124,75
22,129,130
22,136,357
22,139,129
22,140,80
22,148,316
22,153,137
22,154,163
22,157,86
22,161,309
22,170,149
22,172,399
22,176,121
22,182,13
22,184,15
22,185,12
22,187,40
22,199,211
23,1,303
23,2,226
23,3,201
23,4,2
23,6,395
23,7,181
23,10,393
23,11,67
23,13,290
23,17,74
23,20,262
23,22,14
23,25,26
23,27,243
23,29,296
23,31,296
23,32,41
23,33,313
23,35,275
23,37,304
23,39,307
23,40,161
23,41,253
23,42,230
23,43,104
23,44,233
23,45,203
23,47,277
23,49,263
23,50,214
23,52,161
23,55,44
23,59,387
23,61,226
23,62,59
23,64,150
23,65,387
23,66,106
23,67,242
23,69,4
23,71,21
23,73,46
23,74,171
23,75,123
23,77,337
23,78,235
23,81,92
23,84,31
23,87,328
23,94,245
23,96,354
23,97,344
23,100,320
23,102,263
23,104,391
23,107,1
23,110,352
23,115,275
23,116,248
23,117,180
23,120,373
23,121,105
23,125,205
23,126,379
23,128,78
23,131,45
23,141,11
23,145,351
23,147,17
23,148,123
23,154,248
23,156,171
23,157,117
23,159,304
23,162,5
23,165,85
23,167,318
23,169,271
23,171,346
23,177,376
23,178,383
23,185,143
23,190,121
23,193,148
23,196,330
23,199,3
24,1,302
24,2,241
24,5,58
24,6,142
24,7,266
24,9,14
24,10,197
24,12,335
24,13,328
24,15,261
24,17,132
24,19,374
24,20,357
24,21,56
24,26,49
24,30,123
24,31,267
24,32,107
24,34,233
24,35,252
24,38,155
24,39,322
24,41,135
24,42,250
24,43,209
24,44,153
24,45,347
24,46,100
24,48,121
24,49,283
24,50,390
24,52,238
24,55,304
24,57,83
24,58,86
24,59,396
24,62,131
24,66,111
24,70,25
24,76,67
24,77,282
24,80,175
24,81,366
24,85,325
24,86,176
24,89,180
24,90,136
24,99,330
24,100,179
24,108,216
24,110,192
24,111,234
24,114,382
24,116,114
24,118,254
24,119,130
24,123,366
24,125,272
24,128,390
24,131,127
24,132,172
24,134,183
24,135,252
24,140,124
24,142,272
24,148,54
24,150,336
24,151,283
24,154,127
24,156,122
24,159,252
24,161,21
24,162,249
24,165,181
24,166,213
24,167,279
24,169,11
24,177,3
24,178,357
24,183,124
24,191,255
25,2,80
25,5,80
25,7,167
25,8,146
25,9,239
25,10,287
25,11,64
25,12,259
25,13,21
25,14,354
25,15,74
25,16,42
25,17,11
25,18,24
25,21,163
25,22,47
25,23,26
25,26,44
25,27,79
25,28,248
25,32,33
25,33,289
25,35,281
25,36,351
25,37,51
25,38,321
25,40,301
25,41,58
25,42,228
25,43,348
25,44,244
25,46,74
25,47,242
25,49,389
25,52,101
25,56,191
25,57,51
25,58,172
25,60,351
25,63,164
25,64,374
25,65,356
25,66,36
25,68,360
25,69,79
25,73,284
25,74,104
25,75,299
25,76,74
25,77,99
25,80,247
25,82,305
25,84,211
25,85,206
25,87,377
25,88,309
25,89,48
25,92,358
25,97,228
25,100,119
25,111,35
25,112,149
25,116,254
25,124,150
25,127,261
25,129,155
25,130,53
25,136,225
25,137,93
25,142,24
25,146,285
25,151,257
25,163,177
25,168,388
25,175,78
25,182,26
25,185,74
25,188,7
25,200,203
26,1,282
26,3,263
26,4,57
26,5,304
26,6,17
26,7,97
26,8,166
26,10,143
26,11,223
26,13,235
26,14,255
26,15,223
26,16,57
26,17,359
26,19,254
26,21,266
26,22,3
26,24,49
26,25,44
26,27,160
26,28,370
26,29,161
26,30,41
26,31,371
26,34,113
26,35,361
26,37,354
26,38,216
26,39,305
26,40,4
26,42,17
26,46,61
26,47,318
26,48,325
26,49,47
26,50,50
26,57,255
26,60,342
26,62,22
26,68,201
26,69,165
26,73,304
26,74,396
26,75,159
26,78,238
26,79,314
26,80,350
26,81,91
26,83,63
26,84,16
26,87,139
26,89,352
26,91,387
26,93,93
26,97,385
26,103,96
26,104,326
26,107,346
26,112,118
26,118,375
26,126,31
26,128,21
26,131,345
26,151,263
26,156,39
26,158,234
26,161,174
26,164,369
26,165,57
26,172,186
26,174,236
26,178,307
26,183,59
26,185,111
26,193,94
27,1,11
27,2,230
27,5,171
27,8,168
27,9,157
27,10,46
27,12,208
27,13,263
27,15,359
27,18,313
27,22,161
27,23,243
27,25,79
27,26,160
27,28,85
27,30,299
27,35,263
27,36,234
27,37,16
27,38,342
27,40,190
27,46,64
27,47,266
27,48,33
27,49,370
27,53,144
27,54,165
27,58,27
27,60,235
27,63,306
27,67,199
27,68,387
27,69,107
27,70,49
27,72,75
27,74,3
27,76,279
27,77,176
27,78,212
27,79,133
27,83,15
27,85,303
27,89,107
27,91,235
27,93,98
27,94,83
27,104,107
27,105,106
27,107,348
27,109,4
27,112,289
27,115,40
27,118,147
27,125,120
27,126,113
27,147,70
27,150,30
27,156,260
27,161,320
27,173,95
27,175,377
27,187,147
27,194,60
28,1,93
28,2,224
28,3,379
28,4,342
28,5,47
28,6,117
28,7,349
28,8,240
28,9,337
28,10,48
28,11,177
28,13,226
28,14,159
28,15,49
28,16,394
28,19,164
28,20,383
28,25,248
28,26,370
28,27,85
28,29,173
28,31,112
28,32,154
28,33,349
28,34,226
28,36,98
28,37,180
28,39,1
28,40,135
28,41,132
28,45,397
28,48,22
28,49,148
28,51,52
28,52,216
28,53,198
28,55,347
28,57,181
28,59,229
28,64,163
28,66,254
28,67,324
28,68,200
28,69,388
28,71,315
28,72,142
28,73,72
28,76,191
28,78,279
28,81,145
28,82,91
28,84,82
28,85,320
28,88,199
28,90,65
28,93,163
28,94,236
28,96,92
28,102,190
28,103,205
28,104,214
28,105,359
28,106,86
28,108,151
28,113,78
28,115,173
28,118,293
28,122,262
28,125,343
28,127,381
28,132,144
28,136,223
28,137,238
28,138,294
28,139,122
28,141,71
28,142,54
28,143,294
28,147,358
28,148,205
28,156,122
28,160,293
28,169,342
28,173,288
28,177,222
28,188,323
28,190,334
28,194,20
28,195,30
29,1,364
29,2,259
29,5,341
29,7,252
29,8,245
29,9,361
29,10,256
29,11,178
29,12,202
29,13,252
29,14,298
29,16,64
29,17,96
29,19,76
29,20,260
29,21,309
29,22,94
29,23,296
29,26,161
29,28,173
29,30,321
29,31,162
29,32,285
29,34,302
29,35,400
29,38,378
29,39,339
29,40,233
29,41,100
29,42,398
29,43,68
29,44,187
29,45,233
29,46,43
29,48,21
29,49,286
29,50,357
29,52,320
29,53,332
29,54,340
29,55,125
29,56,72
29,57,178
29,58,216
29,59,152
29,61,242
29,63,26
29,64,140
29,66,387
29,68,4
29,69,175
29,70,252
29,71,142
29,73,159
29,75,167
29,77,355
29,79,317
29,81,127
29,84,272
29,90,76
29,93,118
29,95,199
29,100,283
29,101,319
29,105,113
29,106,361
29,108,286
29,109,272
29,111,345
29,112,157
29,114,77
29,121,78
29,123,208
29,127,189
29,129,4
29,134,22
29,136,259
29,137,400
29,142,27
29,143,103
29,148,175
29,149,317
29,150,20
29,152,320
29,154,392
29,171,163
29,174,72
29,180,41
29,181,3
29,185,147
29,187,52
30,1,129
30,3,194
30,5,235
30,6,92
30,7,13
30,12,8
30,13,306
30,15,227
30,16,180
30,17,185
30,18,217
30,22,172
30,24,123
30,26,41
30,27,299
30,29,321
30,31,345
30,32,248
30,34,233
30,35,15
30,36,16
30,37,338
30,38,122
30,39,66
30,40,239
30,43,251
30,44,35
30,47,210
30,49,131
30,51,84
30,53,350
30,54,188
30,56,73
30,57,50
30,58,13
30,59,262
30,60,13
30,61,30
30,62,85
30,63,170
30,64,289
30,66,133
30,67,368
30,70,61
30,71,283
30,72,26
30,73,180
30,74,248
30,76,1
30,78,311
30,81,181
30,83,369
30,84,85
30,86,78
30,88,52
30,94,91
30,97,14
30,99,44
30,103,373
30,106,20
30,109,389
30,115,382
30,116,3
30,119,102
30,124,172
30,125,212
30,131,175
30,139,22
30,141,311
30,144,394
30,147,318
30,149,358
30,161,91
30,162,242
30,165,230
30,171,182
30,172,24
30,173,4
30,180,214
30,186,357
30,188,361
31,1,314
31,7,75
31,9,313
31,11,196
31,12,72
31,13,242
31,14,378
31,17,206
31,18,46
31,19,226
31,21,250
31,23,296
31,24,267
31,26,371
31,28,112
31,29,162
31,30,345
31,32,331
31,33,257
31,34,383
31,35,379
31,37,181
31,38,343
31,39,153
31,40,46
31,41,329
31,42,264
31,43,193
31,44,120
31,45,84
31,48,166
31,50,375
31,51,83
31,52,43
31,53,123
31,58,143
31,62,133
31,68,320
31,71,369
31,72,280
31,73,277
31,75,178
31,76,169
31,78,154
31,81,391
31,82,290
31,84,1
31,89,151
31,92,18
31,93,352
31,94,237
31,95,117
31,108,242
31,110,374
31,111,222
31,118,2
31,123,150
31,128,158
31,130,15
31,135,122
31,137,229
31,142,382
31,145,253
31,146,168
31,148,46
31,150,260
31,156,94
31,159,209
31,164,91
31,171,111
31,174,298
31,179,3
31,181,192
31,182,310
31,187,336
31,190,93
31,193,125
31,197,21
31,198,373
31,200,17
32,1,74
32,3,235
32,4,161
32,6,240
32,7,281
32,9,193
32,10,211
32,11,20
32,12,63
32,14,242
32,15,63
32,17,193
32,18,77
32,22,84
32,23,41
32,24,107
32,25,33
32,28,154
32,29,285
32,30,248
32,31,331
32,36,355
32,37,315
32,39,179
32,42,129
32,44,92
32,45,124
32,47,72
32,48,89
32,49,62
32,52,391
32,53,338
32,55,131
32,56,311
32,57,144
32,60,202
32,61,319
32,62,185
32,64,103
32,65,202
32,66,277
32,69,171
32,72,39
32,73,39
32,74,387
32,79,275
32,82,90
32,86,204
32,88,123
32,90,152
32,92,176
32,95,58
32,96,87
32,99,73
32,102,82
32,103,59
32,104,346
32,106,349
32,107,356
32,111,62
32,114,195
32,116,187
32,117,365
32,121,115
32,123,77
32,124,232
32,127,31
32,135,165
32,137,394
32,142,190
32,147,364
32,157,196
32,160,168
32,163,353
32,176,83
32,177,30
32,187,99
32,194,265
32,197,370
32,198,37
33,3,341
33,4,15
33,5,261
33,6,296
33,7,130
33,8,329
33,9,362
33,10,284
33,11,371
33,13,52
33,14,311
33,16,333
33,19,183
33,22,320
33,23,313
33,25,289
33,28,349
33,31,257
33,34,281
33,37,50
33,38,122
33,39,83
33,41,49
33,43,299
33,45,53
33,47,238
33,48,254
33,49,59
33,50,132
33,51,48
33,55,268
33,56,388
33,59,4
33,60,209
33,61,35
33,63,186
33,64,172
33,66,71
33,67,230
33,68,66
33,70,210
33,71,295
33,74,17
33,75,163
33,81,87
33,82,237
33,84,191
33,85,350
33,87,357
33,92,203
33,94,233
33,95,377
33,102,219
33,104,276
33,106,265
33,109,80
33,110,110
33,113,191
33,114,238
33,115,364
33,120,290
33,122,181
33,123,205
33,125,186
33,127,318
33,128,226
33,130,84
33,134,362
33,141,269
33,145,248
33,148,235
33,149,125
33,150,188
33,152,163
33,156,223
33,158,284
33,177,307
33,178,49
33,183,299
33,187,12
33,189,18
33,192,348
33,193,153
33,195,115
33,196,300
33,198,121
33,199,134
34,1,230
34,2,175
34,4,353
34,7,215
34,9,227
34,10,97
34,13,213
34,14,198
34,16,200
34,17,299
34,18,120
34,19,398
34,21,116
34,24,233
34,26,113
34,28,226
34,29,302
34,30,233
34,31,383
34,33,281
34,35,67
34,37,349
34,38,134
34,39,152
34,41,216
34,42,386
34,43,362
34,45,111
34,47,55
34,52,127
34,54,304
34,55,8
34,58,22
34,60,392
34,61,189
34,62,40
34,63,193
34,64,280
34,65,72
34,68,187
34,71,364
34,75,140
34,77,394
34,80,229
34,82,397
34,88,291
34,91,82
34,95,21
34,96,128
34,100,1
34,104,216
34,107,371
34,119,65
34,128,29
34,129,270
34,133,31
34,138,152
34,147,254
34,149,180
34,150,31
34,155,155
34,157,374
34,164,237
34,168,312
34,180,371
34,183,357
34,186,223
34,190,29
34,191,355
34,200,330
35,1,66
35,5,256
35,7,5
35,8,271
35,9,103
35,10,129
35,12,272
35,14,344
35,15,264
35,17,203
35,18,226
35,19,285
35,21,84
35,22,272
35,23,275
35,24,252
35,25,281
35,26,361
35,27,263
35,29,400
35,30,15
35,31,379
35,34,67
35,36,382
35,39,233
35,40,265
35,42,57
35,43,324
35,44,294
35,45,151
35,48,34
35,49,91
35,50,266
35,52,50
35,56,157
35,57,71
35,60,38
35,62,138
35,64,61
35,65,204
35,68,327
35,70,357
35,71,123
35,72,56
35,73,372
35,74,42
35,76,107
35,77,82
35,81,273
35,83,11
35,85,220
35,86,284
35,87,231
35,88,166
35,89,34
35,90,271
35,91,67
35,92,126
35,97,79
35,99,77
35,100,81
35,102,189
35,103,7
35,107,41
35,108,147
35,111,190
35,112,146
35,114,379
35,115,314
35,118,27
35,121,198
35,123,235
35,124,206
35,131,218
35,132,74
35,133,209
35,139,155
35,141,339
35,142,32
35,145,103
35,146,288
35,149,3
35,152,349
35,153,114
35,156,181
35,162,136
35,164,159
35,167,379
35,170,313
35,172,49
35,173,147
35,184,338
35,186,346
35,189,207
35,196,365
35,200,65
36,2,290
36,3,204
36,5,111
36,6,40
36,7,73
36,8,302
36,9,60
36,10,80
36,11,6
36,12,296
36,13,93
36,15,287
36,19,32
36,20,365
36,22,18
36,25,351
36,27,234
36,28,98
36,30,16
36,32,355
36,35,382
36,37,321
36,38,383
36,39,91
36,40,48
36,42,27
36,43,51
36,46,293
36,47,361
36,49,54
36,50,230
36,51,85
36,53,45
36,54,255
36,57,356
36,58,256
36,65,168
36,66,3
36,67,360
36,68,194
36,70,173
36,73,95
36,74,318
36,75,64
36,79,236
36,80,359
36,81,31
36,82,323
36,84,183
36,86,395
36,87,321
36,88,146
36,89,365
36,96,77
36,97,72
36,98,82
36,99,106
36,102,335
36,103,25
36,104,33
36,107,46
36,109,132
36,112,399
36,117,7
36,121,6
36,127,192
36,132,306
36,134,259
36,139,392
36,145,117
36,146,167
36,155,174
36,156,41
36,157,153
36,158,242
36,159,319
36,163,258
36,167,363
36,170,380
36,174,7
36,175,292
36,179,230
36,186,272
36,197,31
37,1,70
37,2,121
37,3,64
37,6,103
37,7,130
37,12,65
37,13,43
37,14,367
37,17,238
37,18,44
37,20,289
37,23,304
37,25,51
37,26,354
37,27,16
37,28,180
37,30,338
37,31,181
37,32,315
37,33,50
37,34,349
37,36,321
37,38,123
37,40,77
37,41,146
37,42,64
37,44,300
37,45,185
37,46,264
37,49,162
37,50,81
37,53,271
37,60,111
37,63,304
37,68,179
37,69,216
37,71,92
37,72,105
37,73,248
37,74,324
37,78,362
37,79,342
37,80,343
37,81,364
37,85,115
37,89,77
37,90,229
37,98,38
37,100,120
37,101,215
37,115,370
37,121,178
37,122,371
37,125,204
37,127,342
37,129,395
37,136,113
37,137,215
37,140,296
37,144,143
37,146,156
37,152,269
37,153,384
37,154,73
37,157,108
37,164,4
37,166,120
37,172,284
37,174,243
37,175,99
37,177,39
37,178,120
37,185,147
37,190,217
37,191,399
37,192,329
38,3,79
38,5,25
38,8,365
38,9,277
38,13,27
38,14,112
38,15,115
38,16,335
38,18,127
38,19,132
38,20,24
38,21,98
38,22,53
38,24,155
38,25,321
38,26,216
38,27,342
38,29,378
38,30,122
38,31,343
38,33,122
38,34,134
38,36,383
38,37,123
38,39,324
38,40,303
38,42,178
38,44,195
38,45,133
38,46,317
38,47,371
38,48,304
38,49,73
38,51,317
38,52,51
38,55,319
38,56,275
38,57,236
38,59,285
38,60,35
38,61,259
38,62,191
38,63,267
38,64,140
38,65,19
38,67,127
38,70,122
38,73,169
38,74,380
38,76,114
38,79,303
38,87,259
38,89,212
38,90,87
38,92,177
38,94,258
38,95,287
38,97,370
38,98,213
38,100,159
38,105,236
38,106,12
38,107,337
38,110,323
38,111,347
38,112,219
38,113,194
38,114,151
38,116,103
38,119,362
38,125,355
38,127,108
38,130,299
38,133,395
38,138,171
38,140,74
38,147,146
38,153,4
38,154,260
38,159,135
38,163,331
38,166,163
38,174,67
38,180,40
38,189,108
38,194,206
39,1,119
39,2,85
39,3,268
39,6,59
39,7,133
39,8,330
39,10,121
39,12,22
39,13,273
39,14,400
39,17,18
39,18,101
39,21,17
39,22,50
39,23,307
39,24,322
39,26,305
39,28,1
39,29,339
39,30,66
39,31,153
39,32,179
39,33,83
39,34,152
39,35,233
39,36,91
39,38,324
39,40,59
39,41,296
39,43,257
39,44,247
39,45,388
39,46,356
39,48,366
39,49,281
39,51,353
39,52,297
39,55,298
39,58,250
39,66,299
39,67,320
39,68,205
39,70,11
39,71,314
39,74,113
39,76,37
39,77,399
39,78,47
39,80,352
39,81,354
39,82,254
39,83,400
39,85,38
39,87,19
39,88,133
39,90,223
39,94,66
39,101,175
39,102,365
39,108,340
39,113,266
39,118,205
39,119,224
39,120,63
39,121,66
39,126,283
39,128,86
39,131,194
39,132,281
39,136,130
39,137,199
39,144,160
39,152,186
39,153,310
39,161,71
39,165,135
39,173,298
39,174,108
39,176,54
39,185,180
39,186,166
40,1,84
40,3,251
40,4,397
40,5,329
40,6,38
40,7,358
40,8,132
40,11,355
40,13,20
40,16,313
40,17,293
40,20,304
40,21,321
40,22,83
40,23,161
40,25,301
40,26,4
40,27,190
40,28,135
40,29,233
40,30,239
40,31,46
40,35,265
40,36,48
40,37,77
40,38,303
40,39,59
40,41,345
40,42,349
40,43,83
40,44,320
40,45,163
40,46,158
40,47,245
40,48,186
40,49,240
40,50,281
40,51,112
40,52,209
40,53,146
40,54,104
40,56,41
40,57,381
40,58,371
40,61,322
40,62,387
40,65,122
40,67,305
40,72,229
40,75,309
40,78,47
40,79,163
40,83,290
40,86,21
40,89,392
40,91,353
40,93,321
40,95,47
40,98,214
40,99,324
40,103,212
40,107,14
40,110,334
40,113,375
40,117,307
40,118,140
40,125,90
40,126,316
40,128,240
40,130,310
40,132,352
40,138,211
40,140,26
40,141,270
40,147,75
40,148,266
40,151,115
40,152,207
40,157,287
40,159,134
40,167,97
40,169,88
40,179,217
40,180,208
40,199,10
40,200,70
41,1,365
41,2,256
41,3,203
41,5,374
41,6,89
41,9,215
41,10,358
41,11,335
41,13,399
41,14,340
41,15,19
41,16,359
41,18,91
41,21,372
41,23,253
41,24,135
41,25,58
41,28,132
41,29,100
41,31,329
41,33,49
41,34,216
41,37,146
41,39,296
41,40,345
41,42,183
41,43,191
41,44,195
41,47,101
41,48,192
41,50,284
41,53,252
41,54,345
41,56,209
41,59,135
41,60,239
41,61,273
41,62,51
41,63,162
41,64,99
41,66,240
41,67,291
41,69,397
41,72,333
41,74,76
41,76,45
41,79,29
41,81,189
41,82,104
41,84,105
41,86,280
41,87,199
41,91,340
41,94,176
41,100,57
41,101,148
41,104,90
41,105,70
41,107,207
41,109,85
41,113,235
41,114,6
41,127,146
41,128,72
41,129,115
41,133,244
41,134,278
41,135,104
41,136,35
41,139,246
41,141,35
41,146,269
41,162,245
41,165,229
41,170,15
41,172,114
41,175,370
41,182,146
41,183,162
41,188,259
41,189,197
41,191,379
41,192,64
41,198,372
42,2,160
42,4,355
42,5,379
42,6,68
42,7,198
42,8,190
42,9,289
42,10,392
42,13,225
42,15,338
42,16,49
42,19,271
42,21,43
42,22,143
42,23,230
42,24,250
42,25,228
42,26,17
42,29,398
42,31,264
42,32,129
42,34,386
42,35,57
42,36,27
42,37,64
42,38,178
42,40,349
42,41,183
42,43,205
42,44,353
42,45,365
42,46,266
42,47,285
42,49,242
42,50,70
42,51,122
42,53,12
42,54,40
42,57,20
42,59,359
42,60,308
42,66,340
42,69,23
42,72,264
42,74,228
42,76,31
42,77,78
42,78,85
42,80,366
42,81,337
42,82,173
42,83,136
42,85,6
42,88,387
42,89,184
42,95,334
42,96,111
42,98,204
42,101,214
42,105,123
42,110,158
42,118,142
42,120,395
42,126,132
42,129,87
42,133,27
42,134,138
42,136,53
42,147,148
42,149,244
42,152,322
42,156,255
42,160,10
42,161,268
42,167,19
42,170,86
42,182,264
42,184,283
42,188,390
42,194,307
42,195,245
42,197,76
43,3,262
43,5,335
43,6,332
43,7,11
43,8,248
43,9,193
43,11,285
43,12,160
43,13,312
43,15,295
43,17,204
43,18,188
43,19,351
43,20,116
43,21,196
43,22,225
43,23,104
43,24,209
43,25,348
43,29,68
43,30,251
43,31,193
43,33,299
43,34,362
43,35,324
43,36,51
43,39,257
43,40,83
43,41,191
43,42,205
43,45,329
43,47,46
43,48,186
43,50,152
43,51,67
43,53,84
43,54,137
43,55,116
43,56,199
43,58,396
43,65,323
43,67,307
43,68,31
43,70,340
43,76,132
43,77,252
43,81,274
43,82,276
43,84,334
43,88,312
43,92,366
43,93,352
43,95,80
43,96,236
43,98,309
43,100,227
43,101,189
43,102,84
43,107,278
43,109,391
43,113,246
43,117,167
43,118,145
43,119,275
43,121,301
43,126,151
43,129,263
43,132,242
43,135,93
43,136,175
43,151,56
43,175,169
43,180,357
44,2,74
44,3,12
44,4,135
44,5,175
44,6,13
44,9,309
44,10,64
44,11,341
44,13,5
44,15,20
44,16,165
44,17,44
44,18,148
44,21,18
44,22,303
44,23,233
44,24,153
44,25,244
44,29,187
44,30,35
44,31,120
44,32,92
44,35,294
44,37,300
44,38,195
44,39,247
44,40,320
44,41,195
44,42,353
44,46,306
44,48,173
44,51,159
44,52,332
44,53,324
44,54,113
44,61,148
44,64,236
44,65,331
44,66,7
44,67,39
44,69,166
44,70,175
44,72,93
44,76,186
44,77,126
44,78,320
44,80,84
44,84,154
44,86,235
44,87,315
44,94,311
44,97,61
44,99,18
44,100,168
44,101,69
44,105,223
44,111,260
44,120,338
44,121,82
44,123,85
44,124,206
44,133,61
44,135,257
44,136,252
44,138,148
44,139,111
44,143,224
44,145,349
44,150,225
44,155,164
44,157,38
44,170,133
44,172,124
44,178,330
44,181,163
44,182,106
44,187,365
44,189,315
44,194,310
44,195,351
44,197,238
44,198,137
45,2,283
45,3,219
45,4,216
45,5,224
45,6,287
45,9,300
45,10,112
45,11,35
45,12,136
45,16,136
45,20,83
45,21,296
45,22,268
45,23,203
45,24,347
45,28,397
45,29,233
45,31,84
45,32,124
45,33,53
45,34,111
45,35,151
45,37,185
45,38,133
45,39,388
45,40,163
45,42,365
45,43,329
45,46,305
45,49,70
45,50,208
45,54,199
45,57,381
45,59,318
45,63,203
45,64,115
45,65,354
45,67,215
45,69,227
45,70,181
45,71,221
45,73,49
45,75,44
45,76,91
45,79,363
45,80,54
45,82,344
45,85,159
45,89,227
45,90,139
45,94,226
45,96,385
45,98,379
45,100,353
45,102,212
45,103,248
45,106,64
45,109,110
45,115,353
45,116,45
45,120,266
45,123,88
45,130,384
45,132,393
45,134,373
45,135,213
45,138,102
45,140,319
45,145,364
45,150,40
45,153,95
45,164,235
45,167,308
45,172,113
45,174,222
45,178,309
45,183,101
45,187,134
45,195,249
45,197,193
45,200,52
46,1,166
46,2,92
46,3,360
46,5,188
46,6,110
46,7,359
46,10,311
46,12,155
46,13,283
46,15,190
46,16,381
46,17,103
46,18,153
46,20,248
46,21,37
46,24,100
46,25,74
46,26,61
46,27,64
46,29,43
46,36,293
46,37,264
46,38,317
46,39,356
46,40,158
46,42,266
46,44,306
46,45,305
46,47,224
46,49,83
46,51,76
46,52,282
46,54,140
46,56,27
46,58,233
46,60,135
46,63,341
46,65,242
46,67,381
46,69,68
46,71,386
46,72,126
46,75,175
46,76,372
46,77,337
46,78,71
46,79,137
46,80,288
46,83,113
46,84,186
46,85,27
46,86,22
46,87,17
46,89,305
46,91,111
46,92,48
46,95,70
46,96,251
46,98,208
46,99,48
46,101,280
46,102,345
46,103,61
46,104,317
46,105,121
46,106,207
46,108,136
46,110,287
46,111,201
46,117,231
46,122,23
46,126,74
46,130,238
46,133,192
46,136,316
46,139,83
46,141,141
46,143,326
46,151,11
46,156,305
46,157,201
46,167,76
46,179,184
46,183,269
46,188,46
46,190,208
47,1,325
47,2,107
47,3,85
47,5,171
47,6,371
47,7,267
47,9,133
47,10,207
47,11,109
47,13,36
47,16,285
47,17,350
47,19,337
47,22,87
47,23,277
47,25,242
47,26,318
47,27,266
47,30,210
47,32,72
47,33,238
47,34,55
47,36,361
47,38,371
47,40,245
47,41,101
47,42,285
47,43,46
47,46,224
47,48,107
47,49,391
47,50,157
47,51,206
47,52,399
47,53,228
47,54,233
47,56,31
47,57,173
47,58,368
47,59,108
47,60,160
47,61,196
47,63,152
47,73,86
47,75,391
47,76,257
47,78,236
47,79,75
47,81,347
47,83,72
47,87,177
47,90,348
47,95,48
47,97,53
47,101,285
47,102,392
47,103,231
47,106,72
47,107,338
47,109,144
47,114,336
47,130,210
47,134,339
47,135,195
47,137,23
47,140,185
47,141,31
47,144,243
47,146,215
47,147,23
47,149,372
47,153,385
47,155,368
47,158,353
47,159,45
47,165,91
47,178,63
47,181,282
47,183,237
47,186,374
47,187,389
47,190,343
47,195,253
48,1,217
48,3,285
48,6,179
48,8,87
48,11,217
48,12,12
48,13,293
48,14,56
48,15,285
48,17,384
48,18,174
48,19,143
48,21,92
48,22,42
48,24,121
48,26,325
48,27,33
48,28,22
48,29,21
48,31,166
48,32,89
48,33,254
48,35,34
48,38,304
48,39,366
48,40,186
48,41,192
48,43,186
48,44,173
48,47,107
48,49,83
48,50,30
48,51,390
48,52,142
48,54,4
48,56,393
48,57,211
48,58,344
48,61,194
48,62,227
48,64,165
48,66,339
48,68,263
48,70,128
48,79,389
48,81,343
48,82,54
48,84,28
48,85,57
48,86,371
48,87,109
48,89,33
48,90,195
48,91,89
48,93,353
48,101,172
48,102,294
48,103,299
48,106,195
48,107,45
48,109,116
48,112,99
48,115,251
48,119,314
48,120,40
48,121,118
48,122,328
48,125,49
48,126,349
48,130,259
48,132,2
48,133,78
48,144,183
48,149,317
48,155,193
48,157,395
48,158,186
48,161,377
48,167,360
48,169,54
48,170,265
48,186,392
48,188,339
48,190,31
48,192,143
48,199,27
48,200,286
49,1,34
49,4,311
49,6,172
49,7,360
49,9,184
49,10,397
49,12,173
49,13,151
49,18,279
49,20,14
49,21,373
49,23,263
49,24,283
49,25,389
49,26,47
49,27,370
49,28,148
49,29,286
49,30,131
49,32,62
49,33,59
49,35,91
49,36,54
49,37,162
49,38,73
49,39,281
49,40,240
49,42,242
49,45,70
49,46,83
49,47,391
49,48,83
49,51,260
49,52,132
49,54,279
49,55,49
49,56,360
49,57,22
49,59,98
49,60,336
49,61,270
49,64,268
49,65,216
49,69,284
49,70,94
49,72,330
49,74,365
49,78,121
49,80,64
49,82,400
49,85,258
49,86,360
49,88,62
49,90,114
49,91,356
49,92,347
49,93,242
49,95,186
49,100,147
49,101,196
49,103,391
49,105,177
49,106,140
49,108,31
49,112,149
49,116,102
49,117,102
49,119,120
49,122,75
49,124,165
49,126,292
49,127,145
49,128,397
49,131,332
49,133,143
49,134,193
49,137,324
49,139,226
49,142,330
49,143,178
49,144,264
49,148,381
49,155,186
49,158,59
49,163,150
49,164,296
49,169,47
49,185,115
49,192,352
49,193,59
49,195,227
49,197,113
49,199,150
50,2,168
50,3,229
50,4,196
50,5,65
50,6,283
50,7,231
50,9,342
50,12,105
50,13,272
