source,target,weight
1,2,180
1,3,286
1,4,250
1,5,292
1,6,1
1,8,212
1,12,282
1,13,24
1,15,298
1,16,309
1,17,88
1,19,248
1,20,374
1,21,366
1,22,308
1,23,18
1,24,185
1,25,189
1,27,190
1,32,160
1,35,185
1,36,216
1,38,102
1,39,243
1,40,73
1,41,118
1,42,209
1,43,181
1,44,242
1,46,254
1,47,361
1,48,274
1,51,17
1,56,316
1,57,342
1,58,191
1,59,361
1,63,218
1,65,139
1,67,233
1,70,40
1,71,87
1,76,27
1,77,34
1,79,172
1,80,77
1,82,267
1,83,183
1,84,131
1,86,350
1,87,6
1,88,297
1,90,290
1,95,365
1,96,219
1,99,211
1,100,47
1,102,79
1,103,18
1,105,101
1,108,323
1,111,40
1,119,279
1,120,70
1,124,297
1,131,44
1,132,145
1,136,155
1,139,352
1,142,252
1,143,150
1,144,26
1,147,64
1,149,325
1,150,87
1,153,234
1,154,343
1,155,257
1,156,360
1,157,353
1,158,220
1,159,167
1,162,261
1,163,139
1,167,347
1,171,213
1,172,14
1,175,140
1,176,185
1,177,397
1,178,392
1,180,277
1,181,364
1,192,394
1,193,149
1,194,275
1,196,348
1,197,102
1,200,153
2,1,180
2,4,249
2,5,92
2,7,200
2,8,178
2,9,115
2,10,160
2,11,59
2,12,374
2,14,315
2,16,306
2,17,213
2,20,45
2,22,314
2,23,257
2,24,21
2,25,329
2,27,325
2,28,323
2,33,53
2,36,94
2,38,169
2,39,339
2,40,83
2,41,118
2,44,11
2,46,109
2,47,202
2,50,215
2,51,347
2,53,250
2,55,135
2,56,141
2,58,94
2,62,231
2,63,384
2,65,154
2,66,260
2,68,347
2,70,385
2,71,288
2,72,250
2,74,134
2,75,357
2,76,65
2,77,397
2,78,160
2,79,139
2,80,84
2,81,252
2,82,374
2,86,207
2,87,164
2,89,123
2,93,210
2,94,213
2,96,36
2,97,93
2,102,400
2,103,377
2,104,235
2,105,68
2,106,302
2,107,149
2,108,200
2,109,237
2,110,97
2,112,241
2,114,247
2,115,395
2,118,117
2,119,77
2,120,392
2,121,148
2,122,272
2,123,352
2,125,231
2,129,308
2,130,49
2,132,389
2,133,169
2,137,329
2,140,344
2,141,300
2,142,88
2,146,359
2,147,230
2,148,67
2,150,56
2,152,212
2,161,58
2,164,325
2,165,300
2,167,92
2,168,273
2,171,31
2,173,330
2,175,187
2,176,22
2,179,192
2,183,119
2,184,185
2,186,328
2,191,29
2,193,172
3,1,286
3,4,151
3,5,163
3,6,236
3,7,60
3,9,29
3,12,189
3,13,330
3,14,247
3,15,101
3,16,326
3,17,176
3,18,297
3,20,264
3,21,234
3,23,331
3,24,192
3,26,202
3,27,356
3,29,358
3,30,59
3,31,184
3,32,365
3,33,238
3,35,304
3,36,27
3,38,164
3,40,313
3,42,280
3,44,140
3,45,214
3,47,114
3,48,25
3,49,22
3,50,321
3,51,305
3,53,375
3,56,227
3,57,280
3,59,334
3,60,61
3,61,316
3,63,187
3,64,121
3,65,275
3,66,329
3,69,10
3,71,316
3,73,133
3,74,305
3,75,128
3,76,75
3,77,23
3,78,83
3,79,5
3,80,269
3,81,176
3,82,113
3,83,215
3,88,131
3,91,209
3,92,154
3,95,200
3,96,356
3,99,38
3,100,152
3,102,335
3,103,291
3,106,194
3,108,4
3,110,81
3,112,72
3,120,37
3,121,152
3,125,359
3,126,150
3,127,165
3,129,153
3,132,318
3,133,15
3,134,196
3,135,202
3,140,286
3,142,125
3,143,14
3,145,170
3,148,186
3,150,281
3,154,228
3,155,10
3,160,353
3,162,344
3,163,71
3,165,223
3,169,236
3,171,342
3,174,318
3,177,200
3,182,53
3,186,89
3,188,265
3,191,370
3,193,88
3,196,213
3,200,249
4,1,250
4,2,249
4,3,151
4,6,125
4,7,376
4,8,216
4,9,28
4,10,55
4,11,236
4,15,339
4,16,133
4,17,231
4,19,223
4,21,195
4,22,232
4,24,304
4,25,27
4,27,98
4,28,208
4,30,389
4,33,285
4,34,377
4,37,22
4,38,294
4,41,96
4,42,273
4,43,211
4,46,106
4,47,242
4,48,154
4,51,361
4,52,70
4,53,196
4,54,123
4,55,385
4,60,392
4,61,106
4,67,14
4,68,365
4,70,191
4,72,66
4,73,110
4,76,93
4,80,133
4,81,378
4,83,270
4,84,294
4,85,388
4,86,13
4,88,343
4,92,137
4,98,384
4,99,195
4,100,398
4,102,260
4,105,86
4,106,168
4,107,394
4,113,306
4,114,210
4,115,282
4,121,351
4,122,387
4,123,123
4,124,297
4,125,348
4,126,388
4,129,348
4,131,290
4,135,78
4,137,322
4,144,64
4,146,25
4,148,393
4,159,328
4,161,57
4,164,192
4,165,396
4,166,149
4,167,324
4,170,163
4,171,194
4,173,214
4,174,103
4,179,398
4,185,233
4,188,301
4,193,351
4,194,33
4,199,146
5,1,292
5,2,92
5,3,163
5,6,55
5,7,356
5,9,308
5,10,73
5,12,196
5,13,34
5,15,310
5,16,170
5,17,242
5,18,303
5,19,281
5,20,250
5,21,28
5,22,100
5,23,225
5,24,171
5,28,25
5,29,72
5,30,2
5,31,96
5,33,398
5,34,207
5,35,183
5,36,164
5,39,320
5,40,113
5,41,234
5,42,333
5,44,48
5,46,156
5,49,57
5,50,23
5,53,298
5,55,256
5,58,80
5,59,53
5,60,73
5,61,21
5,62,289
5,63,192
5,64,132
5,65,53
5,66,295
5,67,366
5,68,251
5,69,244
5,70,12
5,72,287
5,73,87
5,74,35
5,77,31
5,78,6
5,80,33
5,83,182
5,84,152
5,85,71
5,86,156
5,87,361
5,88,239
5,89,155
5,90,351
5,91,240
5,92,61
5,93,124
5,95,199
5,97,372
5,98,270
5,99,390
5,100,353
5,101,34
5,104,63
5,105,147
5,106,153
5,107,150
5,108,79
5,109,276
5,112,192
5,116,253
5,118,140
5,123,254
5,124,156
5,125,316
5,129,273
5,133,370
5,134,287
5,136,29
5,138,232
5,139,334
5,141,393
5,142,215
5,144,143
5,149,319
5,158,2
5,162,52
5,170,230
5,171,22
5,172,178
5,173,390
5,176,353
5,177,310
5,180,336
5,181,193
5,182,32
5,186,76
5,187,398
5,189,173
5,193,226
5,195,171
5,196,358
5,199,35
5,200,45
6,1,1
6,3,236
6,4,125
6,5,55
6,8,33
6,9,339
6,10,82
6,12,50
6,13,250
6,14,349
6,15,75
6,16,54
6,18,133
6,19,338
6,20,279
6,21,229
6,23,210
6,25,137
6,26,122
6,28,241
6,29,93
6,33,204
6,34,83
6,37,259
6,38,215
6,39,390
6,40,303
6,41,200
6,43,146
6,44,151
6,45,236
6,46,89
6,47,135
6,48,66
6,49,186
6,50,249
6,53,238
6,55,239
6,56,246
6,57,99
6,59,346
6,60,46
6,62,125
6,64,61
6,65,167
6,68,60
6,69,130
6,71,373
6,72,336
6,74,126
6,77,189
6,78,285
6,80,309
6,82,335
6,83,178
6,84,179
6,85,206
6,88,334
6,89,104
6,90,8
6,92,157
6,93,372
6,94,114
6,96,185
6,97,83
6,98,108
6,99,333
6,100,304
6,104,194
6,106,44
6,109,341
6,112,231
6,117,294
6,118,119
6,120,238
6,123,219
6,124,133
6,125,18
6,126,322
6,129,245
6,130,68
6,131,352
6,132,372
6,133,155
6,142,89
6,147,399
6,150,6
6,155,146
6,160,373
6,162,311
6,163,131
6,164,176
6,165,149
6,166,11
6,169,173
6,172,196
6,174,238
6,179,338
6,182,143
6,184,340
6,188,194
6,190,45
6,192,356
6,193,73
7,2,200
7,3,60
7,4,376
7,5,356
7,8,130
7,9,103
7,10,345
7,11,107
7,12,182
7,14,125
7,15,216
7,16,250
7,18,142
7,19,126
7,20,81
7,22,107
7,23,44
7,25,127
7,26,77
7,31,270
7,32,7
7,33,19
7,34,117
7,35,394
7,37,81
7,38,245
7,41,289
7,44,307
7,45,28
7,46,298
7,47,251
7,48,393
7,50,59
7,52,276
7,53,248
7,54,173
7,55,77
7,56,339
7,59,17
7,60,341
7,61,327
7,63,199
7,65,196
7,66,125
7,67,102
7,70,108
7,71,396
7,73,363
7,75,259
7,76,242
7,77,399
7,79,119
7,82,366
7,83,325
7,84,174
7,85,389
7,86,378
7,87,86
7,89,342
7,91,295
7,94,127
7,96,177
7,97,214
7,100,369
7,101,223
7,102,307
7,104,257
7,105,93
7,107,298
7,108,242
7,110,160
7,113,38
7,116,263
7,117,157
7,120,96
7,122,394
7,123,331
7,130,224
7,132,210
7,133,303
7,135,216
7,138,163
7,139,362
7,140,380
7,155,358
7,157,152
7,160,340
7,161,263
7,163,336
7,164,109
7,166,89
7,167,71
7,169,54
7,171,119
7,175,102
7,176,394
7,178,383
7,187,297
7,192,170
7,196,362
7,198,280
7,199,200
8,1,212
8,2,178
8,4,216
8,6,33
8,7,130
8,9,31
8,10,279
8,13,76
8,14,126
8,15,381
8,16,71
8,17,13
8,21,141
8,22,358
8,25,281
8,27,67
8,28,84
8,29,102
8,31,112
8,32,386
8,36,372
8,38,53
8,39,217
8,42,217
8,43,307
8,44,382
8,45,152
8,48,62
8,49,117
8,50,234
8,51,174
8,52,228
8,53,167
8,55,122
8,56,278
8,57,134
8,60,365
8,61,336
8,67,254
8,68,56
8,69,4
8,70,285
8,71,125
8,72,262
8,73,377
8,74,85
8,75,252
8,76,87
8,77,191
8,80,186
8,83,117
8,84,187
8,86,132
8,88,64
8,89,364
8,90,190
8,91,39
8,92,79
8,95,265
8,96,198
8,101,310
8,102,195
8,117,201
8,121,18
8,127,254
8,128,399
8,131,31
8,132,380
8,134,398
8,135,296
8,137,280
8,138,342
8,139,267
8,144,360
8,151,139
8,152,31
8,157,191
8,163,20
8,166,246
8,167,82
8,168,397
8,169,317
8,173,44
8,180,367
8,184,20
8,189,112
8,191,163
8,192,141
8,193,225
8,195,139
8,197,53
9,2,115
9,3,29
9,4,28
9,5,308
9,6,339
9,7,103
9,8,31
9,10,125
9,11,389
9,13,310
9,18,144
9,19,199
9,20,23
9,22,35
9,23,259
9,24,174
9,26,307
9,28,298
9,30,318
9,31,305
9,32,261
9,34,331
9,35,255
9,36,230
9,37,97
9,38,264
9,39,81
9,41,30
9,43,393
9,46,322
9,47,134
9,48,269
9,49,259
9,50,45
9,51,368
9,52,271
9,53,203
9,57,352
9,58,398
9,59,173
9,61,399
9,62,104
9,63,169
9,64,152
9,65,228
9,66,345
9,70,157
9,71,251
9,73,346
9,74,253
9,75,118
9,76,51
9,78,138
9,79,298
9,80,334
9,81,64
9,82,166
9,83,83
9,84,308
9,86,396
9,89,251
9,92,206
9,93,31
9,96,186
9,97,32
9,99,146
9,101,373
9,103,241
9,106,63
9,107,292
9,110,160
9,113,357
9,115,128
9,117,174
9,119,265
9,120,239
9,123,365
9,124,74
9,127,66
9,128,8
9,129,358
9,130,390
9,131,310
9,132,388
9,133,102
9,134,91
9,135,23
9,136,354
9,138,146
9,143,105
9,145,301
9,152,317
9,154,343
9,155,41
9,156,354
9,157,242
9,160,122
9,165,335
9,168,132
9,172,339
9,173,359
9,180,241
9,181,286
9,183,354
9,184,391
9,185,394
9,187,241
9,192,239
10,2,160
10,4,55
10,5,73
10,6,82
10,7,345
10,8,279
10,9,125
10,11,332
10,12,306
10,15,248
10,21,390
10,23,147
10,24,344
10,26,339
10,28,121
10,29,60
10,30,32
10,31,237
10,32,342
10,33,153
10,35,283
10,36,279
10,42,242
10,43,161
10,45,378
10,46,86
10,47,336
10,48,323
10,49,258
10,50,326
10,53,50
10,54,349
10,55,131
10,57,254
10,58,233
10,63,371
10,67,137
10,68,214
10,69,285
10,70,261
10,71,246
10,72,143
10,73,85
10,74,365
10,76,368
10,77,224
10,78,387
10,79,190
10,80,199
10,81,320
10,82,313
10,86,375
10,89,286
10,90,185
10,92,239
10,94,90
10,95,123
10,96,228
10,98,340
10,99,64
10,101,282
10,102,232
10,103,118
10,105,124
10,110,375
10,112,304
10,113,210
10,114,316
10,115,165
10,117,161
10,118,36
10,119,22
10,123,280
10,124,48
10,125,290
10,127,396
10,130,171
10,137,364
10,140,201
10,142,227
10,144,324
10,145,196
10,146,368
10,150,238
10,156,1
10,157,304
10,158,391
10,164,51
10,165,212
10,166,291
10,167,79
10,168,60
10,170,43
10,178,269
10,179,399
10,183,45
10,187,234
10,188,35
10,192,393
10,193,181
10,197,236
10,198,252
10,199,339
10,200,349
11,2,59
11,4,236
11,7,107
11,9,389
11,10,332
11,12,200
11,14,382
11,15,187
11,16,204
11,17,176
11,18,103
11,19,190
11,20,241
11,22,327
11,23,387
11,24,148
11,25,396
11,26,193
11,27,340
11,30,221
11,31,186
11,32,20
11,33,367
11,34,328
11,35,327
11,37,136
11,38,180
11,40,220
11,42,112
11,43,379
11,45,86
11,46,16
11,47,314
11,49,151
11,51,304
11,52,86
11,53,64
11,54,221
11,58,146
11,59,342
11,62,2
11,63,351
11,66,175
11,67,354
11,68,13
11,70,264
11,71,381
11,72,193
11,73,338
11,74,205
11,75,16
11,76,25
11,78,336
11,79,5
11,81,26
11,82,164
11,84,6
11,86,95
11,87,93
11,90,182
11,91,45
11,95,375
11,98,264
11,100,70
11,101,303
11,102,300
11,104,215
11,106,227
11,108,219
11,109,319
11,111,292
11,112,166
11,113,197
11,116,309
11,117,71
11,120,395
11,122,89
11,130,330
11,131,337
11,132,134
11,134,343
11,135,167
11,140,150
11,141,52
11,143,32
11,148,261
11,149,180
11,153,38
11,161,280
11,167,250
11,168,379
11,170,237
11,173,313
11,174,347
11,176,386
11,177,9
11,180,212
11,182,400
11,184,316
11,186,64
11,187,355
11,195,189
11,198,162
11,200,45
12,1,282
12,2,374
12,3,189
12,5,196
12,6,50
12,7,182
12,10,306
12,11,200
12,14,245
12,17,229
12,18,17
12,19,84
12,22,278
12,24,164
12,25,192
12,27,379
12,29,348
12,31,108
12,33,95
12,34,17
12,35,95
12,36,32
12,37,84
12,38,250
12,39,180
12,40,357
12,46,213
12,48,190
12,49,90
12,50,180
12,51,374
12,54,123
12,55,370
12,56,44
12,57,372
12,58,214
12,60,276
12,61,379
12,62,287
12,65,140
12,66,49
12,67,332
12,69,322
12,70,225
12,72,54
12,73,237
12,74,93
12,75,15
12,76,63
12,77,397
12,78,48
12,79,100
12,80,16
12,83,104
12,84,276
12,85,395
12,87,90
12,88,178
12,89,67
12,90,233
12,91,78
12,92,200
12,93,296
12,99,232
12,103,135
12,104,332
12,105,48
12,107,121
12,108,2
12,109,37
12,110,208
12,111,207
12,113,199
12,114,248
12,116,142
12,118,72
12,122,275
12,123,250
12,124,370
12,125,250
12,126,187
12,127,157
12,129,3
12,130,52
12,137,204
12,140,238
12,142,302
12,143,290
12,145,364
12,146,231
12,147,55
12,152,155
12,153,173
12,156,134
12,157,186
12,164,81
12,168,344
12,172,254
12,173,182
12,174,139
12,177,87
12,178,232
12,180,209
12,182,137
12,188,50
12,190,54
12,193,304
13,1,24
13,3,330
13,5,34
13,6,250
13,8,76
13,9,310
13,14,45
13,15,327
13,17,262
13,18,18
13,20,353
13,22,395
13,23,4
13,24,227
13,25,302
13,26,313
13,27,153
13,28,162
13,29,32
13,31,185
13,32,37
13,33,99
13,35,41
13,38,157
13,39,55
13,42,330
13,44,361
13,45,93
13,47,192
13,50,279
13,51,122
13,52,102
13,57,236
13,59,179
13,60,19
13,61,84
13,63,37
13,64,52
13,65,42
13,67,115
13,68,333
13,69,97
13,70,106
13,71,64
13,73,238
13,75,242
13,76,242
13,77,104
13,79,168
13,84,318
13,85,194
13,88,349
13,90,217
13,93,175
13,94,106
13,95,34
13,97,359
13,98,243
13,101,192
13,102,68
13,103,89
13,106,232
13,107,151
13,109,397
13,116,162
13,118,52
13,123,102
13,124,38
13,125,265
13,126,314
13,127,42
13,128,159
13,129,233
13,132,198
13,139,24
13,142,272
13,145,349
13,151,242
13,153,25
13,154,69
13,156,97
13,159,32
13,165,353
13,169,355
13,170,276
13,171,3
13,173,193
13,177,220
13,184,180
13,198,91
13,200,84
14,2,315
14,3,247
14,6,349
14,7,125
14,8,126
14,11,382
14,12,245
14,13,45
14,16,320
14,17,264
14,18,137
14,19,115
14,20,395
14,21,21
14,22,294
14,25,121
14,27,287
14,29,394
14,30,40
14,31,168
14,33,137
14,35,335
14,36,229
14,37,52
14,39,27
14,40,394
14,41,274
14,42,278
14,43,98
14,49,174
14,50,363
14,51,24
14,52,13
14,53,395
14,54,292
14,55,329
14,56,278
14,59,105
14,61,284
14,62,9
14,64,284
14,65,81
14,66,223
14,68,257
14,69,239
14,70,365
14,72,21
14,73,310
14,74,245
14,75,83
14,77,7
14,78,291
14,79,238
14,83,70
14,84,140
14,88,106
14,90,364
14,96,345
14,99,40
14,102,371
14,107,24
14,108,266
14,109,78
14,116,324
14,118,151
14,119,233
14,121,127
14,130,220
14,132,239
14,135,183
14,140,296
14,142,342
14,143,12
14,145,223
14,148,174
14,151,7
14,152,174
14,155,304
14,157,139
14,158,80
14,163,228
14,164,317
14,165,326
14,167,389
14,169,204
14,174,400
14,182,180
14,183,207
14,187,216
14,189,381
14,190,158
14,194,104
14,200,48
15,1,298
15,3,101
15,4,339
15,5,310
15,6,75
15,7,216
15,8,381
15,10,248
15,11,187
15,13,327
15,16,10
15,18,266
15,19,143
15,20,335
15,21,77
15,22,62
15,23,380
15,24,357
15,25,74
15,26,212
15,28,59
15,29,262
15,30,374
15,33,288
15,34,300
15,35,383
15,36,362
15,37,170
15,39,143
15,41,393
15,42,398
15,43,157
15,44,393
15,45,312
15,46,110
15,48,200
15,49,247
15,51,223
15,54,11
15,55,295
15,58,224
15,59,207
15,61,262
15,63,40
15,64,209
15,65,306
15,69,327
15,71,144
15,73,399
15,74,180
15,76,238
15,77,246
15,79,85
15,81,22
15,82,132
15,84,52
15,86,55
15,89,145
15,90,328
15,97,298
15,100,339
15,102,369
15,107,243
15,108,390
15,111,215
15,112,214
15,114,337
15,116,285
15,117,346
15,120,92
15,121,393
15,122,38
15,123,36
15,125,98
15,128,133
15,129,157
15,132,191
15,137,367
15,139,383
15,140,343
15,141,249
15,142,217
15,143,14
15,145,195
15,148,300
15,150,127
15,153,294
15,155,312
15,156,2
15,157,393
15,158,155
15,161,241
15,162,262
15,163,76
15,164,181
15,165,221
15,167,311
15,174,228
15,178,355
15,181,130
15,186,185
15,189,164
15,194,349
15,198,329
16,1,309
16,2,306
16,3,326
16,4,133
16,5,170
16,6,54
16,7,250
16,8,71
16,11,204
16,14,320
16,15,10
16,18,117
16,19,45
16,21,142
16,22,106
16,26,170
16,27,150
16,29,271
16,32,221
16,34,332
16,35,310
16,36,167
16,37,160
16,38,400
16,40,128
16,41,315
16,42,328
16,44,279
16,48,49
16,49,160
16,50,271
16,53,79
16,54,77
16,55,274
16,56,350
16,58,225
16,59,119
16,60,165
16,61,331
16,62,264
16,63,302
16,64,216
16,65,179
16,66,112
16,67,53
16,68,395
16,69,371
16,70,387
16,74,42
16,77,209
16,78,220
16,80,273
16,81,283
16,83,94
16,84,385
16,87,203
16,89,361
16,91,325
16,92,65
16,94,223
16,95,241
16,96,295
16,97,390
16,101,210
16,105,145
16,107,6
16,108,141
16,109,91
16,110,339
16,112,398
16,113,77
16,114,222
16,118,118
16,120,274
16,121,197
16,123,82
16,125,342
16,128,271
16,131,338
16,135,359
16,141,5
16,143,319
16,144,62
16,152,249
16,155,38
16,156,225
16,157,284
16,158,170
16,160,21
16,163,230
16,164,354
16,166,10
16,172,89
16,175,26
16,176,295
16,177,196
16,179,36
16,183,56
16,184,136
16,185,360
16,187,373
16,192,41
17,1,88
17,2,213
17,3,176
17,4,231
17,5,242
17,8,13
17,11,176
17,12,229
17,13,262
17,14,264
17,19,328
17,20,285
17,21,299
17,23,9
17,24,140
17,26,287
17,27,253
17,29,134
17,31,31
17,33,101
17,34,106
17,35,256
17,36,182
17,41,276
17,42,321
17,43,27
17,44,16
17,47,44
17,51,270
17,52,160
17,54,25
17,56,347
17,57,286
17,58,14
17,60,248
17,62,126
17,63,332
17,65,168
17,66,13
17,67,53
17,68,233
17,69,45
17,70,31
17,72,143
17,75,168
17,79,231
17,80,81
17,81,249
17,83,225
17,84,189
17,85,314
17,87,349
17,89,314
17,90,24
17,91,271
17,92,171
17,93,346
17,96,208
17,97,377
17,99,270
17,101,21
17,102,218
17,103,301
17,104,229
17,105,119
17,106,8
17,108,281
17,110,27
17,112,313
17,115,123
17,116,190
17,118,153
17,120,318
17,121,295
17,122,281
17,123,237
17,125,72
17,126,22
17,130,165
17,133,122
17,137,296
17,138,397
17,139,334
17,141,86
17,144,232
17,147,369
17,151,292
17,153,253
17,157,295
17,161,379
17,168,260
17,171,356
17,173,325
17,184,110
17,186,230
17,189,137
17,191,339
17,192,284
17,196,157
18,3,297
18,5,303
18,6,133
18,7,142
18,9,144
18,11,103
18,12,17
18,13,18
18,14,137
18,15,266
18,16,117
18,20,94
18,26,122
18,27,324
18,28,156
18,29,133
18,30,268
18,31,264
18,32,128
18,33,196
18,37,116
18,38,274
18,39,225
18,41,238
18,42,213
18,43,304
18,44,257
18,45,80
18,48,376
18,49,372
18,51,309
18,52,70
18,53,58
18,54,292
18,55,170
18,56,2
18,57,314
18,58,54
18,60,225
18,61,196
18,62,119
18,64,233
18,66,396
18,67,58
18,68,156
18,69,114
18,70,352
18,72,356
18,74,309
18,75,141
18,76,267
18,77,306
18,78,100
18,79,306
18,81,213
18,83,20
18,84,275
18,85,388
18,89,228
18,90,207
18,91,379
18,94,283
18,95,329
18,96,79
18,97,387
18,98,227
18,99,393
18,101,129
18,102,334
18,104,164
18,106,245
18,107,7
18,109,183
18,111,30
18,112,34
18,113,316
18,114,76
18,119,389
18,121,391
18,126,383
18,127,114
18,128,338
18,131,392
18,136,312
18,137,329
18,138,388
18,140,288
18,142,179
18,143,157
18,144,351
18,146,175
18,149,323
18,154,268
18,156,40
18,157,181
18,159,36
18,162,157
18,164,162
18,166,259
18,169,40
18,170,84
18,172,202
18,174,335
18,175,203
18,179,110
18,181,393
18,182,19
18,185,367
18,186,127
18,187,380
18,194,2
18,196,16
18,198,35
18,199,395
19,1,248
19,4,223
19,5,281
19,6,338
19,7,126
19,9,199
19,11,190
19,12,84
19,14,115
19,15,143
19,16,45
19,17,328
19,20,390
19,21,13
19,22,157
19,24,71
19,25,236
19,26,355
19,27,285
19,30,39
19,32,99
19,37,383
19,38,243
19,39,88
19,40,94
19,42,237
19,44,351
19,46,127
19,48,350
19,51,362
19,53,167
19,55,61
19,56,244
19,58,240
19,60,82
19,61,257
19,62,99
19,63,315
19,64,284
19,66,165
19,69,108
19,70,128
19,72,97
19,73,42
19,76,196
19,77,111
19,78,125
19,80,330
19,82,10
19,83,60
19,88,213
19,89,19
19,92,168
19,93,394
19,95,127
19,96,117
19,97,207
19,98,399
19,100,283
19,101,271
19,102,180
19,103,365
19,104,111
19,107,88
19,108,202
19,109,274
19,113,182
19,120,11
19,121,238
19,126,364
19,131,285
19,132,161
19,133,379
19,134,257
19,136,193
19,137,118
19,138,381
19,140,364
19,141,46
19,142,234
19,143,127
19,151,273
19,154,134
19,155,371
19,156,227
19,160,100
19,161,368
19,172,34
19,173,58
19,174,113
19,177,113
19,184,400
19,186,153
19,190,364
19,192,20
19,193,194
19,196,344
19,200,241
20,1,374
20,2,45
20,3,264
20,5,250
20,6,279
20,7,81
20,9,23
20,11,241
20,13,353
20,14,395
20,15,335
20,17,285
20,18,94
20,19,390
20,22,4
20,23,256
20,25,57
20,27,260
20,28,376
20,29,169
20,32,70
20,33,79
20,36,67
20,38,106
20,40,57
20,41,400
20,43,205
20,44,78
20,46,151
20,47,241
20,48,131
20,49,176
20,51,344
20,52,24
20,54,354
20,55,151
20,57,83
20,58,219
20,60,387
20,61,219
20,62,299
20,63,164
20,66,28
20,67,74
20,68,287
20,69,224
20,70,270
20,71,121
20,72,1
20,73,352
20,74,260
20,75,282
20,76,174
20,77,23
20,78,22
20,80,342
20,81,160
20,82,56
20,83,348
20,85,343
20,87,266
20,89,145
20,90,176
20,91,14
20,92,123
20,93,294
20,94,114
20,95,295
20,98,109
20,101,377
20,103,50
20,104,219
20,107,143
20,108,297
20,111,389
20,115,139
20,116,209
20,118,264
20,119,300
20,120,102
20,122,337
20,125,261
20,127,2
20,128,176
20,130,37
20,131,24
20,133,385
20,134,123
20,135,46
20,137,32
20,142,257
20,143,369
20,144,287
20,146,2
20,147,227
20,148,379
20,150,199
20,152,235
20,153,336
20,156,352
20,161,187
20,162,362
20,163,350
20,164,291
20,165,236
20,168,356
20,169,258
20,174,111
20,176,290
20,177,57
20,178,202
20,181,58
20,182,149
20,183,299
20,188,259
20,189,16
20,190,90
20,191,347
20,196,18
20,197,293
20,199,20
21,1,366
21,3,234
21,4,195
21,5,28
21,6,229
21,8,141
21,10,390
21,14,21
21,15,77
21,16,142
21,17,299
21,19,13
21,22,90
21,23,388
21,25,247
21,26,350
21,27,1
21,28,12
21,33,258
21,35,109
21,36,130
21,37,88
21,39,202
21,40,264
21,41,354
21,44,33
21,51,211
21,52,391
21,53,299
21,54,386
21,55,242
21,56,352
21,57,360
21,59,343
21,61,12
21,62,16
21,64,400
21,65,336
21,66,270
21,69,331
21,70,184
21,73,311
21,74,11
21,75,274
21,76,148
21,77,64
21,78,348
21,79,191
21,82,326
21,83,308
21,85,247
21,86,343
21,87,390
21,88,145
21,89,182
21,92,197
21,93,259
21,94,249
21,96,274
21,98,163
21,103,335
21,104,71
21,106,362
21,108,242
21,109,225
21,110,301
21,111,57
21,115,64
21,123,15
21,124,329
21,126,141
21,127,141
21,129,328
21,130,203
21,131,388
21,133,141
21,139,324
21,140,48
21,141,115
21,145,91
21,147,247
21,149,248
21,151,148
21,152,286
21,155,301
21,156,111
21,159,101
21,160,347
21,161,294
21,168,199
21,170,253
21,171,211
21,172,239
21,177,376
21,178,54
21,182,250
21,187,247
21,192,224
21,194,221
21,198,37
22,1,308
22,2,314
22,4,232
22,5,100
22,7,107
22,8,358
22,9,35
22,11,327
22,12,278
22,13,395
22,14,294
22,15,62
22,16,106
22,19,157
22,20,4
22,21,90
22,24,393
22,25,95
22,26,381
22,27,51
22,28,393
22,29,108
22,30,214
22,32,165
22,33,42
22,34,145
22,35,58
22,36,341
22,38,14
22,39,303
22,41,246
22,43,190
22,44,358
22,45,359
22,46,36
22,47,234
22,48,235
22,50,393
22,51,77
22,55,339
22,56,176
22,57,255
22,59,308
22,61,353
22,62,43
22,63,247
22,65,241
22,66,27
22,67,389
22,69,144
22,71,192
22,75,41
22,77,119
22,78,123
22,79,25
22,81,327
22,82,16
22,83,365
22,84,368
22,85,176
22,87,235
22,91,28
22,92,197
22,93,9
22,94,16
22,96,381
22,100,131
22,101,48
22,106,379
22,108,200
22,109,27
22,110,121
22,111,313
22,113,391
22,114,224
22,115,40
22,116,264
22,117,184
22,118,272
22,120,344
22,125,103
22,134,70
22,137,45
22,140,251
22,141,135
22,143,179
22,149,138
22,150,124
22,151,102
22,154,44
22,158,216
22,159,27
22,160,172
22,161,119
22,168,115
22,169,393
22,172,242
22,175,347
22,188,390
22,190,198
22,191,362
22,192,267
22,195,51
23,1,18
23,2,257
23,3,331
23,5,225
23,6,210
23,7,44
23,9,259
23,10,147
23,11,387
23,13,4
23,15,380
23,17,9
23,20,256
23,21,388
23,24,306
23,26,145
23,30,327
23,31,326
23,33,343
23,34,249
23,35,56
23,36,12
23,37,212
23,38,317
23,39,294
23,40,143
23,44,50
23,45,97
23,46,39
23,47,17
23,51,346
23,53,397
23,54,313
23,55,184
23,56,26
23,57,163
23,58,161
23,59,299
23,60,132
23,61,143
23,62,280
23,65,332
23,66,179
23,67,206
23,68,189
23,69,348
23,70,8
23,74,311
23,76,134
23,77,149
23,81,127
23,82,190
23,85,116
23,86,199
23,87,201
23,91,145
23,92,145
23,94,9
23,95,148
23,97,304
23,99,42
23,100,191
23,101,236
23,103,74
23,104,169
23,105,59
23,106,295
23,109,272
23,110,333
23,114,300
23,115,344
23,116,130
23,121,327
23,126,145
23,129,136
23,132,299
23,134,59
23,135,69
23,136,111
23,139,75
23,140,299
23,144,321
23,145,355
23,154,189
23,161,118
23,162,143
23,167,118
23,173,181
23,174,394
23,177,323
23,182,378
23,183,399
23,184,18
23,186,165
23,188,129
23,199,4
24,1,185
24,2,21
24,3,192
24,4,304
24,5,171
24,9,174
24,10,344
24,11,148
24,12,164
24,13,227
24,15,357
24,17,140
24,19,71
24,22,393
24,23,306
24,26,182
24,27,357
24,33,178
24,34,172
24,35,378
24,36,288
24,38,363
24,39,227
24,41,282
24,42,389
24,44,110
24,45,112
24,47,112
24,52,284
24,54,397
24,57,57
24,58,68
24,59,83
24,60,230
24,61,143
24,63,9
24,64,126
24,65,377
24,67,320
24,68,343
24,69,168
24,70,157
24,71,184
24,72,103
24,73,14
24,75,322
24,76,267
24,77,245
24,78,15
24,79,62
24,80,155
24,81,363
24,82,300
24,83,167
24,85,10
24,87,137
24,89,150
24,91,137
24,93,58
24,94,190
24,95,13
24,98,44
24,100,316
24,102,46
24,106,78
24,110,300
24,112,120
24,113,130
24,114,265
24,116,87
24,117,293
24,123,399
24,126,337
24,130,17
24,132,150
24,133,164
24,139,120
24,141,84
24,144,392
24,145,40
24,147,372
24,149,288
24,150,42
24,155,116
24,157,34
24,161,199
24,163,87
24,164,129
24,177,135
24,178,257
24,187,95
24,191,31
24,192,231
24,194,193
24,195,150
24,198,233
25,1,189
25,2,329
25,4,27
25,6,137
25,7,127
25,8,281
25,11,396
25,12,192
25,13,302
25,14,121
25,15,74
25,19,236
25,20,57
25,21,247
25,22,95
25,28,157
25,29,364
25,30,273
25,31,261
25,32,341
25,33,283
25,35,144
25,36,301
25,37,216
25,38,34
25,39,349
25,41,45
25,42,237
25,43,225
25,45,23
25,46,67
25,50,205
25,51,47
25,52,336
25,53,304
25,55,19
25,56,7
25,57,335
25,61,282
25,62,87
25,63,255
25,65,56
25,67,293
25,68,220
25,69,394
25,71,157
25,72,76
25,74,173
25,75,279
25,76,50
25,77,298
25,78,14
25,79,284
25,80,47
25,82,229
25,83,22
25,86,285
25,87,360
25,88,253
25,90,282
25,91,216
25,92,227
25,94,328
25,96,134
25,100,292
25,103,367
25,104,89
25,108,362
25,109,137
25,110,228
25,112,263
25,115,190
25,116,86
25,117,119
25,119,260
25,121,268
25,122,217
25,125,290
25,126,302
25,127,190
25,129,282
25,130,148
25,133,84
25,140,41
25,141,382
25,144,373
25,145,192
25,148,241
25,151,58
25,153,343
25,154,320
25,158,5
25,159,105
25,160,118
25,162,41
25,169,265
25,173,99
25,174,73
25,175,90
25,176,159
25,178,41
25,179,216
25,181,293
25,183,139
25,185,247
25,187,49
25,196,107
25,198,83
26,3,202
26,6,122
26,7,77
26,9,307
26,10,339
26,11,193
26,13,313
26,15,212
26,16,170
26,17,287
26,18,122
26,19,355
26,21,350
26,22,381
26,23,145
26,24,182
26,29,60
26,30,344
26,31,52
26,32,86
26,35,337
26,37,27
26,38,365
26,39,215
26,40,181
26,42,131
26,43,389
26,49,175
26,50,259
26,51,345
26,52,81
26,54,287
26,55,364
26,56,172
26,58,352
26,59,82
26,64,165
26,65,35
26,66,61
26,68,264
26,70,54
26,72,276
26,73,394
26,74,257
26,75,155
26,78,385
26,81,282
26,84,245
26,88,315
26,91,243
26,92,31
26,93,308
26,94,201
26,95,69
26,98,62
26,99,199
26,100,376
26,101,53
26,102,312
26,105,72
26,107,299
26,111,229
26,113,370
26,116,65
26,117,88
26,121,264
26,122,316
26,128,325
26,130,62
26,131,286
26,136,396
26,137,88
26,141,187
26,144,316
26,147,319
26,149,1
26,150,249
26,152,308
26,153,380
26,154,312
26,157,383
26,162,102
26,165,227
26,166,77
26,167,85
26,168,327
26,169,76
26,171,376
26,172,33
26,175,95
26,180,76
26,181,193
26,183,303
26,190,118
26,196,89
26,198,192
26,200,27
27,1,190
27,2,325
27,3,356
27,4,98
27,8,67
27,11,340
27,12,379
27,13,153
27,14,287
27,16,150
27,17,253
27,18,324
27,19,285
27,20,260
27,21,1
27,22,51
27,24,357
27,28,96
27,29,349
27,30,159
27,32,8
27,34,177
27,36,210
27,37,228
27,39,267
27,42,223
27,43,12
27,44,376
27,45,299
27,48,397
27,49,109
27,51,320
27,52,129
27,54,255
27,56,75
27,58,180
27,59,347
27,60,276
27,61,193
27,63,178
27,65,343
27,67,347
27,68,160
27,71,139
27,76,392
27,78,227
27,79,371
27,82,165
27,83,320
27,86,83
27,88,302
27,91,171
27,93,100
27,95,118
27,96,197
27,97,172
27,99,390
27,100,394
27,101,215
27,103,123
27,104,314
27,106,341
27,108,139
27,111,77
27,112,12
27,113,359
27,114,185
27,116,301
27,117,368
27,118,30
27,120,34
27,127,225
27,132,178
27,134,345
27,136,236
27,139,155
27,141,283
27,143,81
27,145,14
27,147,299
27,148,271
27,149,224
27,151,370
27,152,151
27,153,333
27,154,27
27,155,129
27,162,320
27,163,116
27,164,350
27,166,25
27,170,269
27,172,92
27,173,140
27,174,60
27,175,56
27,176,133
27,177,131
27,178,30
27,179,278
27,182,121
27,186,84
27,188,373
27,190,308
27,191,61
27,195,226
28,2,323
28,4,208
28,5,25
28,6,241
28,8,84
28,9,298
28,10,121
28,13,162
28,15,59
28,18,156
28,20,376
28,21,12
28,22,393
28,25,157
28,27,96
28,31,95
28,32,361
28,34,209
28,35,355
28,36,320
28,37,234
28,38,259
28,41,151
28,43,171
28,48,255
28,49,388
28,50,323
28,51,202
28,56,92
28,58,297
28,60,148
28,62,304
28,67,247
28,68,263
28,69,151
28,70,103
28,72,159
28,73,35
28,74,306
28,75,176
28,76,44
28,77,328
28,78,192
28,80,75
28,81,251
28,82,201
28,83,395
28,84,283
28,92,21
28,96,382
28,98,274
28,99,19
28,100,301
28,102,277
28,104,170
28,107,70
28,111,286
28,112,156
28,114,46
28,118,109
28,119,245
28,123,18
28,126,189
28,128,392
28,132,110
28,133,164
28,136,333
28,138,17
28,139,110
28,140,172
28,144,279
28,146,327
28,149,294
28,156,378
28,158,184
28,163,308
28,164,207
28,166,8
28,175,97
28,176,351
28,177,153
28,184,149
28,185,343
28,188,330
28,190,288
28,194,272
28,196,318
29,3,358
29,5,72
29,6,93
29,8,102
29,10,60
29,12,348
29,13,32
29,14,394
29,15,262
29,16,271
29,17,134
29,18,133
29,20,169
29,22,108
29,25,364
29,26,60
29,27,349
29,30,356
29,31,255
29,32,221
29,33,224
29,35,139
29,36,213
29,37,183
29,38,153
29,41,218
29,42,104
29,45,192
29,46,81
29,47,286
29,49,13
29,50,271
29,51,153
29,57,303
29,58,237
29,59,197
29,61,396
29,62,281
29,64,7
29,65,129
29,70,344
29,72,279
29,74,395
29,76,286
29,77,59
29,79,90
29,80,363
29,81,307
29,82,214
29,84,283
29,86,7
29,87,163
29,89,36
29,95,283
29,96,309
29,97,120
29,99,202
29,100,343
29,104,141
29,116,51
29,118,258
29,119,167
29,120,286
29,124,272
29,126,317
29,128,21
29,129,197
29,130,303
29,131,155
29,132,272
29,134,334
29,135,236
29,137,151
29,138,227
29,139,322
29,140,84
29,143,26
29,147,373
29,148,274
29,150,221
29,151,10
29,152,227
29,155,5
29,156,143
29,157,131
29,160,87
29,167,345
29,170,44
29,173,25
29,183,351
29,187,275
29,189,284
29,199,141
30,3,59
30,4,389
30,5,2
30,9,318
30,10,32
30,11,221
30,14,40
30,15,374
30,18,268
30,19,39
30,22,214
30,23,327
30,25,273
30,26,344
30,27,159
30,29,356
30,31,277
30,34,36
30,35,285
30,36,83
30,37,157
30,40,395
30,43,191
30,44,200
30,45,48
30,46,305
30,47,223
30,48,268
30,50,179
30,52,370
30,53,139
30,56,221
30,57,112
30,60,161
30,63,323
30,65,141
30,68,64
30,69,357
30,70,1
30,71,113
30,73,88
30,74,102
30,75,145
30,76,327
30,78,85
30,80,178
30,81,329
30,82,15
30,84,318
30,85,78
30,90,372
30,91,134
30,92,376
30,95,129
30,100,218
30,101,204
30,103,275
30,110,90
30,112,254
30,113,34
30,114,163
30,115,117
30,124,54
30,125,198
30,126,200
30,133,156
30,134,20
30,135,190
30,140,111
30,141,296
30,144,253
30,145,248
30,146,21
30,149,196
30,154,99
30,157,141
30,162,93
30,167,165
30,168,175
30,169,229
30,171,339
30,173,276
30,176,225
30,179,206
30,181,318
30,185,212
30,186,291
30,187,348
30,191,40
30,192,389
30,197,54
30,198,57
31,3,184
31,5,96
31,7,270
31,8,112
31,9,305
31,10,237
31,11,186
31,12,108
31,13,185
31,14,168
31,17,31
31,18,264
31,23,326
31,25,261
31,26,52
31,28,95
31,29,255
31,30,277
31,32,129
31,34,214
31,36,290
31,37,296
31,38,255
31,39,79
31,40,54
31,42,252
31,43,7
31,44,118
31,45,81
31,46,346
31,47,177
31,50,283
31,51,191
31,52,206
31,53,376
31,55,342
31,56,18
31,59,224
31,60,72
31,61,136
31,63,348
31,64,228
31,66,47
31,67,330
31,68,159
31,70,230
31,71,66
31,73,286
31,74,148
31,75,169
31,77,39
31,78,158
31,80,307
31,82,225
31,83,395
31,84,240
31,85,253
31,91,358
31,95,228
31,96,49
31,97,238
31,98,147
31,99,119
31,104,336
31,108,319
31,109,327
31,110,157
31,114,312
31,122,263
31,123,25
31,127,166
31,128,319
31,129,236
31,130,267
31,131,244
31,132,231
31,133,72
31,138,222
31,139,13
31,140,110
31,144,365
31,150,209
31,151,153
31,164,282
31,165,144
31,167,153
31,172,242
31,173,103
31,174,368
31,178,134
31,180,153
31,185,311
31,188,387
31,192,95
31,194,395
31,195,88
31,199,263
32,1,160
32,3,365
32,7,7
32,8,386
32,9,261
32,10,342
32,11,20
32,13,37
32,16,221
32,18,128
32,19,99
32,20,70
32,22,165
32,25,341
32,26,86
32,27,8
32,28,361
32,29,221
32,31,129
32,34,372
32,35,43
32,36,171
32,38,352
32,43,304
32,46,128
32,49,390
32,52,271
32,53,12
32,54,314
32,56,96
32,58,344
32,59,283
32,60,246
32,62,357
32,64,90
32,65,276
32,66,104
32,68,157
32,69,204
32,72,233
32,73,90
32,74,353
32,75,61
32,78,59
32,84,155
32,85,231
32,86,352
32,87,67
32,89,265
32,90,394
32,92,208
32,93,37
32,95,83
32,96,241
32,101,102
32,102,184
32,103,283
32,104,51
32,105,262
32,107,342
32,111,145
32,112,198
32,114,342
32,117,310
32,118,54
32,121,237
32,122,326
32,123,350
32,124,307
32,125,107
32,126,357
32,127,274
32,129,380
32,131,226
32,132,25
32,133,329
32,135,247
32,136,296
32,140,272
32,141,354
32,143,264
32,149,254
32,152,167
32,154,281
32,155,257
32,157,157
32,160,344
32,161,198
32,163,136
32,165,351
32,172,216
32,174,177
32,179,251
32,191,144
32,192,345
32,193,84
32,197,151
32,198,357
33,2,53
33,3,238
33,4,285
33,5,398
33,6,204
33,7,19
33,10,153
33,11,367
33,12,95
33,13,99
33,14,137
33,15,288
33,17,101
33,18,196
33,20,79
33,21,258
33,22,42
33,23,343
33,24,178
33,25,283
33,29,224
33,34,28
33,36,17
33,38,44
33,39,98
33,41,371
33,43,92
33,45,28
33,46,70
33,48,214
33,49,314
33,51,142
33,52,289
33,53,213
33,54,266
33,57,215
33,58,175
33,59,137
33,63,321
33,64,50
33,65,388
33,66,249
33,67,24
33,68,99
33,70,163
33,71,182
33,72,270
33,74,125
33,81,34
33,83,265
33,87,14
33,88,246
33,89,182
33,91,18
33,92,122
33,93,12
33,94,169
33,95,185
33,98,252
33,101,273
33,108,301
33,109,374
33,111,248
33,112,195
33,116,142
33,117,337
33,118,151
33,122,315
33,124,121
33,126,157
33,131,64
33,132,366
33,137,211
33,138,134
33,139,400
33,140,67
33,143,314
33,146,2
33,152,93
33,154,40
33,155,58
33,156,198
33,157,195
33,158,112
33,160,268
33,164,151
33,167,329
33,168,34
33,169,69
33,170,60
33,172,209
33,175,282
33,178,361
33,182,386
33,188,156
33,196,241
33,198,203
33,200,354
34,4,377
34,5,207
34,6,83
34,7,117
34,9,331
34,11,328
34,12,17
34,15,300
34,16,332
34,17,106
34,22,145
34,23,249
34,24,172
34,27,177
34,28,209
34,30,36
34,31,214
34,32,372
34,33,28
34,35,44
34,36,306
34,37,9
34,38,132
34,39,290
34,40,144
34,41,111
34,42,26
34,43,135
34,44,249
34,45,226
34,46,239
34,48,93
34,49,43
34,50,152
34,51,146
34,53,283
34,55,302
34,57,50
34,59,76
34,60,320
34,61,13
34,62,356
34,65,72
34,66,113
34,68,296
34,69,240
34,70,263
34,72,245
34,73,328
34,74,364
34,75,356
34,76,309
34,77,396
34,78,75
34,79,130
34,81,135
34,84,148
34,87,163
34,88,68
34,89,112
34,91,164
34,93,26
34,94,55
34,95,5
34,98,369
34,101,14
34,104,4
34,112,212
34,113,244
34,115,28
34,117,211
34,119,359
34,120,375
34,121,323
34,127,177
34,129,198
34,130,381
34,131,18
34,132,155
34,133,195
34,134,303
34,137,43
34,138,296
34,147,369
34,152,145
34,154,127
34,166,275
34,167,173
34,173,245
34,175,257
34,177,292
34,180,351
34,187,265
34,191,42
34,194,166
34,195,25
34,198,21
34,199,212
34,200,290
35,1,185
35,3,304
35,5,183
35,7,394
35,9,255
35,10,283
35,11,327
35,12,95
35,13,41
35,14,335
35,15,383
35,16,310
35,17,256
35,21,109
35,22,58
35,23,56
35,24,378
35,25,144
35,26,337
35,28,355
35,29,139
35,30,285
35,32,43
35,34,44
35,39,177
35,42,358
35,43,16
35,44,308
35,45,121
35,50,226
35,52,4
35,53,381
35,54,387
35,56,253
35,57,199
35,58,311
35,60,362
35,63,141
35,65,39
35,66,327
35,67,40
35,68,359
35,69,310
35,70,87
35,71,109
35,72,62
35,74,11
35,75,177
35,76,340
35,77,259
35,78,398
35,79,125
35,80,181
35,81,10
35,85,66
35,88,336
35,89,246
35,92,108
35,93,347
35,98,139
35,101,290
35,102,226
35,103,351
35,104,27
35,106,259
35,107,129
35,108,98
35,109,368
35,112,30
35,114,167
35,115,391
35,118,74
35,120,218
35,126,206
35,127,23
35,129,200
35,132,40
35,135,24
35,136,103
35,138,65
35,141,188
35,146,93
35,148,280
35,151,311
35,152,240
35,156,268
35,163,226
35,164,355
35,165,285
35,173,366
35,175,57
35,177,361
35,182,209
35,184,198
35,190,133
35,191,17
35,194,217
35,199,212
35,200,18
36,1,216
36,2,94
36,3,27
36,5,164
36,8,372
36,9,230
36,10,279
36,12,32
36,14,229
36,15,362
36,16,167
36,17,182
36,20,67
36,21,130
36,22,341
36,23,12
36,24,288
36,25,301
36,27,210
36,28,320
36,29,213
36,30,83
36,31,290
36,32,171
36,33,17
36,34,306
36,37,303
36,39,15
36,40,391
36,41,215
36,45,194
36,48,370
36,49,365
36,52,269
36,54,210
36,56,48
36,58,90
36,59,128
36,60,390
36,61,109
36,64,133
36,66,55
36,67,77
36,69,318
36,71,24
36,72,20
36,75,199
36,76,215
36,79,286
36,80,338
36,82,193
36,83,152
36,84,373
36,86,225
36,88,117
36,89,226
36,90,124
36,91,73
36,96,291
36,97,314
36,99,154
36,100,301
36,102,161
36,103,272
36,104,394
36,105,126
36,109,223
36,112,306
36,114,243
36,115,373
36,116,58
36,118,137
36,121,298
36,122,376
36,124,386
36,126,339
36,127,54
36,128,245
36,137,382
36,138,375
36,140,279
36,142,76
36,144,144
36,148,400
36,149,315
36,150,15
36,153,22
36,159,348
36,160,41
36,162,251
36,163,250
36,165,33
36,166,254
36,169,248
36,170,204
36,172,34
36,185,329
36,186,147
36,188,47
36,191,54
36,194,399
36,197,106
36,198,170
37,4,22
37,6,259
37,7,81
37,9,97
37,11,136
37,12,84
37,14,52
37,15,170
37,16,160
37,18,116
37,19,383
37,21,88
37,23,212
37,25,216
37,26,27
37,27,228
37,28,234
37,29,183
37,30,157
37,31,296
37,34,9
37,36,303
37,39,267
37,40,69
37,41,211
37,43,112
37,44,219
37,45,15
37,47,76
37,48,29
37,51,213
37,52,387
37,54,252
37,55,235
37,56,161
37,57,299
37,58,287
37,59,360
37,60,367
37,62,103
37,63,57
37,67,312
37,69,113
37,70,150
37,71,333
37,72,164
37,75,247
37,79,234
37,80,359
37,82,265
37,84,114
37,85,113
37,87,172
37,88,307
37,93,354
37,95,148
37,96,28
37,97,155
37,100,377
37,101,179
37,102,260
37,103,9
37,104,24
37,107,313
37,108,273
37,109,26
37,110,93
37,111,139
37,113,44
37,114,221
37,117,159
37,118,58
37,120,7
37,124,230
37,129,347
37,132,197
37,133,129
37,137,266
37,140,97
37,141,65
37,142,394
37,145,400
37,148,11
37,151,321
37,152,37
37,156,218
37,159,341
37,161,117
37,167,382
37,169,215
37,172,16
37,175,66
37,196,94
38,1,102
38,2,169
38,3,164
38,4,294
38,6,215
38,7,245
38,8,53
38,9,264
38,11,180
38,12,250
38,13,157
38,16,400
38,18,274
38,19,243
38,20,106
38,22,14
38,23,317
38,24,363
38,25,34
38,26,365
38,28,259
38,29,153
38,31,255
38,32,352
38,33,44
38,34,132
38,39,246
38,40,39
38,42,111
38,45,125
38,46,352
38,47,20
38,48,309
38,49,46
38,50,217
38,51,116
38,52,313
38,53,329
38,54,50
38,56,20
38,57,295
38,63,147
38,64,96
38,65,396
38,66,208
38,68,366
38,70,93
38,71,148
38,74,289
38,76,234
38,78,115
38,81,75
38,85,262
38,86,140
38,88,21
38,89,369
38,90,314
38,91,11
38,93,141
38,94,162
38,95,199
38,96,285
38,98,334
38,99,103
38,100,314
38,101,336
38,102,329
38,105,25
38,106,26
38,108,359
38,110,393
38,112,91
38,114,394
38,115,369
38,118,256
38,119,73
38,120,358
38,123,313
38,128,222
38,131,20
38,133,199
38,134,354
38,138,354
38,139,274
38,140,254
38,142,317
38,143,385
38,148,26
38,149,259
38,152,180
38,154,190
38,155,70
38,168,178
38,170,321
38,172,322
38,176,142
38,183,376
38,189,5
38,190,131
38,197,164
38,199,95
39,1,243
39,2,339
39,5,320
39,6,390
39,8,217
39,9,81
39,12,180
39,13,55
39,14,27
39,15,143
39,18,225
39,19,88
39,21,202
39,22,303
39,23,294
39,24,227
39,25,349
39,26,215
39,27,267
39,31,79
39,33,98
39,34,290
39,35,177
39,36,15
39,37,267
39,38,246
39,40,360
39,41,287
39,42,157
39,43,269
39,44,6
39,45,96
39,46,149
39,48,144
39,49,29
39,51,256
39,54,376
39,55,291
39,57,257
39,58,146
39,59,98
39,60,182
39,61,151
39,62,249
39,63,385
39,64,307
39,67,57
39,69,97
39,71,320
39,72,65
39,74,104
39,77,91
39,79,301
39,80,314
39,82,181
39,83,345
39,87,65
39,89,62
39,90,139
39,93,44
39,94,76
39,96,24
39,99,344
39,100,258
39,103,62
39,105,370
39,107,106
39,112,388
39,113,212
39,114,373
39,115,44
39,118,252
39,119,58
39,120,66
39,122,264
39,126,383
39,128,1
39,129,220
39,133,267
39,135,28
39,136,93
39,137,43
39,142,397
39,143,194
39,150,245
39,151,64
39,152,58
39,153,346
39,156,70
39,157,367
39,160,180
39,166,376
39,169,9
39,171,249
39,175,353
39,183,312
39,184,20
39,186,152
39,187,169
39,188,82
39,189,110
39,191,26
39,196,122
39,197,378
39,199,240
39,200,24
40,1,73
40,2,83
40,3,313
40,5,113
40,6,303
40,11,220
40,12,357
40,14,394
40,16,128
40,19,94
40,20,57
40,21,264
40,23,143
40,26,181
40,30,395
40,31,54
40,34,144
40,36,391
40,37,69
40,38,39
40,39,360
40,41,344
40,42,113
40,43,357
40,45,6
40,46,110
40,47,98
40,48,86
40,49,145
40,50,81
40,51,89
40,52,176
40,54,305
40,55,50
40,57,397
40,58,266
40,59,311
40,60,202
40,61,117
40,63,157
40,64,224
40,65,35
40,66,24
40,67,39
40,68,215
40,70,6
40,71,323
40,72,210
40,74,225
40,77,164
40,80,112
40,82,130
40,85,168
40,86,13
40,87,219
40,88,62
40,93,100
40,96,71
40,98,122
40,99,144
40,100,156
40,104,126
40,106,389
40,107,344
40,108,60
40,109,228
40,112,233
40,120,205
40,121,128
40,125,32
40,127,184
40,130,163
40,131,165
40,135,223
40,137,25
40,142,119
40,143,120
40,146,349
40,147,113
40,148,341
40,149,9
40,151,136
40,153,137
40,155,309
40,157,116
40,160,292
40,164,380
40,166,217
40,169,136
40,171,272
40,173,295
40,174,281
40,176,54
40,180,190
40,181,345
40,186,192
40,190,309
40,193,222
40,194,220
40,198,269
41,1,118
41,2,118
41,4,96
41,5,234
41,6,200
41,7,289
41,9,30
41,14,274
41,15,393
41,16,315
41,17,276
41,18,238
41,20,400
41,21,354
41,22,246
41,24,282
41,25,45
41,28,151
41,29,218
41,33,371
41,34,111
41,36,215
41,37,211
41,39,287
41,40,344
41,44,182
41,45,79
41,46,252
41,47,288
41,49,149
41,50,235
41,51,176
41,52,387
