source,target,weight
1,2,52
1,3,368
1,5,256
1,6,80
1,7,248
1,8,314
1,13,59
1,15,114
1,16,36
1,17,135
1,18,310
1,23,177
1,24,156
1,26,10
1,27,269
1,28,93
1,30,350
1,32,161
1,33,220
1,37,38
1,40,195
1,41,140
1,42,25
1,44,346
1,45,380
1,47,124
1,48,301
1,49,88
1,50,368
1,51,177
1,52,75
1,56,341
1,57,331
1,59,108
1,60,21
1,61,399
1,64,222
1,66,198
1,67,364
1,68,130
1,69,295
1,70,319
1,72,289
1,74,277
1,78,384
1,79,224
1,81,343
1,85,119
1,87,64
1,88,339
1,89,140
1,90,64
1,91,1
1,92,365
1,96,9
1,98,86
1,100,37
1,101,146
1,103,349
1,108,170
1,114,101
1,115,166
1,116,348
1,118,49
1,119,380
1,120,394
1,122,350
1,123,173
1,124,249
1,127,155
1,128,34
1,130,190
1,133,86
1,134,101
1,136,318
1,137,387
1,138,88
1,139,84
1,140,319
1,141,76
1,147,14
1,150,118
1,155,237
1,158,18
1,160,272
1,161,232
1,163,311
1,165,183
1,174,71
1,178,279
1,179,350
1,183,318
1,184,282
1,185,114
1,187,388
1,188,180
1,191,266
1,200,359
2,1,52
2,3,48
2,4,393
2,5,212
2,7,267
2,8,129
2,10,240
2,11,207
2,12,164
2,13,352
2,14,66
2,15,275
2,21,199
2,22,234
2,23,189
2,24,156
2,25,227
2,26,344
2,27,132
2,28,338
2,30,363
2,33,51
2,34,277
2,35,236
2,36,363
2,37,311
2,38,65
2,40,396
2,41,168
2,42,38
2,43,236
2,44,270
2,46,216
2,47,44
2,48,162
2,49,43
2,50,393
2,53,164
2,55,141
2,56,384
2,57,42
2,58,211
2,61,172
2,64,305
2,65,102
2,66,277
2,67,159
2,68,210
2,71,109
2,75,399
2,78,200
2,79,89
2,81,231
2,82,172
2,85,21
2,86,267
2,89,102
2,90,396
2,92,50
2,93,399
2,94,386
2,96,391
2,98,50
2,100,68
2,101,295
2,102,112
2,103,232
2,104,382
2,105,392
2,108,141
2,110,51
2,112,44
2,113,372
2,118,152
2,119,67
2,121,181
2,124,292
2,126,351
2,127,212
2,130,181
2,132,368
2,133,224
2,139,148
2,145,45
2,146,155
2,150,126
2,151,260
2,160,64
2,161,220
2,163,336
2,166,117
2,167,384
2,168,319
2,173,193
2,174,8
2,177,75
2,181,195
2,188,270
2,190,340
2,191,116
2,192,205
2,194,103
2,196,383
2,199,196
3,1,368
3,2,48
3,4,80
3,5,234
3,8,108
3,9,165
3,10,223
3,11,209
3,13,372
3,14,311
3,15,125
3,17,302
3,18,122
3,19,334
3,20,180
3,21,46
3,22,178
3,23,19
3,26,77
3,27,5
3,28,244
3,29,12
3,30,175
3,33,195
3,34,380
3,35,157
3,36,211
3,38,35
3,39,146
3,43,359
3,44,338
3,46,85
3,47,90
3,49,319
3,50,228
3,51,10
3,54,218
3,55,346
3,56,65
3,57,187
3,58,316
3,59,392
3,60,267
3,61,299
3,63,305
3,64,67
3,68,274
3,69,190
3,70,65
3,71,114
3,74,131
3,75,327
3,76,57
3,78,168
3,83,364
3,92,94
3,93,371
3,94,191
3,96,263
3,97,13
3,98,133
3,99,379
3,100,287
3,103,31
3,104,188
3,106,7
3,107,296
3,108,21
3,110,3
3,112,208
3,113,315
3,114,256
3,116,27
3,117,97
3,120,294
3,121,344
3,122,23
3,138,351
3,139,25
3,140,363
3,143,204
3,144,81
3,145,347
3,148,381
3,151,6
3,155,335
3,157,76
3,159,349
3,161,35
3,163,131
3,164,369
3,165,140
3,168,275
3,176,240
3,181,381
3,189,269
3,193,378
3,194,259
3,199,218
4,2,393
4,3,80
4,5,231
4,6,158
4,8,81
4,9,78
4,11,110
4,12,390
4,13,122
4,14,326
4,15,67
4,17,108
4,19,208
4,20,271
4,21,13
4,24,381
4,25,329
4,26,379
4,27,322
4,28,178
4,29,26
4,30,348
4,31,25
4,33,239
4,34,212
4,36,216
4,38,86
4,39,76
4,40,285
4,44,310
4,46,18
4,48,166
4,50,400
4,51,159
4,52,345
4,53,194
4,55,329
4,56,197
4,57,64
4,58,360
4,61,329
4,62,265
4,67,82
4,68,298
4,70,214
4,71,163
4,72,253
4,74,225
4,76,22
4,77,20
4,79,383
4,80,5
4,84,184
4,85,17
4,86,147
4,87,43
4,90,357
4,97,249
4,98,394
4,99,304
4,102,141
4,109,233
4,113,303
4,115,103
4,116,149
4,117,257
4,120,140
4,121,218
4,122,173
4,124,397
4,126,266
4,130,316
4,131,111
4,133,237
4,136,330
4,137,197
4,139,256
4,140,199
4,141,122
4,145,44
4,146,225
4,147,61
4,148,68
4,149,214
4,150,263
4,152,237
4,153,171
4,154,5
4,158,11
4,161,176
4,162,201
4,163,281
4,164,71
4,165,195
4,173,124
4,175,33
4,177,75
4,179,189
4,185,92
4,186,340
4,189,179
4,192,13
4,196,3
4,197,141
4,198,58
5,1,256
5,2,212
5,3,234
5,4,231
5,6,181
5,7,261
5,8,390
5,10,304
5,11,357
5,12,11
5,13,260
5,15,332
5,16,88
5,19,41
5,20,214
5,23,247
5,24,70
5,25,267
5,26,381
5,27,304
5,29,307
5,31,93
5,32,349
5,33,366
5,34,362
5,35,114
5,37,160
5,39,79
5,40,252
5,43,129
5,44,194
5,45,267
5,47,284
5,48,145
5,50,272
5,51,380
5,52,2
5,54,205
5,55,269
5,56,393
5,58,200
5,59,115
5,60,3
5,61,112
5,62,10
5,65,10
5,69,167
5,71,326
5,72,172
5,74,38
5,79,76
5,80,57
5,82,280
5,86,246
5,88,132
5,91,253
5,93,354
5,94,271
5,97,131
5,99,34
5,100,311
5,104,400
5,106,66
5,109,48
5,112,337
5,113,95
5,114,125
5,116,142
5,119,399
5,120,185
5,122,2
5,127,111
5,130,259
5,133,295
5,134,203
5,137,37
5,144,39
5,146,370
5,150,126
5,156,58
5,161,174
5,163,182
5,165,267
5,168,370
5,174,228
5,175,239
5,178,124
5,181,314
5,182,279
5,183,125
5,184,327
5,192,32
6,1,80
6,4,158
6,5,181
6,10,389
6,11,218
6,12,101
6,15,70
6,16,262
6,19,198
6,20,13
6,21,237
6,22,44
6,23,37
6,25,217
6,27,173
6,28,256
6,29,7
6,30,320
6,31,284
6,34,397
6,36,169
6,37,111
6,38,240
6,45,394
6,46,125
6,48,206
6,49,145
6,50,218
6,51,349
6,55,261
6,59,362
6,60,28
6,61,96
6,62,50
6,64,13
6,66,49
6,68,123
6,69,62
6,76,12
6,77,302
6,78,137
6,81,90
6,82,1
6,83,212
6,84,198
6,85,372
6,87,161
6,89,139
6,90,395
6,92,338
6,93,59
6,94,269
6,96,76
6,97,132
6,98,86
6,99,133
6,100,383
6,101,358
6,105,121
6,106,87
6,107,282
6,108,26
6,109,202
6,110,329
6,111,225
6,112,229
6,114,249
6,115,375
6,116,313
6,118,182
6,121,28
6,122,21
6,127,338
6,128,293
6,131,219
6,133,344
6,134,6
6,137,7
6,139,273
6,140,318
6,141,386
6,146,175
6,148,103
6,149,157
6,154,101
6,157,352
6,161,38
6,162,363
6,166,381
6,167,308
6,169,135
6,171,373
6,173,159
6,177,393
6,183,345
6,184,63
6,195,289
6,196,209
6,198,147
6,199,398
6,200,285
7,1,248
7,2,267
7,5,261
7,8,104
7,9,228
7,10,112
7,12,281
7,13,28
7,14,153
7,15,261
7,16,390
7,17,389
7,18,63
7,20,289
7,22,81
7,23,143
7,24,222
7,26,39
7,27,174
7,28,151
7,29,187
7,32,386
7,33,356
7,34,20
7,35,244
7,36,147
7,39,184
7,40,282
7,41,145
7,43,380
7,44,213
7,46,234
7,48,362
7,49,22
7,50,165
7,51,30
7,52,374
7,55,26
7,56,274
7,58,5
7,59,173
7,61,8
7,62,289
7,64,36
7,65,110
7,66,372
7,67,75
7,68,330
7,70,195
7,72,275
7,74,222
7,75,49
7,85,144
7,88,140
7,90,357
7,93,381
7,94,284
7,95,176
7,96,160
7,98,268
7,100,352
7,103,328
7,105,25
7,107,214
7,109,60
7,111,68
7,113,192
7,115,162
7,116,278
7,119,202
7,121,377
7,122,351
7,128,122
7,129,143
7,131,238
7,133,205
7,135,376
7,137,316
7,138,230
7,139,142
7,140,95
7,141,384
7,142,221
7,143,255
7,148,181
7,150,37
7,151,279
7,158,253
7,165,10
7,168,96
7,170,137
7,171,265
7,173,304
7,174,171
7,176,303
7,178,183
7,179,311
7,183,391
7,188,369
7,189,74
7,198,193
8,1,314
8,2,129
8,3,108
8,4,81
8,5,390
8,7,104
8,11,242
8,12,124
8,14,127
8,15,340
8,16,291
8,17,311
8,18,70
8,20,107
8,21,50
8,22,296
8,23,294
8,25,130
8,27,118
8,29,341
8,30,66
8,33,272
8,36,93
8,37,162
8,39,343
8,40,139
8,41,226
8,43,297
8,44,37
8,46,251
8,48,242
8,49,289
8,50,299
8,55,86
8,57,204
8,60,235
8,61,397
8,63,168
8,65,28
8,68,138
8,69,124
8,71,334
8,72,375
8,73,228
8,75,265
8,76,39
8,77,194
8,79,125
8,80,308
8,83,84
8,84,27
8,85,336
8,86,66
8,88,327
8,92,65
8,93,75
8,95,148
8,97,137
8,99,267
8,102,140
8,104,186
8,105,372
8,106,77
8,107,31
8,110,348
8,111,375
8,114,140
8,117,257
8,120,154
8,121,236
8,125,96
8,126,318
8,127,166
8,132,15
8,133,349
8,135,348
8,138,197
8,139,76
8,143,318
8,150,147
8,151,37
8,152,170
8,153,83
8,154,61
8,159,229
8,161,36
8,162,317
8,164,334
8,165,254
8,166,33
8,167,290
8,175,166
8,178,83
8,179,88
8,180,279
8,181,351
8,185,110
8,189,155
8,190,24
8,192,282
8,193,162
8,196,385
8,197,392
8,198,53
8,199,396
9,3,165
9,4,78
9,7,228
9,12,321
9,13,33
9,16,144
9,18,254
9,23,187
9,24,336
9,25,303
9,27,38
9,28,179
9,29,52
9,30,41
9,31,370
9,32,42
9,35,11
9,40,114
9,41,271
9,42,262
9,46,137
9,48,16
9,50,144
9,51,134
9,52,18
9,56,399
9,57,342
9,60,28
9,61,20
9,62,197
9,64,69
9,65,333
9,66,226
9,70,158
9,71,112
9,73,339
9,77,342
9,81,108
9,82,50
9,83,128
9,84,277
9,87,391
9,88,248
9,91,140
9,95,318
9,97,158
9,99,2
9,100,4
9,101,356
9,105,118
9,107,26
9,108,84
9,113,391
9,114,94
9,118,292
9,119,328
9,131,294
9,132,204
9,136,14
9,143,160
9,144,384
9,148,378
9,152,359
9,159,314
9,161,193
9,164,102
9,172,376
9,180,334
9,182,340
9,185,18
9,186,83
9,196,389
9,198,120
10,2,240
10,3,223
10,5,304
10,6,389
10,7,112
10,11,94
10,12,178
10,14,388
10,15,90
10,16,234
10,18,284
10,19,92
10,22,211
10,23,246
10,26,227
10,29,228
10,32,381
10,33,323
10,35,2
10,36,366
10,41,75
10,42,281
10,43,31
10,44,54
10,45,396
10,46,373
10,48,229
10,52,7
10,53,33
10,55,134
10,57,113
10,58,71
10,62,127
10,63,251
10,64,330
10,66,379
10,67,398
10,68,104
10,69,27
10,71,78
10,72,291
10,74,41
10,75,148
10,78,289
10,80,30
10,81,89
10,82,126
10,83,176
10,85,269
10,90,309
10,91,367
10,92,317
10,94,335
10,98,102
10,102,159
10,104,209
10,105,167
10,106,37
10,107,312
10,108,44
10,112,240
10,113,148
10,116,24
10,118,150
10,121,252
10,123,148
10,129,304
10,131,293
10,137,267
10,139,353
10,141,118
10,145,107
10,146,168
10,147,204
10,148,76
10,149,288
10,161,366
10,166,21
10,177,88
10,181,74
10,186,295
10,189,59
10,190,120
10,195,116
11,2,207
11,3,209
11,4,110
11,5,357
11,6,218
11,8,242
11,10,94
11,12,9
11,13,293
11,14,54
11,16,73
11,17,82
11,18,135
11,19,357
11,20,142
11,21,23
11,22,393
11,23,181
11,25,62
11,26,127
11,28,151
11,30,388
11,31,356
11,32,19
11,34,206
11,35,130
11,39,110
11,40,163
11,41,71
11,45,10
11,46,314
11,47,352
11,48,21
11,49,185
11,50,78
11,51,345
11,52,267
11,54,77
11,56,304
11,57,23
11,59,361
11,60,36
11,61,197
11,62,2
11,63,348
11,65,196
11,67,331
11,69,158
11,70,345
11,71,94
11,72,395
11,73,192
11,74,84
11,75,264
11,77,81
11,78,320
11,79,70
11,84,191
11,85,211
11,86,359
11,87,134
11,88,379
11,91,334
11,96,173
11,98,124
11,99,369
11,101,193
11,102,47
11,104,202
11,105,94
11,107,14
11,109,329
11,110,75
11,112,123
11,113,152
11,115,292
11,116,132
11,117,137
11,120,142
11,122,81
11,123,109
11,125,366
11,130,281
11,133,253
11,134,198
11,137,108
11,139,8
11,141,9
11,142,302
11,143,82
11,144,269
11,145,360
11,146,105
11,147,2
11,148,190
11,149,284
11,151,131
11,153,15
11,154,90
11,156,76
11,158,66
11,159,12
11,160,238
11,162,180
11,164,208
11,165,283
11,166,154
11,169,262
11,170,96
11,176,150
11,180,141
11,186,256
11,187,251
11,188,124
11,190,227
12,2,164
12,4,390
12,5,11
12,6,101
12,7,281
12,8,124
12,9,321
12,10,178
12,11,9
12,14,57
12,15,75
12,20,68
12,21,49
12,22,374
12,23,214
12,25,119
12,26,301
12,29,49
12,30,213
12,34,48
12,35,60
12,37,188
12,39,302
12,40,295
12,42,232
12,45,298
12,46,63
12,47,210
12,48,81
12,50,309
12,51,385
12,54,358
12,55,2
12,58,74
12,60,312
12,61,314
12,62,27
12,63,147
12,65,70
12,66,99
12,68,370
12,71,245
12,72,88
12,73,339
12,75,277
12,76,274
12,77,7
12,79,13
12,81,297
12,83,162
12,85,220
12,87,212
12,88,393
12,89,35
12,90,227
12,91,121
12,93,254
12,94,209
12,96,387
12,97,66
12,98,105
12,100,99
12,101,147
12,103,336
12,104,339
12,105,41
12,106,307
12,107,193
12,108,258
12,109,232
12,113,176
12,115,129
12,116,317
12,117,90
12,118,353
12,119,97
12,121,282
12,126,27
12,129,356
12,132,125
12,142,161
12,144,377
12,146,125
12,151,268
12,157,321
12,158,176
12,161,364
12,163,267
12,165,187
12,166,1
12,169,113
12,174,34
12,184,357
12,191,168
12,193,136
12,197,254
12,198,114
12,199,257
13,1,59
13,2,352
13,3,372
13,4,122
13,5,260
13,7,28
13,9,33
13,11,293
13,14,26
13,15,149
13,17,78
13,20,244
13,21,69
13,22,257
13,23,183
13,24,185
13,25,275
13,26,306
13,27,231
13,28,55
13,30,87
13,31,87
13,32,283
13,34,137
13,35,296
13,37,264
13,38,101
13,39,169
13,40,306
13,43,284
13,46,276
13,47,193
13,49,236
13,50,123
13,51,173
13,52,164
13,54,352
13,55,233
13,56,204
13,57,270
13,59,195
13,62,367
13,63,134
13,65,318
13,70,340
13,72,266
13,75,327
13,76,361
13,78,93
13,81,204
13,84,29
13,85,179
13,88,376
13,91,247
13,93,109
13,95,179
13,96,202
13,99,121
13,103,258
13,105,286
13,108,395
13,110,86
13,111,282
13,113,217
13,118,288
13,119,261
13,122,273
13,125,334
13,127,172
13,131,291
13,134,118
13,137,373
13,139,21
13,143,21
13,145,276
13,147,18
13,150,160
13,151,157
13,153,46
13,154,362
13,156,293
13,157,353
13,158,362
13,160,95
13,161,304
13,163,283
13,165,283
13,167,156
13,169,69
13,170,362
13,174,370
13,180,201
13,189,121
13,191,388
13,195,271
14,2,66
14,3,311
14,4,326
14,7,153
14,8,127
14,10,388
14,11,54
14,12,57
14,13,26
14,17,227
14,18,354
14,19,58
14,20,189
14,22,339
14,23,200
14,24,90
14,25,400
14,26,208
14,27,119
14,31,312
14,33,93
14,34,73
14,36,70
14,37,379
14,38,139
14,40,68
14,42,317
14,43,288
14,45,179
14,46,269
14,47,205
14,48,389
14,49,331
14,50,233
14,51,150
14,52,137
14,53,228
14,54,85
14,55,339
14,56,173
14,57,45
14,58,388
14,59,253
14,60,210
14,62,392
14,63,21
14,64,250
14,66,195
14,68,352
14,69,115
14,71,148
14,72,107
14,73,95
14,74,39
14,76,139
14,78,220
14,80,144
14,82,400
14,83,397
14,84,336
14,85,289
14,86,265
14,89,261
14,91,233
14,92,344
14,93,165
14,94,22
14,96,108
14,98,248
14,99,305
14,100,380
14,101,238
14,104,299
14,105,392
14,112,46
14,116,42
14,123,349
14,124,271
14,125,162
14,126,41
14,128,380
14,130,313
14,133,204
14,135,344
14,136,358
14,137,306
14,139,10
14,144,291
14,147,151
14,151,244
14,162,153
14,163,358
14,165,195
14,166,130
14,168,63
14,169,217
14,171,302
14,173,312
14,183,149
14,185,308
14,193,253
14,194,180
14,195,219
14,197,253
15,1,114
15,2,275
15,3,125
15,4,67
15,5,332
15,6,70
15,7,261
15,8,340
15,10,90
15,12,75
15,13,149
15,17,225
15,19,98
15,20,302
15,21,214
15,22,304
15,23,295
15,24,268
15,25,341
15,28,107
15,30,149
15,31,128
15,32,349
15,36,276
15,39,247
15,40,102
15,41,380
15,42,328
15,43,87
15,44,231
15,50,237
15,52,145
15,54,147
15,55,392
15,57,226
15,58,82
15,63,305
15,64,119
15,65,61
15,67,82
15,69,243
15,70,146
15,72,36
15,73,360
15,75,155
15,76,36
15,77,355
15,78,364
15,79,169
15,80,385
15,81,334
15,86,371
15,88,284
15,89,190
15,91,239
15,95,45
15,98,23
15,99,161
15,100,67
15,103,381
15,105,274
15,107,234
15,112,327
15,113,307
15,114,24
15,115,101
15,118,310
15,120,219
15,121,45
15,123,13
15,133,208
15,136,302
15,138,218
15,140,210
15,144,79
15,147,26
15,153,30
15,159,42
15,161,31
15,163,241
15,165,215
15,171,322
15,173,371
15,182,107
15,183,256
15,190,142
15,192,301
15,193,376
15,198,340
15,200,11
16,1,36
16,5,88
16,6,262
16,7,390
16,8,291
16,9,144
16,10,234
16,11,73
16,17,78
16,18,76
16,19,114
16,20,159
16,23,260
16,26,339
16,27,292
16,28,243
16,29,94
16,32,252
16,33,202
16,36,327
16,37,44
16,40,269
16,41,357
16,42,223
16,44,341
16,47,58
16,48,38
16,49,309
16,50,36
16,51,247
16,52,28
16,53,364
16,54,171
16,55,218
16,56,120
16,58,364
16,59,332
16,61,170
16,63,253
16,64,295
16,66,287
16,67,134
16,70,191
16,71,274
16,73,370
16,79,152
16,81,168
16,83,353
16,85,336
16,88,107
16,91,117
16,92,283
16,100,290
16,101,187
16,102,108
16,104,58
16,107,94
16,108,32
16,109,28
16,110,111
16,112,153
16,113,369
16,116,294
16,122,320
16,125,247
16,128,399
16,129,207
16,130,310
16,131,295
16,133,87
16,136,123
16,137,115
16,138,181
16,139,5
16,140,272
16,142,357
16,145,43
16,146,14
16,149,332
16,151,370
16,153,296
16,154,161
16,155,304
16,156,215
16,161,304
16,162,64
16,164,218
16,169,291
16,170,72
16,173,357
16,176,309
16,177,324
16,182,45
16,185,347
16,189,8
16,190,34
16,197,263
17,1,135
17,3,302
17,4,108
17,7,389
17,8,311
17,11,82
17,13,78
17,14,227
17,15,225
17,16,78
17,18,41
17,24,193
17,25,75
17,26,323
17,27,389
17,29,300
17,30,52
17,31,327
17,36,6
17,38,93
17,40,384
17,41,55
17,42,90
17,43,253
17,44,146
17,46,358
17,49,393
17,51,54
17,52,82
17,54,290
17,55,371
17,56,172
17,58,302
17,59,285
17,61,196
17,64,327
17,65,115
17,68,297
17,69,387
17,70,131
17,71,311
17,72,282
17,73,148
17,76,78
17,78,104
17,79,12
17,80,253
17,81,223
17,82,223
17,83,282
17,85,259
17,86,227
17,88,342
17,90,385
17,92,339
17,95,126
17,96,253
17,98,232
17,99,318
17,102,266
17,103,65
17,105,154
17,108,83
17,115,192
17,117,194
17,118,3
17,122,62
17,123,259
17,124,139
17,129,150
17,132,151
17,140,73
17,148,84
17,152,55
17,154,249
17,156,362
17,158,31
17,163,173
17,168,125
17,170,125
17,172,297
17,174,25
17,176,60
17,199,193
18,1,310
18,3,122
18,7,63
18,8,70
18,9,254
18,10,284
18,11,135
18,14,354
18,16,76
18,17,41
18,19,295
18,20,89
18,21,189
18,22,19
18,27,227
18,28,313
18,29,264
18,30,92
18,33,157
18,34,146
18,35,253
18,36,247
18,37,302
18,39,321
18,41,119
18,44,124
18,45,65
18,46,351
18,47,303
18,48,299
18,50,6
18,51,356
18,53,269
18,54,303
18,55,103
18,56,299
18,57,324
18,60,397
18,61,381
18,63,298
18,64,312
18,66,226
18,67,100
18,68,193
18,70,223
18,71,394
18,72,283
18,73,98
18,75,114
18,77,66
18,80,396
18,81,310
18,82,272
18,84,263
18,85,78
18,86,47
18,87,109
18,88,57
18,91,185
18,96,379
18,101,166
18,102,103
18,106,32
18,108,279
18,112,142
18,113,310
18,115,186
18,116,135
18,117,7
18,121,123
18,123,97
18,129,332
18,131,301
18,135,344
18,136,127
18,137,272
18,141,280
18,144,344
18,146,9
18,147,169
18,150,219
18,151,114
18,156,47
18,160,114
18,162,35
18,167,390
18,168,298
18,169,52
18,171,400
18,178,41
18,183,18
18,184,246
18,187,294
18,188,368
18,189,68
18,192,347
18,196,56
18,200,13
19,3,334
19,4,208
19,5,41
19,6,198
19,10,92
19,11,357
19,14,58
19,15,98
19,16,114
19,18,295
19,21,300
19,22,259
19,23,400
19,26,25
19,27,162
19,29,315
19,30,236
19,33,4
19,34,271
19,35,75
19,40,239
19,41,245
19,42,348
19,43,267
19,44,378
19,45,378
19,46,368
19,50,248
19,52,73
19,53,50
19,55,4
19,57,242
19,58,32
19,63,47
19,65,278
19,66,372
19,67,83
19,68,127
19,69,350
19,70,260
19,71,290
19,72,78
19,76,354
19,77,14
19,78,261
19,79,248
19,81,249
19,82,101
19,83,383
19,84,36
19,85,303
19,86,313
19,87,75
19,88,370
19,91,351
19,92,367
19,93,355
19,95,11
19,99,34
19,104,295
19,105,124
19,111,387
19,114,366
19,115,170
19,120,35
19,121,90
19,122,368
19,125,171
19,126,274
19,127,128
19,128,184
19,129,13
19,131,68
19,132,200
19,134,186
19,135,129
19,136,163
19,139,66
19,149,80
19,153,348
19,156,356
19,159,94
19,163,179
19,165,19
19,175,244
19,181,255
19,186,90
19,187,313
19,191,215
19,196,24
19,200,66
20,3,180
20,4,271
20,5,214
20,6,13
20,7,289
20,8,107
20,11,142
20,12,68
20,13,244
20,14,189
20,15,302
20,16,159
20,18,89
20,21,382
20,24,133
20,25,372
20,26,184
20,27,245
20,28,22
20,31,139
20,34,212
20,36,322
20,39,202
20,40,350
20,41,389
20,42,217
20,44,307
20,46,173
20,47,96
20,48,327
20,50,79
20,51,136
20,52,87
20,53,239
20,54,372
20,56,300
20,57,204
20,59,272
20,60,330
20,62,97
20,64,18
20,65,62
20,69,398
20,70,80
20,71,215
20,72,195
20,73,345
20,74,205
20,76,281
20,77,348
20,79,344
20,81,224
20,83,3
20,84,325
20,85,143
20,86,171
20,87,73
20,89,148
20,90,256
20,91,292
20,92,164
20,93,377
20,94,150
20,96,130
20,97,286
20,101,37
20,105,241
20,109,285
20,111,40
20,114,65
20,119,294
20,121,31
20,122,231
20,123,336
20,126,291
20,128,278
20,134,8
20,135,181
20,136,148
20,137,3
20,142,307
20,146,354
20,150,224
20,151,291
20,152,358
20,156,73
20,157,198
20,159,241
20,160,126
20,161,369
20,163,30
20,165,127
20,171,273
20,174,242
20,176,20
20,178,160
20,179,114
20,180,52
20,183,43
20,186,2
20,188,14
20,191,142
20,192,49
20,194,303
20,198,220
20,199,303
20,200,200
21,2,199
21,3,46
21,4,13
21,6,237
21,8,50
21,11,23
21,12,49
21,13,69
21,15,214
21,18,189
21,19,300
21,20,382
21,22,82
21,24,130
21,26,61
21,27,231
21,29,150
21,32,161
21,34,282
21,35,270
21,36,192
21,38,335
21,40,193
21,44,230
21,45,373
21,46,371
21,54,212
21,57,33
21,59,131
21,60,209
21,61,70
21,62,198
21,63,349
21,64,53
21,65,18
21,66,219
21,67,396
21,68,230
21,70,54
21,75,8
21,77,19
21,78,191
21,79,60
21,80,44
21,82,51
21,83,396
21,85,155
21,86,227
21,88,213
21,90,138
21,95,260
21,96,78
21,98,21
21,100,94
21,101,192
21,106,217
21,112,280
21,114,61
21,115,52
21,122,231
21,128,88
21,130,392
21,131,265
21,132,106
21,135,43
21,141,397
21,142,334
21,146,112
21,147,131
21,149,376
21,154,97
21,155,270
21,160,211
21,164,399
21,173,42
21,174,275
21,183,383
21,184,275
21,185,235
21,188,347
21,192,353
22,2,234
22,3,178
22,6,44
22,7,81
22,8,296
22,10,211
22,11,393
22,12,374
22,13,257
22,14,339
22,15,304
22,18,19
22,19,259
22,21,82
22,24,82
22,25,14
22,26,358
22,27,152
22,29,230
22,30,88
22,32,42
22,34,280
22,35,264
22,36,218
22,39,118
22,40,160
22,42,200
22,46,157
22,48,325
22,49,5
22,51,204
22,53,391
22,54,244
22,55,342
22,57,281
22,58,261
22,61,102
22,62,58
22,65,263
22,66,354
22,67,128
22,68,158
22,72,345
22,73,74
22,79,104
22,80,335
22,81,388
22,82,388
22,84,297
22,85,139
22,87,197
22,88,269
22,89,279
22,90,166
22,91,330
22,93,226
22,94,357
22,95,212
22,101,319
22,103,43
22,107,314
22,110,12
22,111,189
22,112,149
22,113,169
22,115,81
22,119,10
22,120,5
22,126,49
22,127,399
22,130,139
22,134,150
22,135,121
22,137,89
22,143,16
22,146,199
22,151,369
22,152,88
22,158,23
22,167,49
22,168,284
22,170,216
22,172,89
22,179,243
22,185,284
22,197,305
22,199,294
23,1,177
23,2,189
23,3,19
23,5,247
23,6,37
23,7,143
23,8,294
23,9,187
23,10,246
23,11,181
23,12,214
23,13,183
23,14,200
23,15,295
23,16,260
23,19,400
23,24,181
23,25,14
23,28,239
23,29,386
23,31,148
23,32,293
23,33,227
23,34,383
23,36,240
23,37,79
23,38,71
23,39,222
23,40,300
23,41,350
23,43,239
23,46,53
23,48,297
23,49,362
23,50,245
23,53,181
23,54,123
23,56,265
23,58,141
23,60,287
23,62,394
23,64,235
23,65,254
23,67,167
23,68,381
23,70,88
23,73,166
23,74,202
23,75,153
23,78,323
23,79,125
23,80,213
23,81,190
23,83,23
23,84,260
23,86,129
23,87,212
23,89,83
23,90,127
23,94,118
23,95,103
23,100,277
23,104,76
23,105,140
23,109,378
23,110,249
23,113,195
23,114,26
23,115,15
23,121,273
23,123,108
23,125,308
23,126,68
23,128,16
23,129,148
23,131,75
23,134,124
23,135,12
23,136,28
23,142,228
23,146,255
23,149,82
23,151,48
23,152,133
23,153,140
23,154,124
23,155,228
23,157,243
23,158,283
23,159,87
23,169,220
23,172,21
23,174,242
23,175,380
23,176,397
23,179,236
23,180,175
23,182,116
23,184,141
23,188,137
23,191,122
23,192,400
23,197,60
23,198,21
24,1,156
24,2,156
24,4,381
24,5,70
24,7,222
24,9,336
24,13,185
24,14,90
24,15,268
24,17,193
24,20,133
24,21,130
24,22,82
24,23,181
24,27,388
24,28,206
24,29,152
24,30,102
24,31,199
24,32,189
24,33,190
24,35,129
24,37,61
24,38,202
24,39,144
24,41,311
24,43,49
24,44,48
24,45,265
24,46,126
24,47,272
24,48,115
24,49,263
24,50,44
24,52,15
24,53,69
24,54,343
24,56,326
24,57,222
24,58,312
24,60,315
24,61,168
24,63,195
24,64,248
24,66,317
24,67,342
24,68,204
24,70,174
24,73,340
24,74,338
24,77,350
24,78,250
24,81,269
24,82,191
24,86,372
24,88,237
24,89,176
24,90,82
24,93,37
24,95,98
24,96,265
24,97,307
24,100,126
24,101,236
24,107,218
24,108,322
24,110,175
24,120,161
24,121,231
24,122,85
24,123,44
24,124,304
24,127,112
24,128,138
24,129,163
24,130,41
24,133,373
24,136,174
24,141,85
24,142,378
24,152,8
24,157,380
24,158,244
24,159,143
24,160,120
24,161,216
24,163,301
24,172,156
24,186,277
24,187,176
24,188,256
24,192,58
24,194,259
25,2,227
25,4,329
25,5,267
25,6,217
25,8,130
25,9,303
25,11,62
25,12,119
25,13,275
25,14,400
25,15,341
25,17,75
25,20,372
25,22,14
25,23,14
25,26,256
25,28,309
25,29,208
25,30,30
25,31,10
25,32,131
25,34,55
25,35,316
25,36,257
25,37,380
25,38,78
25,41,110
25,42,274
25,44,256
25,45,245
25,46,314
25,47,302
25,48,163
25,51,338
25,52,124
25,53,298
25,54,114
25,56,110
25,59,232
25,62,93
25,63,256
25,64,103
25,66,124
25,67,246
25,68,306
25,69,398
25,71,93
25,73,365
25,74,275
25,75,171
25,76,47
25,81,106
25,82,172
25,83,121
25,84,124
25,86,165
25,87,351
25,90,376
25,96,315
25,97,67
25,98,173
25,99,95
25,101,95
25,102,6
25,106,350
25,108,27
25,109,134
25,110,58
25,115,91
25,116,351
25,117,302
25,119,337
25,120,239
25,124,160
25,125,233
25,126,195
25,127,392
25,128,330
25,129,248
25,135,120
25,136,230
25,142,53
25,144,333
25,148,324
25,149,113
25,153,194
25,154,60
25,155,395
25,156,121
25,158,121
25,164,200
25,170,1
25,178,319
25,185,62
25,186,374
25,187,77
25,188,227
25,190,210
25,192,223
25,197,127
25,198,297
26,1,10
26,2,344
26,3,77
26,4,379
26,5,381
26,7,39
26,10,227
26,11,127
26,12,301
26,13,306
26,14,208
26,16,339
26,17,323
26,19,25
26,20,184
26,21,61
26,22,358
26,25,256
26,28,263
26,31,21
26,32,130
26,33,309
26,36,205
26,37,79
26,38,15
26,39,271
26,40,190
26,41,44
26,42,392
26,43,322
26,45,149
26,48,216
26,49,86
26,53,350
26,54,158
26,57,194
26,59,201
26,60,122
26,61,165
26,63,257
26,66,28
26,68,108
26,69,147
26,70,118
26,75,380
26,76,5
26,78,356
26,79,15
26,80,309
26,84,51
26,85,154
26,88,156
26,93,301
26,94,212
26,96,326
26,97,174
26,99,259
26,100,312
26,102,308
26,104,118
26,107,206
26,108,310
26,109,116
26,111,271
26,114,309
26,118,301
26,119,187
26,120,165
26,121,277
26,122,244
26,123,343
26,124,29
26,126,212
26,129,282
26,133,325
26,135,2
26,139,39
26,141,386
26,143,53
26,145,113
26,150,323
26,154,376
26,161,179
26,166,218
26,169,89
26,170,28
26,173,208
26,177,50
26,178,213
26,181,165
26,182,394
26,184,223
26,187,387
26,188,282
26,191,398
26,194,251
26,200,88
27,1,269
27,2,132
27,3,5
27,4,322
27,5,304
27,6,173
27,7,174
27,8,118
27,9,38
27,13,231
27,14,119
27,16,292
27,17,389
27,18,227
27,19,162
27,20,245
27,21,231
27,22,152
27,24,388
27,28,185
27,29,79
27,33,271
27,35,320
27,36,90
27,37,8
27,39,84
27,40,67
27,41,265
27,42,219
27,43,199
27,45,381
27,46,132
27,47,241
27,48,337
27,49,238
27,50,380
27,52,230
27,53,377
27,55,92
27,57,186
27,58,138
27,59,396
27,61,71
27,63,241
27,64,101
27,69,162
27,70,140
27,73,270
27,77,59
27,81,35
27,82,48
27,83,73
27,84,127
27,86,228
27,88,339
27,91,374
27,93,239
27,95,367
27,97,23
27,98,107
27,100,179
27,104,42
27,108,127
27,109,199
27,112,39
27,113,136
27,122,299
27,123,380
27,124,315
27,125,217
27,127,118
27,128,163
27,129,279
27,133,79
27,134,157
27,135,93
27,137,200
27,138,207
27,142,343
27,152,333
27,153,58
27,157,52
27,158,67
27,160,256
27,167,254
27,168,125
27,181,49
27,185,330
27,188,265
27,189,14
27,193,362
27,194,195
27,196,303
27,200,14
28,1,93
28,2,338
28,3,244
28,4,178
28,6,256
28,7,151
28,9,179
28,11,151
28,13,55
28,15,107
28,16,243
28,18,313
28,20,22
28,23,239
28,24,206
28,25,309
28,26,263
28,27,185
28,31,350
28,32,35
28,33,304
28,34,299
28,35,263
28,36,183
28,37,170
28,38,379
28,42,163
28,43,247
28,45,3
28,48,159
28,49,94
28,51,296
28,53,180
28,54,122
28,56,283
28,59,216
28,61,159
28,63,205
28,65,341
28,66,149
28,67,116
28,69,367
28,70,226
28,71,151
28,75,290
28,76,170
28,77,62
28,79,344
28,81,47
28,87,185
28,88,25
28,90,129
28,92,89
28,93,201
28,94,71
28,97,119
28,98,206
28,99,127
28,101,68
28,106,7
28,107,149
28,110,375
28,113,8
28,120,11
28,122,151
28,123,201
28,124,129
28,127,363
28,128,224
28,132,58
28,136,39
28,137,244
28,142,260
28,148,221
28,152,158
28,157,228
28,158,132
28,160,81
28,162,191
28,164,77
28,166,114
28,170,365
28,171,22
28,174,361
28,185,205
28,186,18
28,187,112
28,188,54
28,190,228
28,200,201
29,3,12
29,4,26
29,5,307
29,6,7
29,7,187
29,8,341
29,9,52
29,10,228
29,12,49
29,16,94
29,17,300
29,18,264
29,19,315
29,21,150
29,22,230
29,23,386
29,24,152
29,25,208
29,27,79
29,30,366
29,31,44
29,32,76
29,33,243
29,34,334
29,35,234
29,38,234
29,39,201
29,42,268
29,46,324
29,47,398
29,49,77
29,50,81
29,51,256
29,52,104
29,53,355
29,54,160
29,55,34
29,56,7
29,59,296
29,62,42
29,63,245
29,65,399
29,66,376
29,67,356
29,68,12
29,69,57
29,70,374
29,72,301
29,73,84
29,77,388
29,78,276
29,80,4
29,81,223
29,83,107
29,84,17
29,86,345
29,88,173
29,89,336
29,93,7
29,95,17
29,97,325
29,99,350
29,101,257
29,102,275
29,104,343
29,117,234
29,119,140
29,120,382
29,121,298
29,123,399
29,125,79
29,126,351
29,127,128
29,128,153
29,130,374
29,131,385
29,133,153
29,134,226
29,140,328
29,144,234
29,145,65
29,146,373
29,147,276
29,149,113
29,151,136
29,156,334
29,157,152
29,158,99
29,167,151
29,168,307
29,169,312
29,170,226
29,173,322
29,174,178
29,177,286
29,184,239
29,186,89
29,193,49
29,200,116
30,1,350
30,2,363
30,3,175
30,4,348
30,6,320
30,8,66
30,9,41
30,11,388
30,12,213
30,13,87
30,15,149
30,17,52
30,18,92
30,19,236
30,22,88
30,24,102
30,25,30
30,29,366
30,31,111
30,33,322
30,35,400
30,36,232
30,38,49
30,39,327
30,40,311
30,41,313
30,42,16
30,44,234
30,45,358
30,47,387
30,48,207
30,49,44
30,52,356
30,53,344
30,54,327
30,57,143
30,58,277
30,62,339
30,63,308
30,64,370
30,66,266
30,69,85
30,71,115
30,72,362
30,74,55
30,75,131
30,77,58
30,79,103
30,80,42
30,81,66
30,83,245
30,84,384
30,85,397
30,86,372
30,87,394
30,90,202
30,92,305
30,93,180
30,94,291
30,95,272
30,96,296
30,98,305
30,99,268
30,101,281
30,102,268
30,105,196
30,106,115
30,107,122
30,108,308
30,110,45
30,112,314
30,113,43
30,114,353
30,118,363
30,119,154
30,120,399
30,124,28
30,127,124
30,128,327
30,130,14
30,132,240
30,136,396
30,144,51
30,157,245
30,158,30
30,159,395
30,160,141
30,169,75
30,175,213
30,177,266
30,178,64
30,180,169
30,182,239
30,190,264
30,192,48
30,194,159
30,196,199
30,200,369
31,4,25
31,5,93
31,6,284
31,9,370
31,11,356
31,13,87
31,14,312
31,15,128
31,17,327
31,20,139
31,23,148
31,24,199
31,25,10
31,26,21
31,28,350
31,29,44
31,30,111
31,32,273
31,33,344
31,34,94
31,37,154
31,39,79
31,40,393
31,41,127
31,43,124
31,45,16
31,46,187
31,49,257
31,50,44
31,51,370
31,52,286
31,53,267
31,54,246
31,55,212
31,57,231
31,59,232
31,60,203
31,61,231
31,64,250
31,66,265
31,68,47
31,69,307
31,70,394
31,73,138
31,74,325
31,75,216
31,76,277
31,77,262
31,79,120
31,83,186
31,84,353
31,85,15
31,87,168
31,88,18
31,90,19
31,94,60
31,95,361
31,97,183
31,100,142
31,103,390
31,106,235
31,107,27
31,109,244
31,112,379
31,113,400
31,115,104
31,117,352
31,118,203
31,120,236
31,122,73
31,124,260
31,125,279
31,126,47
31,128,60
31,132,29
31,135,113
31,137,246
31,140,319
31,142,147
31,144,213
31,145,34
31,147,263
31,148,166
31,153,264
31,154,251
31,156,209
31,162,178
31,164,205
31,167,46
31,170,250
31,173,108
31,175,291
31,177,371
31,190,37
31,193,355
32,1,161
32,5,349
32,7,386
32,9,42
32,10,381
32,11,19
32,13,283
32,15,349
32,16,252
32,21,161
32,22,42
32,23,293
32,24,189
32,25,131
32,26,130
32,28,35
32,29,76
32,31,273
32,35,154
32,36,50
32,38,305
32,39,96
32,41,337
32,42,197
32,43,63
32,44,167
32,45,399
32,46,258
32,47,25
32,49,224
32,51,108
32,54,269
32,57,50
32,59,299
32,61,380
32,62,37
32,63,183
32,65,325
32,66,377
32,67,207
32,68,37
32,69,62
32,76,285
32,77,133
32,80,274
32,82,152
32,83,396
32,85,33
32,86,286
32,87,12
32,90,128
32,91,112
32,93,320
32,105,227
32,109,16
32,111,150
32,112,188
32,116,178
32,117,315
32,118,39
32,119,374
32,123,65
32,125,115
32,126,208
32,127,158
32,129,373
32,130,359
32,132,209
32,134,392
32,140,60
32,141,138
32,143,399
32,145,168
32,150,179
32,154,63
32,158,302
32,164,204
32,165,255
32,166,190
32,167,349
32,170,87
32,177,302
32,185,350
32,189,238
32,190,123
32,193,173
32,196,64
33,1,220
33,2,51
33,3,195
33,4,239
33,5,366
33,7,356
33,8,272
33,10,323
33,14,93
33,16,202
33,18,157
33,19,4
33,23,227
33,24,190
33,26,309
33,27,271
33,28,304
33,29,243
33,30,322
33,31,344
33,34,270
33,35,311
33,37,93
33,38,352
33,39,123
33,40,110
33,41,289
33,42,291
33,43,324
33,44,187
33,45,342
33,47,258
33,48,155
33,49,49
33,51,386
33,53,107
33,54,119
33,56,9
33,57,303
33,59,259
33,60,121
33,62,331
33,63,375
33,64,252
33,65,229
33,66,344
33,67,331
33,69,376
33,70,235
33,72,203
33,73,202
33,76,332
33,77,308
33,78,397
33,82,224
33,83,380
33,84,226
33,87,184
33,92,220
33,96,360
33,97,88
33,101,328
33,105,329
33,106,97
33,109,158
33,112,16
33,113,324
33,115,18
33,117,297
33,118,359
33,120,395
33,124,44
33,125,89
33,128,224
33,130,49
33,131,45
33,132,77
33,133,313
33,135,212
33,140,230
33,141,321
33,142,258
33,144,82
33,146,76
33,153,382
33,162,328
33,163,392
33,164,156
33,168,266
33,173,234
33,177,397
33,179,204
33,190,154
33,193,76
33,199,30
34,2,277
34,3,380
34,4,212
34,5,362
34,6,397
34,7,20
34,11,206
34,12,48
34,13,137
34,14,73
34,18,146
34,19,271
34,20,212
34,21,282
34,22,280
34,23,383
34,25,55
34,28,299
34,29,334
34,31,94
34,33,270
34,36,7
34,37,133
34,39,322
34,41,382
34,44,167
34,45,209
34,47,44
34,48,343
34,49,149
34,50,283
34,51,46
34,53,237
34,54,78
34,57,80
34,58,244
34,61,364
34,64,321
34,65,270
34,66,42
34,67,166
34,69,130
34,70,295
34,74,333
34,76,158
34,79,107
34,80,146
34,83,160
34,84,156
34,86,351
34,87,18
34,89,131
34,90,161
34,92,1
34,93,364
34,94,300
34,96,142
34,97,139
34,104,204
34,105,177
34,108,45
34,109,7
34,110,337
34,116,343
34,121,307
34,122,184
34,123,206
34,125,141
34,127,377
34,128,20
34,133,216
34,134,8
34,138,177
34,144,162
34,147,380
34,150,163
34,151,168
34,153,135
34,154,84
34,155,251
34,159,62
34,161,306
34,164,29
34,166,368
34,171,319
34,172,23
34,175,73
34,183,134
34,187,262
34,191,311
34,193,250
34,196,278
34,197,203
34,199,180
35,2,236
35,3,157
35,5,114
35,7,244
35,9,11
35,10,2
35,11,130
35,12,60
35,13,296
35,18,253
35,19,75
35,21,270
35,22,264
35,24,129
35,25,316
35,27,320
35,28,263
35,29,234
35,30,400
35,32,154
35,33,311
35,36,233
35,37,1
35,39,155
35,41,304
35,42,333
35,43,45
35,44,131
35,45,235
35,46,158
35,47,159
35,50,259
35,51,190
35,52,174
35,53,371
35,56,301
35,57,375
35,58,8
35,60,38
35,61,120
35,63,365
35,65,55
35,67,229
35,68,388
35,69,291
35,70,98
35,71,36
35,72,123
35,73,20
35,74,388
35,76,342
35,77,279
35,79,289
35,80,130
35,81,63
35,85,201
35,86,246
35,94,164
35,96,50
35,97,367
35,100,8
35,101,21
35,102,39
35,103,340
35,104,364
35,105,178
35,106,63
35,108,59
35,112,39
35,113,337
35,114,360
35,118,336
35,126,249
35,127,182
35,130,181
35,138,133
35,140,8
35,141,24
35,142,257
35,147,362
35,149,144
35,150,303
35,157,40
35,159,138
35,160,120
35,163,7
35,166,96
35,167,22
35,170,200
35,174,196
35,177,1
35,181,99
35,188,208
35,191,332
35,196,293
35,200,172
36,2,363
36,3,211
36,4,216
36,6,169
36,7,147
36,8,93
36,10,366
36,14,70
36,15,276
36,16,327
36,17,6
36,18,247
36,20,322
36,21,192
36,22,218
36,23,240
36,25,257
36,26,205
36,27,90
36,28,183
36,30,232
36,32,50
36,34,7
36,35,233
36,37,329
36,38,341
36,39,254
36,40,284
36,41,14
36,42,339
36,43,350
36,44,91
36,45,268
36,48,312
36,49,358
36,50,93
36,51,239
36,52,289
36,53,50
36,54,264
36,56,230
36,57,22
36,58,3
36,60,123
36,61,51
36,62,399
36,65,395
36,66,93
36,67,281
36,68,64
36,69,93
36,71,360
36,72,97
36,75,267
36,76,88
36,77,354
36,81,151
36,82,169
36,84,224
36,85,389
36,87,328
36,88,326
36,89,303
36,93,264
36,94,249
36,98,317
36,101,268
36,102,365
36,106,256
36,110,118
36,114,41
36,117,378
36,118,33
36,119,368
36,121,276
36,124,378
36,125,6
36,126,332
36,130,195
36,131,301
36,132,333
36,134,140
36,141,129
36,150,112
36,152,218
36,154,89
36,155,172
36,157,42
36,158,79
36,160,231
36,162,111
36,169,363
36,171,155
36,172,360
36,174,93
36,176,142
36,178,179
36,179,294
36,184,281
36,187,283
36,196,143
37,1,38
37,2,311
37,5,160
37,6,111
37,8,162
37,12,188
37,13,264
37,14,379
37,16,44
37,18,302
37,23,79
37,24,61
37,25,380
37,26,79
37,27,8
37,28,170
37,31,154
37,33,93
37,34,133
37,35,1
37,36,329
37,38,123
37,43,372
37,45,235
37,47,203
37,48,270
37,49,164
37,51,298
37,52,83
37,53,273
37,55,205
37,59,249
37,63,166
37,64,253
37,67,93
37,68,229
37,69,93
37,71,367
37,72,310
37,73,325
37,75,2
37,76,147
37,77,363
37,78,107
37,80,186
37,83,200
37,87,269
37,88,122
37,90,351
37,92,96
37,93,353
37,96,383
37,98,281
37,100,272
37,108,11
37,112,160
37,113,295
37,115,252
37,116,233
37,118,241
37,119,43
37,120,35
37,121,268
37,122,117
37,123,226
37,125,32
37,130,384
37,131,346
37,135,56
37,136,124
37,138,341
37,142,127
37,145,206
37,148,259
37,149,170
37,155,25
37,157,376
37,160,8
37,161,147
37,164,99
37,166,182
37,167,118
37,170,4
37,175,194
37,179,364
37,180,285
37,181,245
37,186,25
37,197,161
38,2,65
38,3,35
38,4,86
38,6,240
38,13,101
38,14,139
38,17,93
38,21,335
38,23,71
38,24,202
38,25,78
38,26,15
38,28,379
38,29,234
38,30,49
38,32,305
38,33,352
38,36,341
38,37,123
38,39,259
38,40,238
38,41,90
38,42,254
38,43,364
38,44,369
38,45,37
38,47,395
38,51,94
38,52,258
38,53,328
38,54,1
38,55,179
38,56,101
38,58,318
38,60,103
38,61,229
38,62,324
38,63,77
38,65,135
38,66,334
38,67,356
38,68,212
38,69,260
38,71,391
38,73,246
38,78,364
38,79,292
38,80,223
38,82,67
38,83,384
38,84,277
38,85,350
38,86,319
38,89,349
38,93,378
38,94,67
38,95,123
38,98,200
38,99,17
38,100,351
38,104,355
38,108,134
38,109,132
38,111,332
38,115,155
38,116,68
38,118,57
38,119,236
38,121,131
38,124,12
38,125,278
38,127,17
38,131,239
38,132,221
38,135,383
38,138,341
38,139,356
38,142,214
38,143,225
38,144,390
38,147,275
38,151,108
38,152,127
38,154,7
38,155,260
38,156,227
38,157,209
38,166,207
38,167,283
38,173,47
38,179,174
38,181,145
38,182,14
38,184,178
38,185,247
38,186,148
38,187,84
38,189,148
38,193,264
38,195,267
38,196,339
39,3,146
39,4,76
39,5,79
39,7,184
39,8,343
39,11,110
39,12,302
39,13,169
39,15,247
39,18,321
39,20,202
39,22,118
39,23,222
39,24,144
39,26,271
39,27,84
39,29,201
39,30,327
39,31,79
39,32,96
39,33,123
39,34,322
39,35,155
39,36,254
39,38,259
39,40,391
39,41,368
39,44,52
39,46,22
39,47,225
39,54,287
39,57,7
39,60,224
39,61,105
39,62,272
39,63,84
39,64,211
39,65,327
39,68,189
39,69,372
39,70,20
39,72,312
39,73,12
39,74,348
39,75,22
39,76,241
39,77,75
39,78,174
39,79,215
39,80,135
39,83,193
39,84,133
39,87,33
39,89,155
39,90,196
39,91,276
39,92,33
39,93,311
39,94,250
39,96,242
39,97,126
39,103,303
39,104,77
39,106,222
39,107,306
39,108,382
39,111,234
39,113,58
39,114,34
39,118,329
39,119,390
39,121,144
39,125,269
39,128,30
39,131,160
39,132,77
39,146,139
39,147,25
39,152,76
39,157,235
39,159,158
39,163,354
39,166,101
39,167,383
39,169,161
39,172,378
39,173,161
39,174,398
39,183,39
39,184,231
39,188,40
39,191,372
39,193,379
39,198,318
39,200,237
40,1,195
40,2,396
40,4,285
40,5,252
40,7,282
40,8,139
40,9,114
40,11,163
40,12,295
40,13,306
40,14,68
40,15,102
40,16,269
40,17,384
40,19,239
40,20,350
40,21,193
40,22,160
40,23,300
40,26,190
40,27,67
40,30,311
40,31,393
40,33,110
40,36,284
40,38,238
40,39,391
40,41,121
40,42,390
40,45,26
40,46,351
40,47,276
40,48,387
40,50,213
40,51,129
40,52,200
40,53,223
40,54,188
40,56,238
40,57,353
40,58,255
40,59,95
40,60,366
40,61,231
40,62,99
40,63,55
40,64,145
40,65,76
40,66,353
40,67,178
40,71,24
40,72,360
40,73,25
40,74,207
40,75,211
40,76,58
40,77,270
40,79,11
40,80,271
40,83,244
40,86,188
40,87,129
40,89,181
40,90,146
40,91,129
40,92,254
40,93,313
40,95,178
40,97,301
40,98,239
40,99,67
40,100,25
40,102,157
40,103,246
40,106,392
40,107,233
40,108,51
40,111,326
40,112,190
40,113,202
40,114,329
40,115,289
40,118,90
40,120,114
40,122,108
40,123,51
40,125,207
40,126,282
40,127,384
40,129,111
40,135,197
40,136,307
40,138,154
40,139,328
40,143,112
40,145,337
40,147,317
40,150,336
40,153,287
40,157,213
40,161,84
40,162,142
40,166,68
40,167,329
40,173,304
40,175,335
40,176,204
40,182,140
40,190,178
40,193,177
40,196,57
40,197,18
41,1,140
41,2,168
41,7,145
41,8,226
41,9,271
41,10,75
41,11,71
41,15,380
41,16,357
41,17,55
41,18,119
41,19,245
41,20,389
41,23,350
41,24,311
41,25,110
41,26,44
41,27,265
41,30,313
41,31,127
41,32,337
41,33,289
41,34,382
41,35,304
41,36,14
41,38,90
41,39,368
41,40,121
41,42,362
41,47,120
41,51,54
41,52,249
41,55,3
41,57,309
41,58,234
41,59,243
41,60,112
41,61,365
41,66,45
41,69,112
41,70,112
41,71,114
41,72,334
41,73,333
41,74,3
41,75,253
41,76,174
41,79,291
41,80,319
41,81,319
41,82,29
41,83,168
41,84,127
41,89,388
41,91,396
41,93,354
41,94,326
41,95,248
41,96,151
41,97,115
41,99,284
41,100,294
41,102,391
41,103,197
41,105,149
41,106,206
41,107,89
41,108,50
41,109,47
41,111,330
41,113,40
41,116,330
41,118,161
41,119,90
41,120,175
41,121,279
41,123,205
41,124,165
41,126,183
41,128,189
41,130,200
41,133,189
41,141,385
41,144,354
41,145,191
41,150,134
41,151,85
41,153,199
41,154,33
41,158,243
41,160,265
41,161,293
41,162,76
41,164,60
41,166,208
41,173,197
41,176,111
41,177,347
41,179,141
41,185,301
41,186,219
41,191,398
42,1,25
42,2,38
42,9,262
42,10,281
42,12,232
42,14,317
42,15,328
42,16,223
42,17,90
42,19,348
42,20,217
42,22,200
42,25,274
42,26,392
42,27,219
42,28,163
42,29,268
42,30,16
42,32,197
42,33,291
42,35,333
42,36,339
42,38,254
42,40,390
42,41,362
42,43,157
42,44,210
42,46,122
42,47,15
42,49,22
42,51,384
42,53,16
42,55,176
42,56,296
42,57,353
42,58,321
42,59,150
42,60,185
42,61,320
42,64,315
42,65,164
42,66,350
42,67,58
42,69,214
42,70,140
42,71,336
42,72,400
42,74,136
42,77,375
42,78,360
42,79,313
42,82,39
42,84,56
42,85,378
42,86,23
42,87,202
42,89,340
42,90,343
42,95,172
42,99,211
42,100,341
42,105,184
42,107,4
42,109,269
42,110,137
42,112,253
42,117,102
42,119,86
42,123,213
42,124,321
42,125,269
42,126,52
42,132,282
42,133,63
42,137,199
42,138,325
42,141,160
42,143,366
42,144,192
42,145,202
42,146,326
42,148,176
42,151,31
42,154,142
42,157,112
42,165,170
42,167,93
42,172,325
42,173,108
42,180,396
42,189,174
42,191,96
42,193,80
42,200,56
43,2,236
43,3,359
43,5,129
43,7,380
43,8,297
43,10,31
43,13,284
43,14,288
43,15,87
43,17,253
43,19,267
43,23,239
43,24,49
43,26,322
43,27,199
43,28,247
43,31,124
43,32,63
43,33,324
