source,target,weight
1,2,96
1,3,98
1,4,238
1,5,317
1,7,143
1,9,265
1,10,365
1,12,20
1,13,294
1,14,354
1,15,73
1,16,6
1,19,260
1,20,387
1,23,195
1,24,90
1,26,311
1,30,85
1,32,99
1,33,230
1,35,227
1,38,264
1,39,236
1,40,178
1,41,213
1,42,98
1,45,194
1,46,101
1,47,151
1,50,48
1,55,190
1,56,281
1,57,22
1,58,161
1,62,253
1,67,115
1,71,324
1,78,179
1,79,338
1,80,310
1,83,68
1,84,351
1,85,45
1,86,287
1,93,36
1,95,23
1,97,178
1,108,258
1,109,89
1,113,45
1,119,372
1,121,335
1,122,395
1,131,153
1,135,119
1,140,132
1,143,7
1,146,306
1,152,116
1,153,339
1,156,286
1,165,264
1,167,295
1,173,240
1,185,66
1,186,92
1,189,33
1,198,43
2,1,96
2,3,170
2,4,225
2,5,211
2,6,39
2,7,34
2,9,221
2,10,380
2,12,144
2,15,161
2,16,240
2,18,112
2,19,161
2,20,128
2,21,241
2,22,194
2,23,382
2,24,384
2,25,384
2,26,381
2,27,335
2,28,14
2,29,25
2,30,234
2,31,1
2,33,192
2,35,160
2,36,303
2,38,378
2,39,34
2,43,397
2,44,105
2,45,84
2,48,217
2,49,145
2,52,10
2,56,375
2,59,397
2,60,400
2,65,351
2,66,288
2,67,83
2,68,253
2,71,261
2,75,75
2,77,148
2,81,372
2,83,277
2,89,399
2,90,337
2,93,73
2,99,397
2,100,138
2,101,239
2,107,55
2,115,315
2,119,276
2,124,221
2,127,240
2,141,88
2,142,217
2,143,280
2,145,262
2,148,392
2,153,107
2,154,184
2,157,45
2,158,310
2,160,13
2,161,385
2,162,353
2,169,18
2,192,219
2,194,152
2,197,367
3,1,98
3,2,170
3,4,375
3,5,45
3,7,119
3,8,32
3,9,47
3,11,151
3,13,32
3,14,311
3,15,353
3,16,28
3,19,51
3,22,280
3,24,226
3,25,198
3,27,189
3,29,213
3,30,63
3,31,59
3,32,135
3,35,155
3,36,20
3,38,290
3,40,316
3,41,104
3,44,333
3,48,56
3,51,142
3,52,286
3,53,323
3,57,89
3,58,90
3,59,107
3,66,181
3,70,214
3,72,224
3,73,255
3,74,105
3,76,251
3,78,225
3,80,74
3,84,266
3,86,318
3,90,107
3,95,116
3,98,144
3,99,382
3,109,25
3,114,323
3,122,271
3,124,303
3,126,233
3,127,2
3,128,192
3,135,239
3,137,344
3,141,89
3,143,20
3,148,389
3,151,333
3,168,354
3,176,315
3,180,249
3,186,102
3,198,292
4,1,238
4,2,225
4,3,375
4,6,204
4,8,200
4,9,158
4,10,179
4,11,343
4,12,143
4,13,23
4,15,176
4,17,106
4,19,12
4,20,116
4,22,274
4,24,25
4,25,116
4,26,170
4,28,164
4,29,106
4,32,314
4,33,236
4,35,222
4,36,209
4,37,307
4,38,153
4,41,379
4,42,267
4,43,330
4,44,232
4,45,171
4,47,62
4,48,43
4,52,140
4,57,186
4,58,35
4,62,179
4,63,16
4,64,98
4,65,182
4,67,25
4,72,99
4,74,140
4,76,400
4,78,161
4,86,387
4,93,333
4,102,115
4,108,26
4,112,326
4,114,209
4,115,128
4,116,268
4,119,300
4,123,155
4,124,10
4,128,186
4,132,356
4,135,5
4,137,286
4,138,353
4,139,8
4,142,170
4,150,382
4,152,12
4,153,390
4,159,124
4,163,140
4,165,135
4,183,232
4,188,387
5,1,317
5,2,211
5,3,45
5,7,357
5,8,358
5,9,213
5,10,75
5,11,176
5,12,332
5,13,314
5,14,248
5,19,216
5,20,102
5,22,241
5,23,205
5,24,241
5,25,97
5,28,145
5,29,71
5,30,313
5,31,153
5,32,293
5,33,382
5,34,316
5,36,63
5,37,86
5,38,57
5,39,388
5,42,150
5,44,311
5,49,91
5,51,21
5,52,37
5,53,362
5,54,301
5,55,131
5,58,295
5,62,55
5,64,358
5,65,400
5,70,136
5,74,3
5,78,257
5,80,62
5,82,100
5,83,332
5,84,143
5,85,399
5,86,386
5,91,249
5,92,48
5,93,388
5,94,197
5,102,375
5,105,228
5,108,10
5,120,85
5,123,162
5,127,307
5,128,236
5,129,223
5,134,223
5,135,197
5,142,87
5,148,9
5,155,390
5,162,155
5,167,71
5,188,356
5,189,273
5,195,246
5,197,43
5,199,224
6,2,39
6,4,204
6,8,200
6,10,134
6,13,35
6,15,157
6,16,390
6,17,369
6,19,168
6,20,190
6,22,104
6,26,43
6,27,116
6,28,287
6,29,85
6,32,219
6,33,181
6,34,161
6,35,228
6,36,179
6,39,122
6,42,94
6,47,329
6,48,233
6,51,62
6,52,99
6,53,50
6,61,27
6,62,386
6,64,23
6,67,159
6,69,164
6,70,98
6,74,301
6,75,384
6,77,128
6,78,379
6,80,306
6,81,380
6,89,207
6,90,366
6,91,2
6,94,218
6,96,106
6,103,240
6,106,92
6,110,228
6,114,280
6,121,275
6,122,95
6,130,288
6,131,367
6,136,378
6,138,216
6,140,348
6,141,349
6,144,200
6,161,18
6,169,219
6,170,347
6,174,104
6,181,362
6,185,19
6,189,167
6,195,140
7,1,143
7,2,34
7,3,119
7,5,357
7,8,137
7,11,378
7,14,398
7,15,201
7,17,224
7,20,134
7,21,177
7,22,310
7,24,29
7,25,108
7,26,378
7,27,134
7,28,202
7,29,72
7,30,16
7,34,272
7,38,106
7,39,123
7,42,47
7,46,214
7,47,340
7,49,117
7,50,77
7,51,15
7,52,252
7,55,264
7,56,262
7,57,36
7,58,113
7,59,222
7,60,167
7,63,386
7,69,150
7,71,273
7,75,102
7,76,312
7,81,386
7,83,17
7,90,141
7,92,311
7,94,258
7,102,388
7,105,150
7,106,209
7,109,100
7,113,377
7,114,101
7,118,48
7,125,39
7,129,242
7,135,334
7,136,50
7,137,187
7,138,204
7,139,263
7,143,198
7,144,53
7,148,142
7,149,2
7,155,324
7,162,198
7,166,328
7,167,192
7,168,34
7,169,147
7,172,344
7,184,228
7,186,312
8,3,32
8,4,200
8,5,358
8,6,200
8,7,137
8,10,242
8,11,271
8,12,242
8,13,71
8,14,288
8,15,396
8,17,279
8,19,21
8,21,134
8,22,42
8,25,191
8,26,145
8,28,355
8,30,23
8,31,265
8,32,126
8,33,195
8,34,379
8,37,134
8,38,378
8,39,331
8,40,232
8,42,299
8,44,278
8,47,236
8,51,20
8,54,242
8,56,135
8,57,86
8,58,358
8,59,181
8,62,122
8,65,396
8,69,322
8,79,195
8,81,202
8,82,127
8,83,39
8,84,190
8,92,157
8,94,275
8,98,340
8,107,325
8,108,182
8,114,278
8,128,190
8,140,27
8,159,142
8,160,141
8,163,11
8,171,33
8,173,3
8,199,223
9,1,265
9,2,221
9,3,47
9,4,158
9,5,213
9,12,126
9,13,162
9,15,170
9,16,170
9,19,76
9,20,205
9,21,375
9,22,35
9,23,206
9,26,47
9,27,67
9,29,334
9,30,317
9,32,69
9,33,330
9,34,157
9,35,192
9,37,293
9,38,165
9,40,268
9,45,323
9,47,233
9,48,328
9,50,71
9,51,276
9,52,219
9,55,220
9,57,318
9,61,180
9,62,181
9,64,260
9,67,90
9,68,187
9,70,88
9,73,338
9,75,212
9,76,41
9,80,133
9,81,236
9,82,186
9,86,94
9,88,179
9,93,213
9,99,337
9,107,162
9,111,81
9,117,189
9,119,99
9,131,132
9,136,241
9,141,54
9,143,228
9,145,92
9,148,163
9,149,284
9,154,30
9,162,15
9,171,177
9,174,180
9,176,365
9,190,229
9,192,2
9,195,396
9,196,353
9,200,370
10,1,365
10,2,380
10,4,179
10,5,75
10,6,134
10,8,242
10,11,140
10,13,51
10,14,260
10,16,133
10,17,56
10,18,274
10,19,145
10,20,250
10,21,205
10,23,120
10,24,2
10,26,314
10,27,321
10,28,333
10,30,366
10,31,8
10,32,149
10,33,314
10,34,368
10,35,166
10,36,120
10,37,291
10,40,174
10,41,146
10,42,47
10,44,356
10,45,9
10,46,255
10,47,195
10,49,374
10,50,97
10,56,110
10,57,176
10,61,43
10,63,111
10,66,118
10,69,15
10,70,398
10,71,366
10,76,248
10,77,178
10,78,259
10,80,201
10,84,66
10,86,111
10,87,79
10,91,272
10,93,170
10,94,328
10,95,10
10,104,265
10,109,188
10,115,245
10,120,280
10,122,9
10,124,104
10,125,60
10,126,32
10,127,221
10,135,369
10,148,289
10,154,21
10,155,310
10,158,146
10,166,5
10,176,371
10,183,183
10,189,46
10,196,50
10,197,133
11,3,151
11,4,343
11,5,176
11,7,378
11,8,271
11,10,140
11,13,87
11,14,101
11,15,68
11,16,195
11,17,193
11,18,364
11,19,152
11,20,384
11,21,344
11,22,224
11,23,303
11,24,187
11,25,214
11,27,133
11,30,302
11,31,141
11,34,111
11,36,104
11,39,240
11,41,339
11,44,68
11,45,169
11,46,339
11,49,8
11,51,399
11,52,77
11,53,19
11,55,232
11,59,352
11,60,277
11,61,376
11,65,174
11,74,292
11,75,377
11,85,104
11,93,51
11,95,186
11,106,398
11,126,229
11,132,259
11,143,359
11,146,136
11,147,239
11,148,36
11,149,141
11,166,145
11,172,3
11,174,243
11,186,11
11,190,14
12,1,20
12,2,144
12,4,143
12,5,332
12,8,242
12,9,126
12,14,301
12,15,78
12,17,387
12,18,349
12,19,200
12,23,279
12,24,28
12,26,305
12,27,165
12,29,122
12,33,129
12,35,173
12,37,359
12,38,25
12,39,321
12,40,322
12,42,175
12,43,149
12,44,382
12,45,325
12,46,91
12,47,82
12,50,88
12,51,295
12,53,375
12,56,374
12,59,318
12,60,342
12,62,201
12,63,81
12,71,186
12,73,298
12,74,10
12,75,109
12,78,363
12,84,330
12,85,79
12,87,73
12,89,85
12,90,233
12,91,236
12,93,55
12,99,297
12,107,322
12,112,219
12,116,39
12,117,5
12,128,337
12,132,167
12,137,80
12,144,377
12,147,126
12,151,70
12,152,389
12,153,115
12,163,76
12,164,38
12,168,328
12,170,269
12,180,323
12,184,340
12,194,155
12,200,268
13,1,294
13,3,32
13,4,23
13,5,314
13,6,35
13,8,71
13,9,162
13,10,51
13,11,87
13,15,182
13,16,30
13,17,32
13,18,332
13,19,387
13,22,285
13,23,388
13,27,151
13,29,9
13,31,198
13,32,161
13,33,205
13,34,33
13,35,4
13,36,283
13,37,36
13,40,294
13,42,168
13,44,291
13,46,97
13,50,168
13,52,251
13,54,116
13,55,39
13,56,18
13,57,119
13,58,89
13,59,134
13,60,387
13,63,126
13,65,120
13,67,217
13,68,131
13,70,89
13,74,92
13,76,33
13,77,20
13,84,43
13,89,117
13,92,17
13,96,355
13,98,129
13,101,116
13,103,220
13,104,250
13,108,385
13,118,135
13,121,295
13,128,165
13,129,333
13,135,343
13,139,122
13,145,320
13,146,111
13,158,317
13,165,361
13,166,399
13,179,135
13,180,160
13,181,20
13,185,86
13,187,272
13,193,154
13,199,96
14,1,354
14,3,311
14,5,248
14,7,398
14,8,288
14,10,260
14,11,101
14,12,301
14,15,255
14,17,130
14,18,141
14,20,193
14,22,265
14,24,312
14,25,219
14,27,138
14,29,126
14,31,116
14,32,261
14,33,364
14,37,176
14,38,248
14,39,154
14,40,337
14,41,368
14,44,24
14,45,385
14,47,302
14,49,149
14,50,186
14,55,59
14,57,395
14,58,131
14,61,134
14,65,150
14,66,51
14,67,151
14,68,218
14,69,184
14,71,15
14,74,17
14,75,25
14,77,382
14,78,171
14,80,36
14,81,349
14,82,302
14,84,62
14,85,383
14,86,182
14,88,243
14,98,279
14,100,170
14,101,298
14,103,351
14,113,167
14,115,285
14,116,133
14,119,322
14,123,321
14,126,247
14,137,246
14,142,218
14,154,10
14,156,356
14,177,43
14,185,291
14,190,225
14,191,132
14,192,311
14,194,106
14,196,249
14,197,379
14,199,380
15,1,73
15,2,161
15,3,353
15,4,176
15,6,157
15,7,201
15,8,396
15,9,170
15,11,68
15,12,78
15,13,182
15,14,255
15,16,324
15,17,358
15,18,166
15,20,163
15,21,104
15,22,313
15,23,10
15,25,329
15,26,242
15,27,42
15,28,313
15,30,156
15,31,310
15,36,281
15,42,315
15,43,2
15,45,399
15,47,130
15,48,170
15,54,29
15,56,82
15,58,89
15,59,384
15,60,189
15,61,74
15,63,298
15,64,78
15,66,90
15,67,28
15,71,60
15,73,164
15,74,280
15,76,217
15,77,224
15,80,178
15,82,366
15,83,213
15,85,382
15,88,222
15,89,150
15,96,83
15,98,269
15,102,364
15,105,304
15,111,283
15,112,172
15,122,246
15,128,24
15,133,363
15,134,14
15,135,41
15,136,363
15,138,100
15,141,165
15,144,22
15,145,383
15,147,143
15,150,298
15,162,381
15,164,213
15,167,44
15,181,187
15,190,179
15,196,217
16,1,6
16,2,240
16,3,28
16,6,390
16,9,170
16,10,133
16,11,195
16,13,30
16,15,324
16,18,400
16,26,150
16,27,356
16,28,358
16,30,123
16,31,47
16,34,81
16,35,28
16,36,286
16,38,338
16,39,290
16,40,328
16,43,119
16,44,34
16,45,261
16,46,3
16,49,209
16,56,316
16,57,296
16,60,361
16,63,97
16,69,6
16,72,49
16,73,183
16,75,276
16,82,394
16,84,339
16,85,367
16,87,363
16,88,25
16,91,282
16,94,130
16,98,81
16,102,171
16,118,338
16,122,114
16,128,201
16,133,400
16,139,253
16,140,88
16,161,6
16,166,80
16,167,316
16,175,274
16,185,255
16,188,285
17,4,106
17,6,369
17,7,224
17,8,279
17,10,56
17,11,193
17,12,387
17,13,32
17,14,130
17,15,358
17,18,208
17,20,180
17,21,381
17,24,170
17,25,175
17,28,361
17,29,215
17,32,384
17,33,191
17,34,67
17,36,334
17,37,130
17,38,189
17,39,393
17,40,341
17,42,216
17,43,96
17,45,294
17,47,102
17,48,379
17,49,249
17,51,311
17,54,285
17,55,125
17,56,339
17,58,153
17,59,285
17,60,324
17,62,177
17,64,161
17,77,193
17,78,166
17,82,361
17,87,281
17,90,287
17,91,169
17,92,55
17,93,164
17,100,149
17,103,258
17,116,245
17,122,103
17,126,235
17,128,55
17,130,336
17,146,216
17,151,105
17,155,193
17,159,191
17,166,396
17,170,15
17,173,321
17,175,274
17,193,341
17,197,63
17,198,217
17,200,371
18,2,112
18,10,274
18,11,364
18,12,349
18,13,332
18,14,141
18,15,166
18,16,400
18,17,208
18,20,233
18,21,24
18,22,324
18,23,243
18,24,222
18,25,12
18,26,189
18,27,323
18,28,302
18,29,41
18,30,383
18,31,246
18,35,134
18,36,358
18,37,308
18,39,278
18,40,72
18,43,337
18,44,25
18,50,230
18,56,317
18,57,284
18,60,321
18,62,328
18,70,393
18,73,394
18,74,19
18,76,164
18,77,152
18,79,155
18,81,151
18,82,128
18,83,386
18,84,16
18,91,334
18,92,181
18,99,102
18,102,58
18,106,264
18,107,217
18,108,176
18,109,59
18,114,332
18,120,370
18,121,20
18,123,297
18,124,128
18,133,35
18,134,218
18,136,380
18,139,375
18,142,173
18,145,140
18,149,84
18,150,224
18,155,143
18,160,139
18,170,161
18,171,93
18,175,211
18,176,104
18,189,152
18,190,72
18,197,1
18,199,93
19,1,260
19,2,161
19,3,51
19,4,12
19,5,216
19,6,168
19,8,21
19,9,76
19,10,145
19,11,152
19,12,200
19,13,387
19,21,397
19,22,385
19,24,42
19,27,127
19,30,45
19,31,307
19,32,123
19,33,397
19,34,397
19,35,56
19,38,77
19,39,32
19,40,397
19,41,346
19,47,202
19,53,242
19,58,329
19,59,337
19,60,389
19,62,238
19,65,91
19,67,128
19,68,317
19,69,359
19,76,176
19,82,299
19,83,279
19,85,312
19,86,203
19,100,343
19,103,184
19,104,347
19,105,208
19,110,260
19,111,391
19,114,297
19,125,297
19,126,200
19,128,39
19,133,284
19,141,156
19,146,261
19,148,291
19,151,288
19,155,367
19,157,243
19,159,212
19,163,105
19,165,63
19,169,207
19,171,303
19,172,139
19,174,98
19,179,286
20,1,387
20,2,128
20,4,116
20,5,102
20,6,190
20,7,134
20,9,205
20,10,250
20,11,384
20,14,193
20,15,163
20,17,180
20,18,233
20,24,180
20,26,119
20,27,119
20,28,140
20,29,280
20,32,285
20,33,120
20,34,207
20,37,265
20,39,315
20,41,4
20,42,46
20,43,213
20,44,14
20,45,271
20,46,74
20,48,367
20,49,114
20,51,47
20,55,385
20,59,187
20,61,33
20,62,78
20,63,321
20,64,92
20,66,263
20,70,322
20,73,263
20,74,386
20,82,210
20,85,311
20,88,372
20,89,35
20,90,358
20,91,148
20,112,25
20,115,303
20,120,227
20,124,4
20,128,56
20,141,317
20,150,300
20,151,218
20,157,11
20,167,192
20,168,108
20,171,96
20,175,109
20,181,133
20,188,369
20,192,176
20,200,358
21,2,241
21,7,177
21,8,134
21,9,375
21,10,205
21,11,344
21,15,104
21,17,381
21,18,24
21,19,397
21,23,300
21,24,35
21,25,38
21,26,164
21,27,294
21,28,279
21,29,141
21,31,82
21,32,99
21,34,326
21,35,308
21,36,36
21,37,250
21,40,342
21,41,308
21,42,68
21,45,391
21,46,310
21,51,137
21,52,308
21,55,188
21,56,238
21,57,93
21,59,370
21,60,227
21,64,175
21,71,148
21,72,248
21,75,45
21,80,387
21,82,290
21,86,260
21,94,317
21,97,105
21,99,118
21,100,62
21,104,355
21,106,256
21,108,117
21,109,225
21,112,77
21,119,63
21,120,365
21,127,65
21,128,211
21,129,358
21,137,396
21,140,265
21,142,211
21,145,309
21,146,54
21,147,359
21,155,355
21,157,70
21,160,130
21,168,114
21,172,311
21,176,68
21,183,18
21,192,147
21,195,314
21,197,57
22,2,194
22,3,280
22,4,274
22,5,241
22,6,104
22,7,310
22,8,42
22,9,35
22,11,224
22,13,285
22,14,265
22,15,313
22,18,324
22,19,385
22,25,176
22,27,280
22,28,302
22,31,133
22,32,232
22,33,381
22,34,319
22,35,393
22,36,80
22,38,54
22,39,342
22,40,44
22,43,38
22,44,16
22,45,248
22,46,215
22,47,196
22,50,286
22,55,396
22,57,132
22,58,166
22,63,150
22,64,5
22,65,156
22,67,316
22,68,62
22,70,213
22,72,398
22,74,67
22,76,354
22,77,340
22,78,363
22,85,227
22,86,336
22,87,215
22,91,398
22,97,230
22,100,72
22,103,349
22,105,68
22,106,67
22,113,34
22,127,213
22,131,55
22,137,52
22,140,292
22,148,295
22,157,260
22,160,363
22,161,238
22,170,267
22,184,372
22,191,211
22,192,44
23,1,195
23,2,382
23,5,205
23,9,206
23,10,120
23,11,303
23,12,279
23,13,388
23,15,10
23,18,243
23,21,300
23,25,269
23,26,245
23,27,161
23,28,101
23,29,27
23,30,20
23,31,103
23,33,242
23,34,19
23,35,16
23,37,9
23,41,326
23,46,367
23,47,388
23,52,362
23,54,261
23,56,232
23,57,292
23,59,237
23,61,162
23,62,362
23,64,52
23,68,143
23,70,240
23,71,154
23,74,79
23,77,205
23,79,91
23,80,254
23,83,1
23,85,247
23,88,124
23,91,257
23,96,148
23,97,353
23,105,99
23,114,312
23,117,136
23,125,379
23,127,114
23,130,89
23,137,98
23,146,274
23,159,46
23,160,69
23,161,38
23,163,27
23,189,395
23,194,148
23,199,226
24,1,90
24,2,384
24,3,226
24,4,25
24,5,241
24,7,29
24,10,2
24,11,187
24,12,28
24,14,312
24,17,170
24,18,222
24,19,42
24,20,180
24,21,35
24,25,258
24,26,102
24,27,322
24,28,236
24,29,315
24,30,399
24,31,107
24,33,261
24,34,172
24,36,15
24,37,353
24,38,160
24,41,328
24,45,293
24,46,28
24,49,303
24,50,203
24,55,316
24,56,184
24,62,87
24,63,15
24,71,165
24,73,358
24,74,57
24,79,111
24,81,35
24,87,200
24,95,279
24,103,145
24,104,142
24,106,195
24,107,200
24,108,147
24,109,373
24,111,45
24,114,190
24,117,92
24,118,64
24,119,155
24,123,341
24,132,118
24,138,168
24,153,245
24,154,265
24,165,384
24,172,142
24,179,335
24,195,216
24,198,227
25,2,384
25,3,198
25,4,116
25,5,97
25,7,108
25,8,191
25,11,214
25,14,219
25,15,329
25,17,175
25,18,12
25,21,38
25,22,176
25,23,269
25,24,258
25,26,206
25,27,300
25,28,353
25,31,150
25,32,315
25,33,214
25,34,347
25,35,360
25,39,359
25,40,297
25,41,202
25,43,19
25,47,287
25,48,368
25,49,356
25,51,293
25,52,386
25,54,103
25,56,318
25,58,239
25,60,365
25,61,360
25,63,326
25,64,122
25,68,298
25,69,193
25,73,327
25,76,332
25,78,139
25,99,173
25,107,237
25,114,163
25,120,314
25,122,58
25,127,219
25,133,48
25,136,279
25,138,206
25,153,320
25,159,38
25,162,251
25,167,55
25,178,65
25,193,146
25,196,253
25,197,70
26,1,311
26,2,381
26,4,170
26,6,43
26,7,378
26,8,145
26,9,47
26,10,314
26,12,305
26,15,242
26,16,150
26,18,189
26,20,119
26,21,164
26,23,245
26,24,102
26,25,206
26,27,36
26,30,65
26,35,175
26,38,171
26,39,83
26,42,288
26,43,95
26,45,354
26,48,354
26,49,368
26,50,272
26,51,103
26,53,315
26,54,60
26,58,370
26,59,386
26,60,43
26,61,128
26,62,153
26,63,158
26,65,294
26,67,98
26,68,225
26,71,316
26,73,232
26,79,161
26,83,163
26,90,313
26,96,124
26,97,156
26,100,177
26,110,160
26,115,359
26,120,318
26,125,376
26,134,168
26,140,398
26,144,252
26,149,376
26,154,119
26,172,393
26,183,297
26,187,290
26,193,17
26,198,301
27,2,335
27,3,189
27,6,116
27,7,134
27,9,67
27,10,321
27,11,133
27,12,165
27,13,151
27,14,138
27,15,42
27,16,356
27,18,323
27,19,127
27,20,119
27,21,294
27,22,280
27,23,161
27,24,322
27,25,300
27,26,36
27,29,175
27,30,37
27,32,214
27,33,216
27,34,111
27,36,21
27,37,180
27,38,138
27,41,143
27,42,352
27,45,217
27,46,374
27,47,351
27,48,267
27,50,161
27,52,180
27,53,383
27,56,318
27,57,174
27,58,397
27,60,57
27,61,296
27,63,196
27,64,245
27,66,273
27,67,212
27,74,10
27,76,237
27,78,21
27,79,335
27,89,62
27,92,274
27,100,76
27,102,103
27,104,320
27,106,20
27,107,87
27,109,62
27,115,340
27,126,274
27,139,223
27,140,149
27,150,248
27,160,231
27,162,37
27,163,231
27,164,163
27,187,340
27,191,103
27,195,347
28,2,14
28,4,164
28,5,145
28,6,287
28,7,202
28,8,355
28,10,333
28,15,313
28,16,358
28,17,361
28,18,302
28,20,140
28,21,279
28,22,302
28,23,101
28,24,236
28,25,353
28,29,178
28,30,251
28,31,82
28,32,75
28,33,330
28,34,219
28,37,397
28,38,117
28,41,362
28,45,91
28,47,239
28,48,279
28,53,216
28,60,238
28,61,278
28,63,381
28,64,332
28,65,200
28,68,78
28,69,253
28,70,23
28,76,378
28,79,132
28,81,85
28,83,34
28,84,343
28,86,396
28,87,258
28,89,124
28,96,101
28,99,257
28,101,307
28,107,56
28,110,118
28,114,44
28,116,242
28,118,183
28,119,58
28,121,104
28,125,100
28,130,277
28,131,88
28,146,343
28,149,395
28,161,262
28,163,371
28,164,91
28,167,216
28,173,213
28,175,288
28,176,311
28,177,100
28,180,347
28,184,141
28,199,46
29,2,25
29,3,213
29,4,106
29,5,71
29,6,85
29,7,72
29,9,334
29,12,122
29,13,9
29,14,126
29,17,215
29,18,41
29,20,280
29,21,141
29,23,27
29,24,315
29,27,175
29,28,178
29,30,266
29,32,111
29,33,134
29,35,367
29,39,92
29,40,202
29,41,380
29,44,93
29,45,107
29,48,376
29,49,282
29,51,332
29,52,157
29,53,46
29,54,365
29,57,178
29,58,99
29,59,283
29,60,254
29,64,266
29,67,146
29,74,89
29,75,40
29,78,370
29,86,67
29,87,4
29,88,129
29,90,347
29,94,225
29,98,390
29,109,328
29,110,166
29,116,77
29,118,49
29,121,287
29,125,35
29,131,196
29,132,233
29,134,19
29,140,258
29,141,184
29,149,390
29,151,303
29,154,291
29,159,266
29,161,97
29,173,314
29,182,247
29,186,101
29,188,11
29,191,381
29,193,14
30,1,85
30,2,234
30,3,63
30,5,313
30,7,16
30,8,23
30,9,317
30,10,366
30,11,302
30,15,156
30,16,123
30,18,383
30,19,45
30,23,20
30,24,399
30,26,65
30,27,37
30,28,251
30,29,266
30,31,351
30,34,206
30,35,2
30,36,376
30,41,343
30,42,217
30,43,39
30,47,97
30,48,15
30,49,167
30,52,297
30,53,66
30,55,167
30,62,212
30,64,65
30,65,315
30,69,336
30,72,5
30,73,167
30,74,126
30,76,194
30,80,16
30,83,386
30,84,381
30,85,149
30,90,63
30,91,365
30,92,378
30,95,161
30,97,347
30,98,6
30,100,142
30,105,258
30,108,169
30,114,267
30,115,129
30,121,178
30,129,21
30,135,387
30,136,336
30,144,101
30,153,135
30,177,395
30,184,137
30,189,398
30,191,249
30,195,94
31,2,1
31,3,59
31,5,153
31,8,265
31,10,8
31,11,141
31,13,198
31,14,116
31,15,310
31,16,47
31,18,246
31,19,307
31,21,82
31,22,133
31,23,103
31,24,107
31,25,150
31,28,82
31,30,351
31,32,73
31,33,205
31,35,110
31,37,140
31,38,375
31,39,16
31,42,17
31,44,361
31,45,354
31,46,151
31,48,237
31,49,329
31,51,180
31,53,234
31,54,78
31,55,173
31,56,38
31,58,112
31,60,176
31,62,209
31,63,200
31,64,38
31,66,380
31,67,379
31,69,28
31,71,13
31,74,53
31,76,115
31,79,229
31,85,281
31,89,341
31,91,341
31,94,53
31,96,174
31,98,46
31,101,340
31,111,116
31,113,127
31,115,54
31,118,43
31,119,264
31,127,400
31,131,353
31,132,355
31,139,221
31,158,359
31,161,181
31,165,199
31,192,339
32,1,99
32,3,135
32,4,314
32,5,293
32,6,219
32,8,126
32,9,69
32,10,149
32,13,161
32,14,261
32,17,384
32,19,123
32,20,285
32,21,99
32,22,232
32,25,315
32,27,214
32,28,75
32,29,111
32,31,73
32,33,140
32,34,101
32,35,342
32,36,380
32,37,161
32,39,95
32,40,175
32,42,325
32,44,83
32,47,22
32,48,92
32,49,32
32,50,256
32,51,256
32,53,21
32,62,86
32,68,42
32,75,150
32,80,260
32,81,178
32,82,44
32,87,26
32,90,231
32,91,370
32,99,352
32,100,102
32,101,219
32,102,97
32,109,286
32,112,67
32,115,66
32,119,117
32,122,196
32,123,59
32,134,122
32,140,329
32,145,287
32,147,367
32,152,36
32,159,11
32,165,143
32,168,37
32,174,326
32,187,252
32,188,7
32,190,350
33,1,230
33,2,192
33,4,236
33,5,382
33,6,181
33,8,195
33,9,330
33,10,314
33,12,129
33,13,205
33,14,364
33,17,191
33,19,397
33,20,120
33,22,381
33,23,242
33,24,261
33,25,214
33,27,216
33,28,330
33,29,134
33,31,205
33,32,140
33,36,134
33,42,143
33,44,184
33,46,360
33,49,336
33,51,182
33,52,364
33,53,170
33,54,174
33,57,216
33,61,385
33,63,382
33,68,22
33,69,76
33,71,20
33,74,206
33,75,223
33,78,226
33,79,321
33,81,299
33,83,172
33,89,253
33,91,115
33,93,188
33,99,211
33,100,42
33,104,329
33,105,225
33,111,148
33,115,50
33,117,49
33,125,29
33,130,358
33,131,338
33,133,329
33,134,132
33,136,73
33,137,260
33,138,103
33,140,382
33,143,30
33,145,249
33,146,47
33,150,13
33,151,128
33,158,355
33,167,334
33,170,127
33,180,27
33,193,91
33,198,21
34,5,316
34,6,161
34,7,272
34,8,379
34,9,157
34,10,368
34,11,111
34,13,33
34,16,81
34,17,67
34,19,397
34,20,207
34,21,326
34,22,319
34,23,19
34,24,172
34,25,347
34,27,111
34,28,219
34,30,206
34,32,101
34,36,42
34,40,50
34,41,64
34,42,179
34,43,225
34,44,11
34,46,326
34,48,287
34,49,254
34,50,237
34,51,193
34,53,49
34,54,281
34,56,242
34,61,199
34,63,196
34,67,214
34,69,328
34,70,27
34,79,129
34,80,35
34,81,76
34,82,298
34,83,11
34,88,379
34,90,52
34,91,199
34,95,247
34,97,350
34,101,395
34,103,64
34,106,1
34,109,50
34,111,211
34,116,153
34,127,212
34,128,231
34,130,392
34,135,135
34,136,122
34,138,143
34,141,258
34,142,296
34,151,144
34,155,12
34,159,38
34,160,282
34,164,158
34,178,366
34,182,59
34,186,73
34,189,65
35,1,227
35,2,160
35,3,155
35,4,222
35,6,228
35,9,192
35,10,166
35,12,173
35,13,4
35,16,28
35,18,134
35,19,56
35,21,308
35,22,393
35,23,16
35,25,360
35,26,175
35,29,367
35,30,2
35,31,110
35,32,342
35,36,68
35,37,296
35,38,181
35,39,395
35,40,284
35,43,372
35,44,324
35,45,23
35,46,25
35,51,399
35,53,111
35,54,340
35,55,252
35,56,295
35,61,171
35,65,247
35,68,302
35,73,370
35,77,126
35,78,69
35,82,120
35,85,133
35,87,284
35,90,162
35,92,76
35,95,394
35,99,200
35,100,284
35,101,271
35,105,57
35,106,252
35,109,388
35,111,188
35,117,15
35,120,343
35,137,171
35,139,322
35,150,399
35,153,227
35,157,391
35,160,156
35,162,280
35,168,396
35,182,68
35,193,138
36,2,303
36,3,20
36,4,209
36,5,63
36,6,179
36,10,120
36,11,104
36,13,283
36,15,281
36,16,286
36,17,334
36,18,358
36,21,36
36,22,80
36,24,15
36,27,21
36,30,376
36,32,380
36,33,134
36,34,42
36,35,68
36,37,385
36,40,384
36,41,330
36,42,308
36,43,332
36,45,135
36,46,72
36,47,233
36,52,54
36,53,101
36,54,109
36,55,147
36,61,48
36,62,269
36,64,329
36,69,45
36,70,56
36,72,111
36,76,123
36,77,272
36,78,222
36,85,379
36,90,132
36,95,302
36,98,16
36,103,270
36,129,88
36,132,38
36,138,344
36,144,168
36,158,197
36,167,387
36,182,220
36,184,216
36,186,26
37,4,307
37,5,86
37,8,134
37,9,293
37,10,291
37,12,359
37,13,36
37,14,176
37,17,130
37,18,308
37,20,265
37,21,250
37,23,9
37,24,353
37,27,180
37,28,397
37,31,140
37,32,161
37,35,296
37,36,385
37,41,392
37,43,13
37,45,313
37,47,133
37,48,138
37,49,264
37,56,81
37,58,99
37,59,296
37,61,165
37,62,264
37,65,208
37,66,224
37,69,272
37,70,278
37,72,141
37,75,65
37,80,29
37,83,57
37,89,328
37,92,68
37,93,300
37,98,27
37,99,380
37,103,206
37,104,264
37,112,90
37,113,36
37,114,383
37,116,46
37,119,119
37,125,350
37,130,54
37,137,178
37,141,55
37,142,361
37,150,104
37,154,255
37,156,285
37,159,316
37,163,40
37,166,58
37,168,197
37,170,17
37,183,170
37,187,236
38,1,264
38,2,378
38,3,290
38,4,153
38,5,57
38,7,106
38,8,378
38,9,165
38,12,25
38,14,248
38,16,338
38,17,189
38,19,77
38,22,54
38,24,160
38,26,171
38,27,138
38,28,117
38,31,375
38,35,181
38,39,120
38,40,57
38,43,386
38,50,67
38,54,301
38,59,90
38,60,157
38,62,308
38,68,325
38,70,114
38,72,359
38,77,162
38,80,331
38,81,389
38,83,33
38,84,225
38,85,99
38,87,350
38,90,222
38,91,325
38,93,273
38,96,240
38,101,31
38,102,379
38,109,250
38,110,45
38,112,339
38,118,74
38,120,218
38,123,276
38,128,399
38,129,397
38,137,32
38,141,399
38,143,369
38,157,328
38,170,208
38,177,383
38,178,360
38,182,74
38,198,201
38,200,158
39,1,236
39,2,34
39,5,388
39,6,122
39,7,123
39,8,331
39,11,240
39,12,321
39,14,154
39,16,290
39,17,393
39,18,278
39,19,32
39,20,315
39,22,342
39,25,359
39,26,83
39,29,92
39,31,16
39,32,95
39,35,395
39,38,120
39,41,347
39,42,330
39,43,133
39,44,2
39,45,143
39,46,118
39,48,68
39,50,186
39,53,278
39,54,300
39,55,274
39,57,185
39,62,44
39,64,40
39,67,278
39,69,21
39,70,315
39,80,238
39,81,38
39,86,313
39,87,381
39,89,178
39,90,335
39,97,48
39,99,29
39,104,266
39,105,20
39,107,169
39,112,146
39,121,343
39,123,95
39,124,190
39,127,360
39,129,131
39,133,192
39,145,108
39,146,33
39,168,18
39,174,167
39,177,41
39,180,114
39,185,270
39,191,330
40,1,178
40,3,316
40,8,232
40,9,268
40,10,174
40,12,322
40,13,294
40,14,337
40,16,328
40,17,341
40,18,72
40,19,397
40,21,342
40,22,44
40,25,297
40,29,202
40,32,175
40,34,50
40,35,284
40,36,384
40,38,57
40,44,29
40,45,158
40,48,125
40,49,200
40,51,106
40,52,240
40,53,349
40,57,132
40,58,56
40,59,64
40,63,181
40,69,199
40,70,306
40,72,153
40,76,105
40,79,43
40,80,190
40,84,365
40,87,175
40,89,13
40,90,82
40,97,243
40,103,241
40,105,305
40,110,92
40,111,82
40,117,179
40,127,63
40,128,189
40,131,303
40,133,100
40,135,362
40,140,289
40,143,321
40,150,377
40,160,104
40,167,193
40,176,108
40,183,288
40,186,163
40,187,318
40,190,29
41,1,213
41,3,104
41,4,379
41,10,146
41,11,339
41,14,368
41,19,346
41,20,4
41,21,308
41,23,326
41,24,328
41,25,202
41,27,143
41,28,362
41,29,380
41,30,343
41,34,64
41,36,330
41,37,392
41,39,347
41,42,378
41,46,58
41,48,385
41,49,308
41,50,250
41,52,286
41,53,147
41,58,396
41,61,98
41,66,173
41,71,344
41,75,285
41,76,48
41,82,253
41,85,124
41,87,125
41,88,224
41,90,357
41,94,266
41,95,390
41,98,166
41,100,112
41,104,15
41,105,375
41,107,156
41,114,199
41,117,142
41,118,386
41,126,399
41,129,395
41,138,221
41,141,324
41,142,200
41,144,235
41,152,241
41,153,85
41,165,308
41,166,254
41,173,150
41,181,249
41,187,18
41,191,236
42,1,98
42,4,267
42,5,150
42,6,94
42,7,47
42,8,299
42,10,47
42,12,175
42,13,168
42,15,315
42,17,216
42,20,46
42,21,68
42,26,288
42,27,352
42,30,217
42,31,17
42,32,325
42,33,143
42,34,179
42,36,308
42,39,330
42,41,378
42,43,178
42,44,90
42,45,67
42,47,64
42,48,164
42,50,69
42,55,90
42,57,56
42,58,273
42,59,269
42,61,156
42,66,396
42,67,204
42,69,225
42,70,240
42,72,111
42,91,287
42,92,205
42,93,268
42,97,111
42,99,61
42,100,273
42,102,106
42,109,381
42,117,30
42,118,276
42,119,130
42,125,364
42,128,259
42,131,284
42,134,39
42,136,100
42,138,80
42,144,140
42,149,251
42,158,138
42,159,169
42,166,380
42,170,213
43,2,397
43,4,330
43,12,149
43,15,2
43,16,119
43,17,96
43,18,337
43,20,213
43,22,38
43,25,19
43,26,95
43,30,39
43,34,225
43,35,372
43,36,332
43,37,13
43,38,386
43,39,133
43,42,178
43,44,349
43,45,325
43,46,266
43,47,252
43,49,72
43,52,252
43,57,54
43,60,281
43,64,80
43,72,9
43,75,379
43,78,49
43,84,265
43,87,323
43,93,399
43,101,54
43,103,121
43,104,250
43,105,252
43,107,261
43,108,275
43,115,322
43,117,128
43,123,103
43,125,236
43,135,271
43,137,75
43,142,338
43,144,40
43,145,187
43,147,275
43,148,388
43,151,294
43,152,357
43,161,234
43,178,91
43,179,276
43,190,177
43,192,56
43,200,36
44,2,105
44,3,333
44,4,232
44,5,311
44,8,278
44,10,356
44,11,68
44,12,382
44,13,291
44,14,24
44,16,34
44,18,25
44,20,14
44,22,16
44,29,93
44,31,361
44,32,83
44,33,184
44,34,11
44,35,324
44,39,2
44,40,29
44,42,90
44,43,349
44,45,328
44,46,54
44,48,86
44,52,30
44,53,159
44,56,341
44,60,260
44,65,186
44,73,35
44,75,70
44,79,246
44,85,281
44,93,29
44,97,267
44,112,396
44,121,221
44,124,361
44,132,135
44,137,24
44,142,60
44,148,172
44,150,340
44,153,341
44,154,161
44,156,161
44,170,65
44,184,89
45,1,194
45,2,84
45,4,171
45,9,323
45,10,9
45,11,169
45,12,325
45,14,385
45,15,399
45,16,261
45,17,294
45,20,271
45,21,391
45,22,248
45,24,293
45,26,354
45,27,217
45,28,91
45,29,107
45,31,354
45,35,23
45,36,135
45,37,313
45,39,143
45,40,158
45,42,67
45,43,325
45,44,328
45,47,118
45,48,305
45,51,340
45,55,242
45,56,101
45,57,40
45,60,92
45,61,340
45,64,136
45,65,353
45,67,106
45,69,236
45,71,134
45,73,109
45,75,277
45,76,217
45,78,300
45,80,375
45,81,188
45,83,215
45,86,115
45,92,298
45,94,264
45,95,99
45,97,170
45,102,358
45,111,233
45,112,277
45,115,350
45,121,127
45,123,317
45,126,102
45,128,354
45,129,153
45,150,207
45,155,363
45,167,85
45,173,61
45,175,112
45,183,354
45,185,127
45,187,44
45,194,14
45,198,290
46,1,101
46,7,214
46,10,255
46,11,339
46,12,91
46,13,97
46,16,3
46,20,74
46,21,310
46,22,215
46,23,367
46,24,28
46,27,374
46,31,151
46,33,360
46,34,326
46,35,25
46,36,72
46,39,118
46,41,58
46,43,266
46,44,54
46,47,383
46,49,270
46,50,144
46,54,9
46,57,387
46,59,61
46,60,339
46,64,194
46,65,196
46,66,100
46,67,167
46,68,238
46,69,206
46,70,4
46,73,176
46,78,247
46,79,107
46,80,86
46,86,271
46,93,220
46,96,379
46,104,107
46,106,261
46,107,398
46,108,371
46,109,390
46,113,281
46,114,38
46,116,225
46,118,116
46,121,124
46,122,206
46,129,195
46,130,36
46,131,317
46,132,172
46,137,354
46,138,254
46,140,315
46,155,342
46,157,263
46,158,91
46,169,133
46,174,153
46,177,94
46,184,209
46,193,339
47,1,151
47,4,62
47,6,329
47,7,340
47,8,236
47,9,233
47,10,195
47,12,82
47,14,302
47,15,130
47,17,102
47,19,202
47,22,196
47,23,388
47,25,287
47,27,351
47,28,239
47,30,97
47,32,22
47,36,233
47,37,133
47,42,64
47,43,252
47,45,118
47,46,383
47,49,7
47,52,44
47,54,329
47,63,392
47,66,335
47,72,6
47,76,377
47,77,217
47,79,358
47,81,370
47,85,180
47,88,6
47,105,90
47,106,12
47,117,312
47,119,365
47,120,13
47,125,262
47,126,4
47,133,4
47,139,387
47,143,53
47,149,328
47,154,288
47,158,349
47,159,308
47,169,244
47,170,3
47,171,398
47,191,364
47,196,292
48,2,217
48,3,56
48,4,43
48,6,233
48,9,328
48,15,170
48,17,379
48,20,367
48,25,368
48,26,354
48,27,267
48,28,279
48,29,376
48,30,15
48,31,237
48,32,92
48,34,287
48,37,138
48,39,68
48,40,125
48,41,385
48,42,164
48,44,86
48,45,305
48,51,152
48,52,264
48,54,146
48,55,99
48,58,6
48,65,205
48,66,125
48,68,250
48,69,117
48,71,213
48,76,114
48,79,163
48,83,120
48,88,310
48,90,212
48,96,274
48,100,126
48,102,207
48,106,231
48,108,227
48,109,355
48,111,43
48,117,359
48,120,375
48,122,315
48,126,223
48,130,209
48,133,135
48,135,292
48,138,397
48,147,224
48,153,23
48,158,361
48,169,199
48,173,7
48,174,166
48,176,126
48,180,225
48,183,238
48,194,301
49,2,145
49,5,91
49,7,117
49,10,374
49,11,8
49,14,149
49,16,209
49,17,249
49,20,114
49,24,303
49,25,356
49,26,368
49,29,282
49,30,167
49,31,329
49,32,32
49,33,336
49,34,254
49,37,264
49,40,200
49,41,308
49,43,72
49,46,270
49,47,7
49,53,382
49,54,323
49,56,197
49,57,314
49,58,189
49,59,15
49,62,245
49,63,345
49,64,183
49,68,39
49,70,133
49,71,177
49,74,319
49,75,285
49,90,6
49,92,308
49,95,228
49,100,214
49,107,347
49,119,104
49,123,385
49,124,88
49,127,361
49,133,246
49,145,249
49,148,52
49,149,26
49,155,395
49,158,229
49,163,210
49,164,28
49,191,314
50,1,48
50,7,77
50,9,71
50,10,97
50,12,88
50,13,168
50,14,186
50,18,230
50,22,286
50,24,203
50,26,272
50,27,161
50,32,256
50,34,237
50,38,67
50,39,186
50,41,250
50,42,69
50,46,144
50,51,212
50,52,300
50,53,15
50,54,179
50,55,256
50,59,185
50,63,262
50,64,270
50,67,246
50,68,396
50,71,232
50,77,227
50,84,2
50,89,210
50,91,293
50,93,295
50,96,374
50,100,303
50,101,203
50,104,358
50,111,36
50,112,368
50,115,314
50,118,160
50,119,285
50,123,241
50,126,24
50,127,280
50,131,98
50,132,46
50,137,156
50,149,379
50,155,145
50,156,288
50,160,107
50,161,351
50,164,102
50,168,267
50,171,30
50,172,53
50,183,63
50,188,217
50,190,189
50,197,155
50,199,217
51,3,142
51,5,21
51,6,62
51,7,15
51,8,20
51,9,276
51,11,399
51,12,295
51,17,311
51,20,47
51,21,137
51,25,293
51,26,103
51,29,332
51,31,180
51,32,256
51,33,182
51,34,193
51,35,399
51,40,106
51,45,340
51,48,152
51,50,212
51,52,93
51,59,302
51,60,129
51,62,257
51,63,261
51,66,307
51,71,10
51,73,161
51,78,319
51,81,15
51,82,110
51,89,252
51,92,387
51,93,82
51,94,356
51,97,390
51,98,359
51,99,166
51,101,6
51,103,319
51,104,286
51,106,277
51,107,24
51,110,160
51,118,192
51,119,181
51,120,333
51,121,162
51,124,288
51,127,141
51,147,104
51,151,98
51,155,84
51,172,331
51,175,145
51,178,5
51,184,311
51,186,287
51,194,143
51,195,247
51,198,238
52,2,10
52,3,286
52,4,140
52,5,37
52,6,99
52,7,252
52,9,219
52,11,77
52,13,251
52,21,308
52,23,362
52,25,386
52,27,180
52,29,157
52,30,297
52,33,364
52,36,54
52,40,240
52,41,286
52,43,252
52,44,30
52,47,44
52,48,264
52,50,300
52,51,93
52,54,302
52,56,68
52,58,78
52,61,267
52,69,329
52,73,38
52,74,41
52,75,44
52,79,251
52,82,37
52,85,76
52,89,192
52,92,190
52,93,297
52,100,334
52,102,250
52,109,226
52,110,202
52,112,108
52,117,241
52,124,360
52,125,393
52,143,119
52,148,6
52,151,323
52,153,305
52,155,367
52,156,236
52,173,387
52,175,352
52,180,101
52,187,268
52,188,226
52,193,94
52,194,176
52,198,349
53,3,323
53,5,362
53,6,50
53,11,19
53,12,375
53,19,242
53,26,315
53,27,383
53,28,216
53,29,46
53,30,66
53,31,234
53,32,21
53,33,170
53,34,49
53,35,111
53,36,101
53,39,278
53,40,349
53,41,147
53,44,159
53,49,382
53,50,15
53,55,205
53,58,235
53,59,345
53,60,212
53,65,234
53,68,55
53,72,320
53,73,337
53,77,109
53,79,269
53,82,104
53,88,350
53,90,227
53,99,23
53,108,203
53,109,50
53,113,195
53,118,395
53,121,369
53,130,338
53,136,222
53,140,202
53,175,167
53,187,370
53,189,85
53,200,325
54,5,301
54,8,242
54,13,116
54,15,29
54,17,285
54,23,261
54,25,103
54,26,60
54,29,365
54,31,78
54,33,174
54,34,281
54,35,340
54,36,109
54,38,301
54,39,300
54,46,9
54,47,329
54,48,146
54,49,323
54,50,179
54,52,302
54,58,21
54,60,217
54,63,172
54,65,276
54,66,299
54,71,205
54,72,231
54,75,224
54,77,287
54,79,222
54,81,205
54,82,205
54,84,211
54,87,361
54,91,356
54,92,140
54,98,195
54,100,50
54,102,165
54,104,365
54,107,99
54,108,107
54,110,292
54,120,74
54,127,138
54,130,131
54,132,50
54,149,233
54,162,173
54,171,341
54,177,271
54,181,328
55,1,190
55,5,131
55,7,264
55,9,220
55,11,232
55,13,39
55,14,59
55,17,125
55,20,385
55,21,188
55,22,396
55,24,316
55,30,167
55,31,173
55,35,252
55,36,147
55,39,274
55,42,90
55,45,242
55,48,99
55,50,256
55,53,205
55,56,128
55,59,200
55,62,19
55,64,297
55,65,5
55,67,66
55,68,354
55,70,318
55,73,175
55,74,216
55,79,227
55,80,217
55,81,83
55,82,393
55,84,206
55,92,325
55,96,90
55,99,45
55,102,286
55,103,219
55,105,179
55,108,367
55,110,272
55,113,99
55,121,6
55,125,219
55,134,93
55,136,26
55,137,145
55,141,162
55,142,36
55,151,54
55,160,375
55,162,396
55,166,301
55,176,154
55,183,151
55,187,359
55,189,340
55,197,94
55,200,373
56,1,281
56,2,375
56,7,262
56,8,135
56,10,110
56,12,374
56,13,18
56,15,82
56,16,316
56,17,339
56,18,317
56,21,238
56,23,232
56,24,184
56,25,318
56,27,318
56,31,38
56,34,242
56,35,295
56,37,81
56,44,341
56,45,101
56,49,197
56,52,68
56,55,128
56,59,57
56,61,109
56,63,276
56,64,280
56,65,212
56,66,182
56,67,282
56,68,12
56,72,239
56,77,189
56,78,138
56,81,271
56,90,188
56,98,163
56,103,185
56,104,101
56,105,220
56,110,339
56,112,267
56,113,338
56,115,172
56,117,139
56,118,116
56,121,338
56,133,58
56,134,9
56,135,282
56,137,62
56,140,102
56,141,53
56,142,295
56,144,39
56,149,220
56,172,284
56,178,269
56,184,266
56,186,8
56,187,274
56,193,14
56,200,34
57,1,22
57,3,89
57,4,186
57,7,36
57,8,86
57,9,318
57,10,176
57,13,119
57,14,395
57,16,296
57,18,284
57,21,93
57,22,132
57,23,292
57,27,174
57,29,178
57,33,216
57,39,185
57,40,132
57,42,56
57,43,54
57,45,40
57,46,387
57,49,314
57,62,157
57,65,337
57,68,112
57,73,398
57,77,14
57,78,5
57,80,1
57,82,310
57,84,141
57,88,6
57,89,250
57,94,83
57,95,241
57,98,269
57,99,252
57,101,273
57,106,258
57,111,74
57,112,223
57,115,30
57,118,137
57,119,185
57,124,4
57,127,21
57,134,199
57,136,225
57,139,140
57,148,39
57,151,283
57,163,137
57,169,300
57,182,177
57,191,87
58,1,161
58,3,90
58,4,35
58,5,295
58,7,113
58,8,358
58,13,89
58,14,131
58,15,89
58,17,153
58,19,329
58,22,166
58,25,239
58,26,370
58,27,397
58,29,99
58,31,112
58,37,99
58,40,56
58,41,396
58,42,273
58,48,6
58,49,189
58,52,78
58,53,235
58,54,21
58,60,396
58,61,157
58,68,255
58,69,53
58,73,156
58,80,114
58,81,212
58,86,171
58,87,398
58,88,245
58,91,33
58,92,109
58,94,242
58,99,368
58,101,310
58,104,387
58,109,337
58,111,395
58,112,156
58,115,227
58,116,103
58,123,231
58,131,8
58,139,274
58,142,225
58,144,139
58,153,241
58,155,22
58,169,395
58,173,400
58,174,341
58,181,100
58,196,342
59,2,397
59,3,107
59,7,222
59,8,181
59,11,352
59,12,318
59,13,134
59,15,384
59,17,285
59,19,337
59,20,187
59,21,370
59,23,237
59,26,386
59,29,283
59,37,296
59,38,90
59,40,64
59,42,269
59,46,61
59,49,15
59,50,185
59,51,302
59,53,345
59,55,200
59,56,57
59,60,297
59,63,277
59,64,83
59,73,307
59,74,399
59,76,251
59,77,244
59,83,276
59,84,27
59,86,354
59,87,266
59,93,11
59,95,239
59,96,269
59,103,364
59,105,120
59,107,4
59,109,329
59,111,315
59,115,133
59,116,170
59,118,20
59,122,122
59,123,329
59,136,79
59,149,190
59,152,97
59,165,328
59,171,33
59,179,248
59,182,75
59,194,80
59,199,311
60,2,400
60,7,167
60,11,277
60,12,342
60,13,387
60,15,189
60,16,361
60,17,324
60,18,321
60,19,389
60,21,227
60,25,365
60,26,43
60,27,57
60,28,238
60,29,254
60,31,176
60,38,157
60,43,281
60,44,260
60,45,92
60,46,339
60,51,129
60,53,212
60,54,217
60,58,396
60,59,297
60,66,151
60,67,51
60,72,17
60,78,251
60,82,45
60,83,141
60,84,361
60,85,354
60,86,373
60,90,258
60,91,16
60,92,133
60,95,84
60,97,351
60,103,184
60,105,355
60,116,400
60,117,195
60,122,142
60,126,340
60,127,12
60,128,368
60,130,195
60,131,113
60,134,247
60,135,323
60,136,28
60,160,224
60,170,249
60,172,322
60,175,212
60,178,386
60,180,197
60,181,127
60,187,104
60,190,201
60,193,364
61,6,27
61,9,180
61,10,43
61,11,376
61,14,134
61,15,74
61,20,33
61,23,162
61,25,360
61,26,128
61,27,296
61,28,278
61,33,385
61,34,199
61,35,171
61,36,48
61,37,165
61,41,98
61,42,156
61,45,340
61,52,267
61,56,109
61,58,157
61,63,149
61,65,49
61,66,368
61,68,150
61,70,124
61,72,27
61,76,235
61,78,43
61,80,239
61,90,31
61,94,190
61,96,11
61,97,261
61,102,360
61,104,280
61,110,143
61,114,362
61,125,17
61,129,396
61,132,101
61,139,96
61,148,156
61,164,282
61,174,391
61,176,197
61,186,121
61,187,43
61,189,397
61,194,212
61,196,92
62,1,253
62,4,179
62,5,55
62,6,386
62,8,122
62,9,181
62,12,201
62,17,177
62,18,328
62,19,238
62,20,78
62,23,362
62,24,87
62,26,153
62,30,212
62,31,209
62,32,86
62,36,269
62,37,264
62,38,308
62,39,44
62,49,245
62,51,257
62,55,19
62,57,157
62,65,81
62,67,174
62,74,244
62,75,359
62,76,397
62,80,244
62,83,109
62,85,308
62,87,334
62,93,188
62,100,225
62,109,295
62,110,365
62,111,73
62,116,232
62,126,153
62,128,71
62,135,193
62,144,127
62,154,70
62,155,359
62,164,11
62,171,236
62,174,166
62,178,311
62,187,42
62,197,361
63,4,16
63,7,386
63,10,111
63,12,81
63,13,126
63,15,298
63,16,97
63,20,321
63,22,150
63,24,15
63,25,326
63,26,158
63,27,196
63,28,381
63,31,200
63,33,382
63,34,196
63,40,181
63,47,392
63,49,345
63,50,262
63,51,261
63,54,172
63,56,276
63,59,277
63,61,149
63,66,21
63,67,289
63,68,162
63,69,69
63,70,197
63,71,155
63,72,87
63,77,372
63,79,169
63,81,240
63,82,364
63,86,353
63,87,42
63,88,64
63,89,326
63,91,346
63,93,266
63,95,181
63,97,220
63,103,170
63,107,398
63,108,97
63,112,112
63,113,109
63,116,115
63,127,214
63,129,365
63,136,300
63,143,1
63,144,219
63,146,211
63,149,85
63,155,394
63,161,305
63,163,114
63,166,49
63,168,37
