source,target,weight
1,2,38
1,4,227
1,5,268
1,7,333
1,9,23
1,13,370
1,14,314
1,15,120
1,16,295
1,17,88
1,18,260
1,20,128
1,21,209
1,23,278
1,24,280
1,26,69
1,27,194
1,30,324
1,31,368
1,33,181
1,35,42
1,36,369
1,37,374
1,38,206
1,39,240
1,40,122
1,41,209
1,42,67
1,45,116
1,46,139
1,49,4
1,53,300
1,55,236
1,56,98
1,57,12
1,61,260
1,63,350
1,64,260
1,65,338
1,66,201
1,68,84
1,69,285
1,70,69
1,72,4
1,73,374
1,74,249
1,76,254
1,77,239
1,78,166
1,80,23
1,81,193
1,83,266
1,85,111
1,89,364
1,92,5
1,93,152
1,97,105
1,106,243
1,110,35
1,112,354
1,113,381
1,117,398
1,120,359
1,125,379
1,127,195
1,128,371
1,135,348
1,138,22
1,142,24
1,148,152
1,154,310
1,155,190
1,164,94
1,166,199
1,170,178
1,174,102
1,177,62
1,178,257
1,183,382
1,187,324
1,194,289
1,198,52
2,1,38
2,3,321
2,4,301
2,5,385
2,6,331
2,7,77
2,11,230
2,13,111
2,14,4
2,15,199
2,17,181
2,20,355
2,21,384
2,24,149
2,25,25
2,27,321
2,29,253
2,31,307
2,32,2
2,34,117
2,35,160
2,36,224
2,38,92
2,39,161
2,40,320
2,41,297
2,42,266
2,43,164
2,44,164
2,45,166
2,47,366
2,50,201
2,52,4
2,53,59
2,54,197
2,55,139
2,57,78
2,58,238
2,59,89
2,61,7
2,62,84
2,65,157
2,67,183
2,68,329
2,71,150
2,72,106
2,73,157
2,74,88
2,76,139
2,79,383
2,81,136
2,85,226
2,89,310
2,91,164
2,93,136
2,94,10
2,95,198
2,96,397
2,97,332
2,102,168
2,105,158
2,109,159
2,113,262
2,116,66
2,118,328
2,121,397
2,122,135
2,126,390
2,129,173
2,130,55
2,132,375
2,138,231
2,139,364
2,144,245
2,148,146
2,150,307
2,153,61
2,162,334
2,172,51
2,178,5
2,179,216
2,181,247
2,184,184
2,187,223
2,188,364
2,190,69
2,193,184
2,194,245
3,2,321
3,4,291
3,6,101
3,7,63
3,8,20
3,9,304
3,10,119
3,11,34
3,13,3
3,15,213
3,16,332
3,17,156
3,18,355
3,19,56
3,20,268
3,21,180
3,22,372
3,23,184
3,24,25
3,25,244
3,28,324
3,30,79
3,33,222
3,34,4
3,35,84
3,36,287
3,37,218
3,38,177
3,39,121
3,41,135
3,42,157
3,43,255
3,44,209
3,46,106
3,47,357
3,50,360
3,51,249
3,52,12
3,53,149
3,54,107
3,55,329
3,56,188
3,57,60
3,61,41
3,62,337
3,63,150
3,64,184
3,65,189
3,67,196
3,69,277
3,71,180
3,73,368
3,75,56
3,76,278
3,77,45
3,78,28
3,81,400
3,83,296
3,88,332
3,89,202
3,91,179
3,94,270
3,101,294
3,104,34
3,110,87
3,113,142
3,114,97
3,118,376
3,123,260
3,125,21
3,134,124
3,135,148
3,137,258
3,141,348
3,145,230
3,150,154
3,153,36
3,158,295
3,163,400
3,168,242
3,169,207
3,171,71
3,177,78
3,180,29
3,189,268
3,190,367
3,197,147
4,1,227
4,2,301
4,3,291
4,5,274
4,6,153
4,7,92
4,11,324
4,12,238
4,13,339
4,16,101
4,17,199
4,20,143
4,21,229
4,22,105
4,24,189
4,25,11
4,26,386
4,27,370
4,28,91
4,29,302
4,30,286
4,31,306
4,32,85
4,33,10
4,34,59
4,35,42
4,36,240
4,40,262
4,41,390
4,42,297
4,43,25
4,44,387
4,45,303
4,46,78
4,47,276
4,49,305
4,51,312
4,52,88
4,53,68
4,54,326
4,56,279
4,57,387
4,58,180
4,59,64
4,60,347
4,62,371
4,63,95
4,64,188
4,66,154
4,67,298
4,68,301
4,69,106
4,70,38
4,71,346
4,72,190
4,73,263
4,75,190
4,76,299
4,78,192
4,80,8
4,81,50
4,87,378
4,88,74
4,90,175
4,93,327
4,94,68
4,98,305
4,101,242
4,106,246
4,107,120
4,111,84
4,115,240
4,117,131
4,119,97
4,120,381
4,129,93
4,130,299
4,131,122
4,133,347
4,134,96
4,137,77
4,138,145
4,139,208
4,140,298
4,141,288
4,144,161
4,145,151
4,148,184
4,150,45
4,156,290
4,161,318
4,162,225
4,163,359
4,169,99
4,170,194
4,172,139
4,175,91
4,177,219
4,179,328
4,187,55
4,190,200
4,195,63
5,1,268
5,2,385
5,4,274
5,6,47
5,7,279
5,8,107
5,9,141
5,10,155
5,12,13
5,14,320
5,15,45
5,16,98
5,17,383
5,19,311
5,22,64
5,24,131
5,25,229
5,26,17
5,27,326
5,28,77
5,32,329
5,33,294
5,34,343
5,35,355
5,36,142
5,37,170
5,38,116
5,40,148
5,41,289
5,42,146
5,43,118
5,44,60
5,45,283
5,46,324
5,47,234
5,48,92
5,49,242
5,51,312
5,53,156
5,54,243
5,55,255
5,56,161
5,57,216
5,59,333
5,60,113
5,63,270
5,65,157
5,66,139
5,68,177
5,69,248
5,70,109
5,71,175
5,72,35
5,73,306
5,75,82
5,76,120
5,78,208
5,82,390
5,83,292
5,86,314
5,88,110
5,91,199
5,94,218
5,95,261
5,96,369
5,97,366
5,100,285
5,101,273
5,103,152
5,105,281
5,110,204
5,113,168
5,117,103
5,120,267
5,121,367
5,122,321
5,126,21
5,128,356
5,129,36
5,132,291
5,136,206
5,143,243
5,144,359
5,149,266
5,150,379
5,154,142
5,160,172
5,161,326
5,165,56
5,166,380
5,167,305
5,169,41
5,175,334
5,176,71
5,177,130
5,178,156
5,179,275
5,181,125
5,187,263
5,193,388
6,2,331
6,3,101
6,4,153
6,5,47
6,7,319
6,8,45
6,9,103
6,10,211
6,11,346
6,12,316
6,13,8
6,14,162
6,15,31
6,16,162
6,17,316
6,18,128
6,20,14
6,21,121
6,22,392
6,25,263
6,26,124
6,27,374
6,29,274
6,30,278
6,31,207
6,32,75
6,34,142
6,36,98
6,37,128
6,38,308
6,39,264
6,40,240
6,41,47
6,42,2
6,43,186
6,46,353
6,47,72
6,48,262
6,49,388
6,50,36
6,51,13
6,55,378
6,56,154
6,59,71
6,61,128
6,63,339
6,64,14
6,66,101
6,69,287
6,73,287
6,74,276
6,77,75
6,80,115
6,81,93
6,82,284
6,84,184
6,89,123
6,91,194
6,95,53
6,96,369
6,98,363
6,99,104
6,100,29
6,105,96
6,107,104
6,108,295
6,109,170
6,113,221
6,114,44
6,116,263
6,118,237
6,124,62
6,125,94
6,126,399
6,134,233
6,142,168
6,144,214
6,147,384
6,151,156
6,153,330
6,154,25
6,156,292
6,162,46
6,166,296
6,168,218
6,170,219
6,171,297
6,185,286
6,187,76
6,189,8
6,190,231
6,199,91
7,1,333
7,2,77
7,3,63
7,4,92
7,5,279
7,6,319
7,8,75
7,9,258
7,10,90
7,12,326
7,14,101
7,15,68
7,19,375
7,24,9
7,25,151
7,26,55
7,28,361
7,30,71
7,31,36
7,32,156
7,33,47
7,34,232
7,36,7
7,37,20
7,39,364
7,40,132
7,42,302
7,48,235
7,49,189
7,50,80
7,54,207
7,57,109
7,58,29
7,60,332
7,61,67
7,62,201
7,63,133
7,64,138
7,65,85
7,67,14
7,68,2
7,69,109
7,70,334
7,72,101
7,74,87
7,75,228
7,76,137
7,77,187
7,78,296
7,79,26
7,86,379
7,88,319
7,89,208
7,91,173
7,92,324
7,99,51
7,100,141
7,101,203
7,106,291
7,110,233
7,112,39
7,114,162
7,119,322
7,120,120
7,121,281
7,126,237
7,129,330
7,133,92
7,137,160
7,138,297
7,139,254
7,148,211
7,151,378
7,152,260
7,153,343
7,154,39
7,155,109
7,157,342
7,158,205
7,166,399
7,177,114
7,182,52
7,184,331
7,185,357
7,189,58
7,190,335
7,194,260
7,196,150
7,198,299
7,199,95
8,3,20
8,5,107
8,6,45
8,7,75
8,9,52
8,10,5
8,11,310
8,12,31
8,13,391
8,15,170
8,16,114
8,17,319
8,18,199
8,19,253
8,22,261
8,23,150
8,24,269
8,25,141
8,27,268
8,28,317
8,29,304
8,31,163
8,33,22
8,35,168
8,37,7
8,38,68
8,39,155
8,41,319
8,42,185
8,44,300
8,48,213
8,49,70
8,50,128
8,51,394
8,54,14
8,55,85
8,56,19
8,57,187
8,58,33
8,62,73
8,63,263
8,70,14
8,72,152
8,74,347
8,76,167
8,77,176
8,78,342
8,80,218
8,81,120
8,82,114
8,86,167
8,91,86
8,92,290
8,94,66
8,95,78
8,97,206
8,98,173
8,99,277
8,102,185
8,108,376
8,112,80
8,113,124
8,114,231
8,116,243
8,117,158
8,118,72
8,119,187
8,121,355
8,122,308
8,124,41
8,130,180
8,131,346
8,133,151
8,135,63
8,138,249
8,140,20
8,141,302
8,143,3
8,144,350
8,145,103
8,151,364
8,158,75
8,160,294
8,161,142
8,168,369
8,170,67
8,176,30
8,180,53
8,181,16
8,183,251
8,187,40
8,190,346
8,191,228
8,193,386
8,194,308
8,195,30
9,1,23
9,3,304
9,5,141
9,6,103
9,7,258
9,8,52
9,10,121
9,11,5
9,12,301
9,13,300
9,15,301
9,16,241
9,17,292
9,18,361
9,19,332
9,21,48
9,24,295
9,25,56
9,26,103
9,27,59
9,28,279
9,30,90
9,32,125
9,33,165
9,34,340
9,35,330
9,37,318
9,38,382
9,40,39
9,42,68
9,43,215
9,44,19
9,45,122
9,47,90
9,49,189
9,55,32
9,58,123
9,59,80
9,60,208
9,61,304
9,62,47
9,63,375
9,64,136
9,66,169
9,67,17
9,74,207
9,75,357
9,77,114
9,81,11
9,84,333
9,85,91
9,86,154
9,90,92
9,91,59
9,93,383
9,95,372
9,97,345
9,98,192
9,99,113
9,103,369
9,104,162
9,111,88
9,115,396
9,122,23
9,129,363
9,130,228
9,131,144
9,137,230
9,140,273
9,141,309
9,142,386
9,143,330
9,144,34
9,147,52
9,148,372
9,150,229
9,154,300
9,155,100
9,158,121
9,160,48
9,161,73
9,162,39
9,163,167
9,165,308
9,169,272
9,174,44
9,175,268
9,176,252
9,180,311
9,183,12
9,184,350
9,190,151
9,192,99
10,3,119
10,5,155
10,6,211
10,7,90
10,8,5
10,9,121
10,11,156
10,12,97
10,14,211
10,16,16
10,17,42
10,18,124
10,19,23
10,21,62
10,22,210
10,23,368
10,26,241
10,28,56
10,29,10
10,31,66
10,32,118
10,33,100
10,36,393
10,37,166
10,38,201
10,39,358
10,40,28
10,41,18
10,44,45
10,45,221
10,46,390
10,47,218
10,48,303
10,49,129
10,50,394
10,56,300
10,58,266
10,60,400
10,61,343
10,62,279
10,65,326
10,66,349
10,70,275
10,73,343
10,78,321
10,79,375
10,81,160
10,84,183
10,86,356
10,88,223
10,90,212
10,91,304
10,93,318
10,98,20
10,106,322
10,108,331
10,115,30
10,116,69
10,117,312
10,121,47
10,129,139
10,130,338
10,135,55
10,136,170
10,137,171
10,138,260
10,144,236
10,147,199
10,151,184
10,153,108
10,159,377
10,161,144
10,163,366
10,164,387
10,165,117
10,169,291
10,170,395
10,172,145
10,173,397
10,181,190
10,185,281
10,187,9
10,193,289
10,194,301
10,196,266
10,198,43
11,2,230
11,3,34
11,4,324
11,6,346
11,8,310
11,9,5
11,10,156
11,13,272
11,14,63
11,15,38
11,18,235
11,20,163
11,21,58
11,22,102
11,24,127
11,25,72
11,26,267
11,27,361
11,29,339
11,32,11
11,35,344
11,36,94
11,37,82
11,38,51
11,39,187
11,40,76
11,42,26
11,43,334
11,44,152
11,45,255
11,47,204
11,51,193
11,52,96
11,53,114
11,54,383
11,55,282
11,56,183
11,57,77
11,59,399
11,61,4
11,63,190
11,64,36
11,65,185
11,66,160
11,68,195
11,71,48
11,72,116
11,74,215
11,75,375
11,84,378
11,85,27
11,87,142
11,89,64
11,90,93
11,91,14
11,92,155
11,93,274
11,95,84
11,98,154
11,99,127
11,100,155
11,101,262
11,102,120
11,112,132
11,121,73
11,123,355
11,125,351
11,126,70
11,127,393
11,128,344
11,129,297
11,130,303
11,152,131
11,153,251
11,154,374
11,159,389
11,163,42
11,166,87
11,169,187
11,177,304
11,181,47
11,184,192
11,189,112
11,190,84
11,192,190
11,193,384
12,4,238
12,5,13
12,6,316
12,7,326
12,8,31
12,9,301
12,10,97
12,13,154
12,15,101
12,19,338
12,20,343
12,21,383
12,23,316
12,25,255
12,26,269
12,27,343
12,29,193
12,31,182
12,33,270
12,35,365
12,39,264
12,42,400
12,43,253
12,44,171
12,46,312
12,47,392
12,50,245
12,52,112
12,54,215
12,55,226
12,56,186
12,57,33
12,58,41
12,62,273
12,66,23
12,67,180
12,69,155
12,70,207
12,72,356
12,73,343
12,76,173
12,77,381
12,78,364
12,80,327
12,83,123
12,85,357
12,87,391
12,89,335
12,92,299
12,93,135
12,97,169
12,99,77
12,100,370
12,102,12
12,104,274
12,105,144
12,107,221
12,110,42
12,112,300
12,114,170
12,118,130
12,120,353
12,123,50
12,124,248
12,129,129
12,130,33
12,132,218
12,133,211
12,138,320
12,140,62
12,143,217
12,145,154
12,148,227
12,149,58
12,151,81
12,153,198
12,157,26
12,158,217
12,166,31
12,170,193
12,172,281
12,174,40
12,180,379
12,186,255
12,189,140
12,192,252
12,195,240
12,197,248
12,198,218
13,1,370
13,2,111
13,3,3
13,4,339
13,6,8
13,8,391
13,9,300
13,11,272
13,12,154
13,14,168
13,16,329
13,17,186
13,18,181
13,19,359
13,21,10
13,22,262
13,24,119
13,25,349
13,28,254
13,29,257
13,30,114
13,31,343
13,32,246
13,33,239
13,35,306
13,36,201
13,39,21
13,41,119
13,42,380
13,43,46
13,44,278
13,45,97
13,47,109
13,49,259
13,50,205
13,51,257
13,52,363
13,53,363
13,55,63
13,56,380
13,58,31
13,59,317
13,60,296
13,62,2
13,67,193
13,69,36
13,70,147
13,71,318
13,73,55
13,79,56
13,84,217
13,85,52
13,86,328
13,87,386
13,88,375
13,89,162
13,90,387
13,91,210
13,92,72
13,101,356
13,102,97
13,107,264
13,111,287
13,113,305
13,116,381
13,123,390
13,125,34
13,126,304
13,129,271
13,134,350
13,138,202
13,145,313
13,149,44
13,157,87
13,161,186
13,166,167
13,169,200
13,173,327
13,176,169
13,178,105
13,182,347
13,187,207
13,193,119
13,195,128
13,199,79
14,1,314
14,2,4
14,5,320
14,6,162
14,7,101
14,10,211
14,11,63
14,13,168
14,16,149
14,18,350
14,19,324
14,20,97
14,22,347
14,23,319
14,26,347
14,27,111
14,29,184
14,31,5
14,33,160
14,36,63
14,37,202
14,38,36
14,40,381
14,41,288
14,45,200
14,46,262
14,48,175
14,49,221
14,52,28
14,54,204
14,56,198
14,57,217
14,58,267
14,60,371
14,63,7
14,65,292
14,66,58
14,67,12
14,68,166
14,70,165
14,71,55
14,74,91
14,76,370
14,78,332
14,79,308
14,83,280
14,84,276
14,88,368
14,91,238
14,94,180
14,97,388
14,98,127
14,100,81
14,101,244
14,104,336
14,106,333
14,107,40
14,108,351
14,109,257
14,113,90
14,114,202
14,120,324
14,121,276
14,122,300
14,124,206
14,125,150
14,133,109
14,138,276
14,143,197
14,145,322
14,146,311
14,147,156
14,149,245
14,157,247
14,163,351
14,164,294
14,172,131
14,177,147
14,182,375
14,189,375
14,192,279
14,194,388
15,1,120
15,2,199
15,3,213
15,5,45
15,6,31
15,7,68
15,8,170
15,9,301
15,11,38
15,12,101
15,16,293
15,17,227
15,19,361
15,21,143
15,22,375
15,23,143
15,28,286
15,32,353
15,33,255
15,34,194
15,35,262
15,36,274
15,37,150
15,38,167
15,39,210
15,40,156
15,43,148
15,44,353
15,45,147
15,46,207
15,48,206
15,50,25
15,53,246
15,54,286
15,56,321
15,57,206
15,59,62
15,62,162
15,64,225
15,65,146
15,66,27
15,67,102
15,68,114
15,69,20
15,70,185
15,71,117
15,73,149
15,77,135
15,79,82
15,80,97
15,81,353
15,82,367
15,83,348
15,84,110
15,92,360
15,95,35
15,98,381
15,101,91
15,103,3
15,104,288
15,106,358
15,108,215
15,110,133
15,113,246
15,114,367
15,115,57
15,117,204
15,120,237
15,121,1
15,122,352
15,126,130
15,127,290
15,130,3
15,131,267
15,132,279
15,138,303
15,141,396
15,144,166
15,148,86
15,150,199
15,151,91
15,153,102
15,155,366
15,158,218
15,160,129
15,176,5
15,177,267
15,186,291
15,192,112
15,196,325
15,198,121
16,1,295
16,3,332
16,4,101
16,5,98
16,6,162
16,8,114
16,9,241
16,10,16
16,13,329
16,14,149
16,15,293
16,18,189
16,19,275
16,21,134
16,22,370
16,23,303
16,24,160
16,26,365
16,27,305
16,29,218
16,30,34
16,32,271
16,33,151
16,35,223
16,36,276
16,37,36
16,39,259
16,40,277
16,42,256
16,43,252
16,44,195
16,47,189
16,48,64
16,49,365
16,51,295
16,52,301
16,54,129
16,55,152
16,58,181
16,59,289
16,60,215
16,63,365
16,64,295
16,66,124
16,68,97
16,70,346
16,74,51
16,76,141
16,78,354
16,79,220
16,80,3
16,81,360
16,82,373
16,83,21
16,85,2
16,88,155
16,94,242
16,95,78
16,101,236
16,104,292
16,108,389
16,109,400
16,110,349
16,112,41
16,116,245
16,117,114
16,120,72
16,121,140
16,125,17
16,126,119
16,131,233
16,132,238
16,133,220
16,136,17
16,140,392
16,141,350
16,142,302
16,144,331
16,145,52
16,152,19
16,160,324
16,161,316
16,164,346
16,171,381
16,186,37
16,196,239
16,199,234
17,1,88
17,2,181
17,3,156
17,4,199
17,5,383
17,6,316
17,8,319
17,9,292
17,10,42
17,13,186
17,15,227
17,18,53
17,21,149
17,22,88
17,24,288
17,26,290
17,27,336
17,28,156
17,29,327
17,30,89
17,34,325
17,35,223
17,36,284
17,37,198
17,38,228
17,41,347
17,42,13
17,43,238
17,45,293
17,46,254
17,47,260
17,48,88
17,49,49
17,50,306
17,51,114
17,55,137
17,57,265
17,60,85
17,64,296
17,66,267
17,69,41
17,70,250
17,71,28
17,74,312
17,75,79
17,77,64
17,79,45
17,80,352
17,82,182
17,83,80
17,84,220
17,88,242
17,94,76
17,98,20
17,100,248
17,106,106
17,107,7
17,108,317
17,109,58
17,114,214
17,116,15
17,118,372
17,122,44
17,123,347
17,124,313
17,125,69
17,132,60
17,133,56
17,134,188
17,135,99
17,139,29
17,140,37
17,144,122
17,152,103
17,154,363
17,159,88
17,163,234
17,165,79
17,176,43
17,177,186
17,179,151
17,181,15
17,184,117
17,190,316
17,191,395
17,197,393
17,199,372
18,1,260
18,3,355
18,6,128
18,8,199
18,9,361
18,10,124
18,11,235
18,13,181
18,14,350
18,16,189
18,17,53
18,19,376
18,20,167
18,22,374
18,23,232
18,24,140
18,25,320
18,26,122
18,28,74
18,29,287
18,30,324
18,31,378
18,32,275
18,33,249
18,34,90
18,36,324
18,39,30
18,40,277
18,43,97
18,45,370
18,46,31
18,47,54
18,48,315
18,51,16
18,53,247
18,54,153
18,55,266
18,56,65
18,57,45
18,58,269
18,61,107
18,62,163
18,63,21
18,64,76
18,68,4
18,69,397
18,71,168
18,72,352
18,73,202
18,74,211
18,75,174
18,76,58
18,77,130
18,80,285
18,81,383
18,82,86
18,83,253
18,85,400
18,86,13
18,87,148
18,92,211
18,96,95
18,98,121
18,100,288
18,103,137
18,105,37
18,106,37
18,112,330
18,115,137
18,117,68
18,118,160
18,119,304
18,122,166
18,124,327
18,126,64
18,128,300
18,133,37
18,137,112
18,138,217
18,140,323
18,141,32
18,142,117
18,144,217
18,148,47
18,150,161
18,153,278
18,157,126
18,159,341
18,160,44
18,164,57
18,165,388
18,169,271
18,172,61
18,174,299
18,175,257
18,179,52
18,182,137
18,183,301
18,185,379
18,189,122
18,190,13
19,3,56
19,5,311
19,7,375
19,8,253
19,9,332
19,10,23
19,12,338
19,13,359
19,14,324
19,15,361
19,16,275
19,18,376
19,20,127
19,22,337
19,25,245
19,29,127
19,30,166
19,32,396
19,33,92
19,34,205
19,38,209
19,39,10
19,40,89
19,41,301
19,46,240
19,48,17
19,49,386
19,52,263
19,54,55
19,56,274
19,57,94
19,60,97
19,63,1
19,64,295
19,66,175
19,67,11
19,69,38
19,71,112
19,72,274
19,75,197
19,76,394
19,78,295
19,79,343
19,80,105
19,85,301
19,89,82
19,92,274
19,94,282
19,97,270
19,114,44
19,115,104
19,124,122
19,125,343
19,129,366
19,130,327
19,135,109
19,136,146
19,140,282
19,145,111
19,153,205
19,154,193
19,162,388
19,165,383
19,167,300
19,173,340
19,174,209
19,175,105
19,177,213
19,180,114
19,183,306
19,189,328
19,190,238
19,192,373
19,195,166
19,196,283
19,200,230
20,1,128
20,2,355
20,3,268
20,4,143
20,6,14
20,11,163
20,12,343
20,14,97
20,18,167
20,19,127
20,22,265
20,24,91
20,25,326
20,26,398
20,27,1
20,28,269
20,29,179
20,30,391
20,31,153
20,32,4
20,33,357
20,34,122
20,35,378
20,37,133
20,38,139
20,40,93
20,41,249
20,42,210
20,43,77
20,44,286
20,45,99
20,46,299
20,51,209
20,53,397
20,54,125
20,57,100
20,58,141
20,60,30
20,61,82
20,63,140
20,64,108
20,68,275
20,69,49
20,75,123
20,76,8
20,77,381
20,79,370
20,82,111
20,83,277
20,84,227
20,85,394
20,87,227
20,88,319
20,89,75
20,90,62
20,91,142
20,92,296
20,96,53
20,97,131
20,98,297
20,101,139
20,102,268
20,103,274
20,106,357
20,108,188
20,114,55
20,116,2
20,121,199
20,122,48
20,124,171
20,127,292
20,135,312
20,136,314
20,139,283
20,140,47
20,148,390
20,150,341
20,155,379
20,160,219
20,162,323
20,172,88
20,173,301
20,174,69
20,176,225
20,178,4
20,181,109
20,183,174
20,187,321
20,189,310
20,195,227
20,197,356
21,1,209
21,2,384
21,3,180
21,4,229
21,6,121
21,9,48
21,10,62
21,11,58
21,12,383
21,13,10
21,15,143
21,16,134
21,17,149
21,23,397
21,24,374
21,26,371
21,28,8
21,29,215
21,30,271
21,33,171
21,36,160
21,37,262
21,38,5
21,39,53
21,40,169
21,41,247
21,47,87
21,48,242
21,49,45
21,51,12
21,53,365
21,56,299
21,58,399
21,59,241
21,63,64
21,64,112
21,65,298
21,66,16
21,68,390
21,69,119
21,70,2
21,72,142
21,74,278
21,76,400
21,80,253
21,84,162
21,85,300
21,87,132
21,90,194
21,91,49
21,93,132
21,103,356
21,107,274
21,112,324
21,115,17
21,119,312
21,121,61
21,122,296
21,125,172
21,127,317
21,128,136
21,129,218
21,131,373
21,132,107
21,134,156
21,136,128
21,141,219
21,142,290
21,146,221
21,149,93
21,150,253
21,152,343
21,154,138
21,155,178
21,156,80
21,158,257
21,159,229
21,160,226
21,161,8
21,171,230
21,173,279
21,174,349
21,175,65
21,192,32
21,198,386
22,3,372
22,4,105
22,5,64
22,6,392
22,8,261
22,10,210
22,11,102
22,13,262
22,14,347
22,15,375
22,16,370
22,17,88
22,18,374
22,19,337
22,20,265
22,23,160
22,30,118
22,31,101
22,32,14
22,34,56
22,36,278
22,37,68
22,40,339
22,42,166
22,43,19
22,44,245
22,46,370
22,47,354
22,48,303
22,49,72
22,51,34
22,53,58
22,60,175
22,61,44
22,62,214
22,64,296
22,68,383
22,69,377
22,74,88
22,75,89
22,77,277
22,78,186
22,80,98
22,81,90
22,82,210
22,83,167
22,84,199
22,86,133
22,87,367
22,88,205
22,90,212
22,93,200
22,94,105
22,95,82
22,96,169
22,98,390
22,100,273
22,102,349
22,105,87
22,107,26
22,108,264
22,109,264
22,116,139
22,118,52
22,120,219
22,121,332
22,123,86
22,127,398
22,133,278
22,137,85
22,142,63
22,146,290
22,149,246
22,150,264
22,153,381
22,155,3
22,156,295
22,171,388
22,173,353
22,176,277
22,178,169
22,180,293
22,181,15
22,186,216
22,187,142
22,190,382
22,193,292
22,195,251
23,1,278
23,3,184
23,8,150
23,10,368
23,12,316
23,14,319
23,15,143
23,16,303
23,18,232
23,21,397
23,22,160
23,24,21
23,25,41
23,26,57
23,27,191
23,29,116
23,32,260
23,33,383
23,34,310
23,35,250
23,36,374
23,37,161
23,39,260
23,41,64
23,42,44
23,43,67
23,45,224
23,46,188
23,47,302
23,48,272
23,49,354
23,51,305
23,53,138
23,54,28
23,57,359
23,58,171
23,62,232
23,63,304
23,64,240
23,65,67
23,66,349
23,67,75
23,68,314
23,71,246
23,74,14
23,75,107
23,76,212
23,78,109
23,79,110
23,81,390
23,82,244
23,84,177
23,86,5
23,87,207
23,89,342
23,90,156
23,92,150
23,93,58
23,94,81
23,96,60
23,98,211
23,99,292
23,101,275
23,102,154
23,104,243
23,105,26
23,114,276
23,116,124
23,119,275
23,121,6
23,127,359
23,130,207
23,134,84
23,135,368
23,139,175
23,140,295
23,141,297
23,145,203
23,146,99
23,149,107
23,163,36
23,171,370
23,174,344
23,178,227
23,180,33
23,182,130
23,188,313
24,1,280
24,2,149
24,3,25
24,4,189
24,5,131
24,7,9
24,8,269
24,9,295
24,11,127
24,13,119
24,16,160
24,17,288
24,18,140
24,20,91
24,21,374
24,23,21
24,29,50
24,31,57
24,32,351
24,33,211
24,34,136
24,35,61
24,37,84
24,39,102
24,41,321
24,43,68
24,45,156
24,47,339
24,49,221
24,50,174
24,53,212
24,54,43
24,55,100
24,56,302
24,59,107
24,61,68
24,62,134
24,63,91
24,64,241
24,67,156
24,68,30
24,70,348
24,74,309
24,76,43
24,81,32
24,82,124
24,84,154
24,87,89
24,88,123
24,92,160
24,93,247
24,94,101
24,95,332
24,98,109
24,102,271
24,104,84
24,106,319
24,107,91
24,110,140
24,113,105
24,114,33
24,116,180
24,117,136
24,119,121
24,120,364
24,123,138
24,124,124
24,126,184
24,128,341
24,132,398
24,137,56
24,141,41
24,142,161
24,143,398
24,145,229
24,147,130
24,152,335
24,154,12
24,155,289
24,163,339
24,165,299
24,167,65
24,168,56
24,171,392
24,173,304
24,175,164
24,176,377
24,181,204
24,186,182
24,190,120
24,193,389
24,197,91
25,2,25
25,3,244
25,4,11
25,5,229
25,6,263
25,7,151
25,8,141
25,9,56
25,11,72
25,12,255
25,13,349
25,18,320
25,19,245
25,20,326
25,23,41
25,28,333
25,30,249
25,31,65
25,32,206
25,35,139
25,36,382
25,37,40
25,40,376
25,44,265
25,45,267
25,46,147
25,47,134
25,48,204
25,50,367
25,52,143
25,53,208
25,54,48
25,56,380
25,57,354
25,60,14
25,61,287
25,63,278
25,64,361
25,66,158
25,68,12
25,70,155
25,71,4
25,72,295
25,73,156
25,78,282
25,79,238
25,80,276
25,83,204
25,84,19
25,85,43
25,86,389
25,89,169
25,92,158
25,93,333
25,94,365
25,95,5
25,96,250
25,97,117
25,100,202
25,108,268
25,109,76
25,110,400
25,115,304
25,118,353
25,126,178
25,127,21
25,128,134
25,134,219
25,136,322
25,138,394
25,139,128
25,145,280
25,152,369
25,160,182
25,161,277
25,163,161
25,165,39
25,167,385
25,171,212
25,178,38
25,181,54
25,182,316
25,188,164
25,193,287
25,195,196
26,1,69
26,4,386
26,5,17
26,6,124
26,7,55
26,9,103
26,10,241
26,11,267
26,12,269
26,14,347
26,16,365
26,17,290
26,18,122
26,20,398
26,21,371
26,23,57
26,27,363
26,29,269
26,30,175
26,31,14
26,34,302
26,35,219
26,37,222
26,38,270
26,41,373
26,42,359
26,43,72
26,44,55
26,47,263
26,49,371
26,50,113
26,51,8
26,52,318
26,53,302
26,54,325
26,55,349
26,56,251
26,57,117
26,58,306
26,60,39
26,62,95
26,63,194
26,64,138
26,66,382
26,67,153
26,71,97
26,72,395
26,73,171
26,74,13
26,75,230
26,76,299
26,78,100
26,79,361
26,82,122
26,84,229
26,85,380
26,91,47
26,92,366
26,93,319
26,95,15
26,96,300
26,102,143
26,104,57
26,106,371
26,109,184
26,111,103
26,112,341
26,113,395
26,116,6
26,119,309
26,123,397
26,126,64
26,127,381
26,128,262
26,130,386
26,139,260
26,141,245
26,142,84
26,145,397
26,146,24
26,147,184
26,148,1
26,149,353
26,153,323
26,154,12
26,161,373
26,169,154
26,174,296
26,176,258
26,195,40
27,1,194
27,2,321
27,4,370
27,5,326
27,6,374
27,8,268
27,9,59
27,11,361
27,12,343
27,14,111
27,16,305
27,17,336
27,20,1
27,23,191
27,26,363
27,28,9
27,29,308
27,31,200
27,33,53
27,34,135
27,35,386
27,36,257
27,39,69
27,41,54
27,45,73
27,47,391
27,48,383
27,51,56
27,52,315
27,54,359
27,55,202
27,56,265
27,57,201
27,59,15
27,61,299
27,62,135
27,63,385
27,64,245
27,65,77
27,67,244
27,69,397
27,70,309
27,72,392
27,73,96
27,75,260
27,80,10
27,84,222
27,85,352
27,86,6
27,92,268
27,93,48
27,97,262
27,98,39
27,99,226
27,101,286
27,102,399
27,105,201
27,108,277
27,111,296
27,112,152
27,114,87
27,116,256
27,117,15
27,120,181
27,121,75
27,124,326
27,125,143
27,129,164
27,132,326
27,135,111
27,136,147
27,141,228
27,151,253
27,155,254
27,159,79
27,164,389
27,168,208
27,174,301
27,178,60
27,179,395
27,188,145
27,189,149
27,190,31
27,191,261
27,192,159
27,199,234
28,3,324
28,4,91
28,5,77
28,7,361
28,8,317
28,9,279
28,10,56
28,13,254
28,15,286
28,17,156
28,18,74
28,20,269
28,21,8
28,25,333
28,27,9
28,30,193
28,31,262
28,32,207
28,33,88
28,34,200
28,35,151
28,36,265
28,38,78
28,40,246
28,41,81
28,42,305
28,43,292
28,44,287
28,45,3
28,46,143
28,48,199
28,49,240
28,50,386
28,51,79
28,52,30
28,54,280
28,55,62
28,56,383
28,57,351
28,60,238
28,62,256
28,63,205
28,64,102
28,67,132
28,68,283
28,69,52
28,70,161
28,71,400
28,72,160
28,77,114
28,81,18
28,82,212
28,83,134
28,85,103
28,87,226
28,88,356
28,89,231
28,93,168
28,96,128
28,97,284
28,99,128
28,100,176
28,101,115
28,103,373
28,104,369
28,105,117
28,108,32
28,114,76
28,115,379
28,116,129
28,119,159
28,123,339
28,125,199
28,126,103
28,128,221
28,136,137
28,137,228
28,141,210
28,145,368
28,147,111
28,150,225
28,151,130
28,157,125
28,158,350
28,164,381
28,168,240
28,171,379
28,172,8
28,175,12
28,176,356
28,183,372
28,188,242
28,190,285
28,193,22
28,195,71
28,197,357
29,2,253
29,4,302
29,6,274
29,8,304
29,10,10
29,11,339
29,12,193
29,13,257
29,14,184
29,16,218
29,17,327
29,18,287
29,19,127
29,20,179
29,21,215
29,23,116
29,24,50
29,26,269
29,27,308
29,30,384
29,32,44
29,33,232
29,35,31
29,36,56
29,37,309
29,38,220
29,41,335
29,42,111
29,43,22
29,46,153
29,48,399
29,50,362
29,51,391
29,52,109
29,53,116
29,54,359
29,55,275
29,58,261
29,59,130
29,60,130
29,61,104
29,65,279
29,67,199
29,73,92
29,74,149
29,75,326
29,76,202
29,77,152
29,78,327
29,79,385
29,80,311
29,81,11
29,82,17
29,87,233
29,88,260
29,89,350
29,90,67
29,92,96
29,94,362
29,99,246
29,102,268
29,103,59
29,107,318
29,109,190
29,110,4
29,112,79
29,119,284
29,122,126
29,129,365
29,132,207
29,135,258
29,140,113
29,141,99
29,142,315
29,143,358
29,144,102
29,145,159
29,146,89
29,147,145
29,148,300
29,150,280
29,151,60
29,152,319
29,157,217
29,158,80
29,159,178
29,160,171
29,165,389
29,171,390
29,179,82
29,180,112
29,183,28
29,188,338
29,191,24
29,192,224
29,196,279
29,200,218
30,1,324
30,3,79
30,4,286
30,6,278
30,7,71
30,9,90
30,13,114
30,16,34
30,17,89
30,18,324
30,19,166
30,20,391
30,21,271
30,22,118
30,25,249
30,26,175
30,28,193
30,29,384
30,31,348
30,34,77
30,35,165
30,37,319
30,39,329
30,40,177
30,42,202
30,43,299
30,46,110
30,47,151
30,48,267
30,50,100
30,53,14
30,54,69
30,55,327
30,57,285
30,58,229
30,59,103
30,63,346
30,64,139
30,67,113
30,68,114
30,69,142
30,70,211
30,71,143
30,75,36
30,76,236
30,77,51
30,79,330
30,81,364
30,82,106
30,83,259
30,90,290
30,94,313
30,99,172
30,101,56
30,112,71
30,113,383
30,114,295
30,115,48
30,117,23
30,119,278
30,120,76
30,121,37
30,122,159
30,134,57
30,147,111
30,152,296
30,154,143
30,166,149
30,169,338
30,178,389
30,179,239
30,180,293
30,181,124
30,186,337
30,187,189
30,195,109
30,197,118
31,1,368
31,2,307
31,4,306
31,6,207
31,7,36
31,8,163
31,10,66
31,12,182
31,13,343
31,14,5
31,18,378
31,20,153
31,22,101
31,24,57
31,25,65
31,26,14
31,27,200
31,28,262
31,30,348
31,32,195
31,34,249
31,35,167
31,37,91
31,38,348
31,40,232
31,42,215
31,44,42
31,45,5
31,49,44
31,50,123
31,51,355
31,55,13
31,56,8
31,57,16
31,59,247
31,60,5
31,61,391
31,62,80
31,63,68
31,64,30
31,65,127
31,67,307
31,68,364
31,69,142
31,71,340
31,73,131
31,74,168
31,75,58
31,76,4
31,77,322
31,80,393
31,82,176
31,83,251
31,84,222
31,85,323
31,86,397
31,88,224
31,91,241
31,97,258
31,99,380
31,102,102
31,106,138
31,107,253
31,112,234
31,113,352
31,118,293
31,119,310
31,120,20
31,122,30
31,124,285
31,126,81
31,129,109
31,130,333
31,131,305
31,132,316
31,134,196
31,137,171
31,140,247
31,142,75
31,145,147
31,146,393
31,149,109
31,151,196
31,152,352
31,153,390
31,155,114
31,156,65
31,158,140
31,165,254
31,167,69
31,169,36
31,176,202
31,185,80
31,186,300
31,188,255
31,190,55
31,192,141
32,2,2
32,4,85
32,5,329
32,6,75
32,7,156
32,9,125
32,10,118
32,11,11
32,13,246
32,15,353
32,16,271
32,18,275
32,19,396
32,20,4
32,22,14
32,23,260
32,24,351
32,25,206
32,28,207
32,29,44
32,31,195
32,35,171
32,38,287
32,39,103
32,41,361
32,42,307
32,43,392
32,44,43
32,45,28
32,46,355
32,50,372
32,51,190
32,52,137
32,53,6
32,54,204
32,55,191
32,56,265
32,59,241
32,61,141
32,63,310
32,65,198
32,66,6
32,67,82
32,71,153
32,73,263
32,77,362
32,78,339
32,80,215
32,81,72
32,82,139
32,83,87
32,84,385
32,87,62
32,89,124
32,93,70
32,95,274
32,98,221
32,99,24
32,100,74
32,105,8
32,107,193
32,112,306
32,115,122
32,117,286
32,123,370
32,126,65
32,127,346
32,129,91
32,131,165
32,133,27
32,136,51
32,137,166
32,147,195
32,154,295
32,158,25
32,159,161
32,163,382
32,164,333
32,166,157
32,173,342
32,174,321
32,182,275
32,191,125
32,194,62
32,198,181
32,200,150
33,1,181
33,3,222
33,4,10
33,5,294
33,7,47
33,8,22
33,9,165
33,10,100
33,12,270
33,13,239
33,14,160
33,15,255
33,16,151
33,18,249
33,19,92
33,20,357
33,21,171
33,23,383
33,24,211
33,27,53
33,28,88
33,29,232
33,34,331
33,35,307
33,36,230
33,37,312
33,38,124
33,39,39
33,40,117
33,42,152
33,44,369
33,47,378
33,49,175
33,50,370
33,52,376
33,53,253
33,56,344
33,60,171
33,61,86
33,62,151
33,63,318
33,69,146
33,70,278
33,71,141
33,72,39
33,73,11
33,74,287
33,75,318
33,78,131
33,80,188
33,84,151
33,87,117
33,90,82
33,93,336
33,94,182
33,101,29
33,102,132
33,105,309
33,106,295
33,107,274
33,108,146
33,111,264
33,113,285
33,114,350
33,118,201
33,119,165
33,120,112
33,125,293
33,127,236
33,129,398
33,130,62
33,131,36
33,132,205
33,135,293
33,138,82
33,143,190
33,145,207
33,149,4
33,152,270
33,155,300
33,157,144
33,160,5
33,162,61
33,163,17
33,166,183
33,168,328
33,169,152
33,170,294
33,172,397
33,174,321
33,178,50
33,181,340
33,194,149
33,195,182
33,197,346
34,2,117
34,3,4
34,4,59
34,5,343
34,6,142
34,7,232
34,9,340
34,15,194
34,17,325
34,18,90
34,19,205
34,20,122
34,22,56
34,23,310
34,24,136
34,26,302
34,27,135
34,28,200
34,30,77
34,31,249
34,33,331
34,36,58
34,37,193
34,38,386
34,39,280
34,40,357
34,42,129
34,44,275
34,45,19
34,46,9
34,49,186
34,50,174
34,51,357
34,52,31
34,54,310
34,57,290
34,58,116
34,59,71
34,61,203
34,62,126
34,63,16
34,64,290
34,65,102
34,66,41
34,68,190
34,69,119
34,70,291
34,71,106
34,72,60
34,73,335
34,75,384
34,76,382
34,77,68
34,78,365
34,79,390
34,80,341
34,81,13
34,82,111
34,83,391
34,84,179
34,86,25
34,88,332
34,95,202
34,97,221
34,98,373
34,102,259
34,103,334
34,105,95
34,110,339
34,111,71
34,112,76
34,113,89
34,120,77
34,130,63
34,131,100
34,136,111
34,139,27
34,141,123
34,143,74
34,149,304
34,150,276
34,151,220
34,154,110
34,155,303
34,158,96
34,160,52
34,170,362
34,173,245
34,182,321
34,185,361
34,187,280
34,188,204
35,1,42
35,2,160
35,3,84
35,4,42
35,5,355
35,8,168
35,9,330
35,11,344
35,12,365
35,13,306
35,15,262
35,16,223
35,17,223
35,20,378
35,23,250
35,24,61
35,25,139
35,26,219
35,27,386
35,28,151
35,29,31
35,30,165
35,31,167
35,32,171
35,33,307
35,38,242
35,39,83
35,41,46
35,44,388
35,45,300
35,46,289
35,48,83
35,51,252
35,52,3
35,53,190
35,57,73
35,58,392
35,62,266
35,69,41
35,71,14
35,72,251
35,76,6
35,79,148
35,80,21
35,81,227
35,82,19
35,85,204
35,92,281
35,94,88
35,96,116
35,97,153
35,100,151
35,104,232
35,107,352
35,108,169
35,111,61
35,113,383
35,117,320
35,118,365
35,122,250
35,123,136
35,124,365
35,128,206
35,130,313
35,134,325
35,137,85
35,139,243
35,145,67
35,148,127
35,149,26
35,151,310
35,153,157
35,155,391
35,156,241
35,164,349
35,166,149
35,172,133
35,173,245
35,174,338
35,176,100
35,181,204
35,183,25
35,196,263
35,198,302
36,1,369
36,2,224
36,3,287
36,4,240
36,5,142
36,6,98
36,7,7
36,10,393
36,11,94
36,13,201
36,14,63
36,15,274
36,16,276
36,17,284
36,18,324
36,21,160
36,22,278
36,23,374
36,25,382
36,27,257
36,28,265
36,29,56
36,33,230
36,34,58
36,38,114
36,39,335
36,40,92
36,41,141
36,42,182
36,43,111
36,45,281
36,46,199
36,49,183
36,50,55
36,51,35
36,52,259
36,53,355
36,54,42
36,55,217
36,56,262
36,58,342
36,59,69
36,61,367
36,62,37
36,64,167
36,65,48
36,66,233
36,67,174
36,69,334
36,75,45
36,76,175
36,80,68
36,83,148
36,84,213
36,85,133
36,87,376
36,88,375
36,90,387
36,92,199
36,96,152
36,97,262
36,98,326
36,99,340
36,100,73
36,101,12
36,103,224
36,104,297
36,110,209
36,114,104
36,116,355
36,118,382
36,120,284
36,126,251
36,128,71
36,129,60
36,131,133
36,138,172
36,139,49
36,141,141
36,142,299
36,149,317
36,150,42
36,156,84
36,159,160
36,160,1
36,163,167
36,165,377
36,170,299
36,174,68
36,177,174
36,178,376
36,180,35
36,181,127
36,189,129
36,190,350
37,1,374
37,3,218
37,5,170
37,6,128
37,7,20
37,8,7
37,9,318
37,10,166
37,11,82
37,14,202
37,15,150
37,16,36
37,17,198
37,20,133
37,21,262
37,22,68
37,23,161
37,24,84
37,25,40
37,26,222
37,29,309
37,30,319
37,31,91
37,33,312
37,34,193
37,39,57
37,41,36
37,42,177
37,43,247
37,46,80
37,48,88
37,49,80
37,51,54
37,56,68
37,57,273
37,59,267
37,63,273
37,66,81
37,69,21
37,71,220
37,72,120
37,74,198
37,75,126
37,78,223
37,81,201
37,83,363
37,87,11
37,89,381
37,94,65
37,96,294
37,111,121
37,112,183
37,114,271
37,117,118
37,122,311
37,124,370
37,128,43
37,129,45
37,134,114
37,137,269
37,140,27
37,142,139
37,147,76
37,151,287
37,153,49
37,162,163
37,163,33
37,175,295
37,181,301
37,188,262
37,195,390
37,198,79
38,1,206
38,2,92
38,3,177
38,5,116
38,6,308
38,8,68
38,9,382
38,10,201
38,11,51
38,14,36
38,15,167
38,17,228
38,19,209
38,20,139
38,21,5
38,26,270
38,28,78
38,29,220
38,31,348
38,32,287
38,33,124
38,34,386
38,35,242
38,36,114
38,41,23
38,46,307
38,48,385
38,49,213
38,51,341
38,53,283
38,56,8
38,57,90
38,58,38
38,59,246
38,60,8
38,61,101
38,62,326
38,63,10
38,64,79
38,66,313
38,67,364
38,70,299
38,74,186
38,75,62
38,77,294
38,79,326
38,81,123
38,86,95
38,91,341
38,94,87
38,95,306
38,97,156
38,99,350
38,102,77
38,103,312
38,105,148
38,108,226
38,109,28
38,111,117
38,114,294
38,117,295
38,119,153
38,121,94
38,122,135
38,126,200
38,128,130
38,129,275
38,130,1
38,131,338
38,133,275
38,140,371
38,143,179
38,144,142
38,152,368
38,161,83
38,163,94
38,180,118
38,181,379
38,184,214
39,1,240
39,2,161
39,3,121
39,6,264
39,7,364
39,8,155
39,10,358
39,11,187
39,12,264
39,13,21
39,15,210
39,16,259
39,18,30
39,19,10
39,21,53
39,23,260
39,24,102
39,27,69
39,30,329
39,32,103
39,33,39
39,34,280
39,35,83
39,36,335
39,37,57
39,41,34
39,42,333
39,44,354
39,45,16
39,46,148
39,47,387
39,48,188
39,49,69
39,53,37
39,54,379
39,55,134
39,58,255
39,61,19
39,62,46
39,65,47
39,66,65
39,67,76
39,69,304
39,70,396
39,72,303
39,73,171
39,74,83
39,76,25
39,77,162
39,78,25
39,82,363
39,84,211
39,86,84
39,87,122
39,88,163
39,90,237
39,91,94
39,99,138
39,100,388
39,101,282
39,102,331
39,104,179
39,105,90
39,109,65
39,110,293
39,114,274
39,117,175
39,118,279
39,120,31
39,121,257
39,122,45
39,125,56
39,130,232
39,133,172
39,144,50
39,146,323
39,147,154
39,161,54
39,170,236
39,171,41
39,175,81
39,183,145
39,195,378
39,196,342
39,197,256
40,1,122
40,2,320
40,4,262
40,5,148
40,6,240
40,7,132
40,9,39
40,10,28
40,11,76
40,14,381
40,15,156
40,16,277
40,18,277
40,19,89
40,20,93
40,21,169
40,22,339
40,25,376
40,28,246
40,30,177
40,31,232
40,33,117
40,34,357
40,36,92
40,44,215
40,45,120
40,46,125
40,47,16
40,48,185
40,49,156
40,50,385
40,51,180
40,52,45
40,53,225
40,54,169
40,55,354
40,57,97
40,60,243
40,61,43
40,62,16
40,63,125
40,66,28
40,68,231
40,73,109
40,76,197
40,78,149
40,79,250
40,84,60
40,88,334
40,90,161
40,91,63
40,92,395
40,94,50
40,96,61
40,98,39
40,99,48
40,100,169
40,101,270
40,103,307
40,107,119
40,108,364
40,109,207
40,110,1
40,111,119
40,115,313
40,118,294
40,125,22
40,126,57
40,131,116
40,133,16
40,137,35
40,139,237
40,142,187
40,147,46
40,148,55
40,151,282
40,153,275
40,155,253
40,162,286
40,164,285
40,168,135
40,173,94
40,176,258
40,189,28
40,190,226
40,191,134
40,193,199
40,196,197
41,1,209
41,2,297
41,3,135
41,4,390
41,5,289
41,6,47
41,8,319
41,10,18
41,13,119
41,14,288
41,17,347
41,19,301
41,20,249
41,21,247
41,23,64
41,24,321
41,26,373
41,27,54
41,28,81
41,29,335
41,32,361
41,35,46
41,36,141
41,37,36
41,38,23
41,39,34
41,42,91
41,43,187
41,44,351
41,45,31
41,46,308
41,47,342
41,48,103
41,49,138
41,50,393
41,51,96
41,52,279
41,54,197
41,55,271
41,56,250
41,57,246
41,58,31
41,59,350
41,61,231
41,62,173
41,65,380
41,67,155
41,69,158
41,70,122
41,71,356
41,72,65
41,73,252
41,74,162
41,77,96
41,78,163
41,80,302
41,82,251
41,83,45
41,87,68
41,88,391
41,91,51
41,94,210
41,96,336
41,97,161
41,98,376
41,102,56
41,103,282
41,104,54
41,106,144
41,108,124
41,109,225
41,110,242
41,112,92
41,114,187
41,118,297
41,123,81
41,124,265
41,127,36
41,131,35
41,132,343
41,135,139
41,136,329
41,146,379
41,147,122
41,149,364
41,150,44
41,158,183
41,159,296
41,161,83
41,163,344
41,164,50
41,165,334
41,166,356
41,167,242
41,170,50
41,172,122
41,173,54
41,177,151
41,180,251
41,182,144
41,185,99
41,186,358
41,187,352
41,188,301
41,189,16
41,191,386
41,195,260
42,1,67
42,2,266
42,3,157
42,4,297
42,5,146
42,6,2
42,7,302
42,8,185
42,9,68
42,11,26
42,12,400
42,13,380
42,16,256
42,17,13
42,20,210
42,22,166
42,23,44
42,26,359
42,28,305
42,29,111
42,30,202
42,31,215
42,32,307
42,33,152
42,34,129
42,36,182
42,37,177
42,39,333
42,41,91
42,43,295
42,44,333
42,45,84
42,48,103
42,49,267
42,52,126
42,54,86
42,55,295
42,56,352
42,58,70
42,59,21
42,60,304
42,61,387
42,62,237
42,63,117
42,64,285
42,65,178
42,67,206
42,68,228
42,70,342
42,71,182
42,72,347
42,74,333
42,76,153
42,79,364
42,81,175
42,82,265
42,85,250
42,86,82
42,89,101
42,92,195
42,93,311
42,98,25
42,100,154
42,101,347
42,102,100
42,103,215
42,104,30
42,105,141
42,107,328
42,109,207
42,110,381
42,112,360
42,118,120
42,119,106
42,122,151
42,123,280
42,127,350
42,131,32
42,132,144
42,135,105
42,138,360
42,141,119
42,144,83
42,153,382
42,155,169
42,160,303
42,164,206
42,165,62
42,166,309
42,169,234
42,170,372
42,173,223
42,180,71
42,188,381
42,195,215
42,196,382
43,2,164
43,3,255
43,4,25
43,5,118
43,6,186
43,9,215
43,11,334
43,12,253
43,13,46
43,15,148
43,16,252
43,17,238
43,18,97
43,20,77
43,22,19
43,23,67
43,24,68
43,26,72
43,28,292
43,29,22
43,30,299
43,32,392
43,36,111
43,37,247
43,41,187
43,42,295
43,44,87
43,46,59
43,47,14
43,48,258
43,49,31
43,50,27
43,51,78
43,53,179
43,54,167
43,55,380
43,56,7
43,62,83
43,63,199
43,65,357
43,66,1
43,67,145
43,71,83
43,75,229
43,78,175
43,79,140
43,86,259
43,87,5
43,95,171
43,96,260
43,99,276
43,100,320
43,103,333
43,104,168
43,105,18
43,107,175
43,109,294
43,110,89
43,111,21
43,113,311
43,116,28
43,117,77
43,118,303
43,119,370
43,120,230
43,125,97
43,127,218
43,130,364
43,133,331
43,134,151
43,136,353
43,140,339
43,144,24
43,148,233
43,161,46
43,177,203
43,179,243
43,184,78
43,185,289
43,188,292
43,189,226
43,192,182
43,193,265
43,199,335
44,2,164
44,3,209
44,4,387
44,5,60
44,8,300
44,9,19
44,10,45
44,11,152
44,12,171
44,13,278
44,15,353
44,16,195
44,20,286
44,22,245
44,25,265
44,26,55
44,28,287
44,31,42
44,32,43
44,33,369
44,34,275
44,35,388
44,39,354
44,40,215
44,41,351
44,42,333
44,43,87
44,45,9
44,47,131
44,48,344
44,49,114
44,52,165
44,55,90
44,56,267
44,58,169
44,59,210
44,60,394
44,61,55
44,62,193
44,63,149
44,65,334
44,66,358
44,67,17
44,68,172
44,69,57
44,71,314
44,72,236
44,73,262
44,76,11
44,78,315
44,79,390
44,80,275
44,84,192
44,86,341
44,89,81
44,90,107
44,92,8
44,94,224
44,95,202
44,98,4
44,101,251
44,103,128
44,105,69
44,106,43
44,107,252
44,109,349
44,110,277
44,114,364
44,120,200
44,122,252
44,127,240
44,129,194
44,131,147
44,134,331
44,137,248
44,138,4
44,141,390
44,143,87
44,145,397
44,156,158
44,164,93
44,167,241
44,168,258
44,184,80
44,193,220
44,195,307
44,198,141
44,200,356
45,1,116
45,2,166
45,4,303
45,5,283
45,9,122
45,10,221
45,11,255
45,13,97
45,14,200
45,15,147
45,17,293
45,18,370
45,20,99
45,23,224
45,24,156
45,25,267
45,27,73
45,28,3
45,31,5
45,32,28
45,34,19
45,35,300
45,36,281
45,39,16
45,40,120
45,41,31
45,42,84
45,44,9
45,46,198
45,47,336
45,48,376
45,49,11
45,50,243
45,52,57
45,54,286
45,55,232
45,56,102
45,58,42
45,59,3
45,60,160
45,61,199
45,62,4
45,63,107
45,65,198
45,67,178
45,69,61
45,77,314
45,78,116
45,80,262
45,81,220
45,82,364
45,85,196
45,86,365
45,87,94
45,90,190
45,93,385
45,94,269
45,97,34
45,99,192
45,100,10
45,102,233
45,104,303
45,105,50
45,110,109
45,111,160
45,114,98
45,118,205
45,120,310
45,121,259
45,122,236
45,124,372
45,128,159
45,130,225
45,131,345
45,134,65
45,135,271
45,138,313
45,143,81
45,145,52
45,154,14
45,155,165
45,156,309
45,162,24
45,167,23
45,168,387
45,170,343
45,171,99
45,176,267
45,181,353
45,182,222
45,183,100
45,187,141
45,194,202
45,196,305
45,197,219
45,198,35
46,1,139
46,3,106
46,4,78
46,5,324
46,6,353
46,10,390
46,12,312
46,14,262
46,15,207
46,17,254
46,18,31
46,19,240
46,20,299
46,22,370
46,23,188
46,25,147
46,28,143
46,29,153
46,30,110
46,32,355
46,34,9
46,35,289
46,36,199
46,37,80
46,38,307
46,39,148
46,40,125
46,41,308
46,43,59
46,45,198
46,47,260
46,48,139
46,49,176
46,50,278
46,51,13
46,52,115
46,53,181
46,56,215
46,57,252
46,59,28
46,60,260
46,61,278
46,62,282
46,66,262
46,69,159
46,73,255
46,74,108
46,76,93
46,77,264
46,79,99
46,83,91
46,84,234
46,87,355
46,90,241
46,92,179
46,95,139
46,96,186
46,101,197
46,102,354
46,104,211
46,106,390
46,107,331
46,108,303
46,112,178
46,123,325
