source,target,weight
1,2,273
1,3,257
1,4,219
1,5,289
1,7,190
1,8,328
1,11,117
1,12,190
1,13,260
1,15,360
1,17,168
1,18,23
1,20,388
1,21,211
1,22,320
1,23,188
1,25,300
1,26,157
1,29,172
1,33,55
1,34,234
1,36,213
1,38,192
1,39,20
1,45,269
1,48,178
1,50,4
1,56,178
1,58,256
1,62,392
1,66,373
1,70,366
1,73,107
1,75,265
1,76,264
1,80,315
1,81,145
1,83,335
1,86,293
1,92,229
1,93,384
1,96,288
1,99,100
1,100,67
1,101,346
1,102,256
1,106,98
1,116,337
1,117,289
1,119,2
1,125,30
1,128,98
1,133,55
1,135,236
1,136,246
1,138,120
1,153,382
1,155,197
1,162,326
1,171,153
1,173,140
1,193,80
1,197,48
2,1,273
2,3,30
2,4,34
2,5,376
2,6,86
2,7,397
2,9,241
2,10,144
2,11,167
2,12,201
2,14,16
2,15,42
2,17,228
2,18,215
2,19,374
2,20,3
2,22,165
2,23,230
2,26,16
2,27,234
2,28,21
2,29,398
2,32,108
2,35,273
2,36,203
2,37,33
2,38,241
2,40,339
2,41,68
2,42,206
2,43,343
2,44,177
2,48,177
2,49,142
2,51,367
2,55,309
2,57,350
2,60,223
2,61,230
2,63,347
2,66,373
2,70,269
2,71,146
2,79,124
2,82,206
2,84,144
2,85,53
2,87,335
2,88,222
2,90,305
2,96,245
2,97,306
2,101,78
2,105,115
2,106,196
2,109,45
2,112,263
2,113,243
2,115,231
2,116,349
2,127,340
2,128,140
2,134,340
2,135,277
2,137,142
2,141,214
2,142,8
2,149,93
2,155,321
2,164,316
2,170,172
2,175,292
2,183,80
2,195,299
3,1,257
3,2,30
3,4,313
3,5,158
3,8,57
3,9,175
3,10,317
3,11,161
3,13,46
3,14,306
3,18,199
3,20,290
3,21,255
3,23,367
3,25,195
3,26,190
3,28,388
3,29,222
3,30,81
3,32,18
3,33,27
3,34,54
3,35,172
3,37,111
3,38,153
3,39,263
3,41,69
3,42,262
3,44,283
3,45,61
3,47,244
3,48,359
3,51,382
3,52,352
3,53,274
3,55,173
3,59,162
3,60,373
3,61,58
3,63,332
3,64,63
3,68,297
3,69,371
3,70,5
3,71,211
3,77,220
3,78,83
3,79,46
3,80,51
3,82,95
3,83,382
3,92,114
3,99,251
3,100,150
3,102,249
3,108,137
3,111,102
3,113,376
3,117,379
3,122,356
3,123,333
3,125,220
3,126,246
3,128,364
3,130,358
3,132,169
3,135,258
3,151,265
3,159,214
3,165,244
3,166,386
3,170,179
3,172,123
3,174,279
3,188,360
4,1,219
4,2,34
4,3,313
4,6,157
4,7,264
4,9,217
4,10,273
4,11,277
4,13,199
4,14,263
4,16,204
4,21,345
4,23,271
4,24,292
4,26,367
4,27,70
4,28,199
4,29,386
4,30,226
4,31,14
4,34,251
4,35,384
4,36,275
4,37,77
4,38,18
4,39,360
4,40,396
4,43,259
4,48,120
4,49,59
4,50,325
4,52,182
4,59,175
4,62,288
4,63,290
4,68,47
4,71,168
4,74,399
4,76,171
4,78,331
4,84,227
4,88,244
4,92,348
4,94,21
4,95,348
4,97,196
4,99,205
4,101,400
4,105,357
4,107,342
4,110,256
4,113,131
4,118,108
4,133,237
4,135,40
4,146,320
4,149,388
4,153,213
4,155,373
4,156,88
4,158,357
4,164,215
4,170,143
4,176,48
4,177,24
4,184,116
4,188,179
4,191,125
5,1,289
5,2,376
5,3,158
5,6,84
5,7,251
5,8,276
5,10,124
5,11,142
5,12,122
5,14,14
5,16,363
5,17,204
5,18,96
5,20,285
5,21,241
5,22,229
5,23,315
5,24,123
5,26,296
5,27,128
5,29,279
5,31,1
5,32,132
5,33,6
5,34,97
5,37,361
5,39,52
5,40,43
5,41,3
5,46,199
5,52,108
5,54,46
5,68,327
5,70,348
5,74,67
5,75,156
5,86,206
5,87,114
5,89,308
5,91,88
5,98,254
5,104,378
5,105,302
5,106,195
5,109,307
5,114,133
5,117,51
5,128,178
5,145,197
5,146,372
5,150,265
5,165,149
5,182,236
5,185,254
5,191,320
5,193,254
5,195,220
6,2,86
6,4,157
6,5,84
6,7,125
6,9,102
6,10,309
6,11,176
6,12,318
6,14,255
6,15,367
6,16,227
6,17,167
6,18,47
6,19,337
6,21,243
6,22,109
6,23,246
6,24,254
6,25,132
6,27,88
6,28,12
6,29,364
6,30,374
6,31,222
6,32,163
6,34,90
6,36,276
6,37,95
6,40,277
6,43,224
6,45,14
6,50,137
6,53,137
6,57,335
6,58,348
6,59,261
6,60,210
6,61,191
6,63,366
6,65,186
6,68,307
6,75,330
6,78,357
6,81,281
6,92,163
6,93,39
6,94,96
6,95,329
6,100,270
6,104,133
6,105,21
6,108,148
6,110,119
6,113,173
6,114,65
6,115,260
6,119,65
6,121,98
6,130,341
6,133,58
6,139,194
6,151,113
6,155,41
6,157,222
6,159,38
6,161,365
6,171,101
6,177,57
6,181,1
6,189,107
6,193,342
7,1,190
7,2,397
7,4,264
7,5,251
7,6,125
7,8,302
7,9,30
7,10,370
7,14,384
7,16,295
7,17,55
7,18,218
7,19,311
7,20,18
7,23,181
7,24,60
7,25,238
7,26,184
7,27,316
7,28,129
7,29,120
7,32,71
7,34,222
7,35,63
7,40,22
7,43,346
7,44,329
7,48,286
7,49,251
7,50,336
7,51,58
7,52,272
7,58,218
7,59,204
7,61,301
7,64,255
7,67,18
7,68,167
7,69,280
7,70,183
7,74,272
7,84,341
7,103,201
7,110,240
7,111,11
7,112,190
7,114,219
7,122,112
7,125,202
7,130,104
7,132,80
7,137,207
7,140,193
7,147,231
7,151,254
7,155,71
7,161,337
7,178,323
7,181,28
7,191,136
7,194,230
8,1,328
8,3,57
8,5,276
8,7,302
8,9,139
8,10,320
8,11,337
8,12,267
8,13,46
8,14,193
8,16,189
8,17,115
8,18,106
8,19,15
8,21,311
8,22,53
8,23,288
8,24,299
8,25,26
8,27,66
8,28,230
8,29,197
8,30,190
8,31,271
8,35,87
8,36,209
8,38,283
8,40,326
8,42,360
8,43,335
8,44,122
8,45,314
8,47,221
8,48,95
8,51,112
8,52,151
8,53,197
8,54,266
8,55,367
8,56,368
8,61,159
8,62,191
8,64,2
8,67,258
8,69,92
8,71,392
8,73,22
8,77,157
8,78,121
8,79,211
8,81,121
8,87,373
8,88,146
8,90,42
8,101,211
8,108,282
8,114,252
8,136,117
8,137,178
8,139,290
8,142,17
8,149,283
8,157,291
8,169,171
8,190,271
9,2,241
9,3,175
9,4,217
9,6,102
9,7,30
9,8,139
9,10,307
9,12,77
9,13,117
9,14,203
9,15,283
9,17,337
9,19,315
9,21,239
9,22,260
9,25,221
9,26,24
9,28,311
9,30,128
9,31,261
9,33,89
9,35,234
9,37,66
9,38,333
9,41,366
9,43,143
9,44,269
9,45,354
9,48,301
9,50,359
9,53,355
9,55,3
9,56,188
9,57,369
9,60,26
9,64,392
9,65,170
9,67,393
9,68,290
9,74,24
9,77,256
9,79,124
9,80,347
9,82,95
9,85,384
9,86,85
9,87,386
9,96,345
9,99,261
9,101,91
9,102,193
9,117,303
9,130,63
9,164,98
9,193,131
9,200,241
10,2,144
10,3,317
10,4,273
10,5,124
10,6,309
10,7,370
10,8,320
10,9,307
10,11,353
10,12,282
10,13,148
10,15,210
10,16,243
10,17,357
10,18,373
10,21,236
10,22,160
10,23,25
10,24,100
10,26,164
10,27,291
10,28,17
10,29,361
10,32,21
10,33,161
10,35,372
10,38,287
10,39,99
10,42,338
10,44,108
10,45,344
10,46,25
10,47,11
10,49,167
10,52,23
10,55,304
10,56,24
10,57,371
10,62,166
10,63,26
10,73,38
10,74,328
10,76,175
10,78,63
10,79,62
10,82,216
10,84,216
10,85,289
10,87,152
10,91,135
10,93,246
10,96,266
10,97,276
10,98,303
10,99,39
10,104,316
10,109,103
10,119,329
10,121,147
10,123,202
10,127,153
10,131,157
10,136,185
10,137,107
10,145,338
10,148,133
10,149,133
10,152,225
10,158,94
10,160,199
10,161,398
10,170,178
10,173,268
10,179,97
10,180,57
10,185,285
10,191,50
11,1,117
11,2,167
11,3,161
11,4,277
11,5,142
11,6,176
11,8,337
11,10,353
11,12,81
11,13,152
11,14,294
11,15,244
11,16,354
11,17,288
11,18,243
11,19,357
11,20,396
11,21,54
11,23,237
11,24,233
11,28,36
11,31,168
11,32,99
11,33,91
11,35,56
11,36,107
11,37,229
11,41,100
11,43,147
11,45,11
11,46,326
11,47,255
11,48,260
11,49,378
11,51,63
11,53,338
11,54,300
11,58,334
11,60,178
11,63,38
11,69,250
11,74,144
11,81,162
11,89,109
11,91,192
11,97,131
11,112,297
11,113,265
11,117,247
11,118,193
11,120,75
11,123,219
11,124,351
11,125,107
11,134,121
11,137,237
11,138,322
11,141,272
11,142,77
11,144,91
11,145,118
11,148,212
11,149,317
11,160,169
11,161,378
11,163,9
11,165,211
11,167,307
11,170,222
11,171,106
11,175,113
11,183,347
11,188,115
11,191,130
12,1,190
12,2,201
12,5,122
12,6,318
12,8,267
12,9,77
12,10,282
12,11,81
12,13,312
12,15,244
12,19,257
12,20,181
12,23,80
12,24,155
12,27,106
12,32,386
12,33,126
12,34,274
12,35,260
12,36,117
12,38,37
12,39,29
12,40,79
12,42,353
12,43,117
12,44,81
12,45,303
12,47,284
12,48,103
12,55,326
12,56,363
12,60,387
12,62,284
12,63,125
12,66,363
12,69,283
12,70,145
12,71,109
12,73,298
12,74,192
12,76,187
12,81,289
12,83,227
12,85,239
12,86,217
12,87,139
12,88,294
12,96,234
12,103,389
12,105,340
12,108,317
12,110,23
12,120,160
12,124,302
12,139,18
12,142,342
12,153,270
12,155,133
12,179,303
13,1,260
13,3,46
13,4,199
13,8,46
13,9,117
13,10,148
13,11,152
13,12,312
13,14,73
13,15,100
13,16,67
13,18,370
13,19,88
13,20,183
13,21,133
13,23,118
13,25,48
13,27,99
13,29,182
13,31,124
13,32,255
13,33,302
13,34,282
13,35,373
13,39,367
13,40,153
13,42,226
13,43,67
13,45,388
13,48,172
13,49,49
13,53,223
13,56,212
13,59,181
13,63,393
13,65,9
13,70,19
13,73,336
13,78,158
13,80,313
13,81,327
13,84,348
13,86,40
13,88,258
13,89,137
13,93,106
13,94,26
13,102,80
13,109,274
13,112,86
13,115,248
13,118,298
13,123,80
13,126,331
13,132,94
13,133,155
13,135,309
13,141,20
13,148,365
13,149,204
13,151,285
13,152,9
13,153,182
13,154,38
13,172,186
13,182,102
13,190,369
13,191,12
13,192,220
13,193,31
14,2,16
14,3,306
14,4,263
14,5,14
14,6,255
14,7,384
14,8,193
14,9,203
14,11,294
14,13,73
14,15,156
14,16,186
14,18,267
14,19,130
14,20,243
14,21,301
14,23,278
14,24,244
14,26,286
14,27,165
14,28,352
14,29,270
14,30,61
14,31,141
14,33,154
14,37,28
14,38,350
14,39,26
14,40,366
14,41,276
14,43,35
14,45,177
14,47,341
14,48,200
14,49,106
14,50,285
14,52,258
14,53,20
14,55,359
14,56,307
14,59,188
14,60,131
14,61,255
14,62,95
14,65,41
14,66,351
14,67,342
14,82,11
14,85,196
14,95,68
14,97,392
14,105,167
14,106,366
14,112,175
14,113,216
14,114,338
14,128,370
14,129,275
14,130,193
14,148,107
14,149,375
14,190,319
15,1,360
15,2,42
15,6,367
15,9,283
15,10,210
15,11,244
15,12,244
15,13,100
15,14,156
15,16,374
15,17,212
15,18,268
15,19,305
15,21,212
15,22,298
15,23,114
15,24,326
15,25,45
15,27,376
15,28,99
15,29,356
15,30,387
15,32,205
15,35,46
15,36,48
15,44,396
15,47,166
15,48,287
15,50,168
15,52,323
15,53,350
15,55,179
15,57,131
15,58,89
15,59,345
15,60,80
15,66,204
15,73,132
15,76,373
15,83,126
15,85,100
15,88,117
15,92,45
15,93,373
15,95,347
15,109,340
15,110,172
15,111,297
15,116,363
15,121,103
15,124,32
15,126,222
15,139,3
15,140,152
15,141,128
15,143,283
15,145,72
15,155,385
15,158,385
15,160,34
15,166,216
15,169,133
15,170,176
15,174,346
15,176,263
15,177,229
15,178,193
15,184,245
15,189,132
15,192,373
15,193,78
15,194,32
15,197,216
15,199,171
16,4,204
16,5,363
16,6,227
16,7,295
16,8,189
16,10,243
16,11,354
16,13,67
16,14,186
16,15,374
16,17,32
16,18,168
16,19,314
16,20,155
16,21,135
16,22,235
16,23,334
16,25,214
16,26,61
16,27,162
16,28,322
16,31,58
16,33,181
16,36,186
16,38,46
16,39,264
16,40,240
16,42,337
16,43,46
16,44,294
16,45,111
16,46,388
16,47,172
16,51,22
16,52,187
16,53,68
16,54,246
16,55,199
16,58,192
16,60,352
16,61,281
16,64,190
16,65,240
16,66,371
16,67,35
16,68,156
16,72,95
16,74,263
16,76,309
16,78,366
16,80,390
16,84,144
16,90,55
16,99,369
16,104,153
16,107,176
16,114,386
16,116,5
16,127,280
16,145,28
16,152,155
16,167,176
16,169,377
16,172,161
16,174,289
16,176,187
16,179,196
16,183,78
16,189,13
16,194,381
17,1,168
17,2,228
17,5,204
17,6,167
17,7,55
17,8,115
17,9,337
17,10,357
17,11,288
17,15,212
17,16,32
17,20,34
17,22,94
17,23,365
17,24,360
17,29,33
17,30,343
17,33,246
17,34,57
17,36,141
17,39,379
17,42,54
17,44,375
17,51,205
17,53,38
17,55,18
17,58,204
17,63,324
17,65,169
17,67,281
17,73,335
17,74,137
17,77,378
17,78,221
17,88,268
17,92,206
17,93,270
17,98,393
17,101,239
17,106,318
17,110,205
17,113,85
17,115,327
17,118,328
17,130,60
17,133,263
17,139,133
17,149,76
17,152,242
17,161,400
17,168,153
17,175,179
17,182,84
17,183,14
17,187,259
17,189,70
17,194,343
18,1,23
18,2,215
18,3,199
18,5,96
18,6,47
18,7,218
18,8,106
18,10,373
18,11,243
18,13,370
18,14,267
18,15,268
18,16,168
18,19,376
18,20,38
18,21,37
18,25,194
18,26,349
18,29,383
18,30,223
18,31,399
18,35,5
18,38,359
18,40,171
18,41,278
18,46,165
18,47,135
18,48,115
18,49,192
18,51,310
18,53,389
18,54,266
18,59,319
18,64,16
18,67,98
18,68,105
18,69,73
18,70,58
18,75,156
18,77,317
18,85,148
18,86,90
18,87,261
18,89,89
18,91,1
18,97,73
18,106,259
18,118,234
18,123,22
18,124,132
18,127,37
18,145,342
18,151,101
18,155,178
18,156,314
18,174,183
18,177,265
18,182,138
18,191,2
18,195,128
18,200,222
19,2,374
19,6,337
19,7,311
19,8,15
19,9,315
19,11,357
19,12,257
19,13,88
19,14,130
19,15,305
19,16,314
19,18,376
19,20,314
19,21,392
19,22,140
19,23,373
19,25,280
19,26,4
19,29,331
19,30,100
19,31,358
19,32,394
19,33,196
19,34,256
19,35,272
19,36,3
19,37,75
19,38,243
19,39,235
19,40,103
19,42,169
19,44,182
19,45,200
19,47,189
19,49,350
19,50,109
19,51,68
19,54,48
19,57,363
19,59,298
19,60,37
19,64,106
19,66,50
19,68,256
19,73,377
19,77,161
19,80,304
19,82,40
19,85,76
19,90,357
19,91,400
19,94,334
19,110,284
19,113,203
19,114,289
19,119,366
19,134,49
19,136,220
19,144,243
19,146,361
19,153,144
19,156,1
19,160,214
19,167,307
19,184,203
19,187,301
20,1,388
20,2,3
20,3,290
20,5,285
20,7,18
20,11,396
20,12,181
20,13,183
20,14,243
20,16,155
20,17,34
20,18,38
20,19,314
20,21,166
20,22,237
20,23,251
20,25,143
20,26,80
20,28,328
20,29,264
20,32,256
20,33,60
20,34,156
20,35,386
20,36,37
20,38,348
20,41,8
20,46,68
20,47,210
20,50,209
20,55,41
20,56,238
20,57,256
20,63,61
20,66,191
20,70,338
20,79,113
20,84,215
20,87,134
20,92,149
20,102,96
20,111,108
20,113,358
20,115,318
20,117,398
20,124,271
20,136,379
20,139,64
20,145,314
20,165,368
20,171,244
20,173,89
20,174,93
20,191,242
20,193,198
21,1,211
21,3,255
21,4,345
21,5,241
21,6,243
21,8,311
21,9,239
21,10,236
21,11,54
21,13,133
21,14,301
21,15,212
21,16,135
21,18,37
21,19,392
21,20,166
21,22,184
21,24,398
21,25,305
21,26,399
21,30,334
21,31,280
21,32,151
21,33,253
21,34,181
21,35,62
21,37,327
21,39,357
21,40,359
21,41,72
21,42,12
21,43,308
21,44,49
21,45,96
21,46,37
21,47,125
21,49,227
21,50,169
21,53,113
21,55,65
21,57,174
21,61,98
21,63,2
21,64,122
21,69,400
21,72,271
21,76,49
21,77,393
21,80,210
21,88,111
21,98,15
21,99,382
21,102,132
21,103,27
21,113,302
21,117,240
21,122,85
21,124,25
21,126,306
21,127,73
21,128,200
21,133,197
21,135,375
21,141,116
21,147,217
21,159,250
21,164,128
21,169,19
21,171,83
21,176,271
21,180,336
21,193,323
21,194,365
21,200,87
22,1,320
22,2,165
22,5,229
22,6,109
22,8,53
22,9,260
22,10,160
22,15,298
22,16,235
22,17,94
22,19,140
22,20,237
22,21,184
22,24,382
22,25,182
22,26,329
22,28,195
22,29,234
22,31,154
22,34,81
22,39,87
22,40,317
22,43,15
22,46,76
22,47,220
22,49,325
22,50,360
22,51,228
22,52,267
22,54,249
22,56,202
22,57,318
22,58,274
22,60,127
22,61,359
22,63,195
22,67,100
22,68,263
22,71,129
22,72,381
22,78,16
22,85,171
22,89,306
22,95,61
22,96,168
22,114,45
22,117,240
22,129,51
22,134,78
22,140,166
22,141,84
22,142,109
22,143,143
22,146,308
22,151,127
22,152,381
22,157,148
22,162,350
22,167,188
22,170,140
22,171,103
22,176,283
22,189,225
23,1,188
23,2,230
23,3,367
23,4,271
23,5,315
23,6,246
23,7,181
23,8,288
23,10,25
23,11,237
23,12,80
23,13,118
23,14,278
23,15,114
23,16,334
23,17,365
23,19,373
23,20,251
23,24,4
23,25,84
23,27,208
23,30,151
23,31,30
23,33,200
23,34,66
23,35,226
23,36,50
23,37,244
23,38,273
23,39,108
23,40,133
23,42,248
23,43,144
23,44,328
23,45,51
23,46,271
23,49,106
23,50,372
23,52,17
23,54,109
23,56,124
23,57,275
23,58,116
23,61,19
23,62,47
23,63,376
23,70,58
23,72,185
23,76,210
23,78,311
23,80,370
23,82,186
23,85,85
23,87,138
23,93,189
23,96,98
23,97,372
23,101,341
23,104,381
23,107,212
23,110,339
23,113,132
23,116,225
23,120,123
23,127,34
23,135,145
23,140,262
23,165,378
23,188,239
24,4,292
24,5,123
24,6,254
24,7,60
24,8,299
24,10,100
24,11,233
24,12,155
24,14,244
24,15,326
24,17,360
24,21,398
24,22,382
24,23,4
24,25,95
24,27,120
24,28,22
24,30,181
24,33,362
24,34,367
24,35,47
24,37,110
24,38,57
24,39,292
24,40,152
24,41,322
24,43,16
24,45,194
24,48,242
24,49,206
24,52,73
24,54,330
24,55,149
24,56,48
24,59,38
24,64,172
24,72,183
24,73,110
24,74,338
24,75,203
24,76,258
24,77,110
24,81,142
24,85,290
24,97,16
24,98,163
24,104,308
24,109,77
24,120,159
24,121,265
24,122,49
24,123,326
24,125,398
24,130,84
24,136,34
24,138,18
24,142,74
24,151,273
24,170,166
24,178,399
24,181,397
24,183,200
24,191,249
25,1,300
25,3,195
25,6,132
25,7,238
25,8,26
25,9,221
25,13,48
25,15,45
25,16,214
25,18,194
25,19,280
25,20,143
25,21,305
25,22,182
25,23,84
25,24,95
25,26,19
25,27,250
25,28,104
25,30,365
25,31,357
25,32,88
25,37,142
25,39,155
25,43,360
25,44,365
25,46,97
25,48,98
25,49,352
25,50,290
25,55,108
25,57,119
25,58,320
25,60,103
25,61,400
25,62,43
25,63,316
25,64,197
25,65,102
25,66,266
25,67,198
25,72,161
25,73,1
25,75,232
25,83,112
25,84,160
25,85,118
25,86,347
25,89,333
25,92,17
25,99,158
25,106,303
25,108,313
25,115,288
25,125,351
25,128,303
25,132,84
25,137,161
25,139,372
25,143,82
25,165,91
25,177,58
25,190,129
25,195,121
25,198,102
26,1,157
26,2,16
26,3,190
26,4,367
26,5,296
26,7,184
26,9,24
26,10,164
26,14,286
26,16,61
26,18,349
26,19,4
26,20,80
26,21,399
26,22,329
26,25,19
26,27,5
26,28,42
26,30,52
26,31,107
26,32,82
26,33,114
26,34,387
26,35,69
26,41,5
26,43,391
26,44,223
26,47,388
26,48,270
26,52,66
26,53,29
26,56,103
26,58,275
26,59,162
26,60,27
26,61,324
26,62,44
26,64,220
26,66,362
26,69,159
26,71,177
26,72,82
26,77,323
26,81,89
26,93,153
26,98,74
26,103,351
26,105,353
26,107,224
26,116,229
26,119,96
26,122,204
26,123,23
26,131,277
26,133,390
26,149,308
26,156,171
26,172,330
26,178,380
26,187,301
26,189,394
27,2,234
27,4,70
27,5,128
27,6,88
27,7,316
27,8,66
27,10,291
27,12,106
27,13,99
27,14,165
27,15,376
27,16,162
27,23,208
27,24,120
27,25,250
27,26,5
27,28,164
27,30,21
27,31,86
27,32,179
27,36,60
27,38,12
27,41,203
27,42,186
27,43,131
27,44,313
27,45,254
27,46,218
27,47,155
27,48,95
27,50,377
27,51,35
27,52,14
27,56,296
27,57,347
27,60,12
27,64,206
27,66,366
27,69,317
27,70,383
27,72,228
27,77,57
27,78,204
27,79,288
27,88,186
27,89,393
27,93,72
27,97,96
27,108,392
27,109,137
27,129,92
27,130,112
27,134,368
27,136,332
27,138,228
27,140,360
27,143,273
27,148,12
27,150,213
27,151,147
27,156,48
27,162,183
27,168,87
27,186,386
27,193,40
28,2,21
28,3,388
28,4,199
28,6,12
28,7,129
28,8,230
28,9,311
28,10,17
28,11,36
28,14,352
28,15,99
28,16,322
28,20,328
28,22,195
28,24,22
28,25,104
28,26,42
28,27,164
28,29,295
28,30,112
28,31,141
28,32,179
28,33,194
28,36,349
28,37,362
28,39,319
28,40,4
28,41,168
28,43,145
28,45,297
28,46,202
28,48,121
28,49,346
28,51,46
28,53,197
28,59,108
28,60,262
28,64,235
28,65,375
28,68,361
28,72,222
28,76,244
28,77,174
28,79,254
28,80,303
28,83,90
28,84,77
28,85,337
28,86,180
28,88,215
28,90,16
28,93,359
28,96,341
28,99,275
28,100,278
28,105,298
28,111,352
28,117,240
28,131,59
28,136,246
28,145,119
28,149,368
28,158,25
29,1,172
29,2,398
29,3,222
29,4,386
29,5,279
29,6,364
29,7,120
29,8,197
29,10,361
29,13,182
29,14,270
29,15,356
29,17,33
29,18,383
29,19,331
29,20,264
29,22,234
29,28,295
29,30,118
29,31,109
29,32,4
29,33,49
29,34,224
29,35,52
29,37,316
29,38,369
29,41,293
29,44,283
29,49,304
29,50,220
29,51,207
29,60,24
29,65,378
29,69,142
29,71,300
29,73,38
29,81,301
29,85,41
29,86,340
29,88,218
29,89,85
29,93,79
29,96,90
29,99,276
29,111,117
29,128,133
29,140,388
29,142,211
29,148,117
29,155,40
29,187,100
30,3,81
30,4,226
30,6,374
30,8,190
30,9,128
30,14,61
30,15,387
30,17,343
30,18,223
30,19,100
30,21,334
30,23,151
30,24,181
30,25,365
30,26,52
30,27,21
30,28,112
30,29,118
30,31,118
30,32,231
30,33,243
30,36,359
30,37,272
30,38,167
30,40,98
30,41,394
30,42,67
30,44,205
30,45,143
30,48,362
30,49,65
30,50,123
30,52,348
30,54,328
30,55,337
30,56,147
30,57,380
30,61,116
30,62,100
30,65,190
30,69,313
30,71,345
30,72,164
30,77,323
30,78,396
30,80,24
30,81,128
30,83,348
30,84,211
30,85,193
30,86,214
30,90,161
30,94,245
30,95,90
30,101,31
30,108,184
30,114,252
30,117,349
30,121,328
30,147,162
30,150,126
30,163,144
30,169,302
30,180,266
30,188,81
30,189,109
30,193,311
31,4,14
31,5,1
31,6,222
31,8,271
31,9,261
31,11,168
31,13,124
31,14,141
31,16,58
31,18,399
31,19,358
31,21,280
31,22,154
31,23,30
31,25,357
31,26,107
31,27,86
31,28,141
31,29,109
31,30,118
31,33,194
31,36,299
31,37,158
31,38,109
31,42,112
31,46,90
31,47,121
31,49,376
31,51,384
31,53,183
31,55,211
31,56,199
31,60,20
31,66,127
31,68,198
31,72,171
31,82,321
31,86,341
31,87,64
31,90,175
31,97,129
31,101,163
31,103,380
31,109,28
31,119,58
31,132,286
31,134,278
31,137,281
31,138,55
31,150,35
31,154,227
31,158,51
31,166,5
31,167,349
31,177,4
31,181,93
31,182,121
31,186,188
31,189,257
31,194,61
31,199,385
32,2,108
32,3,18
32,5,132
32,6,163
32,7,71
32,10,21
32,11,99
32,12,386
32,13,255
32,15,205
32,19,394
32,20,256
32,21,151
32,25,88
32,26,82
32,27,179
32,28,179
32,29,4
32,30,231
32,36,83
32,37,199
32,38,358
32,39,307
32,40,322
32,43,313
32,46,113
32,50,393
32,51,393
32,62,192
32,64,285
32,65,196
32,72,110
32,73,185
32,74,375
32,79,377
32,87,370
32,91,39
32,92,375
32,94,8
32,95,1
32,97,186
32,100,117
32,103,140
32,122,330
32,123,288
32,128,88
32,129,230
32,137,85
32,154,329
32,157,282
32,168,30
32,171,321
32,178,92
32,182,350
32,188,326
32,194,275
32,197,81
33,1,55
33,3,27
33,5,6
33,9,89
33,10,161
33,11,91
33,12,126
33,13,302
33,14,154
33,16,181
33,17,246
33,19,196
33,20,60
33,21,253
33,23,200
33,24,362
33,26,114
33,28,194
33,29,49
33,30,243
33,31,194
33,36,257
33,39,215
33,40,213
33,42,327
33,44,297
33,45,192
33,46,23
33,47,336
33,53,283
33,55,260
33,58,205
33,59,70
33,60,173
33,61,105
33,63,101
33,65,291
33,68,358
33,70,91
33,71,390
33,76,178
33,77,271
33,78,191
33,83,396
33,87,181
33,91,341
33,97,76
33,103,32
33,104,217
33,118,263
33,130,238
33,132,21
33,141,192
33,154,232
33,156,383
33,163,314
33,164,120
33,166,291
33,168,281
33,180,381
34,1,234
34,3,54
34,4,251
34,5,97
34,6,90
34,7,222
34,12,274
34,13,282
34,17,57
34,19,256
34,20,156
34,21,181
34,22,81
34,23,66
34,24,367
34,26,387
34,29,224
34,35,161
34,36,176
34,37,323
34,40,370
34,42,193
34,43,148
34,46,378
34,49,122
34,51,57
34,56,155
34,57,342
34,58,18
34,59,54
34,60,16
34,62,32
34,67,174
34,69,341
34,72,331
34,81,118
34,83,183
34,85,205
34,90,248
34,92,34
34,95,285
34,103,255
34,104,109
34,105,395
34,108,386
34,109,329
34,111,182
34,115,294
34,137,351
34,141,322
34,144,195
34,146,102
34,150,170
34,152,105
34,158,128
34,160,232
34,171,297
34,179,287
34,199,40
35,2,273
35,3,172
35,4,384
35,7,63
35,8,87
35,9,234
35,10,372
35,11,56
35,12,260
35,13,373
35,15,46
35,18,5
35,19,272
35,20,386
35,21,62
35,23,226
35,24,47
35,26,69
35,29,52
35,34,161
35,37,81
35,41,363
35,42,281
35,46,334
35,50,310
35,51,134
35,57,389
35,58,271
35,62,29
35,64,214
35,66,83
35,71,135
35,78,163
35,84,204
35,87,284
35,94,70
35,95,234
35,102,67
35,108,320
35,122,205
35,125,380
35,130,190
35,131,195
35,134,56
35,168,88
35,177,152
35,184,54
35,185,329
36,1,213
36,2,203
36,4,275
36,6,276
36,8,209
36,11,107
36,12,117
36,15,48
36,16,186
36,17,141
36,19,3
36,20,37
36,23,50
36,27,60
36,28,349
36,30,359
36,31,299
36,32,83
36,33,257
36,34,176
36,37,104
36,39,172
36,41,40
36,44,381
36,46,224
36,47,180
36,51,336
36,55,65
36,56,89
36,57,122
36,58,365
36,59,42
36,60,14
36,62,122
36,63,294
36,64,318
36,67,348
36,68,156
36,73,168
36,74,340
36,78,221
36,80,233
36,83,194
36,89,144
36,97,382
36,98,279
36,100,284
36,101,15
36,103,29
36,104,259
36,112,323
36,114,337
36,115,14
36,116,169
36,119,16
36,131,241
36,138,274
36,139,64
36,143,361
36,146,372
36,148,318
36,151,138
36,153,391
36,161,300
36,164,19
36,170,54
36,179,138
36,183,299
36,184,259
36,190,230
37,2,33
37,3,111
37,4,77
37,5,361
37,6,95
37,9,66
37,11,229
37,14,28
37,19,75
37,21,327
37,23,244
37,24,110
37,25,142
37,28,362
37,29,316
37,30,272
37,31,158
37,32,199
37,34,323
37,35,81
37,36,104
37,40,56
37,43,305
37,46,147
37,51,295
37,57,296
37,59,129
37,60,81
37,62,142
37,68,21
37,71,290
37,73,302
37,76,305
37,79,71
37,81,179
37,83,193
37,88,393
37,92,25
37,96,369
37,119,72
37,121,234
37,126,378
37,127,348
37,128,123
37,132,266
37,134,110
37,139,170
37,141,316
37,143,47
37,154,313
37,155,98
37,163,6
37,164,286
37,170,216
37,175,369
37,177,222
37,180,260
37,181,10
37,183,386
37,190,59
37,192,223
37,194,383
38,1,192
38,2,241
38,3,153
38,4,18
38,8,283
38,9,333
38,10,287
38,12,37
38,14,350
38,16,46
38,18,359
38,19,243
38,20,348
38,23,273
38,24,57
38,27,12
38,29,369
38,30,167
38,31,109
38,32,358
38,41,342
38,42,304
38,43,271
38,44,65
38,45,247
38,47,161
38,53,248
38,54,262
38,60,322
38,61,261
38,63,79
38,65,341
38,70,3
38,72,310
38,73,54
38,74,26
38,76,206
38,78,9
38,81,399
38,82,34
38,90,14
38,91,89
38,95,306
38,97,57
38,102,339
38,110,339
38,111,385
38,114,24
38,118,100
38,119,240
38,121,273
38,131,327
38,133,106
38,137,135
38,138,295
38,150,158
38,151,41
38,163,136
38,167,3
38,172,140
38,180,109
38,193,130
38,198,40
39,1,20
39,3,263
39,4,360
39,5,52
39,10,99
39,12,29
39,13,367
39,14,26
39,16,264
39,17,379
39,19,235
39,21,357
39,22,87
39,23,108
39,24,292
39,25,155
39,28,319
39,32,307
39,33,215
39,36,172
39,42,206
39,44,118
39,45,119
39,46,265
39,47,390
39,48,14
39,52,289
39,56,330
39,59,170
39,60,8
39,71,334
39,77,304
39,78,321
39,80,341
39,82,239
39,83,22
39,84,79
39,85,50
39,95,174
39,100,198
39,102,247
39,107,254
39,110,250
39,118,319
39,119,180
39,129,229
39,131,295
39,134,184
39,137,190
39,147,161
39,149,349
39,150,109
39,152,85
39,172,342
39,194,311
39,196,48
40,2,339
40,4,396
40,5,43
40,6,277
40,7,22
40,8,326
40,12,79
40,13,153
40,14,366
40,16,240
40,18,171
40,19,103
40,21,359
40,22,317
40,23,133
40,24,152
40,28,4
40,30,98
40,32,322
40,33,213
40,34,370
40,37,56
40,42,195
40,43,110
40,44,242
40,45,258
40,47,67
40,50,358
40,52,282
40,54,330
40,63,152
40,65,234
40,66,230
40,67,387
40,70,5
40,72,136
40,74,371
40,79,134
40,81,345
40,83,358
40,89,36
40,96,293
40,97,95
40,98,379
40,101,48
40,102,297
40,103,51
40,104,324
40,107,252
40,109,191
40,111,136
40,112,285
40,115,11
40,116,373
40,122,45
40,131,6
40,153,395
40,158,79
40,159,366
40,167,214
40,172,241
40,183,126
40,187,123
40,199,120
41,2,68
41,3,69
41,5,3
41,9,366
41,11,100
41,14,276
41,18,278
41,20,8
41,21,72
41,24,322
41,26,5
41,27,203
41,28,168
41,29,293
41,30,394
41,35,363
41,36,40
41,38,342
41,42,302
41,45,313
41,46,49
41,48,101
41,51,253
41,54,231
41,55,99
41,56,192
41,58,353
41,61,145
41,68,30
41,74,261
41,78,271
41,90,197
41,91,367
41,96,288
41,99,108
41,102,39
41,109,273
41,110,185
41,112,130
41,116,257
41,128,25
41,130,53
41,135,181
41,137,100
41,151,256
41,154,88
41,159,305
41,179,61
41,181,189
41,189,391
41,190,72
41,195,320
41,199,258
42,2,206
42,3,262
42,8,360
42,10,338
42,12,353
42,13,226
42,16,337
42,17,54
42,19,169
42,21,12
42,23,248
42,27,186
42,30,67
42,31,112
42,33,327
42,34,193
42,35,281
42,38,304
42,39,206
42,40,195
42,41,302
42,46,38
42,48,111
42,50,267
42,51,268
42,52,240
42,55,11
42,57,256
42,59,46
42,61,253
42,64,31
42,65,118
42,67,156
42,68,90
42,70,374
42,71,120
42,73,251
42,75,292
42,76,141
42,77,50
42,87,254
42,89,106
42,91,38
42,95,51
42,102,162
42,107,93
42,108,62
42,110,94
42,116,215
42,119,340
42,121,65
42,125,394
42,126,139
42,135,241
42,137,229
42,138,201
42,139,184
42,140,40
42,143,152
42,148,209
42,152,228
42,154,10
42,155,318
42,167,381
42,174,56
42,198,89
43,2,343
43,4,259
43,6,224
43,7,346
43,8,335
43,9,143
43,11,147
43,12,117
43,13,67
43,14,35
43,16,46
43,21,308
43,22,15
43,23,144
43,24,16
43,25,360
43,26,391
43,27,131
43,28,145
43,32,313
43,34,148
43,37,305
43,38,271
43,40,110
43,46,64
43,49,228
43,50,173
43,52,174
43,54,4
43,55,290
43,62,229
43,65,303
43,66,183
43,73,325
43,77,228
43,78,169
43,80,387
43,81,111
43,86,22
43,89,149
43,91,56
43,93,54
43,98,148
43,106,215
43,107,154
43,111,225
43,115,307
43,123,176
43,130,375
43,135,252
43,140,339
43,147,173
43,157,379
43,175,140
43,176,104
43,179,203
43,181,377
43,182,99
43,185,92
43,198,285
43,199,98
44,2,177
44,3,283
44,7,329
44,8,122
44,9,269
44,10,108
44,12,81
44,15,396
44,16,294
44,17,375
44,19,182
44,21,49
44,23,328
44,25,365
44,26,223
44,27,313
44,29,283
44,30,205
44,33,297
44,36,381
44,38,65
44,39,118
44,40,242
44,48,359
44,54,44
44,56,24
44,59,180
44,63,306
44,67,204
44,69,211
44,73,158
44,77,233
44,86,42
44,109,342
44,112,400
44,116,139
44,117,66
44,122,357
44,124,65
44,128,293
44,130,223
44,138,240
44,142,114
44,145,62
44,147,179
44,153,337
44,157,233
44,161,121
44,162,289
44,176,5
44,192,310
44,195,216
44,196,260
44,198,384
44,200,79
45,1,269
45,3,61
45,6,14
45,8,314
45,9,354
45,10,344
45,11,11
45,12,303
45,13,388
45,14,177
45,16,111
45,19,200
45,21,96
45,23,51
45,24,194
45,27,254
45,28,297
45,30,143
45,33,192
45,38,247
45,39,119
45,40,258
45,41,313
45,52,83
45,53,12
45,61,297
45,62,66
45,65,81
45,66,156
45,70,342
45,72,134
45,75,85
45,79,153
45,81,204
45,82,75
45,83,344
45,85,218
45,86,82
45,87,19
45,92,335
45,97,256
45,101,354
45,102,122
45,111,386
45,117,65
45,119,399
45,120,327
45,122,195
45,130,317
45,131,190
45,132,303
45,135,68
45,138,331
45,145,348
45,150,180
45,153,152
45,155,126
45,157,118
45,159,121
45,162,234
45,164,183
45,175,394
45,178,376
45,179,284
45,180,237
46,5,199
46,10,25
46,11,326
46,16,388
46,18,165
46,20,68
46,21,37
46,22,76
46,23,271
46,25,97
46,27,218
46,28,202
46,31,90
46,32,113
46,33,23
46,34,378
46,35,334
46,36,224
46,37,147
46,39,265
46,41,49
46,42,38
46,43,64
46,47,96
46,48,223
46,50,160
46,51,373
46,53,367
46,55,367
46,59,263
46,62,359
46,63,198
46,65,165
46,70,186
46,71,42
46,74,143
46,78,325
46,80,227
46,81,181
46,82,136
46,85,372
46,91,115
46,94,77
46,100,246
46,101,277
46,103,87
46,115,45
46,117,229
46,118,15
46,123,218
46,124,330
46,127,44
46,154,180
46,155,304
46,169,17
46,171,182
46,176,33
46,184,74
46,186,285
46,190,97
46,198,363
46,200,55
47,3,244
47,8,221
47,10,11
47,11,255
47,12,284
47,14,341
47,15,166
47,16,172
47,18,135
47,19,189
47,20,210
47,21,125
47,22,220
47,26,388
47,27,155
47,31,121
47,33,336
47,36,180
47,38,161
47,39,390
47,40,67
47,46,96
47,53,141
47,54,326
47,57,342
47,58,388
47,61,356
47,65,293
47,67,191
47,68,346
47,70,380
47,75,91
47,76,77
47,77,385
47,80,318
47,82,172
47,86,334
47,88,246
47,92,58
47,98,312
47,101,141
47,107,206
47,116,368
47,117,355
47,127,30
47,131,349
47,134,399
47,140,34
47,142,213
47,144,148
47,146,257
47,148,254
47,149,256
47,155,325
47,159,235
47,165,40
47,167,224
47,175,287
47,182,363
47,189,114
47,190,267
47,200,142
48,1,178
48,2,177
48,3,359
48,4,120
48,7,286
48,8,95
48,9,301
48,11,260
48,12,103
48,13,172
48,14,200
48,15,287
48,18,115
48,24,242
48,25,98
48,26,270
48,27,95
48,28,121
48,30,362
48,39,14
48,41,101
48,42,111
48,44,359
48,46,223
48,49,261
48,50,130
48,52,99
48,53,11
48,55,214
48,56,234
48,60,157
48,62,149
48,65,218
48,67,215
48,68,76
48,69,78
48,71,153
48,74,42
48,75,369
48,77,310
48,78,32
48,85,280
48,86,128
48,89,293
48,90,329
48,93,127
48,98,278
48,105,368
48,119,386
48,122,246
48,132,392
48,143,97
48,156,193
48,157,81
48,164,356
48,166,296
48,168,348
48,181,315
48,183,14
48,186,367
48,193,240
48,194,135
48,195,243
48,199,273
49,2,142
49,4,59
49,7,251
49,10,167
49,11,378
49,13,49
49,14,106
49,18,192
49,19,350
49,21,227
49,22,325
49,23,106
49,24,206
49,25,352
49,28,346
49,29,304
49,30,65
49,31,376
49,34,122
49,43,228
49,48,261
49,50,316
49,52,190
49,53,40
49,54,330
49,57,160
49,58,345
49,59,179
49,64,310
49,66,30
49,67,217
49,69,324
49,70,167
49,71,293
49,76,5
49,83,1
49,87,198
49,96,278
49,98,231
49,103,32
49,108,212
49,110,355
49,112,48
49,115,7
49,121,100
49,123,137
49,135,308
49,137,165
49,141,256
49,144,171
49,150,304
49,157,318
49,158,338
49,165,179
49,170,249
49,177,329
49,178,388
49,182,179
49,185,199
49,192,167
49,197,309
49,200,107
50,1,4
50,4,325
50,6,137
50,7,336
50,9,359
50,14,285
50,15,168
50,19,109
50,20,209
50,21,169
50,22,360
50,23,372
50,25,290
50,27,377
50,29,220
50,30,123
50,32,393
50,35,310
50,40,358
50,42,267
50,43,173
50,46,160
50,48,130
50,49,316
50,52,73
50,54,181
50,57,353
50,58,9
50,59,232
50,61,52
50,66,170
50,67,50
50,75,114
50,76,188
50,79,388
50,81,179
50,83,295
50,90,3
50,91,379
50,98,233
50,100,209
50,106,95
50,110,151
50,113,229
50,114,333
50,117,154
50,121,359
50,124,8
50,125,339
50,129,116
50,131,205
50,151,368
50,153,66
50,154,371
50,165,123
50,166,252
50,171,127
50,172,120
50,173,353
50,174,211
50,177,252
50,185,36
50,193,312
50,194,87
50,197,314
50,198,350
51,2,367
51,3,382
51,7,58
51,8,112
51,11,63
51,16,22
51,17,205
51,18,310
51,19,68
51,22,228
51,27,35
51,28,46
51,29,207
51,31,384
51,32,393
51,34,57
51,35,134
51,36,336
51,37,295
51,41,253
51,42,268
51,46,373
51,52,136
51,56,366
51,58,109
51,62,131
51,63,175
51,65,128
51,67,132
51,68,351
51,71,34
51,74,137
51,75,219
51,82,119
51,86,65
51,88,373
51,105,63
51,112,386
51,114,179
51,120,162
51,124,135
51,125,220
51,128,212
51,133,323
51,134,147
51,137,80
51,139,329
51,140,137
51,142,350
51,157,68
51,158,199
51,167,198
51,173,225
51,179,355
51,183,124
51,186,260
51,191,179
51,192,98
52,3,352
52,4,182
52,5,108
52,7,272
52,8,151
52,10,23
52,14,258
52,15,323
52,16,187
52,22,267
52,23,17
52,24,73
52,26,66
52,27,14
52,30,348
52,39,289
52,40,282
52,42,240
52,43,174
52,45,83
52,48,99
52,49,190
52,50,73
52,51,136
52,54,12
52,55,176
52,60,97
52,61,382
52,62,205
52,64,285
52,65,1
52,67,232
52,73,391
52,78,140
52,79,335
52,89,166
52,91,63
52,93,14
52,99,399
52,103,298
52,113,47
52,114,330
52,120,160
52,126,63
52,129,267
52,131,372
52,133,2
52,136,122
52,140,325
52,148,342
52,151,176
52,153,188
52,154,213
52,159,122
52,161,391
52,169,302
52,172,245
52,174,141
52,183,91
52,193,245
52,194,92
52,196,231
52,200,267
53,3,274
53,6,137
53,8,197
53,9,355
53,11,338
53,13,223
53,14,20
53,15,350
53,16,68
53,17,38
53,18,389
53,21,113
53,26,29
53,28,197
53,31,183
53,33,283
53,38,248
53,45,12
53,46,367
53,47,141
53,48,11
53,49,40
53,61,348
53,62,71
53,67,399
53,68,31
53,76,63
53,79,15
53,83,87
53,85,147
53,86,156
53,88,20
53,94,345
53,104,291
53,107,72
53,112,307
53,114,263
53,116,333
53,118,102
53,121,102
53,122,167
53,125,168
53,146,290
53,148,296
53,150,24
53,153,179
53,170,206
53,172,260
53,174,184
53,187,33
54,5,46
54,8,266
54,11,300
54,16,246
54,18,266
54,19,48
54,22,249
54,23,109
54,24,330
54,30,328
54,38,262
54,40,330
54,41,231
54,43,4
54,44,44
54,47,326
54,49,330
54,50,181
54,52,12
54,57,181
54,60,20
54,62,144
54,64,15
54,72,150
54,73,336
54,74,196
54,75,380
54,76,168
54,81,123
54,85,104
54,89,279
54,91,306
54,95,93
54,96,166
54,98,389
54,105,180
54,106,102
54,107,55
54,108,78
54,112,333
54,123,210
54,125,199
54,126,323
54,127,71
54,129,172
54,135,391
54,143,91
54,149,13
54,152,328
54,154,204
54,169,389
54,174,5
54,183,78
54,188,237
54,196,16
55,2,309
55,3,173
55,8,367
55,9,3
55,10,304
55,12,326
55,14,359
55,15,179
55,16,199
55,17,18
55,20,41
55,21,65
55,24,149
55,25,108
55,30,337
55,31,211
55,33,260
55,36,65
55,41,99
55,42,11
55,43,290
55,46,367
55,48,214
55,52,176
55,57,2
55,69,83
55,70,292
55,73,18
55,75,384
55,77,392
55,80,310
55,90,21
55,97,116
55,100,387
55,107,110
55,118,201
55,119,46
55,120,155
55,129,19
55,135,370
55,140,183
55,144,157
55,145,245
55,165,96
55,184,118
55,189,9
55,199,57
56,1,178
56,8,368
56,9,188
56,10,24
56,12,363
56,13,212
56,14,307
56,20,238
56,22,202
56,23,124
56,24,48
56,26,103
56,27,296
56,30,147
56,31,199
56,34,155
56,36,89
56,39,330
56,41,192
56,44,24
56,48,234
56,51,366
56,67,245
56,70,363
56,71,121
56,74,135
56,76,262
56,77,344
56,83,175
56,84,285
56,88,325
56,89,55
56,92,56
56,93,185
56,96,365
56,101,358
56,104,88
56,106,110
56,109,279
56,111,118
56,117,280
56,122,67
56,130,113
56,132,27
56,145,114
56,150,341
56,168,193
56,169,268
56,170,71
56,173,234
56,186,292
56,191,225
56,196,341
57,2,350
57,6,335
57,9,369
57,10,371
57,15,131
57,19,363
57,20,256
57,21,174
57,22,318
57,23,275
57,25,119
57,27,347
57,30,380
57,34,342
57,35,389
57,36,122
57,37,296
57,42,256
57,47,342
57,49,160
57,50,353
57,54,181
57,55,2
57,58,119
57,60,309
57,61,136
57,64,372
57,66,203
57,68,22
57,70,93
57,71,58
57,72,138
57,74,164
57,75,4
57,77,384
57,80,278
57,81,6
57,82,250
57,89,113
57,90,353
57,91,154
57,100,69
57,124,313
57,126,46
57,128,363
57,130,99
57,144,398
57,146,293
57,152,303
57,153,281
57,154,219
57,155,237
57,162,146
57,172,365
57,178,68
57,180,134
57,182,326
57,183,372
57,195,162
58,1,256
58,6,348
58,7,218
58,11,334
58,15,89
58,16,192
58,17,204
58,22,274
58,23,116
58,25,320
58,26,275
58,33,205
58,34,18
58,35,271
58,36,365
58,41,353
58,47,388
58,49,345
58,50,9
58,51,109
58,57,119
58,61,145
58,62,277
58,63,230
58,64,210
58,67,73
58,68,330
58,71,25
58,72,396
58,75,87
58,82,296
58,84,258
58,86,215
58,90,186
58,95,6
58,96,3
58,104,216
58,105,37
58,110,264
58,117,139
58,121,100
58,123,143
58,133,128
58,140,5
58,149,365
58,160,199
58,162,213
58,167,238
58,171,114
58,172,129
58,173,313
58,174,234
58,183,282
59,3,162
59,4,175
59,6,261
59,7,204
59,13,181
59,14,188
59,15,345
59,18,319
59,19,298
59,24,38
59,26,162
59,28,108
59,33,70
59,34,54
59,36,42
59,37,129
59,39,170
59,42,46
59,44,180
59,46,263
59,49,179
59,50,232
59,65,49
59,66,383
59,71,274
59,72,227
59,75,183
59,77,298
59,78,95
59,80,276
59,81,182
59,89,186
59,91,233
59,94,179
59,95,136
59,99,352
59,100,90
59,103,144
59,104,32
59,108,297
59,111,70
59,118,4
59,132,261
59,136,59
59,143,247
59,146,39
59,147,394
59,153,88
59,155,74
59,157,222
59,159,372
59,160,331
59,163,337
59,165,295
59,174,79
59,189,255
59,190,302
60,2,223
60,3,373
60,6,210
60,9,26
60,11,178
60,12,387
60,14,131
60,15,80
60,16,352
60,19,37
60,22,127
60,25,103
60,26,27
60,27,12
60,28,262
60,29,24
60,31,20
60,33,173
60,34,16
60,36,14
60,37,81
60,38,322
60,39,8
60,48,157
60,52,97
60,54,20
60,57,309
60,63,121
60,64,244
60,66,166
60,69,263
60,72,192
60,73,36
60,75,219
60,77,265
60,83,300
60,84,320
60,87,51
60,90,10
60,96,259
60,109,203
60,124,76
60,125,81
60,128,352
60,135,371
60,144,136
60,145,9
60,147,225
60,155,115
60,156,88
60,158,53
60,163,141
60,167,70
60,179,345
60,182,344
60,188,358
60,190,167
60,199,257
61,2,230
61,3,58
61,6,191
61,7,301
61,8,159
61,14,255
61,16,281
61,21,98
61,22,359
61,23,19
61,25,400
61,26,324
61,30,116
61,33,105
61,38,261
61,41,145
61,42,253
61,45,297
61,47,356
61,50,52
61,52,382
61,53,348
61,57,136
61,58,145
61,62,22
61,65,96
61,66,104
61,67,5
61,69,334
61,72,243
61,73,234
61,74,320
61,77,53
61,82,144
61,85,173
61,87,147
61,89,245
61,90,4
61,91,120
61,93,61
61,98,79
61,103,41
61,108,319
61,111,382
61,112,14
61,114,298
61,120,153
61,146,241
61,162,1
61,172,210
61,177,198
61,181,172
61,182,174
61,191,280
62,1,392
62,4,288
62,8,191
62,10,166
62,12,284
62,14,95
62,23,47
62,25,43
62,26,44
62,30,100
62,32,192
62,34,32
62,35,29
62,36,122
62,37,142
62,43,229
62,45,66
62,46,359
62,48,149
62,51,131
62,52,205
62,53,71
62,54,144
62,58,277
62,61,22
62,63,325
62,68,248
62,69,109
62,73,83
62,74,235
62,75,277
62,77,125
62,81,49
62,82,365
62,83,190
62,84,94
62,88,358
62,94,252
62,97,286
62,99,164
62,123,66
62,128,356
62,129,131
62,138,71
62,143,338
62,156,224
62,159,167
62,183,42
62,185,248
62,187,390
62,190,370
62,194,29
62,198,107
63,2,347
63,3,332
63,4,290
63,6,366
63,10,26
63,11,38
63,12,125
63,13,393
63,17,324
63,20,61
63,21,2
63,22,195
63,23,376
63,25,316
63,33,101
63,36,294
63,38,79
63,40,152
63,44,306
63,46,198
63,51,175
63,58,230
63,60,121
63,62,325
63,77,335
63,79,202
63,81,278
63,84,67
63,93,358
63,95,147
63,100,371
63,102,392
63,103,153
63,106,365
63,110,317
63,112,208
63,114,390
63,115,24
63,118,178
63,121,113
63,125,379
63,132,42
63,133,75
63,147,50
63,156,225
63,166,249
63,184,127
63,186,368
63,197,269
63,199,96
64,3,63
64,7,255
64,8,2
64,9,392
64,16,190
64,18,16
64,19,106
64,21,122
64,24,172
64,25,197
64,26,220
64,27,206
64,28,235
64,32,285
64,35,214
64,36,318
64,42,31
64,49,310
64,52,285
64,54,15
64,57,372
64,58,210
64,60,244
64,69,70
64,70,365
64,76,246
64,79,18
64,83,334
64,84,283
64,87,228
64,92,384
64,104,246
64,106,221
64,107,34
64,109,201
64,120,225
64,121,122
64,138,169
64,140,153
64,142,234
64,143,41
64,183,168
64,184,307
64,188,255
64,191,93
64,193,187
64,198,70
65,6,186
65,9,170
65,13,9
65,14,41
65,16,240
65,17,169
65,25,102
65,28,375
65,29,378
65,30,190
65,32,196
65,33,291
65,38,341
65,40,234
65,42,118
65,43,303
65,45,81
65,46,165
65,47,293
65,48,218
65,51,128
65,52,1
65,59,49
65,61,96
65,66,205
65,69,187
65,70,134
65,71,18
65,73,77
65,74,400
65,76,33
65,80,359
65,84,388
65,90,330
65,92,246
65,93,30
65,94,223
65,102,236
65,107,283
65,113,349
65,115,161
65,118,183
65,124,333
65,131,112
65,147,38
65,156,13
65,163,271
65,184,239
65,189,87
65,192,143
66,1,373
66,2,373
66,12,363
66,14,351
66,15,204
66,16,371
66,19,50
66,20,191
66,25,266
66,26,362
66,27,366
66,31,127
66,35,83
66,40,230
66,43,183
66,45,156
66,49,30
66,50,170
66,57,203
66,59,383
66,60,166
66,61,104
66,65,205
66,71,154
66,72,217
66,75,63
66,81,239
66,83,141
66,85,19
66,87,258
66,89,200
66,92,102
66,93,21
66,96,3
66,97,3
66,98,14
66,105,161
66,106,206
66,116,40
66,127,54
66,145,123
66,153,1
66,158,383
66,159,165
66,160,241
66,163,50
66,164,47
66,165,64
66,167,387
66,170,97
66,173,137
66,178,6
66,182,237
66,188,188
66,198,210
67,7,18
67,8,258
67,9,393
67,14,342
67,16,35
67,17,281
67,18,98
67,22,100
67,25,198
67,34,174
67,36,348
67,40,387
67,42,156
67,44,204
67,47,191
67,48,215
67,49,217
67,50,50
67,51,132
67,52,232
67,53,399
67,56,245
67,58,73
67,61,5
67,70,174
67,80,137
67,83,353
67,86,273
67,87,370
67,89,318
67,97,172
67,101,243
67,102,57
67,105,185
67,108,80
67,118,328
67,121,83
67,130,140
67,147,328
67,148,171
67,168,97
67,175,277
67,182,39
67,195,92
67,196,174
