source,target,weight
1,2,96
1,3,66
1,4,322
1,5,345
1,7,160
1,8,133
1,9,136
1,10,118
1,11,216
1,12,282
1,13,228
1,16,263
1,19,347
1,20,81
1,22,318
1,23,289
1,24,378
1,25,231
1,29,7
1,31,95
1,32,352
1,34,37
1,35,68
1,36,361
1,37,246
1,40,335
1,41,154
1,45,83
1,47,98
1,48,96
1,52,329
1,54,78
1,57,22
1,63,148
1,64,397
1,65,377
1,67,234
1,69,144
1,73,367
1,74,200
1,75,99
1,76,386
1,78,220
1,80,352
1,81,179
1,82,125
1,84,170
1,85,236
1,87,196
1,90,72
1,91,143
1,97,368
1,106,381
1,107,285
1,110,6
1,111,351
1,113,220
1,116,72
1,118,193
1,119,269
1,120,346
1,121,128
1,123,356
1,125,270
1,126,172
1,127,400
1,130,327
1,131,191
1,134,55
1,142,120
1,143,309
1,148,186
1,149,225
1,152,279
1,153,317
1,156,108
1,163,3
1,168,28
1,171,55
1,180,207
1,181,165
1,186,79
1,190,234
1,191,373
1,194,189
1,196,235
1,198,370
1,200,84
2,1,96
2,3,2
2,4,204
2,5,243
2,6,125
2,7,68
2,8,124
2,9,46
2,10,71
2,14,105
2,15,15
2,17,393
2,21,216
2,24,203
2,25,304
2,33,88
2,35,125
2,36,384
2,37,115
2,38,157
2,39,197
2,41,367
2,44,153
2,46,229
2,48,325
2,50,146
2,51,346
2,52,235
2,54,364
2,57,137
2,58,284
2,60,367
2,62,180
2,63,359
2,64,151
2,68,388
2,69,191
2,72,37
2,74,102
2,76,1
2,77,241
2,78,280
2,81,5
2,82,394
2,83,341
2,86,327
2,87,238
2,89,302
2,92,287
2,97,138
2,99,166
2,100,86
2,101,25
2,102,275
2,103,305
2,104,334
2,106,365
2,110,177
2,111,253
2,112,19
2,116,7
2,118,152
2,119,311
2,120,78
2,122,174
2,123,339
2,124,25
2,126,205
2,127,62
2,129,25
2,131,13
2,132,153
2,134,65
2,136,140
2,138,126
2,139,306
2,140,372
2,150,317
2,152,185
2,153,209
2,157,225
2,160,257
2,165,197
2,166,313
2,171,114
2,175,369
2,177,77
2,182,378
2,189,37
2,193,188
2,195,213
2,196,252
2,197,172
2,200,241
3,1,66
3,2,2
3,4,6
3,5,205
3,6,242
3,7,131
3,8,9
3,9,387
3,11,327
3,12,33
3,13,376
3,15,73
3,16,303
3,17,47
3,18,285
3,19,318
3,21,151
3,23,344
3,24,339
3,25,183
3,26,127
3,29,220
3,30,227
3,31,195
3,32,194
3,34,176
3,36,326
3,37,300
3,38,169
3,39,119
3,40,289
3,43,334
3,44,392
3,46,370
3,47,135
3,48,51
3,50,363
3,51,354
3,52,370
3,53,33
3,55,204
3,56,293
3,61,150
3,62,46
3,63,175
3,64,12
3,65,174
3,66,373
3,67,14
3,68,337
3,69,269
3,71,154
3,72,383
3,73,50
3,74,326
3,75,18
3,80,172
3,83,384
3,84,291
3,90,286
3,93,20
3,94,258
3,95,192
3,96,322
3,97,199
3,100,97
3,101,324
3,102,89
3,103,221
3,104,2
3,105,312
3,109,330
3,110,329
3,116,281
3,117,323
3,120,61
3,122,140
3,123,277
3,128,266
3,129,140
3,131,282
3,134,196
3,137,233
3,139,349
3,141,122
3,142,354
3,155,3
3,159,257
3,165,230
3,172,381
3,182,155
3,187,93
3,190,300
3,192,176
3,198,86
4,1,322
4,2,204
4,3,6
4,5,279
4,7,254
4,8,324
4,11,195
4,13,362
4,14,230
4,15,100
4,16,249
4,17,191
4,18,322
4,19,62
4,21,192
4,22,281
4,23,72
4,26,301
4,27,328
4,28,58
4,32,52
4,36,143
4,38,320
4,39,241
4,40,327
4,41,195
4,43,290
4,45,142
4,47,7
4,48,356
4,49,328
4,51,154
4,52,81
4,55,55
4,58,207
4,59,215
4,60,387
4,62,323
4,64,52
4,67,86
4,68,166
4,69,386
4,70,69
4,71,245
4,72,300
4,73,275
4,78,223
4,79,218
4,82,85
4,86,114
4,87,245
4,89,386
4,90,306
4,91,354
4,92,374
4,93,158
4,94,93
4,98,158
4,103,108
4,104,93
4,106,284
4,108,184
4,109,44
4,113,374
4,115,54
4,116,75
4,118,86
4,119,193
4,123,194
4,134,160
4,135,354
4,141,304
4,142,27
4,143,191
4,144,266
4,146,95
4,149,257
4,150,294
4,156,15
4,158,288
4,164,155
4,167,103
4,174,314
4,177,49
4,183,194
4,189,179
4,190,63
4,192,71
4,194,99
4,198,157
5,1,345
5,2,243
5,3,205
5,4,279
5,6,282
5,7,146
5,9,263
5,11,63
5,17,5
5,18,191
5,19,394
5,21,278
5,22,376
5,23,356
5,25,216
5,27,31
5,28,337
5,31,389
5,32,223
5,33,107
5,34,2
5,35,58
5,36,154
5,39,327
5,41,100
5,42,117
5,43,16
5,46,188
5,49,110
5,50,329
5,55,115
5,56,382
5,58,55
5,59,381
5,60,151
5,61,60
5,68,56
5,70,303
5,71,345
5,72,287
5,75,45
5,77,117
5,79,301
5,80,315
5,81,287
5,82,350
5,84,61
5,86,211
5,89,326
5,91,312
5,93,288
5,97,374
5,98,3
5,99,50
5,102,49
5,103,44
5,104,232
5,105,79
5,109,365
5,110,178
5,112,135
5,117,325
5,120,114
5,123,266
5,126,359
5,127,394
5,135,196
5,136,298
5,139,375
5,141,203
5,142,225
5,144,173
5,147,316
5,149,154
5,151,171
5,152,368
5,156,60
5,157,29
5,161,380
5,162,385
5,165,290
5,167,238
5,168,369
5,175,372
5,177,162
5,188,83
5,189,302
5,191,383
5,200,67
6,2,125
6,3,242
6,5,282
6,7,104
6,8,306
6,9,183
6,10,180
6,12,321
6,14,381
6,15,104
6,16,174
6,18,391
6,19,356
6,21,217
6,22,375
6,25,337
6,28,273
6,31,364
6,32,105
6,33,21
6,34,23
6,36,234
6,39,87
6,41,211
6,42,59
6,44,240
6,45,398
6,46,280
6,47,72
6,48,107
6,49,103
6,50,136
6,53,397
6,57,160
6,58,190
6,61,400
6,62,306
6,63,275
6,64,332
6,65,352
6,66,123
6,69,46
6,70,144
6,71,221
6,72,389
6,73,398
6,74,245
6,75,40
6,76,57
6,77,16
6,79,107
6,84,327
6,86,207
6,87,57
6,88,371
6,89,92
6,94,118
6,95,26
6,96,35
6,99,308
6,100,80
6,101,218
6,103,388
6,104,27
6,106,378
6,107,199
6,108,342
6,109,19
6,110,34
6,111,165
6,112,232
6,113,300
6,121,93
6,124,304
6,126,111
6,128,263
6,131,355
6,132,124
6,135,228
6,136,218
6,140,93
6,145,315
6,149,350
6,153,305
6,154,275
6,158,283
6,161,209
6,162,18
6,163,216
6,166,354
6,168,285
6,175,52
6,177,106
6,179,153
6,180,354
6,181,385
6,183,168
6,187,22
6,191,257
6,194,293
6,198,378
7,1,160
7,2,68
7,3,131
7,4,254
7,5,146
7,6,104
7,8,165
7,11,201
7,12,77
7,14,298
7,18,37
7,20,74
7,21,315
7,22,237
7,23,321
7,25,72
7,26,99
7,29,328
7,30,7
7,31,140
7,32,275
7,34,127
7,35,213
7,36,25
7,37,169
7,40,396
7,42,193
7,43,158
7,44,339
7,45,173
7,46,163
7,47,16
7,48,141
7,49,240
7,50,174
7,54,10
7,57,28
7,59,84
7,61,235
7,63,274
7,65,326
7,66,199
7,68,207
7,70,206
7,71,204
7,73,251
7,74,63
7,75,303
7,77,371
7,81,290
7,82,61
7,88,39
7,89,397
7,92,337
7,96,170
7,97,210
7,98,2
7,100,43
7,101,317
7,102,112
7,105,314
7,106,159
7,109,98
7,111,335
7,112,122
7,114,229
7,118,249
7,119,396
7,121,60
7,127,360
7,133,149
7,137,57
7,143,351
7,146,60
7,147,20
7,149,13
7,155,149
7,162,387
7,163,96
7,164,33
7,165,227
7,166,214
7,170,133
7,172,104
7,175,40
7,176,34
7,178,211
7,184,138
7,187,375
7,200,328
8,1,133
8,2,124
8,3,9
8,4,324
8,6,306
8,7,165
8,9,227
8,10,273
8,12,124
8,13,152
8,14,84
8,16,250
8,17,134
8,19,277
8,20,138
8,21,280
8,22,76
8,23,55
8,24,191
8,25,160
8,26,69
8,27,237
8,29,313
8,30,125
8,31,315
8,33,142
8,35,138
8,36,371
8,37,112
8,38,80
8,39,222
8,40,258
8,42,288
8,43,254
8,44,191
8,45,280
8,47,50
8,48,166
8,49,343
8,50,234
8,52,84
8,53,115
8,54,316
8,55,315
8,56,37
8,59,177
8,60,223
8,61,388
8,66,283
8,68,147
8,71,327
8,72,245
8,73,366
8,74,156
8,75,316
8,78,150
8,80,216
8,82,144
8,86,25
8,87,154
8,90,224
8,92,321
8,93,222
8,94,94
8,95,211
8,96,85
8,98,20
8,100,336
8,102,159
8,103,117
8,104,184
8,105,397
8,106,379
8,110,113
8,117,353
8,119,357
8,122,178
8,126,217
8,128,4
8,129,128
8,131,22
8,136,360
8,139,83
8,143,331
8,144,307
8,149,95
8,152,328
8,153,47
8,154,58
8,157,351
8,158,79
8,163,293
8,167,393
8,178,350
8,179,333
8,180,95
8,185,201
8,191,144
8,192,15
8,195,287
8,196,326
8,197,362
9,1,136
9,2,46
9,3,387
9,5,263
9,6,183
9,8,227
9,10,359
9,12,195
9,13,10
9,15,219
9,16,321
9,20,317
9,22,106
9,26,48
9,27,375
9,31,146
9,32,332
9,33,155
9,34,140
9,35,82
9,36,326
9,37,77
9,38,56
9,39,142
9,40,287
9,41,387
9,43,150
9,45,300
9,47,20
9,48,51
9,49,92
9,50,138
9,53,374
9,55,64
9,56,331
9,58,295
9,60,77
9,61,394
9,66,317
9,67,42
9,68,267
9,71,37
9,74,229
9,75,30
9,76,292
9,77,7
9,79,250
9,83,387
9,85,7
9,86,78
9,87,151
9,88,88
9,89,302
9,91,209
9,92,289
9,94,280
9,96,331
9,100,93
9,107,68
9,110,252
9,111,225
9,115,170
9,116,95
9,117,80
9,120,367
9,121,180
9,122,175
9,124,64
9,126,61
9,127,270
9,129,70
9,131,369
9,135,38
9,136,47
9,137,112
9,143,137
9,153,114
9,161,166
9,165,69
9,174,11
9,179,382
9,186,347
9,188,308
9,195,27
9,199,266
10,1,118
10,2,71
10,6,180
10,8,273
10,9,359
10,11,131
10,13,42
10,16,44
10,17,82
10,18,36
10,19,326
10,20,345
10,24,253
10,26,238
10,28,25
10,31,163
10,32,123
10,33,315
10,35,206
10,39,28
10,40,398
10,41,9
10,43,84
10,44,33
10,45,377
10,46,315
10,47,8
10,49,334
10,50,272
10,52,120
10,55,107
10,56,11
10,57,20
10,58,333
10,59,170
10,63,307
10,64,222
10,65,223
10,66,360
10,67,244
10,68,180
10,69,122
10,70,234
10,71,20
10,72,159
10,73,135
10,78,189
10,80,269
10,82,222
10,83,76
10,89,332
10,91,4
10,95,200
10,97,235
10,102,109
10,104,217
10,107,132
10,110,295
10,111,57
10,112,360
10,115,46
10,116,73
10,120,157
10,122,134
10,127,275
10,129,118
10,130,41
10,131,64
10,132,192
10,133,301
10,134,385
10,135,390
10,137,217
10,138,15
10,139,203
10,140,251
10,142,92
10,152,196
10,154,40
10,156,5
10,157,236
10,158,220
10,159,123
10,160,115
10,161,356
10,172,45
10,178,204
10,179,308
10,184,237
10,186,385
10,187,141
10,188,33
10,190,149
10,192,106
10,197,321
10,199,20
11,1,216
11,3,327
11,4,195
11,5,63
11,7,201
11,10,131
11,12,203
11,13,377
11,14,78
11,15,49
11,16,287
11,18,310
11,19,252
11,20,324
11,21,125
11,22,16
11,25,90
11,27,214
11,29,177
11,30,216
11,32,144
11,33,357
11,34,228
11,35,172
11,36,137
11,37,225
11,38,362
11,42,122
11,43,151
11,44,166
11,45,342
11,46,318
11,47,37
11,49,122
11,51,156
11,52,37
11,53,273
11,54,115
11,55,366
11,57,157
11,58,65
11,59,361
11,61,45
11,62,55
11,63,335
11,67,124
11,69,132
11,70,368
11,71,263
11,73,329
11,74,150
11,75,358
11,76,392
11,78,167
11,80,290
11,81,303
11,82,170
11,83,257
11,85,221
11,87,387
11,88,9
11,90,368
11,92,119
11,95,146
11,99,133
11,100,296
11,101,252
11,103,183
11,106,393
11,108,194
11,111,172
11,114,350
11,116,231
11,124,173
11,126,234
11,134,339
11,135,132
11,138,93
11,139,205
11,143,251
11,144,196
11,145,240
11,148,400
11,150,16
11,152,134
11,154,297
11,157,200
11,158,23
11,161,182
11,166,185
11,169,287
11,173,393
11,178,224
11,179,276
11,181,60
11,183,279
11,184,342
11,190,361
11,195,257
11,199,64
12,1,282
12,3,33
12,6,321
12,7,77
12,8,124
12,9,195
12,11,203
12,14,236
12,15,31
12,17,218
12,20,5
12,21,2
12,24,261
12,29,337
12,30,1
12,32,362
12,34,286
12,36,263
12,38,198
12,39,388
12,40,20
12,41,10
12,42,195
12,43,253
12,44,111
12,48,364
12,49,224
12,50,24
12,51,93
12,52,280
12,54,321
12,57,132
12,58,271
12,59,187
12,60,158
12,62,151
12,63,262
12,66,161
12,67,195
12,69,1
12,70,14
12,71,288
12,72,47
12,73,309
12,75,83
12,77,16
12,80,315
12,81,271
12,82,188
12,83,257
12,85,152
12,87,366
12,88,90
12,94,77
12,98,217
12,104,175
12,105,373
12,106,35
12,107,195
12,110,242
12,117,1
12,118,321
12,119,297
12,121,390
12,122,298
12,124,44
12,126,264
12,127,223
12,131,213
12,133,99
12,137,344
12,140,24
12,141,130
12,144,20
12,147,217
12,153,4
12,158,288
12,161,162
12,162,49
12,164,211
12,175,9
12,180,261
12,182,264
12,188,300
12,190,298
12,191,389
12,192,156
12,200,395
13,1,228
13,3,376
13,4,362
13,8,152
13,9,10
13,10,42
13,11,377
13,14,5
13,16,82
13,17,230
13,20,362
13,22,11
13,23,58
13,24,395
13,25,244
13,26,63
13,27,380
13,30,89
13,31,29
13,32,103
13,34,116
13,35,400
13,36,253
13,37,172
13,38,24
13,39,68
13,40,66
13,41,1
13,42,366
13,43,344
13,44,216
13,45,387
13,47,216
13,48,177
13,49,133
13,53,123
13,54,364
13,55,110
13,57,209
13,58,158
13,62,146
13,64,327
13,65,62
13,66,338
13,67,324
13,70,350
13,72,319
13,73,282
13,74,370
13,76,137
13,77,89
13,78,261
13,81,70
13,82,99
13,83,361
13,85,180
13,87,115
13,88,256
13,89,62
13,92,286
13,94,203
13,95,74
13,97,58
13,98,263
13,100,151
13,102,221
13,103,25
13,104,17
13,105,197
13,112,133
13,114,2
13,119,127
13,120,73
13,121,95
13,125,234
13,126,162
13,128,290
13,129,332
13,132,309
13,134,64
13,135,378
13,138,164
13,141,228
13,146,364
13,149,286
13,151,108
13,157,147
13,159,205
13,161,203
13,165,264
13,166,153
13,167,24
13,170,138
13,176,21
13,183,221
13,185,292
13,189,247
13,192,13
13,194,244
13,196,276
14,2,105
14,4,230
14,6,381
14,7,298
14,8,84
14,11,78
14,12,236
14,13,5
14,15,257
14,16,264
14,17,50
14,19,368
14,21,139
14,23,166
14,24,85
14,25,112
14,26,139
14,27,124
14,28,184
14,31,387
14,34,337
14,37,70
14,38,375
14,40,189
14,41,230
14,42,224
14,43,30
14,44,192
14,46,288
14,47,396
14,48,221
14,49,365
14,50,5
14,51,221
14,52,302
14,59,245
14,61,189
14,62,59
14,65,271
14,66,69
14,67,361
14,69,76
14,70,258
14,71,150
14,72,28
14,73,98
14,75,389
14,76,301
14,77,252
14,80,85
14,81,327
14,85,3
14,86,210
14,87,381
14,88,235
14,92,394
14,95,192
14,98,353
14,102,179
14,104,124
14,108,212
14,111,56
14,115,118
14,116,5
14,118,366
14,129,391
14,130,314
14,139,34
14,144,74
14,146,295
14,147,371
14,149,126
14,150,299
14,155,204
14,160,149
14,161,121
14,162,177
14,163,260
14,166,77
14,168,71
14,171,111
14,174,239
14,176,62
14,177,343
14,180,177
14,182,375
14,183,168
14,187,132
14,193,10
14,196,191
15,2,15
15,3,73
15,4,100
15,6,104
15,9,219
15,11,49
15,12,31
15,14,257
15,16,140
15,17,1
15,18,290
15,19,133
15,20,198
15,21,64
15,23,24
15,24,175
15,25,291
15,26,399
15,28,65
15,29,56
15,30,380
15,31,146
15,33,374
15,34,256
15,35,284
15,36,365
15,37,146
15,38,303
15,40,157
15,41,162
15,42,103
15,43,254
15,44,378
15,45,319
15,46,179
15,48,242
15,49,301
15,52,282
15,54,230
15,56,202
15,57,390
15,59,307
15,64,328
15,66,155
15,67,399
15,68,370
15,69,342
15,70,299
15,71,110
15,74,391
15,75,118
15,80,276
15,81,338
15,89,185
15,92,70
15,97,132
15,98,341
15,102,334
15,104,191
15,105,163
15,106,40
15,108,160
15,110,359
15,113,349
15,115,2
15,117,203
15,119,150
15,121,87
15,122,351
15,125,66
15,132,214
15,137,82
15,141,178
15,142,397
15,145,173
15,148,247
15,149,270
15,155,65
15,156,212
15,160,23
15,164,145
15,165,142
15,168,271
15,170,214
15,171,371
15,172,371
15,179,251
15,187,137
15,188,236
15,191,1
15,195,62
15,197,250
16,1,263
16,3,303
16,4,249
16,6,174
16,8,250
16,9,321
16,10,44
16,11,287
16,13,82
16,14,264
16,15,140
16,17,22
16,18,19
16,19,130
16,21,35
16,22,394
16,24,158
16,25,305
16,27,383
16,28,35
16,32,331
16,33,342
16,34,287
16,35,322
16,37,356
16,38,310
16,40,20
16,41,300
16,42,21
16,43,159
16,45,253
16,47,117
16,49,84
16,51,395
16,52,154
16,53,68
16,54,125
16,55,30
16,56,270
16,57,60
16,58,385
16,60,79
16,61,255
16,62,311
16,63,255
16,64,44
16,65,247
16,66,192
16,70,112
16,71,154
16,72,115
16,74,194
16,76,137
16,77,215
16,80,345
16,83,104
16,84,400
16,85,232
16,86,181
16,88,165
16,89,238
16,90,155
16,91,113
16,94,319
16,104,55
16,106,49
16,108,190
16,112,385
16,114,201
16,119,108
16,132,33
16,137,341
16,141,303
16,150,367
16,160,331
16,161,215
16,163,189
16,174,234
16,175,177
16,186,163
16,189,126
16,194,240
16,195,312
17,2,393
17,3,47
17,4,191
17,5,5
17,8,134
17,10,82
17,12,218
17,13,230
17,14,50
17,15,1
17,16,22
17,18,162
17,19,363
17,20,377
17,21,293
17,22,47
17,23,120
17,25,120
17,28,307
17,29,264
17,30,272
17,31,196
17,33,286
17,34,275
17,35,271
17,37,252
17,39,184
17,41,1
17,42,140
17,43,206
17,44,80
17,48,205
17,50,105
17,51,201
17,52,132
17,53,1
17,54,190
17,55,112
17,56,193
17,59,347
17,60,59
17,61,174
17,62,120
17,64,10
17,65,350
17,66,388
17,68,134
17,69,182
17,70,230
17,71,238
17,72,350
17,73,109
17,75,380
17,76,304
17,77,259
17,78,276
17,80,303
17,82,281
17,83,124
17,86,119
17,87,300
17,88,84
17,89,121
17,90,136
17,95,372
17,98,3
17,106,389
17,111,13
17,112,87
17,113,323
17,115,26
17,116,252
17,120,119
17,121,56
17,124,377
17,126,382
17,128,193
17,133,78
17,137,368
17,140,287
17,142,248
17,143,92
17,144,1
17,148,271
17,150,317
17,159,87
17,160,121
17,170,84
17,172,180
17,173,83
17,175,150
17,180,355
17,185,295
17,196,272
17,198,364
17,199,129
17,200,337
18,3,285
18,4,322
18,5,191
18,6,391
18,7,37
18,10,36
18,11,310
18,15,290
18,16,19
18,17,162
18,21,49
18,23,126
18,25,53
18,28,111
18,30,305
18,31,290
18,32,62
18,33,244
18,34,364
18,35,60
18,36,153
18,38,341
18,39,352
18,40,323
18,43,19
18,46,380
18,47,166
18,48,116
18,51,276
18,52,372
18,54,67
18,55,318
18,56,71
18,60,116
18,61,32
18,62,330
18,63,124
18,64,316
18,68,286
18,70,75
18,71,132
18,73,208
18,74,301
18,75,63
18,76,90
18,77,4
18,79,161
18,80,128
18,82,186
18,91,299
18,93,360
18,98,74
18,100,393
18,102,242
18,103,372
18,104,203
18,107,353
18,108,46
18,112,52
18,114,8
18,116,75
18,117,167
18,120,157
18,121,19
18,122,203
18,125,285
18,126,23
18,130,304
18,131,98
18,139,314
18,142,386
18,143,334
18,145,204
18,148,118
18,152,38
18,156,333
18,161,118
18,168,129
18,175,146
18,176,170
18,179,77
18,180,390
18,185,263
18,190,229
18,200,341
19,1,347
19,3,318
19,4,62
19,5,394
19,6,356
19,8,277
19,10,326
19,11,252
19,14,368
19,15,133
19,16,130
19,17,363
19,22,62
19,24,47
19,25,263
19,26,253
19,28,131
19,30,250
19,32,342
19,33,195
19,34,365
19,36,63
19,37,103
19,40,277
19,41,152
19,48,184
19,49,5
19,53,121
19,54,195
19,55,317
19,58,294
19,59,61
19,61,115
19,62,195
19,64,322
19,65,146
19,68,95
19,69,84
19,70,172
19,71,77
19,72,214
19,74,119
19,75,2
19,76,100
19,78,275
19,79,337
19,80,169
19,82,133
19,85,149
19,86,294
19,87,31
19,88,8
19,89,290
19,90,188
19,91,145
19,99,137
19,102,294
19,103,134
19,104,128
19,106,379
19,111,257
19,113,51
19,114,5
19,115,323
19,119,347
19,125,64
19,126,13
19,127,258
19,128,274
19,129,295
19,130,309
19,133,253
19,135,165
19,138,195
19,140,380
19,142,49
19,143,281
19,145,265
19,146,13
19,150,399
19,153,359
19,155,85
19,158,84
19,159,234
19,160,22
19,165,221
19,169,152
19,172,186
19,181,392
19,183,293
19,184,173
19,190,70
19,193,39
20,1,81
20,7,74
20,8,138
20,9,317
20,10,345
20,11,324
20,12,5
20,13,362
20,15,198
20,17,377
20,21,16
20,22,258
20,23,67
20,24,400
20,25,6
20,26,45
20,27,93
20,28,349
20,30,20
20,31,232
20,33,247
20,34,168
20,36,348
20,37,219
20,39,372
20,40,190
20,42,365
20,43,159
20,44,318
20,48,251
20,49,25
20,50,34
20,52,241
20,53,13
20,54,255
20,55,63
20,59,335
20,60,367
20,62,53
20,63,337
20,64,244
20,67,282
20,69,61
20,70,282
20,72,56
20,74,165
20,75,136
20,76,220
20,78,253
20,79,227
20,80,284
20,81,377
20,90,68
20,92,22
20,93,310
20,94,89
20,95,343
20,96,220
20,99,93
20,100,271
20,106,380
20,109,149
20,112,72
20,113,22
20,115,192
20,118,214
20,119,297
20,122,266
20,126,255
20,129,158
20,133,392
20,134,34
20,135,154
20,136,35
20,144,244
20,145,365
20,147,253
20,150,106
20,152,6
20,156,359
20,158,238
20,160,15
20,167,141
20,168,183
20,171,377
20,172,267
20,174,108
20,177,151
20,179,391
20,182,104
20,188,322
20,200,21
21,2,216
21,3,151
21,4,192
21,5,278
21,6,217
21,7,315
21,8,280
21,11,125
21,12,2
21,14,139
21,15,64
21,16,35
21,17,293
21,18,49
21,20,16
21,22,73
21,23,250
21,28,364
21,29,71
21,30,276
21,31,284
21,32,364
21,34,376
21,35,53
21,36,28
21,37,195
21,39,10
21,41,204
21,43,154
21,45,181
21,47,248
21,48,83
21,52,32
21,54,6
21,55,170
21,56,340
21,57,289
21,59,198
21,60,386
21,62,201
21,63,217
21,65,145
21,67,236
21,70,20
21,76,156
21,77,66
21,78,225
21,80,319
21,82,226
21,83,90
21,84,213
21,86,49
21,88,167
21,89,378
21,90,393
21,93,111
21,94,31
21,96,250
21,97,141
21,98,28
21,99,187
21,100,98
21,101,211
21,102,40
21,103,308
21,109,219
21,110,277
21,111,257
21,113,340
21,119,61
21,123,45
21,124,34
21,130,85
21,133,193
21,134,168
21,135,301
21,140,148
21,141,100
21,142,288
21,145,378
21,147,262
21,149,217
21,158,91
21,159,203
21,164,217
21,165,129
21,167,317
21,168,56
21,169,42
21,170,224
21,172,51
21,174,1
21,175,240
21,177,50
21,181,124
21,182,360
21,185,116
21,186,324
21,187,3
21,193,352
21,195,391
22,1,318
22,4,281
22,5,376
22,6,375
22,7,237
22,8,76
22,9,106
22,11,16
22,13,11
22,16,394
22,17,47
22,19,62
22,20,258
22,21,73
22,23,181
22,25,248
22,26,210
22,27,43
22,28,384
22,29,233
22,30,171
22,31,336
22,32,89
22,37,12
22,39,397
22,40,99
22,43,237
22,44,121
22,45,374
22,46,307
22,47,263
22,48,237
22,52,6
22,53,200
22,57,93
22,58,233
22,66,10
22,67,358
22,68,27
22,69,325
22,70,347
22,71,278
22,72,126
22,74,381
22,75,199
22,77,292
22,79,301
22,81,35
22,84,256
22,85,227
22,86,151
22,87,126
22,88,231
22,90,215
22,91,148
22,92,359
22,93,254
22,95,141
22,97,308
22,98,41
22,101,368
22,103,26
22,107,142
22,109,387
22,110,366
22,113,311
22,116,296
22,117,392
22,118,280
22,119,19
22,123,276
22,126,329
22,127,278
22,128,309
22,132,274
22,133,121
22,135,379
22,139,309
22,140,301
22,141,134
22,146,90
22,148,253
22,149,193
22,151,113
22,154,228
22,158,396
22,163,318
22,164,349
22,166,121
22,169,130
22,170,367
22,181,27
22,184,398
22,192,300
22,194,14
22,195,111
22,200,308
23,1,289
23,3,344
23,4,72
23,5,356
23,7,321
23,8,55
23,13,58
23,14,166
23,15,24
23,17,120
23,18,126
23,20,67
23,21,250
23,22,181
23,25,335
23,26,285
23,27,27
23,28,190
23,29,218
23,31,62
23,32,293
23,33,342
23,34,24
23,36,184
23,37,144
23,38,327
23,39,21
23,40,273
23,45,12
23,46,27
23,50,351
23,51,169
23,53,349
23,55,218
23,56,117
23,59,142
23,60,183
23,62,213
23,63,136
23,68,346
23,70,163
23,71,231
23,72,134
23,73,43
23,75,48
23,77,349
23,78,356
23,80,133
23,82,242
23,83,136
23,84,214
23,86,353
23,87,282
23,88,18
23,90,182
23,93,249
23,97,104
23,98,112
23,100,29
23,101,359
23,102,4
23,105,304
23,107,382
23,108,5
23,109,218
23,118,217
23,120,113
23,122,179
23,123,237
23,125,354
23,126,282
23,127,55
23,128,209
23,133,192
23,134,286
23,141,177
23,146,399
23,150,248
23,151,165
23,153,132
23,162,228
23,164,73
23,168,154
23,174,49
23,177,145
23,181,111
23,184,21
23,190,65
23,196,49
23,197,75
23,200,286
24,1,378
24,2,203
24,3,339
24,8,191
24,10,253
24,12,261
24,13,395
24,14,85
24,15,175
24,16,158
24,19,47
24,20,400
24,25,359
24,26,130
24,27,280
24,28,238
24,33,387
24,34,186
24,36,180
24,37,185
24,39,171
24,40,231
24,41,125
24,43,253
24,45,330
24,46,333
24,47,206
24,48,278
24,50,33
24,51,247
24,53,40
24,54,225
24,57,243
24,58,191
24,59,117
24,61,172
24,62,37
24,63,387
24,64,40
24,65,41
24,66,70
24,67,318
24,68,266
24,71,133
24,73,379
24,74,140
24,75,359
24,83,133
24,84,71
24,85,66
24,87,393
24,89,265
24,91,322
24,93,60
24,94,93
24,95,131
24,97,351
24,98,98
24,100,236
24,101,245
24,102,301
24,105,385
24,107,136
24,108,4
24,110,23
24,112,239
24,114,308
24,118,394
24,122,162
24,125,88
24,127,367
24,131,341
24,133,57
24,134,79
24,136,362
24,138,70
24,140,316
24,141,38
24,142,307
24,145,23
24,148,68
24,150,49
24,151,349
24,162,386
24,164,131
24,170,79
24,171,39
24,173,322
24,176,69
24,178,105
24,185,327
24,198,392
24,200,83
25,1,231
25,2,304
25,3,183
25,5,216
25,6,337
25,7,72
25,8,160
25,11,90
25,13,244
25,14,112
25,15,291
25,16,305
25,17,120
25,18,53
25,19,263
25,20,6
25,22,248
25,23,335
25,24,359
25,26,159
25,27,54
25,28,57
25,29,215
25,30,216
25,31,230
25,34,1
25,36,120
25,37,2
25,38,237
25,39,137
25,41,230
25,44,232
25,45,260
25,46,121
25,47,16
25,49,339
25,51,156
25,53,252
25,54,232
25,58,122
25,60,114
25,62,263
25,63,60
25,66,310
25,67,306
25,70,105
25,73,112
25,74,187
25,75,192
25,76,220
25,77,308
25,78,288
25,80,241
25,82,387
25,84,16
25,85,89
25,86,26
25,87,54
25,88,198
25,90,280
25,91,371
25,92,389
25,93,229
25,94,375
25,96,291
25,98,282
25,102,29
25,104,131
25,106,161
25,107,78
25,109,311
25,112,369
25,113,279
25,114,400
25,116,141
25,118,366
25,119,76
25,121,107
25,128,374
25,130,226
25,136,217
25,138,318
25,139,352
25,140,203
25,146,126
25,152,63
25,157,122
25,161,267
25,164,121
25,166,312
25,172,263
25,174,296
25,181,306
25,183,181
25,184,65
25,189,78
25,190,268
25,195,295
25,196,356
25,198,16
26,3,127
26,4,301
26,7,99
26,8,69
26,9,48
26,10,238
26,13,63
26,14,139
26,15,399
26,19,253
26,20,45
26,22,210
26,23,285
26,24,130
26,25,159
26,27,234
26,29,14
26,30,356
26,33,210
26,35,196
26,40,317
26,41,86
26,42,302
26,44,247
26,46,159
26,47,286
26,51,150
26,54,47
26,55,206
26,56,311
26,57,294
26,58,271
26,61,336
26,63,183
26,64,287
26,65,75
26,67,77
26,68,109
26,70,238
26,71,279
26,73,190
26,77,121
26,78,20
26,83,102
26,84,21
26,86,343
26,93,118
26,94,321
26,96,257
26,98,102
26,99,226
26,101,132
26,102,347
26,105,314
26,107,399
26,109,161
26,111,201
26,113,201
26,114,53
26,115,368
26,116,369
26,120,178
26,121,146
26,123,160
26,129,272
26,137,274
26,140,337
26,143,326
26,147,199
26,149,180
26,150,221
26,151,151
26,152,368
26,157,153
26,158,332
26,160,254
26,161,66
26,164,104
26,167,79
26,169,191
26,170,265
26,173,287
26,174,295
26,175,257
26,179,11
26,180,82
26,183,299
26,186,290
26,188,117
26,191,252
26,192,151
26,194,44
26,196,105
26,197,159
26,198,394
26,200,91
27,4,328
27,5,31
27,8,237
27,9,375
27,11,214
27,13,380
27,14,124
27,16,383
27,20,93
27,22,43
27,23,27
27,24,280
27,25,54
27,26,234
27,28,304
27,29,278
27,30,280
27,31,225
27,32,366
27,33,330
27,34,32
27,35,113
27,40,136
27,42,49
27,43,359
27,44,202
27,45,391
27,49,316
27,50,358
27,53,378
27,54,17
27,59,150
27,60,282
27,61,339
27,64,326
27,65,13
27,66,207
27,73,143
27,75,151
27,76,320
27,78,373
27,79,47
27,82,138
27,83,92
27,91,46
27,93,328
27,94,22
27,95,79
27,96,350
27,97,169
27,99,244
27,100,217
27,104,17
27,105,90
27,108,97
27,109,26
27,110,342
27,113,51
27,115,105
27,117,237
27,118,257
27,126,179
27,127,177
27,128,3
27,130,282
27,132,357
27,133,86
27,134,125
27,140,249
27,145,159
27,149,251
27,155,180
27,156,334
27,165,171
27,166,35
27,171,213
27,173,290
27,174,348
27,175,64
27,177,376
27,185,166
27,188,87
27,193,14
27,195,159
28,4,58
28,5,337
28,6,273
28,10,25
28,14,184
28,15,65
28,16,35
28,17,307
28,18,111
28,19,131
28,20,349
28,21,364
28,22,384
28,23,190
28,24,238
28,25,57
28,27,304
28,29,225
28,30,363
28,33,258
28,35,314
28,36,25
28,37,324
28,38,82
28,40,226
28,41,21
28,42,147
28,43,310
28,44,203
28,45,161
28,47,175
28,48,363
28,49,335
28,50,9
28,51,98
28,53,369
28,55,22
28,59,158
28,60,290
28,61,27
28,62,46
28,63,109
28,68,187
28,69,333
28,70,272
28,71,389
28,75,266
28,79,133
28,80,204
28,82,304
28,83,94
28,84,148
28,85,225
28,86,47
28,87,358
28,88,166
28,89,382
28,93,294
28,94,259
28,95,207
28,96,385
28,97,84
28,98,266
28,99,36
28,103,398
28,106,129
28,107,399
28,109,354
28,115,203
28,118,331
28,120,177
28,121,290
28,124,69
28,125,316
28,128,70
28,129,248
28,130,125
28,136,158
28,137,216
28,138,272
28,140,331
28,143,142
28,146,150
28,147,366
28,148,23
28,160,135
28,170,88
28,171,120
28,172,369
28,177,199
28,182,89
28,189,91
28,195,130
28,196,296
29,1,7
29,3,220
29,7,328
29,8,313
29,11,177
29,12,337
29,15,56
29,17,264
29,21,71
29,22,233
29,23,218
29,25,215
29,26,14
29,27,278
29,28,225
29,31,198
29,32,154
29,34,70
29,36,184
29,38,359
29,39,329
29,40,202
29,41,192
29,42,336
29,44,73
29,45,282
29,46,94
29,47,67
29,48,276
29,49,280
29,51,174
29,53,22
29,54,351
29,55,94
29,56,195
29,58,234
29,59,280
29,60,287
29,61,285
29,62,85
29,63,135
29,64,122
29,66,321
29,67,156
29,68,371
29,69,338
29,75,190
29,76,20
29,77,48
29,78,269
29,81,322
29,82,204
29,83,339
29,84,231
29,90,318
29,92,53
29,95,137
29,99,366
29,100,254
29,103,252
29,104,12
29,108,10
29,109,375
29,110,160
29,113,71
29,115,356
29,116,42
29,117,59
29,118,204
29,120,390
29,121,354
29,122,318
29,124,275
29,129,358
29,130,7
29,133,273
29,136,225
29,138,376
29,141,279
29,145,357
29,147,141
29,157,301
29,161,160
29,162,27
29,166,96
29,167,144
29,169,9
29,171,305
29,173,393
29,174,264
29,176,358
29,184,325
29,188,61
29,194,205
29,195,157
29,196,16
30,3,227
30,7,7
30,8,125
30,11,216
30,12,1
30,13,89
30,15,380
30,17,272
30,18,305
30,19,250
30,20,20
30,21,276
30,22,171
30,25,216
30,26,356
30,27,280
30,28,363
30,31,149
30,33,12
30,34,243
30,36,230
30,40,236
30,42,326
30,44,224
30,45,282
30,46,370
30,51,99
30,52,318
30,55,232
30,56,304
30,57,226
30,58,44
30,59,22
30,60,350
30,61,360
30,63,186
30,64,86
30,66,45
30,67,68
30,68,241
30,69,226
30,71,238
30,72,121
30,77,116
30,79,229
30,83,22
30,84,241
30,85,232
30,86,64
30,87,391
30,88,54
30,89,396
30,90,322
30,95,292
30,97,58
30,98,351
30,99,100
30,100,155
30,104,118
30,105,381
30,107,270
30,108,281
30,110,324
30,112,384
30,116,241
30,117,379
30,123,75
30,124,280
30,126,23
30,129,52
30,133,1
30,136,12
30,137,106
30,139,295
30,141,177
30,145,18
30,150,329
30,151,194
30,152,384
30,153,134
30,154,7
30,157,42
30,158,341
30,159,370
30,169,319
30,171,8
30,172,230
30,177,117
30,182,371
30,185,306
30,189,37
30,191,353
30,192,221
30,193,397
30,197,341
30,198,321
31,1,95
31,3,195
31,5,389
31,6,364
31,7,140
31,8,315
31,9,146
31,10,163
31,13,29
31,14,387
31,15,146
31,17,196
31,18,290
31,20,232
31,21,284
31,22,336
31,23,62
31,25,230
31,27,225
31,29,198
31,30,149
31,32,137
31,33,128
31,34,205
31,36,327
31,37,247
31,38,253
31,39,56
31,40,134
31,45,34
31,46,329
31,47,301
31,50,103
31,52,271
31,53,139
31,58,236
31,61,104
31,62,10
31,63,53
31,65,77
31,66,331
31,67,303
31,68,124
31,69,178
31,70,201
31,71,2
31,74,257
31,76,253
31,79,55
31,81,255
31,84,361
31,88,103
31,89,118
31,90,298
31,92,66
31,96,41
31,98,173
31,102,225
31,105,256
31,109,59
31,112,282
31,113,170
31,114,359
31,115,261
31,116,158
31,118,29
31,120,249
31,121,67
31,122,117
31,126,25
31,127,217
31,131,29
31,139,4
31,140,114
31,141,312
31,143,274
31,144,184
31,146,340
31,147,149
31,152,64
31,154,269
31,155,336
31,158,167
31,160,338
31,162,339
31,164,239
31,166,16
31,168,320
31,173,211
31,177,86
31,180,306
31,182,93
31,190,290
31,192,79
31,196,36
31,197,81
31,199,343
32,1,352
32,3,194
32,4,52
32,5,223
32,6,105
32,7,275
32,9,332
32,10,123
32,11,144
32,12,362
32,13,103
32,16,331
32,18,62
32,19,342
32,21,364
32,22,89
32,23,293
32,27,366
32,29,154
32,31,137
32,33,105
32,36,178
32,37,366
32,38,180
32,42,334
32,43,34
32,44,212
32,45,11
32,46,256
32,47,41
32,52,118
32,54,56
32,55,380
32,56,42
32,57,232
32,59,309
32,60,23
32,63,109
32,65,19
32,67,266
32,69,184
32,70,288
32,72,367
32,73,399
32,74,220
32,76,27
32,77,337
32,78,119
32,81,382
32,84,78
32,86,65
32,87,161
32,90,58
32,91,113
32,94,92
32,97,61
32,102,193
32,103,108
32,104,264
32,105,140
32,107,40
32,110,65
32,112,394
32,116,190
32,117,328
32,118,247
32,120,12
32,121,257
32,127,15
32,128,143
32,132,393
32,133,338
32,134,231
32,136,154
32,138,61
32,139,160
32,140,108
32,144,397
32,150,274
32,154,207
32,155,385
32,159,296
32,163,108
32,168,340
32,169,276
32,170,113
32,172,138
32,173,218
32,174,29
32,180,276
32,181,7
32,184,22
32,190,88
32,191,161
32,192,209
32,196,125
33,2,88
33,5,107
33,6,21
33,8,142
33,9,155
33,10,315
33,11,357
33,15,374
33,16,342
33,17,286
33,18,244
33,19,195
33,20,247
33,23,342
33,24,387
33,26,210
33,27,330
33,28,258
33,30,12
33,31,128
33,32,105
33,35,333
33,37,359
33,38,252
33,39,4
33,40,187
33,41,230
33,42,326
33,43,324
33,44,185
33,46,151
33,47,3
33,49,50
33,50,202
33,52,313
33,54,340
33,55,150
33,57,145
33,58,220
33,59,365
33,60,241
33,61,316
33,64,335
33,65,205
33,67,32
33,71,360
33,73,152
33,75,31
33,78,285
33,80,363
33,83,56
33,84,317
33,86,48
33,87,368
33,89,172
33,90,62
33,91,132
33,92,41
33,95,367
33,98,75
33,100,107
33,101,215
33,103,314
33,105,18
33,106,181
33,109,51
33,111,232
33,121,52
33,123,285
33,125,85
33,127,65
33,128,338
33,133,241
33,134,354
33,135,267
33,136,42
33,137,284
33,140,104
33,146,320
33,147,101
33,150,282
33,151,324
33,161,55
33,167,286
33,169,142
33,171,276
33,175,17
33,178,266
33,181,282
33,182,26
33,183,305
33,185,367
33,186,200
33,191,150
33,193,93
33,194,195
33,196,332
34,1,37
34,3,176
34,5,2
34,6,23
34,7,127
34,9,140
34,11,228
34,12,286
34,13,116
34,14,337
34,15,256
34,16,287
34,17,275
34,18,364
34,19,365
34,20,168
34,21,376
34,23,24
34,24,186
34,25,1
34,27,32
34,29,70
34,30,243
34,31,205
34,36,337
34,37,132
34,38,309
34,39,278
34,40,14
34,41,29
34,42,305
34,43,384
34,44,211
34,46,149
34,47,395
34,48,77
34,49,160
34,51,206
34,52,310
34,53,206
34,54,221
34,55,379
34,56,268
34,57,344
34,58,91
34,59,80
34,60,288
34,61,5
34,62,9
34,63,106
34,67,17
34,68,87
34,71,25
34,72,101
34,73,230
34,75,288
34,76,306
34,79,214
34,81,56
34,82,302
34,83,197
34,85,121
34,86,361
34,87,30
34,90,5
34,91,33
34,92,1
34,96,227
34,97,209
34,101,225
34,104,311
34,105,15
34,108,224
34,112,94
34,113,130
34,117,219
34,118,306
34,119,117
34,123,9
34,126,180
34,130,393
34,133,76
34,136,259
34,138,339
34,141,239
34,142,222
34,143,92
34,148,169
34,149,251
34,153,120
34,155,93
34,159,115
34,160,394
34,169,203
34,173,109
34,175,325
34,176,29
34,190,258
34,196,215
34,199,162
35,1,68
35,2,125
35,5,58
35,7,213
35,8,138
35,9,82
35,10,206
35,11,172
35,13,400
35,15,284
35,16,322
35,17,271
35,18,60
35,21,53
35,26,196
35,27,113
35,28,314
35,33,333
35,39,350
35,40,310
35,41,121
35,42,322
35,44,43
35,45,43
35,47,221
35,48,134
35,50,326
35,51,5
35,52,111
35,55,303
35,58,64
35,60,187
35,62,245
35,65,180
35,66,6
35,67,342
35,68,346
35,69,270
35,71,98
35,72,209
35,73,119
35,74,386
35,76,134
35,78,272
35,79,286
35,80,216
35,81,109
35,83,196
35,84,5
35,85,313
35,87,71
35,88,310
35,93,115
35,94,329
35,96,145
35,99,50
35,100,343
35,101,189
35,103,391
35,104,289
35,112,312
35,116,334
35,118,77
35,138,51
35,139,311
35,140,75
35,141,215
35,142,90
35,143,373
35,144,220
35,148,263
35,149,31
35,154,187
35,156,288
35,166,128
35,168,1
35,173,351
35,177,308
35,179,271
35,182,393
35,184,186
35,186,318
35,189,362
35,194,357
35,196,80
35,197,39
36,1,361
36,2,384
36,3,326
36,4,143
36,5,154
36,6,234
36,7,25
36,8,371
36,9,326
36,11,137
36,12,263
36,13,253
36,15,365
36,18,153
36,19,63
36,20,348
36,21,28
36,23,184
36,24,180
36,25,120
36,28,25
36,29,184
36,30,230
36,31,327
36,32,178
36,34,337
36,38,226
36,39,272
36,40,372
36,41,387
36,42,254
36,43,55
36,44,40
36,46,293
36,48,111
36,49,331
36,50,220
36,52,32
36,53,104
36,54,233
36,55,309
36,56,206
36,58,252
36,59,332
36,61,25
36,62,176
36,64,352
36,65,350
36,66,184
36,68,7
36,69,287
36,70,232
36,71,254
36,72,351
36,73,35
36,74,85
36,80,1
36,81,69
36,82,302
36,83,241
36,84,97
36,85,326
36,87,394
36,89,147
36,90,91
36,93,155
36,94,172
36,96,336
36,97,380
36,98,326
36,99,329
36,101,86
36,106,325
36,107,131
36,108,195
36,118,304
36,119,199
36,121,357
36,122,223
36,125,316
36,132,299
36,134,393
36,135,320
36,140,289
36,143,123
36,145,361
36,149,138
36,150,147
36,152,218
36,154,344
36,155,263
36,160,330
36,162,11
36,163,358
36,164,392
36,172,262
36,179,96
36,182,234
36,183,217
36,185,377
36,186,247
36,187,308
36,189,79
36,190,143
36,196,249
36,197,207
37,1,246
37,2,115
37,3,300
37,7,169
37,8,112
37,9,77
37,11,225
37,13,172
37,14,70
37,15,146
37,16,356
37,17,252
37,19,103
37,20,219
37,21,195
37,22,12
37,23,144
37,24,185
37,25,2
37,28,324
37,31,247
37,32,366
37,33,359
37,34,132
37,38,181
37,39,370
37,40,365
37,41,121
37,42,125
37,44,280
37,46,369
37,47,107
37,49,314
37,50,68
37,51,281
37,53,351
37,54,2
37,55,293
37,56,119
37,57,195
37,58,377
37,59,67
37,60,362
37,61,4
37,63,163
37,64,325
37,69,32
37,70,110
37,72,309
37,74,160
37,76,79
37,79,306
37,83,288
37,84,13
37,85,354
37,87,65
37,90,66
37,93,262
37,95,199
37,97,327
37,98,70
37,99,330
37,100,29
37,101,284
37,102,362
37,103,216
37,104,246
37,105,230
37,106,281
37,107,1
37,111,368
37,118,399
37,119,114
37,122,380
37,124,150
37,125,357
37,128,85
37,133,219
37,134,256
37,141,82
37,142,252
37,144,64
37,146,11
37,149,21
37,153,242
37,154,135
37,156,340
37,165,158
37,169,266
37,175,236
37,176,29
37,182,57
37,186,390
37,192,149
37,198,199
38,2,157
38,3,169
38,4,320
38,8,80
38,9,56
38,11,362
38,12,198
38,13,24
38,14,375
38,15,303
38,16,310
38,18,341
38,23,327
38,25,237
38,28,82
38,29,359
38,31,253
38,32,180
38,33,252
38,34,309
38,36,226
38,37,181
38,39,241
38,41,118
38,42,105
38,43,240
38,44,206
38,45,170
38,47,199
38,48,298
38,51,324
38,52,37
38,53,328
38,54,156
38,55,19
38,59,116
38,61,92
38,63,291
38,64,36
38,66,42
38,67,191
38,70,55
38,73,120
38,74,60
38,75,358
38,78,333
38,79,108
38,83,65
38,84,207
38,86,35
38,87,377
38,89,78
38,92,385
38,93,181
38,98,12
38,100,17
38,101,251
38,102,250
38,104,382
38,105,42
38,113,310
38,118,204
38,121,43
38,122,303
38,125,4
38,126,186
38,127,57
38,130,184
38,131,280
38,132,71
38,134,233
38,136,155
38,142,255
38,144,293
38,145,339
38,147,322
38,150,292
38,151,321
38,156,321
38,157,316
38,162,131
38,165,49
38,169,100
38,170,263
38,171,367
38,173,262
38,175,390
38,177,238
38,180,311
38,182,2
38,188,190
38,191,387
38,192,92
38,193,87
38,197,209
39,2,197
39,3,119
39,4,241
39,5,327
39,6,87
39,8,222
39,9,142
39,10,28
39,12,388
39,13,68
39,17,184
39,18,352
39,20,372
39,21,10
39,22,397
39,23,21
39,24,171
39,25,137
39,29,329
39,31,56
39,33,4
39,34,278
39,35,350
39,36,272
39,37,370
39,38,241
39,41,278
39,42,164
39,43,374
39,44,162
39,45,23
39,46,77
39,47,141
39,48,334
39,50,107
39,51,105
39,52,26
39,53,152
39,54,31
39,56,11
39,57,233
39,58,115
39,59,106
39,60,95
39,62,387
39,63,386
39,64,37
39,65,270
39,70,211
39,71,288
39,72,379
39,73,395
39,78,105
39,81,173
39,82,187
39,85,339
39,88,22
39,89,50
39,91,323
39,93,74
39,94,270
39,101,249
39,102,205
39,103,387
39,104,290
39,105,85
39,106,246
39,107,93
39,108,261
39,109,284
39,110,9
39,111,111
39,113,26
39,115,174
39,118,149
39,120,353
39,124,266
39,129,129
39,130,126
39,141,391
39,144,103
39,147,290
39,152,314
39,153,102
39,159,238
39,160,194
39,164,202
39,167,365
39,171,75
39,176,62
39,179,31
39,194,75
39,200,32
40,1,335
40,3,289
40,4,327
40,7,396
40,8,258
40,9,287
40,10,398
40,12,20
40,13,66
40,14,189
40,15,157
40,16,20
40,18,323
40,19,277
40,20,190
40,22,99
40,23,273
40,24,231
40,26,317
40,27,136
40,28,226
40,29,202
40,30,236
40,31,134
40,33,187
40,34,14
40,35,310
40,36,372
40,37,365
40,41,264
40,43,263
40,45,26
40,46,309
40,47,195
40,48,375
40,49,258
40,51,219
40,52,87
40,53,318
40,55,93
40,57,251
40,58,77
40,59,159
40,60,36
40,61,385
40,63,259
40,67,246
40,68,234
40,69,116
40,73,52
40,74,267
40,75,161
40,79,200
40,81,87
40,85,74
40,87,251
40,88,61
40,90,348
40,93,102
40,95,70
40,97,319
40,98,348
40,101,300
40,105,215
40,112,44
40,113,284
40,119,38
40,124,93
40,125,108
40,126,56
40,127,22
40,128,92
40,129,166
40,131,107
40,132,157
40,134,257
40,135,18
40,146,331
40,149,299
40,150,331
40,152,184
40,154,39
40,156,316
40,158,234
40,161,88
40,163,160
40,183,84
40,185,321
40,190,110
40,196,99
40,199,234
41,1,154
41,2,367
41,4,195
41,5,100
41,6,211
41,9,387
41,10,9
41,12,10
41,13,1
41,14,230
41,15,162
41,16,300
41,17,1
41,19,152
41,21,204
41,24,125
41,25,230
41,26,86
41,28,21
41,29,192
41,33,230
41,34,29
41,35,121
41,36,387
41,37,121
41,38,118
41,39,278
41,40,264
41,42,327
41,44,20
41,45,315
41,48,371
41,49,299
41,50,41
41,51,110
41,52,47
41,53,106
41,54,209
41,55,101
41,56,189
41,58,362
41,59,74
41,60,329
41,62,239
41,63,307
41,65,273
41,66,272
41,67,236
41,68,277
41,69,32
41,72,183
41,73,244
41,74,348
41,75,288
41,77,320
41,80,280
41,81,374
41,83,247
41,84,8
41,86,228
41,87,145
41,89,185
41,95,233
41,96,31
41,98,316
41,99,319
41,101,51
41,107,55
41,110,92
41,113,292
41,114,17
41,115,120
41,116,275
41,117,121
41,120,367
41,121,140
41,123,22
41,126,344
41,131,234
41,134,169
41,138,164
41,140,383
41,141,75
41,143,294
41,152,291
41,155,394
41,156,225
41,159,224
41,164,239
41,166,81
41,167,390
41,172,211
41,173,384
41,177,132
41,180,95
41,182,85
41,183,335
41,185,209
41,186,292
41,189,287
41,191,393
41,195,6
41,197,175
41,200,202
42,5,117
42,6,59
42,7,193
42,8,288
42,11,122
42,12,195
42,13,366
42,14,224
42,15,103
42,16,21
42,17,140
42,20,365
42,26,302
42,27,49
42,28,147
42,29,336
42,30,326
42,32,334
42,33,326
42,34,305
42,35,322
42,36,254
42,37,125
42,38,105
42,39,164
42,41,327
42,44,131
42,45,350
42,47,28
42,48,378
42,49,369
42,50,11
42,51,360
42,52,234
42,54,227
42,55,318
42,57,57
42,58,91
42,59,304
42,63,77
42,64,83
42,65,266
42,66,108
42,68,258
42,69,389
42,70,337
42,72,319
42,74,388
42,76,31
42,79,184
42,80,400
42,82,356
42,83,257
42,84,16
42,86,294
42,88,28
42,89,334
42,91,231
42,92,270
42,94,228
42,95,291
42,96,190
42,100,326
42,101,68
42,104,219
42,109,244
42,110,188
42,112,151
42,114,43
42,115,80
42,116,239
42,117,393
42,119,284
42,120,181
42,121,23
42,123,12
42,128,183
42,129,210
42,133,172
42,134,101
42,139,50
42,141,13
42,143,208
42,147,17
42,152,263
42,153,154
42,156,129
42,157,312
42,159,219
42,160,113
42,163,66
42,164,193
42,169,132
42,172,330
42,173,26
42,174,254
42,176,370
42,181,313
42,186,396
42,193,166
42,197,274
43,3,334
43,4,290
43,5,16
43,7,158
43,8,254
43,9,150
43,10,84
43,11,151
43,12,253
43,13,344
43,14,30
43,15,254
43,16,159
43,17,206
43,18,19
43,20,159
43,21,154
43,22,237
43,24,253
43,27,359
43,28,310
43,32,34
43,33,324
43,34,384
43,36,55
43,38,240
43,39,374
43,40,263
43,44,291
43,45,73
43,47,14
43,48,17
43,49,38
43,50,86
43,51,375
43,53,229
43,54,290
43,55,230
43,56,305
43,57,133
43,59,188
43,60,185
43,61,354
43,62,85
43,63,147
43,64,172
43,67,21
43,68,34
43,70,21
43,71,356
43,72,22
43,75,50
43,77,23
43,79,63
43,83,32
43,84,336
43,85,135
43,88,299
43,90,16
43,92,92
43,98,238
43,105,107
43,106,153
43,110,164
43,112,289
43,113,232
43,115,209
43,119,163
43,123,172
43,125,137
43,128,205
43,129,225
43,130,338
43,135,103
43,139,82
43,140,122
43,143,327
43,148,343
43,150,116
43,153,309
43,157,286
43,162,217
43,166,130
43,168,134
43,170,341
43,171,135
43,177,278
43,187,243
43,189,175
43,191,56
43,192,244
43,194,13
43,196,269
43,197,276
44,2,153
44,3,392
44,6,240
44,7,339
44,8,191
44,10,33
44,11,166
44,12,111
44,13,216
44,14,192
44,15,378
44,17,80
44,20,318
44,22,121
44,25,232
44,26,247
44,27,202
