source,target,weight
1,2,132
1,3,276
1,4,84
1,8,226
1,9,195
1,11,152
1,13,116
1,14,344
1,15,25
1,16,322
1,17,56
1,18,349
1,19,289
1,20,271
1,21,342
1,22,51
1,24,164
1,25,330
1,27,397
1,35,322
1,39,37
1,42,119
1,46,158
1,57,41
1,58,121
1,59,208
1,61,195
1,63,98
1,65,333
1,66,264
1,72,124
1,76,57
1,78,350
1,80,219
1,86,303
1,104,370
1,105,157
1,111,343
1,112,91
1,113,210
1,118,143
1,130,204
1,138,241
1,141,387
1,142,172
1,153,179
1,155,118
1,157,232
1,160,15
1,162,89
1,179,25
1,189,399
1,200,379
2,1,132
2,3,95
2,4,67
2,5,129
2,6,363
2,7,206
2,8,143
2,10,80
2,11,186
2,12,57
2,13,385
2,14,79
2,16,156
2,17,95
2,18,343
2,19,324
2,23,2
2,25,373
2,26,64
2,27,234
2,29,96
2,30,390
2,31,152
2,32,125
2,34,110
2,37,292
2,38,180
2,39,116
2,41,83
2,42,140
2,45,95
2,47,134
2,49,84
2,50,340
2,51,296
2,52,325
2,53,46
2,54,58
2,55,390
2,57,254
2,60,369
2,63,274
2,64,162
2,68,361
2,72,126
2,73,38
2,75,295
2,78,227
2,80,218
2,81,305
2,85,223
2,86,161
2,91,318
2,93,199
2,95,330
2,96,398
2,97,41
2,98,179
2,100,77
2,104,136
2,106,84
2,114,82
2,125,87
2,128,248
2,140,198
2,142,172
2,147,244
2,150,233
2,171,167
2,172,362
3,1,276
3,2,95
3,4,113
3,5,290
3,6,244
3,7,397
3,8,249
3,9,324
3,11,347
3,12,176
3,14,235
3,15,40
3,18,255
3,20,79
3,23,80
3,24,115
3,25,385
3,27,81
3,32,378
3,33,332
3,34,240
3,35,237
3,37,124
3,38,309
3,41,148
3,42,63
3,43,151
3,45,65
3,48,93
3,49,82
3,50,345
3,54,244
3,56,24
3,59,19
3,61,182
3,65,152
3,67,171
3,69,361
3,71,36
3,77,5
3,82,251
3,83,244
3,84,68
3,89,280
3,96,36
3,104,237
3,110,218
3,112,278
3,114,153
3,117,51
3,118,158
3,125,177
3,132,184
3,135,312
3,139,339
3,149,203
3,152,387
3,155,391
3,180,251
3,182,374
3,186,196
3,195,349
3,198,129
4,1,84
4,2,67
4,3,113
4,5,320
4,6,227
4,7,180
4,8,42
4,10,237
4,11,265
4,13,228
4,15,323
4,19,197
4,20,111
4,21,266
4,22,48
4,23,298
4,24,141
4,29,368
4,30,307
4,32,268
4,35,275
4,36,153
4,37,174
4,40,4
4,41,103
4,43,199
4,47,146
4,48,54
4,49,2
4,50,219
4,53,314
4,54,122
4,57,394
4,59,51
4,60,55
4,63,5
4,64,260
4,65,204
4,66,235
4,68,381
4,73,280
4,79,123
4,81,113
4,82,326
4,83,355
4,85,348
4,89,211
4,90,232
4,91,390
4,92,354
4,95,60
4,99,42
4,101,76
4,103,359
4,115,322
4,117,203
4,119,15
4,127,288
4,128,370
4,129,67
4,132,353
4,150,166
4,153,393
4,154,370
4,155,117
4,157,54
4,159,120
4,161,255
4,164,125
4,165,155
4,168,310
4,172,212
4,174,154
4,182,286
4,187,192
4,194,189
5,2,129
5,3,290
5,4,320
5,7,5
5,8,198
5,9,292
5,10,140
5,13,134
5,16,45
5,19,47
5,20,15
5,23,264
5,24,333
5,25,184
5,26,320
5,27,182
5,29,130
5,30,229
5,31,310
5,32,60
5,34,258
5,36,60
5,37,183
5,40,308
5,41,299
5,44,203
5,47,101
5,48,197
5,49,319
5,56,64
5,57,222
5,59,35
5,60,26
5,64,285
5,65,195
5,68,359
5,70,269
5,74,367
5,76,262
5,80,247
5,88,160
5,93,55
5,95,206
5,97,198
5,98,15
5,105,92
5,109,63
5,110,56
5,112,182
5,121,119
5,123,383
5,129,130
5,136,215
5,137,208
5,139,36
5,144,19
5,152,183
5,169,133
5,174,153
5,178,251
5,182,379
5,183,388
5,185,66
5,190,385
6,2,363
6,3,244
6,4,227
6,7,12
6,9,228
6,11,244
6,13,327
6,15,282
6,16,315
6,17,31
6,18,20
6,20,346
6,22,47
6,23,96
6,24,113
6,25,342
6,26,362
6,28,356
6,29,238
6,30,326
6,31,32
6,32,174
6,33,222
6,34,134
6,35,335
6,36,246
6,39,267
6,43,208
6,45,232
6,46,16
6,49,1
6,51,157
6,56,390
6,60,343
6,61,71
6,64,303
6,65,74
6,66,361
6,69,356
6,74,357
6,80,268
6,82,41
6,88,84
6,89,199
6,90,369
6,91,266
6,96,387
6,98,248
6,102,383
6,104,25
6,107,306
6,111,50
6,125,264
6,133,275
6,143,246
6,152,323
6,154,377
6,155,292
6,166,280
6,170,179
6,181,358
6,187,40
6,190,35
6,196,165
6,200,192
7,2,206
7,3,397
7,4,180
7,5,5
7,6,12
7,8,251
7,9,77
7,10,71
7,11,44
7,12,252
7,15,70
7,16,320
7,17,339
7,18,164
7,20,305
7,21,353
7,22,24
7,23,70
7,24,20
7,25,217
7,26,285
7,27,117
7,28,71
7,29,310
7,30,395
7,31,244
7,33,253
7,34,94
7,35,4
7,36,112
7,37,77
7,42,268
7,43,186
7,44,121
7,52,93
7,53,267
7,56,339
7,59,167
7,64,296
7,71,73
7,76,153
7,77,89
7,79,20
7,83,381
7,85,45
7,89,95
7,90,46
7,91,87
7,94,62
7,95,276
7,98,348
7,99,123
7,109,294
7,113,380
7,116,5
7,118,199
7,123,386
7,130,336
7,131,290
7,144,172
7,148,365
7,151,22
7,153,331
7,154,324
7,156,391
7,158,206
7,168,10
7,169,108
7,182,115
7,187,197
7,193,203
7,197,327
8,1,226
8,2,143
8,3,249
8,4,42
8,5,198
8,7,251
8,9,96
8,10,11
8,12,48
8,13,202
8,14,27
8,15,54
8,17,23
8,18,285
8,22,274
8,23,224
8,24,296
8,26,385
8,27,307
8,28,16
8,30,387
8,31,37
8,35,301
8,36,51
8,37,203
8,39,131
8,40,348
8,45,343
8,46,324
8,47,76
8,48,288
8,49,156
8,50,219
8,55,150
8,57,346
8,58,212
8,60,314
8,62,218
8,74,338
8,79,336
8,83,81
8,90,48
8,92,250
8,93,99
8,96,395
8,101,81
8,103,143
8,104,370
8,108,91
8,109,273
8,115,38
8,122,116
8,123,226
8,126,46
8,130,364
8,137,49
8,144,7
8,148,313
8,155,369
8,159,179
8,163,286
8,172,266
8,175,185
8,187,295
8,188,210
8,195,400
8,197,28
9,1,195
9,3,324
9,5,292
9,6,228
9,7,77
9,8,96
9,10,197
9,11,271
9,12,291
9,14,6
9,18,235
9,21,12
9,23,297
9,24,183
9,26,249
9,27,207
9,28,284
9,30,281
9,31,252
9,32,342
9,34,217
9,36,18
9,37,274
9,38,17
9,40,59
9,43,382
9,44,266
9,47,253
9,48,111
9,51,22
9,52,345
9,57,54
9,58,306
9,59,138
9,60,269
9,61,102
9,62,248
9,65,242
9,66,239
9,69,80
9,70,264
9,71,170
9,73,247
9,75,384
9,80,330
9,82,13
9,88,348
9,92,264
9,95,44
9,108,167
9,111,41
9,123,154
9,124,213
9,128,173
9,130,304
9,133,386
9,138,274
9,161,118
9,167,241
9,172,226
9,185,37
9,192,281
9,200,314
10,2,80
10,4,237
10,5,140
10,7,71
10,8,11
10,9,197
10,12,230
10,14,160
10,15,381
10,16,390
10,19,354
10,21,89
10,22,299
10,24,338
10,26,116
10,29,143
10,32,174
10,33,226
10,34,181
10,36,322
10,38,365
10,42,375
10,43,61
10,44,241
10,47,235
10,51,90
10,53,235
10,54,374
10,56,285
10,62,290
10,64,107
10,66,364
10,69,374
10,74,272
10,75,22
10,78,142
10,85,328
10,86,108
10,87,297
10,88,303
10,89,369
10,90,400
10,93,107
10,94,332
10,95,59
10,103,137
10,105,153
10,107,319
10,108,181
10,116,158
10,119,270
10,125,194
10,127,101
10,157,310
10,161,183
10,166,348
10,167,380
10,170,46
10,180,258
10,191,89
11,1,152
11,2,186
11,3,347
11,4,265
11,6,244
11,7,44
11,9,271
11,12,215
11,14,325
11,15,363
11,16,89
11,17,23
11,18,68
11,19,315
11,20,273
11,21,209
11,22,353
11,23,93
11,24,115
11,25,391
11,27,215
11,28,322
11,30,159
11,31,5
11,33,18
11,35,166
11,36,135
11,38,358
11,40,103
11,42,182
11,43,355
11,44,351
11,46,140
11,49,69
11,50,266
11,51,44
11,59,181
11,62,19
11,66,332
11,70,324
11,73,203
11,75,256
11,78,357
11,79,141
11,81,108
11,88,349
11,89,355
11,105,328
11,106,296
11,107,188
11,110,387
11,113,114
11,117,182
11,120,318
11,124,226
11,126,348
11,129,213
11,130,233
11,134,76
11,148,200
11,167,14
11,170,115
11,179,121
11,180,253
11,181,182
11,182,96
11,184,290
11,190,6
11,198,310
12,2,57
12,3,176
12,7,252
12,8,48
12,9,291
12,10,230
12,11,215
12,13,134
12,15,98
12,17,207
12,18,202
12,20,364
12,22,115
12,25,122
12,26,128
12,28,345
12,29,215
12,30,230
12,31,248
12,33,138
12,34,375
12,35,175
12,38,17
12,39,319
12,40,54
12,45,395
12,47,333
12,49,146
12,51,32
12,55,43
12,57,303
12,61,351
12,62,270
12,63,210
12,65,62
12,79,335
12,91,16
12,96,84
12,98,276
12,99,242
12,100,122
12,101,171
12,105,105
12,108,171
12,113,152
12,121,189
12,123,78
12,124,225
12,132,214
12,141,349
12,143,207
12,158,259
12,160,262
12,162,9
12,174,140
12,185,50
12,188,186
12,192,263
12,195,28
13,1,116
13,2,385
13,4,228
13,5,134
13,6,327
13,8,202
13,12,134
13,15,323
13,17,19
13,18,171
13,19,297
13,20,331
13,21,327
13,25,58
13,28,315
13,30,69
13,32,264
13,34,83
13,35,250
13,39,72
13,42,285
13,44,137
13,45,301
13,46,244
13,51,184
13,52,369
13,53,303
13,54,41
13,55,73
13,58,280
13,59,333
13,62,391
13,66,60
13,67,96
13,70,386
13,74,303
13,80,374
13,81,28
13,83,161
13,85,184
13,86,62
13,87,207
13,88,112
13,91,288
13,98,255
13,102,343
13,112,57
13,114,54
13,117,129
13,118,324
13,121,101
13,125,159
13,133,91
13,140,123
13,155,373
13,177,149
13,179,332
13,194,160
13,199,141
13,200,184
14,1,344
14,2,79
14,3,235
14,8,27
14,9,6
14,10,160
14,11,325
14,15,245
14,16,100
14,17,104
14,20,97
14,21,65
14,22,77
14,23,298
14,24,88
14,27,64
14,28,313
14,29,278
14,30,186
14,31,156
14,35,106
14,37,386
14,38,322
14,39,100
14,40,146
14,41,91
14,42,314
14,44,136
14,45,287
14,46,302
14,51,56
14,52,207
14,53,1
14,54,258
14,55,66
14,56,83
14,57,145
14,58,371
14,59,322
14,60,31
14,62,305
14,75,300
14,77,64
14,78,181
14,79,7
14,83,200
14,84,86
14,85,211
14,87,337
14,90,3
14,92,2
14,94,243
14,95,343
14,97,101
14,98,4
14,101,329
14,102,59
14,105,108
14,106,80
14,111,198
14,112,53
14,115,22
14,117,362
14,119,6
14,123,183
14,124,341
14,126,76
14,132,212
14,135,364
14,142,207
14,157,38
14,166,266
14,168,100
14,186,153
15,1,25
15,3,40
15,4,323
15,6,282
15,7,70
15,8,54
15,10,381
15,11,363
15,12,98
15,13,323
15,14,245
15,16,91
15,17,257
15,18,375
15,20,252
15,21,129
15,22,368
15,27,170
15,28,58
15,29,121
15,30,223
15,31,3
15,32,137
15,34,184
15,36,174
15,37,269
15,39,237
15,41,44
15,42,43
15,44,361
15,46,79
15,48,309
15,50,304
15,51,86
15,53,46
15,64,49
15,65,356
15,66,184
15,67,77
15,72,309
15,73,342
15,75,376
15,82,343
15,84,14
15,85,107
15,87,82
15,90,314
15,92,337
15,95,86
15,96,398
15,98,323
15,100,141
15,102,19
15,108,12
15,109,173
15,113,95
15,120,153
15,124,138
15,131,74
15,132,374
15,138,260
15,146,316
15,151,241
15,152,47
15,153,260
15,162,398
15,163,316
15,165,24
15,167,351
15,172,209
15,176,44
15,186,333
15,195,108
16,1,322
16,2,156
16,5,45
16,6,315
16,7,320
16,10,390
16,11,89
16,14,100
16,15,91
16,17,116
16,18,236
16,20,14
16,21,80
16,22,83
16,25,101
16,27,384
16,28,53
16,29,99
16,30,149
16,32,167
16,34,205
16,36,100
16,38,162
16,41,117
16,42,338
16,43,60
16,44,72
16,47,304
16,50,294
16,51,125
16,53,25
16,54,356
16,56,147
16,59,28
16,60,241
16,61,49
16,62,109
16,64,264
16,65,107
16,68,214
16,70,83
16,71,174
16,72,103
16,73,100
16,74,63
16,78,159
16,84,368
16,89,335
16,90,144
16,102,225
16,103,354
16,120,101
16,123,83
16,124,179
16,128,248
16,130,16
16,138,209
16,140,315
16,152,300
16,155,266
16,176,366
16,177,7
16,185,354
16,188,184
16,199,19
17,1,56
17,2,95
17,6,31
17,7,339
17,8,23
17,11,23
17,12,207
17,13,19
17,14,104
17,15,257
17,16,116
17,19,374
17,21,54
17,22,150
17,24,95
17,26,166
17,28,284
17,29,151
17,30,201
17,32,118
17,33,105
17,34,97
17,36,331
17,37,71
17,39,36
17,40,35
17,41,249
17,42,145
17,46,313
17,52,339
17,54,284
17,57,236
17,58,362
17,60,155
17,68,278
17,70,275
17,71,229
17,73,94
17,76,399
17,77,162
17,78,144
17,85,83
17,86,110
17,88,291
17,94,243
17,98,159
17,101,298
17,102,109
17,109,273
17,114,6
17,116,102
17,122,1
17,126,281
17,144,398
17,150,296
17,156,386
17,178,231
17,179,232
17,181,104
18,1,349
18,2,343
18,3,255
18,6,20
18,7,164
18,8,285
18,9,235
18,11,68
18,12,202
18,13,171
18,15,375
18,16,236
18,19,367
18,20,104
18,23,100
18,24,62
18,26,327
18,27,128
18,28,16
18,29,79
18,33,46
18,37,205
18,38,53
18,39,7
18,40,69
18,42,213
18,43,295
18,45,243
18,48,81
18,52,58
18,53,388
18,54,130
18,56,222
18,58,158
18,66,278
18,69,8
18,71,334
18,72,129
18,73,255
18,76,381
18,86,391
18,89,102
18,93,156
18,94,308
18,100,352
18,102,316
18,103,183
18,109,285
18,112,51
18,118,120
18,121,284
18,129,374
18,130,309
18,140,252
18,145,388
18,149,216
18,150,289
18,154,263
18,156,37
18,167,275
18,168,277
18,169,104
18,176,311
18,180,256
18,185,174
18,189,310
18,190,370
18,194,365
19,1,289
19,2,324
19,4,197
19,5,47
19,10,354
19,11,315
19,13,297
19,17,374
19,18,367
19,21,338
19,22,29
19,25,64
19,26,28
19,27,148
19,29,41
19,31,394
19,32,278
19,33,127
19,37,272
19,39,306
19,45,284
19,46,220
19,47,145
19,48,266
19,53,332
19,54,72
19,55,135
19,56,271
19,62,114
19,71,317
19,77,8
19,81,395
19,85,297
19,90,205
19,91,136
19,92,259
19,97,322
19,100,114
19,107,86
19,109,273
19,113,57
19,123,373
19,128,221
19,130,147
19,132,353
19,133,386
19,139,47
19,141,188
19,156,352
19,158,150
19,170,390
19,171,261
19,172,88
19,176,351
19,177,172
19,180,149
19,181,92
19,185,79
19,189,146
19,190,309
19,193,232
19,196,206
20,1,271
20,3,79
20,4,111
20,5,15
20,6,346
20,7,305
20,11,273
20,12,364
20,13,331
20,14,97
20,15,252
20,16,14
20,18,104
20,21,271
20,23,293
20,24,33
20,25,120
20,26,2
20,27,36
20,28,295
20,29,333
20,30,297
20,33,192
20,34,19
20,40,261
20,43,118
20,44,3
20,46,60
20,47,36
20,52,398
20,55,287
20,61,298
20,63,384
20,69,56
20,70,215
20,73,337
20,75,340
20,77,363
20,78,373
20,79,34
20,80,101
20,86,392
20,87,91
20,91,111
20,97,9
20,102,58
20,104,66
20,109,390
20,111,117
20,116,109
20,118,309
20,119,124
20,123,119
20,129,96
20,138,89
20,163,148
20,165,246
20,172,77
20,178,130
20,186,55
20,194,190
20,195,36
20,197,72
20,199,326
21,1,342
21,4,266
21,7,353
21,9,12
21,10,89
21,11,209
21,13,327
21,14,65
21,15,129
21,16,80
21,17,54
21,19,338
21,20,271
21,22,164
21,24,85
21,25,170
21,26,80
21,32,135
21,33,52
21,34,44
21,36,223
21,37,223
21,41,203
21,42,326
21,45,177
21,49,68
21,50,266
21,51,262
21,54,341
21,55,72
21,58,70
21,60,57
21,62,195
21,67,56
21,68,165
21,69,122
21,71,394
21,72,17
21,76,160
21,77,192
21,78,153
21,79,226
21,88,333
21,89,1
21,91,196
21,100,309
21,102,306
21,103,211
21,112,277
21,117,318
21,120,393
21,126,96
21,128,210
21,132,109
21,139,269
21,142,79
21,144,317
21,159,380
21,161,261
21,162,31
21,165,199
21,170,322
21,171,169
21,185,224
21,189,330
21,196,78
22,1,51
22,4,48
22,6,47
22,7,24
22,8,274
22,10,299
22,11,353
22,12,115
22,14,77
22,15,368
22,16,83
22,17,150
22,19,29
22,21,164
22,24,365
22,25,150
22,26,214
22,28,261
22,29,182
22,30,377
22,31,322
22,32,151
22,33,378
22,35,367
22,37,246
22,39,48
22,40,347
22,41,97
22,42,178
22,43,100
22,44,128
22,46,304
22,49,15
22,50,361
22,52,207
22,55,8
22,58,152
22,61,319
22,64,216
22,66,220
22,69,267
22,74,233
22,79,74
22,80,7
22,85,282
22,94,148
22,100,132
22,103,306
22,108,12
22,109,258
22,116,244
22,118,383
22,120,383
22,131,304
22,136,26
22,143,139
22,145,104
22,146,289
22,155,104
22,156,147
22,158,277
22,159,337
22,161,231
22,167,152
22,169,152
22,171,150
22,173,368
22,179,190
22,182,58
22,185,275
22,191,65
23,2,2
23,3,80
23,4,298
23,5,264
23,6,96
23,7,70
23,8,224
23,9,297
23,11,93
23,14,298
23,18,100
23,20,293
23,24,399
23,25,45
23,26,74
23,27,273
23,29,91
23,31,293
23,33,308
23,36,103
23,39,399
23,40,358
23,41,261
23,42,352
23,43,104
23,44,51
23,47,354
23,52,120
23,53,352
23,54,304
23,59,280
23,68,282
23,70,301
23,72,348
23,73,356
23,75,240
23,80,216
23,81,28
23,93,110
23,97,290
23,99,46
23,111,112
23,115,373
23,118,224
23,121,177
23,122,25
23,128,378
23,130,400
23,134,227
23,139,4
23,140,308
23,145,315
23,147,290
23,148,204
23,151,322
23,152,241
23,153,1
23,172,5
23,175,117
23,178,196
23,188,45
23,192,93
23,195,164
24,1,164
24,3,115
24,4,141
24,5,333
24,6,113
24,7,20
24,8,296
24,9,183
24,10,338
24,11,115
24,14,88
24,17,95
24,18,62
24,20,33
24,21,85
24,22,365
24,23,399
24,25,305
24,26,171
24,27,59
24,28,145
24,29,222
24,31,311
24,34,367
24,35,86
24,36,240
24,38,301
24,39,379
24,41,140
24,42,371
24,49,194
24,52,212
24,53,378
24,54,87
24,55,249
24,57,327
24,62,231
24,68,207
24,70,31
24,71,172
24,74,97
24,78,379
24,83,89
24,99,282
24,101,138
24,108,103
24,109,243
24,123,335
24,132,272
24,149,197
24,156,24
24,158,56
24,164,128
24,167,393
24,186,298
24,191,201
24,193,33
24,194,112
24,195,251
24,196,317
25,1,330
25,2,373
25,3,385
25,5,184
25,6,342
25,7,217
25,11,391
25,12,122
25,13,58
25,16,101
25,19,64
25,20,120
25,21,170
25,22,150
25,23,45
25,24,305
25,26,135
25,27,189
25,28,142
25,29,167
25,31,64
25,32,76
25,34,279
25,35,4
25,36,327
25,38,128
25,39,103
25,41,318
25,43,51
25,44,37
25,47,54
25,51,287
25,54,2
25,56,317
25,57,220
25,59,310
25,62,275
25,64,98
25,65,258
25,66,87
25,68,150
25,71,86
25,73,11
25,75,198
25,76,145
25,78,206
25,80,193
25,82,137
25,84,125
25,90,227
25,91,87
25,99,108
25,102,207
25,104,201
25,106,201
25,110,38
25,111,193
25,114,54
25,117,275
25,119,149
25,124,209
25,137,186
25,138,211
25,145,142
25,146,191
25,157,205
25,160,346
25,165,216
25,169,84
25,179,329
25,199,346
26,2,64
26,5,320
26,6,362
26,7,285
26,8,385
26,9,249
26,10,116
26,12,128
26,17,166
26,18,327
26,19,28
26,20,2
26,21,80
26,22,214
26,23,74
26,24,171
26,25,135
26,27,120
26,28,224
26,29,4
26,31,200
26,32,257
26,33,362
26,34,52
26,35,214
26,36,222
26,39,325
26,41,395
26,42,69
26,44,20
26,47,189
26,49,156
26,50,136
26,53,159
26,55,49
26,59,34
26,63,385
26,67,235
26,70,3
26,73,114
26,77,294
26,85,227
26,87,380
26,88,112
26,97,336
26,104,172
26,109,384
26,110,68
26,117,29
26,118,202
26,127,233
26,130,67
26,134,335
26,138,242
26,146,96
26,150,109
26,151,136
26,154,145
26,161,100
26,164,384
26,169,291
26,170,64
26,171,196
27,1,397
27,2,234
27,3,81
27,5,182
27,7,117
27,8,307
27,9,207
27,11,215
27,14,64
27,15,170
27,16,384
27,18,128
27,19,148
27,20,36
27,23,273
27,24,59
27,25,189
27,26,120
27,29,357
27,30,126
27,31,288
27,33,189
27,35,333
27,37,294
27,38,301
27,39,348
27,40,304
27,41,149
27,43,349
27,48,178
27,49,155
27,50,192
27,53,304
27,57,24
27,59,103
27,60,54
27,61,263
27,62,375
27,63,151
27,66,97
27,71,341
27,72,163
27,74,102
27,78,326
27,79,94
27,87,154
27,92,180
27,97,21
27,102,249
27,109,335
27,113,133
27,114,310
27,115,150
27,121,265
27,122,122
27,123,184
27,125,266
27,133,51
27,142,384
27,145,172
27,147,246
27,154,149
27,156,284
27,168,264
27,169,160
27,182,322
27,191,137
28,6,356
28,7,71
28,8,16
28,9,284
28,11,322
28,12,345
28,13,315
28,14,313
28,15,58
28,16,53
28,17,284
28,18,16
28,20,295
28,22,261
28,24,145
28,25,142
28,26,224
28,29,214
28,31,323
28,34,251
28,35,146
28,36,85
28,37,350
28,39,59
28,42,12
28,45,320
28,46,89
28,49,168
28,56,353
28,63,46
28,65,323
28,68,150
28,69,93
28,70,110
28,73,38
28,75,273
28,76,152
28,78,221
28,79,367
28,80,265
28,81,49
28,85,312
28,88,47
28,90,301
28,91,174
28,94,41
28,103,17
28,105,372
28,106,107
28,107,87
28,114,360
28,115,186
28,118,156
28,120,365
28,129,127
28,146,269
28,147,386
28,166,338
28,176,114
28,185,279
28,194,27
28,196,270
29,2,96
29,4,368
29,5,130
29,6,238
29,7,310
29,10,143
29,12,215
29,14,278
29,15,121
29,16,99
29,17,151
29,18,79
29,19,41
29,20,333
29,22,182
29,23,91
29,24,222
29,25,167
29,26,4
29,27,357
29,28,214
29,30,81
29,31,161
29,32,325
29,33,26
29,34,278
29,35,14
29,36,140
29,38,273
29,40,246
29,44,38
29,45,222
29,48,76
29,50,371
29,51,146
29,52,301
29,54,274
29,55,259
29,57,377
29,58,263
29,59,382
29,64,14
29,65,145
29,67,168
29,70,266
29,77,54
29,80,225
29,81,113
29,85,370
29,86,328
29,89,221
29,92,139
29,93,91
29,97,62
29,100,366
29,104,225
29,106,25
29,108,46
29,113,241
29,116,81
29,118,125
29,125,53
29,126,104
29,128,180
29,132,231
29,133,387
29,137,181
29,139,125
29,142,185
29,146,372
29,148,80
29,151,385
29,166,263
29,173,23
29,174,172
29,189,378
29,195,156
30,2,390
30,4,307
30,5,229
30,6,326
30,7,395
30,8,387
30,9,281
30,11,159
30,12,230
30,13,69
30,14,186
30,15,223
30,16,149
30,17,201
30,20,297
30,22,377
30,27,126
30,29,81
30,31,151
30,33,219
30,34,250
30,35,98
30,36,225
30,38,251
30,43,374
30,44,394
30,46,77
30,47,305
30,48,389
30,50,301
30,51,308
30,52,13
30,54,343
30,55,209
30,58,333
30,62,152
30,63,304
30,65,220
30,67,271
30,68,112
30,69,74
30,77,398
30,79,335
30,88,352
30,90,273
30,93,260
30,96,332
30,100,109
30,107,332
30,110,65
30,116,353
30,120,345
30,121,143
30,124,8
30,125,379
30,126,236
30,127,333
30,139,294
30,147,279
30,156,225
30,160,321
30,170,12
30,172,178
30,173,243
30,176,227
30,180,366
30,182,128
30,189,332
31,2,152
31,5,310
31,6,32
31,7,244
31,8,37
31,9,252
31,11,5
31,12,248
31,14,156
31,15,3
31,19,394
31,22,322
31,23,293
31,24,311
31,25,64
31,26,200
31,27,288
31,28,323
31,29,161
31,30,151
31,32,155
31,33,83
31,37,135
31,40,35
31,41,59
31,42,173
31,43,318
31,44,155
31,45,17
31,47,255
31,49,100
31,50,50
31,55,108
31,56,40
31,58,137
31,60,38
31,61,178
31,62,56
31,65,252
31,66,33
31,69,59
31,70,9
31,74,7
31,76,289
31,77,147
31,81,18
31,84,189
31,86,302
31,87,14
31,89,24
31,91,166
31,99,185
31,114,135
31,115,37
31,120,147
31,121,383
31,127,326
31,137,332
31,149,312
31,166,63
31,170,196
31,176,161
31,191,160
31,196,382
32,2,125
32,3,378
32,4,268
32,5,60
32,6,174
32,9,342
32,10,174
32,13,264
32,15,137
32,16,167
32,17,118
32,19,278
32,21,135
32,22,151
32,25,76
32,26,257
32,29,325
32,31,155
32,33,286
32,35,200
32,36,264
32,37,66
32,38,36
32,39,343
32,40,64
32,42,95
32,49,255
32,51,49
32,52,192
32,58,298
32,64,110
32,67,359
32,72,101
32,74,203
32,78,97
32,79,254
32,80,278
32,82,251
32,84,276
32,86,369
32,92,202
32,95,287
32,97,99
32,98,42
32,100,215
32,114,292
32,118,138
32,119,294
32,121,325
32,124,196
32,126,184
32,129,70
32,130,94
32,134,145
32,147,266
32,159,84
32,161,200
32,165,26
32,166,280
32,181,216
32,187,177
32,199,236
32,200,19
33,3,332
33,6,222
33,7,253
33,10,226
33,11,18
33,12,138
33,17,105
33,18,46
33,19,127
33,20,192
33,21,52
33,22,378
33,23,308
33,26,362
33,27,189
33,29,26
33,30,219
33,31,83
33,32,286
33,36,46
33,40,358
33,44,378
33,45,68
33,47,363
33,48,11
33,51,399
33,52,301
33,53,155
33,59,229
33,60,51
33,62,46
33,69,124
33,70,158
33,71,261
33,72,240
33,73,220
33,77,115
33,83,155
33,85,289
33,93,242
33,94,257
33,98,4
33,100,51
33,101,152
33,106,84
33,109,351
33,111,392
33,116,187
33,124,217
33,127,289
33,129,325
33,136,6
33,137,321
33,145,142
33,152,102
33,154,203
33,157,82
33,162,238
33,169,57
33,172,324
33,173,34
33,177,214
33,182,316
33,186,117
33,189,33
33,196,108
34,2,110
34,3,240
34,5,258
34,6,134
34,7,94
34,9,217
34,10,181
34,12,375
34,13,83
34,15,184
34,16,205
34,17,97
34,20,19
34,21,44
34,24,367
34,25,279
34,26,52
34,28,251
34,29,278
34,30,250
34,35,63
34,36,150
34,40,89
34,41,50
34,45,161
34,48,290
34,50,127
34,51,96
34,53,219
34,56,228
34,57,313
34,60,362
34,61,121
34,63,244
34,64,175
34,65,130
34,69,238
34,74,196
34,76,340
34,79,194
34,81,40
34,82,108
34,84,315
34,85,334
34,89,114
34,99,262
34,101,303
34,103,160
34,104,203
34,105,54
34,109,363
34,117,158
34,118,85
34,119,371
34,122,292
34,123,160
34,132,350
34,143,182
34,154,70
34,165,37
34,169,76
34,173,8
34,177,28
34,193,109
34,194,380
34,195,214
35,1,322
35,3,237
35,4,275
35,6,335
35,7,4
35,8,301
35,11,166
35,12,175
35,13,250
35,14,106
35,22,367
35,24,86
35,25,4
35,26,214
35,27,333
35,28,146
35,29,14
35,30,98
35,32,200
35,34,63
35,37,203
35,38,268
35,39,130
35,40,327
35,41,298
35,51,41
35,52,121
35,54,301
35,55,231
35,56,121
35,57,156
35,59,144
35,60,104
35,61,167
35,63,183
35,65,213
35,67,221
35,69,271
35,70,218
35,75,285
35,76,259
35,78,157
35,86,373
35,87,12
35,91,51
35,93,110
35,97,97
35,98,126
35,99,210
35,108,63
35,112,358
35,113,167
35,125,368
35,138,124
35,141,15
35,143,289
35,146,293
35,148,154
35,150,295
35,153,79
35,155,297
35,158,374
35,162,130
35,179,117
35,182,382
35,184,342
36,4,153
36,5,60
36,6,246
36,7,112
36,8,51
36,9,18
36,10,322
36,11,135
36,15,174
36,16,100
36,17,331
36,21,223
36,23,103
36,24,240
36,25,327
36,26,222
36,28,85
36,29,140
36,30,225
36,32,264
36,33,46
36,34,150
36,38,394
36,39,179
36,42,278
36,43,328
36,45,371
36,46,35
36,47,337
36,48,336
36,49,212
36,50,319
36,52,44
36,53,307
36,56,220
36,57,21
36,61,153
36,63,186
36,64,115
36,74,96
36,77,94
36,78,43
36,82,384
36,87,134
36,108,158
36,110,266
36,114,269
36,115,41
36,116,198
36,117,296
36,127,90
36,130,91
36,138,373
36,139,307
36,141,124
36,149,60
36,151,250
36,152,67
36,155,224
36,161,197
36,169,252
36,190,150
36,193,358
37,2,292
37,3,124
37,4,174
37,5,183
37,7,77
37,8,203
37,9,274
37,14,386
37,15,269
37,17,71
37,18,205
37,19,272
37,21,223
37,22,246
37,27,294
37,28,350
37,31,135
37,32,66
37,35,203
37,38,394
37,40,122
37,41,388
37,42,19
37,43,143
37,46,209
37,51,89
37,54,121
37,57,318
37,58,340
37,60,124
37,63,346
37,64,261
37,66,249
37,72,94
37,76,297
37,81,194
37,82,46
37,83,313
37,87,172
37,89,56
37,90,299
37,97,395
37,99,193
37,101,256
37,102,203
37,108,167
37,109,34
37,111,35
37,112,78
37,116,374
37,120,312
37,128,185
37,129,383
37,131,235
37,134,48
37,138,376
37,141,44
37,147,174
37,148,311
37,150,100
37,157,226
37,158,329
37,163,195
37,164,151
37,167,193
37,171,249
37,173,76
38,2,180
38,3,309
38,9,17
38,10,365
38,11,358
38,12,17
38,14,322
38,16,162
38,18,53
38,24,301
38,25,128
38,27,301
38,29,273
38,30,251
38,32,36
38,35,268
38,36,394
38,37,394
38,41,34
38,42,240
38,43,297
38,45,99
38,48,118
38,49,264
38,52,44
38,53,121
38,55,288
38,61,258
38,62,46
38,67,166
38,69,170
38,70,320
38,72,12
38,74,114
38,76,85
38,79,85
38,82,352
38,88,346
38,90,356
38,91,337
38,94,228
38,95,317
38,101,360
38,103,203
38,104,99
38,105,217
38,106,56
38,109,323
38,115,35
38,117,186
38,120,363
38,122,327
38,130,112
38,132,109
38,134,70
38,140,71
38,143,1
38,147,166
38,157,208
38,159,308
38,164,142
38,166,281
38,174,346
38,175,380
38,177,251
38,184,303
38,188,377
38,189,71
38,191,121
38,198,20
39,1,37
39,2,116
39,6,267
39,8,131
39,12,319
39,13,72
39,14,100
39,15,237
39,17,36
39,18,7
39,19,306
39,22,48
39,23,399
39,24,379
39,25,103
39,26,325
39,27,348
39,28,59
39,32,343
39,35,130
39,36,179
39,40,75
39,41,318
39,45,384
39,47,283
39,49,313
39,52,253
39,54,75
39,55,98
39,56,133
39,58,333
39,71,271
39,74,350
39,84,127
39,94,106
39,96,361
39,97,130
39,103,196
39,104,394
39,107,267
39,108,178
39,112,352
39,125,18
39,126,215
39,135,262
39,149,61
39,158,349
39,162,64
39,172,334
39,173,180
39,175,365
39,177,135
39,182,362
39,183,153
39,196,164
39,199,318
40,4,4
40,5,308
40,8,348
40,9,59
40,11,103
40,12,54
40,14,146
40,17,35
40,18,69
40,20,261
40,22,347
40,23,358
40,27,304
40,29,246
40,31,35
40,32,64
40,33,358
40,34,89
40,35,327
40,37,122
40,39,75
40,43,284
40,44,39
40,46,48
40,48,120
40,49,77
40,51,215
40,52,77
40,57,1
40,58,204
40,61,52
40,63,263
40,64,284
40,67,27
40,68,36
40,69,388
40,75,36
40,79,128
40,83,36
40,91,96
40,93,313
40,101,63
40,103,378
40,105,101
40,107,31
40,111,383
40,114,342
40,120,354
40,125,161
40,131,6
40,132,128
40,133,10
40,134,284
40,156,261
40,162,102
40,163,126
40,178,189
40,179,109
40,180,322
40,194,382
41,2,83
41,3,148
41,4,103
41,5,299
41,14,91
41,15,44
41,16,117
41,17,249
41,21,203
41,22,97
41,23,261
41,24,140
41,25,318
41,26,395
41,27,149
41,31,59
41,34,50
41,35,298
41,37,388
41,38,34
41,39,318
41,42,10
41,43,199
41,44,138
41,45,396
41,46,231
41,47,72
41,52,137
41,53,267
41,55,209
41,60,253
41,63,12
41,64,384
41,66,134
41,67,3
41,73,288
41,76,167
41,77,174
41,82,7
41,83,324
41,84,169
41,86,320
41,98,34
41,101,229
41,104,123
41,106,379
41,107,169
41,108,290
41,111,259
41,115,283
41,116,386
41,117,34
41,121,121
41,123,66
41,126,298
41,128,121
41,129,108
41,131,313
41,137,210
41,143,98
41,148,171
41,150,301
41,154,97
41,158,100
41,162,374
41,164,213
41,175,326
41,178,381
41,191,2
41,198,179
42,1,119
42,2,140
42,3,63
42,7,268
42,10,375
42,11,182
42,13,285
42,14,314
42,15,43
42,16,338
42,17,145
42,18,213
42,21,326
42,22,178
42,23,352
42,24,371
42,26,69
42,28,12
42,31,173
42,32,95
42,36,278
42,37,19
42,38,240
42,41,10
42,43,211
42,46,60
42,48,321
42,52,172
42,55,54
42,59,177
42,63,161
42,68,343
42,71,27
42,73,125
42,74,205
42,76,333
42,83,133
42,86,383
42,88,124
42,92,377
42,96,253
42,104,273
42,115,201
42,117,390
42,119,77
42,120,318
42,122,60
42,123,143
42,133,325
42,139,128
42,140,45
42,144,81
42,147,100
42,150,144
42,151,57
42,157,219
42,159,230
42,167,35
42,169,5
42,171,236
42,177,243
42,180,285
42,186,165
42,198,193
42,200,297
43,3,151
43,4,199
43,6,208
43,7,186
43,9,382
43,10,61
43,11,355
43,16,60
43,18,295
43,20,118
43,22,100
43,23,104
43,25,51
43,27,349
43,30,374
43,31,318
43,36,328
43,37,143
43,38,297
43,40,284
43,41,199
43,42,211
43,45,91
43,46,391
43,47,377
43,48,206
43,52,393
43,54,37
43,56,376
43,57,202
43,61,317
43,63,300
43,65,372
43,66,262
43,67,61
43,70,274
43,71,68
43,72,261
43,74,153
43,78,307
43,81,163
43,95,192
43,96,2
43,101,81
43,102,348
43,104,3
43,106,65
43,117,228
43,124,194
43,126,314
43,132,304
43,140,88
43,144,234
43,154,109
43,155,27
43,161,291
43,163,131
43,164,102
43,174,357
43,175,156
43,179,144
43,197,277
44,5,203
44,7,121
44,9,266
44,10,241
44,11,351
44,13,137
44,14,136
44,15,361
44,16,72
44,20,3
44,22,128
44,23,51
44,25,37
44,26,20
44,29,38
44,30,394
44,31,155
44,33,378
44,40,39
44,41,138
44,45,347
44,47,81
44,51,190
44,55,332
44,63,115
44,68,144
44,70,77
44,74,310
44,75,96
44,76,116
44,78,340
44,80,228
44,81,345
44,82,214
44,83,102
44,93,75
44,97,338
44,102,303
44,103,25
44,104,241
44,105,123
44,111,91
44,115,173
44,118,194
44,119,259
44,124,133
44,130,316
44,140,218
44,143,312
44,144,261
44,149,369
44,154,400
44,159,54
44,174,260
44,185,37
44,188,293
44,193,321
45,2,95
45,3,65
45,6,232
45,8,343
45,12,395
45,13,301
45,14,287
45,18,243
45,19,284
45,21,177
45,28,320
45,29,222
45,31,17
45,33,68
45,34,161
45,36,371
45,38,99
45,39,384
45,41,396
45,43,91
45,44,347
45,46,251
45,49,1
45,52,48
45,53,140
45,55,219
45,58,343
45,59,184
45,60,276
45,63,291
45,65,34
45,66,316
45,67,358
45,68,240
45,74,162
45,75,321
45,78,281
45,79,281
45,82,167
45,83,43
45,94,242
45,98,274
45,103,26
45,104,175
45,105,270
45,108,329
45,121,69
45,126,174
45,129,296
45,131,158
45,139,141
45,148,229
45,149,266
45,150,191
45,159,303
45,163,201
45,165,306
45,175,214
45,181,86
45,187,193
45,188,45
45,194,110
45,195,312
45,200,223
46,1,158
46,6,16
46,8,324
46,11,140
46,13,244
46,14,302
46,15,79
46,17,313
46,19,220
46,20,60
46,22,304
46,28,89
46,30,77
46,36,35
46,37,209
46,40,48
46,41,231
46,42,60
46,43,391
46,45,251
46,47,313
46,48,39
46,49,139
46,50,227
46,55,228
46,56,302
46,58,388
46,59,390
46,60,167
46,63,393
46,64,48
46,66,112
46,67,385
46,71,91
46,73,1
46,79,392
46,82,167
46,83,310
46,84,135
46,86,32
46,87,32
46,92,62
46,95,194
46,97,233
46,100,141
46,104,399
46,105,340
46,106,400
46,121,372
46,125,83
46,131,199
46,139,164
46,147,324
46,152,64
46,153,127
46,159,197
46,162,234
46,164,116
46,167,378
46,168,206
46,170,261
46,175,223
46,176,309
46,179,179
46,189,235
46,190,207
46,192,347
46,194,346
47,2,134
47,4,146
47,5,101
47,8,76
47,9,253
47,10,235
47,12,333
47,16,304
47,19,145
47,20,36
47,23,354
47,25,54
47,26,189
47,30,305
47,31,255
47,33,363
47,36,337
47,39,283
47,41,72
47,43,377
47,44,81
47,46,313
47,51,117
47,56,248
47,57,117
47,60,118
47,61,105
47,62,238
47,69,5
47,73,151
47,75,103
47,76,57
47,77,380
47,79,66
47,83,310
47,85,252
47,86,326
47,89,86
47,91,56
47,93,40
47,95,158
47,98,321
47,101,169
47,110,242
47,111,239
47,118,217
47,136,310
47,137,389
47,138,160
47,143,5
47,144,25
47,145,101
47,148,269
47,151,352
47,164,3
47,174,380
47,183,208
47,190,365
48,3,93
48,4,54
48,5,197
48,8,288
48,9,111
48,15,309
48,18,81
48,19,266
48,27,178
48,29,76
48,30,389
48,33,11
48,34,290
48,36,336
48,38,118
48,40,120
48,42,321
48,43,206
48,46,39
48,52,47
48,54,57
48,55,129
48,58,181
48,60,139
48,61,271
48,64,289
48,65,305
48,71,308
48,72,271
48,76,77
48,77,303
48,82,25
48,84,371
48,87,218
48,90,33
48,92,293
48,97,209
48,98,182
48,113,35
48,124,51
48,132,344
48,134,1
48,138,80
48,145,384
48,153,337
48,159,210
48,160,297
48,167,203
48,170,136
48,177,351
48,183,187
48,184,355
49,2,84
49,3,82
49,4,2
49,5,319
49,6,1
49,8,156
49,11,69
49,12,146
49,21,68
49,22,15
49,24,194
49,26,156
49,27,155
49,28,168
49,31,100
49,32,255
49,36,212
49,38,264
49,39,313
49,40,77
49,45,1
49,46,139
49,50,25
49,51,372
49,57,37
49,58,240
49,63,134
49,72,323
49,79,96
49,82,77
49,85,393
49,88,108
49,89,206
49,90,161
49,91,254
49,92,94
49,94,250
49,98,114
49,101,377
49,107,84
49,108,172
49,113,178
49,114,335
49,116,296
49,128,18
49,134,104
49,135,400
49,148,233
49,149,168
49,150,297
49,159,88
49,168,111
49,174,146
49,176,31
49,178,243
49,181,356
49,183,5
49,184,369
49,196,282
49,200,61
50,2,340
50,3,345
50,4,219
50,8,219
50,11,266
50,15,304
50,16,294
50,21,266
50,22,361
50,26,136
50,27,192
50,29,371
50,30,301
50,31,50
50,34,127
50,36,319
50,46,227
50,49,25
50,53,52
50,54,161
50,56,211
50,57,68
50,58,168
50,61,328
50,63,78
50,65,43
50,67,203
50,73,118
50,79,295
50,81,139
50,82,52
50,89,117
50,100,11
50,105,105
50,110,213
50,112,265
50,115,317
50,120,339
50,122,18
50,123,386
50,124,344
50,126,384
50,133,296
50,137,108
50,139,46
50,153,147
50,162,207
50,173,156
50,177,240
50,181,355
50,183,171
50,184,217
50,185,172
50,187,41
51,2,296
51,6,157
51,9,22
51,10,90
51,11,44
51,12,32
51,13,184
51,14,56
51,15,86
51,16,125
51,21,262
51,25,287
51,29,146
51,30,308
51,32,49
51,33,399
51,34,96
51,35,41
51,37,89
51,40,215
51,44,190
51,47,117
51,49,372
51,55,363
51,56,151
51,57,351
51,61,204
51,62,16
51,66,340
51,71,246
51,77,75
51,81,122
51,85,311
51,88,296
51,91,265
51,93,134
51,96,131
51,105,308
51,108,336
51,109,125
51,116,174
51,122,398
51,123,70
51,128,239
51,131,154
51,133,47
51,137,348
51,138,285
51,140,126
51,147,329
51,167,231
51,179,388
51,189,133
51,191,191
51,194,156
52,2,325
52,7,93
52,9,345
52,13,369
52,14,207
52,17,339
52,18,58
52,20,398
52,22,207
52,23,120
52,24,212
52,29,301
52,30,13
52,32,192
52,33,301
52,35,121
52,36,44
52,38,44
52,39,253
52,40,77
52,41,137
52,42,172
52,43,393
52,45,48
52,48,47
52,58,396
52,61,75
52,62,329
52,63,316
52,66,351
52,72,129
52,73,176
52,74,143
52,76,207
52,78,366
52,80,73
52,81,91
52,89,82
52,94,389
52,95,161
52,110,209
52,113,26
52,114,138
52,115,128
52,119,212
52,121,77
52,122,325
52,130,17
52,134,349
52,138,17
52,142,141
52,143,238
52,154,181
52,155,234
52,156,67
52,174,333
52,178,7
52,187,107
52,198,5
52,200,222
53,2,46
53,4,314
53,7,267
53,10,235
53,13,303
53,14,1
53,15,46
53,16,25
53,18,388
53,19,332
53,23,352
53,24,378
53,26,159
53,27,304
53,33,155
53,34,219
53,36,307
53,38,121
53,41,267
53,45,140
53,50,52
53,54,360
53,58,165
53,64,16
53,66,270
53,67,354
53,75,9
53,76,274
53,80,20
53,85,389
53,90,119
53,96,120
53,99,336
53,106,246
53,112,177
53,119,356
53,126,161
53,131,257
53,134,301
53,142,297
53,144,207
53,146,28
53,149,392
53,155,56
53,176,51
53,191,287
54,2,58
54,3,244
54,4,122
54,10,374
54,13,41
54,14,258
54,16,356
54,17,284
54,18,130
54,19,72
54,21,341
54,23,304
54,24,87
54,25,2
54,29,274
54,30,343
54,35,301
54,37,121
54,39,75
54,43,37
54,48,57
54,50,161
54,53,360
54,55,275
54,57,32
54,61,17
54,62,120
54,66,208
54,68,230
54,69,301
54,70,217
54,73,280
54,74,89
54,75,85
54,81,47
54,83,281
54,96,105
54,97,153
54,98,113
54,100,326
54,109,285
54,127,119
54,128,43
54,129,82
54,135,125
54,138,263
54,141,89
54,145,265
54,148,333
54,164,223
54,173,222
54,178,295
54,179,220
54,180,306
54,186,61
54,194,114
55,2,390
55,8,150
55,12,43
55,13,73
55,14,66
55,19,135
55,20,287
55,21,72
55,22,8
55,24,249
55,26,49
55,29,259
55,30,209
55,31,108
55,35,231
55,38,288
55,39,98
55,41,209
55,42,54
55,44,332
55,45,219
55,46,228
55,48,129
55,51,363
55,54,275
55,56,215
55,58,319
55,59,57
55,60,213
55,72,97
55,73,42
55,85,13
55,93,81
55,106,195
55,108,206
55,110,79
55,117,58
55,119,151
55,125,314
55,130,150
55,132,343
55,135,323
55,138,119
55,140,268
55,178,208
55,189,300
55,193,107
56,3,24
56,5,64
56,6,390
56,7,339
56,10,285
56,14,83
56,16,147
56,18,222
56,19,271
56,25,317
56,28,353
56,31,40
56,34,228
56,35,121
56,36,220
56,39,133
56,43,376
56,46,302
56,47,248
56,50,211
56,51,151
56,55,215
56,57,63
56,60,350
56,64,162
56,65,330
56,70,341
56,72,134
56,75,137
56,76,287
56,90,3
56,94,342
56,95,347
56,99,253
56,102,58
56,103,323
56,114,324
56,117,61
56,119,235
56,121,242
56,126,298
56,127,1
56,131,55
56,142,122
56,144,391
56,146,293
56,148,66
56,156,240
56,161,347
56,163,149
56,169,120
56,188,29
56,196,303
57,1,41
57,2,254
57,4,394
57,5,222
57,8,346
57,9,54
57,12,303
57,14,145
57,17,236
57,24,327
57,25,220
57,27,24
57,29,377
57,34,313
57,35,156
57,36,21
57,37,318
57,40,1
57,43,202
57,47,117
57,49,37
57,50,68
57,51,351
57,54,32
57,56,63
57,58,188
57,59,228
57,60,285
57,65,293
57,67,310
57,69,202
57,70,256
57,71,239
57,72,294
57,75,69
57,86,116
57,87,116
57,96,23
57,98,4
57,105,203
57,107,170
57,112,386
57,113,351
57,114,105
57,116,352
57,120,59
57,127,189
57,134,378
57,139,27
57,142,364
57,149,105
57,160,171
57,174,269
57,186,98
57,198,168
58,1,121
58,8,212
58,9,306
58,13,280
58,14,371
58,17,362
58,18,158
58,21,70
58,22,152
58,29,263
58,30,333
58,31,137
58,32,298
58,37,340
58,39,333
58,40,204
58,45,343
58,46,388
58,48,181
58,49,240
58,50,168
58,52,396
58,53,165
58,55,319
58,57,188
58,59,6
58,61,7
58,67,29
58,69,234
58,71,208
58,73,21
58,75,247
58,83,348
58,84,305
58,87,247
58,90,82
58,91,341
58,94,23
58,98,229
58,102,238
58,103,21
58,107,334
58,111,194
58,113,38
58,123,241
58,125,330
58,134,167
58,138,234
58,150,141
58,151,235
58,155,22
58,156,387
58,161,101
58,162,102
58,165,247
58,167,43
58,170,306
58,175,253
58,183,81
58,190,135
59,1,208
59,3,19
59,4,51
59,5,35
59,7,167
59,9,138
59,11,181
59,13,333
59,14,322
59,16,28
59,23,280
59,25,310
59,26,34
59,27,103
59,29,382
59,33,229
59,35,144
59,42,177
59,45,184
59,46,390
59,55,57
59,57,228
59,58,6
59,62,272
59,68,342
59,72,106
59,74,217
59,77,48
59,78,200
59,80,187
59,81,363
59,88,11
59,94,274
59,101,78
59,105,11
59,106,212
59,110,193
59,111,281
59,112,254
59,115,253
59,119,290
59,120,45
59,123,338
59,127,321
59,133,145
59,135,346
59,136,308
59,146,18
59,150,269
59,152,19
59,184,364
59,185,292
59,191,370
60,2,369
60,4,55
60,5,26
60,6,343
60,8,314
60,9,269
60,14,31
60,16,241
60,17,155
60,21,57
60,27,54
60,31,38
60,33,51
60,34,362
60,35,104
60,37,124
60,41,253
60,45,276
60,46,167
60,47,118
60,48,139
60,55,213
60,56,350
60,57,285
60,62,164
60,67,153
60,71,49
60,74,329
60,80,53
60,87,59
60,88,281
60,89,70
60,91,227
60,92,38
60,93,224
60,94,190
60,96,230
60,97,312
60,98,350
60,100,170
60,102,59
60,106,320
60,110,317
60,111,394
60,112,321
60,114,55
60,118,201
60,127,393
60,153,80
60,156,310
60,162,51
60,163,369
60,177,336
60,180,121
60,187,348
60,197,223
60,198,118
61,1,195
61,3,182
61,6,71
61,9,102
61,12,351
61,16,49
61,20,298
61,22,319
61,27,263
61,31,178
61,34,121
61,35,167
61,36,153
61,38,258
61,40,52
61,43,317
61,47,105
61,48,271
61,50,328
61,51,204
61,52,75
61,54,17
61,58,7
61,62,87
61,63,177
61,66,51
61,68,39
61,70,221
61,71,176
61,77,280
61,80,206
61,84,381
61,86,200
61,87,233
61,89,183
61,97,341
61,100,80
61,102,180
61,108,278
61,115,327
61,119,310
61,127,118
61,129,375
61,134,317
61,147,125
61,153,80
61,158,158
61,161,12
61,184,352
61,187,200
61,189,361
61,191,218
61,199,281
62,8,218
62,9,248
62,10,290
62,11,19
62,12,270
62,13,391
62,14,305
62,16,109
62,19,114
62,21,195
62,24,231
62,25,275
62,27,375
62,30,152
62,31,56
62,33,46
62,38,46
62,47,238
62,51,16
62,52,329
62,54,120
62,59,272
62,60,164
62,61,87
62,63,31
62,64,129
62,66,107
62,68,27
62,70,251
62,73,207
62,82,47
62,85,279
62,87,195
62,88,308
62,93,175
62,96,225
62,97,235
62,106,264
62,114,89
62,116,144
62,121,240
62,148,24
62,161,221
62,166,352
62,186,94
63,1,98
63,2,274
63,4,5
63,12,210
63,20,384
63,26,385
63,27,151
63,28,46
63,30,304
63,34,244
63,35,183
63,36,186
63,37,346
63,40,263
63,41,12
63,42,161
63,43,300
63,44,115
63,45,291
63,46,393
63,49,134
63,50,78
63,52,316
63,61,177
63,62,31
63,64,361
63,68,275
63,70,196
63,77,397
63,78,261
63,79,232
63,82,228
63,83,323
63,87,374
63,88,398
63,90,157
63,93,200
63,100,112
63,103,294
63,108,363
63,109,321
63,113,130
63,114,362
63,115,133
63,116,247
63,118,269
63,127,272
63,135,259
63,138,24
63,139,159
63,141,273
63,156,90
63,164,356
63,166,296
63,168,21
63,174,169
63,191,379
63,195,339
63,200,358
64,2,162
64,4,260
64,5,285
64,6,303
64,7,296
64,10,107
64,15,49
64,16,264
64,22,216
64,25,98
64,29,14
64,32,110
64,34,175
64,36,115
64,37,261
64,40,284
64,41,384
64,46,48
64,48,289
64,53,16
64,56,162
64,62,129
64,63,361
64,65,122
64,66,11
64,67,384
64,68,258
64,69,25
64,70,302
64,72,73
64,74,246
64,78,70
64,79,262
64,82,276
64,85,56
64,92,205
64,94,173
64,99,356
64,116,320
64,121,304
64,123,81
64,124,63
64,127,340
64,135,386
64,136,105
64,145,204
64,147,201
64,162,360
64,177,126
64,181,36
64,192,300
65,1,333
65,3,152
65,4,204
65,5,195
65,6,74
65,9,242
65,12,62
65,15,356
65,16,107
65,25,258
65,28,323
65,29,145
65,30,220
65,31,252
65,34,130
65,35,213
65,43,372
65,45,34
65,48,305
65,50,43
65,56,330
65,57,293
65,64,122
65,69,359
65,72,171
65,73,279
65,75,134
65,76,125
65,81,273
65,83,242
65,86,101
65,89,151
65,92,143
65,100,254
65,105,241
65,109,101
65,114,130
65,118,220
65,119,34
65,124,69
65,128,23
65,133,388
65,136,312
65,137,292
65,139,40
65,141,372
65,143,118
65,155,143
65,157,339
65,165,4
65,174,6
65,176,335
65,178,186
65,179,140
65,187,321
66,1,264
66,4,235
66,6,361
66,9,239
66,10,364
66,11,332
66,13,60
66,15,184
66,18,278
66,22,220
66,25,87
66,27,97
66,31,33
66,37,249
66,41,134
66,43,262
66,45,316
66,46,112
66,51,340
66,52,351
66,53,270
66,54,208
66,61,51
66,62,107
66,64,11
66,67,20
66,74,231
66,79,237
66,80,150
66,82,112
66,83,103
66,88,17
66,91,324
66,93,15
66,95,195
66,104,110
66,108,373
66,109,375
66,110,138
66,118,283
66,123,151
66,130,280
66,147,308
66,150,241
66,181,91
66,182,83
66,183,263
66,193,389
66,197,235
