source,target,weight
1,2,37
1,3,162
1,4,226
1,6,43
1,7,381
1,8,393
1,9,52
1,11,253
1,12,221
1,14,84
1,15,356
1,16,57
1,18,257
1,19,315
1,20,369
1,21,218
1,23,198
1,24,36
1,25,215
1,28,231
1,29,334
1,34,179
1,36,295
1,39,194
1,40,41
1,43,194
1,45,34
1,46,150
1,49,76
1,52,159
1,56,107
1,58,194
1,60,12
1,64,45
1,65,237
1,67,314
1,69,214
1,72,318
1,74,257
1,75,322
1,81,121
1,83,325
1,86,139
1,89,170
1,90,31
1,93,354
1,106,241
1,109,332
1,116,71
1,121,193
1,123,128
1,125,362
1,142,245
1,149,89
1,150,397
1,157,289
1,166,1
1,174,363
1,197,261
2,1,37
2,3,368
2,4,280
2,5,303
2,6,95
2,9,129
2,11,94
2,12,96
2,13,214
2,14,20
2,15,223
2,19,345
2,22,115
2,23,245
2,27,111
2,28,400
2,30,342
2,33,119
2,34,62
2,35,36
2,37,292
2,40,87
2,47,273
2,48,388
2,49,375
2,53,56
2,55,73
2,56,289
2,57,398
2,60,142
2,61,318
2,64,170
2,65,141
2,66,71
2,68,62
2,71,164
2,74,290
2,85,146
2,86,96
2,88,178
2,96,40
2,101,76
2,105,389
2,109,108
2,111,118
2,112,239
2,116,215
2,129,332
2,130,49
2,132,313
2,133,107
2,135,55
2,164,94
2,165,312
2,185,39
2,191,243
3,1,162
3,2,368
3,4,385
3,5,242
3,6,313
3,7,211
3,9,15
3,10,47
3,11,40
3,14,329
3,15,352
3,17,35
3,18,1
3,19,289
3,21,339
3,22,27
3,24,139
3,26,245
3,27,227
3,29,168
3,30,241
3,31,291
3,33,259
3,35,115
3,37,24
3,41,254
3,43,209
3,47,103
3,50,382
3,52,209
3,55,2
3,56,310
3,61,313
3,64,11
3,68,217
3,72,193
3,73,38
3,79,30
3,81,84
3,86,144
3,89,43
3,96,219
3,99,198
3,104,30
3,107,69
3,116,194
3,140,309
3,148,351
3,151,98
3,156,84
3,157,21
3,162,213
3,167,320
3,169,346
3,175,9
3,193,132
3,194,280
4,1,226
4,2,280
4,3,385
4,5,192
4,8,219
4,9,3
4,10,72
4,14,373
4,15,109
4,16,273
4,17,170
4,19,277
4,20,289
4,21,84
4,22,364
4,26,62
4,27,258
4,28,200
4,32,14
4,37,389
4,39,173
4,41,231
4,44,77
4,46,319
4,50,254
4,52,135
4,54,362
4,58,360
4,66,167
4,70,311
4,77,188
4,83,267
4,85,354
4,91,295
4,93,229
4,96,88
4,97,329
4,99,133
4,107,355
4,113,349
4,119,100
4,122,201
4,125,129
4,137,87
4,140,41
4,149,259
4,152,172
4,159,214
4,162,152
4,167,239
4,171,298
4,172,389
4,180,242
4,186,226
4,190,300
5,2,303
5,3,242
5,4,192
5,6,220
5,7,118
5,8,122
5,9,123
5,10,121
5,12,314
5,13,14
5,16,205
5,17,75
5,18,208
5,19,143
5,20,32
5,21,118
5,23,400
5,27,143
5,28,94
5,29,334
5,30,365
5,33,365
5,34,102
5,37,177
5,39,117
5,43,78
5,46,60
5,47,309
5,50,95
5,51,42
5,53,188
5,56,324
5,57,331
5,58,192
5,59,223
5,60,149
5,61,238
5,62,298
5,63,87
5,65,91
5,70,213
5,71,17
5,73,306
5,75,8
5,76,139
5,77,280
5,80,346
5,83,236
5,87,282
5,89,254
5,94,64
5,96,40
5,101,245
5,107,293
5,112,86
5,114,44
5,115,77
5,118,353
5,124,62
5,125,117
5,127,215
5,128,12
5,134,265
5,136,358
5,139,198
5,142,111
5,146,93
5,148,322
5,157,1
5,158,385
5,160,341
5,164,191
5,166,375
5,170,73
5,173,192
5,176,316
5,181,240
5,199,202
6,1,43
6,2,95
6,3,313
6,5,220
6,8,335
6,9,359
6,13,128
6,15,10
6,16,113
6,17,25
6,18,138
6,21,283
6,22,47
6,23,250
6,24,228
6,25,200
6,27,392
6,30,283
6,31,36
6,33,360
6,34,209
6,35,278
6,36,342
6,38,195
6,39,174
6,42,207
6,43,37
6,51,95
6,52,65
6,54,21
6,62,34
6,63,217
6,65,176
6,67,331
6,76,30
6,77,14
6,79,279
6,81,324
6,89,21
6,98,236
6,99,320
6,100,44
6,104,361
6,105,4
6,109,302
6,114,237
6,118,204
6,119,255
6,126,46
6,132,87
6,140,211
6,142,87
6,147,281
6,157,97
6,163,9
6,186,259
6,188,380
6,190,156
6,195,335
6,197,114
7,1,381
7,3,211
7,5,118
7,10,170
7,11,119
7,12,94
7,13,160
7,14,245
7,15,256
7,16,310
7,17,380
7,18,201
7,19,244
7,21,91
7,22,47
7,23,319
7,24,25
7,25,11
7,26,121
7,30,287
7,31,348
7,32,60
7,39,41
7,41,388
7,43,120
7,44,373
7,45,372
7,46,288
7,47,22
7,48,266
7,49,341
7,50,196
7,52,285
7,53,5
7,55,231
7,59,278
7,60,49
7,62,139
7,63,31
7,64,15
7,67,368
7,69,145
7,70,276
7,75,164
7,81,89
7,82,170
7,90,314
7,94,263
7,99,389
7,100,380
7,114,226
7,137,166
7,141,65
7,143,268
7,157,215
7,160,51
7,169,230
7,179,196
7,189,10
8,1,393
8,4,219
8,5,122
8,6,335
8,9,148
8,10,69
8,12,288
8,13,43
8,14,218
8,16,264
8,17,226
8,18,82
8,19,289
8,20,24
8,21,258
8,24,69
8,25,185
8,27,98
8,28,163
8,32,351
8,33,186
8,34,118
8,37,183
8,38,266
8,39,377
8,42,369
8,43,337
8,45,39
8,48,3
8,49,212
8,53,287
8,55,191
8,59,2
8,62,23
8,65,304
8,67,282
8,68,185
8,71,235
8,72,52
8,82,57
8,87,303
8,89,113
8,94,48
8,100,115
8,115,282
8,117,268
8,123,111
8,131,177
8,132,274
8,137,396
8,138,96
8,140,213
8,142,104
8,152,219
8,157,75
8,161,300
8,164,393
8,176,34
8,179,10
8,189,302
8,198,337
9,1,52
9,2,129
9,3,15
9,4,3
9,5,123
9,6,359
9,8,148
9,10,147
9,15,190
9,16,67
9,18,37
9,19,260
9,20,368
9,21,172
9,22,331
9,23,211
9,25,385
9,26,59
9,28,45
9,29,70
9,30,112
9,31,145
9,32,66
9,33,390
9,35,120
9,36,388
9,37,279
9,39,84
9,40,184
9,42,389
9,45,381
9,46,255
9,53,59
9,55,54
9,56,356
9,58,184
9,60,95
9,61,206
9,62,325
9,63,191
9,64,12
9,69,64
9,71,181
9,72,139
9,73,288
9,79,168
9,81,337
9,82,32
9,83,339
9,90,115
9,97,292
9,98,7
9,101,147
9,104,60
9,115,250
9,116,136
9,119,358
9,123,290
9,129,35
9,142,144
9,145,296
9,146,38
9,154,366
9,163,105
9,168,76
9,169,156
9,174,138
9,185,184
9,193,46
9,198,38
10,3,47
10,4,72
10,5,121
10,7,170
10,8,69
10,9,147
10,11,38
10,12,279
10,13,110
10,14,232
10,15,228
10,16,124
10,17,73
10,18,269
10,20,155
10,21,177
10,24,205
10,26,123
10,27,46
10,28,218
10,29,71
10,30,101
10,31,360
10,32,390
10,33,373
10,34,268
10,36,23
10,37,201
10,38,208
10,40,296
10,42,145
10,46,397
10,48,240
10,49,135
10,51,211
10,52,83
10,53,75
10,57,291
10,59,391
10,61,32
10,62,56
10,65,341
10,66,127
10,70,145
10,80,136
10,86,279
10,87,361
10,88,383
10,93,130
10,95,188
10,100,284
10,111,242
10,115,78
10,120,262
10,122,90
10,129,196
10,135,363
10,150,290
10,152,346
10,160,341
10,196,40
11,1,253
11,2,94
11,3,40
11,7,119
11,10,38
11,12,173
11,14,290
11,15,366
11,16,191
11,17,200
11,19,287
11,20,183
11,22,175
11,23,284
11,24,65
11,26,286
11,29,31
11,30,210
11,31,386
11,34,125
11,35,150
11,38,369
11,42,316
11,45,94
11,46,137
11,48,163
11,50,201
11,51,208
11,52,327
11,55,28
11,57,128
11,60,246
11,64,302
11,75,336
11,78,328
11,81,256
11,84,307
11,89,189
11,92,173
11,100,354
11,101,135
11,103,43
11,105,67
11,110,281
11,111,233
11,115,17
11,118,317
11,125,193
11,148,160
11,153,125
11,162,389
11,176,373
11,198,371
12,1,221
12,2,96
12,5,314
12,7,94
12,8,288
12,10,279
12,11,173
12,13,5
12,14,76
12,15,19
12,17,190
12,18,199
12,19,137
12,22,123
12,23,331
12,24,24
12,25,316
12,26,182
12,27,173
12,30,254
12,32,322
12,33,182
12,35,28
12,36,17
12,37,168
12,38,82
12,39,380
12,43,102
12,44,289
12,45,129
12,46,332
12,49,365
12,51,295
12,52,303
12,53,109
12,56,341
12,60,113
12,61,66
12,64,54
12,67,32
12,69,306
12,70,378
12,71,138
12,79,241
12,89,254
12,90,169
12,93,340
12,96,202
12,98,211
12,100,202
12,103,216
12,110,242
12,117,94
12,120,30
12,121,329
12,125,95
12,128,313
12,133,267
12,137,83
12,145,101
12,156,110
12,163,361
12,172,157
12,179,69
12,180,256
13,2,214
13,5,14
13,6,128
13,7,160
13,8,43
13,10,110
13,12,5
13,15,257
13,20,281
13,21,13
13,22,36
13,24,197
13,26,155
13,28,306
13,29,345
13,30,124
13,32,67
13,33,351
13,34,305
13,40,126
13,41,82
13,43,168
13,45,192
13,46,280
13,47,47
13,49,322
13,51,373
13,53,17
13,55,127
13,58,258
13,67,144
13,73,335
13,74,319
13,75,293
13,78,227
13,83,134
13,86,247
13,87,368
13,92,359
13,97,220
13,101,53
13,106,90
13,114,220
13,125,148
13,149,279
13,151,195
13,152,305
13,159,337
13,181,9
13,195,138
13,200,310
14,1,84
14,2,20
14,3,329
14,4,373
14,7,245
14,8,218
14,10,232
14,11,290
14,12,76
14,15,307
14,18,274
14,19,228
14,21,311
14,23,264
14,26,227
14,29,161
14,30,110
14,32,394
14,34,113
14,35,158
14,36,109
14,41,66
14,49,214
14,50,158
14,51,353
14,53,378
14,54,301
14,59,394
14,60,144
14,63,295
14,64,15
14,66,266
14,70,7
14,71,375
14,76,99
14,77,87
14,79,151
14,83,332
14,91,21
14,114,35
14,124,328
14,128,66
14,142,265
14,143,99
14,145,394
14,151,353
14,152,236
14,166,70
14,168,220
14,173,1
14,174,157
14,176,351
14,183,12
14,186,130
14,187,217
15,1,356
15,2,223
15,3,352
15,4,109
15,6,10
15,7,256
15,9,190
15,10,228
15,11,366
15,12,19
15,13,257
15,14,307
15,16,193
15,17,27
15,19,289
15,22,115
15,23,20
15,24,202
15,25,126
15,26,63
15,29,87
15,31,280
15,36,175
15,38,388
15,39,153
15,40,383
15,41,377
15,42,196
15,44,84
15,45,174
15,47,281
15,57,109
15,59,345
15,63,39
15,67,158
15,68,369
15,72,35
15,76,54
15,80,30
15,82,382
15,86,33
15,87,70
15,90,162
15,92,20
15,99,175
15,105,202
15,118,295
15,129,5
15,131,96
15,134,78
15,138,276
15,143,214
15,145,9
15,164,249
15,165,142
15,169,137
15,174,246
15,178,159
15,186,279
15,188,166
15,195,241
15,200,354
16,1,57
16,4,273
16,5,205
16,6,113
16,7,310
16,8,264
16,9,67
16,10,124
16,11,191
16,15,193
16,17,101
16,20,89
16,21,400
16,23,2
16,24,174
16,27,107
16,29,23
16,30,180
16,31,157
16,32,374
16,33,3
16,36,165
16,37,67
16,42,380
16,44,348
16,47,332
16,57,260
16,58,167
16,65,223
16,69,192
16,70,148
16,82,98
16,84,174
16,85,35
16,99,241
16,101,349
16,104,233
16,106,166
16,110,75
16,112,220
16,113,114
16,116,34
16,123,30
16,134,270
16,140,233
16,148,264
16,153,247
16,168,368
16,182,266
16,185,109
16,191,102
16,192,340
16,194,189
17,3,35
17,4,170
17,5,75
17,6,25
17,7,380
17,8,226
17,10,73
17,11,200
17,12,190
17,15,27
17,16,101
17,18,27
17,19,48
17,21,202
17,22,57
17,24,321
17,25,168
17,26,220
17,27,177
17,28,83
17,29,76
17,34,145
17,37,297
17,39,315
17,40,167
17,41,389
17,43,385
17,44,33
17,49,118
17,51,231
17,54,343
17,61,354
17,69,385
17,72,194
17,78,385
17,79,225
17,88,385
17,89,40
17,91,112
17,95,276
17,96,193
17,97,215
17,98,268
17,100,385
17,104,118
17,105,261
17,113,310
17,119,32
17,123,106
17,125,393
17,143,317
17,144,247
17,149,88
17,156,87
17,157,52
17,158,139
17,160,23
17,162,391
17,167,91
17,170,109
17,177,367
17,182,92
17,187,290
17,194,140
17,199,217
18,1,257
18,3,1
18,5,208
18,6,138
18,7,201
18,8,82
18,9,37
18,10,269
18,12,199
18,14,274
18,17,27
18,23,113
18,24,372
18,25,351
18,27,138
18,29,394
18,32,42
18,35,299
18,36,27
18,37,60
18,38,356
18,40,206
18,41,100
18,42,116
18,43,118
18,44,152
18,46,266
18,48,260
18,50,228
18,51,111
18,52,334
18,53,41
18,54,41
18,55,29
18,57,195
18,58,194
18,59,311
18,62,356
18,67,49
18,68,32
18,69,385
18,71,398
18,73,163
18,74,11
18,78,280
18,79,279
18,82,364
18,83,339
18,85,296
18,94,222
18,102,1
18,108,205
18,112,152
18,116,291
18,133,103
18,141,122
18,142,149
18,143,54
18,156,383
18,158,25
18,160,34
18,161,250
18,162,194
18,167,196
18,168,93
18,173,232
18,190,256
19,1,315
19,2,345
19,3,289
19,4,277
19,5,143
19,7,244
19,8,289
19,9,260
19,11,287
19,12,137
19,14,228
19,15,289
19,17,48
19,20,386
19,22,346
19,24,350
19,28,90
19,29,80
19,30,59
19,33,39
19,35,79
19,36,57
19,37,43
19,38,229
19,40,206
19,42,125
19,44,44
19,45,325
19,46,366
19,47,205
19,49,303
19,51,255
19,56,207
19,58,123
19,59,307
19,62,331
19,64,158
19,65,233
19,66,280
19,67,50
19,71,74
19,72,372
19,75,9
19,78,75
19,80,321
19,85,379
19,86,112
19,91,378
19,92,156
19,93,385
19,99,284
19,104,199
19,109,297
19,112,183
19,113,45
19,133,215
19,149,374
19,164,134
19,165,25
19,175,306
19,176,278
19,179,388
19,180,170
19,181,50
19,186,209
19,189,87
20,1,369
20,4,289
20,5,32
20,8,24
20,9,368
20,10,155
20,11,183
20,13,281
20,16,89
20,19,386
20,22,101
20,23,307
20,24,120
20,25,118
20,26,81
20,28,25
20,31,169
20,32,186
20,33,207
20,34,120
20,36,129
20,37,130
20,38,222
20,41,114
20,45,238
20,46,331
20,54,36
20,55,170
20,58,14
20,68,132
20,72,261
20,74,233
20,77,195
20,86,138
20,87,159
20,89,297
20,91,223
20,95,154
20,101,263
20,105,245
20,117,270
20,120,294
20,122,123
20,123,375
20,130,172
20,132,251
20,140,275
20,147,247
20,150,388
20,153,16
20,156,4
20,164,46
20,171,377
20,172,312
21,1,218
21,3,339
21,4,84
21,5,118
21,6,283
21,7,91
21,8,258
21,9,172
21,10,177
21,13,13
21,14,311
21,16,400
21,17,202
21,23,249
21,24,198
21,25,102
21,26,32
21,28,166
21,29,368
21,32,213
21,39,342
21,40,324
21,44,241
21,45,34
21,50,135
21,53,250
21,54,13
21,59,365
21,60,62
21,62,18
21,64,129
21,65,318
21,68,132
21,71,68
21,75,248
21,77,34
21,78,356
21,86,361
21,88,366
21,94,139
21,95,400
21,101,280
21,103,176
21,106,391
21,115,86
21,119,95
21,124,162
21,135,71
21,150,240
21,155,70
21,157,46
21,162,397
21,167,379
21,169,315
21,177,79
21,184,196
21,188,336
21,192,183
21,196,229
21,197,206
21,199,7
22,2,115
22,3,27
22,4,364
22,6,47
22,7,47
22,9,331
22,11,175
22,12,123
22,13,36
22,15,115
22,17,57
22,19,346
22,20,101
22,25,341
22,26,226
22,27,368
22,28,186
22,29,139
22,31,277
22,32,65
22,33,297
22,34,331
22,36,183
22,38,65
22,39,199
22,40,166
22,41,10
22,43,84
22,45,44
22,47,376
22,48,22
22,50,358
22,52,58
22,55,320
22,56,182
22,57,229
22,58,69
22,61,10
22,65,273
22,67,75
22,68,233
22,69,170
22,72,330
22,73,369
22,74,79
22,78,168
22,85,52
22,88,344
22,91,395
22,92,91
22,93,189
22,94,139
22,95,115
22,97,96
22,110,266
22,111,245
22,115,55
22,117,213
22,121,314
22,127,368
22,129,343
22,131,22
22,157,316
22,159,239
22,161,349
22,181,288
23,1,198
23,2,245
23,5,400
23,6,250
23,7,319
23,9,211
23,11,284
23,12,331
23,14,264
23,15,20
23,16,2
23,18,113
23,20,307
23,21,249
23,24,346
23,25,82
23,26,396
23,31,35
23,32,342
23,34,114
23,35,93
23,36,87
23,40,271
23,41,173
23,42,80
23,46,205
23,47,228
23,49,80
23,50,344
23,55,80
23,57,43
23,65,166
23,66,355
23,72,307
23,73,390
23,78,365
23,79,293
23,80,23
23,82,208
23,83,177
23,93,328
23,94,364
23,98,315
23,100,102
23,105,311
23,112,194
23,113,177
23,115,2
23,119,294
23,125,273
23,130,159
23,131,232
23,133,362
23,134,345
23,138,3
23,141,62
23,158,387
23,172,64
23,174,158
23,180,262
23,182,240
23,198,119
24,1,36
24,3,139
24,6,228
24,7,25
24,8,69
24,10,205
24,11,65
24,12,24
24,13,197
24,15,202
24,16,174
24,17,321
24,18,372
24,19,350
24,20,120
24,21,198
24,23,346
24,25,213
24,27,9
24,28,152
24,30,325
24,31,336
24,32,8
24,34,27
24,35,229
24,41,252
24,42,62
24,44,314
24,45,301
24,46,267
24,52,280
24,55,145
24,66,391
24,69,377
24,71,390
24,74,57
24,79,170
24,81,46
24,82,242
24,84,179
24,85,287
24,93,93
24,96,78
24,101,67
24,129,207
24,138,218
24,139,368
24,144,367
24,146,82
24,149,364
24,160,349
24,180,296
25,1,215
25,6,200
25,7,11
25,8,185
25,9,385
25,12,316
25,15,126
25,17,168
25,18,351
25,20,118
25,21,102
25,22,341
25,23,82
25,24,213
25,26,183
25,27,265
25,28,103
25,29,16
25,30,222
25,31,205
25,33,172
25,34,15
25,35,267
25,36,293
25,38,390
25,39,311
25,45,272
25,46,73
25,48,290
25,50,159
25,52,275
25,54,275
25,55,26
25,56,369
25,57,269
25,59,78
25,60,312
25,63,58
25,66,33
25,74,332
25,76,103
25,77,120
25,80,243
25,81,377
25,82,169
25,83,197
25,85,305
25,89,115
25,113,44
25,116,18
25,127,67
25,136,250
25,152,336
25,156,263
25,157,235
25,158,188
25,160,227
25,161,285
25,164,328
25,166,189
25,167,382
25,171,100
25,174,328
25,177,195
25,183,260
25,185,80
25,186,356
25,188,248
25,190,276
26,3,245
26,4,62
26,7,121
26,9,59
26,10,123
26,11,286
26,12,182
26,13,155
26,14,227
26,15,63
26,17,220
26,20,81
26,21,32
26,22,226
26,23,396
26,25,183
26,27,166
26,34,338
26,38,8
26,39,50
26,40,312
26,42,348
26,43,203
26,44,234
26,45,155
26,46,148
26,47,364
26,48,73
26,51,87
26,54,31
26,55,149
26,57,395
26,59,341
26,61,302
26,63,218
26,64,23
26,67,195
26,69,76
26,70,199
26,77,210
26,78,69
26,81,125
26,82,138
26,83,379
26,87,257
26,88,225
26,104,135
26,106,380
26,108,187
26,113,82
26,117,131
26,120,321
26,122,126
26,130,374
26,134,132
26,141,385
26,142,6
26,153,113
26,162,384
26,189,30
26,192,59
27,2,111
27,3,227
27,4,258
27,5,143
27,6,392
27,8,98
27,10,46
27,12,173
27,16,107
27,17,177
27,18,138
27,22,368
27,24,9
27,25,265
27,26,166
27,28,168
27,30,54
27,35,97
27,38,84
27,41,187
27,47,319
27,50,70
27,56,103
27,60,208
27,68,17
27,69,29
27,70,392
27,77,379
27,80,282
27,82,179
27,83,118
27,86,199
27,88,400
27,91,147
27,102,206
27,109,251
27,110,255
27,126,15
27,134,343
27,144,380
27,152,209
27,159,14
27,166,376
27,171,89
27,179,100
27,188,23
27,191,387
27,192,71
27,200,81
28,1,231
28,2,400
28,4,200
28,5,94
28,8,163
28,9,45
28,10,218
28,13,306
28,17,83
28,19,90
28,20,25
28,21,166
28,22,186
28,24,152
28,25,103
28,27,168
28,31,295
28,33,140
28,34,84
28,35,71
28,40,100
28,41,251
28,42,122
28,43,376
28,45,149
28,46,14
28,60,49
28,61,341
28,64,196
28,67,269
28,70,306
28,72,12
28,80,130
28,88,378
28,100,368
28,103,268
28,107,279
28,109,135
28,114,37
28,116,210
28,118,263
28,122,224
28,124,202
28,135,93
28,137,13
28,138,151
28,159,388
28,171,240
28,175,34
28,177,201
28,182,108
28,196,301
29,1,334
29,3,168
29,5,334
29,9,70
29,10,71
29,11,31
29,13,345
29,14,161
29,15,87
29,16,23
29,17,76
29,18,394
29,19,80
29,21,368
29,22,139
29,25,16
29,30,235
29,31,124
29,32,156
29,33,260
29,35,279
29,36,345
29,37,299
29,38,108
29,39,321
29,42,384
29,43,393
29,44,86
29,49,364
29,55,165
29,58,341
29,60,55
29,61,378
29,62,359
29,63,228
29,66,41
29,70,395
29,94,258
29,97,128
29,98,122
29,105,286
29,108,64
29,110,59
29,115,144
29,117,49
29,118,257
29,121,25
29,127,58
29,136,354
29,139,188
29,141,282
29,143,25
29,158,39
29,159,184
29,161,361
29,163,344
29,169,337
29,178,197
29,191,213
29,193,400
30,2,342
30,3,241
30,5,365
30,6,283
30,7,287
30,9,112
30,10,101
30,11,210
30,12,254
30,13,124
30,14,110
30,16,180
30,19,59
30,24,325
30,25,222
30,27,54
30,29,235
30,31,329
30,32,28
30,33,39
30,37,137
30,38,320
30,44,343
30,46,88
30,49,306
30,50,340
30,51,220
30,52,26
30,55,25
30,57,343
30,58,224
30,60,246
30,63,212
30,65,24
30,66,393
30,69,70
30,73,56
30,74,13
30,75,65
30,77,326
30,78,223
30,79,342
30,85,152
30,90,371
30,91,213
30,92,219
30,94,327
30,97,24
30,98,174
30,99,318
30,106,84
30,107,166
30,109,302
30,110,10
30,123,95
30,136,32
30,137,362
30,139,149
30,145,18
30,150,169
30,167,62
30,168,335
30,170,286
30,184,218
30,193,255
30,196,7
30,197,359
31,3,291
31,6,36
31,7,348
31,9,145
31,10,360
31,11,386
31,15,280
31,16,157
31,20,169
31,22,277
31,23,35
31,24,336
31,25,205
31,28,295
31,29,124
31,30,329
31,32,210
31,34,166
31,36,46
31,37,301
31,38,188
31,39,116
31,41,359
31,47,111
31,48,256
31,50,326
31,51,68
31,52,399
31,54,282
31,57,9
31,58,216
31,59,174
31,61,38
31,63,103
31,64,307
31,67,214
31,70,274
31,75,24
31,77,265
31,85,143
31,87,379
31,93,300
31,95,180
31,105,109
31,111,280
31,124,107
31,129,21
31,130,179
31,134,50
31,136,165
31,146,335
31,155,5
31,158,18
31,159,217
31,175,104
32,4,14
32,7,60
32,8,351
32,9,66
32,10,390
32,12,322
32,13,67
32,14,394
32,16,374
32,18,42
32,20,186
32,21,213
32,22,65
32,23,342
32,24,8
32,29,156
32,30,28
32,31,210
32,33,96
32,35,44
32,36,318
32,38,74
32,42,163
32,43,36
32,44,313
32,47,45
32,50,56
32,51,142
32,52,341
32,55,274
32,56,386
32,57,168
32,60,379
32,62,353
32,63,12
32,64,113
32,66,38
32,68,196
32,76,124
32,77,346
32,80,379
32,93,20
32,97,125
32,103,140
32,111,362
32,112,149
32,124,2
32,125,267
32,126,95
32,130,144
32,134,9
32,137,301
32,143,245
32,147,354
32,150,45
32,151,163
32,158,297
32,166,145
32,168,61
32,169,344
32,176,54
32,187,390
32,193,18
32,197,259
32,199,85
33,2,119
33,3,259
33,5,365
33,6,360
33,8,186
33,9,390
33,10,373
33,12,182
33,13,351
33,16,3
33,19,39
33,20,207
33,22,297
33,25,172
33,28,140
33,29,260
33,30,39
33,32,96
33,34,54
33,35,254
33,39,60
33,41,61
33,42,343
33,45,42
33,47,108
33,48,164
33,49,354
33,51,311
33,52,134
33,55,380
33,56,21
33,62,136
33,63,69
33,67,239
33,72,398
33,76,184
33,78,112
33,80,304
33,85,224
33,89,172
33,90,27
33,93,81
33,94,146
33,97,104
33,98,29
33,100,376
33,103,210
33,105,58
33,108,201
33,109,54
33,110,336
33,113,399
33,118,241
33,119,56
33,125,195
33,128,279
33,132,243
33,138,177
33,146,222
33,149,130
33,166,310
33,168,400
33,178,127
33,180,244
33,181,160
34,1,179
34,2,62
34,5,102
34,6,209
34,8,118
34,10,268
34,11,125
34,13,305
34,14,113
34,17,145
34,20,120
34,22,331
34,23,114
34,24,27
34,25,15
34,26,338
34,28,84
34,31,166
34,33,54
34,36,393
34,37,325
34,39,277
34,42,98
34,44,134
34,45,70
34,48,353
34,51,233
34,53,263
34,57,299
34,61,26
34,65,38
34,67,122
34,68,202
34,73,381
34,78,300
34,80,9
34,84,87
34,88,118
34,93,26
34,97,37
34,98,3
34,104,395
34,106,128
34,109,376
34,110,254
34,114,390
34,117,60
34,121,34
34,129,41
34,130,269
34,137,122
34,159,159
34,163,388
34,177,1
34,178,154
34,191,93
34,195,15
35,2,36
35,3,115
35,6,278
35,9,120
35,11,150
35,12,28
35,14,158
35,18,299
35,19,79
35,23,93
35,24,229
35,25,267
35,27,97
35,28,71
35,29,279
35,32,44
35,33,254
35,36,140
35,40,377
35,41,10
35,42,15
35,43,250
35,44,332
35,46,314
35,48,251
35,52,324
35,53,178
35,56,390
35,60,50
35,61,207
35,65,57
35,66,215
35,74,330
35,79,64
35,81,207
35,83,277
35,87,354
35,89,341
35,95,60
35,97,332
35,98,19
35,99,41
35,101,144
35,113,315
35,116,200
35,118,292
35,122,301
35,130,68
35,131,26
35,136,14
35,138,115
35,143,209
35,148,280
35,159,76
35,178,238
35,192,238
35,199,126
36,1,295
36,6,342
36,9,388
36,10,23
36,12,17
36,14,109
36,15,175
36,16,165
36,18,27
36,19,57
36,20,129
36,22,183
36,23,87
36,25,293
36,29,345
36,31,46
36,32,318
36,34,393
36,35,140
36,42,3
36,45,209
36,48,271
36,49,84
36,52,304
36,54,361
36,56,115
36,57,357
36,58,7
36,59,298
36,60,6
36,61,272
36,62,98
36,73,343
36,74,274
36,76,112
36,77,85
36,79,85
36,83,345
36,89,96
36,90,169
36,95,379
36,113,25
36,114,26
36,131,114
36,132,379
36,137,386
36,142,21
36,144,139
36,153,396
36,155,375
36,161,396
36,170,191
36,171,180
36,173,208
36,179,18
36,180,310
36,182,222
36,184,5
36,186,225
37,2,292
37,3,24
37,4,389
37,5,177
37,8,183
37,9,279
37,10,201
37,12,168
37,16,67
37,17,297
37,18,60
37,19,43
37,20,130
37,29,299
37,30,137
37,31,301
37,34,325
37,40,277
37,41,204
37,43,70
37,44,69
37,47,141
37,50,100
37,51,25
37,61,161
37,62,15
37,67,50
37,69,364
37,70,89
37,71,261
37,74,91
37,76,311
37,78,331
37,81,114
37,83,260
37,93,340
37,99,392
37,101,136
37,103,77
37,113,100
37,124,251
37,128,359
37,129,68
37,146,360
37,149,324
37,154,172
37,155,297
37,160,244
37,162,140
37,165,130
37,166,237
37,173,223
37,175,211
37,179,113
37,199,112
38,6,195
38,8,266
38,10,208
38,11,369
38,12,82
38,15,388
38,18,356
38,19,229
38,20,222
38,22,65
38,25,390
38,26,8
38,27,84
38,29,108
38,30,320
38,31,188
38,32,74
38,39,329
38,40,217
38,45,245
38,46,337
38,49,153
38,50,289
38,52,292
38,53,377
38,54,93
38,62,314
38,63,267
38,64,53
38,65,289
38,69,389
38,72,222
38,75,229
38,76,181
38,77,125
38,78,117
38,80,116
38,84,83
38,92,107
38,94,3
38,95,324
38,98,282
38,99,151
38,106,17
38,107,39
38,109,302
38,113,22
38,116,199
38,140,276
38,150,126
38,151,112
38,158,251
38,165,230
38,177,165
38,195,13
38,198,345
39,1,194
39,4,173
39,5,117
39,6,174
39,7,41
39,8,377
39,9,84
39,12,380
39,15,153
39,17,315
39,21,342
39,22,199
39,25,311
39,26,50
39,29,321
39,31,116
39,33,60
39,34,277
39,38,329
39,40,382
39,41,42
39,43,255
39,44,308
39,47,128
39,48,375
39,49,384
39,50,387
39,52,88
39,53,386
39,54,346
39,56,273
39,58,295
39,59,317
39,63,374
39,65,361
39,67,180
39,72,374
39,73,190
39,75,86
39,77,361
39,79,64
39,80,346
39,82,344
39,83,48
39,92,53
39,95,48
39,98,77
39,102,92
39,105,174
39,116,183
39,122,373
39,124,188
39,127,353
39,129,114
39,132,361
39,138,264
39,139,159
39,145,166
39,146,223
39,150,191
39,158,225
39,159,332
39,160,338
39,163,122
39,166,224
39,173,126
39,178,52
39,186,21
39,189,23
39,197,86
39,198,347
40,1,41
40,2,87
40,9,184
40,10,296
40,13,126
40,15,383
40,17,167
40,18,206
40,19,206
40,21,324
40,22,166
40,23,271
40,26,312
40,28,100
40,35,377
40,37,277
40,38,217
40,39,382
40,41,140
40,43,369
40,44,299
40,45,375
40,48,247
40,49,146
40,51,164
40,53,39
40,54,169
40,60,7
40,63,53
40,64,155
40,71,135
40,73,281
40,79,365
40,80,50
40,81,394
40,84,228
40,88,163
40,99,304
40,102,167
40,112,395
40,118,375
40,121,35
40,124,212
40,127,65
40,136,237
40,145,74
40,147,9
40,148,372
40,152,311
40,155,326
40,168,390
40,181,19
40,190,350
40,197,282
41,3,254
41,4,231
41,7,388
41,13,82
41,14,66
41,15,377
41,17,389
41,18,100
41,20,114
41,22,10
41,23,173
41,24,252
41,27,187
41,28,251
41,31,359
41,33,61
41,35,10
41,37,204
41,39,42
41,40,140
41,44,105
41,46,157
41,50,344
41,57,179
41,61,158
41,62,235
41,64,265
41,65,122
41,66,255
41,67,95
41,68,75
41,75,383
41,77,222
41,83,384
41,89,390
41,90,16
41,93,332
41,94,278
41,98,112
41,101,356
41,103,266
41,106,185
41,108,28
41,111,388
41,113,227
41,120,302
41,124,64
41,127,362
41,128,391
41,130,146
41,131,340
41,132,330
41,135,23
41,138,289
41,140,304
41,141,220
41,155,351
41,164,305
41,174,252
41,175,373
41,181,246
41,192,98
41,198,107
41,200,155
42,6,207
42,8,369
42,9,389
42,10,145
42,11,316
42,15,196
42,16,380
42,18,116
42,19,125
42,23,80
42,24,62
42,26,348
42,28,122
42,29,384
42,32,163
42,33,343
42,34,98
42,35,15
42,36,3
42,45,300
42,48,207
42,50,120
42,51,187
42,59,188
42,61,81
42,63,285
42,64,86
42,69,300
42,71,244
42,75,190
42,80,396
42,86,280
42,88,289
42,89,190
42,91,142
42,93,45
42,100,117
42,102,121
42,103,295
42,108,124
42,109,108
42,115,352
42,116,311
42,118,150
42,122,337
42,126,113
42,134,68
42,136,67
42,139,111
42,142,342
42,152,288
42,154,192
42,159,82
42,163,379
42,178,37
42,189,281
42,192,246
43,1,194
43,3,209
43,5,78
43,6,37
43,7,120
43,8,337
43,12,102
43,13,168
43,17,385
43,18,118
43,22,84
43,26,203
43,28,376
43,29,393
43,32,36
43,35,250
43,37,70
43,39,255
43,40,369
43,44,170
43,45,167
43,50,357
43,52,239
43,53,326
43,54,126
43,55,357
43,57,41
43,62,231
43,66,213
43,68,243
43,72,145
43,73,176
43,74,120
43,75,146
43,81,81
43,82,137
43,83,33
43,85,136
43,97,71
43,98,125
43,100,9
43,105,400
43,107,284
43,108,72
43,110,41
43,116,144
43,117,121
43,132,122
43,141,140
43,151,365
43,152,68
43,173,76
43,182,234
43,184,162
43,188,103
43,189,220
43,194,70
44,4,77
44,7,373
44,12,289
44,15,84
44,16,348
44,17,33
44,18,152
44,19,44
44,21,241
44,24,314
44,26,234
44,29,86
44,30,343
44,32,313
44,34,134
44,35,332
44,37,69
44,39,308
44,40,299
44,41,105
44,43,170
44,50,95
44,53,217
44,54,246
44,55,263
44,56,196
44,57,89
44,58,189
44,59,138
44,60,207
44,63,337
44,65,249
44,66,348
44,68,372
44,70,228
44,73,134
44,74,329
44,79,102
44,80,155
44,81,17
44,84,42
44,85,163
44,86,314
44,88,18
44,90,91
44,94,206
44,100,226
44,106,60
44,110,329
44,113,193
44,120,263
44,124,247
44,137,183
44,139,73
44,140,26
44,143,297
44,144,124
44,145,179
44,146,400
44,148,220
44,150,331
44,152,228
44,164,203
44,177,258
44,188,140
44,190,261
44,195,174
44,196,286
45,1,34
45,7,372
45,8,39
45,9,381
45,11,94
45,12,129
45,13,192
45,15,174
45,19,325
45,20,238
45,21,34
45,22,44
45,24,301
45,25,272
45,26,155
45,28,149
45,33,42
45,34,70
45,36,209
45,38,245
45,40,375
45,42,300
45,43,167
45,46,144
45,48,350
45,49,50
45,51,357
45,54,332
45,56,199
45,58,184
45,62,15
45,64,68
45,73,367
45,77,294
45,81,237
45,85,119
45,87,104
45,88,200
45,94,242
45,95,271
45,97,107
45,103,238
45,104,141
45,109,68
45,120,164
45,121,199
45,126,151
45,128,380
45,141,170
45,151,35
45,162,154
45,184,70
45,188,235
45,196,380
46,1,150
46,4,319
46,5,60
46,7,288
46,9,255
46,10,397
46,11,137
46,12,332
46,13,280
46,18,266
46,19,366
46,20,331
46,23,205
46,24,267
46,25,73
46,26,148
46,28,14
46,30,88
46,35,314
46,38,337
46,41,157
46,45,144
46,48,5
46,49,207
46,51,394
46,52,74
46,54,358
46,55,340
46,56,35
46,57,59
46,59,142
46,61,308
46,62,329
46,70,369
46,71,115
46,75,369
46,80,207
46,82,118
46,84,5
46,86,282
46,88,23
46,102,210
46,108,365
46,112,274
46,119,56
46,131,340
46,138,173
46,139,219
46,142,325
46,152,338
46,172,316
46,173,44
46,174,183
46,178,181
46,179,298
46,181,368
46,184,86
46,185,105
46,186,27
46,189,262
46,193,221
47,2,273
47,3,103
47,5,309
47,7,22
47,13,47
47,15,281
47,16,332
47,19,205
47,22,376
47,23,228
47,26,364
47,27,319
47,31,111
47,32,45
47,33,108
47,37,141
47,39,128
47,49,286
47,54,104
47,55,307
47,65,108
47,67,225
47,68,48
47,72,84
47,74,135
47,76,291
47,81,279
47,83,24
47,85,198
47,87,360
47,91,263
47,97,382
47,102,60
47,106,115
47,107,88
47,108,75
47,109,38
47,112,141
47,118,279
47,124,81
47,125,160
47,127,135
47,129,299
47,130,339
47,131,132
47,137,192
47,139,70
47,144,289
47,151,339
47,153,30
47,155,47
47,157,59
47,158,112
47,174,56
47,175,265
47,188,372
48,2,388
48,7,266
48,8,3
48,10,240
48,11,163
48,18,260
48,22,22
48,25,290
48,26,73
48,31,256
48,33,164
48,34,353
48,35,251
48,36,271
48,39,375
48,40,247
48,42,207
48,45,350
48,46,5
48,49,173
48,53,162
48,54,386
48,56,157
48,63,61
48,66,192
48,67,293
48,68,293
48,71,151
48,73,272
48,82,246
48,85,123
48,87,157
48,89,249
48,91,238
48,92,231
48,98,45
48,99,231
48,100,156
48,107,323
48,121,25
48,126,188
48,135,348
48,139,245
48,147,266
48,148,348
48,155,57
48,166,368
48,167,117
48,173,243
48,180,384
48,187,317
48,189,125
48,199,40
49,1,76
49,2,375
49,7,341
49,8,212
49,10,135
49,12,365
49,13,322
49,14,214
49,17,118
49,19,303
49,23,80
49,29,364
49,30,306
49,33,354
49,36,84
49,38,153
49,39,384
49,40,146
49,45,50
49,46,207
49,47,286
49,48,173
49,52,43
49,59,104
49,67,365
49,75,11
49,76,1
49,79,171
49,82,306
49,92,91
49,94,71
49,95,177
49,102,51
49,103,127
49,104,215
49,105,355
49,107,205
49,111,334
49,112,267
49,119,137
49,130,164
49,139,252
49,144,26
49,150,101
49,154,376
49,157,44
49,167,362
49,171,351
49,185,120
49,196,30
50,3,382
50,4,254
50,5,95
50,7,196
50,11,201
50,14,158
50,18,228
50,21,135
50,22,358
50,23,344
50,25,159
50,27,70
50,30,340
50,31,326
50,32,56
50,37,100
50,38,289
50,39,387
50,41,344
50,42,120
50,43,357
50,44,95
50,51,72
50,57,100
50,61,380
50,63,42
50,68,328
50,73,332
50,77,93
50,80,366
50,81,51
50,89,65
50,91,85
50,92,345
50,94,4
50,97,274
50,104,34
50,110,114
50,114,163
50,116,261
50,123,3
50,127,32
50,136,231
50,140,28
50,145,352
50,147,355
50,154,32
50,161,152
50,162,330
50,166,375
50,168,246
50,176,180
50,181,386
50,186,225
50,187,298
51,5,42
51,6,95
51,10,211
51,11,208
51,12,295
51,13,373
51,14,353
51,17,231
51,18,111
51,19,255
51,26,87
51,30,220
51,31,68
51,32,142
51,33,311
51,34,233
51,37,25
51,40,164
51,42,187
51,45,357
51,46,394
51,50,72
51,52,167
51,53,248
51,56,351
51,58,157
51,59,28
51,61,392
51,63,368
51,64,168
51,67,400
51,72,93
51,79,377
51,80,56
51,83,194
51,85,5
51,92,16
51,98,368
51,108,52
51,110,291
51,126,302
51,144,174
51,146,293
51,151,289
51,156,360
51,157,52
51,165,360
51,169,38
51,174,12
51,175,264
51,181,131
51,192,382
51,195,272
52,1,159
52,3,209
52,4,135
52,6,65
52,7,285
52,10,83
52,11,327
52,12,303
52,18,334
52,22,58
52,24,280
52,25,275
52,30,26
52,31,399
52,32,341
52,33,134
52,35,324
52,36,304
52,38,292
52,39,88
52,43,239
52,46,74
52,49,43
52,51,167
52,53,12
52,55,228
52,56,60
52,58,121
52,72,262
52,78,182
52,84,57
52,90,313
52,91,138
52,105,273
52,108,257
52,110,29
52,111,378
52,113,5
52,148,317
52,154,375
52,161,49
52,162,57
52,164,58
52,171,392
52,176,323
52,183,61
52,187,252
52,192,88
52,199,377
53,2,56
53,5,188
53,7,5
53,8,287
53,9,59
53,10,75
53,12,109
53,13,17
53,14,378
53,18,41
53,21,250
53,34,263
53,35,178
53,38,377
53,39,386
53,40,39
53,43,326
53,44,217
53,48,162
53,51,248
53,52,12
53,56,295
53,57,274
53,58,328
53,65,69
53,66,56
53,70,157
53,82,91
53,98,42
53,99,72
53,100,75
53,104,57
53,105,19
53,108,19
53,111,32
53,112,242
53,122,280
53,123,295
53,139,248
53,140,66
53,144,237
53,149,97
53,155,55
53,158,325
53,162,202
53,170,392
53,172,387
53,179,305
53,184,301
54,4,362
54,6,21
54,14,301
54,17,343
54,18,41
54,20,36
54,21,13
54,25,275
54,26,31
54,31,282
54,36,361
54,38,93
54,39,346
54,40,169
54,43,126
54,44,246
54,45,332
54,46,358
54,47,104
54,48,386
54,61,13
54,65,19
54,69,369
54,73,319
54,76,201
54,80,299
54,81,162
54,88,237
54,91,288
54,95,215
54,108,207
54,118,385
54,119,243
54,126,7
54,127,9
54,130,61
54,143,286
54,163,172
54,178,389
54,179,140
54,191,33
54,194,64
54,198,227
55,2,73
55,3,2
55,7,231
55,8,191
55,9,54
55,11,28
55,13,127
55,18,29
55,20,170
55,22,320
55,23,80
55,24,145
55,25,26
55,26,149
55,29,165
55,30,25
55,32,274
55,33,380
55,43,357
55,44,263
55,46,340
55,47,307
55,52,228
55,56,262
55,58,187
55,59,36
55,61,36
55,62,39
55,67,221
55,68,351
55,70,18
55,72,62
55,84,110
55,90,25
55,100,370
55,101,305
55,103,393
55,106,339
55,117,53
55,118,400
55,119,41
55,121,88
55,124,78
55,126,28
55,127,116
55,133,336
55,135,273
55,147,206
55,148,163
55,173,38
55,174,186
55,175,169
55,177,343
55,192,195
55,196,192
56,1,107
56,2,289
56,3,310
56,5,324
56,9,356
56,12,341
56,19,207
56,22,182
56,25,369
56,27,103
56,32,386
56,33,21
56,35,390
56,36,115
56,39,273
56,44,196
56,45,199
56,46,35
56,48,157
56,51,351
56,52,60
56,53,295
56,55,262
56,57,127
56,59,128
56,64,205
56,69,263
56,70,379
56,83,299
56,86,306
56,89,33
56,90,285
56,92,184
56,94,190
56,98,396
56,102,229
56,107,55
56,114,90
56,117,391
56,118,379
56,120,363
56,125,341
56,126,358
56,135,307
56,145,18
56,160,80
56,197,170
57,2,398
57,5,331
57,10,291
57,11,128
57,15,109
57,16,260
57,18,195
57,22,229
57,23,43
57,25,269
57,26,395
57,30,343
57,31,9
57,32,168
57,34,299
57,36,357
57,41,179
57,43,41
57,44,89
57,46,59
57,50,100
57,53,274
57,56,127
57,59,237
57,60,19
57,64,333
57,66,186
57,68,78
57,71,99
57,72,238
57,74,4
57,77,315
57,81,43
57,85,282
57,86,70
57,87,107
57,89,172
57,93,361
57,95,172
57,103,22
57,109,96
57,111,11
57,117,165
57,129,265
57,133,169
57,136,390
57,138,172
57,140,170
57,145,32
57,153,7
57,154,54
57,160,390
57,168,153
57,185,47
57,189,147
57,192,216
57,194,18
57,199,329
58,1,194
58,4,360
58,5,192
58,9,184
58,13,258
58,16,167
58,18,194
58,19,123
58,20,14
58,22,69
58,29,341
58,30,224
58,31,216
58,36,7
58,39,295
58,44,189
58,45,184
58,51,157
58,52,121
58,53,328
58,55,187
58,61,381
58,62,185
58,63,71
58,74,301
58,82,395
58,84,290
58,87,217
58,108,180
58,115,380
58,117,287
58,119,171
58,120,229
58,122,336
58,129,315
58,130,329
58,132,147
58,141,85
58,142,331
58,143,205
58,149,292
58,151,286
58,157,102
58,162,254
58,163,202
58,165,343
58,169,292
58,173,132
58,175,357
58,180,336
58,190,19
59,5,223
59,7,278
59,8,2
59,10,391
59,14,394
59,15,345
59,18,311
59,19,307
59,21,365
59,25,78
59,26,341
59,31,174
59,36,298
59,39,317
59,42,188
59,44,138
59,46,142
59,49,104
59,51,28
59,55,36
59,56,128
59,57,237
59,61,149
59,71,37
59,73,1
59,76,163
59,78,333
59,86,185
59,87,125
59,90,321
59,100,20
59,103,38
59,105,71
59,110,106
59,112,344
59,113,75
59,123,49
59,129,179
59,132,320
59,135,237
59,139,143
59,140,305
59,141,2
59,142,310
59,144,10
59,153,120
59,156,333
59,164,385
59,168,205
59,174,36
59,187,145
60,1,12
60,2,142
60,5,149
60,7,49
60,9,95
60,11,246
60,12,113
60,14,144
60,21,62
60,25,312
60,27,208
60,28,49
60,29,55
60,30,246
60,32,379
60,35,50
60,36,6
60,40,7
60,44,207
60,57,19
60,61,163
60,66,267
60,67,251
60,68,175
60,70,223
60,74,58
60,75,123
60,83,295
60,87,327
60,90,221
60,92,254
60,95,6
60,99,331
60,106,389
60,119,211
60,120,308
60,121,109
60,132,241
60,136,211
60,143,288
60,158,45
60,159,298
60,161,366
60,170,286
60,178,91
60,182,286
60,187,399
60,195,34
61,2,318
61,3,313
61,5,238
61,9,206
61,10,32
61,12,66
61,17,354
61,22,10
61,26,302
61,28,341
61,29,378
61,31,38
61,34,26
61,35,207
61,36,272
61,37,161
61,41,158
61,42,81
61,46,308
61,50,380
61,51,392
61,54,13
61,55,36
61,58,381
61,59,149
61,60,163
61,62,287
61,63,201
61,65,286
61,66,215
61,70,293
61,71,79
61,72,162
61,77,138
61,78,57
61,80,215
61,82,348
61,84,276
61,91,367
61,92,246
61,93,111
61,99,230
61,106,390
61,122,262
61,124,295
61,128,238
61,129,68
61,130,144
61,140,94
61,147,303
61,157,182
61,176,101
61,188,366
62,5,298
62,6,34
62,7,139
62,8,23
62,9,325
62,10,56
62,18,356
62,19,331
62,21,18
62,29,359
62,32,353
62,33,136
62,36,98
62,37,15
62,38,314
62,41,235
62,43,231
62,45,15
62,46,329
62,55,39
62,58,185
62,61,287
62,63,370
62,64,169
62,76,171
62,82,242
62,84,125
62,86,51
62,89,259
62,91,274
62,100,387
62,101,111
62,104,88
62,108,206
62,115,219
62,121,89
62,122,39
62,128,303
62,134,340
62,135,175
62,144,375
62,160,273
62,164,279
62,165,250
62,175,283
62,176,316
62,178,362
62,180,131
62,183,399
62,185,286
62,196,128
63,5,87
63,6,217
63,7,31
63,9,191
63,14,295
63,15,39
63,25,58
63,26,218
63,29,228
63,30,212
63,31,103
63,32,12
63,33,69
63,38,267
63,39,374
63,40,53
63,42,285
63,44,337
63,48,61
63,50,42
63,51,368
63,58,71
63,61,201
63,62,370
63,64,36
63,67,214
63,68,253
63,70,173
63,71,43
63,74,382
63,76,89
63,78,135
63,80,199
63,83,208
63,84,160
63,86,15
63,88,298
63,94,379
63,98,125
63,102,71
63,114,193
63,117,92
63,128,146
63,131,88
63,132,8
63,134,168
63,146,231
63,159,207
63,161,122
63,163,39
63,165,277
63,166,235
63,172,242
63,187,26
63,191,241
63,195,277
63,196,193
64,1,45
64,2,170
64,3,11
64,7,15
64,9,12
64,11,302
64,12,54
64,14,15
64,19,158
64,21,129
64,26,23
64,28,196
64,31,307
64,32,113
64,38,53
64,40,155
64,41,265
64,42,86
64,45,68
64,51,168
64,56,205
64,57,333
64,62,169
64,63,36
64,66,380
64,67,210
64,75,117
64,77,86
64,81,93
64,84,184
64,89,249
64,92,188
64,96,343
64,99,62
64,102,279
64,104,159
64,107,156
64,108,241
64,110,122
64,111,258
64,114,37
64,119,235
64,125,299
64,127,187
64,137,96
64,138,321
64,148,371
64,149,206
64,155,61
64,176,69
64,187,380
64,189,381
64,191,116
64,197,334
65,1,237
65,2,141
65,5,91
65,6,176
65,8,304
65,10,341
65,16,223
65,19,233
65,21,318
65,22,273
65,23,166
65,30,24
65,34,38
65,35,57
65,38,289
65,39,361
65,41,122
65,44,249
65,47,108
65,53,69
65,54,19
65,61,286
65,66,396
65,68,134
65,71,393
65,72,73
65,79,358
65,91,326
65,92,88
65,93,71
65,94,116
65,98,159
65,101,394
65,103,79
65,107,334
65,108,281
65,111,288
65,115,28
65,123,373
65,124,378
65,126,117
65,127,186
65,129,24
65,133,13
65,134,384
65,137,2
65,138,167
65,142,247
65,149,198
65,151,245
65,154,192
65,157,220
65,159,7
65,164,92
65,183,240
66,2,71
66,4,167
66,10,127
66,14,266
66,19,280
66,23,355
66,24,391
66,25,33
66,29,41
66,30,393
66,32,38
66,35,215
66,41,255
66,43,213
66,44,348
66,48,192
66,53,56
66,57,186
66,60,267
66,61,215
66,64,380
66,65,396
66,69,255
66,70,360
66,75,187
66,76,102
66,77,108
66,78,398
66,79,248
66,80,153
66,82,79
66,87,67
66,88,30
66,90,351
66,92,312
66,102,207
66,105,262
66,106,274
66,107,278
66,108,337
66,109,211
66,111,256
66,119,178
66,128,199
66,131,256
66,133,228
66,136,80
66,138,264
66,146,396
66,152,368
66,155,83
66,170,311
66,174,396
66,179,158
66,189,57
66,193,38
66,200,65
67,1,314
67,6,331
67,7,368
67,8,282
67,12,32
67,13,144
67,15,158
67,18,49
67,19,50
67,22,75
67,26,195
67,28,269
67,31,214
67,33,239
67,34,122
67,37,50
67,39,180
67,41,95
67,47,225
67,48,293
67,49,365
67,51,400
67,55,221
67,60,251
67,63,214
67,64,210
67,69,120
67,73,217
67,76,61
67,78,24
67,82,85
67,85,266
67,90,316
67,91,120
67,95,5
67,97,51
67,102,207
67,106,381
67,111,294
67,114,37
67,129,359
67,130,210
67,133,191
67,135,27
67,141,143
67,147,194
67,148,190
67,149,301
67,153,106
67,158,258
67,162,372
67,166,310
67,179,291
67,181,73
67,183,328
67,185,304
67,189,166
67,193,269
67,200,175
68,2,62
68,3,217
68,8,185
68,15,369
68,18,32
68,20,132
68,21,132
68,22,233
68,27,17
68,32,196
68,34,202
68,41,75
68,43,243
68,44,372
68,47,48
68,48,293
68,50,328
68,55,351
68,57,78
68,60,175
68,63,253
68,65,134
68,69,273
68,70,244
68,74,246
68,80,365
68,81,194
68,82,338
68,84,62
68,96,47
68,97,220
68,99,78
68,101,267
68,102,1
68,109,99
68,116,148
68,120,32
68,123,30
68,124,109
68,125,227
68,134,268
68,140,300
68,141,286
68,159,377
68,161,85
68,168,167
68,169,198
68,185,242
68,190,42
69,1,214
69,7,145
69,9,64
69,12,306
69,16,192
69,17,385
69,18,385
69,22,170
69,24,377
69,26,76
69,27,29
69,30,70
69,37,364
69,38,389
69,42,300
69,54,369
69,56,263
69,66,255
69,67,120
69,68,273
69,73,141
69,76,333
69,77,235
69,79,264
69,84,225
69,87,142
69,91,213
69,93,340
69,96,194
69,107,378
69,108,187
69,110,24
69,112,307
69,113,374
69,119,375
69,120,330
69,121,223
69,123,89
69,131,131
69,133,244
69,136,314
69,170,51
69,184,243
69,191,226
69,197,339
70,4,311
70,5,213
70,7,276
70,10,145
70,12,378
70,14,7
70,16,148
70,26,199
70,27,392
70,28,306
70,29,395
70,31,274
70,37,89
70,44,228
70,46,369
70,53,157
70,55,18
70,56,379
70,60,223
70,61,293
70,63,173
70,66,360
70,68,244
70,71,269
70,77,35
70,78,349
70,83,322
70,84,355
70,85,384
70,87,293
70,88,70
70,90,353
70,93,54
70,94,227
70,95,366
70,97,215
70,104,79
70,105,241
70,112,276
70,117,228
70,120,137
70,121,31
70,124,209
70,136,47
70,141,10
70,160,368
70,173,190
70,182,397
70,183,144
70,189,387
70,191,292
70,194,68
70,195,233
70,198,155
70,199,158
71,2,164
71,5,17
71,8,235
71,9,181
71,12,138
71,14,375
71,18,398
71,19,74
71,21,68
71,24,390
71,37,261
71,40,135
71,42,244
71,46,115
71,48,151
71,57,99
71,59,37
71,61,79
71,63,43
71,65,393
71,70,269
71,74,309
71,75,272
71,78,269
71,79,106
71,81,205
71,85,232
71,92,99
71,96,240
71,110,86
71,120,370
71,123,283
71,126,290
71,135,24
71,155,101
71,156,376
71,169,180
71,171,10
71,173,327
71,175,29
71,177,61
71,181,384
71,183,267
71,185,127
71,186,131
71,187,180
71,199,265
72,1,318
72,3,193
72,8,52
72,9,139
72,15,35
72,17,194
72,19,372
72,20,261
72,22,330
72,23,307
72,28,12
72,33,398
72,38,222
72,39,374
72,43,145
72,47,84
72,51,93
72,52,262
72,55,62
72,57,238
