source,target,weight
1,2,80
1,3,56
1,4,391
1,6,68
1,7,310
1,9,349
1,10,320
1,11,213
1,12,93
1,13,85
1,15,94
1,17,179
1,18,278
1,19,379
1,21,88
1,22,264
1,23,194
1,24,59
1,27,69
1,28,275
1,29,212
1,30,328
1,32,390
1,34,188
1,35,264
1,37,209
1,41,160
1,42,331
1,43,130
1,44,211
1,45,96
1,46,306
1,47,297
1,48,88
1,49,63
1,51,92
1,53,48
1,54,358
1,57,237
1,59,286
1,63,263
1,65,164
1,68,385
1,69,388
1,70,371
1,73,231
1,75,389
1,76,352
1,77,101
1,78,236
1,79,162
1,81,65
1,83,110
1,84,353
1,85,386
1,87,7
1,88,183
1,89,54
1,90,85
1,91,373
1,94,64
1,95,216
1,97,2
1,98,365
1,99,245
1,101,152
1,102,160
1,105,24
1,107,257
1,108,383
1,112,285
1,113,243
1,114,156
1,115,120
1,118,173
1,119,129
1,122,290
1,123,210
1,126,317
1,128,365
1,129,137
1,131,206
1,133,221
1,137,390
1,138,162
1,140,169
1,141,143
1,142,117
1,145,241
1,146,13
1,147,138
1,149,290
1,150,149
1,153,168
1,154,33
1,156,141
1,158,146
1,160,67
1,168,166
1,169,395
1,173,123
1,176,287
1,177,241
1,179,13
1,182,53
1,188,222
1,194,311
2,1,80
2,3,103
2,4,269
2,5,42
2,6,143
2,7,354
2,8,202
2,13,89
2,14,96
2,15,258
2,16,107
2,17,324
2,18,284
2,19,125
2,20,215
2,21,277
2,22,341
2,23,135
2,24,369
2,25,176
2,27,376
2,28,320
2,29,267
2,30,195
2,32,190
2,34,47
2,37,179
2,39,62
2,40,42
2,42,183
2,43,268
2,44,184
2,45,244
2,46,177
2,47,221
2,49,25
2,51,336
2,53,48
2,55,294
2,56,312
2,57,332
2,58,223
2,59,20
2,60,62
2,61,282
2,63,80
2,65,93
2,66,69
2,67,174
2,68,267
2,70,36
2,72,190
2,74,76
2,75,18
2,76,183
2,78,200
2,79,74
2,81,107
2,83,7
2,84,301
2,85,111
2,86,75
2,87,200
2,89,351
2,90,24
2,91,35
2,94,98
2,95,366
2,96,33
2,101,161
2,102,54
2,103,80
2,104,328
2,106,88
2,108,225
2,111,253
2,112,307
2,113,162
2,114,364
2,118,213
2,124,219
2,127,13
2,134,116
2,135,72
2,139,98
2,140,48
2,141,362
2,143,395
2,145,192
2,150,46
2,151,334
2,155,171
2,162,370
2,165,117
2,166,93
2,168,235
2,170,314
2,171,389
2,172,172
2,174,15
2,179,298
2,180,258
2,181,252
2,182,219
2,184,254
2,186,247
2,188,194
2,193,256
3,1,56
3,2,103
3,4,306
3,5,194
3,7,115
3,8,175
3,9,99
3,10,130
3,11,358
3,12,129
3,13,228
3,14,396
3,15,156
3,16,337
3,18,174
3,19,51
3,22,271
3,24,129
3,25,93
3,28,154
3,29,55
3,31,35
3,32,101
3,33,355
3,35,223
3,36,284
3,38,348
3,39,380
3,43,334
3,44,373
3,47,377
3,48,50
3,50,341
3,52,78
3,53,193
3,54,381
3,55,382
3,56,203
3,57,271
3,58,333
3,59,215
3,60,298
3,61,131
3,62,392
3,63,255
3,64,153
3,65,314
3,66,242
3,67,58
3,68,132
3,70,228
3,71,313
3,72,165
3,73,105
3,74,51
3,75,188
3,80,351
3,83,257
3,88,260
3,90,243
3,93,399
3,98,369
3,104,215
3,106,24
3,107,111
3,108,259
3,109,70
3,110,10
3,113,49
3,115,68
3,119,190
3,120,345
3,121,364
3,125,134
3,126,28
3,127,208
3,128,239
3,129,66
3,130,371
3,136,281
3,141,19
3,145,82
3,149,308
3,152,223
3,155,110
3,157,87
3,159,164
3,161,287
3,163,193
3,166,225
3,167,206
3,171,97
3,173,286
3,179,207
3,180,292
3,188,238
3,190,220
3,191,315
3,194,379
3,200,250
4,1,391
4,2,269
4,3,306
4,5,307
4,6,289
4,8,348
4,9,49
4,11,312
4,12,289
4,13,10
4,15,185
4,16,147
4,17,201
4,18,357
4,19,113
4,20,239
4,21,338
4,24,133
4,25,194
4,30,379
4,33,286
4,34,285
4,35,189
4,36,66
4,37,125
4,38,302
4,39,95
4,40,52
4,41,157
4,42,322
4,43,290
4,45,21
4,48,180
4,51,194
4,54,102
4,56,345
4,57,363
4,58,113
4,60,53
4,61,28
4,62,328
4,63,308
4,65,131
4,67,220
4,68,13
4,69,396
4,70,21
4,73,125
4,74,193
4,76,210
4,77,344
4,81,270
4,82,153
4,85,294
4,92,218
4,93,56
4,94,393
4,95,314
4,96,215
4,98,192
4,100,322
4,101,298
4,102,70
4,103,168
4,106,15
4,107,254
4,108,217
4,109,188
4,111,240
4,112,367
4,114,141
4,115,314
4,117,30
4,119,110
4,121,74
4,122,71
4,124,360
4,130,340
4,134,142
4,136,304
4,137,275
4,138,91
4,139,285
4,140,251
4,141,241
4,147,220
4,149,241
4,150,308
4,152,51
4,156,35
4,157,45
4,162,225
4,163,238
4,167,382
4,168,173
4,169,29
4,170,324
4,173,54
4,178,381
4,180,307
4,189,384
4,191,136
4,193,103
4,195,127
5,2,42
5,3,194
5,4,307
5,6,283
5,7,228
5,8,194
5,11,150
5,12,373
5,18,167
5,19,117
5,20,307
5,21,264
5,22,99
5,23,373
5,26,226
5,27,291
5,29,197
5,30,85
5,31,13
5,32,137
5,33,313
5,36,113
5,37,226
5,38,134
5,39,9
5,41,306
5,44,88
5,46,46
5,48,36
5,50,61
5,51,154
5,52,216
5,53,363
5,54,368
5,55,266
5,56,116
5,59,194
5,62,188
5,64,147
5,66,52
5,67,370
5,68,371
5,69,341
5,70,41
5,71,80
5,73,137
5,74,118
5,75,385
5,76,318
5,78,384
5,79,81
5,80,377
5,81,140
5,83,4
5,84,86
5,85,21
5,86,52
5,87,252
5,90,274
5,91,182
5,93,338
5,95,66
5,96,29
5,98,130
5,101,57
5,104,189
5,107,143
5,111,150
5,113,340
5,116,191
5,118,120
5,121,58
5,125,58
5,132,235
5,133,142
5,134,27
5,137,31
5,140,55
5,145,394
5,149,363
5,152,12
5,155,145
5,157,278
5,158,9
5,160,79
5,161,397
5,166,186
5,167,49
5,170,353
5,182,73
5,187,31
5,193,139
5,196,23
5,197,157
6,1,68
6,2,143
6,4,289
6,5,283
6,7,295
6,8,27
6,9,115
6,10,32
6,11,273
6,12,293
6,13,62
6,14,392
6,15,202
6,16,67
6,17,250
6,18,362
6,19,363
6,20,115
6,21,50
6,22,247
6,25,73
6,27,199
6,30,320
6,31,60
6,33,77
6,35,221
6,36,130
6,44,3
6,46,199
6,47,233
6,51,329
6,54,193
6,55,358
6,56,200
6,57,310
6,58,110
6,62,44
6,63,350
6,64,322
6,66,360
6,67,132
6,68,178
6,72,338
6,73,299
6,77,74
6,78,193
6,79,173
6,81,205
6,84,161
6,86,306
6,88,310
6,90,260
6,92,175
6,93,145
6,94,395
6,95,272
6,96,322
6,105,370
6,110,6
6,111,206
6,112,240
6,113,191
6,114,351
6,120,88
6,121,176
6,123,17
6,125,331
6,127,252
6,132,48
6,134,155
6,135,400
6,137,190
6,144,137
6,147,173
6,149,274
6,150,45
6,154,333
6,156,127
6,157,304
6,158,315
6,159,353
6,163,100
6,166,395
6,171,176
6,174,16
6,175,182
6,179,153
6,180,304
6,184,259
6,185,112
6,187,225
6,193,152
6,196,337
6,197,379
6,198,252
7,1,310
7,2,354
7,3,115
7,5,228
7,6,295
7,9,399
7,10,167
7,14,323
7,15,102
7,16,378
7,17,330
7,18,279
7,20,345
7,21,392
7,22,178
7,23,153
7,25,243
7,26,290
7,27,349
7,29,156
7,30,75
7,31,330
7,32,374
7,34,385
7,35,84
7,38,219
7,39,90
7,40,377
7,41,140
7,42,179
7,44,99
7,45,190
7,46,352
7,47,116
7,48,57
7,50,372
7,51,256
7,52,379
7,54,192
7,55,178
7,57,255
7,59,82
7,60,84
7,61,74
7,62,95
7,63,253
7,65,162
7,66,166
7,70,380
7,71,323
7,73,65
7,74,320
7,75,368
7,76,115
7,78,17
7,79,377
7,80,305
7,82,178
7,85,338
7,86,115
7,87,397
7,88,306
7,89,56
7,91,283
7,93,31
7,94,328
7,96,259
7,97,78
7,99,324
7,100,222
7,102,136
7,109,68
7,110,305
7,111,114
7,113,110
7,115,68
7,116,274
7,117,52
7,118,130
7,123,141
7,124,314
7,125,335
7,127,273
7,130,346
7,133,183
7,134,118
7,140,84
7,142,69
7,144,96
7,146,146
7,149,68
7,152,262
7,153,144
7,157,240
7,160,388
7,161,323
7,164,329
7,166,149
7,169,308
7,175,281
7,176,309
7,177,188
7,180,382
7,183,21
7,185,84
7,187,140
7,190,310
7,193,236
8,2,202
8,3,175
8,4,348
8,5,194
8,6,27
8,9,170
8,10,183
8,11,195
8,12,2
8,14,396
8,15,230
8,16,378
8,17,11
8,19,259
8,24,368
8,26,262
8,27,200
8,30,82
8,31,192
8,32,351
8,33,151
8,34,164
8,37,170
8,38,40
8,40,243
8,41,398
8,43,95
8,47,226
8,50,69
8,51,361
8,52,183
8,54,230
8,55,193
8,57,369
8,58,128
8,59,172
8,60,31
8,61,195
8,62,147
8,64,122
8,65,143
8,68,207
8,69,2
8,70,292
8,71,163
8,72,117
8,73,252
8,74,232
8,75,314
8,77,256
8,80,126
8,84,235
8,85,314
8,86,113
8,87,321
8,88,94
8,89,137
8,98,166
8,99,219
8,100,112
8,101,324
8,102,339
8,103,137
8,105,144
8,109,176
8,114,161
8,116,152
8,117,205
8,123,22
8,124,231
8,126,102
8,127,49
8,129,102
8,133,286
8,136,296
8,137,301
8,138,6
8,139,122
8,140,104
8,142,64
8,143,363
8,148,277
8,152,72
8,154,5
8,157,191
8,159,289
8,160,51
8,164,179
8,165,314
8,168,193
8,171,37
8,173,269
8,174,250
8,183,88
8,185,22
8,187,120
8,188,41
8,190,65
8,198,284
8,199,61
9,1,349
9,3,99
9,4,49
9,6,115
9,7,399
9,8,170
9,10,220
9,19,230
9,20,129
9,21,38
9,22,56
9,23,53
9,24,390
9,25,221
9,29,160
9,30,276
9,31,146
9,33,73
9,34,59
9,37,184
9,38,197
9,39,124
9,40,153
9,45,277
9,47,93
9,49,127
9,50,197
9,51,227
9,52,160
9,54,391
9,55,280
9,56,396
9,58,290
9,59,200
9,60,88
9,67,375
9,68,194
9,72,132
9,73,347
9,76,386
9,78,114
9,79,291
9,83,134
9,86,30
9,87,318
9,88,72
9,90,214
9,94,43
9,97,334
9,99,324
9,100,286
9,101,95
9,102,331
9,103,164
9,104,382
9,107,313
9,109,64
9,110,24
9,115,175
9,118,158
9,121,235
9,125,166
9,127,128
9,128,251
9,129,271
9,130,279
9,131,352
9,132,211
9,135,243
9,136,265
9,137,273
9,139,9
9,143,233
9,144,240
9,146,224
9,147,98
9,148,7
9,149,314
9,151,220
9,153,273
9,157,140
9,160,321
9,164,31
9,172,176
9,173,182
9,175,149
9,176,16
9,177,70
9,180,64
9,182,93
9,183,303
9,184,28
9,186,259
9,190,208
9,191,192
9,192,364
9,196,253
9,197,300
9,198,292
9,199,347
10,1,320
10,3,130
10,6,32
10,7,167
10,8,183
10,9,220
10,11,257
10,13,22
10,14,11
10,15,193
10,16,299
10,17,69
10,18,201
10,20,386
10,21,63
10,24,339
10,25,312
10,26,372
10,27,342
10,28,327
10,29,95
10,32,203
10,35,189
10,36,17
10,37,268
10,38,240
10,39,308
10,41,256
10,42,25
10,43,264
10,45,352
10,46,34
10,47,358
10,50,57
10,52,177
10,53,1
10,60,261
10,62,394
10,64,264
10,65,371
10,66,311
10,68,366
10,69,197
10,70,102
10,72,137
10,73,311
10,74,295
10,75,260
10,76,280
10,78,6
10,82,390
10,84,76
10,85,306
10,88,189
10,89,41
10,93,361
10,97,38
10,99,272
10,101,216
10,102,367
10,106,237
10,108,218
10,110,264
10,111,28
10,112,155
10,115,36
10,118,370
10,119,293
10,121,113
10,124,245
10,125,241
10,126,160
10,127,288
10,128,394
10,136,293
10,138,19
10,141,215
10,144,93
10,145,50
10,147,286
10,149,161
10,150,282
10,156,284
10,157,22
10,160,185
10,161,54
10,163,74
10,164,197
10,165,234
10,171,309
10,181,372
10,187,299
10,196,135
10,197,344
11,1,213
11,3,358
11,4,312
11,5,150
11,6,273
11,8,195
11,10,257
11,12,15
11,13,81
11,15,259
11,17,248
11,18,150
11,19,333
11,20,59
11,21,109
11,22,292
11,24,21
11,27,285
11,28,359
11,29,124
11,30,227
11,31,292
11,32,111
11,34,266
11,35,97
11,38,94
11,39,385
11,40,245
11,41,121
11,42,64
11,43,399
11,46,56
11,48,321
11,49,387
11,52,72
11,53,51
11,55,295
11,57,245
11,59,144
11,60,362
11,62,150
11,63,268
11,64,376
11,65,379
11,66,358
11,67,159
11,68,173
11,69,167
11,70,270
11,71,333
11,73,130
11,74,255
11,79,271
11,82,356
11,83,68
11,84,217
11,85,77
11,86,132
11,87,150
11,90,225
11,91,164
11,92,154
11,93,397
11,96,224
11,98,13
11,99,308
11,101,274
11,102,312
11,103,176
11,105,275
11,106,14
11,108,199
11,111,120
11,115,192
11,116,212
11,118,241
11,120,394
11,121,29
11,123,229
11,124,332
11,125,46
11,127,369
11,128,334
11,130,37
11,131,385
11,132,47
11,133,249
11,134,74
11,136,246
11,138,66
11,139,42
11,140,223
11,142,376
11,150,368
11,158,70
11,160,123
11,161,180
11,162,13
11,163,90
11,165,113
11,166,48
11,167,290
11,168,263
11,170,259
11,175,240
11,177,351
11,179,121
11,181,141
11,182,28
11,186,76
11,196,324
12,1,93
12,3,129
12,4,289
12,5,373
12,6,293
12,8,2
12,11,15
12,13,47
12,14,164
12,15,185
12,16,380
12,18,32
12,19,65
12,21,126
12,22,275
12,24,119
12,25,27
12,26,207
12,27,238
12,28,60
12,29,368
12,32,82
12,33,235
12,34,161
12,35,14
12,38,290
12,39,285
12,40,324
12,41,74
12,42,140
12,44,101
12,45,43
12,47,31
12,48,166
12,49,257
12,50,371
12,51,210
12,53,20
12,54,283
12,55,359
12,56,171
12,57,238
12,59,251
12,60,361
12,61,256
12,62,266
12,63,219
12,64,377
12,65,140
12,66,387
12,67,157
12,68,21
12,69,214
12,70,275
12,71,358
12,72,360
12,74,259
12,75,114
12,76,185
12,78,138
12,79,219
12,80,217
12,83,232
12,84,212
12,85,220
12,86,133
12,87,347
12,88,74
12,90,85
12,92,286
12,93,175
12,94,126
12,95,86
12,101,106
12,102,8
12,103,219
12,104,389
12,105,366
12,106,206
12,108,96
12,110,235
12,111,16
12,114,308
12,115,53
12,117,107
12,118,149
12,123,318
12,124,326
12,125,398
12,126,254
12,129,204
12,130,274
12,132,332
12,136,381
12,138,70
12,142,105
12,144,273
12,145,320
12,149,324
12,151,380
12,152,6
12,153,298
12,154,136
12,157,377
12,158,238
12,161,210
12,162,143
12,166,344
12,168,204
12,171,292
12,176,36
12,178,398
12,183,212
12,184,280
12,188,76
12,189,294
12,191,147
12,192,14
12,194,58
13,1,85
13,2,89
13,3,228
13,4,10
13,6,62
13,10,22
13,11,81
13,12,47
13,14,93
13,16,190
13,18,186
13,19,320
13,21,267
13,22,76
13,23,299
13,24,287
13,25,171
13,26,79
13,28,69
13,29,291
13,30,157
13,31,242
13,32,200
13,33,196
13,35,285
13,36,341
13,39,139
13,41,43
13,43,263
13,44,313
13,46,93
13,47,268
13,48,282
13,49,247
13,50,148
13,51,359
13,52,243
13,53,281
13,54,392
13,55,350
13,56,264
13,58,88
13,59,385
13,60,20
13,62,20
13,63,297
13,65,304
13,67,382
13,68,372
13,69,395
13,70,296
13,71,353
13,73,37
13,74,228
13,75,94
13,76,38
13,77,129
13,78,66
13,79,390
13,81,195
13,83,278
13,84,345
13,85,322
13,87,257
13,88,181
13,89,49
13,90,346
13,91,1
13,92,42
13,93,213
13,99,5
13,101,28
13,106,238
13,108,322
13,109,190
13,110,292
13,111,387
13,112,22
13,115,169
13,117,142
13,119,351
13,122,330
13,123,248
13,132,83
13,133,92
13,134,281
13,135,209
13,136,54
13,137,272
13,149,323
13,150,121
13,151,265
13,152,215
13,154,220
13,158,62
13,160,343
13,162,40
13,164,97
13,167,332
13,171,396
13,173,369
13,174,372
13,176,187
13,177,10
13,183,27
13,186,391
13,187,283
13,189,13
13,190,172
13,192,329
13,198,149
13,199,67
14,2,96
14,3,396
14,6,392
14,7,323
14,8,396
14,10,11
14,12,164
14,13,93
14,15,357
14,16,7
14,17,335
14,18,266
14,19,357
14,22,130
14,23,366
14,25,38
14,26,243
14,31,22
14,32,153
14,33,251
14,34,203
14,35,390
14,37,298
14,38,214
14,39,148
14,40,221
14,42,94
14,44,65
14,45,233
14,47,395
14,48,23
14,49,208
14,50,128
14,52,158
14,54,300
14,55,323
14,57,95
14,59,220
14,61,109
14,63,65
14,64,141
14,67,270
14,68,300
14,69,83
14,70,145
14,72,57
14,73,363
14,75,232
14,78,11
14,80,120
14,81,359
14,82,400
14,83,271
14,84,377
14,85,308
14,89,300
14,92,270
14,95,86
14,97,261
14,99,260
14,100,308
14,101,164
14,102,38
14,104,137
14,105,293
14,108,121
14,111,131
14,112,58
14,113,399
14,117,278
14,119,198
14,123,174
14,124,236
14,128,342
14,129,249
14,130,250
14,131,26
14,134,152
14,136,111
14,139,366
14,140,231
14,147,241
14,148,142
14,149,307
14,152,67
14,153,78
14,154,118
14,155,241
14,156,26
14,159,259
14,160,255
14,161,237
14,163,19
14,166,189
14,167,90
14,168,168
14,174,362
14,175,264
14,179,21
14,181,200
14,182,280
14,191,145
15,1,94
15,2,258
15,3,156
15,4,185
15,6,202
15,7,102
15,8,230
15,10,193
15,11,259
15,12,185
15,14,357
15,16,140
15,17,193
15,19,47
15,20,50
15,21,16
15,22,162
15,23,204
15,24,21
15,25,223
15,26,138
15,29,16
15,31,169
15,32,136
15,33,375
15,34,13
15,35,199
15,36,337
15,37,293
15,39,327
15,40,201
15,42,168
15,44,347
15,46,392
15,48,243
15,49,181
15,50,331
15,51,364
15,52,34
15,54,389
15,56,159
15,58,210
15,59,85
15,60,227
15,61,130
15,63,344
15,64,102
15,66,61
15,67,197
15,69,308
15,71,297
15,72,314
15,74,64
15,75,24
15,76,63
15,78,39
15,79,353
15,80,52
15,81,306
15,84,371
15,87,337
15,88,72
15,89,307
15,91,221
15,93,257
15,94,62
15,98,152
15,99,370
15,100,293
15,102,222
15,103,361
15,104,313
15,105,372
15,107,157
15,108,207
15,109,92
15,110,41
15,113,388
15,116,314
15,117,370
15,121,153
15,122,89
15,123,30
15,125,121
15,129,308
15,133,45
15,134,273
15,135,211
15,138,115
15,139,14
15,141,372
15,142,90
15,146,201
15,147,179
15,152,247
15,155,259
15,164,215
15,166,370
15,167,206
15,170,160
15,179,113
15,185,292
15,187,179
15,189,159
15,192,393
15,198,118
15,200,251
16,2,107
16,3,337
16,4,147
16,6,67
16,7,378
16,8,378
16,10,299
16,12,380
16,13,190
16,14,7
16,15,140
16,20,340
16,21,65
16,24,21
16,26,93
16,28,390
16,30,252
16,31,44
16,32,78
16,34,294
16,35,104
16,36,11
16,37,347
16,40,196
16,41,37
16,42,186
16,43,76
16,46,104
16,48,184
16,49,261
16,51,4
16,52,232
16,56,66
16,58,175
16,59,147
16,60,42
16,62,121
16,63,243
16,64,337
16,65,332
16,66,81
16,67,177
16,69,68
16,70,231
16,71,112
16,72,280
16,73,381
16,74,284
16,75,393
16,76,135
16,77,44
16,79,397
16,85,130
16,87,292
16,89,147
16,90,326
16,91,36
16,93,311
16,95,320
16,96,208
16,97,147
16,98,267
16,99,197
16,101,349
16,102,240
16,104,47
16,107,373
16,108,114
16,111,95
16,112,174
16,114,52
16,118,285
16,119,189
16,120,388
16,121,395
16,122,368
16,124,55
16,125,146
16,126,252
16,127,395
16,131,382
16,132,18
16,133,93
16,134,145
16,140,5
16,143,68
16,145,299
16,152,6
16,153,99
16,154,260
16,155,259
16,156,390
16,160,83
16,165,28
16,166,114
16,167,274
16,168,114
16,173,219
16,177,245
16,178,282
16,183,120
16,185,197
16,188,193
17,1,179
17,2,324
17,4,201
17,6,250
17,7,330
17,8,11
17,10,69
17,11,248
17,14,335
17,15,193
17,18,360
17,21,179
17,23,366
17,25,385
17,28,199
17,29,41
17,30,23
17,31,98
17,32,248
17,34,370
17,35,14
17,36,82
17,39,250
17,40,186
17,41,212
17,42,400
17,43,252
17,45,37
17,46,353
17,47,174
17,48,19
17,50,375
17,51,273
17,52,400
17,54,8
17,55,279
17,56,85
17,57,299
17,60,214
17,61,207
17,64,307
17,67,225
17,69,295
17,71,181
17,73,151
17,77,295
17,80,217
17,82,246
17,84,75
17,85,151
17,86,287
17,88,258
17,92,55
17,93,15
17,94,305
17,95,139
17,97,244
17,99,294
17,100,370
17,105,91
17,106,3
17,107,236
17,111,129
17,112,233
17,114,55
17,119,220
17,121,214
17,127,318
17,131,125
17,133,115
17,134,1
17,136,235
17,139,170
17,142,217
17,145,333
17,149,393
17,150,383
17,153,186
17,156,88
17,157,366
17,158,130
17,160,348
17,170,325
17,179,88
17,186,80
17,187,312
17,188,372
17,189,130
17,196,288
18,1,278
18,2,284
18,3,174
18,4,357
18,5,167
18,6,362
18,7,279
18,10,201
18,11,150
18,12,32
18,13,186
18,14,266
18,17,360
18,19,126
18,21,346
18,22,230
18,25,243
18,27,277
18,28,69
18,29,364
18,30,142
18,32,310
18,35,314
18,37,265
18,38,394
18,39,368
18,40,89
18,42,46
18,43,352
18,44,101
18,45,92
18,46,248
18,48,143
18,51,130
18,52,137
18,53,208
18,54,78
18,55,118
18,56,132
18,57,174
18,58,261
18,60,6
18,61,40
18,62,400
18,63,276
18,64,164
18,66,111
18,67,222
18,69,216
18,70,63
18,72,390
18,73,65
18,74,192
18,76,56
18,77,46
18,78,105
18,79,53
18,80,17
18,82,168
18,83,76
18,84,46
18,85,1
18,86,213
18,89,108
18,90,117
18,92,172
18,93,135
18,94,306
18,96,307
18,98,240
18,100,246
18,102,20
18,103,32
18,105,125
18,108,249
18,111,274
18,117,126
18,120,40
18,123,311
18,124,365
18,125,277
18,126,345
18,129,241
18,133,326
18,136,204
18,137,41
18,139,168
18,142,252
18,143,80
18,144,235
18,145,206
18,147,16
18,148,147
18,149,306
18,150,54
18,151,258
18,157,66
18,162,166
18,165,188
18,166,227
18,172,31
18,175,45
18,176,38
18,177,79
18,181,24
18,183,307
18,185,168
18,187,172
18,190,136
18,191,277
18,194,181
18,195,50
18,196,324
18,197,195
19,1,379
19,2,125
19,3,51
19,4,113
19,5,117
19,6,363
19,8,259
19,9,230
19,11,333
19,12,65
19,13,320
19,14,357
19,15,47
19,18,126
19,20,235
19,22,376
19,23,42
19,24,311
19,26,253
19,29,345
19,30,254
19,31,281
19,33,349
19,34,305
19,35,171
19,38,379
19,39,206
19,40,340
19,42,332
19,43,94
19,46,254
19,47,115
19,49,268
19,50,26
19,51,9
19,54,36
19,56,241
19,58,212
19,60,122
19,61,191
19,62,307
19,64,334
19,66,375
19,67,104
19,68,169
19,70,260
19,71,327
19,72,71
19,73,174
19,76,274
19,77,161
19,78,109
19,81,258
19,82,191
19,83,62
19,84,42
19,86,224
19,87,41
19,88,244
19,90,50
19,91,300
19,92,304
19,101,357
19,102,11
19,103,189
19,104,343
19,105,53
19,108,376
19,110,291
19,111,281
19,112,366
19,113,326
19,114,155
19,118,293
19,131,143
19,132,20
19,133,168
19,135,20
19,137,302
19,140,22
19,142,10
19,144,384
19,145,338
19,146,391
19,149,371
19,151,187
19,154,223
19,156,56
19,158,247
19,159,141
19,170,354
19,171,384
19,173,369
19,178,231
19,180,326
19,182,118
19,186,149
19,187,12
19,189,18
19,197,163
19,200,138
20,2,215
20,4,239
20,5,307
20,6,115
20,7,345
20,9,129
20,10,386
20,11,59
20,15,50
20,16,340
20,19,235
20,23,253
20,26,338
20,27,188
20,28,210
20,29,47
20,31,263
20,32,222
20,34,368
20,36,385
20,37,33
20,39,309
20,41,223
20,43,263
20,45,24
20,46,64
20,47,273
20,48,45
20,49,91
20,51,55
20,52,305
20,53,391
20,54,262
20,55,362
20,57,38
20,58,396
20,60,56
20,61,26
20,62,117
20,63,343
20,65,191
20,66,255
20,67,83
20,68,124
20,69,107
20,70,180
20,72,379
20,74,117
20,76,359
20,77,169
20,79,9
20,80,40
20,81,318
20,82,43
20,83,26
20,84,10
20,85,63
20,87,74
20,88,358
20,89,210
20,92,33
20,93,219
20,94,163
20,95,143
20,97,104
20,98,78
20,99,332
20,100,289
20,103,181
20,104,124
20,105,291
20,106,74
20,109,72
20,110,201
20,113,266
20,114,389
20,115,72
20,117,193
20,118,69
20,120,137
20,121,289
20,123,4
20,127,97
20,128,133
20,132,383
20,133,203
20,134,143
20,135,370
20,138,347
20,140,188
20,141,110
20,142,84
20,143,72
20,147,321
20,151,7
20,153,252
20,156,286
20,158,393
20,166,90
20,167,292
20,173,237
20,182,247
20,186,190
20,191,11
20,192,198
20,199,305
20,200,239
21,1,88
21,2,277
21,4,338
21,5,264
21,6,50
21,7,392
21,9,38
21,10,63
21,11,109
21,12,126
21,13,267
21,15,16
21,16,65
21,17,179
21,18,346
21,22,224
21,24,384
21,26,159
21,28,360
21,29,277
21,30,216
21,33,352
21,34,290
21,35,21
21,36,18
21,37,360
21,38,55
21,39,115
21,40,122
21,41,329
21,42,14
21,43,166
21,44,179
21,45,20
21,46,226
21,49,38
21,51,365
21,53,40
21,55,280
21,56,62
21,57,350
21,58,204
21,61,338
21,62,207
21,63,208
21,64,368
21,69,52
21,71,307
21,74,233
21,75,213
21,76,156
21,77,201
21,78,50
21,80,336
21,81,36
21,82,176
21,83,332
21,88,290
21,89,166
21,91,165
21,92,3
21,93,245
21,94,145
21,95,59
21,96,108
21,98,371
21,101,174
21,103,82
21,104,220
21,106,359
21,107,117
21,109,16
21,111,138
21,120,319
21,121,117
21,122,66
21,123,243
21,124,183
21,125,31
21,126,274
21,131,79
21,132,279
21,135,117
21,136,241
21,140,340
21,146,126
21,149,159
21,150,367
21,154,180
21,156,245
21,159,203
21,160,312
21,163,296
21,164,388
21,166,207
21,167,54
21,170,105
21,175,35
21,176,278
21,177,381
21,179,67
21,181,6
21,182,380
21,184,177
21,189,36
21,191,103
21,192,42
21,193,101
21,195,106
21,198,327
21,200,120
22,1,264
22,2,341
22,3,271
22,5,99
22,6,247
22,7,178
22,9,56
22,11,292
22,12,275
22,13,76
22,14,130
22,15,162
22,18,230
22,19,376
22,21,224
22,23,206
22,25,376
22,27,246
22,28,348
22,31,218
22,32,284
22,35,225
22,36,165
22,37,166
22,39,99
22,42,231
22,43,200
22,45,129
22,46,252
22,50,349
22,51,52
22,54,291
22,56,187
22,57,34
22,58,210
22,59,390
22,60,185
22,61,63
22,62,207
22,63,324
22,64,43
22,65,192
22,67,347
22,68,214
22,69,273
22,70,284
22,71,284
22,73,67
22,74,271
22,76,135
22,78,266
22,79,303
22,82,349
22,87,14
22,89,32
22,90,194
22,91,357
22,92,11
22,93,369
22,94,26
22,95,272
22,96,183
22,98,380
22,99,74
22,101,173
22,102,254
22,103,130
22,104,226
22,105,170
22,106,85
22,108,155
22,109,39
22,111,50
22,112,66
22,114,43
22,116,375
22,119,255
22,120,237
22,123,7
22,127,311
22,129,214
22,130,93
22,132,94
22,134,343
22,136,261
22,138,389
22,141,371
22,146,213
22,149,225
22,150,153
22,152,201
22,154,230
22,157,224
22,159,212
22,160,274
22,164,355
22,165,210
22,166,83
22,168,210
22,176,351
22,178,79
22,179,231
22,183,68
22,185,97
22,189,286
22,196,90
23,1,194
23,2,135
23,5,373
23,7,153
23,9,53
23,13,299
23,14,366
23,15,204
23,17,366
23,19,42
23,20,253
23,22,206
23,24,139
23,25,272
23,26,284
23,27,375
23,29,339
23,30,295
23,31,47
23,32,331
23,33,364
23,34,368
23,35,262
23,36,20
23,37,269
23,38,178
23,39,6
23,40,60
23,42,53
23,43,6
23,44,211
23,45,108
23,46,290
23,47,301
23,48,131
23,49,294
23,51,358
23,52,19
23,53,387
23,54,31
23,58,78
23,59,202
23,61,344
23,62,142
23,64,45
23,69,322
23,71,13
23,72,171
23,73,391
23,75,393
23,77,346
23,80,288
23,82,104
23,85,231
23,86,38
23,89,29
23,91,50
23,95,346
23,97,391
23,98,207
23,99,370
23,100,227
23,101,193
23,102,303
23,104,274
23,105,336
23,107,230
23,108,339
23,109,292
23,113,67
23,115,353
23,116,328
23,117,70
23,123,353
23,124,297
23,125,94
23,127,357
23,129,267
23,132,255
23,133,228
23,136,67
23,138,169
23,139,176
23,144,205
23,146,187
23,151,182
23,152,95
23,155,240
23,158,382
23,159,254
23,160,298
23,161,249
23,165,142
23,168,317
23,169,65
23,172,205
23,173,172
23,175,198
23,181,360
23,182,373
23,183,106
23,195,64
23,199,117
24,1,59
24,2,369
24,3,129
24,4,133
24,8,368
24,9,390
24,10,339
24,11,21
24,12,119
24,13,287
24,15,21
24,16,21
24,19,311
24,21,384
24,23,139
24,26,351
24,29,380
24,31,43
24,32,89
24,33,131
24,34,88
24,37,145
24,40,57
24,42,15
24,43,191
24,44,60
24,45,94
24,46,141
24,47,369
24,48,167
24,50,47
24,51,189
24,54,368
24,55,71
24,56,394
24,57,321
24,59,313
24,61,388
24,63,16
24,64,198
24,65,289
24,66,194
24,67,357
24,70,94
24,73,256
24,75,9
24,78,22
24,79,129
24,81,100
24,82,398
24,84,44
24,85,143
24,86,252
24,87,279
24,88,341
24,89,230
24,92,196
24,93,142
24,94,130
24,97,218
24,101,180
24,109,270
24,112,119
24,113,26
24,114,37
24,115,317
24,119,221
24,121,11
24,123,357
24,126,291
24,128,396
24,132,260
24,133,344
24,135,29
24,136,98
24,137,118
24,138,296
24,141,226
24,142,216
24,146,113
24,147,351
24,148,141
24,150,141
24,152,201
24,154,111
24,155,333
24,161,183
24,163,166
24,164,202
24,166,373
24,168,193
24,169,370
24,171,109
24,173,175
24,174,289
24,175,199
24,179,116
24,180,71
24,186,182
24,187,272
24,188,382
24,190,82
24,192,64
24,194,6
24,200,13
25,2,176
25,3,93
25,4,194
25,6,73
25,7,243
25,9,221
25,10,312
25,12,27
25,13,171
25,14,38
25,15,223
25,17,385
25,18,243
25,22,376
25,23,272
25,26,365
25,27,102
25,33,13
25,34,273
25,36,274
25,41,83
25,43,323
25,44,206
25,46,42
25,47,68
25,48,348
25,50,68
25,52,315
25,53,165
25,57,367
25,58,151
25,60,29
25,61,144
25,63,333
25,65,351
25,66,380
25,67,249
25,68,185
25,69,123
25,71,262
25,73,182
25,74,95
25,75,65
25,79,247
25,81,122
25,85,261
25,86,309
25,89,94
25,90,286
25,93,79
25,94,279
25,95,185
25,96,225
25,98,25
25,104,221
25,106,204
25,107,262
25,108,310
25,109,193
25,111,239
25,112,82
25,113,326
25,115,221
25,122,24
25,123,324
25,124,174
25,125,180
25,127,72
25,130,297
25,133,208
25,134,321
25,135,77
25,138,398
25,141,94
25,143,299
25,148,349
25,152,342
25,154,394
25,156,25
25,161,30
25,164,189
25,166,237
25,171,287
25,174,130
25,177,93
25,178,213
25,179,318
25,182,126
25,183,311
25,184,31
25,194,153
25,197,196
25,199,366
26,5,226
26,7,290
26,8,262
26,10,372
26,12,207
26,13,79
26,14,243
26,15,138
26,16,93
26,19,253
26,20,338
26,21,159
26,23,284
26,24,351
26,25,365
26,27,101
26,29,154
26,32,92
26,38,110
26,39,112
26,41,264
26,42,384
26,44,275
26,45,7
26,47,293
26,48,260
26,49,296
26,50,390
26,51,184
26,52,299
26,53,268
26,54,382
26,55,137
26,57,193
26,58,268
26,59,322
26,60,305
26,61,63
26,62,93
26,64,227
26,66,18
26,68,224
26,71,69
26,72,180
26,73,300
26,74,377
26,77,167
26,78,344
26,79,303
26,82,390
26,83,209
26,84,364
26,91,384
26,92,80
26,93,333
26,94,216
26,96,355
26,97,219
26,98,297
26,99,128
26,101,61
26,106,15
26,107,324
26,108,129
26,109,252
26,112,77
26,113,64
26,117,104
26,119,47
26,120,250
26,123,195
26,125,384
26,128,23
26,129,203
26,131,253
26,132,83
26,133,351
26,134,389
26,136,29
26,139,216
26,141,252
26,143,102
26,145,165
26,147,172
26,150,207
26,151,291
26,153,307
26,155,57
26,173,318
26,174,297
26,179,70
26,180,316
26,181,118
26,183,187
26,185,327
26,187,161
26,189,376
26,192,16
26,193,241
26,197,308
27,1,69
27,2,376
27,5,291
27,6,199
27,7,349
27,8,200
27,10,342
27,11,285
27,12,238
27,18,277
27,20,188
27,22,246
27,23,375
27,25,102
27,26,101
27,30,29
27,31,81
27,32,114
27,33,129
27,34,309
27,35,80
27,36,163
27,38,348
27,40,271
27,41,33
27,45,72
27,47,188
27,48,73
27,49,105
27,50,280
27,51,77
27,53,45
27,55,348
27,58,353
27,59,348
27,60,94
27,61,327
27,64,142
27,65,194
27,66,298
27,67,94
27,70,235
27,71,46
27,74,399
27,75,319
27,76,290
27,77,223
27,78,212
27,79,250
27,80,76
27,82,150
27,83,24
27,86,244
27,87,260
27,89,245
27,92,153
27,93,210
27,94,23
27,95,273
27,96,248
27,97,78
27,98,46
27,100,237
27,104,252
27,106,351
27,108,305
27,112,340
27,119,260
27,121,170
27,123,367
27,126,145
27,127,277
27,129,105
27,130,356
27,131,265
27,132,30
27,134,306
27,135,37
27,136,320
27,137,176
27,139,391
27,140,162
27,141,195
27,143,12
27,144,322
27,147,241
27,152,235
27,154,392
27,155,348
27,164,204
27,167,289
27,170,278
27,171,372
27,175,29
27,176,95
27,177,92
27,179,232
27,191,193
27,194,190
27,196,2
28,1,275
28,2,320
28,3,154
28,10,327
28,11,359
28,12,60
28,13,69
28,16,390
28,17,199
28,18,69
28,20,210
28,21,360
28,22,348
28,29,353
28,30,144
28,31,264
28,32,61
28,34,111
28,36,387
28,38,223
28,39,138
28,40,299
28,44,194
28,45,240
28,46,222
28,48,40
28,51,316
28,52,280
28,53,137
28,54,142
28,56,1
28,58,318
28,60,283
28,65,355
28,67,333
28,68,283
28,70,300
28,71,350
28,72,250
28,73,386
28,75,175
28,76,267
28,77,212
28,79,340
28,81,236
28,82,253
28,83,305
28,84,125
28,87,5
28,88,162
28,89,248
28,90,3
28,92,351
28,94,227
28,96,283
28,98,28
28,99,79
28,102,41
28,104,388
28,105,180
28,108,26
28,110,112
28,112,4
28,116,317
28,117,103
28,119,385
28,120,134
28,121,297
28,122,352
28,124,50
28,127,285
28,129,252
28,130,338
28,134,227
28,135,165
28,136,4
28,137,198
28,138,308
28,140,208
28,141,129
28,143,122
28,145,35
28,148,301
28,150,83
28,151,305
28,152,261
28,153,66
28,155,175
28,156,155
28,158,58
28,164,51
28,167,399
28,168,51
28,169,216
28,170,138
28,171,15
28,172,84
28,179,140
28,181,21
28,182,83
28,188,20
28,192,362
28,194,167
28,195,351
28,197,371
29,1,212
29,2,267
29,3,55
29,5,197
29,7,156
29,9,160
29,10,95
29,11,124
29,12,368
29,13,291
29,15,16
29,17,41
29,18,364
29,19,345
29,20,47
29,21,277
29,23,339
29,24,380
29,26,154
29,28,353
29,30,378
29,33,378
29,36,318
29,37,164
29,38,117
29,40,109
29,41,258
29,43,167
29,44,244
29,45,3
29,48,195
29,49,260
29,50,294
29,51,121
29,52,36
29,55,181
29,58,54
29,62,30
29,65,327
29,66,263
29,67,266
29,69,130
29,71,179
29,72,101
29,74,96
29,75,280
29,76,236
29,77,165
29,78,68
29,79,52
29,80,88
29,81,55
29,82,183
29,83,379
29,85,107
29,86,189
29,87,137
29,88,329
29,90,376
29,91,162
29,93,396
29,94,5
29,95,100
29,97,67
29,98,326
29,99,208
29,100,8
29,101,69
29,104,351
29,106,30
29,107,303
29,113,70
29,115,43
29,116,1
29,120,94
29,124,246
29,125,330
29,126,334
29,130,144
29,132,206
29,133,44
29,135,307
29,138,374
29,139,232
29,140,272
29,141,289
29,142,399
29,144,274
29,148,105
29,149,207
29,150,260
29,153,336
29,155,138
29,160,300
29,164,215
29,165,45
29,180,195
29,188,196
29,190,151
29,195,156
29,198,59
29,199,175
30,1,328
30,2,195
30,4,379
30,5,85
30,6,320
30,7,75
30,8,82
30,9,276
30,11,227
30,13,157
30,16,252
30,17,23
30,18,142
30,19,254
30,21,216
30,23,295
30,27,29
30,28,144
30,29,378
30,31,318
30,33,66
30,34,47
30,36,129
30,37,379
30,38,101
30,39,339
30,40,328
30,41,340
30,43,371
30,44,45
30,45,353
30,46,211
30,49,18
30,54,32
30,55,258
30,56,94
30,57,57
30,58,367
30,59,51
30,60,84
30,61,301
30,62,315
30,64,132
30,67,283
30,69,321
30,70,400
30,71,208
30,74,33
30,76,222
30,78,235
30,79,250
30,81,215
30,82,78
30,86,312
30,87,158
30,89,62
30,92,298
30,93,295
30,94,276
30,97,320
30,100,61
30,101,322
30,103,258
30,104,175
30,105,198
30,106,2
30,107,70
30,110,232
30,111,288
30,112,310
30,114,172
30,115,219
30,116,207
30,117,287
30,118,34
30,119,127
30,120,314
30,123,289
30,124,305
30,126,262
30,130,48
30,138,268
30,141,205
30,144,240
30,146,270
30,150,90
30,151,168
30,152,217
30,153,162
30,155,7
30,156,255
30,159,299
30,160,129
30,161,150
30,165,327
30,166,265
30,171,324
30,177,152
30,187,244
30,189,327
30,190,69
30,192,161
30,198,50
30,200,271
31,3,35
31,5,13
31,6,60
31,7,330
31,8,192
31,9,146
31,11,292
31,13,242
31,14,22
31,15,169
31,16,44
31,17,98
31,19,281
31,20,263
31,22,218
31,23,47
31,24,43
31,27,81
31,28,264
31,30,318
31,32,182
31,33,400
31,35,6
31,36,395
31,37,382
31,38,388
31,39,369
31,40,119
31,42,121
31,43,250
31,44,91
31,45,128
31,47,136
31,48,218
31,50,60
31,52,40
31,53,101
31,54,34
31,59,268
31,65,5
31,67,159
31,69,271
31,70,134
31,73,150
31,77,240
31,80,12
31,86,211
31,87,164
31,88,324
31,89,314
31,92,113
31,95,47
31,96,387
31,98,98
31,99,136
31,103,83
31,106,30
31,109,326
31,110,105
31,114,101
31,115,226
31,116,316
31,120,208
31,129,371
31,135,332
31,137,46
31,138,166
31,140,114
31,147,342
31,150,316
31,153,60
31,155,14
31,158,229
31,160,344
31,161,246
31,162,62
31,164,335
31,167,210
31,169,165
31,176,46
31,177,223
31,180,123
31,182,94
31,183,209
31,184,365
31,185,73
31,187,148
31,193,386
31,199,89
32,1,390
32,2,190
32,3,101
32,5,137
32,7,374
32,8,351
32,10,203
32,11,111
32,12,82
32,13,200
32,14,153
32,15,136
32,16,78
32,17,248
32,18,310
32,20,222
32,22,284
32,23,331
32,24,89
32,26,92
32,27,114
32,28,61
32,31,182
32,33,292
32,35,102
32,36,25
32,37,243
32,38,86
32,42,5
32,43,361
32,45,391
32,46,394
32,48,66
32,50,138
32,52,7
32,55,17
32,57,88
32,58,150
32,59,257
32,61,175
32,62,366
32,67,220
32,68,299
32,69,345
32,70,353
32,71,304
32,73,146
32,74,26
32,76,306
32,79,353
32,80,335
32,81,330
32,82,88
32,83,82
32,88,301
32,89,54
32,90,396
32,91,112
32,97,262
32,98,7
32,99,199
32,101,52
32,105,341
32,106,394
32,108,191
32,109,260
32,111,23
32,116,169
32,119,385
32,120,72
32,122,263
32,123,263
32,126,150
32,129,119
32,130,68
32,132,90
32,134,400
32,140,384
32,142,60
32,143,209
32,145,344
32,148,239
32,149,308
32,150,365
32,152,42
32,155,378
32,157,187
32,162,332
32,164,316
32,165,219
32,166,110
32,170,122
32,171,132
32,173,226
32,178,341
32,180,332
32,185,249
32,189,294
32,190,241
33,3,355
33,4,286
33,5,313
33,6,77
33,8,151
33,9,73
33,12,235
33,13,196
33,14,251
33,15,375
33,19,349
33,21,352
33,23,364
33,24,131
33,25,13
33,27,129
33,29,378
33,30,66
33,31,400
33,32,292
33,34,376
33,35,376
33,37,151
33,39,126
33,41,94
33,42,48
33,44,206
33,45,179
33,46,386
33,48,146
33,49,39
33,50,66
33,52,55
33,53,338
33,54,203
33,55,245
33,56,323
33,57,128
33,59,344
33,60,152
33,61,143
33,65,242
33,66,212
33,67,139
33,69,379
33,70,158
33,71,321
33,73,197
33,75,260
33,76,168
33,77,262
33,78,237
33,81,183
33,83,35
33,84,112
33,86,327
33,87,144
33,90,46
33,91,119
33,93,257
33,94,1
33,95,315
33,96,350
33,99,206
33,101,230
33,102,130
33,106,399
33,108,150
33,110,119
33,111,269
33,112,326
33,113,258
33,115,227
33,116,237
33,117,234
33,118,84
33,119,391
33,120,375
33,124,211
33,126,386
33,128,167
33,129,120
33,131,387
33,138,209
33,141,29
33,142,382
33,143,239
33,146,382
33,148,331
33,151,53
33,153,28
33,156,385
33,165,103
33,166,281
33,167,138
33,172,82
33,179,48
33,185,118
33,186,198
33,187,78
33,188,369
33,189,206
33,191,293
33,192,296
33,196,306
33,199,136
33,200,382
34,1,188
34,2,47
34,4,285
34,7,385
34,8,164
34,9,59
34,11,266
34,12,161
34,14,203
34,15,13
34,16,294
34,17,370
34,19,305
34,20,368
34,21,290
34,23,368
34,24,88
34,25,273
34,27,309
34,28,111
34,30,47
34,33,376
34,35,330
34,37,320
34,39,285
34,40,276
34,44,323
34,45,84
34,46,16
34,47,24
34,48,345
34,49,340
34,50,269
34,54,239
34,55,300
34,56,385
34,57,234
34,58,295
34,59,384
34,61,52
34,62,202
34,63,319
34,64,81
34,65,327
34,66,149
34,67,273
34,68,326
34,71,215
34,73,10
34,74,182
34,76,239
34,79,208
34,80,314
34,81,136
34,82,367
34,86,96
34,87,240
34,89,172
34,90,167
34,93,129
34,94,148
34,96,239
34,97,259
34,98,275
34,100,9
34,102,266
34,104,152
34,105,168
34,108,302
34,110,319
34,111,42
34,112,1
34,119,337
34,122,371
34,123,268
34,127,158
34,131,221
34,135,79
34,136,379
34,138,31
34,142,347
34,143,288
34,144,39
34,145,354
34,148,208
34,151,303
34,157,88
34,158,162
34,159,59
34,160,323
34,162,124
34,163,167
34,166,196
34,168,341
34,169,12
34,170,232
34,171,201
34,172,17
34,173,47
34,175,50
34,176,158
34,181,322
34,182,26
34,184,178
34,187,378
34,191,372
34,197,25
35,1,264
35,3,223
35,4,189
35,6,221
35,7,84
35,10,189
35,11,97
35,12,14
35,13,285
35,14,390
35,15,199
35,16,104
35,17,14
35,18,314
35,19,171
35,21,21
35,22,225
35,23,262
35,27,80
35,31,6
35,32,102
35,33,376
35,34,330
35,36,352
35,37,27
35,38,33
35,39,55
35,40,107
35,41,211
35,42,155
35,43,98
35,44,208
35,45,353
35,46,245
35,47,392
35,48,126
35,49,310
35,50,83
35,52,146
35,55,387
35,56,242
35,58,358
35,59,323
35,60,147
35,62,159
35,63,285
35,64,261
35,71,209
35,72,382
35,73,379
35,74,348
35,76,363
35,79,199
35,80,63
35,82,278
35,84,383
35,86,217
35,89,177
35,91,39
35,92,296
35,93,219
35,96,28
35,99,72
35,102,247
35,103,146
35,104,212
35,107,48
35,108,158
35,110,354
35,111,171
35,113,152
35,115,358
35,119,265
35,120,244
35,122,342
35,124,368
35,125,386
35,126,286
35,127,159
35,129,318
35,132,308
35,133,234
35,135,353
35,140,10
35,144,340
35,146,329
35,147,56
35,150,18
35,158,285
35,162,115
35,166,395
35,169,180
35,170,74
35,175,266
35,178,281
35,179,375
35,180,278
35,184,2
35,187,222
35,191,338
36,3,284
36,4,66
36,5,113
36,6,130
36,10,17
36,13,341
36,15,337
36,16,11
36,17,82
36,20,385
36,21,18
36,22,165
36,23,20
36,25,274
36,27,163
36,28,387
36,29,318
36,30,129
36,31,395
36,32,25
36,35,352
36,37,207
36,40,38
36,41,216
36,42,169
36,43,12
36,44,262
36,46,250
36,48,264
36,51,387
36,52,77
36,55,231
36,56,192
36,57,290
36,58,351
36,59,342
36,61,252
36,63,199
36,64,188
36,65,108
36,67,357
36,68,192
36,69,94
36,71,247
36,72,276
36,76,173
36,77,239
36,78,259
36,79,161
36,81,300
36,82,290
36,83,296
36,84,362
36,85,338
36,86,213
36,87,142
36,91,147
36,92,92
36,95,2
36,97,247
36,100,33
36,101,229
36,102,224
36,104,115
36,105,181
36,106,344
36,109,156
36,114,155
36,117,137
36,118,211
36,119,89
36,120,72
36,121,42
36,122,190
36,126,166
36,127,173
36,134,312
36,135,185
36,139,99
36,142,112
36,146,55
36,149,222
36,150,234
36,151,172
36,152,320
36,154,22
36,155,49
36,162,174
36,167,203
36,170,85
36,177,158
36,182,26
36,185,393
36,192,118
36,199,175
37,1,209
37,2,179
37,4,125
37,5,226
37,8,170
37,9,184
37,10,268
37,14,298
37,15,293
37,16,347
37,18,265
37,20,33
37,21,360
37,22,166
37,23,269
37,24,145
37,29,164
37,30,379
37,31,382
37,32,243
37,33,151
37,34,320
37,35,27
37,36,207
37,38,193
37,42,5
37,43,136
37,45,76
37,47,202
37,50,114
37,51,44
37,52,216
37,53,298
37,54,108
37,56,376
37,58,288
37,59,55
37,60,186
37,61,264
37,62,387
37,63,154
37,64,66
37,66,125
37,67,56
37,69,323
37,70,60
37,71,391
37,73,92
37,74,269
37,75,35
37,78,236
37,82,300
37,83,83
37,84,206
37,86,354
37,87,171
37,89,266
37,91,385
37,97,182
37,99,380
37,102,216
37,105,244
37,108,216
37,113,54
37,114,235
37,115,254
37,116,61
37,118,154
37,119,354
37,121,387
37,122,334
37,123,42
37,124,192
37,125,260
37,128,67
37,130,331
37,133,204
37,136,201
37,137,288
37,143,29
37,146,358
37,148,62
37,149,265
37,150,69
37,155,3
37,159,340
37,162,52
37,165,185
37,168,90
37,169,21
37,170,280
37,172,400
37,175,176
37,177,223
37,184,252
37,188,81
37,189,118
37,190,379
37,191,215
38,3,348
38,4,302
38,5,134
38,7,219
38,8,40
38,9,197
38,10,240
38,11,94
38,12,290
38,14,214
38,18,394
38,19,379
38,21,55
38,23,178
38,26,110
38,27,348
38,28,223
38,29,117
38,30,101
38,31,388
38,32,86
38,35,33
38,37,193
38,39,235
38,42,349
38,43,248
38,44,41
38,45,361
38,47,32
38,48,179
38,50,101
38,51,388
38,52,294
38,53,233
38,54,67
38,55,272
38,56,290
38,57,76
38,58,212
38,59,272
38,61,109
38,62,26
38,66,12
38,68,202
38,70,356
38,71,217
38,73,128
38,74,53
38,77,264
38,78,52
38,81,79
38,82,186
38,86,289
38,87,293
38,88,79
38,90,78
38,94,76
38,97,65
38,98,367
38,99,147
38,100,279
38,101,142
38,102,34
38,103,123
38,104,311
38,105,167
38,109,147
38,110,105
38,113,10
38,118,348
38,120,351
38,121,105
38,128,219
38,129,3
38,130,341
38,135,300
38,138,14
38,139,304
38,140,185
38,143,375
38,151,24
38,153,122
38,156,315
38,157,128
38,172,244
38,173,117
38,175,95
38,176,122
38,178,276
38,183,378
38,185,63
38,186,208
38,188,378
38,192,390
38,195,203
38,198,310
39,2,62
39,3,380
39,4,95
39,5,9
39,7,90
39,9,124
39,10,308
39,11,385
39,12,285
39,13,139
39,14,148
39,15,327
39,17,250
39,18,368
39,19,206
39,20,309
39,21,115
39,22,99
39,23,6
39,26,112
39,28,138
39,30,339
39,31,369
39,33,126
39,34,285
39,35,55
39,38,235
39,41,169
39,42,111
39,43,296
39,45,178
39,47,33
39,50,375
39,51,308
39,53,44
39,55,89
39,57,93
39,58,324
39,60,39
39,62,31
39,63,262
39,64,97
39,65,203
39,66,73
39,67,99
39,68,396
39,69,167
39,70,379
39,72,171
39,77,334
39,79,218
39,80,111
39,83,33
39,85,100
39,86,329
39,88,312
39,89,106
39,92,214
39,93,166
39,94,213
39,99,58
39,100,211
39,103,258
39,104,33
39,107,132
39,108,205
39,113,385
39,114,295
39,116,397
39,117,19
39,118,53
39,119,106
39,120,343
39,126,271
39,128,159
39,130,185
39,131,392
39,132,297
39,133,5
39,134,94
39,135,213
39,136,184
39,139,359
39,140,33
39,141,20
39,142,72
39,145,29
39,149,328
39,154,177
39,155,223
39,157,210
39,159,166
39,161,210
39,162,276
39,167,312
39,168,152
39,174,295
39,175,245
39,182,398
39,188,64
39,189,131
39,194,297
39,197,123
39,199,276
40,2,42
40,4,52
40,7,377
40,8,243
40,9,153
40,11,245
40,12,324
40,14,221
40,15,201
40,16,196
40,17,186
40,18,89
40,19,340
40,21,122
40,23,60
40,24,57
40,27,271
40,28,299
40,29,109
40,30,328
40,31,119
40,34,276
40,35,107
40,36,38
40,41,299
40,42,5
40,43,8
40,44,53
40,46,7
40,47,47
40,48,50
40,49,244
40,52,260
40,54,244
40,55,140
40,56,63
40,57,10
40,58,34
40,60,56
40,61,178
40,62,370
40,63,162
40,65,354
40,67,25
40,68,219
40,69,9
40,70,86
40,71,376
40,72,373
40,75,318
40,77,209
40,81,182
40,82,109
40,84,73
40,85,397
40,86,146
40,88,140
40,89,288
40,90,44
40,93,283
40,95,180
40,99,285
40,101,53
40,102,179
40,103,141
