source,target,weight
1,2,28
1,3,130
1,5,94
1,6,24
1,7,207
1,10,201
1,11,201
1,12,68
1,13,325
1,15,124
1,16,198
1,20,359
1,21,217
1,22,12
1,24,130
1,25,122
1,29,293
1,30,175
1,31,367
1,32,15
1,35,198
1,36,162
1,37,270
1,42,363
1,44,148
1,46,92
1,48,353
1,49,358
1,50,336
1,53,21
1,54,44
1,57,115
1,58,206
1,60,343
1,62,236
1,65,130
1,66,141
1,68,258
1,69,118
1,71,35
1,72,337
1,73,244
1,75,292
1,76,63
1,78,72
1,80,197
1,82,131
1,84,87
1,89,140
1,92,200
1,95,265
1,97,216
1,100,281
1,104,260
1,105,211
1,108,99
1,118,76
1,121,180
1,126,221
1,129,187
1,133,151
1,134,215
1,139,134
1,145,196
1,147,283
1,149,142
1,152,382
1,154,60
1,158,214
1,164,394
1,169,264
1,170,329
1,171,159
1,176,109
1,182,19
1,188,209
2,1,28
2,3,273
2,4,4
2,5,218
2,6,232
2,7,13
2,8,229
2,9,99
2,10,150
2,11,104
2,12,46
2,16,115
2,18,149
2,19,280
2,20,260
2,21,16
2,23,202
2,24,21
2,25,276
2,26,220
2,27,5
2,28,277
2,29,338
2,31,159
2,32,257
2,34,370
2,37,242
2,38,73
2,39,339
2,40,299
2,42,267
2,43,3
2,44,168
2,47,359
2,49,313
2,50,351
2,52,315
2,53,396
2,57,45
2,60,136
2,63,344
2,66,129
2,68,294
2,70,11
2,71,277
2,73,91
2,75,203
2,77,78
2,81,327
2,85,213
2,87,120
2,88,400
2,89,136
2,91,262
2,99,36
2,100,100
2,102,356
2,103,241
2,109,222
2,112,90
2,113,131
2,114,177
2,119,207
2,133,397
2,140,341
2,150,209
2,155,250
2,167,216
2,170,395
2,172,63
2,174,98
2,175,201
2,185,256
2,188,72
2,193,194
3,1,130
3,2,273
3,4,78
3,7,70
3,8,7
3,12,27
3,13,214
3,15,399
3,17,62
3,18,7
3,19,357
3,20,327
3,22,40
3,23,341
3,25,171
3,26,358
3,27,327
3,31,25
3,34,181
3,36,361
3,37,321
3,39,271
3,40,25
3,43,165
3,44,216
3,46,204
3,47,132
3,50,326
3,53,379
3,54,275
3,56,252
3,57,362
3,58,43
3,59,172
3,60,399
3,62,66
3,64,5
3,65,145
3,66,164
3,67,21
3,68,389
3,75,244
3,83,100
3,87,364
3,92,277
3,93,393
3,94,89
3,104,221
3,110,171
3,112,398
3,113,116
3,118,221
3,121,365
3,123,207
3,127,191
3,128,262
3,130,382
3,131,210
3,133,113
3,134,305
3,135,178
3,136,378
3,138,142
3,140,350
3,147,78
3,150,300
3,151,248
3,152,374
3,157,24
3,162,399
3,170,114
3,174,103
3,179,111
3,184,48
3,192,272
3,197,368
3,199,8
4,2,4
4,3,78
4,5,380
4,6,192
4,7,45
4,8,47
4,9,58
4,10,15
4,11,26
4,12,21
4,14,10
4,17,319
4,19,358
4,20,56
4,22,316
4,23,312
4,26,9
4,27,44
4,29,59
4,31,302
4,33,235
4,34,210
4,35,63
4,36,160
4,38,399
4,39,254
4,42,117
4,46,99
4,47,150
4,49,183
4,51,352
4,52,273
4,53,166
4,55,195
4,58,399
4,59,239
4,60,71
4,61,254
4,63,397
4,65,82
4,66,364
4,79,268
4,81,252
4,84,387
4,86,198
4,87,175
4,91,141
4,96,97
4,98,243
4,101,220
4,103,388
4,104,220
4,107,8
4,108,109
4,109,207
4,110,281
4,111,197
4,119,394
4,122,334
4,126,22
4,129,103
4,135,267
4,136,187
4,141,53
4,145,176
4,147,148
4,154,367
4,157,278
4,160,113
4,168,91
4,169,44
4,171,330
4,172,200
4,173,258
4,177,246
4,178,218
4,182,359
4,183,212
4,193,253
4,194,125
5,1,94
5,2,218
5,4,380
5,6,98
5,7,87
5,8,293
5,9,278
5,10,225
5,11,12
5,12,377
5,13,203
5,15,279
5,16,400
5,17,6
5,18,234
5,19,36
5,21,118
5,23,191
5,24,303
5,25,234
5,28,209
5,30,237
5,31,289
5,32,251
5,33,106
5,34,134
5,37,317
5,38,311
5,40,7
5,41,239
5,47,150
5,48,54
5,49,333
5,53,99
5,54,11
5,56,214
5,57,56
5,58,132
5,61,368
5,64,301
5,65,159
5,72,386
5,76,388
5,80,119
5,82,372
5,83,322
5,87,91
5,92,376
5,94,205
5,96,349
5,99,190
5,102,45
5,107,66
5,110,6
5,113,235
5,114,295
5,117,246
5,122,275
5,126,70
5,130,310
5,133,106
5,136,179
5,145,67
5,150,283
5,152,176
5,155,32
5,163,255
5,167,121
5,175,18
5,180,282
5,191,124
6,1,24
6,2,232
6,4,192
6,5,98
6,7,102
6,9,179
6,10,158
6,12,25
6,14,237
6,15,254
6,16,160
6,17,238
6,18,122
6,19,167
6,21,135
6,22,347
6,23,110
6,24,67
6,25,91
6,26,162
6,27,109
6,32,73
6,33,121
6,34,47
6,35,326
6,36,139
6,37,131
6,38,63
6,39,374
6,41,142
6,42,121
6,43,397
6,46,154
6,48,19
6,49,22
6,50,252
6,52,129
6,54,39
6,57,373
6,59,148
6,60,281
6,62,46
6,65,22
6,66,135
6,68,223
6,69,307
6,70,71
6,73,293
6,74,60
6,79,306
6,83,256
6,84,187
6,86,68
6,93,238
6,95,264
6,96,252
6,98,131
6,102,18
6,103,243
6,104,366
6,112,20
6,116,347
6,123,163
6,126,196
6,128,161
6,135,250
6,155,399
6,159,139
6,160,168
6,168,48
6,178,141
6,181,339
6,186,94
6,187,341
6,197,76
7,1,207
7,2,13
7,3,70
7,4,45
7,5,87
7,6,102
7,8,9
7,10,321
7,11,166
7,12,187
7,13,263
7,15,84
7,16,347
7,17,119
7,20,164
7,23,157
7,24,27
7,25,218
7,26,64
7,27,230
7,28,267
7,29,200
7,31,221
7,32,100
7,34,282
7,35,33
7,36,277
7,37,211
7,38,202
7,40,329
7,41,281
7,42,314
7,43,399
7,44,282
7,45,304
7,47,18
7,49,59
7,53,335
7,56,215
7,58,163
7,59,56
7,60,94
7,61,362
7,67,241
7,68,98
7,69,315
7,72,315
7,73,184
7,78,349
7,79,240
7,85,213
7,86,339
7,88,4
7,89,194
7,91,150
7,93,237
7,94,2
7,101,310
7,109,62
7,113,383
7,116,391
7,123,81
7,129,302
7,133,86
7,135,384
7,146,374
7,150,40
7,158,185
7,159,47
7,160,242
7,165,394
7,169,27
7,173,200
7,175,393
7,181,3
7,189,335
8,2,229
8,3,7
8,4,47
8,5,293
8,7,9
8,9,201
8,10,321
8,12,126
8,14,370
8,15,187
8,21,87
8,22,206
8,23,61
8,25,38
8,26,83
8,27,244
8,28,9
8,29,384
8,30,365
8,31,98
8,32,178
8,34,255
8,35,89
8,36,71
8,37,79
8,38,137
8,39,62
8,40,284
8,41,283
8,44,132
8,45,104
8,46,373
8,48,26
8,50,86
8,52,362
8,53,383
8,55,277
8,56,149
8,58,210
8,59,315
8,60,340
8,61,377
8,62,249
8,63,245
8,66,252
8,68,290
8,70,381
8,72,176
8,73,219
8,74,42
8,75,184
8,77,340
8,79,400
8,80,133
8,82,351
8,86,64
8,87,386
8,88,221
8,89,17
8,90,29
8,94,21
8,95,242
8,97,212
8,98,50
8,100,330
8,102,81
8,104,373
8,108,381
8,111,371
8,113,241
8,115,251
8,116,229
8,120,65
8,127,200
8,132,231
8,134,382
8,138,179
8,139,378
8,141,319
8,152,207
8,155,234
8,158,125
8,160,374
8,161,240
8,183,390
8,184,83
8,192,318
8,193,236
8,194,12
9,2,99
9,4,58
9,5,278
9,6,179
9,8,201
9,10,387
9,11,60
9,13,279
9,15,151
9,17,238
9,19,245
9,20,299
9,24,316
9,26,137
9,29,225
9,30,137
9,31,171
9,32,110
9,33,81
9,34,374
9,36,322
9,40,123
9,42,378
9,43,371
9,45,45
9,47,97
9,48,47
9,49,364
9,50,316
9,51,203
9,52,34
9,54,200
9,55,18
9,57,33
9,61,9
9,67,275
9,70,332
9,73,48
9,74,352
9,80,234
9,81,390
9,82,158
9,84,166
9,87,229
9,88,81
9,89,328
9,90,200
9,92,190
9,93,16
9,94,261
9,95,236
9,101,225
9,103,290
9,105,37
9,106,106
9,109,365
9,111,246
9,112,279
9,118,81
9,119,110
9,120,158
9,125,365
9,132,140
9,135,261
9,139,179
9,143,290
9,146,74
9,157,209
9,158,104
9,161,241
9,163,399
9,164,162
9,166,257
9,172,323
9,189,306
9,190,187
9,191,247
9,192,143
9,194,220
9,196,149
9,200,225
10,1,201
10,2,150
10,4,15
10,5,225
10,6,158
10,7,321
10,8,321
10,9,387
10,11,110
10,13,203
10,14,83
10,16,305
10,18,174
10,19,191
10,20,222
10,21,109
10,22,56
10,23,188
10,24,284
10,26,230
10,28,78
10,29,103
10,30,132
10,31,376
10,32,354
10,33,268
10,34,97
10,35,47
10,38,254
10,40,168
10,41,356
10,42,59
10,45,80
10,51,265
10,52,187
10,53,158
10,57,224
10,59,304
10,60,118
10,63,158
10,65,52
10,67,391
10,71,148
10,72,361
10,73,351
10,74,129
10,75,109
10,76,250
10,79,214
10,81,30
10,82,214
10,83,52
10,85,296
10,86,290
10,88,275
10,93,141
10,96,384
10,97,88
10,102,219
10,109,166
10,122,353
10,127,203
10,135,16
10,136,289
10,140,105
10,142,294
10,154,347
10,157,246
10,159,191
10,164,1
10,171,259
10,172,147
10,175,393
10,176,245
10,178,286
10,187,4
10,190,335
10,200,390
11,1,201
11,2,104
11,4,26
11,5,12
11,7,166
11,9,60
11,10,110
11,14,127
11,16,161
11,18,243
11,19,353
11,20,249
11,21,384
11,22,40
11,25,176
11,27,86
11,30,18
11,35,337
11,37,146
11,38,362
11,40,245
11,41,46
11,42,308
11,43,38
11,45,336
11,46,120
11,47,67
11,48,312
11,51,11
11,53,69
11,55,167
11,57,10
11,61,89
11,63,228
11,64,49
11,65,147
11,66,337
11,67,45
11,70,51
11,72,89
11,76,78
11,78,372
11,80,374
11,85,83
11,87,136
11,88,267
11,89,270
11,90,315
11,91,211
11,93,83
11,94,245
11,95,165
11,98,91
11,102,3
11,104,42
11,105,51
11,115,135
11,116,128
11,121,64
11,124,325
11,126,30
11,128,161
11,129,253
11,131,362
11,132,282
11,133,224
11,140,395
11,142,273
11,143,369
11,146,267
11,155,50
11,159,6
11,161,397
11,165,14
11,170,342
11,173,96
11,175,334
11,180,23
11,189,157
11,199,151
12,1,68
12,2,46
12,3,27
12,4,21
12,5,377
12,6,25
12,7,187
12,8,126
12,14,152
12,16,215
12,17,298
12,18,275
12,19,99
12,20,359
12,21,141
12,22,61
12,24,146
12,25,11
12,26,269
12,28,260
12,30,91
12,32,253
12,33,96
12,34,17
12,35,251
12,36,315
12,37,394
12,38,330
12,39,209
12,40,231
12,41,167
12,45,343
12,48,362
12,50,335
12,52,276
12,53,35
12,54,49
12,56,118
12,58,22
12,65,367
12,66,383
12,71,261
12,72,351
12,74,1
12,75,223
12,77,241
12,83,347
12,87,373
12,99,64
12,102,260
12,106,78
12,107,259
12,108,92
12,115,236
12,118,302
12,120,251
12,121,276
12,122,366
12,124,376
12,129,35
12,136,210
12,139,389
12,141,85
12,144,90
12,145,302
12,149,361
12,150,3
12,153,169
12,158,67
12,160,250
12,165,148
12,178,269
12,182,347
12,189,240
13,1,325
13,3,214
13,5,203
13,7,263
13,9,279
13,10,203
13,14,132
13,15,25
13,16,330
13,17,15
13,18,325
13,20,73
13,21,92
13,25,323
13,28,323
13,29,104
13,30,28
13,32,387
13,33,281
13,34,281
13,36,33
13,37,44
13,38,3
13,41,318
13,42,98
13,43,190
13,44,80
13,47,287
13,48,288
13,50,68
13,52,359
13,53,334
13,54,102
13,56,312
13,58,35
13,59,268
13,63,306
13,64,187
13,65,304
13,69,28
13,73,83
13,75,74
13,79,7
13,82,370
13,84,180
13,85,147
13,87,292
13,88,306
13,89,343
13,92,326
13,99,369
13,104,329
13,113,287
13,114,16
13,129,283
13,130,260
13,138,174
13,141,190
13,143,379
13,144,4
13,161,80
13,162,198
13,163,91
13,165,151
13,166,266
13,167,141
13,168,207
13,171,69
13,173,39
13,179,124
13,180,1
13,183,282
13,186,357
13,194,365
13,196,272
14,4,10
14,6,237
14,8,370
14,10,83
14,11,127
14,12,152
14,13,132
14,15,287
14,16,55
14,17,58
14,18,384
14,20,349
14,21,303
14,22,35
14,24,159
14,25,345
14,26,353
14,29,118
14,30,51
14,32,307
14,33,216
14,34,101
14,35,108
14,36,313
14,38,389
14,39,259
14,41,341
14,43,264
14,44,219
14,45,35
14,46,210
14,47,100
14,48,125
14,50,48
14,52,8
14,54,345
14,55,385
14,56,148
14,59,342
14,64,17
14,65,15
14,66,339
14,67,14
14,68,72
14,69,202
14,71,329
14,73,112
14,74,82
14,77,151
14,78,71
14,80,176
14,81,378
14,82,245
14,85,198
14,87,104
14,92,244
14,94,134
14,98,284
14,102,1
14,103,193
14,105,136
14,111,163
14,114,267
14,117,278
14,120,280
14,124,170
14,127,75
14,128,290
14,133,262
14,137,307
14,146,57
14,148,344
14,152,68
14,155,157
14,161,295
14,162,310
14,165,112
14,173,54
14,175,36
14,180,361
14,181,104
14,182,373
14,187,131
14,188,268
14,189,246
14,190,160
14,193,345
14,195,93
15,1,124
15,3,399
15,5,279
15,6,254
15,7,84
15,8,187
15,9,151
15,13,25
15,14,287
15,16,130
15,17,7
15,18,241
15,23,378
15,24,193
15,25,31
15,26,325
15,28,182
15,29,63
15,30,1
15,31,82
15,32,166
15,33,86
15,35,172
15,38,157
15,43,136
15,45,111
15,46,228
15,48,81
15,50,246
15,51,400
15,52,382
15,53,273
15,54,294
15,55,351
15,57,128
15,59,348
15,61,298
15,62,305
15,69,147
15,70,320
15,73,159
15,74,151
15,75,167
15,76,172
15,77,399
15,79,242
15,81,85
15,83,76
15,84,241
15,88,337
15,89,341
15,94,232
15,97,317
15,99,378
15,100,161
15,102,161
15,103,216
15,107,263
15,108,284
15,117,134
15,122,10
15,127,25
15,128,322
15,129,86
15,132,190
15,138,94
15,142,237
15,143,51
15,149,165
15,151,272
15,166,331
15,184,62
15,185,387
15,197,186
15,199,87
15,200,64
16,1,198
16,2,115
16,5,400
16,6,160
16,7,347
16,10,305
16,11,161
16,12,215
16,13,330
16,14,55
16,15,130
16,18,246
16,20,181
16,21,380
16,22,237
16,23,369
16,24,245
16,25,47
16,26,366
16,28,389
16,29,268
16,31,18
16,33,77
16,34,4
16,35,391
16,36,177
16,37,309
16,38,292
16,39,208
16,40,282
16,41,131
16,42,103
16,43,143
16,45,255
16,47,354
16,48,272
16,51,5
16,52,351
16,53,302
16,54,303
16,55,262
16,57,346
16,58,251
16,61,24
16,67,165
16,68,69
16,69,1
16,70,56
16,73,155
16,75,62
16,76,59
16,78,79
16,80,275
16,83,383
16,84,276
16,85,281
16,91,131
16,93,159
16,94,85
16,98,301
16,103,12
16,105,38
16,107,60
16,109,374
16,113,214
16,115,89
16,123,271
16,124,374
16,127,220
16,130,380
16,132,113
16,134,23
16,148,388
16,150,110
16,155,250
16,156,278
16,168,213
16,172,208
16,174,18
16,175,200
16,177,373
16,181,268
16,192,112
17,3,62
17,4,319
17,5,6
17,6,238
17,7,119
17,9,238
17,12,298
17,13,15
17,14,58
17,15,7
17,18,392
17,19,239
17,20,314
17,21,352
17,27,158
17,28,16
17,30,166
17,31,336
17,32,149
17,33,396
17,34,63
17,35,337
17,36,255
17,38,235
17,40,1
17,43,347
17,44,350
17,47,362
17,48,90
17,52,184
17,54,269
17,55,257
17,58,395
17,61,157
17,63,32
17,66,143
17,67,69
17,70,256
17,71,296
17,72,97
17,73,371
17,77,30
17,79,118
17,88,224
17,91,144
17,92,232
17,95,250
17,100,325
17,101,55
17,105,132
17,107,97
17,109,6
17,118,115
17,120,59
17,121,265
17,123,337
17,127,329
17,130,307
17,139,152
17,144,290
17,149,58
17,152,15
17,157,42
17,163,121
17,164,120
17,176,192
17,184,250
17,187,215
17,188,128
17,197,379
17,198,205
18,2,149
18,3,7
18,5,234
18,6,122
18,10,174
18,11,243
18,12,275
18,13,325
18,14,384
18,15,241
18,16,246
18,17,392
18,19,101
18,21,325
18,22,320
18,25,59
18,27,237
18,28,278
18,30,347
18,35,204
18,36,32
18,38,343
18,39,297
18,41,22
18,42,156
18,43,281
18,45,102
18,46,304
18,47,317
18,51,65
18,52,214
18,53,93
18,54,8
18,55,384
18,58,267
18,61,3
18,62,27
18,63,326
18,64,217
18,65,100
18,71,106
18,72,374
18,73,282
18,79,23
18,82,400
18,89,217
18,96,258
18,100,34
18,101,99
18,104,296
18,105,95
18,107,57
18,109,257
18,110,98
18,115,25
18,117,172
18,122,226
18,124,390
18,126,219
18,130,259
18,138,71
18,143,35
18,144,278
18,145,80
18,147,103
18,150,313
18,151,52
18,154,197
18,159,190
18,163,21
18,172,178
18,176,279
18,177,399
18,180,110
18,183,378
18,187,266
19,2,280
19,3,357
19,4,358
19,5,36
19,6,167
19,9,245
19,10,191
19,11,353
19,12,99
19,17,239
19,18,101
19,20,158
19,21,202
19,22,348
19,25,208
19,27,3
19,28,368
19,33,33
19,34,137
19,36,382
19,38,308
19,39,313
19,41,363
19,42,225
19,43,149
19,44,338
19,45,326
19,48,369
19,51,62
19,52,78
19,54,130
19,55,275
19,56,255
19,57,377
19,60,194
19,65,77
19,66,63
19,68,296
19,69,248
19,70,268
19,74,135
19,76,336
19,78,136
19,79,159
19,82,35
19,84,226
19,89,325
19,93,265
19,98,69
19,99,84
19,101,327
19,103,239
19,104,377
19,107,56
19,108,76
19,109,109
19,110,110
19,115,34
19,117,96
19,124,311
19,126,51
19,127,324
19,128,319
19,133,114
19,137,261
19,139,81
19,149,180
19,152,333
19,155,98
19,164,266
19,165,172
19,168,14
19,169,203
19,173,18
19,185,14
19,191,104
19,197,82
19,198,267
19,199,271
20,1,359
20,2,260
20,3,327
20,4,56
20,7,164
20,9,299
20,10,222
20,11,249
20,12,359
20,13,73
20,14,349
20,16,181
20,17,314
20,19,158
20,21,226
20,22,95
20,24,4
20,25,252
20,26,318
20,27,70
20,29,110
20,31,168
20,34,46
20,36,196
20,37,22
20,44,149
20,47,399
20,49,281
20,50,202
20,52,358
20,54,108
20,57,41
20,58,16
20,61,379
20,62,185
20,63,123
20,64,98
20,65,220
20,66,48
20,70,315
20,71,147
20,73,176
20,75,349
20,79,226
20,80,339
20,81,225
20,82,210
20,84,189
20,86,236
20,89,5
20,94,241
20,96,266
20,99,294
20,101,216
20,102,279
20,103,258
20,105,90
20,106,162
20,112,299
20,113,172
20,116,255
20,118,291
20,119,366
20,122,293
20,124,220
20,126,34
20,127,117
20,132,362
20,134,99
20,136,103
20,138,38
20,146,115
20,153,303
20,154,43
20,156,214
20,164,394
20,169,151
20,171,160
20,179,372
20,180,148
20,185,355
20,191,92
20,195,211
20,198,69
20,199,326
21,1,217
21,2,16
21,5,118
21,6,135
21,8,87
21,10,109
21,11,384
21,12,141
21,13,92
21,14,303
21,16,380
21,17,352
21,18,325
21,19,202
21,20,226
21,22,83
21,23,43
21,24,15
21,27,41
21,28,266
21,30,128
21,31,192
21,32,56
21,37,235
21,38,328
21,40,18
21,41,42
21,42,165
21,43,357
21,44,132
21,45,152
21,47,384
21,50,118
21,54,398
21,55,130
21,56,281
21,57,349
21,60,170
21,63,319
21,69,390
21,71,98
21,72,312
21,75,75
21,76,179
21,77,68
21,79,72
21,81,391
21,89,130
21,94,21
21,99,232
21,102,180
21,105,224
21,108,238
21,109,139
21,112,64
21,116,351
21,120,250
21,121,251
21,124,292
21,125,142
21,127,326
21,130,244
21,139,165
21,148,376
21,154,108
21,158,31
21,159,104
21,168,359
21,178,159
21,181,143
21,190,324
21,200,355
22,1,12
22,3,40
22,4,316
22,6,347
22,8,206
22,10,56
22,11,40
22,12,61
22,14,35
22,16,237
22,18,320
22,19,348
22,20,95
22,21,83
22,23,379
22,24,298
22,26,104
22,27,242
22,28,321
22,29,41
22,31,350
22,33,143
22,36,278
22,37,169
22,40,183
22,41,268
22,44,366
22,45,50
22,48,360
22,49,306
22,51,400
22,55,175
22,56,103
22,57,95
22,62,211
22,64,228
22,65,57
22,66,359
22,67,208
22,68,140
22,71,124
22,76,202
22,78,238
22,81,127
22,82,66
22,84,244
22,88,98
22,89,239
22,90,243
22,91,19
22,92,134
22,93,398
22,95,84
22,99,157
22,101,148
22,103,199
22,106,168
22,111,57
22,112,111
22,115,268
22,117,136
22,141,92
22,144,90
22,145,354
22,148,282
22,159,353
22,164,165
22,166,371
22,175,130
22,181,251
22,182,26
22,191,329
22,200,325
23,2,202
23,3,341
23,4,312
23,5,191
23,6,110
23,7,157
23,8,61
23,10,188
23,15,378
23,16,369
23,21,43
23,22,379
23,24,387
23,25,377
23,26,387
23,28,298
23,29,56
23,31,349
23,36,388
23,37,25
23,38,208
23,40,41
23,44,123
23,46,76
23,47,252
23,48,201
23,49,314
23,51,348
23,52,152
23,53,89
23,54,68
23,55,128
23,56,217
23,58,283
23,61,385
23,62,200
23,66,73
23,67,366
23,68,311
23,70,299
23,71,171
23,74,44
23,75,378
23,78,344
23,79,275
23,83,66
23,85,276
23,88,33
23,90,44
23,92,73
23,98,172
23,99,328
23,101,105
23,104,69
23,105,179
23,109,94
23,114,86
23,117,356
23,119,381
23,122,295
23,126,58
23,131,268
23,139,252
23,144,82
23,146,341
23,149,275
23,150,344
23,156,322
23,158,131
23,165,193
23,166,26
23,171,107
23,185,239
23,188,240
23,190,254
24,1,130
24,2,21
24,5,303
24,6,67
24,7,27
24,9,316
24,10,284
24,12,146
24,14,159
24,15,193
24,16,245
24,20,4
24,21,15
24,22,298
24,23,387
24,25,216
24,26,382
24,28,11
24,29,391
24,30,98
24,31,333
24,32,353
24,33,300
24,34,234
24,35,220
24,36,155
24,38,25
24,39,225
24,40,351
24,41,27
24,42,76
24,44,50
24,47,20
24,49,325
24,51,11
24,53,113
24,54,11
24,56,264
24,57,187
24,62,334
24,64,118
24,65,4
24,66,55
24,69,332
24,71,337
24,72,151
24,80,379
24,84,318
24,88,14
24,91,80
24,93,9
24,94,344
24,95,325
24,105,264
24,110,108
24,111,229
24,113,324
24,118,208
24,123,90
24,125,180
24,136,56
24,145,179
24,148,41
24,151,103
24,153,223
24,158,240
24,159,296
24,161,237
24,167,376
24,174,165
24,177,79
24,181,361
24,182,287
24,185,74
24,186,320
24,193,124
24,196,150
25,1,122
25,2,276
25,3,171
25,5,234
25,6,91
25,7,218
25,8,38
25,11,176
25,12,11
25,13,323
25,14,345
25,15,31
25,16,47
25,18,59
25,19,208
25,20,252
25,23,377
25,24,216
25,27,39
25,32,9
25,33,338
25,35,46
25,40,323
25,41,179
25,42,260
25,43,142
25,46,338
25,48,309
25,52,63
25,55,313
25,58,211
25,59,46
25,60,358
25,61,154
25,65,348
25,66,256
25,68,176
25,73,182
25,78,156
25,79,51
25,81,260
25,82,295
25,84,183
25,86,288
25,88,144
25,95,342
25,97,2
25,98,61
25,99,140
25,102,257
25,103,256
25,106,184
25,116,171
25,120,113
25,122,56
25,125,226
25,130,134
25,139,179
25,141,338
25,146,140
25,154,170
25,156,370
25,166,273
25,167,48
25,174,390
25,180,64
25,187,209
25,189,190
25,193,344
26,2,220
26,3,358
26,4,9
26,6,162
26,7,64
26,8,83
26,9,137
26,10,230
26,12,269
26,14,353
26,15,325
26,16,366
26,20,318
26,22,104
26,23,387
26,24,382
26,27,372
26,28,343
26,29,49
26,30,388
26,31,299
26,32,85
26,34,153
26,35,274
26,36,204
26,39,285
26,41,371
26,42,53
26,43,12
26,45,115
26,46,101
26,47,301
26,50,239
26,51,135
26,52,347
26,53,113
26,62,337
26,63,61
26,70,212
26,75,236
26,79,91
26,80,115
26,87,382
26,88,389
26,90,388
26,91,292
26,93,14
26,96,369
26,97,376
26,98,374
26,100,153
26,104,107
26,106,292
26,108,279
26,110,313
26,111,229
26,124,169
26,127,152
26,130,345
26,131,327
26,132,349
26,134,90
26,136,345
26,141,280
26,147,128
26,151,136
26,153,128
26,154,23
26,159,382
26,170,287
26,175,385
26,177,223
27,2,5
27,3,327
27,4,44
27,6,109
27,7,230
27,8,244
27,11,86
27,17,158
27,18,237
27,19,3
27,20,70
27,21,41
27,22,242
27,25,39
27,26,372
27,28,400
27,29,85
27,30,1
27,33,398
27,34,80
27,35,389
27,37,299
27,38,63
27,39,264
27,43,113
27,45,215
27,47,330
27,48,136
27,49,34
27,50,190
27,51,124
27,53,115
27,55,128
27,56,183
27,60,222
27,66,142
27,67,199
27,69,298
27,77,263
27,81,318
27,85,228
27,90,336
27,91,282
27,97,320
27,101,68
27,104,352
27,108,187
27,110,202
27,112,31
27,114,392
27,115,275
27,116,203
27,119,386
27,121,248
27,123,66
27,127,333
27,133,235
27,139,11
27,146,387
27,151,102
27,155,157
27,160,363
27,163,186
27,165,315
27,166,63
27,173,210
27,185,56
27,189,181
27,194,269
28,2,277
28,5,209
28,7,267
28,8,9
28,10,78
28,12,260
28,13,323
28,15,182
28,16,389
28,17,16
28,18,278
28,19,368
28,21,266
28,22,321
28,23,298
28,24,11
28,26,343
28,27,400
28,29,209
28,30,395
28,31,190
28,32,140
28,33,239
28,34,71
28,37,245
28,39,29
28,40,262
28,42,107
28,43,92
28,44,356
28,48,249
28,51,134
28,54,333
28,56,156
28,57,114
28,59,337
28,61,12
28,63,320
28,64,380
28,72,145
28,74,18
28,75,304
28,76,281
28,78,342
28,80,88
28,82,317
28,83,308
28,84,101
28,87,33
28,88,82
28,94,238
28,96,252
28,99,161
28,100,370
28,101,258
28,102,223
28,104,396
28,105,106
28,110,385
28,115,385
28,121,326
28,126,227
28,128,155
28,130,236
28,137,47
28,146,98
28,148,337
28,149,52
28,154,193
28,155,22
28,157,130
28,165,319
28,176,77
28,179,119
28,199,249
29,1,293
29,2,338
29,4,59
29,7,200
29,8,384
29,9,225
29,10,103
29,13,104
29,14,118
29,15,63
29,16,268
29,20,110
29,22,41
29,23,56
29,24,391
29,26,49
29,27,85
29,28,209
29,31,168
29,32,144
29,33,295
29,35,59
29,36,116
29,37,7
29,39,202
29,40,326
29,41,334
29,42,88
29,43,229
29,44,256
29,45,159
29,46,105
29,49,210
29,50,91
29,52,240
29,54,213
29,55,126
29,58,114
29,61,130
29,64,341
29,69,41
29,71,85
29,72,158
29,73,211
29,74,377
29,76,363
29,77,155
29,80,203
29,83,149
29,87,381
29,88,100
29,89,294
29,96,334
29,99,282
29,100,297
29,108,134
29,109,180
29,115,49
29,116,323
29,119,300
29,120,29
29,125,90
29,126,361
29,127,347
29,128,218
29,129,316
29,136,212
29,137,175
29,144,32
29,147,292
29,150,156
29,151,108
29,155,304
29,156,144
29,158,262
29,166,284
29,176,7
29,180,63
29,186,396
29,187,343
29,194,261
29,196,399
29,198,157
30,1,175
30,5,237
30,8,365
30,9,137
30,10,132
30,11,18
30,12,91
30,13,28
30,14,51
30,15,1
30,17,166
30,18,347
30,21,128
30,24,98
30,26,388
30,27,1
30,28,395
30,31,130
30,33,9
30,36,85
30,37,346
30,38,290
30,39,319
30,40,147
30,41,257
30,42,59
30,44,293
30,45,86
30,46,170
30,47,349
30,48,114
30,51,91
30,55,152
30,56,337
30,57,390
30,58,392
30,63,65
30,64,324
30,65,44
30,68,33
30,69,223
30,70,399
30,72,282
30,76,65
30,82,97
30,87,397
30,89,70
30,101,206
30,104,192
30,106,21
30,113,76
30,114,379
30,117,131
30,121,131
30,123,182
30,124,288
30,129,189
30,134,311
30,136,250
30,143,326
30,156,3
30,157,378
30,166,174
30,174,48
30,176,242
30,177,166
30,190,175
30,191,91
30,197,58
31,1,367
31,2,159
31,3,25
31,4,302
31,5,289
31,7,221
31,8,98
31,9,171
31,10,376
31,15,82
31,16,18
31,17,336
31,20,168
31,21,192
31,22,350
31,23,349
31,24,333
31,26,299
31,28,190
31,29,168
31,30,130
31,33,258
31,34,155
31,35,299
31,36,267
31,37,304
31,39,100
31,40,248
31,42,271
31,43,109
31,44,79
31,46,134
31,48,111
31,49,143
31,50,344
31,51,141
31,54,367
31,55,306
31,56,160
31,59,356
31,60,168
31,63,351
31,65,88
31,66,384
31,67,255
31,68,146
31,69,354
31,71,367
31,72,260
31,73,280
31,77,91
31,81,396
31,86,67
31,101,210
31,104,120
31,107,102
31,109,364
31,110,365
31,111,319
31,112,37
31,121,5
31,128,383
31,130,88
31,139,39
31,140,151
31,141,391
31,142,257
31,143,244
31,146,187
31,149,109
31,153,213
31,156,319
31,162,260
31,163,311
31,176,305
31,186,124
31,194,326
31,195,392
32,1,15
32,2,257
32,5,251
32,6,73
32,7,100
32,8,178
32,9,110
32,10,354
32,12,253
32,13,387
32,14,307
32,15,166
32,17,149
32,21,56
32,24,353
32,25,9
32,26,85
32,28,140
32,29,144
32,34,7
32,35,169
32,36,359
32,37,137
32,38,92
32,41,223
32,43,30
32,44,142
32,48,136
32,49,127
32,51,6
32,56,308
32,57,384
32,66,22
32,68,399
32,69,280
32,70,67
32,71,324
32,72,81
32,75,315
32,79,93
32,80,387
32,81,239
32,83,55
32,84,215
32,86,138
32,91,307
32,94,106
32,95,273
32,96,102
32,98,349
32,104,387
32,108,285
32,112,237
32,113,247
32,117,222
32,121,113
32,125,82
32,130,43
32,135,391
32,138,389
32,140,109
32,142,383
32,145,352
32,155,234
32,156,179
32,160,347
32,171,137
32,172,193
32,179,22
32,184,278
32,187,261
32,195,293
32,196,348
33,4,235
33,5,106
33,6,121
33,9,81
33,10,268
33,12,96
33,13,281
33,14,216
33,15,86
33,16,77
33,17,396
33,19,33
33,22,143
33,24,300
33,25,338
33,27,398
33,28,239
33,29,295
33,30,9
33,31,258
33,34,278
33,35,112
33,37,37
33,38,142
33,42,165
33,43,351
33,44,294
33,45,376
33,46,163
33,47,183
33,48,388
33,50,386
33,51,289
33,52,125
33,55,110
33,56,38
33,57,41
33,58,79
33,62,10
33,69,183
33,70,87
33,74,244
33,75,88
33,77,253
33,78,352
33,80,364
33,87,380
33,88,47
33,91,36
33,93,251
33,96,161
33,98,347
33,102,228
33,105,41
33,107,347
33,112,361
33,114,164
33,121,228
33,126,33
33,127,67
33,128,334
33,133,171
33,134,153
33,135,279
33,142,248
33,148,78
33,149,322
33,150,204
33,164,334
33,167,261
33,173,112
33,181,216
33,182,366
33,184,139
33,187,182
33,191,14
33,195,103
33,200,112
34,2,370
34,3,181
34,4,210
34,5,134
34,6,47
34,7,282
34,8,255
34,9,374
34,10,97
34,12,17
34,13,281
34,14,101
34,16,4
34,17,63
34,19,137
34,20,46
34,24,234
34,26,153
34,27,80
34,28,71
34,31,155
34,32,7
34,33,278
34,35,238
34,41,363
34,42,50
34,44,393
34,46,317
34,48,91
34,49,360
34,50,348
34,52,49
34,55,222
34,56,65
34,59,184
34,62,256
34,63,370
34,64,183
34,65,199
34,67,48
34,76,162
34,80,130
34,83,241
34,92,352
34,96,326
34,100,154
34,101,229
34,103,33
34,105,156
34,107,192
34,108,318
34,109,328
34,110,65
34,113,214
34,114,28
34,119,233
34,120,32
34,123,129
34,124,369
34,132,338
34,136,138
34,147,149
34,157,4
34,162,235
34,163,80
34,168,324
34,169,20
34,177,114
34,183,389
34,199,45
35,1,198
35,4,63
35,6,326
35,7,33
35,8,89
35,10,47
35,11,337
35,12,251
35,14,108
35,15,172
35,16,391
35,17,337
35,18,204
35,24,220
35,25,46
35,26,274
35,27,389
35,29,59
35,31,299
35,32,169
35,33,112
35,34,238
35,37,289
35,39,296
35,40,113
35,41,290
35,42,308
35,43,21
35,44,340
35,45,273
35,46,339
35,48,218
35,50,4
35,52,299
35,53,139
35,54,324
35,55,101
35,56,248
35,57,188
35,58,184
35,59,85
35,62,67
35,66,154
35,68,179
35,69,146
35,71,252
35,74,113
35,76,310
35,77,29
35,81,309
35,85,198
35,88,28
35,90,171
35,94,120
35,96,216
35,100,230
35,103,244
35,104,397
35,107,354
35,111,129
35,114,391
35,116,85
35,117,78
35,118,56
35,122,318
35,123,225
35,135,210
35,137,51
35,147,57
35,151,114
35,152,389
35,154,265
35,167,189
35,168,346
35,174,325
35,180,397
35,184,30
36,1,162
36,3,361
36,4,160
36,6,139
36,7,277
36,8,71
36,9,322
36,12,315
36,13,33
36,14,313
36,16,177
36,17,255
36,18,32
36,19,382
36,20,196
36,22,278
36,23,388
36,24,155
36,26,204
36,29,116
36,30,85
36,31,267
36,32,359
36,37,95
36,39,290
36,40,23
36,42,336
36,44,291
36,45,389
36,48,309
36,49,26
36,53,328
36,55,198
36,57,147
36,58,361
36,59,325
36,60,64
36,61,282
36,62,236
36,63,17
36,65,33
36,67,131
36,72,44
36,75,391
36,77,210
36,78,60
36,81,395
36,82,229
36,84,233
36,91,231
36,92,17
36,97,203
36,98,166
36,99,280
36,102,47
36,106,37
36,117,349
36,118,121
36,121,177
36,123,203
36,125,22
36,129,388
36,132,393
36,133,286
36,136,311
36,142,342
36,146,315
36,147,286
36,149,366
36,150,114
36,153,84
36,155,118
36,157,263
36,160,95
36,167,237
36,173,302
36,174,228
36,175,287
36,184,109
36,186,61
36,190,354
36,191,82
36,196,362
36,198,252
37,1,270
37,2,242
37,3,321
37,5,317
37,6,131
37,7,211
37,8,79
37,11,146
37,12,394
37,13,44
37,16,309
37,20,22
37,21,235
37,22,169
37,23,25
37,27,299
37,28,245
37,29,7
37,30,346
37,31,304
37,32,137
37,33,37
37,35,289
37,36,95
37,39,136
37,43,22
37,44,194
37,45,300
37,46,217
37,47,220
37,49,278
37,50,131
37,52,227
37,53,351
37,54,158
37,56,336
37,57,102
37,59,318
37,61,176
37,62,137
37,63,50
37,64,84
37,65,181
37,67,32
37,72,209
37,74,239
37,76,114
37,77,25
37,78,3
37,87,111
37,88,343
37,92,93
37,93,178
37,96,22
37,102,208
37,107,250
37,110,134
37,111,256
37,126,147
37,127,50
37,133,383
37,134,142
37,135,3
37,138,383
37,139,340
37,144,3
37,152,361
37,153,348
37,154,350
37,157,85
37,159,37
37,161,88
37,164,225
37,165,74
37,167,67
37,170,315
37,178,259
37,180,323
37,181,371
37,188,382
37,197,166
37,198,367
38,2,73
38,4,399
38,5,311
38,6,63
38,7,202
38,8,137
38,10,254
38,11,362
38,12,330
38,13,3
38,14,389
38,15,157
38,16,292
38,17,235
38,18,343
38,19,308
38,21,328
38,23,208
38,24,25
38,27,63
38,30,290
38,32,92
38,33,142
38,39,219
38,40,262
38,41,382
38,42,245
38,43,232
38,45,352
38,46,105
38,47,146
38,49,213
38,51,258
38,53,305
38,56,305
38,59,346
38,61,395
38,64,58
38,67,43
38,70,318
38,74,283
38,75,69
38,76,225
38,83,257
38,84,345
38,86,127
38,87,234
38,88,25
38,92,321
38,97,337
38,98,342
38,99,211
38,100,400
38,102,205
38,105,165
38,107,143
38,110,19
38,111,69
38,112,8
38,113,259
38,118,300
38,119,160
38,121,383
38,125,81
38,138,10
38,139,22
38,141,171
38,145,263
38,153,204
38,160,324
38,164,28
38,167,127
38,169,225
38,179,40
38,197,37
38,200,159
39,2,339
39,3,271
39,4,254
39,6,374
39,8,62
39,12,209
39,14,259
39,16,208
39,18,297
39,19,313
39,24,225
39,26,285
39,27,264
39,28,29
39,29,202
39,30,319
39,31,100
39,35,296
39,36,290
39,37,136
39,38,219
39,40,69
39,41,315
39,43,41
39,48,216
39,51,283
39,52,271
39,55,240
39,58,179
39,59,330
39,61,382
39,62,358
39,63,123
39,66,83
39,73,310
39,79,139
39,82,85
39,83,330
39,85,36
39,87,89
39,88,51
39,92,29
39,98,349
39,105,87
39,106,273
39,108,396
39,110,358
39,113,209
39,115,122
39,120,158
39,125,279
39,128,224
39,133,160
39,139,193
39,142,242
39,147,393
39,149,191
39,151,154
39,156,249
39,169,121
39,181,51
39,182,73
39,184,352
40,2,299
40,3,25
40,5,7
40,7,329
40,8,284
40,9,123
40,10,168
40,11,245
40,12,231
40,16,282
40,17,1
40,21,18
40,22,183
40,23,41
40,24,351
40,25,323
40,28,262
40,29,326
40,30,147
40,31,248
40,35,113
40,36,23
40,38,262
40,39,69
40,43,237
40,44,351
40,45,311
40,46,303
40,47,156
40,50,183
40,54,154
40,57,276
40,58,154
40,62,57
40,63,146
40,66,378
40,67,288
40,68,333
40,70,30
40,73,295
40,78,303
40,81,112
40,85,140
40,86,118
40,89,327
40,101,274
40,106,52
40,111,39
40,113,195
40,121,242
40,126,95
40,130,49
40,132,279
40,138,80
40,139,171
40,144,122
40,145,304
40,155,251
40,158,307
40,161,326
40,163,140
40,164,389
40,176,77
40,179,2
40,185,23
40,186,324
40,191,65
40,192,75
41,5,239
41,6,142
41,7,281
41,8,283
41,10,356
41,11,46
41,12,167
41,13,318
41,14,341
41,16,131
41,18,22
41,19,363
41,21,42
41,22,268
41,24,27
41,25,179
41,26,371
41,29,334
41,30,257
41,32,223
41,34,363
41,35,290
41,38,382
41,39,315
41,42,328
41,44,15
41,45,53
41,46,141
41,47,209
41,49,30
41,50,384
41,51,238
41,53,262
41,54,64
41,58,379
41,59,232
41,61,366
41,64,191
41,68,348
41,69,90
41,72,309
41,74,51
41,75,42
41,79,73
41,83,363
41,85,79
41,89,395
41,90,303
41,95,142
41,96,301
41,106,16
41,115,248
41,116,198
41,121,314
41,122,109
41,132,137
41,135,400
41,136,273
41,140,268
41,145,298
41,147,28
41,149,193
41,151,66
41,161,353
41,164,360
41,182,132
41,183,254
41,187,45
41,191,95
41,192,301
41,198,184
42,1,363
42,2,267
42,4,117
42,6,121
42,7,314
42,9,378
42,10,59
42,11,308
42,13,98
42,16,103
42,18,156
42,19,225
42,21,165
42,24,76
42,25,260
42,26,53
42,28,107
42,29,88
42,30,59
42,31,271
42,33,165
42,34,50
42,35,308
42,36,336
42,38,245
42,41,328
42,44,97
42,45,321
42,46,310
42,47,256
42,48,385
42,51,217
42,52,21
42,53,307
42,54,256
42,56,126
42,57,325
42,59,391
42,63,355
42,65,161
42,68,351
42,70,128
42,73,345
42,76,339
42,79,395
42,81,224
42,84,282
42,85,384
42,87,226
42,89,201
42,92,46
42,94,396
42,102,8
42,105,145
42,107,309
42,113,349
42,115,232
42,120,347
42,121,308
42,122,19
42,126,367
42,128,300
42,129,209
42,130,356
42,131,329
42,134,232
42,138,192
42,141,385
42,142,163
42,149,366
42,156,193
42,163,368
42,166,377
42,167,177
42,169,176
42,178,231
42,182,109
42,192,20
42,198,146
43,2,3
43,3,165
43,6,397
43,7,399
43,9,371
43,11,38
43,13,190
43,14,264
43,15,136
43,16,143
43,17,347
43,18,281
43,19,149
43,21,357
43,25,142
43,26,12
43,27,113
43,28,92
43,29,229
43,31,109
43,32,30
43,33,351
43,35,21
43,37,22
43,38,232
43,39,41
43,40,237
43,44,131
43,45,214
43,46,101
43,48,184
43,49,125
43,50,120
43,51,32
43,53,321
43,57,191
43,58,4
43,59,69
43,60,39
43,62,300
43,69,317
43,70,392
43,71,281
43,76,178
43,77,55
43,80,399
43,83,280
43,85,268
43,89,210
43,90,187
43,92,154
43,95,241
43,100,283
43,106,97
43,108,343
43,111,19
43,115,62
43,121,26
43,124,156
43,126,21
43,132,365
43,134,133
43,138,76
43,140,172
43,143,109
43,144,222
43,146,161
43,148,239
43,150,310
43,152,217
43,158,398
43,159,154
43,172,79
43,178,294
43,183,275
43,188,255
43,196,90
43,197,118
43,198,158
44,1,148
44,2,168
44,3,216
44,7,282
44,8,132
44,13,80
44,14,219
44,17,350
44,19,338
44,20,149
44,21,132
44,22,366
44,23,123
44,24,50
44,28,356
44,29,256
44,30,293
44,31,79
44,32,142
44,33,294
44,34,393
44,35,340
44,36,291
44,37,194
44,40,351
44,41,15
44,42,97
44,43,131
44,45,313
44,50,329
44,53,179
44,54,306
44,55,328
44,58,82
44,62,15
44,64,98
44,68,26
44,69,132
44,71,330
44,72,8
44,73,119
44,74,56
44,75,328
44,79,139
44,81,199
44,83,207
44,88,155
44,89,209
44,91,313
44,92,131
44,95,399
44,97,48
44,104,34
44,106,211
44,108,367
44,111,268
44,118,112
44,121,371
44,126,368
44,131,174
44,135,29
44,136,230
44,143,9
44,144,143
44,145,328
44,147,240
44,148,216
44,156,122
44,157,209
44,158,359
44,164,295
44,165,337
44,179,97
44,182,172
44,183,254
44,188,45
44,192,158
44,196,259
44,197,118
44,198,188
45,7,304
45,8,104
45,9,45
45,10,80
45,11,336
45,12,343
45,14,35
45,15,111
45,16,255
45,18,102
45,19,326
45,21,152
45,22,50
45,26,115
45,27,215
45,29,159
45,30,86
45,33,376
45,35,273
45,36,389
45,37,300
45,38,352
45,40,311
45,41,53
45,42,321
45,43,214
45,44,313
45,46,393
45,47,168
45,48,196
45,49,252
45,50,22
45,51,383
45,54,98
45,55,252
45,56,144
45,57,219
45,61,12
45,63,362
45,64,361
45,67,165
45,69,370
45,71,204
45,75,131
45,77,131
45,83,378
45,88,8
45,93,197
45,94,33
45,95,306
45,97,328
45,101,361
45,102,54
45,106,262
45,109,193
45,118,1
45,121,101
45,122,10
45,127,235
45,131,188
45,137,291
45,141,191
45,148,104
45,151,330
45,152,352
45,162,291
45,165,56
45,177,134
45,181,361
45,183,313
45,187,48
45,197,133
46,1,92
46,3,204
46,4,99
46,6,154
46,8,373
46,11,120
46,14,210
46,15,228
46,18,304
46,23,76
46,25,338
46,26,101
46,29,105
46,30,170
46,31,134
46,33,163
46,34,317
46,35,339
46,37,217
46,38,105
46,40,303
46,41,141
46,42,310
46,43,101
46,45,393
46,48,86
46,49,94
46,50,245
46,51,301
46,53,244
46,54,398
46,59,383
46,61,30
46,62,336
46,66,51
46,70,186
46,71,209
46,73,342
46,74,217
46,76,48
46,78,108
46,79,137
46,80,127
46,82,352
46,90,269
46,91,351
46,98,276
46,99,374
46,102,235
46,103,336
46,105,306
46,106,337
46,107,367
46,116,237
46,124,188
46,126,287
46,139,342
46,140,52
46,144,375
46,148,225
46,149,177
46,157,9
46,167,165
46,169,249
46,173,387
46,176,340
46,186,79
46,194,166
46,196,240
47,2,359
47,3,132
47,4,150
47,5,150
47,7,18
47,9,97
47,11,67
47,13,287
47,14,100
47,16,354
47,17,362
47,18,317
47,20,399
47,21,384
47,23,252
47,24,20
47,26,301
47,27,330
47,30,349
47,33,183
47,37,220
47,38,146
47,40,156
47,41,209
47,42,256
47,45,168
47,55,187
47,58,240
47,60,210
47,66,273
47,68,236
47,70,165
47,71,68
47,72,229
47,74,371
47,75,279
47,76,164
47,77,129
47,78,151
47,79,355
47,82,297
47,83,226
47,84,218
47,86,101
47,90,16
47,91,200
47,93,158
47,101,43
47,102,33
47,106,228
47,107,331
47,108,395
47,112,350
47,114,282
47,119,105
47,122,378
47,123,397
47,124,301
47,131,380
47,132,209
47,137,65
47,141,179
47,150,161
47,153,190
47,154,385
47,169,292
47,183,379
47,184,159
47,187,362
47,195,255
47,196,90
48,1,353
48,5,54
48,6,19
48,8,26
48,9,47
48,11,312
48,12,362
48,13,288
48,14,125
48,15,81
48,16,272
48,17,90
48,19,369
48,22,360
48,23,201
48,25,309
48,27,136
48,28,249
48,30,114
48,31,111
48,32,136
48,33,388
48,34,91
48,35,218
48,36,309
48,39,216
48,42,385
48,43,184
48,45,196
48,46,86
48,49,306
48,51,198
48,52,89
48,53,163
48,54,170
48,55,352
48,59,85
48,60,83
48,62,227
48,63,330
48,67,377
48,68,394
48,70,164
48,73,366
48,77,81
48,78,232
48,82,358
48,84,24
48,89,235
48,90,127
48,92,289
48,93,176
48,96,252
48,97,342
48,101,67
48,105,135
48,108,244
48,114,66
48,115,370
48,118,239
48,128,344
48,131,215
48,134,307
48,137,236
48,141,397
48,143,339
48,147,115
48,161,304
48,167,116
48,170,309
48,171,74
48,172,148
48,173,321
48,175,388
48,182,180
48,193,38
48,200,29
49,1,358
49,2,313
49,4,183
49,5,333
49,6,22
49,7,59
49,9,364
49,20,281
49,22,306
49,23,314
49,24,325
49,27,34
49,29,210
49,31,143
49,32,127
49,34,360
49,36,26
49,37,278
49,38,213
49,41,30
49,43,125
49,45,252
49,46,94
49,48,306
49,52,393
49,56,4
49,57,108
49,61,265
49,62,358
49,64,267
49,67,202
49,68,279
49,70,54
49,71,200
49,74,150
49,75,306
49,76,262
49,79,82
49,80,174
49,82,40
49,89,340
49,95,17
49,97,67
49,98,186
49,99,369
49,110,384
49,112,288
49,114,400
49,119,110
49,120,318
49,131,367
49,132,56
49,136,129
49,145,242
49,161,54
49,173,133
49,174,329
49,176,165
49,184,199
49,194,66
50,1,336
50,2,351
50,3,326
50,6,252
50,8,86
50,9,316
50,12,335
50,13,68
50,14,48
50,15,246
50,20,202
50,21,118
50,26,239
50,27,190
50,29,91
50,31,344
50,33,386
50,34,348
50,35,4
50,37,131
50,40,183
50,41,384
50,43,120
50,44,329
50,45,22
50,46,245
50,53,146
50,55,22
50,57,1
50,59,165
50,61,22
50,65,252
50,69,326
50,70,335
50,71,9
50,72,121
50,74,69
50,75,122
50,76,219
50,77,87
50,78,157
50,82,375
50,83,161
50,85,235
50,86,53
50,89,237
50,90,21
50,92,156
50,98,137
50,99,249
50,100,282
50,105,392
50,108,25
50,109,90
50,110,292
50,111,114
50,113,223
50,118,284
50,122,195
50,123,29
50,126,338
50,136,23
50,138,142
50,139,320
50,148,345
50,166,366
50,173,186
50,175,388
50,176,30
50,182,1
50,184,226
50,190,390
51,4,352
51,9,203
51,10,265
51,11,11
51,15,400
51,16,5
51,18,65
51,19,62
51,22,400
51,23,348
51,24,11
51,26,135
51,27,124
51,28,134
51,30,91
51,31,141
51,32,6
51,33,289
51,38,258
51,39,283
51,41,238
51,42,217
51,43,32
51,45,383
51,46,301
51,48,198
51,52,230
51,56,389
51,57,164
51,59,209
51,60,304
51,64,364
51,65,390
51,67,397
51,68,285
51,70,16
51,76,339
51,79,394
51,83,17
51,89,169
51,90,143
51,91,210
51,92,266
51,101,88
51,110,186
51,112,152
51,113,180
51,116,242
51,120,119
51,124,16
51,127,360
51,129,343
51,130,177
51,133,217
51,135,158
51,141,86
51,145,373
51,148,48
51,149,110
51,152,140
51,158,49
51,173,137
51,176,82
51,177,134
51,183,371
51,187,158
51,188,373
51,192,165
51,200,392
52,2,315
52,4,273
52,6,129
52,8,362
52,9,34
52,10,187
52,12,276
52,13,359
52,14,8
52,15,382
52,16,351
52,17,184
52,18,214
52,19,78
52,20,358
52,23,152
52,25,63
52,26,347
52,29,240
52,33,125
52,34,49
52,35,299
52,37,227
52,39,271
52,42,21
52,48,89
52,49,393
52,51,230
52,53,297
52,56,259
52,58,166
52,59,328
52,60,382
52,61,113
52,62,16
52,63,180
52,66,361
52,67,16
52,68,194
52,69,253
52,71,161
52,72,279
52,73,191
52,77,384
52,78,261
52,80,57
52,81,129
52,82,71
52,84,184
52,85,92
52,90,301
52,101,398
52,107,235
52,112,193
52,119,70
52,121,261
52,122,310
52,135,292
52,137,300
52,149,76
52,158,171
52,161,397
52,167,10
52,168,197
52,171,153
52,172,206
52,173,79
52,189,377
53,1,21
53,2,396
53,3,379
53,4,166
53,5,99
53,7,335
53,8,383
53,10,158
53,11,69
53,12,35
53,13,334
53,15,273
53,16,302
53,18,93
53,23,89
53,24,113
53,26,113
53,27,115
53,35,139
53,36,328
53,37,351
53,38,305
53,41,262
53,42,307
53,43,321
53,44,179
53,46,244
53,48,163
53,50,146
53,52,297
53,56,174
53,59,306
53,63,321
53,64,345
53,68,25
53,73,343
53,74,223
53,75,341
53,76,391
53,77,184
53,80,260
53,81,253
53,84,165
53,86,203
53,87,146
53,91,396
53,96,375
53,97,74
53,102,79
53,112,49
53,122,378
53,123,384
53,127,45
53,128,17
53,135,388
53,139,360
53,145,289
53,148,82
53,153,237
53,155,76
53,156,56
53,163,109
53,166,312
53,171,210
53,172,1
53,175,103
53,186,130
53,187,202
53,192,34
54,1,44
54,3,275
54,5,11
54,6,39
54,9,200
54,12,49
54,13,102
54,14,345
54,15,294
54,16,303
54,17,269
54,18,8
54,19,130
54,20,108
54,21,398
54,23,68
54,24,11
54,28,333
54,29,213
54,31,367
54,35,324
54,37,158
54,40,154
54,41,64
54,42,256
54,44,306
54,45,98
54,46,398
54,48,170
54,55,389
54,57,54
54,58,331
54,59,87
54,60,81
54,62,297
54,63,145
54,64,297
54,65,396
54,69,244
54,73,99
54,74,253
54,75,64
54,80,154
54,84,395
54,87,381
54,90,106
54,91,330
54,97,373
54,107,247
54,109,382
54,111,333
54,112,304
54,113,135
54,117,304
54,123,142
54,125,346
54,130,341
54,138,75
54,139,335
54,141,214
54,143,356
54,150,258
54,151,198
54,163,183
54,164,222
54,172,85
54,173,399
54,177,361
54,180,229
54,188,302
54,191,257
54,193,366
55,4,195
55,8,277
55,9,18
55,11,167
55,14,385
55,15,351
55,16,262
55,17,257
55,18,384
55,19,275
55,21,130
55,22,175
55,23,128
55,25,313
55,27,128
55,29,126
55,30,152
55,31,306
55,33,110
55,34,222
55,35,101
55,36,198
55,39,240
55,44,328
55,45,252
