source,target,weight
1,2,262
1,3,103
1,5,115
1,6,229
1,8,137
1,9,264
1,10,31
1,11,328
1,14,90
1,15,132
1,16,208
1,17,4
1,18,316
1,19,396
1,20,124
1,22,134
1,23,351
1,25,73
1,27,93
1,28,288
1,30,102
1,32,139
1,33,226
1,34,390
1,37,324
1,41,23
1,42,225
1,43,89
1,44,268
1,48,53
1,49,306
1,50,55
1,52,67
1,53,312
1,54,276
1,55,291
1,56,114
1,58,250
1,59,240
1,61,139
1,65,84
1,66,39
1,68,311
1,69,102
1,70,141
1,74,161
1,76,256
1,77,248
1,78,353
1,81,152
1,82,300
1,88,124
1,89,309
1,90,103
1,91,199
1,97,58
1,98,82
1,99,311
1,100,212
1,106,122
1,107,197
1,109,354
1,111,295
1,114,262
1,117,254
1,118,262
1,121,304
1,126,22
1,127,23
1,131,352
1,133,225
1,134,380
1,137,323
1,138,264
1,139,163
1,151,180
1,152,16
1,155,355
1,156,196
1,162,364
1,163,397
1,165,226
1,170,309
1,172,103
1,181,136
1,185,34
1,187,114
1,188,200
1,191,295
1,192,333
1,193,220
1,195,145
1,196,225
1,198,201
1,199,383
2,1,262
2,3,220
2,5,324
2,6,330
2,7,121
2,8,126
2,9,380
2,10,46
2,11,110
2,12,128
2,13,157
2,14,158
2,15,279
2,16,294
2,17,186
2,18,23
2,20,285
2,21,384
2,23,285
2,25,395
2,26,51
2,27,237
2,28,18
2,29,72
2,30,33
2,31,195
2,32,362
2,34,387
2,35,211
2,36,374
2,38,315
2,40,199
2,41,336
2,43,8
2,44,388
2,45,46
2,46,36
2,47,382
2,48,342
2,50,72
2,51,201
2,52,46
2,53,245
2,54,246
2,55,180
2,56,356
2,59,86
2,62,148
2,63,263
2,64,222
2,65,103
2,66,282
2,67,388
2,70,47
2,71,181
2,72,77
2,75,44
2,77,270
2,78,283
2,79,73
2,84,59
2,85,390
2,87,89
2,88,133
2,89,306
2,91,72
2,92,118
2,93,284
2,95,139
2,97,217
2,101,292
2,103,235
2,105,173
2,106,144
2,110,76
2,113,126
2,114,153
2,115,380
2,116,207
2,118,225
2,121,325
2,123,376
2,124,387
2,125,134
2,132,256
2,135,172
2,136,353
2,140,4
2,141,230
2,142,193
2,144,259
2,145,159
2,146,93
2,147,281
2,148,374
2,149,311
2,153,74
2,154,175
2,155,75
2,157,6
2,161,245
2,163,371
2,165,195
2,167,65
2,171,283
2,172,306
2,174,98
2,178,328
2,179,275
2,182,265
2,187,205
2,196,289
2,200,330
3,1,103
3,2,220
3,4,303
3,6,38
3,7,183
3,8,214
3,9,191
3,10,205
3,11,361
3,12,265
3,14,73
3,15,184
3,16,32
3,18,206
3,19,394
3,20,129
3,21,187
3,22,236
3,23,233
3,24,150
3,25,148
3,27,286
3,29,342
3,30,341
3,31,189
3,32,257
3,33,224
3,34,127
3,35,226
3,36,182
3,37,348
3,38,69
3,39,74
3,41,81
3,42,371
3,43,203
3,47,94
3,48,320
3,49,210
3,50,251
3,51,26
3,53,87
3,54,173
3,55,393
3,56,28
3,57,141
3,58,237
3,60,245
3,61,193
3,66,371
3,68,217
3,69,2
3,71,239
3,72,398
3,73,191
3,74,84
3,75,62
3,76,25
3,77,292
3,78,324
3,79,275
3,80,34
3,81,256
3,82,44
3,85,35
3,88,387
3,89,22
3,90,249
3,92,321
3,96,90
3,97,308
3,98,109
3,99,253
3,100,374
3,102,345
3,106,374
3,109,289
3,110,289
3,113,34
3,114,254
3,117,275
3,118,173
3,120,111
3,121,337
3,122,351
3,123,243
3,130,295
3,131,125
3,132,140
3,134,176
3,136,242
3,137,369
3,138,266
3,139,349
3,140,166
3,141,91
3,142,151
3,145,23
3,146,85
3,147,252
3,148,32
3,152,128
3,153,77
3,156,41
3,159,73
3,161,384
3,164,287
3,169,161
3,171,30
3,174,329
3,176,315
3,181,236
3,182,122
3,183,269
3,184,359
3,186,252
3,187,93
3,188,174
3,190,190
3,192,41
3,198,318
3,200,350
4,3,303
4,5,391
4,6,12
4,7,79
4,8,174
4,9,66
4,10,13
4,11,345
4,12,224
4,13,321
4,15,280
4,16,289
4,19,80
4,20,376
4,21,134
4,22,260
4,25,214
4,27,248
4,28,379
4,29,196
4,32,138
4,33,375
4,34,67
4,35,97
4,36,113
4,37,55
4,40,264
4,43,245
4,44,98
4,46,340
4,48,176
4,49,197
4,50,240
4,54,200
4,55,328
4,56,175
4,57,190
4,59,79
4,61,291
4,62,1
4,63,127
4,64,96
4,65,115
4,70,2
4,71,367
4,73,151
4,74,301
4,76,125
4,77,354
4,78,188
4,79,397
4,80,381
4,81,324
4,82,397
4,83,109
4,84,162
4,86,156
4,88,29
4,89,48
4,90,195
4,91,337
4,96,207
4,97,163
4,100,383
4,105,197
4,106,337
4,108,203
4,110,80
4,111,71
4,112,248
4,115,73
4,116,64
4,117,340
4,121,204
4,126,11
4,128,9
4,129,101
4,130,44
4,135,89
4,137,310
4,138,126
4,139,198
4,141,318
4,142,270
4,143,65
4,151,308
4,152,210
4,153,7
4,155,273
4,157,360
4,160,192
4,161,355
4,162,135
4,163,133
4,164,130
4,166,70
4,170,308
4,178,239
4,182,395
4,186,155
4,187,129
4,188,341
4,190,166
4,192,10
4,194,74
4,197,198
4,198,178
4,199,62
4,200,2
5,1,115
5,2,324
5,4,391
5,6,131
5,9,171
5,10,365
5,13,69
5,14,49
5,15,373
5,16,288
5,19,143
5,21,347
5,22,377
5,23,241
5,25,348
5,27,322
5,30,126
5,31,242
5,32,15
5,33,109
5,35,181
5,37,306
5,39,173
5,40,211
5,41,273
5,42,8
5,43,305
5,45,65
5,48,74
5,50,185
5,53,47
5,54,136
5,55,122
5,57,16
5,59,21
5,60,113
5,61,265
5,63,273
5,65,290
5,66,53
5,67,264
5,68,21
5,69,106
5,70,19
5,71,155
5,72,56
5,75,49
5,76,363
5,77,341
5,80,273
5,83,22
5,84,249
5,85,336
5,86,84
5,91,363
5,92,190
5,95,230
5,96,19
5,97,85
5,98,321
5,101,126
5,102,219
5,104,178
5,108,87
5,109,135
5,110,2
5,113,224
5,114,171
5,115,116
5,116,342
5,120,120
5,122,376
5,123,57
5,125,278
5,130,26
5,131,258
5,134,19
5,135,244
5,138,279
5,139,60
5,140,254
5,143,63
5,144,105
5,145,343
5,146,132
5,147,64
5,148,214
5,151,147
5,155,244
5,160,167
5,161,31
5,164,384
5,165,304
5,166,14
5,167,192
5,171,46
5,175,70
5,176,15
5,177,146
5,179,317
5,180,396
5,183,347
5,185,230
5,186,160
5,188,398
5,190,69
5,192,235
5,199,385
5,200,196
6,1,229
6,2,330
6,3,38
6,4,12
6,5,131
6,8,302
6,9,296
6,10,145
6,11,204
6,12,48
6,13,13
6,14,396
6,15,196
6,19,311
6,20,124
6,22,246
6,23,101
6,25,246
6,26,63
6,27,196
6,31,150
6,32,310
6,33,163
6,34,390
6,35,23
6,37,194
6,39,307
6,40,213
6,41,382
6,43,64
6,44,143
6,47,329
6,50,87
6,51,184
6,52,344
6,53,52
6,60,157
6,61,63
6,62,266
6,63,39
6,64,318
6,65,47
6,66,394
6,67,71
6,70,292
6,71,298
6,72,179
6,73,221
6,75,73
6,77,186
6,79,329
6,81,287
6,82,99
6,86,356
6,87,38
6,89,48
6,90,101
6,94,357
6,98,285
6,100,124
6,102,385
6,103,285
6,104,278
6,106,37
6,107,291
6,108,371
6,109,143
6,110,346
6,112,135
6,113,99
6,119,271
6,120,107
6,122,76
6,125,39
6,126,99
6,127,191
6,128,280
6,131,207
6,133,391
6,135,255
6,138,270
6,140,264
6,145,33
6,149,45
6,150,200
6,153,266
6,156,214
6,157,240
6,161,93
6,163,201
6,164,54
6,167,229
6,169,91
6,174,225
6,175,141
6,176,294
6,178,292
6,180,180
6,184,213
6,185,289
6,190,376
6,196,199
7,2,121
7,3,183
7,4,79
7,12,350
7,14,324
7,16,322
7,17,146
7,18,26
7,20,126
7,22,23
7,24,194
7,25,356
7,27,316
7,28,154
7,31,103
7,32,237
7,33,215
7,38,76
7,44,389
7,46,108
7,48,206
7,51,149
7,52,247
7,54,125
7,57,117
7,59,317
7,60,321
7,61,195
7,62,254
7,64,292
7,65,114
7,66,373
7,67,156
7,70,212
7,71,378
7,75,111
7,76,213
7,77,245
7,78,303
7,80,42
7,81,367
7,82,48
7,83,154
7,84,193
7,89,398
7,90,111
7,91,273
7,92,278
7,93,321
7,94,133
7,95,267
7,97,206
7,99,91
7,100,13
7,102,265
7,104,172
7,106,305
7,108,317
7,109,301
7,110,335
7,111,151
7,112,61
7,113,234
7,114,390
7,115,261
7,116,17
7,118,173
7,119,54
7,120,301
7,122,393
7,127,182
7,129,366
7,130,276
7,131,137
7,132,55
7,135,249
7,137,89
7,139,316
7,143,194
7,146,166
7,151,319
7,160,132
7,164,66
7,167,54
7,168,53
7,171,302
7,174,272
7,179,355
7,184,334
7,185,260
7,187,61
7,190,276
7,191,46
7,192,127
7,193,324
7,194,352
7,195,372
7,199,214
7,200,205
8,1,137
8,2,126
8,3,214
8,4,174
8,6,302
8,10,340
8,11,384
8,12,230
8,13,53
8,15,398
8,16,241
8,17,180
8,18,227
8,20,283
8,21,290
8,22,79
8,23,323
8,24,64
8,26,20
8,28,258
8,29,69
8,31,84
8,32,143
8,36,298
8,37,93
8,38,225
8,39,216
8,40,239
8,41,222
8,42,231
8,43,387
8,45,220
8,46,244
8,48,136
8,49,344
8,51,29
8,52,301
8,56,165
8,57,306
8,58,41
8,59,75
8,60,181
8,63,125
8,64,197
8,65,57
8,66,46
8,67,237
8,69,93
8,70,128
8,72,306
8,76,77
8,78,144
8,79,167
8,80,162
8,82,12
8,83,303
8,84,249
8,88,273
8,89,384
8,90,325
8,93,262
8,94,250
8,95,193
8,97,289
8,98,100
8,99,335
8,101,132
8,103,332
8,104,5
8,106,155
8,110,37
8,111,212
8,115,37
8,117,194
8,118,255
8,119,68
8,121,344
8,122,56
8,125,331
8,126,158
8,127,380
8,129,251
8,130,142
8,132,14
8,133,114
8,134,11
8,135,311
8,136,337
8,139,377
8,140,116
8,142,14
8,145,278
8,149,386
8,151,145
8,161,276
8,162,55
8,164,143
8,174,82
8,175,279
8,176,153
8,180,118
8,185,57
8,188,67
8,192,104
8,193,142
8,196,240
8,199,87
9,1,264
9,2,380
9,3,191
9,4,66
9,5,171
9,6,296
9,12,306
9,13,254
9,14,253
9,15,91
9,17,88
9,19,136
9,21,18
9,22,263
9,23,179
9,24,107
9,25,331
9,27,240
9,29,88
9,31,278
9,32,240
9,33,387
9,35,234
9,36,359
9,40,41
9,43,36
9,45,248
9,46,335
9,48,348
9,49,391
9,50,193
9,52,70
9,53,186
9,54,78
9,55,246
9,58,31
9,59,180
9,60,196
9,61,28
9,63,145
9,64,24
9,67,297
9,68,306
9,70,107
9,72,19
9,78,100
9,80,57
9,81,399
9,82,220
9,83,73
9,84,160
9,87,94
9,88,114
9,92,371
9,93,289
9,95,364
9,98,216
9,100,253
9,101,100
9,103,318
9,104,248
9,105,65
9,106,94
9,107,326
9,109,234
9,110,194
9,111,1
9,113,394
9,114,161
9,116,148
9,121,364
9,123,332
9,124,49
9,125,302
9,129,174
9,133,187
9,136,396
9,137,281
9,139,163
9,141,213
9,142,105
9,143,6
9,144,31
9,147,329
9,148,46
9,149,240
9,151,108
9,152,102
9,154,96
9,155,122
9,156,163
9,157,158
9,163,173
9,164,93
9,166,342
9,171,204
9,173,375
9,175,301
9,181,170
9,185,329
9,186,207
9,188,327
9,192,54
9,193,321
9,194,335
10,1,31
10,2,46
10,3,205
10,4,13
10,5,365
10,6,145
10,8,340
10,11,45
10,12,63
10,13,291
10,16,375
10,17,308
10,18,163
10,19,320
10,21,51
10,23,43
10,25,281
10,26,141
10,31,70
10,32,157
10,33,387
10,34,284
10,35,111
10,36,299
10,37,195
10,40,160
10,42,150
10,43,65
10,44,252
10,45,129
10,47,126
10,48,381
10,49,181
10,50,6
10,51,373
10,52,230
10,53,68
10,54,152
10,55,182
10,56,204
10,57,90
10,58,165
10,59,328
10,60,370
10,61,364
10,62,237
10,63,278
10,65,396
10,66,222
10,67,259
10,68,365
10,72,64
10,73,385
10,76,281
10,77,185
10,78,34
10,79,13
10,80,242
10,83,112
10,87,151
10,88,243
10,89,333
10,92,373
10,93,286
10,94,46
10,95,254
10,98,44
10,99,381
10,100,23
10,102,317
10,105,329
10,110,282
10,113,212
10,114,281
10,115,19
10,117,232
10,118,129
10,119,367
10,120,289
10,121,345
10,123,322
10,124,223
10,128,209
10,130,58
10,131,122
10,132,354
10,133,280
10,138,157
10,140,86
10,144,345
10,145,280
10,146,306
10,147,350
10,148,15
10,151,284
10,152,233
10,153,30
10,156,150
10,157,240
10,158,68
10,160,37
10,161,23
10,162,140
10,166,251
10,170,218
10,171,93
10,172,200
10,173,96
10,182,50
10,187,347
10,190,173
10,193,216
10,199,91
11,1,328
11,2,110
11,3,361
11,4,345
11,6,204
11,8,384
11,10,45
11,14,283
11,15,325
11,16,395
11,17,379
11,19,322
11,20,120
11,23,126
11,26,157
11,27,333
11,29,346
11,31,293
11,32,204
11,35,81
11,36,304
11,37,36
11,39,20
11,40,98
11,41,354
11,42,127
11,43,199
11,44,352
11,47,252
11,48,293
11,49,298
11,50,353
11,51,47
11,53,44
11,54,26
11,55,40
11,58,46
11,59,220
11,65,371
11,69,223
11,70,79
11,74,344
11,75,269
11,76,275
11,79,145
11,80,251
11,81,366
11,82,331
11,83,81
11,84,392
11,85,178
11,86,97
11,87,233
11,89,40
11,91,394
11,93,73
11,94,232
11,95,287
11,97,226
11,98,387
11,100,390
11,101,164
11,103,389
11,104,87
11,106,343
11,107,239
11,108,262
11,109,33
11,110,388
11,111,342
11,113,65
11,115,267
11,116,307
11,118,262
11,119,265
11,120,304
11,124,85
11,127,206
11,128,87
11,130,137
11,131,375
11,132,123
11,134,224
11,139,105
11,141,135
11,143,377
11,144,89
11,145,21
11,147,267
11,148,257
11,151,321
11,154,322
11,157,169
11,158,128
11,161,287
11,162,295
11,163,321
11,164,55
11,165,327
11,170,155
11,177,90
11,179,360
11,180,307
11,182,192
11,184,217
11,185,33
11,186,318
11,187,58
11,190,142
11,191,342
11,194,286
11,197,95
12,2,128
12,3,265
12,4,224
12,6,48
12,7,350
12,8,230
12,9,306
12,10,63
12,13,98
12,14,30
12,17,391
12,18,274
12,19,357
12,20,37
12,21,14
12,24,93
12,25,201
12,26,236
12,27,366
12,28,329
12,29,213
12,36,56
12,37,263
12,39,41
12,41,131
12,42,398
12,43,158
12,44,231
12,45,105
12,46,221
12,49,333
12,51,109
12,52,224
12,53,304
12,54,239
12,56,348
12,57,316
12,58,187
12,59,36
12,60,312
12,64,60
12,67,159
12,68,158
12,70,42
12,71,275
12,72,216
12,73,373
12,75,337
12,76,290
12,79,60
12,81,389
12,83,363
12,86,171
12,87,299
12,90,363
12,91,278
12,92,297
12,95,65
12,96,125
12,98,60
12,99,221
12,101,60
12,102,265
12,105,385
12,106,253
12,107,263
12,108,260
12,109,351
12,113,56
12,114,233
12,115,144
12,116,106
12,118,53
12,120,161
12,121,15
12,123,238
12,124,240
12,127,74
12,128,41
12,132,326
12,133,42
12,134,149
12,141,18
12,144,270
12,147,53
12,149,400
12,150,202
12,151,218
12,154,120
12,156,226
12,158,132
12,160,336
12,161,43
12,163,332
12,164,377
12,165,288
12,166,195
12,170,311
12,175,326
12,180,156
12,181,299
12,183,107
12,185,392
12,189,91
12,196,68
12,197,102
12,198,193
13,2,157
13,4,321
13,5,69
13,6,13
13,8,53
13,9,254
13,10,291
13,12,98
13,17,279
13,20,382
13,21,181
13,22,344
13,23,336
13,24,5
13,25,157
13,28,346
13,29,10
13,30,299
13,31,306
13,33,209
13,34,377
13,35,274
13,36,149
13,37,186
13,39,28
13,40,15
13,41,47
13,42,137
13,43,134
13,45,160
13,46,395
13,47,11
13,48,227
13,50,80
13,55,298
13,56,399
13,57,372
13,65,30
13,66,390
13,68,367
13,71,150
13,73,211
13,74,169
13,75,33
13,76,136
13,77,264
13,79,112
13,80,226
13,81,386
13,82,196
13,84,59
13,85,286
13,87,120
13,88,256
13,89,377
13,90,67
13,91,140
13,92,119
13,93,288
13,94,48
13,95,218
13,96,175
13,97,283
13,101,64
13,102,390
13,103,17
13,104,345
13,105,232
13,108,150
13,109,290
13,111,37
13,112,93
13,115,274
13,116,165
13,118,189
13,119,296
13,121,344
13,122,108
13,124,19
13,125,133
13,126,324
13,127,20
13,131,175
13,134,243
13,135,154
13,137,192
13,138,381
13,141,93
13,142,157
13,143,71
13,145,31
13,152,57
13,154,87
13,155,165
13,158,301
13,167,78
13,168,193
13,170,332
13,173,349
13,174,275
13,175,293
13,178,11
13,182,353
13,186,24
13,188,57
13,191,272
13,193,392
13,197,119
13,198,206
13,199,350
14,1,90
14,2,158
14,3,73
14,5,49
14,6,396
14,7,324
14,9,253
14,11,283
14,12,30
14,15,313
14,17,341
14,18,285
14,19,90
14,21,242
14,22,101
14,23,359
14,24,320
14,26,323
14,29,287
14,30,18
14,33,165
14,34,233
14,36,282
14,39,221
14,44,287
14,45,244
14,46,144
14,47,217
14,48,94
14,49,207
14,50,362
14,51,390
14,54,102
14,55,261
14,56,23
14,57,363
14,58,25
14,59,355
14,61,399
14,62,38
14,63,229
14,64,68
14,65,253
14,66,345
14,68,289
14,70,373
14,72,347
14,73,164
14,74,198
14,75,39
14,76,3
14,77,274
14,78,199
14,79,70
14,82,85
14,84,236
14,85,174
14,86,92
14,87,268
14,89,381
14,91,284
14,92,46
14,93,20
14,94,9
14,95,376
14,96,232
14,97,48
14,99,134
14,100,83
14,101,33
14,104,339
14,108,247
14,109,213
14,110,109
14,111,114
14,112,338
14,118,230
14,122,74
14,123,286
14,125,46
14,126,105
14,129,338
14,130,73
14,133,92
14,135,39
14,138,258
14,140,376
14,144,74
14,145,267
14,147,4
14,151,135
14,152,57
14,157,35
14,160,41
14,162,320
14,167,156
14,169,231
14,173,245
14,176,3
14,179,65
14,184,228
14,187,238
14,188,169
14,193,177
14,194,86
14,196,241
14,197,146
14,198,187
15,1,132
15,2,279
15,3,184
15,4,280
15,5,373
15,6,196
15,8,398
15,9,91
15,11,325
15,14,313
15,16,6
15,17,210
15,19,275
15,20,241
15,21,282
15,26,8
15,27,365
15,28,143
15,29,164
15,30,205
15,32,334
15,33,18
15,38,347
15,39,338
15,40,192
15,41,1
15,42,305
15,44,130
15,45,72
15,47,257
15,48,209
15,49,10
15,51,355
15,52,7
15,56,159
15,58,192
15,60,75
15,61,177
15,62,148
15,64,299
15,65,284
15,66,121
15,69,99
15,70,219
15,71,21
15,72,132
15,73,167
15,75,21
15,76,253
15,78,164
15,81,261
15,82,106
15,83,51
15,84,165
15,85,7
15,88,64
15,90,166
15,91,225
15,93,238
15,94,135
15,95,35
15,99,378
15,100,80
15,102,242
15,103,188
15,104,275
15,106,50
15,109,241
15,110,211
15,112,339
15,113,365
15,114,222
15,115,185
15,119,223
15,122,124
15,123,93
15,124,178
15,128,224
15,133,50
15,135,13
15,137,49
15,139,129
15,140,150
15,142,337
15,143,176
15,145,298
15,146,56
15,148,263
15,151,384
15,152,80
15,153,166
15,160,260
15,162,164
15,170,321
15,171,179
15,172,156
15,173,301
15,176,185
15,178,287
15,187,76
15,189,379
15,191,81
15,192,257
15,193,70
15,197,83
16,1,208
16,2,294
16,3,32
16,4,289
16,5,288
16,7,322
16,8,241
16,10,375
16,11,395
16,15,6
16,17,181
16,18,141
16,19,39
16,20,309
16,22,35
16,23,340
16,24,235
16,25,254
16,26,111
16,27,4
16,28,194
16,30,308
16,31,104
16,36,197
16,37,302
16,38,199
16,39,18
16,43,332
16,44,141
16,45,91
16,46,329
16,47,279
16,48,69
16,49,349
16,50,167
16,52,260
16,53,336
16,54,61
16,58,400
16,59,127
16,60,25
16,61,2
16,62,134
16,63,400
16,64,356
16,67,83
16,69,354
16,70,13
16,71,355
16,72,124
16,74,231
16,75,145
16,76,235
16,77,63
16,78,160
16,79,321
16,82,350
16,83,234
16,84,319
16,86,310
16,88,51
16,89,345
16,90,277
16,92,399
16,93,111
16,94,317
16,95,327
16,96,16
16,97,377
16,100,130
16,103,146
16,104,68
16,106,70
16,110,389
16,111,361
16,113,366
16,114,206
16,116,139
16,117,307
16,118,400
16,119,33
16,120,238
16,121,275
16,122,180
16,124,338
16,126,106
16,127,64
16,138,230
16,139,57
16,141,284
16,142,398
16,145,278
16,146,161
16,149,142
16,154,196
16,157,283
16,159,282
16,162,277
16,163,337
16,168,155
16,169,214
16,174,396
16,175,258
16,182,47
16,185,97
16,190,129
16,200,67
17,1,4
17,2,186
17,7,146
17,8,180
17,9,88
17,10,308
17,11,379
17,12,391
17,13,279
17,14,341
17,15,210
17,16,181
17,18,162
17,19,48
17,20,258
17,22,13
17,24,150
17,25,123
17,26,238
17,27,277
17,29,257
17,32,36
17,34,133
17,35,362
17,36,140
17,37,68
17,38,260
17,39,368
17,41,72
17,42,202
17,43,128
17,46,4
17,49,142
17,50,91
17,52,350
17,53,40
17,55,376
17,57,136
17,58,102
17,60,164
17,61,165
17,62,152
17,63,104
17,64,60
17,65,149
17,67,104
17,69,165
17,70,253
17,72,265
17,73,297
17,74,200
17,75,286
17,76,332
17,77,215
17,78,307
17,82,130
17,84,66
17,85,265
17,86,169
17,87,47
17,90,73
17,91,247
17,92,194
17,95,287
17,96,275
17,101,46
17,102,105
17,103,213
17,105,273
17,107,291
17,108,55
17,109,197
17,110,13
17,111,130
17,116,389
17,117,29
17,119,324
17,120,249
17,121,377
17,122,360
17,123,142
17,126,263
17,128,317
17,129,102
17,133,103
17,135,147
17,137,379
17,138,113
17,145,135
17,148,1
17,149,347
17,151,390
17,155,214
17,157,243
17,160,339
17,161,352
17,162,123
17,163,271
17,165,41
17,166,142
17,168,344
17,169,195
17,170,78
17,171,263
17,175,45
17,180,105
17,186,362
17,187,270
17,189,89
17,191,375
17,194,58
17,197,398
17,198,363
17,199,86
18,1,316
18,2,23
18,3,206
18,7,26
18,8,227
18,10,163
18,12,274
18,14,285
18,16,141
18,17,162
18,19,331
18,20,351
18,21,83
18,23,254
18,24,198
18,25,46
18,26,176
18,28,293
18,29,385
18,30,122
18,31,348
18,33,293
18,34,76
18,35,257
18,36,187
18,38,249
18,39,303
18,41,238
18,42,244
18,43,95
18,45,303
18,47,227
18,48,75
18,49,55
18,51,12
18,54,234
18,55,188
18,56,134
18,59,155
18,60,392
18,62,267
18,63,322
18,65,357
18,66,213
18,68,42
18,69,392
18,70,101
18,73,154
18,74,20
18,75,240
18,79,146
18,80,336
18,82,26
18,83,240
18,84,341
18,85,357
18,86,96
18,87,163
18,89,25
18,91,397
18,93,306
18,94,395
18,98,83
18,101,106
18,102,38
18,103,329
18,104,226
18,106,329
18,107,303
18,110,65
18,111,304
18,115,305
18,119,129
18,128,75
18,130,43
18,131,103
18,132,294
18,133,49
18,135,58
18,140,187
18,143,312
18,145,296
18,146,24
18,148,272
18,151,129
18,157,232
18,158,382
18,159,314
18,161,248
18,169,379
18,170,208
18,172,230
18,173,1
18,174,337
18,175,228
18,177,197
18,180,48
18,183,133
18,185,216
18,192,341
18,193,146
18,195,324
18,199,189
18,200,324
19,1,396
19,3,394
19,4,80
19,5,143
19,6,311
19,9,136
19,10,320
19,11,322
19,12,357
19,14,90
19,15,275
19,16,39
19,17,48
19,18,331
19,20,234
19,21,375
19,22,67
19,23,284
19,24,304
19,25,158
19,26,317
19,27,72
19,30,319
19,31,102
19,33,347
19,35,331
19,37,241
19,38,256
19,42,326
19,44,244
19,45,355
19,49,102
19,50,331
19,53,292
19,54,230
19,55,263
19,56,151
19,57,182
19,64,50
19,65,33
19,67,174
19,68,157
19,69,130
19,73,397
19,74,86
19,75,274
19,76,122
19,77,151
19,78,152
19,79,325
19,80,50
19,82,45
19,84,349
19,85,90
19,86,211
19,89,394
19,91,32
19,92,328
19,93,252
19,94,86
19,95,368
19,96,142
19,97,121
19,98,197
19,99,260
19,101,73
19,102,387
19,104,85
19,107,70
19,108,103
19,110,336
19,115,38
19,117,353
19,118,347
19,122,119
19,128,183
19,132,265
19,133,47
19,135,211
19,137,381
19,139,287
19,140,348
19,141,227
19,142,350
19,146,208
19,147,191
19,148,32
19,149,380
19,150,360
19,152,6
19,153,140
19,157,329
19,167,366
19,171,217
19,172,158
19,174,295
19,176,147
19,177,236
19,180,139
19,181,277
19,182,324
19,183,393
19,184,83
19,185,145
19,187,77
19,189,303
19,190,52
19,194,368
20,1,124
20,2,285
20,3,129
20,4,376
20,6,124
20,7,126
20,8,283
20,11,120
20,12,37
20,13,382
20,15,241
20,16,309
20,17,258
20,18,351
20,19,234
20,22,114
20,24,296
20,26,150
20,27,394
20,30,55
20,32,11
20,34,194
20,35,126
20,37,125
20,41,135
20,42,98
20,44,259
20,45,26
20,47,130
20,48,389
20,49,287
20,51,198
20,53,239
20,54,34
20,55,315
20,57,260
20,59,100
20,60,207
20,61,174
20,62,66
20,64,227
20,65,331
20,66,69
20,67,162
20,68,69
20,69,224
20,70,375
20,73,202
20,74,116
20,76,367
20,77,93
20,81,37
20,82,167
20,83,266
20,84,357
20,85,288
20,86,314
20,87,386
20,88,370
20,89,203
20,90,151
20,92,68
20,93,199
20,99,97
20,102,235
20,107,183
20,108,54
20,109,209
20,114,71
20,115,391
20,117,27
20,118,357
20,119,48
20,123,55
20,125,104
20,130,129
20,132,128
20,134,178
20,135,344
20,136,394
20,137,214
20,140,18
20,141,246
20,143,63
20,145,172
20,147,137
20,148,335
20,149,314
20,152,196
20,156,39
20,157,310
20,160,130
20,163,396
20,164,24
20,168,232
20,177,313
20,183,194
20,184,217
20,185,342
20,190,343
20,192,179
20,193,71
20,197,55
20,199,95
20,200,379
21,2,384
21,3,187
21,4,134
21,5,347
21,8,290
21,9,18
21,10,51
21,12,14
21,13,181
21,14,242
21,15,282
21,18,83
21,19,375
21,22,195
21,24,328
21,27,232
21,29,174
21,30,247
21,31,241
21,32,254
21,33,394
21,34,341
21,35,96
21,36,288
21,37,300
21,38,328
21,39,20
21,40,294
21,42,191
21,44,251
21,48,23
21,52,160
21,55,154
21,56,362
21,61,233
21,62,150
21,63,14
21,64,256
21,65,71
21,68,121
21,69,131
21,74,221
21,75,394
21,77,197
21,78,217
21,79,327
21,80,134
21,81,218
21,82,215
21,84,245
21,86,331
21,87,129
21,89,14
21,93,21
21,94,181
21,95,350
21,96,236
21,97,267
21,101,368
21,104,277
21,105,160
21,106,366
21,110,271
21,111,399
21,112,352
21,116,35
21,126,291
21,127,147
21,128,25
21,131,52
21,133,135
21,136,355
21,137,343
21,138,1
21,139,219
21,140,63
21,144,10
21,146,297
21,147,373
21,148,78
21,149,183
21,152,82
21,157,224
21,160,171
21,162,310
21,164,54
21,165,191
21,169,316
21,173,25
21,174,396
21,179,232
21,180,303
21,181,396
21,183,338
21,187,397
21,189,225
21,192,307
21,193,144
21,199,125
21,200,314
22,1,134
22,3,236
22,4,260
22,5,377
22,6,246
22,7,23
22,8,79
22,9,263
22,13,344
22,14,101
22,16,35
22,17,13
22,19,67
22,20,114
22,21,195
22,23,394
22,24,138
22,25,42
22,26,81
22,27,153
22,28,344
22,29,195
22,33,146
22,34,141
22,35,385
22,36,131
22,37,28
22,39,47
22,41,239
22,43,368
22,44,93
22,45,250
22,46,361
22,47,134
22,48,284
22,49,1
22,51,123
22,54,353
22,55,44
22,58,35
22,59,224
22,60,319
22,61,9
22,63,206
22,65,108
22,67,112
22,68,392
22,69,57
22,71,97
22,72,239
22,73,264
22,74,384
22,76,378
22,78,46
22,79,188
22,81,263
22,83,59
22,84,287
22,85,107
22,86,18
22,87,146
22,88,372
22,89,392
22,90,79
22,92,122
22,94,221
22,95,240
22,97,200
22,98,266
22,99,223
22,100,323
22,102,101
22,103,44
22,104,14
22,105,321
22,113,350
22,114,222
22,116,167
22,118,161
22,119,353
22,120,192
22,122,256
22,124,291
22,126,46
22,127,45
22,131,313
22,133,68
22,137,298
22,139,378
22,145,220
22,146,215
22,147,233
22,148,262
22,149,328
22,154,172
22,156,351
22,157,14
22,158,154
22,159,7
22,163,342
22,165,225
22,172,271
22,175,387
22,176,387
22,178,302
22,180,238
22,182,133
22,184,191
22,188,118
22,189,91
22,191,196
22,199,185
23,1,351
23,2,285
23,3,233
23,5,241
23,6,101
23,8,323
23,9,179
23,10,43
23,11,126
23,13,336
23,14,359
23,16,340
23,18,254
23,19,284
23,22,394
23,24,95
23,25,83
23,27,71
23,30,33
23,31,20
23,32,32
23,34,2
23,35,95
23,36,133
23,37,159
23,38,324
23,40,193
23,42,97
23,43,148
23,45,87
23,50,275
23,51,380
23,53,118
23,56,332
23,57,378
23,59,211
23,60,92
23,61,159
23,62,33
23,63,280
23,66,138
23,72,60
23,73,294
23,74,75
23,75,58
23,77,72
23,79,26
23,80,52
23,81,227
23,82,315
23,84,119
23,85,181
23,86,389
23,87,350
23,89,73
23,90,276
23,91,296
23,93,233
23,95,125
23,96,355
23,97,385
23,100,314
23,102,278
23,108,324
23,111,34
23,112,146
23,113,52
23,114,36
23,117,73
23,118,252
23,119,353
23,123,50
23,125,117
23,133,13
23,134,136
23,136,329
23,137,142
23,140,60
23,145,354
23,146,33
23,149,35
23,150,321
23,153,226
23,155,317
23,158,1
23,161,302
23,162,80
23,165,343
23,168,27
23,171,300
23,173,256
23,174,241
23,176,314
23,183,285
23,185,118
23,186,320
23,190,242
23,193,347
23,194,206
23,195,52
23,196,333
23,200,146
24,3,150
24,7,194
24,8,64
24,9,107
24,12,93
24,13,5
24,14,320
24,16,235
24,17,150
24,18,198
24,19,304
24,20,296
24,21,328
24,22,138
24,23,95
24,26,322
24,27,222
24,28,168
24,30,363
24,33,32
24,34,59
24,35,224
24,36,243
24,38,225
24,40,347
24,44,34
24,45,46
24,46,347
24,47,25
24,48,362
24,50,122
24,53,371
24,54,350
24,55,3
24,56,206
24,57,220
24,58,185
24,59,272
24,61,334
24,62,281
24,63,108
24,64,367
24,66,91
24,67,110
24,69,117
24,70,142
24,71,153
24,72,253
24,73,381
24,76,384
24,77,388
24,81,105
24,82,76
24,83,310
24,84,136
24,85,271
24,86,79
24,88,22
24,89,324
24,90,381
24,92,302
24,93,325
24,94,233
24,96,340
24,97,165
24,101,49
24,102,65
24,103,219
24,104,174
24,106,215
24,108,191
24,109,127
24,111,399
24,113,38
24,114,196
24,116,296
24,117,331
24,118,226
24,120,141
24,121,189
24,122,71
24,128,79
24,134,210
24,136,143
24,138,388
24,140,32
24,141,33
24,144,121
24,147,391
24,148,394
24,149,217
24,150,164
24,151,106
24,156,399
24,159,84
24,161,216
24,163,14
24,165,279
24,166,271
24,169,147
24,173,296
24,174,324
24,176,49
24,177,68
24,179,36
24,181,149
24,182,162
24,184,219
24,187,10
24,192,330
24,194,169
24,195,100
24,196,31
25,1,73
25,2,395
25,3,148
25,4,214
25,5,348
25,6,246
25,7,356
25,9,331
25,10,281
25,12,201
25,13,157
25,16,254
25,17,123
25,18,46
25,19,158
25,22,42
25,23,83
25,26,280
25,29,258
25,32,318
25,33,218
25,35,92
25,36,194
25,37,297
25,38,55
25,39,50
25,40,398
25,41,202
25,42,156
25,43,32
25,44,113
25,45,290
25,46,64
25,49,27
25,50,294
25,51,353
25,52,254
25,56,147
25,57,320
25,58,276
25,59,258
25,63,157
25,66,133
25,67,399
25,68,118
25,70,44
25,71,193
25,73,120
25,76,346
25,77,76
25,78,217
25,81,155
25,83,331
25,88,309
25,89,117
25,91,247
25,93,312
25,95,236
25,97,88
25,98,348
25,100,21
25,102,337
25,103,239
25,107,385
25,109,352
25,110,76
25,111,247
25,112,273
25,115,63
25,116,389
25,118,94
25,119,310
25,120,139
25,124,194
25,125,49
25,126,398
25,128,336
25,135,233
25,137,145
25,139,260
25,140,166
25,144,322
25,146,306
25,147,274
25,148,56
25,151,99
25,152,51
25,154,274
25,156,141
25,159,294
25,161,309
25,164,255
25,167,382
25,168,81
25,169,374
25,176,63
25,177,250
25,179,303
25,180,10
25,183,71
25,184,121
25,186,368
25,188,185
25,189,176
25,191,398
25,194,279
25,196,339
25,198,365
25,200,230
26,2,51
26,6,63
26,8,20
26,10,141
26,11,157
26,12,236
26,14,323
26,15,8
26,16,111
26,17,238
26,18,176
26,19,317
26,20,150
26,22,81
26,24,322
26,25,280
26,27,285
26,28,220
26,30,78
26,33,1
26,34,362
26,35,94
26,36,244
26,37,289
26,38,103
26,39,380
26,41,92
26,42,1
26,43,347
26,45,326
26,46,205
26,47,278
26,48,44
26,49,152
26,50,2
26,53,277
26,54,59
26,55,121
26,57,377
26,59,133
26,61,173
26,64,162
26,66,263
26,67,376
26,68,188
26,69,35
26,72,295
26,74,376
26,76,257
26,77,64
26,78,126
26,79,37
26,80,209
26,81,367
26,85,215
26,86,366
26,87,278
26,88,31
26,89,144
26,90,286
26,93,391
26,94,385
26,95,220
26,97,202
26,99,74
26,100,240
26,101,204
26,103,17
26,106,251
26,107,204
26,110,83
26,112,400
26,113,175
26,114,32
26,116,371
26,117,272
26,119,256
26,121,363
26,122,381
26,125,226
26,126,380
26,130,83
26,131,160
26,133,351
26,138,23
26,141,195
26,143,145
26,145,306
26,149,217
26,150,80
26,151,9
26,152,181
26,153,36
26,154,331
26,155,155
26,158,91
26,159,366
26,160,27
26,161,396
26,163,335
26,164,163
26,167,102
26,170,3
26,174,237
26,176,302
26,178,205
26,179,204
26,180,385
26,182,192
26,184,385
26,188,174
26,199,329
27,1,93
27,2,237
27,3,286
27,4,248
27,5,322
27,6,196
27,7,316
27,9,240
27,11,333
27,12,366
27,15,365
27,16,4
27,17,277
27,19,72
27,20,394
27,21,232
27,22,153
27,23,71
27,24,222
27,26,285
27,29,38
27,30,30
27,31,346
27,34,168
27,36,237
27,37,94
27,39,213
27,40,24
27,44,60
27,45,85
27,46,94
27,50,273
27,52,274
27,54,332
27,55,320
27,56,239
27,57,234
27,58,233
27,59,379
27,60,341
27,61,133
27,62,92
27,64,339
27,65,290
27,66,153
27,67,26
27,68,183
27,69,188
27,70,265
27,71,384
27,73,382
27,74,42
27,75,24
27,76,7
27,78,258
27,80,51
27,82,44
27,83,174
27,84,355
27,88,266
27,89,253
27,90,8
27,92,149
27,93,146
27,94,372
27,97,7
27,98,364
27,99,161
27,100,60
27,104,237
27,106,144
27,108,217
27,112,89
27,115,252
27,117,347
27,118,224
27,119,22
27,120,310
27,121,207
27,122,56
27,123,311
27,124,252
27,125,392
27,129,219
27,133,96
27,135,94
27,136,95
27,139,240
27,142,71
27,144,383
27,153,272
27,155,294
27,156,398
27,157,195
27,159,34
27,164,37
27,165,121
27,168,35
27,170,82
27,171,196
27,173,373
27,175,349
27,181,348
27,185,287
27,190,341
27,192,79
27,194,145
27,195,318
27,196,374
27,197,36
27,198,285
27,199,125
28,1,288
28,2,18
28,4,379
28,7,154
28,8,258
28,12,329
28,13,346
28,15,143
28,16,194
28,18,293
28,22,344
28,24,168
28,26,220
28,30,65
28,31,16
28,32,226
28,33,333
28,34,306
28,35,310
28,38,131
28,39,149
28,40,282
28,41,328
28,42,201
28,45,235
28,47,38
28,49,33
28,50,350
28,51,140
28,54,330
28,55,224
28,56,175
28,57,105
28,58,233
28,61,197
28,64,159
28,65,267
28,66,138
28,67,71
28,68,95
28,69,359
28,70,22
28,71,353
28,72,237
28,73,341
28,74,142
28,75,32
28,77,30
28,80,219
28,82,125
28,83,29
28,85,2
28,86,213
28,87,82
28,90,63
28,93,313
28,94,12
28,97,186
28,98,340
28,99,284
28,102,189
28,104,229
28,107,190
28,109,61
28,112,7
28,114,276
28,115,180
28,116,191
28,120,356
28,121,114
28,122,256
28,123,351
28,124,46
28,127,309
28,130,249
28,133,202
28,134,61
28,136,345
28,137,385
28,139,289
28,143,234
28,144,218
28,146,206
28,148,366
28,157,96
28,158,70
28,160,375
28,164,237
28,166,30
28,168,173
28,169,160
28,172,222
28,173,188
28,174,66
28,176,331
28,179,214
28,182,27
28,186,340
28,194,232
28,195,98
28,196,25
29,2,72
29,3,342
29,4,196
29,8,69
29,9,88
29,11,346
29,12,213
29,13,10
29,14,287
29,15,164
29,17,257
29,18,385
29,21,174
29,22,195
29,25,258
29,27,38
29,30,167
29,33,286
29,35,162
29,36,103
29,37,142
29,38,245
29,39,299
29,40,85
29,41,109
29,43,374
29,45,208
29,46,81
29,47,152
29,48,386
29,50,99
29,51,310
29,53,336
29,55,315
29,56,291
29,57,135
29,60,289
29,63,15
29,64,1
29,67,249
29,68,310
29,69,84
29,70,292
29,71,45
29,72,305
29,74,378
29,75,222
29,76,185
29,77,305
29,78,241
29,80,158
29,81,309
29,82,312
29,83,286
29,84,150
29,88,201
29,90,163
29,91,38
29,92,276
29,93,223
29,95,287
29,97,155
29,98,15
29,99,383
29,101,166
29,103,386
29,104,295
29,105,46
29,109,259
29,110,199
29,112,53
29,114,222
29,115,247
29,117,249
29,119,9
29,122,215
29,123,263
29,124,164
29,127,207
29,131,10
29,132,166
29,133,151
29,134,337
29,136,214
29,137,52
29,138,364
29,139,348
29,140,198
29,143,365
29,146,247
29,147,296
29,148,314
29,150,261
29,151,173
29,157,136
29,159,337
29,160,233
29,161,151
29,164,310
29,169,95
29,170,195
29,171,96
29,176,343
29,178,360
29,180,234
29,183,80
29,187,101
29,193,100
29,196,173
29,198,298
29,199,277
30,1,102
30,2,33
30,3,341
30,5,126
30,13,299
30,14,18
30,15,205
30,16,308
30,18,122
30,19,319
30,20,55
30,21,247
30,23,33
30,24,363
30,26,78
30,27,30
30,28,65
30,29,167
30,31,318
30,32,157
30,33,243
30,34,86
30,35,130
30,36,49
30,38,92
30,39,225
30,40,131
30,41,389
30,42,301
30,43,305
30,45,394
30,46,380
30,47,21
30,51,383
30,53,374
30,54,26
30,55,186
30,56,114
30,57,163
30,58,294
30,61,128
30,62,232
30,63,218
30,65,248
30,66,21
30,67,106
30,70,121
30,71,55
30,73,95
30,74,313
30,75,223
30,76,327
30,77,232
30,78,384
30,79,8
30,80,207
30,82,388
30,84,118
30,85,168
30,86,350
30,87,361
30,89,286
30,91,202
30,93,110
30,94,304
30,96,164
30,97,57
30,103,377
30,104,128
30,106,15
30,107,76
30,108,179
30,111,199
30,113,398
30,114,186
30,115,353
30,119,134
30,120,266
30,124,309
30,125,260
30,127,266
30,128,297
30,129,86
30,130,145
30,133,62
30,134,328
30,135,127
30,138,115
30,139,267
30,140,24
30,142,213
30,143,101
30,152,372
30,154,297
30,155,355
30,158,239
30,159,68
30,162,28
30,163,199
30,166,175
30,167,336
30,168,170
30,169,182
30,172,355
30,173,193
30,174,240
30,175,359
30,176,236
30,177,207
30,179,75
30,180,383
30,181,219
30,182,241
30,184,344
30,188,49
30,193,250
30,195,183
30,197,382
31,2,195
31,3,189
31,5,242
31,6,150
31,7,103
31,8,84
31,9,278
31,10,70
31,11,293
31,13,306
31,16,104
31,18,348
31,19,102
31,21,241
31,23,20
31,27,346
31,28,16
31,30,318
31,32,214
31,34,283
31,35,23
31,36,254
31,39,232
31,40,88
31,41,83
31,42,265
31,43,159
31,45,383
31,46,118
31,47,241
31,49,218
31,50,72
31,51,57
31,52,63
31,54,35
31,57,66
31,58,13
31,59,226
31,60,299
31,63,2
31,64,140
31,66,196
31,67,384
31,70,111
31,71,95
31,73,265
31,74,202
31,75,278
31,76,253
31,77,199
31,78,388
31,79,97
31,80,280
31,81,300
31,83,5
31,84,76
31,90,340
31,91,131
31,92,128
31,93,363
31,96,209
31,99,156
31,100,308
31,101,370
31,102,29
31,103,326
31,105,221
31,106,27
31,108,228
31,109,241
31,110,170
31,111,257
31,113,23
31,114,258
31,116,291
31,119,304
31,123,13
31,124,48
31,125,179
31,126,400
31,127,53
31,128,361
31,129,29
31,130,217
31,132,127
31,135,182
31,139,158
31,141,85
31,142,112
31,145,98
31,146,137
31,148,323
31,153,79
31,158,141
31,162,222
31,166,108
31,167,149
31,169,323
31,173,220
31,174,14
31,177,268
31,182,184
31,185,328
31,188,369
31,189,81
31,199,151
32,1,139
32,2,362
32,3,257
32,4,138
32,5,15
32,6,310
32,7,237
32,8,143
32,9,240
32,10,157
32,11,204
32,15,334
32,17,36
32,20,11
32,21,254
32,23,32
32,25,318
32,28,226
32,30,157
32,31,214
32,33,37
32,34,331
32,35,64
32,39,390
32,40,261
32,44,11
32,45,341
32,46,88
32,48,387
32,49,283
32,50,176
32,51,111
32,52,393
32,54,372
32,55,261
32,57,398
32,58,280
32,60,317
32,61,61
32,63,241
32,64,122
32,66,60
32,67,137
32,68,106
32,69,218
32,73,400
32,74,276
32,75,344
32,76,183
32,77,343
32,80,11
32,81,262
32,83,311
32,84,242
32,85,178
32,86,316
32,87,368
32,91,387
32,94,366
32,96,37
32,98,296
32,99,396
32,100,266
32,102,82
32,103,9
32,104,226
32,105,117
32,106,391
32,110,120
32,111,112
32,115,387
32,116,245
32,121,337
32,123,225
32,124,223
32,126,171
32,128,54
32,130,250
32,132,143
32,134,325
32,137,77
32,140,57
32,145,112
32,149,216
32,150,315
32,153,43
32,154,195
32,165,242
32,166,68
32,167,23
32,169,305
32,172,54
32,174,336
32,175,390
32,176,221
32,177,359
32,178,121
32,183,346
32,185,250
32,187,176
32,189,246
32,191,116
32,192,274
32,195,384
32,197,161
32,199,340
33,1,226
33,3,224
33,4,375
33,5,109
33,6,163
33,7,215
33,9,387
33,10,387
33,13,209
33,14,165
33,15,18
33,18,293
33,19,347
33,21,394
33,22,146
33,24,32
33,25,218
33,26,1
33,28,333
33,29,286
33,30,243
33,32,37
33,34,385
33,35,84
33,36,192
33,37,356
33,38,119
33,39,295
33,40,119
33,41,128
33,43,64
33,44,369
33,46,112
33,47,99
33,48,218
33,53,102
33,55,72
33,56,334
33,57,139
33,58,338
33,59,255
33,63,110
33,65,310
33,66,254
33,68,368
33,69,386
33,70,136
33,71,182
33,72,232
33,75,88
33,76,129
33,77,11
33,79,55
33,82,70
33,84,150
33,85,65
33,86,269
33,87,244
33,88,90
33,91,27
33,93,393
33,95,321
33,96,120
33,97,203
33,100,23
33,101,20
33,102,242
33,109,279
33,110,120
33,112,355
33,114,38
33,115,109
33,117,369
33,119,243
33,120,371
33,125,53
33,126,138
33,128,84
33,129,207
33,131,307
33,133,154
33,136,143
33,138,203
33,140,178
33,141,371
33,142,216
33,143,346
33,146,394
33,147,220
33,150,148
33,151,317
33,154,61
33,155,213
33,158,200
33,159,339
33,161,319
33,165,25
33,170,186
33,171,301
33,172,53
33,173,26
33,174,387
33,179,280
33,181,258
33,186,118
33,190,115
33,193,292
33,196,339
33,197,172
33,198,363
34,1,390
34,2,387
34,3,127
34,4,67
34,6,390
34,10,284
34,13,377
34,14,233
34,17,133
34,18,76
34,20,194
34,21,341
34,22,141
34,23,2
34,24,59
34,26,362
34,27,168
34,28,306
34,30,86
34,31,283
34,32,331
34,33,385
34,35,241
34,37,96
34,38,28
34,39,101
34,41,185
34,42,333
34,43,90
34,44,332
34,45,5
34,46,269
34,50,262
34,51,92
34,52,368
34,53,159
34,54,314
34,55,334
34,56,281
34,59,76
34,60,34
34,61,274
34,62,62
34,63,395
34,64,147
34,65,164
34,66,101
34,73,330
34,76,241
34,77,109
34,80,298
34,81,276
34,82,343
34,83,32
34,84,117
34,86,168
34,90,216
34,91,78
34,94,201
34,97,129
34,98,136
34,100,210
34,105,112
34,106,47
34,108,15
34,112,143
34,113,370
34,116,295
34,118,149
34,119,108
34,120,90
34,123,90
34,125,230
34,127,377
34,131,246
34,132,168
34,133,258
34,135,124
34,136,217
34,137,168
34,139,151
34,141,136
34,142,195
34,144,12
34,145,378
34,146,317
34,149,355
34,153,14
34,156,298
34,165,241
34,166,245
34,168,130
34,171,200
34,178,218
34,181,354
34,184,280
34,188,182
34,189,297
34,190,5
34,191,246
34,193,350
34,195,233
34,197,116
34,198,84
34,199,194
35,2,211
35,3,226
35,4,97
35,5,181
35,6,23
35,9,234
35,10,111
35,11,81
35,13,274
35,17,362
35,18,257
35,19,331
35,20,126
35,21,96
35,22,385
35,23,95
35,24,224
35,25,92
35,26,94
35,28,310
35,29,162
35,30,130
35,31,23
35,32,64
35,33,84
35,34,241
35,36,285
35,37,207
35,38,120
35,40,277
35,44,294
35,47,355
35,49,179
35,52,210
35,59,89
35,60,322
35,61,9
35,62,352
35,63,279
35,65,295
35,67,249
35,68,14
35,69,372
35,71,48
35,73,345
35,74,344
35,76,379
35,77,43
35,78,73
35,81,1
35,82,169
35,83,155
35,85,2
35,86,79
35,88,306
35,89,228
35,91,276
35,92,185
35,94,183
35,95,143
35,97,394
35,98,91
35,101,95
35,103,352
35,104,267
35,106,47
35,107,139
35,108,367
35,109,339
35,111,176
35,112,28
35,114,97
35,118,344
35,122,39
35,125,173
35,126,25
35,131,84
35,132,97
35,133,96
35,134,366
35,136,63
35,138,43
35,140,396
35,141,31
35,143,30
35,149,191
35,150,288
35,154,45
35,155,11
35,166,104
35,168,58
35,169,336
35,175,256
35,188,234
35,189,49
35,198,8
35,200,186
36,2,374
36,3,182
36,4,113
36,8,298
36,9,359
36,10,299
36,11,304
36,12,56
36,13,149
36,14,282
36,16,197
36,17,140
36,18,187
36,21,288
36,22,131
36,23,133
36,24,243
36,25,194
36,26,244
36,27,237
36,29,103
36,30,49
36,31,254
36,33,192
36,35,285
36,37,104
36,38,29
36,41,311
36,42,119
36,43,137
36,45,159
36,47,174
36,48,50
36,49,321
36,50,161
36,51,50
36,53,393
36,54,132
36,55,159
36,57,390
36,58,78
36,62,234
36,63,216
36,64,351
36,66,98
36,74,387
36,78,137
36,79,210
36,80,183
36,81,126
36,83,387
36,86,305
36,87,306
36,89,357
36,90,139
36,95,219
36,99,241
36,101,146
36,105,217
36,107,284
36,108,224
36,110,201
36,111,366
36,113,169
36,114,210
36,117,219
36,118,31
36,119,50
36,120,82
36,121,398
36,122,198
36,123,15
36,125,255
36,127,101
36,128,39
36,131,3
36,132,72
36,133,226
36,134,315
36,135,155
36,136,47
36,138,66
36,141,115
36,142,400
36,145,193
36,146,188
36,147,8
36,149,225
36,152,342
36,154,221
36,155,155
36,162,306
36,166,214
36,167,374
36,170,317
36,171,251
36,172,65
36,175,360
36,176,176
36,178,209
36,179,46
36,183,351
36,185,141
36,186,94
36,188,156
36,190,266
36,192,140
36,193,21
36,194,148
36,197,131
36,198,292
37,1,324
37,3,348
37,4,55
37,5,306
37,6,194
37,8,93
37,10,195
37,11,36
37,12,263
37,13,186
37,16,302
37,17,68
37,19,241
37,20,125
37,21,300
37,22,28
37,23,159
37,25,297
37,26,289
37,27,94
37,29,142
37,33,356
37,34,96
37,35,207
37,36,104
37,39,315
37,41,380
37,42,156
37,43,149
37,44,100
37,46,198
37,47,243
37,48,275
37,49,359
37,51,325
37,55,53
37,58,28
37,59,126
37,60,349
37,61,90
37,62,274
37,63,393
37,68,106
37,69,214
37,72,26
37,74,152
37,75,19
37,76,168
37,77,35
37,78,60
37,80,315
37,83,295
37,85,33
37,91,145
37,92,136
37,94,209
37,95,343
37,97,243
37,98,284
37,99,195
37,101,382
37,102,188
37,104,10
37,105,145
37,106,60
37,109,386
37,111,148
37,112,360
37,114,187
37,116,144
37,119,340
37,120,265
37,122,367
37,123,208
37,124,18
37,125,136
37,126,154
37,128,195
37,131,155
37,132,352
37,140,275
37,141,386
37,150,398
37,153,302
37,156,166
37,157,8
37,159,359
37,160,193
37,161,57
37,162,202
37,164,121
37,168,280
37,169,160
37,172,238
37,175,360
37,179,322
37,183,306
37,186,102
37,187,152
37,189,135
37,190,121
37,192,366
37,197,188
38,2,315
38,3,69
38,7,76
38,8,225
38,15,347
38,16,199
38,17,260
38,18,249
38,19,256
38,21,328
38,23,324
38,24,225
38,25,55
38,26,103
38,28,131
38,29,245
38,30,92
38,33,119
38,34,28
38,35,120
38,36,29
38,39,105
38,41,115
38,42,161
38,43,217
38,44,357
38,46,398
38,49,359
38,50,88
38,51,183
38,55,367
38,56,38
38,59,381
38,60,318
38,61,236
38,62,161
38,63,223
38,64,296
38,65,158
38,66,36
38,67,126
38,68,302
38,69,144
38,70,116
38,71,112
38,72,382
38,73,308
38,74,46
38,75,45
38,77,212
38,79,355
38,80,185
38,81,370
38,82,223
38,83,109
38,85,322
38,86,76
38,87,169
38,88,126
38,89,225
38,91,127
38,92,261
38,93,392
38,96,53
38,97,286
38,99,46
38,100,76
38,101,136
38,102,63
38,103,2
38,104,29
38,106,366
38,107,121
38,108,51
38,109,66
38,111,116
