source,target,weight
1,2,253
1,3,321
1,4,121
1,5,23
1,9,118
1,10,106
1,12,284
1,13,372
1,14,144
1,17,368
1,18,226
1,19,213
1,20,197
1,21,71
1,22,347
1,23,21
1,24,36
1,25,16
1,28,186
1,29,389
1,31,224
1,34,160
1,35,47
1,36,370
1,37,383
1,39,32
1,40,23
1,41,63
1,43,396
1,45,99
1,46,253
1,47,175
1,48,62
1,50,207
1,51,239
1,53,212
1,54,99
1,55,222
1,56,163
1,57,356
1,59,6
1,61,129
1,63,20
1,64,263
1,65,18
1,66,319
1,67,244
1,68,214
1,69,118
1,71,181
1,72,325
1,73,298
1,74,81
1,75,171
1,76,187
1,78,141
1,79,181
1,80,128
1,83,71
1,84,56
1,85,306
1,87,114
1,88,198
1,90,36
1,93,217
1,95,187
1,97,13
1,103,66
1,104,162
1,106,245
1,107,290
1,109,370
1,110,311
1,111,1
1,112,322
1,115,337
1,116,263
1,120,69
1,121,85
1,122,88
1,130,182
1,131,393
1,134,54
1,137,272
1,141,33
1,143,268
1,147,300
1,154,377
1,155,147
1,158,277
1,162,162
1,165,154
1,168,102
1,169,40
1,173,117
1,181,98
1,182,37
1,183,215
1,185,233
1,187,298
1,189,151
1,196,119
1,199,239
2,1,253
2,3,194
2,4,184
2,5,143
2,6,349
2,7,95
2,8,45
2,9,8
2,10,59
2,11,290
2,12,130
2,17,304
2,18,174
2,19,8
2,22,155
2,23,349
2,24,124
2,25,291
2,27,73
2,28,195
2,29,140
2,31,62
2,33,22
2,34,166
2,37,337
2,38,203
2,39,246
2,41,132
2,42,217
2,44,74
2,45,312
2,46,238
2,47,121
2,49,395
2,51,306
2,52,326
2,58,304
2,59,99
2,62,167
2,65,5
2,66,376
2,67,385
2,68,43
2,71,134
2,75,175
2,76,56
2,77,251
2,81,167
2,87,145
2,92,77
2,93,100
2,99,153
2,100,264
2,101,312
2,103,351
2,105,13
2,107,119
2,108,150
2,113,281
2,114,148
2,115,348
2,116,352
2,119,73
2,121,349
2,122,20
2,125,272
2,127,218
2,132,244
2,133,374
2,135,339
2,139,337
2,143,241
2,151,137
2,154,185
2,159,270
2,162,267
2,164,285
2,171,28
2,173,292
2,174,83
2,177,300
2,178,290
2,179,232
2,188,263
2,192,263
2,194,106
2,196,101
2,199,67
3,1,321
3,2,194
3,4,73
3,5,188
3,6,389
3,7,306
3,8,95
3,9,156
3,10,179
3,11,173
3,12,120
3,13,85
3,14,5
3,18,100
3,20,42
3,21,347
3,22,193
3,23,75
3,24,149
3,25,319
3,26,173
3,28,96
3,29,8
3,30,214
3,32,319
3,35,168
3,37,209
3,38,37
3,39,191
3,40,258
3,42,395
3,44,25
3,45,277
3,46,95
3,48,327
3,49,159
3,50,258
3,51,120
3,52,115
3,53,66
3,54,123
3,55,155
3,56,121
3,57,365
3,60,167
3,62,389
3,64,325
3,65,65
3,66,156
3,69,75
3,70,235
3,71,117
3,73,324
3,74,156
3,75,308
3,79,210
3,81,199
3,83,268
3,86,122
3,89,148
3,91,243
3,93,315
3,96,11
3,97,328
3,98,131
3,102,27
3,103,365
3,104,37
3,113,183
3,115,399
3,116,101
3,119,56
3,121,328
3,124,225
3,125,48
3,127,37
3,131,20
3,134,153
3,135,110
3,139,96
3,146,248
3,147,358
3,150,239
3,154,285
3,159,241
3,166,197
3,179,279
3,183,299
3,194,266
3,196,400
3,199,292
4,1,121
4,2,184
4,3,73
4,5,206
4,6,256
4,7,366
4,8,318
4,9,143
4,10,217
4,11,46
4,12,318
4,13,197
4,17,325
4,18,284
4,19,193
4,22,108
4,24,185
4,25,240
4,27,67
4,28,37
4,30,27
4,31,113
4,32,182
4,33,138
4,34,347
4,38,86
4,39,120
4,40,157
4,41,140
4,42,176
4,43,260
4,46,191
4,47,399
4,48,179
4,49,222
4,50,75
4,51,62
4,52,333
4,53,127
4,56,99
4,57,211
4,61,267
4,63,357
4,66,146
4,69,135
4,71,35
4,72,230
4,76,287
4,80,210
4,82,118
4,83,156
4,84,368
4,88,313
4,90,129
4,96,210
4,104,70
4,105,58
4,106,295
4,108,266
4,109,346
4,113,295
4,114,387
4,115,49
4,117,43
4,120,128
4,121,95
4,122,212
4,123,225
4,124,378
4,125,205
4,127,223
4,128,69
4,134,96
4,137,357
4,143,329
4,145,252
4,148,14
4,150,294
4,154,230
4,158,334
4,159,197
4,160,168
4,161,321
4,168,102
4,169,298
4,171,114
4,178,234
4,181,136
4,185,126
4,196,202
5,1,23
5,2,143
5,3,188
5,4,206
5,7,270
5,9,292
5,11,149
5,13,164
5,14,139
5,15,270
5,16,285
5,18,64
5,20,51
5,22,128
5,24,124
5,26,192
5,27,341
5,29,320
5,31,238
5,32,137
5,33,48
5,35,381
5,37,174
5,42,30
5,43,17
5,47,397
5,49,235
5,51,262
5,52,148
5,54,9
5,56,65
5,57,31
5,58,142
5,59,372
5,63,203
5,64,359
5,65,322
5,67,372
5,68,229
5,70,264
5,72,302
5,73,288
5,74,49
5,78,390
5,79,376
5,80,83
5,83,395
5,94,120
5,98,157
5,102,181
5,103,367
5,106,231
5,108,171
5,109,106
5,110,291
5,111,261
5,113,55
5,115,350
5,117,260
5,122,240
5,123,75
5,124,352
5,127,276
5,131,303
5,133,78
5,135,344
5,136,30
5,139,259
5,140,313
5,141,61
5,145,170
5,149,120
5,151,301
5,152,198
5,162,305
5,163,160
5,167,292
5,172,196
5,176,22
5,182,325
5,188,143
5,189,180
5,190,349
5,195,133
5,196,225
5,198,125
6,2,349
6,3,389
6,4,256
6,7,46
6,8,67
6,9,42
6,11,105
6,12,180
6,13,386
6,14,337
6,15,385
6,16,229
6,17,213
6,19,386
6,21,24
6,23,126
6,24,245
6,25,136
6,27,79
6,29,38
6,30,356
6,32,74
6,33,105
6,34,50
6,36,64
6,37,177
6,38,191
6,39,53
6,40,139
6,41,279
6,42,370
6,44,3
6,45,208
6,48,329
6,50,41
6,51,53
6,52,176
6,54,291
6,58,42
6,59,227
6,60,124
6,62,210
6,63,107
6,64,222
6,65,48
6,66,73
6,67,376
6,68,105
6,69,117
6,70,120
6,71,215
6,72,241
6,73,350
6,74,138
6,75,19
6,76,372
6,77,106
6,79,208
6,81,183
6,85,118
6,87,369
6,90,50
6,91,54
6,93,218
6,94,203
6,95,117
6,96,135
6,98,301
6,102,325
6,105,1
6,106,198
6,108,343
6,109,251
6,110,224
6,113,76
6,114,23
6,116,332
6,119,51
6,121,305
6,123,180
6,128,246
6,134,82
6,142,248
6,146,210
6,156,358
6,158,146
6,162,57
6,165,251
6,170,238
6,175,281
6,176,108
6,186,289
6,194,156
6,197,333
7,2,95
7,3,306
7,4,366
7,5,270
7,6,46
7,10,236
7,11,162
7,14,150
7,15,296
7,17,70
7,21,151
7,24,166
7,26,275
7,27,250
7,28,292
7,30,305
7,34,199
7,35,313
7,42,135
7,43,382
7,44,351
7,45,134
7,46,29
7,51,201
7,52,184
7,53,1
7,54,125
7,60,29
7,64,28
7,65,107
7,67,224
7,68,199
7,69,365
7,71,45
7,72,3
7,75,158
7,77,74
7,78,334
7,79,4
7,80,134
7,85,130
7,90,293
7,91,188
7,93,274
7,94,177
7,96,95
7,98,207
7,100,15
7,104,82
7,109,321
7,113,348
7,115,378
7,119,47
7,123,266
7,128,139
7,130,324
7,131,2
7,133,89
7,139,334
7,140,288
7,142,285
7,143,374
7,148,183
7,149,102
7,152,25
7,154,125
7,155,55
7,156,223
7,160,239
7,161,62
7,168,258
7,170,61
7,171,99
7,174,175
7,177,95
7,178,207
7,184,288
7,186,312
7,189,182
7,193,227
7,198,341
7,199,28
7,200,13
8,2,45
8,3,95
8,4,318
8,6,67
8,9,316
8,10,24
8,11,176
8,12,276
8,13,284
8,15,341
8,16,105
8,17,267
8,19,55
8,20,16
8,21,356
8,22,97
8,24,20
8,26,12
8,27,46
8,28,169
8,29,330
8,30,208
8,31,383
8,32,326
8,35,100
8,36,324
8,38,252
8,39,25
8,40,312
8,43,16
8,44,186
8,46,272
8,49,150
8,50,71
8,53,143
8,55,396
8,56,250
8,58,117
8,59,102
8,60,184
8,61,91
8,62,270
8,63,41
8,65,76
8,66,362
8,67,88
8,70,253
8,77,274
8,79,91
8,80,151
8,81,367
8,84,146
8,85,266
8,86,211
8,87,289
8,89,382
8,90,379
8,94,83
8,97,233
8,99,251
8,101,60
8,103,50
8,104,338
8,105,165
8,110,317
8,111,277
8,112,267
8,113,19
8,114,125
8,116,14
8,118,75
8,119,158
8,120,137
8,121,308
8,123,94
8,124,155
8,125,197
8,126,152
8,131,163
8,132,365
8,135,50
8,137,245
8,141,304
8,142,15
8,143,82
8,145,244
8,148,62
8,151,198
8,156,72
8,157,377
8,160,29
8,163,19
8,170,23
8,172,18
8,176,123
8,181,76
8,182,66
8,187,311
8,188,161
8,189,234
8,194,342
8,198,50
9,1,118
9,2,8
9,3,156
9,4,143
9,5,292
9,6,42
9,8,316
9,10,4
9,11,178
9,12,167
9,13,16
9,14,41
9,16,19
9,17,7
9,18,95
9,19,354
9,20,99
9,21,22
9,22,95
9,23,19
9,24,85
9,26,107
9,27,83
9,28,327
9,30,342
9,33,176
9,34,154
9,36,122
9,37,239
9,38,216
9,39,20
9,40,352
9,41,274
9,42,234
9,43,275
9,45,195
9,46,233
9,47,334
9,48,400
9,49,186
9,51,283
9,52,399
9,53,329
9,54,391
9,55,137
9,56,361
9,57,244
9,58,89
9,59,251
9,62,130
9,64,169
9,65,120
9,66,293
9,67,266
9,68,280
9,69,385
9,70,146
9,72,392
9,73,54
9,74,277
9,75,272
9,76,179
9,78,5
9,81,222
9,82,194
9,84,176
9,91,273
9,92,262
9,93,43
9,94,206
9,95,72
9,103,171
9,104,123
9,106,93
9,107,380
9,109,179
9,115,376
9,116,378
9,120,182
9,125,375
9,127,371
9,129,108
9,130,265
9,131,220
9,132,124
9,135,114
9,140,69
9,144,385
9,145,282
9,149,287
9,150,9
9,151,284
9,153,102
9,173,284
9,175,89
9,177,184
9,179,278
9,180,168
9,181,75
9,182,107
9,194,263
10,1,106
10,2,59
10,3,179
10,4,217
10,7,236
10,8,24
10,9,4
10,14,237
10,15,88
10,16,45
10,17,147
10,18,135
10,19,41
10,20,38
10,21,104
10,22,322
10,23,154
10,24,332
10,25,19
10,26,337
10,33,222
10,34,5
10,35,28
10,37,17
10,38,210
10,40,231
10,41,295
10,42,316
10,45,130
10,48,338
10,49,219
10,50,274
10,51,329
10,53,380
10,54,191
10,57,390
10,58,93
10,61,378
10,64,39
10,65,261
10,68,24
10,69,21
10,70,27
10,71,45
10,73,269
10,74,13
10,75,212
10,77,118
10,78,383
10,80,250
10,81,268
10,85,134
10,88,321
10,93,220
10,94,163
10,96,141
10,98,31
10,102,246
10,104,126
10,106,259
10,107,98
10,109,382
10,111,180
10,113,22
10,115,331
10,116,258
10,121,108
10,134,195
10,137,242
10,138,16
10,145,152
10,153,94
10,155,33
10,159,254
10,165,379
10,173,314
10,175,256
10,177,230
10,184,374
10,196,387
10,198,100
11,2,290
11,3,173
11,4,46
11,5,149
11,6,105
11,7,162
11,8,176
11,9,178
11,12,61
11,14,307
11,15,11
11,17,244
11,20,25
11,21,299
11,22,69
11,25,225
11,26,10
11,27,140
11,30,152
11,36,357
11,37,104
11,40,218
11,42,97
11,43,177
11,44,191
11,45,51
11,48,396
11,51,15
11,52,383
11,54,138
11,57,80
11,58,326
11,60,35
11,62,72
11,64,63
11,65,27
11,66,30
11,67,38
11,70,379
11,71,331
11,72,201
11,73,124
11,77,22
11,78,98
11,80,375
11,81,146
11,84,255
11,94,201
11,96,107
11,97,137
11,98,392
11,100,96
11,101,99
11,102,165
11,108,210
11,117,377
11,118,300
11,120,379
11,121,95
11,125,83
11,127,83
11,129,86
11,141,85
11,144,221
11,145,16
11,148,381
11,152,322
11,156,239
11,157,72
11,158,388
11,163,125
11,167,129
11,171,144
11,174,354
11,175,127
11,182,348
11,188,345
11,190,185
11,194,28
11,198,79
11,199,209
12,1,284
12,2,130
12,3,120
12,4,318
12,6,180
12,8,276
12,9,167
12,11,61
12,13,377
12,14,221
12,15,208
12,16,160
12,18,245
12,22,298
12,23,167
12,24,64
12,25,180
12,27,193
12,29,359
12,30,338
12,31,160
12,33,65
12,34,372
12,35,387
12,36,62
12,37,145
12,38,51
12,39,162
12,40,119
12,41,105
12,43,251
12,45,130
12,46,80
12,47,141
12,48,166
12,52,298
12,53,177
12,54,28
12,56,12
12,57,59
12,60,263
12,61,380
12,63,381
12,67,98
12,68,246
12,69,260
12,70,55
12,71,77
12,73,131
12,75,326
12,76,202
12,78,98
12,79,228
12,81,141
12,86,150
12,91,225
12,92,395
12,95,166
12,99,98
12,100,380
12,101,17
12,103,1
12,104,78
12,108,133
12,116,283
12,118,365
12,121,30
12,122,174
12,123,311
12,126,17
12,127,176
12,131,43
12,132,60
12,135,318
12,137,376
12,139,77
12,140,311
12,143,323
12,144,358
12,149,73
12,151,244
12,153,79
12,155,102
12,156,102
12,157,278
12,160,368
12,167,385
12,169,180
12,178,91
12,182,282
12,186,342
12,188,347
12,191,227
12,197,60
12,200,26
13,1,372
13,3,85
13,4,197
13,5,164
13,6,386
13,8,284
13,9,16
13,12,377
13,15,306
13,16,158
13,17,233
13,19,1
13,20,129
13,21,115
13,22,272
13,26,300
13,28,253
13,29,334
13,31,293
13,32,234
13,33,327
13,34,14
13,36,40
13,38,63
13,39,396
13,40,336
13,41,112
13,42,367
13,43,123
13,45,146
13,46,290
13,49,311
13,50,293
13,51,371
13,55,30
13,57,22
13,58,90
13,60,277
13,61,204
13,64,345
13,65,275
13,67,148
13,76,376
13,78,136
13,79,399
13,83,268
13,84,118
13,85,1
13,86,126
13,88,253
13,89,16
13,91,358
13,92,87
13,93,336
13,95,333
13,96,155
13,98,313
13,100,46
13,109,257
13,111,150
13,112,37
13,113,163
13,122,327
13,128,29
13,130,83
13,132,262
13,133,287
13,143,201
13,152,362
13,157,15
13,162,215
13,166,262
13,167,160
13,168,388
13,171,18
13,172,266
13,179,185
13,180,318
13,181,179
13,185,153
13,188,139
13,195,382
13,197,309
13,198,265
14,1,144
14,3,5
14,5,139
14,6,337
14,7,150
14,9,41
14,10,237
14,11,307
14,12,221
14,15,3
14,18,325
14,20,176
14,21,378
14,22,198
14,23,28
14,24,184
14,25,260
14,26,19
14,27,18
14,29,62
14,31,386
14,32,123
14,34,396
14,36,106
14,38,106
14,40,326
14,41,208
14,42,170
14,43,214
14,44,64
14,45,224
14,47,35
14,48,193
14,49,131
14,51,88
14,52,101
14,56,318
14,57,146
14,58,273
14,59,246
14,61,207
14,62,238
14,64,251
14,66,259
14,70,240
14,72,298
14,73,357
14,81,142
14,83,234
14,84,43
14,85,307
14,86,368
14,88,3
14,89,153
14,90,298
14,91,281
14,92,386
14,93,245
14,94,211
14,96,136
14,97,70
14,98,40
14,100,168
14,104,253
14,109,289
14,117,129
14,118,225
14,121,144
14,123,344
14,124,262
14,127,391
14,131,176
14,133,46
14,139,252
14,141,258
14,145,259
14,151,157
14,152,15
14,154,197
14,158,13
14,159,14
14,160,250
14,168,276
14,170,52
14,174,309
14,180,211
14,182,255
14,190,181
14,197,324
15,5,270
15,6,385
15,7,296
15,8,341
15,10,88
15,11,11
15,12,208
15,13,306
15,14,3
15,16,262
15,17,55
15,19,142
15,20,38
15,21,348
15,22,236
15,23,126
15,24,54
15,26,114
15,28,298
15,30,71
15,31,396
15,32,326
15,33,293
15,34,250
15,36,371
15,38,99
15,39,284
15,40,193
15,41,137
15,42,16
15,44,331
15,45,369
15,46,293
15,47,264
15,48,80
15,49,270
15,50,244
15,51,44
15,52,320
15,53,61
15,58,230
15,59,115
15,60,3
15,61,89
15,63,104
15,70,375
15,72,71
15,74,311
15,75,373
15,77,321
15,78,10
15,80,118
15,81,271
15,82,150
15,84,215
15,88,110
15,89,310
15,91,249
15,98,192
15,100,258
15,101,57
15,102,21
15,105,94
15,106,255
15,107,210
15,108,191
15,109,67
15,110,105
15,111,226
15,114,29
15,116,247
15,118,358
15,120,65
15,125,177
15,127,222
15,129,263
15,134,276
15,138,127
15,139,48
15,142,154
15,144,33
15,147,383
15,149,108
15,152,341
15,153,400
15,156,89
15,160,128
15,164,188
15,168,96
15,170,250
15,172,14
15,173,178
15,181,334
15,183,267
15,185,51
15,186,122
15,193,88
15,197,145
16,5,285
16,6,229
16,8,105
16,9,19
16,10,45
16,12,160
16,13,158
16,15,262
16,17,2
16,18,155
16,19,354
16,20,383
16,21,219
16,23,303
16,24,394
16,25,368
16,26,194
16,27,242
16,30,336
16,31,96
16,32,230
16,33,3
16,35,391
16,36,255
16,38,282
16,41,39
16,42,306
16,43,281
16,44,69
16,48,228
16,50,321
16,51,80
16,52,189
16,54,54
16,55,159
16,56,286
16,57,375
16,58,303
16,60,370
16,61,399
16,62,284
16,64,354
16,65,106
16,66,353
16,67,361
16,73,160
16,75,82
16,77,265
16,80,282
16,81,32
16,84,142
16,86,209
16,87,394
16,93,111
16,97,203
16,101,16
16,107,125
16,109,50
16,114,37
16,116,48
16,119,18
16,122,185
16,128,137
16,129,342
16,131,295
16,132,205
16,134,321
16,140,254
16,141,204
16,143,378
16,146,94
16,148,203
16,158,184
16,161,212
16,163,202
16,166,274
16,170,119
16,174,363
16,177,373
16,179,164
16,180,276
16,183,292
16,185,137
16,190,331
16,200,62
17,1,368
17,2,304
17,4,325
17,6,213
17,7,70
17,8,267
17,9,7
17,10,147
17,11,244
17,13,233
17,15,55
17,16,2
17,18,202
17,20,44
17,21,149
17,23,166
17,24,125
17,26,31
17,28,189
17,29,362
17,30,76
17,31,228
17,32,218
17,33,130
17,34,96
17,35,251
17,36,261
17,37,181
17,39,133
17,40,16
17,41,304
17,42,71
17,43,106
17,44,232
17,45,341
17,47,399
17,49,309
17,50,344
17,52,372
17,54,396
17,55,6
17,57,148
17,59,394
17,60,29
17,61,166
17,63,132
17,64,158
17,66,298
17,69,46
17,70,117
17,72,124
17,73,346
17,78,13
17,80,397
17,81,46
17,83,399
17,84,84
17,89,249
17,93,55
17,95,110
17,97,282
17,100,73
17,102,174
17,103,268
17,104,178
17,105,113
17,106,339
17,108,241
17,111,359
17,115,85
17,119,12
17,120,251
17,122,300
17,123,266
17,124,355
17,125,335
17,127,246
17,128,397
17,132,153
17,135,388
17,136,105
17,142,203
17,143,202
17,145,300
17,147,336
17,149,356
17,152,68
17,153,264
17,158,338
17,159,205
17,164,385
17,167,12
17,170,216
17,175,108
17,182,269
17,183,156
17,192,2
17,194,3
17,195,69
18,1,226
18,2,174
18,3,100
18,4,284
18,5,64
18,9,95
18,10,135
18,12,245
18,14,325
18,16,155
18,17,202
18,19,288
18,20,144
18,23,155
18,25,367
18,26,58
18,27,343
18,31,379
18,34,274
18,35,219
18,36,373
18,37,41
18,38,57
18,39,116
18,40,223
18,42,349
18,44,66
18,45,371
18,46,355
18,49,4
18,50,15
18,54,259
18,58,49
18,59,131
18,62,195
18,63,222
18,64,101
18,66,66
18,67,399
18,69,176
18,73,150
18,75,382
18,76,68
18,80,376
18,81,66
18,82,197
18,86,180
18,87,28
18,88,283
18,92,307
18,94,114
18,95,150
18,97,111
18,102,123
18,104,57
18,106,178
18,107,42
18,108,229
18,110,138
18,112,67
18,114,279
18,119,284
18,120,107
18,123,121
18,126,232
18,130,162
18,131,299
18,135,350
18,138,298
18,144,59
18,146,151
18,150,364
18,152,93
18,160,164
18,162,282
18,163,50
18,167,112
18,175,352
18,176,97
18,177,248
18,180,395
18,189,279
18,192,182
18,196,232
18,200,241
19,1,213
19,2,8
19,4,193
19,6,386
19,8,55
19,9,354
19,10,41
19,13,1
19,15,142
19,16,354
19,18,288
19,20,17
19,21,283
19,23,287
19,26,135
19,28,5
19,29,297
19,30,225
19,31,366
19,32,341
19,33,261
19,35,394
19,41,282
19,42,320
19,47,328
19,50,394
19,51,320
19,52,160
19,53,244
19,54,224
19,55,12
19,57,314
19,58,320
19,59,179
19,61,45
19,62,228
19,65,329
19,69,219
19,70,175
19,71,64
19,73,116
19,76,326
19,82,261
19,84,67
19,85,332
19,88,320
19,89,327
19,90,106
19,94,223
19,96,312
19,98,129
19,100,362
19,102,13
19,103,244
19,108,85
19,111,20
19,114,87
19,115,277
19,118,133
19,119,254
19,122,394
19,123,38
19,125,228
19,126,214
19,132,398
19,136,271
19,137,75
19,139,202
19,142,298
19,146,332
19,147,29
19,148,42
19,149,152
19,152,108
19,153,355
19,167,245
19,168,56
19,172,381
19,174,107
19,175,366
19,179,381
19,187,149
19,189,5
19,191,133
19,195,385
19,196,127
19,197,6
19,198,152
19,199,345
20,1,197
20,3,42
20,5,51
20,8,16
20,9,99
20,10,38
20,11,25
20,13,129
20,14,176
20,15,38
20,16,383
20,17,44
20,18,144
20,19,17
20,21,169
20,22,218
20,23,3
20,24,26
20,25,383
20,26,331
20,27,393
20,28,302
20,29,208
20,30,344
20,31,66
20,33,303
20,34,203
20,35,63
20,36,336
20,37,113
20,38,276
20,43,172
20,45,274
20,46,137
20,48,343
20,49,122
20,52,200
20,54,26
20,56,330
20,57,361
20,59,203
20,61,85
20,63,213
20,65,318
20,68,261
20,69,398
20,70,241
20,72,369
20,73,198
20,74,340
20,75,366
20,76,179
20,77,298
20,79,132
20,80,303
20,81,372
20,82,6
20,83,315
20,86,11
20,89,119
20,92,319
20,93,351
20,95,115
20,101,231
20,106,108
20,107,222
20,108,305
20,110,332
20,111,305
20,113,20
20,117,362
20,121,70
20,122,383
20,125,42
20,126,144
20,127,346
20,129,195
20,132,153
20,135,119
20,141,392
20,145,30
20,149,172
20,153,122
20,154,175
20,155,87
20,156,84
20,158,58
20,165,162
20,180,277
20,184,344
20,187,118
20,189,48
21,1,71
21,3,347
21,6,24
21,7,151
21,8,356
21,9,22
21,10,104
21,11,299
21,13,115
21,14,378
21,15,348
21,16,219
21,17,149
21,19,283
21,20,169
21,26,330
21,27,130
21,29,133
21,30,322
21,31,192
21,33,159
21,35,223
21,36,183
21,37,174
21,38,192
21,40,126
21,41,236
21,42,302
21,44,240
21,45,336
21,46,304
21,47,396
21,48,25
21,49,254
21,50,372
21,51,268
21,53,22
21,54,207
21,55,61
21,56,325
21,57,380
21,58,180
21,59,224
21,60,369
21,62,217
21,64,308
21,67,56
21,70,208
21,71,305
21,72,339
21,73,11
21,75,351
21,77,229
21,81,155
21,82,204
21,87,160
21,88,221
21,89,127
21,90,228
21,92,303
21,94,226
21,96,251
21,97,114
21,100,318
21,101,250
21,102,128
21,105,184
21,106,363
21,107,341
21,108,67
21,112,252
21,119,373
21,122,152
21,129,55
21,130,88
21,133,100
21,134,75
21,135,107
21,139,71
21,140,126
21,147,361
21,149,382
21,154,314
21,158,49
21,164,37
21,165,282
21,166,104
21,167,177
21,168,299
21,173,12
21,175,105
21,179,346
21,187,357
21,191,292
21,200,291
22,1,347
22,2,155
22,3,193
22,4,108
22,5,128
22,8,97
22,9,95
22,10,322
22,11,69
22,12,298
22,13,272
22,14,198
22,15,236
22,20,218
22,24,318
22,25,238
22,26,96
22,27,317
22,28,51
22,29,179
22,30,75
22,33,224
22,36,119
22,38,72
22,39,233
22,40,104
22,41,10
22,42,8
22,43,247
22,46,106
22,47,272
22,50,87
22,51,163
22,55,200
22,57,60
22,58,337
22,59,220
22,60,372
22,62,224
22,63,153
22,64,317
22,66,281
22,68,111
22,69,354
22,71,134
22,73,391
22,75,262
22,76,336
22,77,139
22,78,168
22,79,230
22,80,14
22,81,386
22,82,327
22,84,310
22,86,350
22,87,286
22,89,70
22,90,233
22,94,114
22,96,376
22,98,261
22,101,4
22,103,400
22,108,61
22,113,239
22,119,60
22,120,78
22,123,7
22,126,392
22,128,45
22,132,199
22,135,372
22,137,57
22,139,207
22,140,44
22,141,180
22,143,203
22,145,133
22,147,269
22,150,188
22,153,158
22,155,207
22,157,362
22,165,156
22,167,182
22,168,328
22,177,172
22,178,290
22,181,19
22,185,84
22,186,56
22,189,74
22,195,72
22,196,6
23,1,21
23,2,349
23,3,75
23,6,126
23,9,19
23,10,154
23,12,167
23,14,28
23,15,126
23,16,303
23,17,166
23,18,155
23,19,287
23,20,3
23,24,114
23,25,256
23,27,249
23,28,116
23,29,315
23,31,281
23,32,63
23,33,382
23,34,356
23,35,177
23,36,214
23,37,228
23,38,136
23,39,229
23,41,132
23,42,131
23,43,279
23,44,111
23,48,19
23,49,31
23,50,134
23,51,96
23,52,388
23,53,375
23,55,379
23,56,195
23,59,226
23,60,271
23,61,318
23,62,207
23,63,57
23,64,360
23,65,16
23,66,394
23,68,4
23,73,175
23,77,386
23,82,237
23,89,163
23,90,367
23,93,345
23,95,180
23,102,260
23,110,371
23,112,129
23,114,66
23,117,276
23,118,196
23,120,89
23,124,220
23,127,180
23,130,247
23,134,22
23,139,65
23,141,140
23,144,59
23,149,346
23,150,210
23,153,250
23,155,76
23,157,327
23,159,316
23,166,73
23,177,337
23,181,294
23,186,389
23,190,71
23,192,334
23,196,76
23,199,14
23,200,370
24,1,36
24,2,124
24,3,149
24,4,185
24,5,124
24,6,245
24,7,166
24,8,20
24,9,85
24,10,332
24,12,64
24,14,184
24,15,54
24,16,394
24,17,125
24,20,26
24,22,318
24,23,114
24,25,218
24,27,318
24,28,179
24,30,132
24,31,238
24,32,152
24,33,142
24,34,325
24,36,205
24,37,50
24,38,188
24,41,54
24,43,150
24,44,150
24,47,342
24,48,233
24,49,266
24,50,222
24,51,221
24,52,144
24,53,383
24,54,398
24,56,159
24,58,189
24,61,217
24,62,292
24,66,379
24,67,99
24,69,388
24,70,4
24,72,200
24,73,343
24,80,362
24,83,345
24,84,210
24,85,116
24,86,74
24,88,52
24,93,66
24,97,162
24,98,114
24,100,157
24,103,275
24,105,104
24,106,352
24,112,149
24,113,343
24,117,114
24,118,109
24,121,123
24,124,79
24,126,272
24,129,202
24,133,14
24,134,206
24,139,65
24,141,305
24,147,284
24,159,111
24,160,371
24,161,381
24,168,29
24,169,131
24,171,216
24,173,329
24,175,363
24,179,364
24,183,54
24,184,245
24,185,22
24,186,198
24,188,163
24,189,363
24,195,137
25,1,16
25,2,291
25,3,319
25,4,240
25,6,136
25,10,19
25,11,225
25,12,180
25,14,260
25,16,368
25,18,367
25,20,383
25,22,238
25,23,256
25,24,218
25,27,158
25,28,151
25,31,70
25,32,52
25,33,254
25,35,315
25,37,280
25,38,268
25,39,350
25,41,93
25,44,183
25,45,280
25,51,255
25,52,154
25,55,32
25,56,74
25,58,131
25,60,113
25,61,124
25,63,304
25,64,52
25,65,257
25,67,391
25,69,301
25,72,21
25,76,361
25,77,126
25,83,229
25,85,147
25,86,278
25,87,302
25,88,90
25,89,265
25,90,111
25,92,344
25,96,213
25,98,279
25,99,311
25,104,156
25,107,252
25,108,377
25,110,38
25,113,58
25,116,157
25,117,311
25,118,79
25,120,39
25,124,344
25,126,359
25,129,135
25,130,344
25,134,364
25,139,99
25,143,88
25,144,22
25,146,32
25,153,5
25,154,91
25,155,306
25,160,58
25,162,11
25,164,275
25,169,266
25,172,293
25,175,254
25,180,362
25,184,299
25,185,323
25,186,284
25,189,359
25,190,167
25,191,212
25,192,119
25,193,387
25,194,221
25,195,40
25,199,147
26,3,173
26,5,192
26,7,275
26,8,12
26,9,107
26,10,337
26,11,10
26,13,300
26,14,19
26,15,114
26,16,194
26,17,31
26,18,58
26,19,135
26,20,331
26,21,330
26,22,96
26,27,66
26,28,96
26,29,55
26,30,95
26,31,276
26,32,300
26,33,310
26,34,165
26,35,52
26,36,1
26,37,289
26,38,325
26,39,64
26,41,375
26,43,253
26,44,65
26,45,372
26,46,84
26,47,7
26,48,99
26,49,277
26,50,168
26,52,31
26,53,342
26,54,182
26,55,53
26,56,219
26,59,279
26,60,26
26,62,215
26,63,103
26,64,304
26,65,370
26,66,203
26,67,91
26,69,48
26,71,86
26,72,337
26,75,271
26,77,180
26,79,386
26,81,171
26,84,26
26,87,347
26,91,32
26,93,376
26,95,103
26,96,74
26,100,158
26,102,158
26,104,198
26,108,219
26,109,164
26,110,23
26,111,46
26,112,132
26,114,376
26,115,94
26,116,171
26,118,16
26,120,262
26,122,400
26,123,379
26,128,326
26,129,305
26,130,211
26,131,190
26,132,285
26,133,298
26,137,216
26,138,210
26,139,94
26,142,227
26,145,352
26,147,346
26,148,268
26,149,219
26,150,70
26,154,253
26,156,184
26,157,339
26,158,346
26,161,318
26,162,81
26,166,4
26,170,377
26,172,324
26,175,293
26,184,255
26,188,203
26,200,273
27,2,73
27,4,67
27,5,341
27,6,79
27,7,250
27,8,46
27,9,83
27,11,140
27,12,193
27,14,18
27,16,242
27,18,343
27,20,393
27,21,130
27,22,317
27,23,249
27,24,318
27,25,158
27,26,66
27,29,280
27,30,277
27,33,365
27,34,52
27,36,207
27,37,362
27,40,34
27,41,107
27,42,70
27,43,373
27,46,80
27,47,143
27,48,359
27,49,130
27,51,294
27,52,148
27,54,315
27,55,262
27,57,265
27,59,71
27,60,157
27,61,12
27,63,48
27,64,221
27,65,183
27,68,84
27,69,98
27,72,45
27,74,383
27,75,269
27,76,210
27,77,388
27,79,284
27,80,138
27,81,291
27,83,88
27,84,114
27,86,287
27,87,336
27,88,152
27,93,111
27,94,37
27,95,265
27,97,283
27,99,108
27,101,186
27,107,272
27,112,24
27,114,395
27,115,46
27,117,351
27,120,167
27,122,392
27,124,18
27,125,143
27,130,335
27,133,292
27,137,119
27,139,102
27,141,290
27,144,89
27,145,82
27,147,82
27,149,7
27,153,354
27,157,217
27,159,55
27,160,151
27,162,348
27,163,114
27,166,84
27,169,1
27,172,142
27,176,12
27,187,395
27,188,324
27,192,256
27,194,313
27,196,114
27,198,2
27,200,144
28,1,186
28,2,195
28,3,96
28,4,37
28,7,292
28,8,169
28,9,327
28,13,253
28,15,298
28,17,189
28,19,5
28,20,302
28,22,51
28,23,116
28,24,179
28,25,151
28,26,96
28,29,396
28,31,93
28,32,159
28,33,69
28,34,39
28,37,389
28,38,113
28,39,214
28,41,255
28,42,129
28,45,53
28,46,311
28,47,49
28,48,355
28,49,247
28,51,194
28,53,164
28,54,34
28,55,73
28,57,99
28,58,268
28,59,229
28,62,270
28,65,94
28,67,362
28,69,264
28,70,99
28,71,307
28,72,207
28,74,53
28,75,217
28,81,69
28,82,254
28,95,332
28,96,121
28,97,293
28,98,104
28,104,391
28,106,384
28,112,145
28,114,121
28,115,264
28,117,276
28,119,264
28,121,89
28,132,167
28,134,146
28,136,314
28,140,391
28,142,324
28,145,115
28,148,388
28,151,52
28,153,247
28,154,142
28,155,305
28,156,135
28,163,363
28,168,288
28,170,358
28,182,60
28,189,330
28,190,85
28,192,86
28,193,393
29,1,389
29,2,140
29,3,8
29,5,320
29,6,38
29,8,330
29,12,359
29,13,334
29,14,62
29,17,362
29,19,297
29,20,208
29,21,133
29,22,179
29,23,315
29,26,55
29,27,280
29,28,396
29,30,226
29,31,273
29,32,312
29,33,22
29,35,255
29,36,349
29,37,64
29,38,204
29,39,253
29,40,303
29,42,63
29,43,373
29,44,283
29,45,312
29,46,323
29,47,345
29,48,200
29,50,132
29,51,287
29,53,396
29,55,249
29,56,35
29,58,192
29,59,124
29,60,91
29,61,217
29,62,133
29,63,307
29,64,160
29,65,284
29,69,206
29,73,312
29,77,336
29,79,184
29,80,66
29,82,265
29,83,100
29,85,340
29,87,322
29,88,97
29,92,88
29,95,376
29,97,221
29,99,296
29,101,133
29,105,383
29,109,133
29,113,121
29,114,384
29,116,170
29,120,11
29,121,253
29,125,223
29,128,17
29,129,325
29,130,128
29,132,390
29,134,225
29,135,365
29,138,358
29,140,37
29,146,196
29,155,37
29,157,362
29,158,257
29,160,136
29,161,77
29,164,229
29,168,122
29,170,373
29,172,367
29,178,258
29,181,239
29,183,214
29,186,196
29,191,288
29,196,18
29,198,118
30,3,214
30,4,27
30,6,356
30,7,305
30,8,208
30,9,342
30,11,152
30,12,338
30,15,71
30,16,336
30,17,76
30,19,225
30,20,344
30,21,322
30,22,75
30,24,132
30,26,95
30,27,277
30,29,226
30,32,337
30,34,241
30,35,379
30,37,64
30,38,31
30,39,63
30,40,138
30,41,219
30,42,81
30,43,215
30,45,295
30,49,224
30,50,99
30,51,201
30,52,1
30,53,64
30,54,148
30,55,226
30,56,92
30,57,392
30,60,354
30,61,218
30,62,301
30,74,110
30,76,100
30,77,331
30,82,125
30,86,290
30,88,22
30,91,306
30,92,77
30,94,183
30,95,52
30,97,394
30,99,356
30,102,331
30,106,31
30,107,209
30,111,229
30,114,99
30,116,365
30,121,258
30,126,371
30,128,244
30,136,375
30,138,282
30,141,115
30,143,362
30,144,49
30,149,217
30,150,308
30,151,53
30,152,126
30,156,286
30,160,200
30,163,323
30,165,106
30,171,41
30,177,109
30,179,360
30,181,118
30,183,228
30,186,18
30,187,105
30,194,159
30,198,296
30,199,373
31,1,224
31,2,62
31,4,113
31,5,238
31,8,383
31,12,160
31,13,293
31,14,386
31,15,396
31,16,96
31,17,228
31,18,379
31,19,366
31,20,66
31,21,192
31,23,281
31,24,238
31,25,70
31,26,276
31,28,93
31,29,273
31,32,254
31,33,186
31,34,63
31,35,67
31,39,312
31,43,193
31,44,367
31,45,176
31,46,55
31,47,367
31,48,383
31,49,258
31,51,292
31,52,220
31,53,149
31,54,161
31,57,287
31,59,16
31,62,80
31,63,229
31,64,394
31,65,32
31,66,179
31,67,76
31,69,381
31,70,332
31,71,20
31,75,369
31,76,76
31,81,72
31,82,75
31,86,25
31,87,288
31,88,184
31,89,276
31,93,249
31,95,245
31,96,325
31,97,340
31,99,173
31,102,396
31,104,36
31,113,70
31,115,147
31,117,45
31,119,218
31,120,332
31,122,72
31,125,6
31,126,195
31,128,181
31,129,374
31,131,299
31,132,36
31,133,366
31,135,41
31,136,186
31,144,44
31,150,188
31,158,17
31,162,247
31,163,87
31,165,380
31,174,178
31,178,126
31,179,118
31,185,118
31,189,224
31,191,249
32,3,319
32,4,182
32,5,137
32,6,74
32,8,326
32,13,234
32,14,123
32,15,326
32,16,230
32,17,218
32,19,341
32,23,63
32,24,152
32,25,52
32,26,300
32,28,159
32,29,312
32,30,337
32,31,254
32,35,335
32,36,114
32,39,144
32,40,165
32,42,211
32,43,92
32,44,272
32,45,227
32,46,65
32,47,168
32,49,226
32,50,330
32,51,146
32,52,269
32,53,21
32,54,74
32,57,322
32,58,191
32,59,339
32,62,188
32,63,235
32,64,227
32,65,337
32,66,396
32,68,225
32,71,172
32,72,127
32,73,1
32,74,164
32,75,259
32,76,224
32,79,314
32,80,295
32,81,254
32,82,114
32,83,346
32,86,149
32,87,84
32,89,214
32,90,88
32,91,119
32,92,294
32,94,159
32,98,317
32,99,133
32,100,178
32,101,254
32,102,351
32,105,214
32,106,362
32,112,228
32,115,173
32,116,323
32,117,52
32,118,57
32,120,288
32,123,72
32,124,27
32,125,198
32,126,299
32,127,147
32,129,143
32,130,230
32,131,4
32,137,223
32,141,1
32,142,258
32,145,354
32,147,162
32,149,92
32,151,175
32,154,78
32,155,72
32,158,90
32,169,67
32,177,230
32,183,205
32,184,105
32,188,319
32,193,92
32,194,238
32,196,169
32,200,277
33,2,22
33,4,138
33,5,48
33,6,105
33,9,176
33,10,222
33,12,65
33,13,327
33,15,293
33,16,3
33,17,130
33,19,261
33,20,303
33,21,159
33,22,224
33,23,382
33,24,142
33,25,254
33,26,310
33,27,365
33,28,69
33,29,22
33,31,186
33,35,292
33,36,250
33,39,396
33,40,263
33,42,379
33,43,236
33,44,370
33,45,254
33,48,342
33,49,318
33,50,187
33,52,216
33,53,68
33,54,354
33,56,239
33,57,128
33,58,189
33,64,285
33,66,131
33,68,375
33,70,244
33,71,53
33,72,392
33,73,309
33,74,30
33,75,93
33,85,120
33,87,143
33,91,45
33,92,320
33,93,364
33,94,264
33,97,389
33,98,227
33,100,336
33,101,127
33,102,227
33,105,52
33,109,165
33,112,228
33,113,386
33,121,298
33,126,144
33,128,341
33,131,152
33,133,39
33,145,227
33,146,282
33,155,80
33,156,353
33,158,350
33,170,245
33,171,95
33,173,139
33,174,348
33,176,361
33,177,196
33,184,83
33,194,384
33,195,79
33,199,237
34,1,160
34,2,166
34,4,347
34,6,50
34,7,199
34,9,154
34,10,5
34,12,372
34,13,14
34,14,396
34,15,250
34,17,96
34,18,274
34,20,203
34,23,356
34,24,325
34,26,165
34,27,52
34,28,39
34,30,241
34,31,63
34,41,366
34,42,154
34,45,55
34,47,164
34,48,310
34,50,202
34,51,29
34,53,184
34,55,8
34,56,46
34,57,283
34,58,281
34,60,175
34,62,29
34,63,255
34,65,235
34,68,278
34,72,21
34,74,277
34,75,144
34,76,242
34,78,32
34,79,212
34,84,137
34,91,236
34,97,359
34,98,329
34,102,71
34,103,13
34,108,263
34,111,245
34,112,82
34,117,234
34,120,222
34,121,286
34,122,363
34,125,74
34,127,332
34,131,14
34,132,191
34,138,135
34,143,60
34,153,139
34,155,315
34,159,234
34,160,318
34,164,63
34,166,364
34,167,223
34,168,2
34,169,131
34,177,147
34,182,236
34,184,42
34,192,364
35,1,47
35,3,168
35,5,381
35,7,313
35,8,100
35,10,28
35,12,387
35,16,391
35,17,251
35,18,219
35,19,394
35,20,63
35,21,223
35,23,177
35,25,315
35,26,52
35,29,255
35,30,379
35,31,67
35,32,335
35,33,292
35,36,344
35,37,363
35,38,24
35,40,80
35,43,350
35,44,369
35,47,107
35,49,213
35,50,365
35,51,100
35,52,209
35,53,290
35,54,189
35,55,254
35,56,74
35,57,396
35,58,137
35,59,283
35,60,286
35,63,33
35,66,265
35,67,264
35,68,142
35,71,54
35,73,134
35,75,192
35,78,70
35,80,60
35,83,369
35,86,4
35,88,202
35,90,389
35,91,309
35,94,182
35,95,162
35,103,272
35,105,238
35,109,317
35,110,113
35,113,288
35,114,272
35,116,5
35,117,317
35,118,64
35,119,68
35,120,209
35,123,152
35,124,257
35,129,275
35,135,107
35,139,318
35,142,85
35,146,194
35,147,374
35,149,351
35,151,370
35,152,20
35,153,33
35,158,389
35,159,7
35,162,176
35,165,137
35,167,25
35,168,13
35,172,384
35,173,97
35,182,395
35,185,323
35,187,363
35,189,239
35,196,56
36,1,370
36,6,64
36,8,324
36,9,122
36,11,357
36,12,62
36,13,40
36,14,106
36,15,371
36,16,255
36,17,261
36,18,373
36,20,336
36,21,183
36,22,119
36,23,214
36,24,205
36,26,1
36,27,207
36,29,349
36,32,114
36,33,250
36,35,344
36,37,343
36,39,300
36,41,397
36,43,161
36,44,152
36,45,105
36,46,99
36,48,128
36,49,163
36,50,225
36,51,360
36,53,289
36,54,336
36,55,41
36,56,386
36,60,187
36,61,44
36,63,284
36,65,235
36,66,228
36,67,375
36,68,228
36,71,123
36,72,271
36,74,228
36,75,122
36,77,138
36,78,263
36,82,286
36,85,249
36,86,204
36,88,187
36,89,21
36,91,45
36,94,72
36,99,335
36,100,275
36,104,238
36,105,259
36,106,162
36,110,338
36,111,130
36,112,159
36,115,329
36,116,17
36,117,23
36,119,36
36,123,49
36,124,279
36,135,248
36,136,308
36,139,136
36,141,298
36,142,330
36,144,223
36,148,282
36,151,170
36,152,89
36,153,368
36,155,214
36,170,76
36,178,122
36,181,386
36,189,205
36,190,85
36,194,82
37,1,383
37,2,337
37,3,209
37,5,174
37,6,177
37,9,239
37,10,17
37,11,104
37,12,145
37,17,181
37,18,41
37,20,113
37,21,174
37,23,228
37,24,50
37,25,280
37,26,289
37,27,362
37,28,389
37,29,64
37,30,64
37,35,363
37,36,343
37,40,247
37,43,228
37,44,223
37,46,144
37,47,91
37,49,277
37,51,202
37,53,342
37,55,389
37,56,157
37,61,46
37,62,152
37,63,16
37,65,156
37,67,108
37,68,327
37,70,268
37,72,336
37,73,387
37,75,382
37,78,247
37,79,55
37,84,106
37,85,395
37,87,299
37,89,180
37,90,349
37,91,156
37,97,281
37,100,400
37,101,200
37,102,365
37,108,189
37,109,213
37,112,105
37,113,264
37,117,265
37,118,333
37,127,238
37,128,187
37,132,9
37,134,205
37,135,4
37,137,118
37,138,59
37,139,117
37,147,344
37,150,128
37,152,254
37,163,236
37,166,53
37,172,385
37,175,172
37,176,349
37,187,232
37,190,303
37,196,57
37,197,263
37,198,278
37,200,178
38,2,203
38,3,37
38,4,86
38,6,191
38,8,252
38,9,216
38,10,210
38,12,51
38,13,63
38,14,106
38,15,99
38,16,282
38,18,57
38,20,276
38,21,192
38,22,72
38,23,136
38,24,188
38,25,268
38,26,325
38,28,113
38,29,204
38,30,31
38,35,24
38,39,252
38,40,164
38,41,143
38,42,108
38,43,194
38,44,272
38,45,198
38,47,320
38,48,350
38,49,400
38,50,353
38,52,188
38,54,86
38,55,341
38,56,157
38,57,244
38,58,114
38,59,167
38,60,345
38,61,392
38,62,400
38,63,299
38,64,174
38,65,223
38,67,212
38,68,204
38,69,392
38,70,317
38,71,329
38,76,97
38,78,212
38,79,205
38,81,20
38,85,142
38,86,215
38,88,122
38,90,41
38,91,168
38,92,352
38,94,8
38,95,324
38,98,373
38,100,221
38,102,225
38,104,8
38,108,346
38,113,181
38,115,108
38,116,165
38,117,195
38,125,57
38,126,61
38,129,151
38,135,147
38,141,147
38,146,69
38,148,168
38,149,176
38,151,344
38,152,17
38,155,387
38,162,87
38,163,211
38,166,196
38,171,328
38,178,283
38,183,105
38,186,227
38,190,2
38,191,309
38,193,358
38,196,170
38,200,174
39,1,32
39,2,246
39,3,191
39,4,120
39,6,53
39,8,25
39,9,20
39,12,162
39,13,396
39,15,284
39,17,133
39,18,116
39,22,233
39,23,229
39,25,350
39,26,64
39,28,214
39,29,253
39,30,63
39,31,312
39,32,144
39,33,396
39,36,300
39,38,252
39,41,80
39,42,161
39,44,123
39,46,186
39,47,315
39,48,3
39,49,95
39,52,74
39,53,350
39,54,166
39,55,327
39,56,362
39,58,156
39,59,50
39,60,373
39,61,282
39,62,387
39,64,296
39,65,58
39,68,114
39,70,92
39,71,282
39,73,245
39,74,112
39,75,23
39,76,54
39,78,378
39,80,184
39,82,43
39,88,292
39,90,159
39,91,341
39,94,243
39,96,160
39,97,355
39,98,230
39,99,198
39,100,122
39,101,322
39,104,276
39,105,83
39,106,319
39,107,202
39,112,224
39,113,158
39,119,398
39,120,373
39,121,221
39,122,11
39,124,388
39,126,78
39,127,344
39,128,74
39,130,104
39,131,129
39,136,120
39,137,54
39,138,300
39,139,318
39,147,158
39,149,4
39,153,66
39,156,309
39,159,96
39,162,376
39,163,300
39,165,82
39,168,8
39,182,67
39,183,184
39,184,319
39,185,359
39,186,13
39,190,159
39,196,205
39,200,314
40,1,23
40,3,258
40,4,157
40,6,139
40,8,312
40,9,352
40,10,231
40,11,218
40,12,119
40,13,336
40,14,326
40,15,193
40,17,16
40,18,223
40,21,126
40,22,104
40,27,34
40,29,303
40,30,138
40,32,165
40,33,263
40,35,80
40,37,247
40,38,164
40,41,113
40,42,389
40,43,234
40,46,342
40,51,73
40,52,237
40,53,186
40,54,50
40,57,272
40,58,139
40,60,41
40,62,220
40,65,282
40,66,183
40,67,239
40,69,114
40,71,296
40,72,189
40,74,128
40,76,159
40,77,226
40,78,70
40,80,305
40,81,41
40,85,379
40,88,32
40,93,297
40,95,3
40,99,56
40,100,73
40,101,215
40,102,141
40,103,389
40,106,330
40,107,232
40,110,331
40,111,31
40,117,301
40,123,368
40,125,293
40,126,288
40,128,354
40,129,369
40,131,255
40,132,2
40,135,21
40,137,296
40,138,47
40,139,244
40,143,253
40,144,287
40,145,303
40,146,296
40,153,331
40,155,377
40,157,40
40,160,397
40,161,1
40,164,223
40,170,166
40,171,180
40,173,147
40,179,281
40,182,203
40,183,105
40,196,313
40,197,148
41,1,63
41,2,132
41,4,140
41,6,279
41,9,274
41,10,295
41,12,105
41,13,112
41,14,208
41,15,137
41,16,39
41,17,304
41,19,282
41,21,236
41,22,10
41,23,132
41,24,54
41,25,93
41,26,375
41,27,107
41,28,255
41,30,219
41,34,366
41,36,397
41,38,143
41,39,80
41,40,113
41,42,137
41,44,190
41,47,67
41,48,284
41,49,59
41,50,26
41,51,354
41,52,90
41,53,155
41,54,125
41,55,210
41,56,203
41,58,395
41,60,49
41,62,251
41,64,274
41,66,25
41,67,8
41,68,302
41,70,12
41,72,86
41,74,327
41,75,211
41,76,291
41,77,154
41,78,81
41,79,139
41,83,276
41,85,319
41,86,270
41,88,346
41,91,239
41,92,10
41,96,176
41,97,124
41,99,112
41,101,176
41,102,155
41,103,330
41,104,12
41,109,137
41,110,193
41,118,9
41,124,326
41,125,85
41,128,121
41,130,105
41,131,110
41,134,62
41,135,188
41,146,342
41,153,33
41,157,300
41,159,336
41,161,171
41,165,211
41,167,207
41,168,351
41,174,86
41,176,149
41,195,56
41,196,93
41,197,166
42,2,217
42,3,395
42,4,176
42,5,30
42,6,370
42,7,135
42,9,234
42,10,316
42,11,97
42,13,367
42,14,170
42,15,16
42,16,306
42,17,71
42,18,349
42,19,320
42,21,302
42,22,8
42,23,131
42,27,70
42,28,129
42,29,63
42,30,81
42,32,211
42,33,379
42,34,154
42,38,108
42,39,161
42,40,389
42,41,137
42,46,369
42,48,9
42,49,34
42,51,148
42,52,367
42,53,22
42,54,363
42,55,29
42,56,190
42,57,5
42,58,192
42,61,367
42,62,133
42,63,115
42,65,219
42,68,254
42,69,199
42,70,321
42,71,388
42,73,181
42,74,358
42,77,78
42,78,48
42,79,132
42,80,366
42,81,278
42,83,36
42,84,43
42,86,304
42,88,323
42,90,376
42,92,25
42,95,347
42,96,76
42,99,217
42,100,282
42,102,191
42,104,64
42,111,392
42,114,275
42,117,138
42,120,262
42,123,18
42,124,170
42,125,311
42,127,305
42,130,204
42,133,284
42,134,331
42,135,400
42,137,128
42,142,93
42,152,125
42,156,81
42,158,377
42,165,71
42,171,113
42,174,154
42,175,386
42,176,154
42,179,124
42,186,226
42,187,153
42,191,396
42,194,163
42,198,117
43,1,396
43,4,260
43,5,17
43,7,382
43,8,16
43,9,275
43,11,177
43,12,251
43,13,123
43,14,214
43,16,281
43,17,106
43,20,172
43,22,247
43,23,279
43,24,150
43,26,253
43,27,373
43,29,373
43,30,215
43,31,193
43,32,92
43,33,236
43,35,350
43,36,161
43,37,228
43,38,194
43,40,234
43,45,193
43,46,183
43,47,11
43,48,18
43,49,229
43,52,185
43,55,223
43,56,140
43,57,83
43,58,213
43,59,154
43,61,371
43,64,358
43,66,123
43,68,260
43,70,75
43,71,266
43,72,65
43,74,369
43,75,54
43,77,289
43,78,330
43,79,242
43,80,172
43,82,147
43,83,247
43,84,376
43,85,371
43,86,28
43,88,91
43,89,96
43,93,230
43,95,211
43,97,4
43,99,117
43,101,142
43,104,320
43,105,196
43,106,56
43,107,203
43,109,4
43,110,226
43,111,106
43,116,144
43,118,33
43,119,303
43,121,239
43,122,365
43,123,218
43,124,76
43,125,169
43,127,236
43,128,278
43,133,226
43,135,108
43,136,274
43,140,370
43,141,314
43,143,53
43,146,57
43,148,90
43,149,394
43,150,12
43,152,107
43,158,52
43,161,310
43,162,103
43,176,267
43,180,109
43,195,357
43,197,242
43,199,113
44,2,74
44,3,25
44,6,3
44,7,351
44,8,186
44,11,191
44,14,64
44,15,331
44,16,69
44,17,232
44,18,66
44,21,240
44,23,111
44,24,150
44,25,183
44,26,65
44,29,283
44,31,367
44,32,272
44,33,370
44,35,369
44,36,152
44,37,223
44,38,272
44,39,123
44,41,190
44,45,169
44,46,221
44,47,326
44,49,218
44,51,364
44,53,76
44,54,157
44,55,194
44,57,322
44,58,76
44,59,91
44,61,335
44,65,159
44,67,74
44,68,140
44,69,288
44,70,96
44,71,334
44,72,398
44,73,48
44,74,64
44,75,33
44,77,59
44,78,67
44,79,285
44,81,386
44,85,231
44,86,240
44,89,289
44,91,75
44,92,119
44,96,183
44,97,62
44,98,331
44,102,231
44,105,13
44,108,165
44,110,300
44,112,397
44,113,236
44,116,343
44,123,38
44,124,190
44,125,101
44,138,248
44,139,109
44,140,33
44,141,154
44,143,259
44,147,244
44,151,294
44,152,258
44,154,52
44,157,369
44,160,2
44,163,174
44,164,176
44,168,161
44,169,220
44,170,66
44,183,381
44,199,315
45,1,99
45,2,312
45,3,277
45,6,208
45,7,134
45,9,195
45,10,130
45,11,51
45,12,130
45,13,146
45,14,224
45,15,369
45,17,341
45,18,371
45,20,274
45,21,336
45,25,280
45,26,372
45,28,53
45,29,312
45,30,295
45,31,176
45,32,227
45,33,254
45,34,55
45,36,105
45,38,198
45,43,193
45,44,169
45,46,246
45,47,374
45,48,202
45,50,338
45,51,194
45,52,325
45,53,130
45,59,43
45,60,383
45,62,62
45,63,261
45,64,304
45,66,372
45,67,51
45,68,70
45,69,222
45,70,377
45,71,298
45,72,297
45,73,43
45,75,351
45,77,315
