source,target,weight
1,2,19
1,3,92
1,4,191
1,5,207
1,6,353
1,7,108
1,8,309
1,9,6
1,10,264
1,12,159
1,13,385
1,14,359
1,16,264
1,19,103
1,20,310
1,21,390
1,22,261
1,25,43
1,26,171
1,28,72
1,30,385
1,31,55
1,32,364
1,33,39
1,34,2
1,36,25
1,37,10
1,39,77
1,40,381
1,43,72
1,44,393
1,45,62
1,48,229
1,51,221
1,52,208
1,53,257
1,54,165
1,55,13
1,56,294
1,58,399
1,59,175
1,60,107
1,61,61
1,64,184
1,65,23
1,67,257
1,69,70
1,70,151
1,72,53
1,74,23
1,81,164
1,83,244
1,84,151
1,85,74
1,90,298
1,92,91
1,95,100
1,98,360
1,99,386
1,102,6
1,103,293
1,104,51
1,106,130
1,107,54
1,113,240
1,115,3
1,119,280
1,121,375
1,126,19
1,127,125
1,131,159
1,139,174
1,141,311
1,144,168
1,145,263
1,148,123
1,150,314
1,152,230
1,153,311
1,155,315
1,159,295
1,163,258
1,165,373
1,171,214
1,183,287
1,184,306
1,187,338
1,191,100
1,194,126
1,198,340
2,1,19
2,3,350
2,4,267
2,6,182
2,8,264
2,9,340
2,13,19
2,14,108
2,15,222
2,16,64
2,19,53
2,21,268
2,22,256
2,23,117
2,24,23
2,26,374
2,30,311
2,31,300
2,32,179
2,33,260
2,35,86
2,36,172
2,38,14
2,39,287
2,40,293
2,41,320
2,43,314
2,44,179
2,45,272
2,46,339
2,50,247
2,51,112
2,56,95
2,60,230
2,61,396
2,63,160
2,64,329
2,66,174
2,67,331
2,68,30
2,71,192
2,72,84
2,74,12
2,75,295
2,77,239
2,79,220
2,81,164
2,84,90
2,87,355
2,92,124
2,94,314
2,95,319
2,97,272
2,103,378
2,104,88
2,105,133
2,106,207
2,107,194
2,109,296
2,115,29
2,116,372
2,119,119
2,120,223
2,123,124
2,125,12
2,126,362
2,128,144
2,131,205
2,133,43
2,137,374
2,138,352
2,140,358
2,143,260
2,146,193
2,147,180
2,154,37
2,155,303
2,159,383
2,160,230
2,168,213
2,173,56
2,178,217
2,183,128
2,194,9
2,199,129
2,200,96
3,1,92
3,2,350
3,4,83
3,6,284
3,7,242
3,8,114
3,9,91
3,11,254
3,12,261
3,17,164
3,20,343
3,21,205
3,22,328
3,23,5
3,24,303
3,27,43
3,29,302
3,32,337
3,33,356
3,35,20
3,37,363
3,39,381
3,41,208
3,42,325
3,43,302
3,44,238
3,45,115
3,47,354
3,52,252
3,54,107
3,56,222
3,57,103
3,58,144
3,60,347
3,61,153
3,64,374
3,65,398
3,66,212
3,67,152
3,78,362
3,79,38
3,85,227
3,89,245
3,91,47
3,96,20
3,100,6
3,102,187
3,106,87
3,110,2
3,111,253
3,115,392
3,116,208
3,119,124
3,120,242
3,121,135
3,122,326
3,127,74
3,137,350
3,139,262
3,150,19
3,153,195
3,155,62
3,173,320
3,176,245
3,180,223
3,185,57
3,189,195
3,195,18
3,196,308
3,199,32
4,1,191
4,2,267
4,3,83
4,5,352
4,6,236
4,8,18
4,10,348
4,11,286
4,12,210
4,13,370
4,14,94
4,15,104
4,16,41
4,17,195
4,18,154
4,19,45
4,20,357
4,21,103
4,22,372
4,23,91
4,24,356
4,25,327
4,26,210
4,27,331
4,29,234
4,31,87
4,32,352
4,34,32
4,35,114
4,36,183
4,37,355
4,38,279
4,40,20
4,42,230
4,43,197
4,46,156
4,47,138
4,48,387
4,50,338
4,53,275
4,54,164
4,56,268
4,59,9
4,60,214
4,61,63
4,62,22
4,63,238
4,65,395
4,66,254
4,68,374
4,70,73
4,76,247
4,77,89
4,80,2
4,84,328
4,86,186
4,88,377
4,90,348
4,94,25
4,103,368
4,107,115
4,108,96
4,111,293
4,113,149
4,115,287
4,117,394
4,118,52
4,119,141
4,120,258
4,123,234
4,124,264
4,128,68
4,129,221
4,132,40
4,133,356
4,137,400
4,138,83
4,139,356
4,143,96
4,148,300
4,153,8
4,154,347
4,155,64
4,156,181
4,157,393
4,158,167
4,165,215
4,172,173
4,175,88
4,179,117
4,186,367
4,189,102
4,191,357
4,193,239
4,194,178
4,196,94
4,197,177
4,198,201
4,200,231
5,1,207
5,4,352
5,7,362
5,8,90
5,9,180
5,10,120
5,16,141
5,18,194
5,19,360
5,21,337
5,22,72
5,23,279
5,24,3
5,25,262
5,29,126
5,31,4
5,32,257
5,33,278
5,34,152
5,37,221
5,38,394
5,39,383
5,40,165
5,41,59
5,42,34
5,43,310
5,44,303
5,46,130
5,47,15
5,48,296
5,49,154
5,53,328
5,54,81
5,55,390
5,58,86
5,59,190
5,60,155
5,63,395
5,65,239
5,66,144
5,68,71
5,69,229
5,73,113
5,77,43
5,81,85
5,84,373
5,87,93
5,88,235
5,89,307
5,90,392
5,98,41
5,108,63
5,113,168
5,114,58
5,127,130
5,128,257
5,129,171
5,132,350
5,133,119
5,140,83
5,152,396
5,153,349
5,161,290
5,174,278
5,178,369
5,179,134
5,186,68
5,187,244
5,192,290
5,193,287
5,196,158
5,197,108
6,1,353
6,2,182
6,3,284
6,4,236
6,7,68
6,8,120
6,9,379
6,10,359
6,12,103
6,13,39
6,14,368
6,15,45
6,16,211
6,17,111
6,18,174
6,20,321
6,21,78
6,24,35
6,26,129
6,27,229
6,29,300
6,30,94
6,31,324
6,32,207
6,33,48
6,34,285
6,35,77
6,39,178
6,40,103
6,41,266
6,42,293
6,47,142
6,48,154
6,49,223
6,50,192
6,51,154
6,52,26
6,53,290
6,55,218
6,56,27
6,58,33
6,60,272
6,61,93
6,62,235
6,66,328
6,68,236
6,69,243
6,72,238
6,73,285
6,75,187
6,76,369
6,77,77
6,78,309
6,80,223
6,82,384
6,85,256
6,87,135
6,91,65
6,94,193
6,102,281
6,103,53
6,129,150
6,133,36
6,134,195
6,138,292
6,144,8
6,148,245
6,152,340
6,154,108
6,155,1
6,159,203
6,162,336
6,163,281
6,168,263
6,169,243
6,174,206
6,177,275
6,181,388
6,188,147
6,195,256
6,198,183
7,1,108
7,3,242
7,5,362
7,6,68
7,8,90
7,9,142
7,11,321
7,12,94
7,13,134
7,14,265
7,15,252
7,17,247
7,19,180
7,20,323
7,21,7
7,23,400
7,24,99
7,25,295
7,26,278
7,30,217
7,31,6
7,32,397
7,33,257
7,34,202
7,35,79
7,36,381
7,37,368
7,39,345
7,40,171
7,41,190
7,42,236
7,43,308
7,44,27
7,45,136
7,46,134
7,51,78
7,52,132
7,54,76
7,56,306
7,57,226
7,58,314
7,59,19
7,62,146
7,63,353
7,64,246
7,66,158
7,67,317
7,75,336
7,83,261
7,84,323
7,88,57
7,89,352
7,92,382
7,94,92
7,99,149
7,100,113
7,102,268
7,103,238
7,107,243
7,111,241
7,113,242
7,114,338
7,117,300
7,119,356
7,120,342
7,121,169
7,129,126
7,137,98
7,139,235
7,140,311
7,146,216
7,149,343
7,158,399
7,163,84
7,169,294
7,171,208
7,173,279
7,174,179
7,175,107
7,176,23
7,179,100
7,180,302
7,183,263
7,185,94
7,189,15
7,199,349
8,1,309
8,2,264
8,3,114
8,4,18
8,5,90
8,6,120
8,7,90
8,9,140
8,10,159
8,11,173
8,12,169
8,13,48
8,15,110
8,16,96
8,17,36
8,18,104
8,20,379
8,21,138
8,23,294
8,24,31
8,25,238
8,26,215
8,27,25
8,28,75
8,29,86
8,30,220
8,36,189
8,37,174
8,38,272
8,39,396
8,42,93
8,43,234
8,45,112
8,48,276
8,49,69
8,50,162
8,51,272
8,53,163
8,59,224
8,62,103
8,63,263
8,64,146
8,66,160
8,70,228
8,71,365
8,73,357
8,75,61
8,80,212
8,82,367
8,86,149
8,87,197
8,89,22
8,93,106
8,94,7
8,95,157
8,96,122
8,100,378
8,101,26
8,107,171
8,109,154
8,111,48
8,112,366
8,122,395
8,123,132
8,124,96
8,127,225
8,128,136
8,129,102
8,131,311
8,132,363
8,138,288
8,139,373
8,143,270
8,144,224
8,146,240
8,160,32
8,166,240
8,169,239
8,170,128
8,172,65
8,174,257
8,176,166
8,177,258
8,188,202
8,189,144
8,196,396
8,198,360
9,1,6
9,2,340
9,3,91
9,5,180
9,6,379
9,7,142
9,8,140
9,10,186
9,11,307
9,12,277
9,13,224
9,14,99
9,15,31
9,16,43
9,18,25
9,20,199
9,23,220
9,26,348
9,27,387
9,28,290
9,29,55
9,30,244
9,32,89
9,33,190
9,35,367
9,37,130
9,38,244
9,39,223
9,40,377
9,41,294
9,46,246
9,48,316
9,49,80
9,51,167
9,53,260
9,56,118
9,57,182
9,58,58
9,59,397
9,62,42
9,64,190
9,66,341
9,68,4
9,69,386
9,70,265
9,71,89
9,72,229
9,73,341
9,74,353
9,75,92
9,80,23
9,82,373
9,88,142
9,90,335
9,93,175
9,95,52
9,100,290
9,104,297
9,106,37
9,110,375
9,114,227
9,116,234
9,118,64
9,125,199
9,126,222
9,131,202
9,133,203
9,142,192
9,146,202
9,151,228
9,153,342
9,155,291
9,156,173
9,160,1
9,162,303
9,165,255
9,168,212
9,172,125
9,173,134
9,174,379
9,178,274
9,180,294
9,186,35
9,187,45
9,189,37
9,192,109
10,1,264
10,4,348
10,5,120
10,6,359
10,8,159
10,9,186
10,11,374
10,12,154
10,13,135
10,14,364
10,15,258
10,19,97
10,20,198
10,21,234
10,22,13
10,23,13
10,24,84
10,25,22
10,26,79
10,31,256
10,32,160
10,34,199
10,38,289
10,39,164
10,40,270
10,41,255
10,43,374
10,44,200
10,45,215
10,46,293
10,48,296
10,50,187
10,52,154
10,54,59
10,55,60
10,58,275
10,59,136
10,61,347
10,63,134
10,69,32
10,74,137
10,75,217
10,78,71
10,83,136
10,85,241
10,87,198
10,90,72
10,91,325
10,93,211
10,94,359
10,97,192
10,98,347
10,101,123
10,104,100
10,108,178
10,111,265
10,112,346
10,113,201
10,115,111
10,116,37
10,117,322
10,119,27
10,120,91
10,122,223
10,125,28
10,127,264
10,134,20
10,135,274
10,137,53
10,144,393
10,145,349
10,146,288
10,149,194
10,153,234
10,155,4
10,157,362
10,159,266
10,162,61
10,165,248
10,167,80
10,176,223
10,184,8
11,3,254
11,4,286
11,7,321
11,8,173
11,9,307
11,10,374
11,13,75
11,16,267
11,17,172
11,18,234
11,19,14
11,21,367
11,22,294
11,24,314
11,25,82
11,26,272
11,27,63
11,28,42
11,29,361
11,32,12
11,33,400
11,34,388
11,35,136
11,38,99
11,44,11
11,46,193
11,47,362
11,48,61
11,49,366
11,50,392
11,52,4
11,53,312
11,58,215
11,59,368
11,60,292
11,65,274
11,70,216
11,71,250
11,72,300
11,74,193
11,75,20
11,76,135
11,78,137
11,81,116
11,86,237
11,95,151
11,99,322
11,103,171
11,105,160
11,114,239
11,121,14
11,124,340
11,128,66
11,129,193
11,133,125
11,137,312
11,140,300
11,141,114
11,142,92
11,144,33
11,145,176
11,146,384
11,147,348
11,148,310
11,149,373
11,154,94
11,159,252
11,163,369
11,170,297
11,171,345
11,176,289
11,179,309
11,180,193
11,183,151
11,185,93
11,187,272
11,192,329
11,199,109
12,1,159
12,3,261
12,4,210
12,6,103
12,7,94
12,8,169
12,9,277
12,10,154
12,13,72
12,14,324
12,15,385
12,16,329
12,18,289
12,19,354
12,20,18
12,22,14
12,23,96
12,24,334
12,30,34
12,31,328
12,33,185
12,34,172
12,35,47
12,36,275
12,37,18
12,40,249
12,43,267
12,46,252
12,49,146
12,50,86
12,52,353
12,53,266
12,56,34
12,57,49
12,58,34
12,59,50
12,62,275
12,63,25
12,64,78
12,65,191
12,70,305
12,72,297
12,77,122
12,78,314
12,79,179
12,89,210
12,90,192
12,95,240
12,97,381
12,106,78
12,107,145
12,109,34
12,110,24
12,111,273
12,113,340
12,116,352
12,118,132
12,120,286
12,121,249
12,122,198
12,124,238
12,125,99
12,129,21
12,140,197
12,146,69
12,148,118
12,150,357
12,163,178
12,166,340
12,167,266
12,172,221
12,178,215
12,183,171
12,197,46
13,1,385
13,2,19
13,4,370
13,6,39
13,7,134
13,8,48
13,9,224
13,10,135
13,11,75
13,12,72
13,14,29
13,15,94
13,16,42
13,17,72
13,18,375
13,21,351
13,22,35
13,23,71
13,25,22
13,26,46
13,28,128
13,29,138
13,30,147
13,31,211
13,32,241
13,33,156
13,36,35
13,37,103
13,38,41
13,40,115
13,41,317
13,42,6
13,43,365
13,47,340
13,48,244
13,49,336
13,51,64
13,53,288
13,54,254
13,56,253
13,60,83
13,65,163
13,68,161
13,69,349
13,70,191
13,72,340
13,73,70
13,77,190
13,79,154
13,80,332
13,81,252
13,83,379
13,87,66
13,88,116
13,89,42
13,90,19
13,99,301
13,101,6
13,104,309
13,105,88
13,107,190
13,109,173
13,117,133
13,119,78
13,122,59
13,131,138
13,142,312
13,145,18
13,152,182
13,153,387
13,156,287
13,163,1
13,164,318
13,170,95
13,174,229
13,176,261
13,179,22
13,188,239
13,195,207
13,200,258
14,1,359
14,2,108
14,4,94
14,6,368
14,7,265
14,9,99
14,10,364
14,12,324
14,13,29
14,16,206
14,17,265
14,20,376
14,21,171
14,22,99
14,23,247
14,24,6
14,25,221
14,26,72
14,27,197
14,28,190
14,29,15
14,33,226
14,34,298
14,36,45
14,37,310
14,38,79
14,41,182
14,42,314
14,43,62
14,44,101
14,45,28
14,47,366
14,49,242
14,51,198
14,55,119
14,56,176
14,59,387
14,60,266
14,61,190
14,62,317
14,63,363
14,65,382
14,73,58
14,78,295
14,80,359
14,87,247
14,90,391
14,91,151
14,93,381
14,96,89
14,97,329
14,99,162
14,102,115
14,107,387
14,108,115
14,112,300
14,114,118
14,116,43
14,117,232
14,118,321
14,124,191
14,126,75
14,128,207
14,130,76
14,148,100
14,152,227
14,153,319
14,154,251
14,156,264
14,163,137
14,165,65
14,166,251
14,171,33
14,176,365
14,179,192
14,180,367
14,185,375
14,188,334
14,190,266
14,193,208
15,2,222
15,4,104
15,6,45
15,7,252
15,8,110
15,9,31
15,10,258
15,12,385
15,13,94
15,16,226
15,17,179
15,19,263
15,20,162
15,22,261
15,23,62
15,24,307
15,27,303
15,28,17
15,29,350
15,30,391
15,31,296
15,32,263
15,33,240
15,35,287
15,36,396
15,39,42
15,43,50
15,44,10
15,45,197
15,47,156
15,48,19
15,50,32
15,51,347
15,52,357
15,53,328
15,54,75
15,55,186
15,57,149
15,59,249
15,60,58
15,71,175
15,73,375
15,74,172
15,77,393
15,78,82
15,84,273
15,86,208
15,88,346
15,91,68
15,93,213
15,97,269
15,99,363
15,104,234
15,106,386
15,110,213
15,112,47
15,115,148
15,118,294
15,125,279
15,131,220
15,134,6
15,135,119
15,138,248
15,140,318
15,142,400
15,150,395
15,152,244
15,154,175
15,155,225
15,156,130
15,157,321
15,165,40
15,167,376
15,169,194
15,171,399
15,172,286
15,173,29
15,186,400
15,195,240
16,1,264
16,2,64
16,4,41
16,5,141
16,6,211
16,8,96
16,9,43
16,11,267
16,12,329
16,13,42
16,14,206
16,15,226
16,17,18
16,18,339
16,19,391
16,20,55
16,22,205
16,24,241
16,25,349
16,27,97
16,29,317
16,30,76
16,31,205
16,33,114
16,34,106
16,37,90
16,38,97
16,39,296
16,40,266
16,41,235
16,42,309
16,47,34
16,48,261
16,51,11
16,52,95
16,53,85
16,54,78
16,59,66
16,63,395
16,65,242
16,67,269
16,68,50
16,69,206
16,72,94
16,74,348
16,75,384
16,76,17
16,78,3
16,79,329
16,83,291
16,84,93
16,86,115
16,88,111
16,89,129
16,100,143
16,107,364
16,111,226
16,113,13
16,123,36
16,129,198
16,134,351
16,135,320
16,140,371
16,144,133
16,159,349
16,164,132
16,170,168
16,171,385
16,181,282
16,182,312
16,198,87
17,3,164
17,4,195
17,6,111
17,7,247
17,8,36
17,11,172
17,13,72
17,14,265
17,15,179
17,16,18
17,18,224
17,20,280
17,24,168
17,26,337
17,27,5
17,28,315
17,29,336
17,31,222
17,35,224
17,36,221
17,37,330
17,39,314
17,41,386
17,44,368
17,46,176
17,51,323
17,52,168
17,56,270
17,57,294
17,58,396
17,59,336
17,60,118
17,62,41
17,63,308
17,64,225
17,65,393
17,66,144
17,68,391
17,69,70
17,70,307
17,71,135
17,73,103
17,77,44
17,82,69
17,83,265
17,85,65
17,86,225
17,87,104
17,88,32
17,89,31
17,94,50
17,96,107
17,104,144
17,108,68
17,110,180
17,114,273
17,117,169
17,118,170
17,122,16
17,129,292
17,130,227
17,132,319
17,133,288
17,134,119
17,136,86
17,140,248
17,143,39
17,148,271
17,154,161
17,156,327
17,160,373
17,161,374
17,162,121
17,168,321
17,169,304
17,173,78
17,175,346
17,186,258
17,193,351
17,195,312
18,4,154
18,5,194
18,6,174
18,8,104
18,9,25
18,11,234
18,12,289
18,13,375
18,16,339
18,17,224
18,19,246
18,20,114
18,21,391
18,22,92
18,23,351
18,24,377
18,25,84
18,28,230
18,29,67
18,30,324
18,31,6
18,32,229
18,36,321
18,39,343
18,40,161
18,41,2
18,44,209
18,45,302
18,47,324
18,48,125
18,49,81
18,50,349
18,52,277
18,53,326
18,54,190
18,55,300
18,58,192
18,59,93
18,64,199
18,66,65
18,68,320
18,69,226
18,71,186
18,75,129
18,76,204
18,78,246
18,90,152
18,93,359
18,95,68
18,97,173
18,98,337
18,101,253
18,110,179
18,112,63
18,113,121
18,114,373
18,116,45
18,118,169
18,121,346
18,122,253
18,129,154
18,132,143
18,141,391
18,146,133
18,148,264
18,149,175
18,151,284
18,165,355
18,169,376
18,170,122
18,177,202
18,178,128
18,180,391
18,183,289
18,186,28
18,194,275
18,198,351
19,1,103
19,2,53
19,4,45
19,5,360
19,7,180
19,10,97
19,11,14
19,12,354
19,15,263
19,16,391
19,18,246
19,20,219
19,24,194
19,25,16
19,26,270
19,28,398
19,29,135
19,30,9
19,31,140
19,33,245
19,34,373
19,35,200
19,36,168
19,37,366
19,38,74
19,39,259
19,41,292
19,42,20
19,46,22
19,47,52
19,49,366
19,50,312
19,51,143
19,54,301
19,55,156
19,56,202
19,59,387
19,60,327
19,64,83
19,65,125
19,67,290
19,69,341
19,74,182
19,78,182
19,89,257
19,92,100
19,93,127
19,95,329
19,96,272
19,97,73
19,111,41
19,115,64
19,116,324
19,119,257
19,120,36
19,122,147
19,130,277
19,131,323
19,132,216
19,134,288
19,135,206
19,138,122
19,139,32
19,140,290
19,142,147
19,146,276
19,147,135
19,149,139
19,150,55
19,154,29
19,165,358
19,171,11
19,178,400
19,179,398
19,184,207
19,189,383
19,194,68
19,197,27
19,200,361
20,1,310
20,3,343
20,4,357
20,6,321
20,7,323
20,8,379
20,9,199
20,10,198
20,12,18
20,14,376
20,15,162
20,16,55
20,17,280
20,18,114
20,19,219
20,21,222
20,23,371
20,24,166
20,25,244
20,27,210
20,29,162
20,32,105
20,36,248
20,38,68
20,39,325
20,40,393
20,41,118
20,42,383
20,43,128
20,44,305
20,45,306
20,46,250
20,47,398
20,49,41
20,50,86
20,54,229
20,55,210
20,57,163
20,58,90
20,60,66
20,61,147
20,62,346
20,63,17
20,64,360
20,65,392
20,70,329
20,72,309
20,73,239
20,74,358
20,75,249
20,80,122
20,86,246
20,91,147
20,92,226
20,93,295
20,95,209
20,96,384
20,99,231
20,102,117
20,104,330
20,106,399
20,109,119
20,111,320
20,113,199
20,114,325
20,115,303
20,119,366
20,124,324
20,126,156
20,130,52
20,131,169
20,132,181
20,136,280
20,142,252
20,145,167
20,154,188
20,156,117
20,158,166
20,159,18
20,163,384
20,164,336
20,168,10
20,171,236
20,190,105
20,194,10
20,200,150
21,1,390
21,2,268
21,3,205
21,4,103
21,5,337
21,6,78
21,7,7
21,8,138
21,10,234
21,11,367
21,13,351
21,14,171
21,18,391
21,20,222
21,22,171
21,24,99
21,25,260
21,28,375
21,29,358
21,30,321
21,32,207
21,33,210
21,34,390
21,35,217
21,36,264
21,38,145
21,40,235
21,41,352
21,42,49
21,44,139
21,48,31
21,49,364
21,51,138
21,53,158
21,55,278
21,58,132
21,59,174
21,60,369
21,62,241
21,65,239
21,68,226
21,69,210
21,70,399
21,73,137
21,74,348
21,78,205
21,79,272
21,80,154
21,84,4
21,86,191
21,87,397
21,90,107
21,91,351
21,92,283
21,93,361
21,98,64
21,99,106
21,107,155
21,112,131
21,115,395
21,121,198
21,126,186
21,130,27
21,133,331
21,134,307
21,135,223
21,137,281
21,138,286
21,142,290
21,144,81
21,150,182
21,156,365
21,163,121
21,167,173
21,168,257
21,171,68
21,175,259
21,177,240
21,179,78
21,181,161
21,190,201
21,191,89
21,197,188
21,199,303
22,1,261
22,2,256
22,3,328
22,4,372
22,5,72
22,10,13
22,11,294
22,12,14
22,13,35
22,14,99
22,15,261
22,16,205
22,18,92
22,21,171
22,23,170
22,24,140
22,25,40
22,26,196
22,27,384
22,28,46
22,31,150
22,32,221
22,34,369
22,35,339
22,36,147
22,37,131
22,38,114
22,39,195
22,40,12
22,41,258
22,43,210
22,44,210
22,46,153
22,48,194
22,49,205
22,50,105
22,52,117
22,53,146
22,55,136
22,57,99
22,59,36
22,60,190
22,64,335
22,66,252
22,67,383
22,71,57
22,79,338
22,81,86
22,84,326
22,85,317
22,87,331
22,90,197
22,93,200
22,101,361
22,103,166
22,107,249
22,109,298
22,115,15
22,116,325
22,120,101
22,121,195
22,123,91
22,129,279
22,135,156
22,144,186
22,145,55
22,149,369
22,160,236
22,161,200
22,166,29
22,167,101
22,170,160
22,173,15
22,177,157
22,178,283
22,193,249
22,194,301
22,196,65
22,199,101
23,2,117
23,3,5
23,4,91
23,5,279
23,7,400
23,8,294
23,9,220
23,10,13
23,12,96
23,13,71
23,14,247
23,15,62
23,18,351
23,20,371
23,22,170
23,25,239
23,26,84
23,27,127
23,29,311
23,32,167
23,33,195
23,34,133
23,37,358
23,38,128
23,42,102
23,43,282
23,44,196
23,45,87
23,48,365
23,50,361
23,52,211
23,57,42
23,58,210
23,61,178
23,62,1
23,64,133
23,67,36
23,68,366
23,70,266
23,71,398
23,77,160
23,80,223
23,81,270
23,82,105
23,83,383
23,84,278
23,87,285
23,88,264
23,92,119
23,93,233
23,98,22
23,99,299
23,100,334
23,101,341
23,110,358
23,112,227
23,113,354
23,115,213
23,117,384
23,124,164
23,131,142
23,141,345
23,143,283
23,146,266
23,148,366
23,154,230
23,157,251
23,160,261
23,162,142
23,170,219
23,171,77
23,181,113
23,186,8
23,191,389
24,2,23
24,3,303
24,4,356
24,5,3
24,6,35
24,7,99
24,8,31
24,10,84
24,11,314
24,12,334
24,14,6
24,15,307
24,16,241
24,17,168
24,18,377
24,19,194
24,20,166
24,21,99
24,22,140
24,26,132
24,27,94
24,28,138
24,29,172
24,30,350
24,31,148
24,32,179
24,34,248
24,35,70
24,36,382
24,37,365
24,38,85
24,39,126
24,40,356
24,41,322
24,42,33
24,45,34
24,46,31
24,47,275
24,48,102
24,50,131
24,52,252
24,53,181
24,55,115
24,56,151
24,58,291
24,66,357
24,67,67
24,71,309
24,72,358
24,74,255
24,80,142
24,81,127
24,85,292
24,87,328
24,89,382
24,91,147
24,92,336
24,94,280
24,95,104
24,98,67
24,100,106
24,101,34
24,104,394
24,108,162
24,111,265
24,112,270
24,118,142
24,119,31
24,124,269
24,125,148
24,129,12
24,132,259
24,135,287
24,136,341
24,140,307
24,143,66
24,152,360
24,157,256
24,186,189
24,188,240
24,196,146
25,1,43
25,4,327
25,5,262
25,7,295
25,8,238
25,10,22
25,11,82
25,13,22
25,14,221
25,16,349
25,18,84
25,19,16
25,20,244
25,21,260
25,22,40
25,23,239
25,26,32
25,28,115
25,29,93
25,31,373
25,33,32
25,35,41
25,38,108
25,40,219
25,43,189
25,45,62
25,47,296
25,48,148
25,50,71
25,51,66
25,54,15
25,55,335
25,56,89
25,57,85
25,59,146
25,62,276
25,65,110
25,68,387
25,69,73
25,70,290
25,71,18
25,72,124
25,73,177
25,75,160
25,79,361
25,83,50
25,86,77
25,88,356
25,90,226
25,92,309
25,94,140
25,95,114
25,97,292
25,98,325
25,101,179
25,102,192
25,108,257
25,114,90
25,116,301
25,118,352
25,126,218
25,133,247
25,134,126
25,135,310
25,139,15
25,149,286
25,156,155
25,157,259
25,158,166
25,159,158
25,160,366
25,167,38
25,168,100
25,173,11
25,175,204
25,177,112
25,178,274
25,180,339
25,182,383
25,194,311
25,198,324
26,1,171
26,2,374
26,4,210
26,6,129
26,7,278
26,8,215
26,9,348
26,10,79
26,11,272
26,13,46
26,14,72
26,17,337
26,19,270
26,22,196
26,23,84
26,24,132
26,25,32
26,27,89
26,28,327
26,30,355
26,31,256
26,32,277
26,33,146
26,34,370
26,35,292
26,36,370
26,37,155
26,39,390
26,40,357
26,41,367
26,43,182
26,44,336
26,45,167
26,47,292
26,48,350
26,51,47
26,52,30
26,53,262
26,54,244
26,57,221
26,58,206
26,60,341
26,63,287
26,64,196
26,66,111
26,67,259
26,68,4
26,70,44
26,72,306
26,73,116
26,75,212
26,79,190
26,80,328
26,85,375
26,88,119
26,91,364
26,98,129
26,99,210
26,101,189
26,102,280
26,105,229
26,110,293
26,113,110
26,120,180
26,122,123
26,128,70
26,132,222
26,140,47
26,147,245
26,161,339
26,162,62
26,168,17
26,169,286
26,177,15
26,178,221
26,179,364
26,185,353
26,191,355
26,192,223
26,198,178
27,3,43
27,4,331
27,6,229
27,8,25
27,9,387
27,11,63
27,14,197
27,15,303
27,16,97
27,17,5
27,20,210
27,22,384
27,23,127
27,24,94
27,26,89
27,28,307
27,30,152
27,31,74
27,32,32
27,34,53
27,35,1
27,36,63
27,37,378
27,39,301
27,40,96
27,41,78
27,42,120
27,43,169
27,44,80
27,46,78
27,47,358
27,49,281
27,53,239
27,57,236
27,59,3
27,60,145
27,61,115
27,67,85
27,68,46
27,69,272
27,71,159
27,73,370
27,75,92
27,76,335
27,80,138
27,81,251
27,85,97
27,86,275
27,88,368
27,94,317
27,96,186
27,100,45
27,105,60
27,106,384
27,108,300
27,112,193
27,113,389
27,114,268
27,115,303
27,119,384
27,123,115
27,124,283
27,127,172
27,128,105
27,129,8
27,141,313
27,145,309
27,148,243
27,151,178
27,163,334
27,164,149
27,166,340
27,169,195
27,170,126
27,176,386
27,178,349
27,180,129
27,191,198
27,198,67
27,199,224
28,1,72
28,8,75
28,9,290
28,11,42
28,13,128
28,14,190
28,15,17
28,17,315
28,18,230
28,19,398
28,21,375
28,22,46
28,24,138
28,25,115
28,26,327
28,27,307
28,29,243
28,30,9
28,31,196
28,32,112
28,33,194
28,34,234
28,35,68
28,38,301
28,39,378
28,40,261
28,41,215
28,42,45
28,43,336
28,45,41
28,50,235
28,52,392
28,54,255
28,55,282
28,61,164
28,62,256
28,64,295
28,67,266
28,68,176
28,71,128
28,73,68
28,75,392
28,76,165
28,78,224
28,80,365
28,81,79
28,83,264
28,84,75
28,85,102
28,97,190
28,98,150
28,100,288
28,102,272
28,108,69
28,109,260
28,110,58
28,113,208
28,115,2
28,118,338
28,119,114
28,123,209
28,127,71
28,135,367
28,141,168
28,145,199
28,154,120
28,155,49
28,156,169
28,159,269
28,169,264
28,170,208
28,177,23
28,179,336
28,182,349
28,188,315
29,3,302
29,4,234
29,5,126
29,6,300
29,8,86
29,9,55
29,11,361
29,13,138
29,14,15
29,15,350
29,16,317
29,17,336
29,18,67
29,19,135
29,20,162
29,21,358
29,23,311
29,24,172
29,25,93
29,28,243
29,30,383
29,31,235
29,32,195
29,35,227
29,36,348
29,37,350
29,38,254
29,40,356
29,42,316
29,46,382
29,47,395
29,48,111
29,49,269
29,50,195
29,52,97
29,53,12
29,55,259
29,56,148
29,58,84
29,59,102
29,60,321
29,61,46
29,63,119
29,65,327
29,68,395
29,69,19
29,72,310
29,75,347
29,76,73
29,77,241
29,78,14
29,80,64
29,82,294
29,83,390
29,84,107
29,88,265
29,90,111
29,98,169
29,100,205
29,101,323
29,102,387
29,104,35
29,110,337
29,116,99
29,117,209
29,118,200
29,127,274
29,136,377
29,138,66
29,148,30
29,153,85
29,154,171
29,163,368
29,167,280
29,174,287
29,175,254
29,179,361
29,181,244
29,182,175
29,183,236
29,184,36
29,186,200
29,197,99
29,199,311
30,1,385
30,2,311
30,6,94
30,7,217
30,8,220
30,9,244
30,12,34
30,13,147
30,15,391
30,16,76
30,18,324
30,19,9
30,21,321
30,24,350
30,26,355
30,27,152
30,28,9
30,29,383
30,31,377
30,32,270
30,35,367
30,36,364
30,39,88
30,41,178
30,42,174
30,43,343
30,44,258
30,45,32
30,46,182
30,51,11
30,53,303
30,54,262
30,55,371
30,56,240
30,61,163
30,62,254
30,65,210
30,68,169
30,72,371
30,73,109
30,75,136
30,76,177
30,81,166
30,82,68
30,86,209
30,87,95
30,88,145
30,89,110
30,90,193
30,95,56
30,97,254
30,99,264
30,105,261
30,106,335
30,109,340
30,110,228
30,116,116
30,122,391
30,123,270
30,124,214
30,125,291
30,126,249
30,127,65
30,132,96
30,141,230
30,142,104
30,152,51
30,155,341
30,160,203
30,162,305
30,163,385
30,164,157
30,166,21
30,184,177
30,186,180
30,188,346
30,194,366
31,1,55
31,2,300
31,4,87
31,5,4
31,6,324
31,7,6
31,10,256
31,12,328
31,13,211
31,15,296
31,16,205
31,17,222
31,18,6
31,19,140
31,22,150
31,24,148
31,25,373
31,26,256
31,27,74
31,28,196
31,29,235
31,30,377
31,32,104
31,33,284
31,35,84
31,36,19
31,37,15
31,38,97
31,39,176
31,40,388
31,42,160
31,43,163
31,45,218
31,46,14
31,48,286
31,50,377
31,51,388
31,54,124
31,56,361
31,58,7
31,63,32
31,65,62
31,66,19
31,67,131
31,69,125
31,71,30
31,72,30
31,73,375
31,78,337
31,80,169
31,81,289
31,83,88
31,86,294
31,87,349
31,89,333
31,92,268
31,95,30
31,102,322
31,104,61
31,107,383
31,108,355
31,109,302
31,118,133
31,123,368
31,135,258
31,140,129
31,141,286
31,148,99
31,151,230
31,154,10
31,158,313
31,160,313
31,164,297
31,165,92
31,171,336
31,172,288
31,175,85
31,184,351
31,187,374
31,195,340
31,198,24
31,199,281
32,1,364
32,2,179
32,3,337
32,4,352
32,5,257
32,6,207
32,7,397
32,9,89
32,10,160
32,11,12
32,13,241
32,15,263
32,18,229
32,20,105
32,21,207
32,22,221
32,23,167
32,24,179
32,26,277
32,27,32
32,28,112
32,29,195
32,30,270
32,31,104
32,33,294
32,34,148
32,35,179
32,36,364
32,38,201
32,40,34
32,44,61
32,45,400
32,47,221
32,49,382
32,50,193
32,51,322
32,53,78
32,54,244
32,56,52
32,57,230
32,58,101
32,60,95
32,61,320
32,63,213
32,64,309
32,66,352
32,69,32
32,74,399
32,75,259
32,76,115
32,82,147
32,84,198
32,85,13
32,89,34
32,91,337
32,93,256
32,95,216
32,96,85
32,100,38
32,104,52
32,110,272
32,117,330
32,120,55
32,122,228
32,123,179
32,124,155
32,127,303
32,128,215
32,131,326
32,133,106
32,136,225
32,137,187
32,142,217
32,143,22
32,144,231
32,152,12
32,155,162
32,157,97
32,159,80
32,160,313
32,167,102
32,173,197
32,174,257
32,184,14
32,186,314
32,190,54
33,1,39
33,2,260
33,3,356
33,5,278
33,6,48
33,7,257
33,9,190
33,11,400
33,12,185
33,13,156
33,14,226
33,15,240
33,16,114
33,19,245
33,21,210
33,23,195
33,25,32
33,26,146
33,28,194
33,31,284
33,32,294
33,34,297
33,35,61
33,36,368
33,37,118
33,38,102
33,39,327
33,41,229
33,42,390
33,44,152
33,45,382
33,48,361
33,49,132
33,50,216
33,51,54
33,52,365
33,53,331
33,55,118
33,56,395
33,57,336
33,58,77
33,59,107
33,60,1
33,63,258
33,64,174
33,65,27
33,66,116
33,69,368
33,70,273
33,73,334
33,74,299
33,76,141
33,78,229
33,81,81
33,82,385
33,86,389
33,87,48
33,88,228
33,90,392
33,93,390
33,95,55
33,96,201
33,98,305
33,99,104
33,100,220
33,104,247
33,105,400
33,106,124
33,108,37
33,115,33
33,116,136
33,118,336
33,124,133
33,128,239
33,129,292
33,134,207
33,137,323
33,138,322
33,139,136
33,143,122
33,151,267
33,157,332
33,159,123
33,167,141
33,168,310
33,171,187
33,177,260
33,178,365
33,182,359
33,189,263
33,192,206
33,195,362
33,199,231
33,200,309
34,1,2
34,4,32
34,5,152
34,6,285
34,7,202
34,10,199
34,11,388
34,12,172
34,14,298
34,16,106
34,19,373
34,21,390
34,22,369
34,23,133
34,24,248
34,26,370
34,27,53
34,28,234
34,32,148
34,33,297
34,35,393
34,36,274
34,37,346
34,39,134
34,40,318
34,42,252
34,44,172
34,46,227
34,49,282
34,51,158
34,52,320
34,54,302
34,55,83
34,56,252
34,57,384
34,61,342
34,62,184
34,63,183
34,65,197
34,67,33
34,69,51
34,70,324
34,73,54
34,74,230
34,76,378
34,77,298
34,79,386
34,80,68
34,81,350
34,89,5
34,90,387
34,91,50
34,94,65
34,95,294
34,98,112
34,100,342
34,101,88
34,105,330
34,107,51
34,112,57
34,115,399
34,121,361
34,122,172
34,127,166
34,128,298
34,130,255
34,131,229
34,132,166
34,136,10
34,141,146
34,142,153
34,147,89
34,148,45
34,153,185
34,155,261
34,157,288
34,159,110
34,161,56
34,168,242
34,174,283
34,177,96
34,186,306
34,193,338
34,194,77
35,2,86
35,3,20
35,4,114
35,6,77
35,7,79
35,9,367
35,11,136
35,12,47
35,15,287
35,17,224
35,19,200
35,21,217
35,22,339
35,24,70
35,25,41
35,26,292
35,27,1
35,28,68
35,29,227
35,30,367
35,31,84
35,32,179
35,33,61
35,34,393
35,40,171
35,41,223
35,43,99
35,44,67
35,45,322
35,46,181
35,49,116
35,51,380
35,52,316
35,53,209
35,55,218
35,56,187
35,57,276
35,58,109
35,61,394
35,63,120
35,65,216
35,68,263
35,69,256
35,76,273
35,79,339
35,80,139
35,82,200
35,83,341
35,85,335
35,86,77
35,95,259
35,102,145
35,103,267
35,106,397
35,108,398
35,115,5
35,117,98
35,121,80
35,125,27
35,128,89
35,139,288
35,142,239
35,145,190
35,146,295
35,153,76
35,154,379
35,157,368
35,158,315
35,166,106
35,167,263
35,173,264
35,174,30
35,176,259
35,187,236
35,190,275
35,194,26
35,195,319
35,200,177
36,1,25
36,2,172
36,4,183
36,7,381
36,8,189
36,12,275
36,13,35
36,14,45
36,15,396
36,17,221
36,18,321
36,19,168
36,20,248
36,21,264
36,22,147
36,24,382
36,26,370
36,27,63
36,29,348
36,30,364
36,31,19
36,32,364
36,33,368
36,34,274
36,37,240
36,38,124
36,39,315
36,40,175
36,41,23
36,42,58
36,44,144
36,46,70
36,48,264
36,51,187
36,52,176
36,55,26
36,56,9
36,58,122
36,60,129
36,61,59
36,62,65
36,64,309
36,67,233
36,69,282
36,72,314
36,76,67
36,78,334
36,81,250
36,82,152
36,89,125
36,91,2
36,94,238
36,97,302
36,100,305
36,102,181
36,103,208
36,104,112
36,106,70
36,112,5
36,114,139
36,124,85
36,134,268
36,137,161
36,145,306
36,147,139
36,148,253
36,152,29
36,157,61
36,158,179
36,162,275
36,164,42
36,166,343
36,174,60
36,177,11
36,181,308
36,184,399
36,185,175
36,189,147
36,194,104
36,197,152
36,198,11
36,199,162
37,1,10
37,3,363
37,4,355
37,5,221
37,7,368
37,8,174
37,9,130
37,12,18
37,13,103
37,14,310
37,16,90
37,17,330
37,19,366
37,22,131
37,23,358
37,24,365
37,26,155
37,27,378
37,29,350
37,31,15
37,33,118
37,34,346
37,36,240
37,38,163
37,41,36
37,42,13
37,43,41
37,45,355
37,46,123
37,48,298
37,49,145
37,50,23
37,52,330
37,54,157
37,57,324
37,59,299
37,60,18
37,61,125
37,66,298
37,69,238
37,73,318
37,74,400
37,75,399
37,76,104
37,81,257
37,86,210
37,87,117
37,88,368
37,89,66
37,90,278
37,91,263
37,93,291
37,99,276
37,105,196
37,108,312
37,121,101
37,123,301
37,130,16
37,131,91
37,132,172
37,134,222
37,136,44
37,137,354
37,168,25
37,181,263
37,185,65
37,187,283
37,199,359
38,2,14
38,4,279
38,5,394
38,8,272
38,9,244
38,10,289
38,11,99
38,13,41
38,14,79
38,16,97
38,19,74
38,20,68
38,21,145
38,22,114
38,23,128
38,24,85
38,25,108
38,28,301
38,29,254
38,31,97
38,32,201
38,33,102
38,36,124
38,37,163
38,40,236
38,41,132
38,42,116
38,43,38
38,45,277
38,50,214
38,51,231
38,52,381
38,53,65
38,54,202
38,55,377
38,56,44
38,57,91
38,60,382
38,62,238
38,64,27
38,65,150
38,66,273
38,68,247
38,72,248
38,77,222
38,79,347
38,80,48
38,81,91
38,89,324
38,93,157
38,96,269
38,97,309
38,98,112
38,104,392
38,109,227
38,110,95
38,113,130
38,116,8
38,118,95
38,121,122
38,125,370
38,126,124
38,130,386
38,134,275
38,135,28
38,137,68
38,139,383
38,141,133
38,142,94
38,143,243
38,145,263
38,149,155
38,150,322
38,164,4
38,165,23
38,169,377
38,172,44
38,179,346
38,187,251
38,191,37
38,199,242
39,1,77
39,2,287
39,3,381
39,5,383
39,6,178
39,7,345
39,8,396
39,9,223
39,10,164
39,15,42
39,16,296
39,17,314
39,18,343
39,19,259
39,20,325
39,22,195
39,24,126
39,26,390
39,27,301
39,28,378
39,30,88
39,31,176
39,33,327
39,34,134
39,36,315
39,40,271
39,44,202
39,49,320
39,50,198
39,51,167
39,53,270
39,56,239
39,57,394
39,58,160
39,59,400
39,61,55
39,64,303
39,65,154
39,69,227
39,70,183
39,72,31
39,77,334
39,81,142
39,83,382
39,84,304
39,85,291
39,86,246
39,92,385
39,93,205
39,98,92
39,99,235
39,111,329
39,112,390
39,114,158
39,120,119
39,127,353
39,131,190
39,145,237
39,146,301
39,151,228
39,155,163
39,157,147
39,163,385
39,165,267
39,169,16
39,171,390
39,177,276
39,184,253
39,192,301
40,1,381
40,2,293
40,4,20
40,5,165
40,6,103
40,7,171
40,9,377
40,10,270
40,12,249
40,13,115
40,16,266
40,18,161
40,20,393
40,21,235
40,22,12
40,24,356
40,25,219
40,26,357
40,27,96
40,28,261
40,29,356
40,31,388
40,32,34
40,34,318
40,35,171
40,36,175
40,38,236
40,39,271
40,41,364
40,42,247
40,44,329
40,45,22
40,46,7
40,47,305
40,49,306
40,51,114
40,54,327
40,55,253
40,57,242
40,58,213
40,59,297
40,60,288
40,61,220
40,66,52
40,67,353
40,69,94
40,70,144
40,71,7
40,73,393
40,76,330
40,79,200
40,80,256
40,81,197
40,82,76
40,86,377
40,88,301
40,89,362
40,90,83
40,92,198
40,96,81
40,97,270
40,98,18
40,99,194
40,100,197
40,103,68
40,104,128
40,106,61
40,109,170
40,112,173
40,114,372
40,115,195
40,116,79
40,122,261
40,124,28
40,127,152
40,135,292
40,136,14
40,137,368
40,139,174
40,141,187
40,154,125
40,155,52
40,159,287
40,161,55
40,162,232
40,168,96
40,174,163
40,176,128
40,177,325
40,182,187
40,186,178
40,187,239
40,192,99
40,193,257
40,194,131
41,2,320
41,3,208
41,5,59
41,6,266
41,7,190
41,9,294
41,10,255
41,13,317
41,14,182
41,16,235
41,17,386
41,18,2
41,19,292
41,20,118
41,21,352
41,22,258
41,24,322
41,26,367
41,27,78
41,28,215
41,30,178
41,33,229
41,35,223
41,36,23
41,37,36
41,38,132
41,40,364
41,42,47
41,43,324
41,45,194
41,46,51
41,48,39
41,49,294
41,50,149
41,51,126
41,54,92
41,55,219
41,56,35
41,57,305
41,58,347
41,61,13
41,63,38
41,65,31
41,68,36
41,69,31
41,71,388
41,72,79
41,73,59
41,83,229
41,87,322
41,89,117
41,90,175
41,91,67
41,94,281
41,98,257
41,99,119
41,101,180
41,107,281
41,113,92
41,115,292
41,116,327
41,117,68
41,118,117
41,123,7
41,124,185
41,130,221
41,133,18
41,139,83
41,141,148
41,143,203
41,145,12
41,149,23
41,151,282
41,155,217
41,156,386
41,157,119
41,160,273
41,161,62
41,164,156
41,165,298
41,171,249
41,172,45
41,176,56
41,182,18
41,189,49
41,190,35
41,194,182
41,197,149
42,3,325
42,4,230
42,5,34
42,6,293
42,7,236
42,8,93
42,13,6
42,14,314
42,16,309
42,19,20
42,20,383
42,21,49
42,23,102
42,24,33
42,27,120
42,28,45
42,29,316
42,30,174
42,31,160
42,33,390
42,34,252
42,36,58
42,37,13
42,38,116
42,40,247
42,41,47
42,44,391
42,45,195
42,46,338
42,47,64
42,48,39
42,52,64
42,57,355
42,59,294
42,65,291
42,67,103
42,68,87
42,69,18
42,71,235
42,72,359
42,73,37
42,75,214
42,76,225
42,80,73
42,81,374
42,83,321
42,85,45
42,87,315
42,91,128
42,92,303
42,93,10
42,96,41
42,105,36
42,109,234
42,111,307
42,118,345
42,119,122
42,121,302
42,123,214
42,124,68
42,127,400
42,129,367
42,131,115
42,133,272
42,141,240
42,145,28
42,149,118
42,152,6
42,153,86
42,158,25
42,163,93
42,167,190
42,170,48
42,171,317
42,172,4
42,192,290
42,200,141
43,1,72
43,2,314
43,3,302
43,4,197
43,5,310
43,7,308
43,8,234
43,10,374
43,12,267
43,13,365
43,14,62
43,15,50
43,20,128
43,22,210
43,23,282
43,25,189
43,26,182
43,27,169
43,28,336
43,30,343
43,31,163
43,35,99
43,37,41
43,38,38
43,41,324
43,44,57
43,46,2
43,47,115
43,48,21
43,49,353
43,54,160
43,55,389
43,61,223
43,62,81
43,66,90
43,68,83
43,72,171
43,74,152
43,77,104
43,78,153
43,79,212
43,81,358
43,84,102
43,85,175
43,87,62
43,88,89
43,91,229
43,93,389
43,99,199
43,100,101
43,101,81
43,103,214
43,106,196
43,109,168
43,112,13
43,113,68
43,120,360
43,128,330
43,138,394
43,139,60
43,141,192
43,144,187
43,145,198
43,149,305
43,153,184
43,156,230
43,157,336
43,160,97
43,161,246
43,173,42
43,175,40
43,179,174
43,185,146
43,192,197
44,1,393
44,2,179
44,3,238
44,5,303
44,7,27
44,10,200
44,11,11
44,14,101
44,15,10
44,17,368
44,18,209
44,20,305
44,21,139
44,22,210
44,23,196
44,26,336
44,27,80
44,30,258
44,32,61
44,33,152
44,34,172
44,35,67
44,36,144
44,39,202
44,40,329
44,42,391
44,43,57
44,45,50
44,47,82
44,50,117
44,55,326
44,56,391
44,60,15
44,63,16
44,64,51
44,72,55
44,74,268
44,77,187
44,78,314
44,82,346
44,83,365
44,85,367
44,93,181
44,96,249
44,97,323
44,100,20
44,103,337
44,104,276
44,109,16
44,112,70
44,114,209
44,115,134
44,117,84
44,120,202
44,123,35
44,132,168
44,138,99
44,140,368
44,143,237
44,145,270
44,149,354
44,152,357
44,157,96
44,158,295
44,159,256
44,162,235
44,170,317
44,175,319
44,177,359
44,179,335
44,182,97
44,184,350
44,187,351
44,198,187
44,199,351
44,200,262
45,1,62
45,2,272
45,3,115
45,7,136
45,8,112
45,10,215
45,14,28
45,15,197
45,18,302
45,20,306
45,23,87
45,24,34
45,25,62
45,26,167
45,28,41
45,30,32
45,31,218
45,32,400
45,33,382
45,35,322
45,37,355
45,38,277
45,40,22
45,41,194
45,42,195
45,44,50
45,46,116
45,47,346
45,49,330
45,50,336
45,54,293
45,56,117
45,57,361
45,58,63
45,59,188
45,60,286
45,62,21
45,63,98
45,65,110
45,66,181
45,67,169
45,68,118
45,69,136
45,70,328
45,71,2
45,72,9
45,73,89
45,76,135
45,78,348
45,79,41
45,82,78
45,85,159
45,86,95
45,89,141
45,90,105
45,93,239
45,94,163
45,95,380
45,98,302
45,99,37
45,100,105
45,106,362
45,107,191
45,108,147
45,111,247
45,112,102
45,117,236
45,121,357
45,123,348
45,124,96
45,126,242
45,127,108
45,128,375
45,132,337
45,133,108
45,134,367
45,136,44
45,141,24
45,153,155
45,154,77
45,155,190
45,163,340
45,164,60
45,165,90
45,168,390
45,170,138
45,172,362
45,175,359
45,176,390
45,179,213
45,180,48
45,183,13
45,185,50
45,189,21
45,195,8
45,198,51
45,199,303
46,2,339
46,4,156
46,5,130
46,7,134
46,9,246
46,10,293
46,11,193
46,12,252
46,17,176
46,19,22
46,20,250
46,22,153
46,24,31
46,27,78
46,29,382
46,30,182
46,31,14
46,34,227
46,35,181
46,36,70
46,37,123
46,40,7
46,41,51
46,42,338
46,43,2
46,45,116
46,47,283
46,48,273
46,50,177
46,51,172
46,52,392
46,55,205
46,57,148
46,58,12
46,59,389
46,62,343
46,66,62
46,70,324
46,72,29
46,76,322
46,77,316
46,79,386
46,80,329
46,81,196
46,84,94
46,87,188
46,90,10
46,92,355
46,93,282
46,96,363
46,101,322
46,102,258
46,107,188
46,111,106
46,119,131
46,120,101
46,123,248
46,125,146
46,127,50
46,135,144
46,137,266
46,147,334
46,155,28
46,161,77
46,171,322
46,177,6
46,178,21
46,179,75
46,184,177
46,190,246
47,3,354
47,4,138
47,5,15
47,6,142
47,11,362
47,13,340
47,14,366
47,15,156
47,16,34
47,18,324
47,19,52
47,20,398
47,24,275
47,25,296
47,26,292
47,27,358
47,29,395
47,32,221
47,40,305
47,42,64
47,43,115
47,44,82
47,45,346
47,46,283
47,49,355
47,50,224
47,56,317
47,58,400
47,59,55
47,61,1
47,62,299
47,63,134
47,64,199
47,68,309
47,69,327
47,72,56
47,73,250
47,76,266
47,78,294
47,82,327
47,84,18
47,91,272
47,105,24
47,109,108
47,110,377
47,111,357
47,114,194
47,115,157
47,132,358
47,134,134
47,135,392
47,138,185
47,139,310
47,141,53
47,145,179
47,148,157
47,155,74
47,156,142
47,160,113
47,166,251
47,170,100
47,176,195
47,181,300
47,183,343
47,184,95
47,190,267
47,191,72
47,193,132
47,198,105
48,1,229
48,4,387
48,5,296
48,6,154
48,8,276
48,9,316
48,10,296
48,11,61
48,13,244
48,15,19
48,16,261
48,18,125
48,21,31
48,22,194
48,23,365
48,24,102
48,25,148
48,26,350
48,29,111
48,31,286
48,33,361
48,36,264
48,37,298
48,41,39
48,42,39
48,43,21
48,46,273
48,49,173
48,50,172
48,52,225
48,54,28
48,60,360
48,62,159
48,65,388
48,67,10
48,70,47
48,71,286
48,73,77
48,74,14
48,75,304
48,78,149
48,79,269
48,81,317
48,83,41
48,85,307
48,86,257
48,88,232
48,89,286
48,99,304
48,100,227
48,102,342
48,103,302
48,105,255
48,106,113
48,107,376
48,110,360
48,111,264
48,115,371
48,117,302
48,119,82
48,120,3
48,122,191
48,123,110
48,126,391
48,129,145
48,143,274
48,149,25
48,157,188
48,161,301
48,170,39
48,178,32
48,182,346
48,183,266
48,185,122
48,193,197
48,200,291
49,5,154
49,6,223
49,8,69
49,9,80
49,11,366
49,12,146
49,13,336
49,14,242
49,18,81
49,19,366
49,20,41
49,21,364
49,22,205
49,27,281
49,29,269
49,32,382
49,33,132
49,34,282
49,35,116
49,37,145
49,39,320
49,40,306
49,41,294
49,43,353
49,45,330
49,47,355
49,48,173
49,50,35
49,51,341
49,53,199
49,54,292
49,58,270
49,60,304
49,61,309
49,62,253
49,65,164
49,67,232
49,69,60
49,70,214
49,71,196
49,73,260
49,76,160
49,77,26
49,78,134
49,81,113
49,82,212
49,84,187
49,85,126
49,90,188
49,91,156
49,94,286
49,97,259
49,99,109
49,108,383
49,109,164
49,112,75
49,116,53
49,119,226
49,120,375
49,121,112
49,136,338
49,143,342
49,161,77
49,165,21
49,166,362
49,167,349
49,173,139
49,178,182
49,183,258
49,187,79
49,189,326
49,193,27
49,196,50
50,2,247
50,4,338
50,6,192
50,8,162
50,10,187
50,11,392
50,12,86
50,15,32
50,18,349
50,19,312
50,20,86
50,22,105
50,23,361
50,24,131
50,25,71
50,28,235
50,29,195
50,31,377
50,32,193
50,33,216
50,37,23
50,38,214
50,39,198
50,41,149
50,44,117
50,45,336
50,46,177
50,47,224
50,48,172
50,49,35
50,52,22
50,53,186
50,56,399
50,59,239
50,64,277
50,66,329
50,67,216
50,69,299
50,71,138
50,72,296
50,73,355
50,74,342
50,75,256
50,76,221
50,78,180
50,81,61
50,83,102
50,86,44
50,88,314
50,97,282
50,104,108
50,107,358
50,110,130
50,114,101
50,123,329
50,125,315
50,128,287
50,138,218
50,139,310
50,144,210
50,147,325
50,149,137
50,150,109
50,154,219
50,159,231
50,160,337
50,170,54
50,171,138
50,173,356
50,182,37
50,193,283
50,194,160
50,196,118
50,197,231
51,1,221
51,2,112
51,6,154
51,7,78
51,8,272
51,9,167
51,13,64
51,14,198
51,15,347
51,16,11
51,17,323
51,19,143
51,21,138
51,25,66
51,26,47
51,30,11
51,31,388
51,32,322
51,33,54
51,34,158
51,35,380
51,36,187
51,38,231
51,39,167
51,40,114
51,41,126
51,46,172
51,49,341
51,53,251
51,54,224
51,57,198
51,62,368
51,63,309
51,65,108
51,66,154
51,67,272
51,69,134
51,77,299
51,78,313
51,80,249
51,83,373
51,84,13
51,92,322
51,93,12
51,94,90
51,95,119
51,97,223
51,98,382
51,100,213
51,102,93
51,103,138
51,111,287
51,112,212
51,115,128
51,117,21
51,118,172
51,124,148
51,126,364
51,132,114
51,135,110
51,137,293
51,138,368
51,140,328
51,146,125
51,148,65
