source,target,weight
1,2,55
1,3,202
1,4,188
1,6,149
1,8,2
1,11,265
1,14,153
1,16,345
1,19,121
1,20,320
1,23,295
1,24,163
1,25,58
1,29,324
1,32,51
1,34,100
1,41,43
1,46,114
1,67,58
1,68,389
1,76,315
1,111,344
1,114,203
1,118,35
1,139,34
1,145,229
1,146,14
1,157,349
1,166,14
1,170,364
1,192,292
2,1,55
2,3,71
2,4,252
2,5,96
2,6,321
2,8,112
2,9,61
2,10,49
2,12,79
2,13,323
2,14,206
2,16,35
2,17,42
2,19,352
2,21,49
2,22,362
2,27,374
2,28,327
2,29,314
2,30,44
2,35,397
2,37,142
2,38,360
2,40,290
2,41,85
2,47,275
2,48,336
2,53,316
2,59,114
2,63,134
2,65,122
2,68,317
2,79,375
2,90,292
2,97,370
2,105,367
2,114,235
2,120,316
2,122,379
2,136,75
2,151,71
2,158,343
2,177,157
2,182,315
3,1,202
3,2,71
3,4,264
3,5,240
3,6,281
3,7,379
3,9,42
3,10,366
3,11,261
3,12,25
3,13,274
3,15,32
3,18,97
3,20,38
3,21,187
3,22,104
3,23,351
3,26,17
3,27,264
3,35,127
3,39,211
3,45,372
3,47,26
3,53,383
3,54,313
3,57,184
3,68,334
3,86,103
3,87,283
3,89,315
3,107,397
3,111,311
3,113,164
3,115,104
3,119,201
3,136,205
3,160,92
3,173,216
3,179,222
3,200,400
4,1,188
4,2,252
4,3,264
4,5,124
4,6,23
4,7,13
4,8,124
4,9,245
4,11,150
4,13,311
4,14,53
4,16,275
4,18,78
4,28,136
4,37,283
4,38,303
4,39,170
4,56,185
4,75,385
4,94,249
4,100,247
4,101,1
4,113,274
4,115,128
4,136,94
4,143,389
4,150,339
4,172,354
4,173,243
5,2,96
5,3,240
5,4,124
5,7,326
5,8,14
5,9,56
5,10,235
5,11,340
5,12,108
5,17,93
5,22,261
5,23,289
5,24,296
5,29,44
5,30,212
5,31,172
5,32,178
5,33,8
5,34,104
5,36,44
5,37,272
5,46,114
5,51,269
5,61,227
5,64,255
5,83,387
5,96,62
5,105,190
5,119,191
5,168,346
5,187,389
5,194,240
6,1,149
6,2,321
6,3,281
6,4,23
6,7,56
6,9,241
6,10,39
6,11,117
6,12,151
6,13,352
6,15,158
6,17,28
6,19,154
6,24,22
6,25,215
6,32,56
6,35,51
6,37,122
6,42,44
6,48,274
6,57,287
6,59,369
6,72,263
6,87,324
6,90,151
6,114,199
6,129,68
6,133,337
6,146,351
6,157,213
6,159,229
6,166,147
6,179,398
6,196,19
7,3,379
7,4,13
7,5,326
7,6,56
7,8,44
7,9,82
7,10,232
7,11,138
7,13,385
7,14,6
7,15,117
7,17,374
7,18,21
7,19,108
7,26,23
7,42,235
7,48,306
7,50,7
7,52,383
7,59,255
7,63,257
7,133,54
7,154,199
7,192,56
7,200,42
8,1,2
8,2,112
8,4,124
8,5,14
8,7,44
8,9,63
8,11,27
8,12,275
8,13,271
8,17,279
8,18,281
8,20,147
8,21,326
8,22,390
8,27,299
8,30,254
8,36,205
8,37,391
8,40,73
8,50,244
8,51,168
8,53,34
8,64,381
8,86,207
8,90,319
8,104,218
8,109,376
8,115,202
8,126,395
8,130,155
8,157,385
9,2,61
9,3,42
9,4,245
9,5,56
9,6,241
9,7,82
9,8,63
9,10,32
9,11,75
9,12,13
9,14,13
9,15,280
9,17,329
9,19,367
9,21,131
9,23,303
9,27,268
9,29,290
9,30,108
9,37,79
9,44,58
9,49,308
9,58,397
9,62,366
9,67,113
9,75,251
9,79,141
9,102,198
9,124,298
9,128,317
9,151,338
10,2,49
10,3,366
10,5,235
10,6,39
10,7,232
10,9,32
10,12,91
10,14,202
10,15,178
10,16,204
10,18,357
10,19,306
10,24,11
10,27,206
10,31,316
10,33,197
10,39,142
10,40,80
10,42,399
10,44,310
10,55,119
10,66,390
10,71,319
10,74,122
10,82,229
10,91,160
10,97,125
10,98,155
10,112,383
10,116,242
10,125,315
10,155,282
10,189,292
10,194,257
11,1,265
11,3,261
11,4,150
11,5,340
11,6,117
11,7,138
11,8,27
11,9,75
11,13,280
11,15,274
11,16,250
11,19,208
11,20,109
11,25,381
11,26,61
11,27,170
11,31,270
11,32,4
11,35,142
11,36,367
11,37,140
11,40,327
11,41,162
11,43,328
11,46,315
11,52,209
11,70,183
11,93,373
11,103,374
11,118,182
11,130,282
11,134,298
11,144,285
11,159,314
11,181,285
11,183,289
11,186,242
12,2,79
12,3,25
12,5,108
12,6,151
12,8,275
12,9,13
12,10,91
12,16,205
12,18,23
12,20,134
12,21,210
12,22,49
12,24,318
12,30,184
12,31,397
12,39,180
12,41,61
12,49,90
12,56,211
12,61,204
12,62,209
12,65,116
12,68,361
12,78,94
12,91,99
12,106,251
12,113,254
12,139,266
12,142,80
13,2,323
13,3,274
13,4,311
13,6,352
13,7,385
13,8,271
13,11,280
13,14,89
13,15,225
13,16,91
13,17,242
13,18,169
13,19,74
13,21,3
13,26,126
13,33,154
13,34,7
13,35,61
13,38,20
13,40,249
13,42,213
13,46,293
13,59,34
13,66,311
13,69,26
13,81,238
13,82,343
13,87,62
13,125,204
13,150,268
13,152,248
13,156,1
13,168,190
14,1,153
14,2,206
14,4,53
14,7,6
14,9,13
14,10,202
14,13,89
14,15,87
14,16,230
14,17,202
14,19,287
14,20,198
14,23,293
14,24,74
14,26,9
14,28,94
14,31,236
14,35,245
14,41,38
14,53,163
14,60,48
14,70,260
14,77,42
14,94,171
14,108,166
14,153,82
14,175,295
14,199,373
15,3,32
15,6,158
15,7,117
15,9,280
15,10,178
15,11,274
15,13,225
15,14,87
15,16,309
15,17,284
15,18,237
15,24,262
15,26,111
15,28,339
15,31,361
15,48,324
15,55,351
15,64,16
15,73,290
15,74,354
15,77,40
15,78,292
15,88,246
15,91,76
15,96,118
15,103,306
15,111,99
15,124,16
15,132,368
15,165,364
15,180,377
15,192,121
16,1,345
16,2,35
16,4,275
16,10,204
16,11,250
16,12,205
16,13,91
16,14,230
16,15,309
16,17,88
16,20,397
16,23,350
16,25,238
16,26,121
16,31,204
16,32,338
16,34,108
16,47,136
16,60,373
16,67,207
16,68,155
16,82,183
16,88,65
16,97,43
16,99,302
16,100,370
16,111,252
16,123,88
16,140,208
16,151,283
16,163,171
17,2,42
17,5,93
17,6,28
17,7,374
17,8,279
17,9,329
17,13,242
17,14,202
17,15,284
17,16,88
17,18,208
17,22,301
17,24,292
17,28,24
17,31,136
17,32,166
17,43,147
17,45,206
17,63,275
17,68,211
17,69,28
17,72,16
17,78,146
17,93,177
17,131,94
17,134,374
17,174,379
18,3,97
18,4,78
18,7,21
18,8,281
18,10,357
18,12,23
18,13,169
18,15,237
18,17,208
18,20,399
18,21,169
18,22,266
18,23,302
18,28,13
18,29,183
18,38,174
18,43,228
18,46,327
18,47,309
18,55,273
18,56,28
18,84,391
18,88,179
18,102,294
18,106,229
18,160,89
18,179,105
18,180,116
18,183,388
18,194,131
18,195,119
18,197,234
19,1,121
19,2,352
19,6,154
19,7,108
19,9,367
19,10,306
19,11,208
19,13,74
19,14,287
19,21,279
19,22,254
19,23,128
19,25,28
19,26,158
19,27,43
19,34,37
19,38,241
19,39,242
19,44,229
19,49,40
19,52,291
19,53,236
19,54,90
19,57,316
19,59,18
19,62,258
19,64,328
19,66,211
19,73,322
19,74,361
19,84,71
19,99,307
19,113,228
19,116,235
19,117,111
19,120,61
19,126,45
19,148,207
19,159,269
19,163,378
19,173,284
19,180,226
20,1,320
20,3,38
20,8,147
20,11,109
20,12,134
20,14,198
20,16,397
20,18,399
20,21,216
20,22,235
20,23,60
20,29,73
20,33,26
20,34,156
20,36,133
20,40,114
20,44,92
20,54,307
20,57,274
20,63,55
20,65,248
20,67,97
20,82,185
20,94,3
20,112,288
20,116,365
20,127,293
20,144,397
20,160,79
20,176,350
20,189,379
21,2,49
21,3,187
21,8,326
21,9,131
21,12,210
21,13,3
21,18,169
21,19,279
21,20,216
21,25,115
21,27,164
21,28,206
21,29,178
21,30,51
21,34,97
21,35,166
21,39,374
21,40,242
21,51,316
21,52,276
21,56,32
21,57,244
21,64,271
21,66,249
21,74,274
21,84,179
21,92,238
21,94,129
21,104,114
21,107,34
21,117,396
21,130,288
21,152,204
21,160,152
21,162,208
21,174,196
21,177,395
21,186,155
21,188,336
22,2,362
22,3,104
22,5,261
22,8,390
22,12,49
22,17,301
22,18,266
22,19,254
22,20,235
22,25,313
22,28,198
22,32,310
22,36,34
22,49,124
22,52,236
22,54,278
22,55,90
22,76,39
22,98,68
22,108,243
22,111,62
22,134,101
22,144,161
22,147,347
22,148,20
22,151,188
22,184,307
23,1,295
23,3,351
23,5,289
23,9,303
23,14,293
23,16,350
23,18,302
23,19,128
23,20,60
23,29,315
23,39,277
23,48,113
23,53,121
23,65,391
23,66,58
23,74,68
23,95,309
23,96,210
23,99,352
23,112,5
23,116,68
23,135,71
23,136,57
23,141,32
23,155,129
23,156,380
23,159,250
23,165,356
23,168,124
23,185,172
24,1,163
24,5,296
24,6,22
24,10,11
24,12,318
24,14,74
24,15,262
24,17,292
24,25,389
24,29,193
24,33,18
24,36,71
24,41,109
24,43,326
24,48,102
24,50,318
24,54,225
24,55,38
24,72,356
24,80,198
24,81,245
24,137,251
24,148,84
24,179,134
25,1,58
25,6,215
25,11,381
25,16,238
25,19,28
25,21,115
25,22,313
25,24,389
25,30,9
25,38,191
25,39,40
25,42,264
25,44,215
25,45,14
25,46,34
25,58,185
25,60,300
25,63,265
25,66,185
25,71,336
25,83,300
25,92,40
25,109,131
25,121,352
25,130,105
25,143,127
25,152,330
25,159,108
25,186,11
26,3,17
26,7,23
26,11,61
26,13,126
26,14,9
26,15,111
26,16,121
26,19,158
26,27,371
26,29,223
26,33,231
26,35,128
26,42,152
26,43,335
26,44,390
26,46,195
26,47,378
26,49,163
26,57,19
26,61,356
26,78,302
26,82,241
26,92,324
26,98,390
26,104,27
26,113,254
26,133,19
26,163,123
26,171,72
26,177,69
26,200,320
27,2,374
27,3,264
27,8,299
27,9,268
27,10,206
27,11,170
27,19,43
27,21,164
27,26,371
27,30,155
27,33,122
27,35,199
27,44,273
27,51,95
27,54,323
27,56,306
27,58,306
27,60,96
27,62,112
27,73,325
27,84,369
27,97,348
27,116,324
27,117,233
27,126,144
27,127,250
27,129,93
27,137,247
27,139,368
27,147,154
27,153,238
27,189,264
27,197,59
28,2,327
28,4,136
28,14,94
28,15,339
28,17,24
28,18,13
28,21,206
28,22,198
28,30,223
28,33,206
28,34,362
28,38,181
28,43,385
28,52,138
28,61,145
28,78,361
28,80,286
28,85,21
28,89,157
28,111,148
28,123,201
28,140,109
28,145,327
28,155,248
28,163,381
28,200,243
29,1,324
29,2,314
29,5,44
29,9,290
29,18,183
29,20,73
29,21,178
29,23,315
29,24,193
29,26,223
29,30,376
29,33,182
29,45,345
29,48,292
29,54,81
29,56,215
29,58,314
29,70,374
29,77,311
29,85,134
29,92,46
29,102,56
29,109,245
29,135,329
29,141,153
29,144,162
29,149,187
29,155,400
29,193,138
30,2,44
30,5,212
30,8,254
30,9,108
30,12,184
30,21,51
30,25,9
30,27,155
30,28,223
30,29,376
30,41,215
30,52,261
30,62,41
30,65,316
30,74,217
30,75,322
30,84,79
30,85,304
30,89,351
30,112,306
30,118,160
30,132,22
30,141,116
30,144,284
30,145,247
30,162,255
30,191,124
30,193,51
31,5,172
31,10,316
31,11,270
31,12,397
31,14,236
31,15,361
31,16,204
31,17,136
31,32,9
31,34,14
31,55,236
31,60,377
31,64,91
31,86,73
31,101,281
31,107,339
31,115,303
31,188,388
31,197,10
31,199,280
32,1,51
32,5,178
32,6,56
32,11,4
32,16,338
32,17,166
32,22,310
32,31,9
32,36,131
32,37,242
32,40,275
32,42,254
32,45,24
32,49,77
32,55,245
32,59,263
32,76,238
32,82,292
32,95,295
32,104,304
32,119,92
32,122,312
32,129,379
32,134,252
32,162,334
32,170,128
32,175,73
33,5,8
33,10,197
33,13,154
33,20,26
33,24,18
33,26,231
33,27,122
33,28,206
33,29,182
33,39,285
33,42,56
33,51,342
33,53,97
33,91,169
33,96,54
33,118,361
33,119,3
33,127,244
33,139,398
33,141,196
33,153,78
33,164,268
33,179,11
33,199,230
34,1,100
34,5,104
34,13,7
34,16,108
34,19,37
34,20,156
34,21,97
34,28,362
34,31,14
34,40,380
34,58,134
34,70,83
34,79,329
34,81,240
34,82,267
34,86,318
34,90,284
34,93,178
34,99,298
34,118,314
34,161,166
34,171,94
35,2,397
35,3,127
35,6,51
35,11,142
35,13,61
35,14,245
35,21,166
35,26,128
35,27,199
35,39,319
35,40,126
35,44,368
35,46,45
35,47,224
35,55,345
35,62,32
35,67,187
35,68,29
35,70,322
35,73,397
35,75,221
35,80,12
35,96,180
35,131,101
35,138,176
35,147,262
35,163,189
36,5,44
36,8,205
36,11,367
36,20,133
36,22,34
36,24,71
36,32,131
36,38,191
36,42,183
36,43,292
36,45,65
36,52,1
36,58,390
36,61,2
36,63,398
36,76,10
36,81,174
36,98,354
36,101,125
36,117,80
36,118,79
36,132,233
36,139,342
36,140,233
36,142,209
36,149,101
36,156,224
36,158,252
37,2,142
37,4,283
37,5,272
37,6,122
37,8,391
37,9,79
37,11,140
37,32,242
37,44,387
37,50,392
37,52,19
37,70,99
37,73,30
37,98,170
37,106,50
37,125,395
37,138,184
37,145,17
37,175,275
38,2,360
38,4,303
38,13,20
38,18,174
38,19,241
38,25,191
38,28,181
38,36,191
38,45,249
38,49,3
38,50,330
38,60,281
38,64,167
38,73,106
38,83,66
38,87,220
38,88,303
38,91,281
38,93,226
38,108,294
38,113,281
38,136,164
38,137,177
38,141,360
38,193,306
38,196,280
39,3,211
39,4,170
39,10,142
39,12,180
39,19,242
39,21,374
39,23,277
39,25,40
39,33,285
39,35,319
39,42,112
39,45,84
39,47,331
39,51,394
39,55,41
39,56,108
39,83,358
39,88,168
39,91,272
39,109,174
39,110,232
39,112,101
39,116,150
40,2,290
40,8,73
40,10,80
40,11,327
40,13,249
40,20,114
40,21,242
40,32,275
40,34,380
40,35,126
40,41,43
40,45,250
40,46,254
40,47,194
40,48,303
40,49,274
40,60,334
40,71,189
40,76,232
40,77,279
40,81,312
40,84,87
40,100,331
40,106,312
40,108,335
40,114,358
40,134,295
40,185,147
40,196,319
40,199,192
41,1,43
41,2,85
41,11,162
41,12,61
41,14,38
41,24,109
41,30,215
41,40,43
41,43,188
41,48,213
41,72,33
41,75,6
41,79,53
41,85,76
41,92,196
41,95,74
41,104,17
41,111,112
41,115,12
41,118,12
41,122,20
41,131,178
41,154,227
41,166,31
41,175,204
41,185,225
41,194,324
42,6,44
42,7,235
42,10,399
42,13,213
42,25,264
42,26,152
42,32,254
42,33,56
42,36,183
42,39,112
42,46,272
42,47,166
42,56,135
42,60,357
42,62,386
42,69,241
42,120,168
42,127,348
42,130,65
42,137,315
42,149,28
42,155,182
42,162,334
42,172,89
43,11,328
43,17,147
43,18,228
43,24,326
43,26,335
43,28,385
43,36,292
43,41,188
43,50,88
43,51,357
43,61,234
43,78,152
43,95,160
43,100,392
43,105,9
43,112,1
43,154,57
43,180,132
44,9,58
44,10,310
44,19,229
44,20,92
44,25,215
44,26,390
44,27,273
44,35,368
44,37,387
44,45,187
44,48,342
44,50,20
44,54,244
44,56,237
44,57,124
44,72,385
44,74,217
44,79,245
44,81,218
44,88,144
44,96,17
44,122,347
44,132,101
44,163,177
44,164,87
44,166,172
44,169,152
44,175,219
44,182,243
44,194,29
45,3,372
45,17,206
45,25,14
45,29,345
45,32,24
45,36,65
45,38,249
45,39,84
45,40,250
45,44,187
45,51,138
45,53,44
45,58,112
45,65,22
45,80,320
45,83,234
45,84,181
45,86,194
45,100,359
45,103,166
45,112,322
45,113,31
45,116,171
45,125,196
45,142,225
46,1,114
46,5,114
46,11,315
46,13,293
46,18,327
46,25,34
46,26,195
46,35,45
46,40,254
46,42,272
46,62,148
46,70,222
46,71,306
46,81,390
46,84,251
46,89,278
46,105,268
46,134,394
46,138,166
46,142,35
46,171,220
47,2,275
47,3,26
47,16,136
47,18,309
47,26,378
47,35,224
47,39,331
47,40,194
47,42,166
47,53,338
47,58,346
47,108,327
47,116,205
47,149,353
47,158,203
47,173,171
47,183,90
47,184,85
48,2,336
48,6,274
48,7,306
48,15,324
48,23,113
48,24,102
48,29,292
48,40,303
48,41,213
48,44,342
48,50,95
48,56,151
48,61,274
48,67,119
48,71,308
48,80,356
48,97,129
48,104,394
48,115,122
48,153,50
48,173,86
48,174,134
48,183,394
49,9,308
49,12,90
49,19,40
49,22,124
49,26,163
49,32,77
49,38,3
49,40,274
49,54,151
49,60,321
49,68,182
49,69,301
49,71,206
49,75,305
49,77,158
49,81,283
49,85,375
49,88,201
49,92,233
49,107,352
49,108,16
49,124,66
49,127,103
49,148,310
49,174,154
49,177,356
49,184,211
50,7,7
50,8,244
50,24,318
50,37,392
50,38,330
50,43,88
50,44,20
50,48,95
50,52,370
50,57,344
50,61,373
50,74,371
50,77,178
50,78,122
50,80,44
50,111,336
50,119,99
50,138,174
50,146,400
50,169,263
50,172,91
50,176,86
51,5,269
51,8,168
51,21,316
51,27,95
51,33,342
51,39,394
51,43,357
51,45,138
51,54,6
51,61,330
51,64,197
51,71,129
51,74,358
51,89,388
51,94,26
51,123,347
51,129,1
51,139,331
51,183,54
52,7,383
52,11,209
52,19,291
52,21,276
52,22,236
52,28,138
52,30,261
52,36,1
52,37,19
52,50,370
52,63,358
52,68,382
52,69,220
52,72,52
52,78,185
52,79,72
52,83,26
52,89,151
52,93,170
52,108,124
52,120,356
52,122,155
52,128,239
52,180,315
52,186,83
53,2,316
53,3,383
53,8,34
53,14,163
53,19,236
53,23,121
53,33,97
53,45,44
53,47,338
53,55,244
53,83,153
53,94,28
53,98,346
53,101,190
53,109,160
53,120,30
53,127,82
53,141,23
53,150,350
53,167,268
53,171,276
53,196,205
54,3,313
54,19,90
54,20,307
54,22,278
54,24,225
54,27,323
54,29,81
54,44,244
54,49,151
54,51,6
54,59,350
54,65,35
54,67,282
54,72,265
54,88,389
54,100,120
54,103,220
54,117,147
54,137,117
54,138,337
54,140,320
54,182,178
54,186,238
55,10,119
55,15,351
55,18,273
55,22,90
55,24,38
55,31,236
55,32,245
55,35,345
55,39,41
55,53,244
55,60,89
55,63,296
55,66,280
55,67,19
55,69,324
55,72,290
55,80,74
55,103,226
55,106,77
55,121,327
55,126,232
55,141,10
55,147,290
55,148,156
55,181,83
55,190,211
55,192,374
56,4,185
56,12,211
56,18,28
56,21,32
56,27,306
56,29,215
56,39,108
56,42,135
56,44,237
56,48,151
56,59,267
56,65,183
56,75,249
56,83,328
56,92,398
56,95,280
56,102,254
56,116,28
56,121,372
56,137,37
56,161,139
56,177,132
56,179,112
56,196,77
57,3,184
57,6,287
57,19,316
57,20,274
57,21,244
57,26,19
57,44,124
57,50,344
57,59,166
57,63,86
57,82,63
57,87,324
57,101,195
57,108,51
57,152,351
57,157,223
57,197,31
58,9,397
58,25,185
58,27,306
58,29,314
58,34,134
58,36,390
58,45,112
58,47,346
58,59,388
58,90,187
58,126,386
58,143,227
58,159,264
58,162,27
58,171,353
58,174,249
58,189,250
59,2,114
59,6,369
59,7,255
59,13,34
59,19,18
59,32,263
59,54,350
59,56,267
59,57,166
59,58,388
59,75,328
59,76,173
59,78,53
59,86,310
59,110,240
59,119,216
59,120,152
59,130,151
59,139,19
59,147,140
59,155,140
59,161,223
59,169,343
59,170,85
59,195,304
60,14,48
60,16,373
60,25,300
60,27,96
60,31,377
60,38,281
60,40,334
60,42,357
60,49,321
60,55,89
60,65,29
60,66,328
60,67,288
60,73,150
60,103,46
60,115,99
60,123,225
60,132,394
60,154,148
60,166,245
60,168,167
60,174,283
60,187,98
61,5,227
61,12,204
61,26,356
61,28,145
61,36,2
61,43,234
61,48,274
61,50,373
61,51,330
61,70,360
61,92,283
61,97,370
61,110,4
61,115,141
61,123,32
61,147,305
61,178,152
61,191,199
62,9,366
62,12,209
62,19,258
62,27,112
62,30,41
62,35,32
62,42,386
62,46,148
62,63,71
62,66,393
62,74,49
62,79,181
62,82,272
62,100,42
62,112,294
62,117,151
62,140,11
62,155,292
62,162,269
62,191,216
63,2,134
63,7,257
63,17,275
63,20,55
63,25,265
63,36,398
63,52,358
63,55,296
63,57,86
63,62,71
63,64,344
63,75,373
63,84,310
63,86,152
63,101,62
63,123,377
63,135,207
63,171,10
64,5,255
64,8,381
64,15,16
64,19,328
64,21,271
64,31,91
64,38,167
64,51,197
64,63,344
64,66,118
64,69,7
64,76,311
64,86,241
64,97,325
64,98,257
64,117,394
64,122,39
64,130,140
64,151,318
64,197,295
65,2,122
65,12,116
65,20,248
65,23,391
65,30,316
65,45,22
65,54,35
65,56,183
65,60,29
65,70,68
65,71,174
65,72,142
65,75,353
65,80,353
65,97,150
65,102,66
65,112,18
65,114,188
65,119,14
65,164,86
65,187,99
65,191,342
66,10,390
66,13,311
66,19,211
66,21,249
66,23,58
66,25,185
66,55,280
66,60,328
66,62,393
66,64,118
66,69,19
66,76,362
66,91,107
66,96,21
66,109,331
66,114,181
66,167,58
67,1,58
67,9,113
67,16,207
67,20,97
67,35,187
67,48,119
67,54,282
67,55,19
67,60,288
67,73,239
67,93,185
67,98,221
67,104,274
67,118,120
67,142,207
67,146,387
67,158,125
67,160,36
67,168,344
67,178,177
68,1,389
68,2,317
68,3,334
68,12,361
68,16,155
68,17,211
68,35,29
68,49,182
68,52,382
68,69,348
68,79,216
68,89,60
68,95,306
68,98,126
68,104,159
68,120,147
68,126,304
68,129,261
68,153,375
68,188,203
69,13,26
69,17,28
69,42,241
69,49,301
69,52,220
69,55,324
69,64,7
69,66,19
69,68,348
69,73,63
69,103,21
69,107,265
69,113,255
69,136,123
69,138,255
69,159,392
69,163,21
69,165,154
69,168,340
70,11,183
70,14,260
70,29,374
70,34,83
70,35,322
70,37,99
70,46,222
70,61,360
70,65,68
70,76,264
70,77,39
70,87,307
70,90,83
70,100,136
70,119,59
70,132,143
70,137,163
70,169,188
70,184,131
70,186,148
70,188,228
71,10,319
71,25,336
71,40,189
71,46,306
71,48,308
71,49,206
71,51,129
71,65,174
71,85,229
71,99,168
71,114,297
71,146,38
71,192,273
71,193,372
72,6,263
72,17,16
72,24,356
72,41,33
72,44,385
72,52,52
72,54,265
72,55,290
72,65,142
72,77,126
72,85,32
72,93,89
72,105,260
72,137,31
72,150,390
72,154,190
72,174,273
72,198,210
73,15,290
73,19,322
73,27,325
73,35,397
73,37,30
73,38,106
73,60,150
73,67,239
73,69,63
73,99,393
73,105,56
73,109,260
73,136,358
73,143,236
73,195,19
73,198,185
74,10,122
74,15,354
74,19,361
74,21,274
74,23,68
74,30,217
74,44,217
74,50,371
74,51,358
74,62,49
74,77,364
74,81,123
74,90,265
74,96,208
74,107,204
74,124,322
74,131,388
74,137,103
74,175,81
74,178,102
75,4,385
75,9,251
75,30,322
75,35,221
75,41,6
75,49,305
75,56,249
75,59,328
75,63,373
75,65,353
75,76,40
75,79,143
75,85,109
75,94,26
75,95,359
75,101,290
75,106,320
75,110,246
75,125,245
75,140,78
75,148,321
75,161,130
75,175,298
75,177,173
75,189,54
76,1,315
76,22,39
76,32,238
76,36,10
76,40,232
76,59,173
76,64,311
76,66,362
76,70,264
76,75,40
76,94,258
76,110,249
76,116,122
76,122,315
76,135,132
76,146,395
76,149,336
76,165,267
76,180,134
76,192,96
77,14,42
77,15,40
77,29,311
77,40,279
77,49,158
77,50,178
77,70,39
77,72,126
77,74,364
77,81,390
77,82,103
77,99,240
77,101,202
77,121,134
77,123,196
77,136,60
77,143,193
77,191,220
77,195,46
78,12,94
78,15,292
78,17,146
78,26,302
78,28,361
78,43,152
78,50,122
78,52,185
78,59,53
78,79,324
78,80,201
78,88,51
78,99,63
78,111,102
78,126,267
78,136,394
78,169,331
78,180,251
79,2,375
79,9,141
79,34,329
79,41,53
79,44,245
79,52,72
79,62,181
79,68,216
79,75,143
79,78,324
79,80,180
79,105,300
79,125,9
79,131,256
79,133,18
79,195,242
80,24,198
80,28,286
80,35,12
80,45,320
80,48,356
80,50,44
80,55,74
80,65,353
80,78,201
80,79,180
80,88,328
80,91,320
80,92,187
80,100,279
80,103,283
80,106,33
80,129,65
80,150,345
80,157,338
80,161,34
80,171,259
80,191,324
80,196,266
81,13,238
81,24,245
81,34,240
81,36,174
81,40,312
81,44,218
81,46,390
81,49,283
81,74,123
81,77,390
81,98,107
81,102,230
81,107,207
81,124,87
81,125,8
81,132,361
81,165,277
81,173,83
82,10,229
82,13,343
82,16,183
82,20,185
82,26,241
82,32,292
82,34,267
82,57,63
82,62,272
82,77,103
82,85,356
82,93,268
82,104,150
82,107,297
82,115,246
82,135,371
82,156,249
83,5,387
83,25,300
83,38,66
83,39,358
83,45,234
83,52,26
83,53,153
83,56,328
83,84,113
83,85,17
83,87,137
83,89,222
83,91,187
83,94,258
83,117,37
83,121,99
83,125,30
83,130,308
83,134,399
83,145,334
83,147,255
83,164,11
83,165,396
84,18,391
84,19,71
84,21,179
84,27,369
84,30,79
84,40,87
84,45,181
84,46,251
84,63,310
84,83,113
84,86,194
84,87,253
84,92,229
84,99,234
84,136,11
84,146,152
84,158,1
85,28,21
85,29,134
85,30,304
85,41,76
85,49,375
85,71,229
85,72,32
85,75,109
85,82,356
85,83,17
85,106,8
85,128,265
85,145,18
85,147,31
85,178,291
85,196,389
86,3,103
86,8,207
86,31,73
86,34,318
86,45,194
86,59,310
86,63,152
86,64,241
86,84,194
86,90,68
86,99,351
86,105,328
86,108,381
86,117,73
86,121,82
86,134,100
86,199,113
87,3,283
87,6,324
87,13,62
87,38,220
87,57,324
87,70,307
87,83,137
87,84,253
87,158,399
88,15,246
88,16,65
88,18,179
88,38,303
88,39,168
88,44,144
88,49,201
88,54,389
88,78,51
88,80,328
88,101,169
88,102,121
88,104,359
88,140,34
88,153,269
88,155,121
88,163,131
88,168,62
88,170,328
89,3,315
89,28,157
89,30,351
89,46,278
89,51,388
89,52,151
89,68,60
89,83,222
89,90,232
89,91,16
89,97,220
89,102,117
89,110,57
89,113,306
89,122,221
90,2,292
90,6,151
90,8,319
90,34,284
90,58,187
90,70,83
90,74,265
90,86,68
90,89,232
90,110,22
90,135,347
90,169,258
90,172,109
90,193,261
90,197,135
90,200,246
91,10,160
91,12,99
91,15,76
91,33,169
91,38,281
91,39,272
91,66,107
91,80,320
91,83,187
91,89,16
91,94,389
91,95,330
91,109,164
91,122,5
91,167,151
91,173,63
92,21,238
92,25,40
92,26,324
92,29,46
92,41,196
92,49,233
92,56,398
92,61,283
92,80,187
92,84,229
92,93,280
92,95,42
92,97,280
92,105,258
92,113,159
92,123,382
92,131,102
92,133,154
92,156,238
93,11,373
93,17,177
93,34,178
93,38,226
93,52,170
93,67,185
93,72,89
93,82,268
93,92,280
93,107,140
93,109,134
93,115,275
93,124,3
93,128,384
93,133,230
93,149,357
93,162,352
93,164,181
93,195,284
94,4,249
94,14,171
94,20,3
94,21,129
94,51,26
94,53,28
94,75,26
94,76,258
94,83,258
94,91,389
94,96,5
94,110,348
94,118,67
94,135,323
94,166,49
94,176,30
94,193,141
95,23,309
95,32,295
95,41,74
95,43,160
95,56,280
95,68,306
95,75,359
95,91,330
95,92,42
95,96,269
95,125,246
95,156,70
95,165,88
95,178,209
95,198,372
96,5,62
96,15,118
96,23,210
96,33,54
96,35,180
96,44,17
96,66,21
96,74,208
96,94,5
96,95,269
96,117,344
96,128,68
96,138,389
96,165,389
96,166,374
96,179,2
97,2,370
97,10,125
97,16,43
97,27,348
97,48,129
97,61,370
97,64,325
97,65,150
97,89,220
97,92,280
97,103,342
97,106,178
97,110,233
97,114,348
97,128,165
97,140,296
97,143,380
97,148,315
97,159,400
98,10,155
98,22,68
98,26,390
98,36,354
98,37,170
98,53,346
98,64,257
98,67,221
98,68,126
98,81,107
98,122,185
98,134,70
98,149,119
98,152,262
98,178,377
98,197,213
99,16,302
99,19,307
99,23,352
99,34,298
99,71,168
99,73,393
99,77,240
99,78,63
99,84,234
99,86,351
99,105,280
99,131,240
99,137,374
99,157,167
99,162,337
99,178,321
99,181,77
99,189,257
100,4,247
100,16,370
100,40,331
100,43,392
100,45,359
100,54,120
100,62,42
100,70,136
100,80,279
100,102,25
100,110,224
100,121,286
100,128,94
100,149,97
100,152,375
100,173,33
100,180,246
100,186,337
101,4,1
101,31,281
101,36,125
101,53,190
101,57,195
101,63,62
101,75,290
101,77,202
101,88,169
101,132,287
101,139,37
101,167,156
101,176,87
101,177,319
101,185,222
101,192,184
102,9,198
102,18,294
102,29,56
102,56,254
102,65,66
102,81,230
102,88,121
102,89,117
102,100,25
102,103,377
102,152,71
102,156,33
102,181,250
103,11,374
103,15,306
103,45,166
103,54,220
103,55,226
103,60,46
103,69,21
103,80,283
103,97,342
103,102,377
103,114,125
103,121,384
103,124,78
103,126,163
103,140,20
103,157,276
103,168,280
103,189,207
103,198,357
104,8,218
104,21,114
104,26,27
104,32,304
104,41,17
104,48,394
104,67,274
104,68,159
104,82,150
104,88,359
104,111,120
104,112,347
104,133,301
104,142,202
105,2,367
105,5,190
105,43,9
105,46,268
105,72,260
105,73,56
105,79,300
105,86,328
105,92,258
105,99,280
105,108,239
105,124,80
105,131,10
105,135,227
106,12,251
106,18,229
106,37,50
106,40,312
106,55,77
106,75,320
106,80,33
106,85,8
106,97,178
106,140,196
106,143,379
106,169,251
107,3,397
107,21,34
107,31,339
107,49,352
107,69,265
107,74,204
107,81,207
107,82,297
107,93,140
107,120,332
107,151,140
107,198,137
108,14,166
108,22,243
108,38,294
108,40,335
108,47,327
108,49,16
108,52,124
108,57,51
108,86,381
108,105,239
108,109,76
108,123,194
108,127,120
108,138,318
108,150,114
108,185,48
109,8,376
109,25,131
109,29,245
109,39,174
109,53,160
109,66,331
109,73,260
109,91,164
109,93,134
109,108,76
109,123,244
109,141,184
109,143,377
109,150,295
109,153,113
109,158,125
109,180,44
109,188,109
109,191,314
110,39,232
110,59,240
110,61,4
110,75,246
110,76,249
110,89,57
110,90,22
110,94,348
110,97,233
110,100,224
110,124,39
110,144,349
110,168,214
110,171,137
111,1,344
111,3,311
111,15,99
111,16,252
111,22,62
111,28,148
111,41,112
111,50,336
111,78,102
111,104,120
111,121,379
111,126,84
111,129,199
111,185,235
112,10,383
112,20,288
112,23,5
112,30,306
112,39,101
112,43,1
112,45,322
112,62,294
112,65,18
112,104,347
112,114,162
112,132,84
112,144,207
112,149,118
112,151,300
112,164,112
112,176,148
112,186,37
113,3,164
113,4,274
113,12,254
113,19,228
113,26,254
113,38,281
113,45,31
113,69,255
113,89,306
113,92,159
113,120,364
113,121,107
113,128,46
113,154,205
113,172,107
113,190,260
113,191,124
114,1,203
114,2,235
114,6,199
114,40,358
114,65,188
114,66,181
114,71,297
114,97,348
114,103,125
114,112,162
114,128,366
114,142,399
114,148,146
114,151,53
114,174,243
114,188,313
114,191,54
114,194,211
115,3,104
115,4,128
115,8,202
115,31,303
115,41,12
115,48,122
115,60,99
115,61,141
115,82,246
115,93,275
115,131,217
115,134,271
115,166,303
115,167,109
115,185,335
116,10,242
116,19,235
116,20,365
116,23,68
116,27,324
116,39,150
116,45,171
116,47,205
116,56,28
116,76,122
116,120,87
116,133,175
116,153,25
116,176,122
117,19,111
117,21,396
117,27,233
117,36,80
117,54,147
117,62,151
117,64,394
117,83,37
117,86,73
117,96,344
117,126,223
117,143,367
117,170,275
117,195,305
118,1,35
118,11,182
118,30,160
118,33,361
118,34,314
118,36,79
118,41,12
118,67,120
118,94,67
118,125,142
118,157,304
118,159,101
118,172,37
118,181,250
118,184,21
119,3,201
119,5,191
119,32,92
119,33,3
119,50,99
119,59,216
119,65,14
119,70,59
119,154,212
119,157,60
120,2,316
120,19,61
120,42,168
120,52,356
120,53,30
120,59,152
120,68,147
120,107,332
120,113,364
120,116,87
120,138,105
120,146,77
121,25,352
121,55,327
121,56,372
121,77,134
121,83,99
121,86,82
121,100,286
121,103,384
121,111,379
121,113,107
121,127,142
121,131,58
121,163,75
121,169,314
121,172,279
121,187,277
122,2,379
122,32,312
122,41,20
122,44,347
122,52,155
122,64,39
122,76,315
122,89,221
122,91,5
122,98,185
122,128,78
122,155,14
122,158,225
122,175,393
123,16,88
123,28,201
123,51,347
123,60,225
123,61,32
123,63,377
123,77,196
123,92,382
123,108,194
123,109,244
123,146,238
123,156,210
123,162,264
123,190,127
123,197,70
124,9,298
124,15,16
124,49,66
124,74,322
124,81,87
124,93,3
124,103,78
124,105,80
124,110,39
124,129,234
124,148,3
124,153,319
124,161,329
124,182,89
124,188,189
124,193,275
125,10,315
125,13,204
125,37,395
125,45,196
125,75,245
125,79,9
125,81,8
125,83,30
125,95,246
125,118,142
125,167,245
125,171,208
125,184,189
125,199,167
125,200,273
126,8,395
126,19,45
126,27,144
126,55,232
126,58,386
126,68,304
126,78,267
126,103,163
126,111,84
126,117,223
126,139,390
126,150,329
126,175,64
127,20,293
127,27,250
127,33,244
127,42,348
127,49,103
127,53,82
127,108,120
127,121,142
127,129,32
127,130,40
127,145,205
127,146,29
127,148,326
127,174,256
127,196,217
128,9,317
128,52,239
128,85,265
128,93,384
128,96,68
128,97,165
128,100,94
128,113,46
128,114,366
128,122,78
128,130,172
128,185,17
128,187,139
128,193,389
129,6,68
129,27,93
129,32,379
129,51,1
129,68,261
129,80,65
129,111,199
129,124,234
129,127,32
129,160,183
129,181,214
129,190,266
129,196,135
130,8,155
130,11,282
130,21,288
130,25,105
130,42,65
130,59,151
130,64,140
130,83,308
130,127,40
130,128,172
130,132,350
130,142,169
130,187,166
131,17,94
131,35,101
131,41,178
131,74,388
131,79,256
131,92,102
131,99,240
131,105,10
131,115,217
131,121,58
131,135,14
131,145,118
131,160,2
131,164,149
131,177,254
132,15,368
132,30,22
132,36,233
132,44,101
132,60,394
132,70,143
132,81,361
132,101,287
132,112,84
132,130,350
132,135,245
132,178,107
132,183,398
132,190,14
133,6,337
133,7,54
133,26,19
133,79,18
133,92,154
133,93,230
133,104,301
133,116,175
133,142,372
133,176,275
133,199,343
134,11,298
134,17,374
134,22,101
134,32,252
134,40,295
134,46,394
134,83,399
134,86,100
134,98,70
134,115,271
134,172,65
134,173,170
135,23,71
135,29,329
135,63,207
135,76,132
135,82,371
135,90,347
135,94,323
135,105,227
135,131,14
135,132,245
135,145,115
135,154,76
135,179,330
135,182,388
136,2,75
136,3,205
136,4,94
136,23,57
136,38,164
136,69,123
136,73,358
136,77,60
136,78,394
136,84,11
136,141,144
136,147,103
136,161,99
136,168,168
136,183,84
137,24,251
137,27,247
137,38,177
137,42,315
137,54,117
137,56,37
137,70,163
137,72,31
137,74,103
137,99,374
137,149,346
137,166,306
137,172,385
137,190,295
137,197,258
138,35,176
138,37,184
138,46,166
138,50,174
138,54,337
138,69,255
138,96,389
138,108,318
138,120,105
138,139,49
138,142,107
138,144,253
138,150,237
139,1,34
139,12,266
139,27,368
139,33,398
139,36,342
139,51,331
139,59,19
139,101,37
139,126,390
139,138,49
139,154,69
139,188,183
140,16,208
140,28,109
140,36,233
140,54,320
140,62,11
140,75,78
140,88,34
140,97,296
140,103,20
140,106,196
140,147,346
140,152,32
141,23,32
141,29,153
141,30,116
141,33,196
141,38,360
141,53,23
141,55,10
141,109,184
141,136,144
141,160,300
141,190,35
142,12,80
142,36,209
142,45,225
142,46,35
142,67,207
142,104,202
142,114,399
142,130,169
142,133,372
142,138,107
142,152,267
142,156,352
142,160,258
142,164,126
142,175,389
142,180,41
142,195,1
143,4,389
143,25,127
143,58,227
143,73,236
143,77,193
143,97,380
143,106,379
143,109,377
143,117,367
143,144,226
143,157,320
143,158,386
143,163,40
143,179,322
143,183,390
143,200,300
144,11,285
144,20,397
144,22,161
144,29,162
144,30,284
144,110,349
144,112,207
144,138,253
144,143,226
144,145,142
144,151,364
144,154,246
145,1,229
145,28,327
145,30,247
145,37,17
145,83,334
145,85,18
145,127,205
145,131,118
145,135,115
145,144,142
145,153,391
145,155,86
145,164,15
145,170,111
145,182,20
145,187,135
145,195,228
146,1,14
146,6,351
146,50,400
146,67,387
146,71,38
146,76,395
146,84,152
146,120,77
146,123,238
146,127,29
146,150,9
146,161,109
146,199,45
147,22,347
147,27,154
147,35,262
147,55,290
147,59,140
147,61,305
147,83,255
147,85,31
147,136,103
147,140,346
147,170,232
148,19,207
148,22,20
148,24,84
148,49,310
148,55,156
148,75,321
148,97,315
148,114,146
148,124,3
148,127,326
148,188,359
149,29,187
149,36,101
149,42,28
149,47,353
149,76,336
149,93,357
149,98,119
149,100,97
149,112,118
149,137,346
149,158,144
149,170,370
149,176,114
149,177,368
149,181,223
150,4,339
150,13,268
150,53,350
150,72,390
150,80,345
150,108,114
150,109,295
150,126,329
150,138,237
150,146,9
151,2,71
151,9,338
151,16,283
151,22,188
151,64,318
151,107,140
151,112,300
151,114,53
151,144,364
151,165,53
151,167,66
152,13,248
152,21,204
152,25,330
152,57,351
152,98,262
152,100,375
152,102,71
152,140,32
152,142,267
152,159,72
152,169,263
152,171,166
152,178,367
152,184,174
153,14,82
153,27,238
153,33,78
153,48,50
153,68,375
153,88,269
153,109,113
153,116,25
153,124,319
153,145,391
153,198,79
154,7,199
154,41,227
154,43,57
154,60,148
154,72,190
154,113,205
154,119,212
154,135,76
154,139,69
154,144,246
154,167,225
154,176,290
154,182,42
155,10,282
155,23,129
155,28,248
155,29,400
155,42,182
155,59,140
155,62,292
155,88,121
155,122,14
155,145,86
155,184,42
156,13,1
156,23,380
156,36,224
156,82,249
156,92,238
156,95,70
156,102,33
156,123,210
156,142,352
156,184,384
156,186,263
157,1,349
157,6,213
157,8,385
157,57,223
157,80,338
157,99,167
157,103,276
157,118,304
157,119,60
157,143,320
157,160,43
157,183,175
158,2,343
158,36,252
158,47,203
158,67,125
158,84,1
158,87,399
158,109,125
158,122,225
158,143,386
158,149,144
158,166,47
158,177,278
158,183,136
158,197,100
159,6,229
159,11,314
159,19,269
159,23,250
159,25,108
159,58,264
159,69,392
159,97,400
159,118,101
159,152,72
159,162,199
160,3,92
160,18,89
160,20,79
160,21,152
160,67,36
160,129,183
160,131,2
160,141,300
160,142,258
160,157,43
160,161,374
160,164,325
160,165,232
160,167,230
160,191,54
161,34,166
161,56,139
161,59,223
161,75,130
161,80,34
161,124,329
161,136,99
161,146,109
161,160,374
161,172,280
161,181,319
161,182,23
162,21,208
162,30,255
162,32,334
162,42,334
162,58,27
162,62,269
162,93,352
162,99,337
162,123,264
162,159,199
162,181,95
162,184,85
162,186,116
162,199,303
163,16,171
163,19,378
163,26,123
163,28,381
163,35,189
163,44,177
163,69,21
163,88,131
163,121,75
163,143,40
163,170,302
163,176,146
163,190,310
164,33,268
164,44,87
164,65,86
164,83,11
164,93,181
164,112,112
164,131,149
164,142,126
164,145,15
164,160,325
165,15,364
165,23,356
165,69,154
165,76,267
165,81,277
165,83,396
165,95,88
165,96,389
165,151,53
165,160,232
165,190,389
166,1,14
166,6,147
166,41,31
166,44,172
166,60,245
166,94,49
166,96,374
166,115,303
166,137,306
166,158,47
166,194,208
167,53,268
167,66,58
167,91,151
167,101,156
167,115,109
167,125,245
167,151,66
167,154,225
167,160,230
168,5,346
168,13,190
168,23,124
168,60,167
168,67,344
168,69,340
168,88,62
168,103,280
168,110,214
168,136,168
168,169,377
168,189,87
168,200,349
169,44,152
169,50,263
169,59,343
169,70,188
169,78,331
169,90,258
169,106,251
169,121,314
169,152,263
169,168,377
170,1,364
170,32,128
170,59,85
170,88,328
170,117,275
170,145,111
170,147,232
170,149,370
170,163,302
171,26,72
171,34,94
171,46,220
171,53,276
171,58,353
171,63,10
171,80,259
171,110,137
171,125,208
171,152,166
172,4,354
172,42,89
172,50,91
172,90,109
172,113,107
172,118,37
172,121,279
172,134,65
172,137,385
172,161,280
172,187,29
172,192,293
173,3,216
173,4,243
173,19,284
173,47,171
173,48,86
173,81,83
173,91,63
173,100,33
173,134,170
173,174,36
173,185,91
174,17,379
174,21,196
174,48,134
174,49,154
174,58,249
174,60,283
174,72,273
174,114,243
174,127,256
174,173,36
174,190,128
174,196,266
175,14,295
175,32,73
175,37,275
175,41,204
175,44,219
175,74,81
175,75,298
175,122,393
175,126,64
175,142,389
175,179,223
175,181,19
176,20,350
176,50,86
176,94,30
176,101,87
176,112,148
176,116,122
176,133,275
176,149,114
176,154,290
176,163,146
177,2,157
177,21,395
177,26,69
177,49,356
177,56,132
177,75,173
177,101,319
177,131,254
177,149,368
177,158,278
177,178,55
177,194,331
178,61,152
178,67,177
178,74,102
178,85,291
178,95,209
178,98,377
178,99,321
178,132,107
178,152,367
178,177,55
178,198,398
178,199,52
179,3,222
179,6,398
179,18,105
179,24,134
179,33,11
179,56,112
179,96,2
179,135,330
179,143,322
179,175,223
179,195,325
180,15,377
180,18,116
180,19,226
180,43,132
180,52,315
180,76,134
180,78,251
180,100,246
180,109,44
180,142,41
180,193,359
181,11,285
181,55,83
181,99,77
181,102,250
181,118,250
181,129,214
181,149,223
181,161,319
181,162,95
181,175,19
181,182,258
181,189,255
181,198,92
182,2,315
182,44,243
182,54,178
182,124,89
182,135,388
182,145,20
182,154,42
182,161,23
182,181,258
182,187,26
182,189,187
183,11,289
183,18,388
183,47,90
183,48,394
183,51,54
183,132,398
183,136,84
183,143,390
183,157,175
183,158,136
183,188,47
183,194,301
184,22,307
184,47,85
184,49,211
184,70,131
184,118,21
184,125,189
184,152,174
184,155,42
184,156,384
184,162,85
184,192,37
185,23,172
185,40,147
185,41,225
185,101,222
185,108,48
185,111,235
185,115,335
185,128,17
185,173,91
186,11,242
186,21,155
186,25,11
186,52,83
186,54,238
186,70,148
186,100,337
186,112,37
186,156,263
186,162,116
186,194,239
187,5,389
187,60,98
187,65,99
187,121,277
187,128,139
187,130,166
187,145,135
187,172,29
187,182,26
188,21,336
188,31,388
188,68,203
188,70,228
188,109,109
188,114,313
188,124,189
188,139,183
188,148,359
188,183,47
189,10,292
189,20,379
189,27,264
189,58,250
189,75,54
189,99,257
189,103,207
189,168,87
189,181,255
189,182,187
190,55,211
190,113,260
190,123,127
190,129,266
190,132,14
190,137,295
190,141,35
190,163,310
190,165,389
190,174,128
191,30,124
191,61,199
191,62,216
191,65,342
191,77,220
191,80,324
191,109,314
191,113,124
191,114,54
191,160,54
192,1,292
192,7,56
192,15,121
192,55,374
192,71,273
192,76,96
192,101,184
192,172,293
192,184,37
193,29,138
193,30,51
193,38,306
193,71,372
193,90,261
193,94,141
193,124,275
193,128,389
193,180,359
194,5,240
194,10,257
194,18,131
194,41,324
194,44,29
194,114,211
194,166,208
194,177,331
194,183,301
194,186,239
195,18,119
195,59,304
195,73,19
195,77,46
195,79,242
195,93,284
195,117,305
195,142,1
195,145,228
195,179,325
195,198,392
196,6,19
196,38,280
196,40,319
196,53,205
196,56,77
196,80,266
196,85,389
196,127,217
196,129,135
196,174,266
196,198,393
196,200,219
197,18,234
197,27,59
197,31,10
197,57,31
197,64,295
197,90,135
197,98,213
197,123,70
197,137,258
197,158,100
198,72,210
198,73,185
198,95,372
198,103,357
198,107,137
198,153,79
198,178,398
198,181,92
198,195,392
198,196,393
199,14,373
199,31,280
199,33,230
199,40,192
199,86,113
199,125,167
199,133,343
199,146,45
199,162,303
199,178,52
199,200,171
200,3,400
200,7,42
200,26,320
200,28,243
200,90,246
200,125,273
200,143,300
200,168,349
200,196,219
200,199,171
