source,target,weight
1,2,192
1,3,13
1,4,332
1,5,250
1,6,364
1,8,104
1,9,290
1,10,74
1,12,276
1,13,364
1,14,171
1,16,228
1,17,296
1,18,325
1,20,11
1,21,267
1,22,189
1,27,375
1,31,231
1,32,73
1,34,345
1,35,25
1,36,200
1,37,292
1,38,159
1,39,101
1,40,2
1,42,356
1,43,373
1,44,110
1,45,137
1,49,290
1,50,283
1,51,319
1,52,299
1,54,393
1,55,25
1,57,277
1,58,108
1,59,372
1,60,193
1,61,62
1,62,296
1,65,139
1,66,374
1,67,98
1,68,218
1,69,224
1,70,372
1,71,292
1,72,54
1,74,183
1,75,161
1,76,399
1,78,209
1,79,52
1,83,8
1,85,161
1,86,84
1,87,202
1,88,236
1,89,207
1,90,301
1,93,22
1,94,287
1,95,394
1,98,105
1,99,84
1,101,59
1,102,164
1,104,396
1,108,23
1,111,396
1,113,284
1,114,320
1,118,222
1,121,374
1,128,246
1,132,146
1,133,347
1,141,21
1,146,301
1,147,32
1,153,302
1,156,145
1,157,255
1,161,345
1,162,142
1,164,160
1,165,348
1,169,360
1,173,254
1,179,316
1,183,130
1,188,270
1,190,367
1,194,30
1,195,157
1,196,205
1,199,212
2,1,192
2,3,121
2,4,172
2,7,236
2,9,359
2,10,136
2,11,97
2,12,280
2,13,377
2,14,336
2,15,395
2,17,286
2,20,333
2,21,123
2,22,23
2,24,26
2,26,218
2,28,81
2,29,144
2,30,72
2,31,328
2,32,13
2,33,286
2,34,151
2,35,143
2,37,326
2,38,357
2,39,274
2,40,266
2,42,69
2,43,87
2,44,51
2,45,152
2,48,34
2,49,50
2,50,149
2,51,156
2,52,184
2,53,299
2,54,305
2,55,379
2,56,371
2,58,36
2,59,393
2,60,3
2,61,204
2,62,25
2,63,60
2,64,220
2,66,206
2,67,377
2,68,223
2,70,59
2,71,226
2,72,297
2,73,370
2,76,194
2,77,110
2,81,219
2,83,217
2,84,266
2,85,163
2,87,186
2,92,77
2,94,22
2,96,81
2,97,58
2,99,169
2,100,276
2,102,158
2,103,53
2,105,299
2,107,124
2,109,192
2,113,285
2,114,322
2,115,324
2,118,255
2,119,20
2,120,127
2,122,358
2,123,278
2,131,339
2,133,53
2,134,55
2,136,177
2,138,160
2,139,45
2,140,185
2,141,38
2,142,136
2,151,285
2,155,364
2,160,162
2,165,154
2,167,211
2,176,244
2,179,67
2,185,152
2,187,80
2,189,20
2,194,18
2,199,336
3,1,13
3,2,121
3,4,32
3,5,250
3,6,42
3,7,235
3,8,78
3,11,122
3,12,139
3,16,393
3,17,11
3,18,188
3,19,31
3,20,297
3,21,7
3,23,202
3,24,227
3,27,273
3,28,166
3,29,398
3,30,65
3,31,138
3,32,265
3,33,397
3,36,174
3,38,296
3,42,324
3,44,195
3,45,299
3,46,277
3,47,225
3,48,60
3,49,29
3,52,46
3,54,233
3,56,287
3,57,312
3,58,285
3,59,1
3,62,234
3,64,340
3,66,234
3,68,254
3,69,232
3,70,133
3,71,25
3,72,297
3,74,234
3,75,67
3,79,383
3,82,80
3,83,34
3,85,162
3,87,395
3,90,165
3,94,355
3,95,249
3,98,295
3,99,348
3,101,156
3,102,63
3,103,316
3,105,4
3,107,258
3,108,133
3,109,218
3,110,7
3,113,337
3,114,133
3,119,244
3,121,185
3,123,6
3,125,216
3,128,232
3,132,149
3,133,298
3,138,25
3,142,113
3,146,284
3,149,113
3,150,188
3,153,251
3,154,351
3,158,41
3,159,341
3,160,13
3,163,233
3,171,320
3,172,221
3,174,271
3,179,303
3,181,137
3,195,376
3,199,355
4,1,332
4,2,172
4,3,32
4,5,350
4,6,335
4,7,399
4,8,134
4,10,287
4,12,72
4,14,1
4,15,3
4,18,308
4,19,134
4,20,192
4,21,266
4,22,229
4,23,178
4,24,34
4,25,337
4,26,194
4,27,229
4,28,243
4,29,253
4,32,151
4,34,105
4,37,28
4,41,102
4,42,278
4,43,65
4,46,195
4,48,234
4,49,117
4,51,253
4,52,263
4,53,7
4,55,125
4,58,285
4,59,26
4,61,75
4,62,45
4,63,135
4,68,338
4,69,203
4,70,392
4,71,321
4,72,187
4,73,283
4,74,277
4,75,101
4,78,147
4,80,339
4,83,370
4,84,189
4,85,153
4,86,266
4,88,385
4,91,62
4,93,299
4,94,97
4,99,218
4,100,80
4,102,164
4,103,64
4,108,112
4,109,168
4,110,17
4,112,366
4,117,341
4,119,146
4,120,354
4,122,78
4,124,178
4,126,65
4,128,258
4,139,295
4,140,120
4,141,64
4,142,6
4,144,123
4,145,230
4,146,91
4,148,257
4,155,275
4,159,390
4,160,393
4,161,360
4,162,67
4,165,338
4,170,171
4,171,354
4,172,387
4,177,79
4,178,261
4,181,387
4,184,78
4,185,186
4,188,333
4,191,169
4,195,294
4,196,388
4,200,193
5,1,250
5,3,250
5,4,350
5,7,218
5,9,64
5,10,340
5,12,326
5,14,96
5,15,112
5,16,328
5,19,20
5,20,278
5,22,208
5,24,328
5,25,331
5,26,249
5,27,1
5,30,325
5,31,296
5,32,160
5,34,31
5,35,8
5,36,397
5,37,267
5,40,348
5,42,251
5,43,150
5,44,74
5,45,60
5,48,315
5,50,360
5,51,15
5,54,186
5,55,183
5,56,398
5,57,115
5,58,385
5,59,38
5,60,33
5,61,346
5,62,80
5,63,290
5,65,101
5,67,280
5,69,4
5,70,280
5,71,265
5,72,28
5,73,102
5,74,191
5,75,132
5,76,361
5,78,158
5,80,389
5,81,391
5,83,36
5,87,142
5,88,221
5,90,306
5,92,287
5,93,24
5,95,319
5,98,38
5,101,59
5,106,142
5,113,4
5,115,273
5,120,303
5,126,368
5,127,202
5,128,134
5,133,206
5,134,118
5,135,167
5,136,321
5,141,1
5,153,304
5,154,288
5,156,22
5,158,385
5,160,241
5,163,85
5,164,243
5,170,365
5,171,11
5,173,336
5,174,132
5,175,388
5,177,347
5,178,57
5,179,254
5,181,233
5,186,238
5,187,205
5,192,200
5,193,303
5,196,261
5,199,103
5,200,139
6,1,364
6,3,42
6,4,335
6,7,106
6,9,377
6,10,243
6,11,143
6,12,166
6,13,319
6,14,234
6,17,313
6,18,7
6,19,329
6,20,48
6,23,204
6,25,20
6,26,177
6,29,157
6,30,169
6,33,344
6,34,250
6,35,40
6,36,288
6,37,172
6,39,48
6,40,228
6,41,257
6,43,364
6,49,367
6,50,367
6,51,118
6,52,217
6,54,196
6,55,116
6,56,198
6,57,194
6,58,346
6,59,29
6,61,298
6,62,394
6,63,352
6,64,124
6,65,255
6,68,360
6,69,124
6,70,144
6,71,363
6,72,143
6,75,363
6,77,387
6,79,237
6,80,373
6,81,118
6,82,63
6,85,121
6,87,359
6,89,45
6,90,370
6,92,329
6,93,34
6,94,256
6,95,241
6,96,324
6,97,25
6,102,219
6,104,303
6,107,205
6,112,8
6,115,96
6,116,59
6,117,396
6,120,227
6,121,222
6,123,180
6,126,242
6,131,40
6,132,247
6,134,44
6,137,259
6,138,157
6,139,44
6,143,370
6,147,222
6,150,396
6,151,289
6,155,74
6,170,304
6,173,126
6,176,362
6,184,41
6,186,117
6,188,67
6,198,216
6,200,233
7,2,236
7,3,235
7,4,399
7,5,218
7,6,106
7,8,204
7,9,385
7,11,284
7,12,397
7,15,322
7,16,199
7,18,9
7,21,289
7,22,278
7,23,325
7,25,32
7,27,113
7,28,259
7,29,191
7,32,119
7,33,361
7,34,20
7,35,190
7,37,108
7,38,158
7,39,98
7,40,302
7,41,240
7,43,13
7,44,392
7,46,5
7,47,15
7,50,246
7,51,35
7,52,184
7,54,224
7,55,19
7,56,2
7,57,256
7,58,303
7,59,95
7,61,397
7,62,187
7,64,180
7,67,305
7,70,106
7,71,215
7,72,75
7,74,157
7,75,51
7,77,229
7,78,184
7,79,51
7,80,169
7,81,201
7,82,184
7,84,325
7,85,355
7,88,137
7,89,358
7,91,114
7,94,315
7,96,345
7,98,210
7,99,139
7,100,233
7,108,314
7,109,246
7,112,339
7,113,31
7,114,34
7,115,337
7,118,284
7,121,75
7,125,84
7,129,300
7,131,4
7,134,251
7,135,50
7,136,368
7,137,280
7,138,164
7,139,339
7,140,220
7,142,183
7,143,197
7,144,178
7,152,221
7,155,330
7,157,243
7,164,372
7,165,83
7,167,228
7,169,313
7,171,318
7,172,257
7,173,123
7,176,137
7,177,396
7,184,333
7,185,212
7,189,320
7,190,196
7,192,318
7,196,269
7,197,384
7,199,195
8,1,104
8,3,78
8,4,134
8,7,204
8,9,16
8,11,347
8,13,377
8,14,105
8,15,375
8,17,217
8,18,115
8,19,379
8,20,161
8,22,31
8,23,285
8,25,385
8,27,177
8,28,64
8,29,1
8,30,155
8,31,92
8,32,184
8,34,392
8,35,12
8,36,33
8,40,39
8,41,167
8,44,18
8,45,33
8,46,269
8,47,293
8,48,67
8,55,347
8,56,362
8,57,157
8,59,25
8,60,178
8,62,225
8,63,225
8,64,227
8,65,106
8,66,370
8,69,27
8,74,376
8,82,54
8,83,275
8,84,285
8,85,329
8,86,176
8,88,68
8,89,302
8,90,387
8,92,382
8,93,342
8,98,148
8,99,215
8,103,22
8,105,57
8,107,301
8,111,367
8,114,27
8,118,352
8,119,300
8,121,282
8,122,376
8,123,85
8,124,182
8,125,116
8,126,191
8,127,381
8,128,149
8,130,256
8,131,336
8,132,306
8,135,359
8,137,154
8,139,247
8,140,354
8,141,290
8,142,290
8,147,339
8,148,342
8,152,349
8,153,4
8,155,11
8,157,313
8,163,196
8,165,98
8,167,37
8,169,225
8,170,118
8,177,99
8,179,276
8,181,400
8,182,111
8,183,76
8,185,126
8,187,52
8,189,158
8,198,230
9,1,290
9,2,359
9,5,64
9,6,377
9,7,385
9,8,16
9,11,163
9,13,87
9,14,83
9,17,130
9,19,155
9,20,114
9,21,323
9,22,318
9,23,203
9,26,141
9,27,346
9,28,292
9,29,274
9,30,362
9,31,148
9,33,32
9,35,28
9,36,286
9,38,3
9,39,217
9,40,369
9,42,182
9,43,314
9,45,233
9,46,96
9,47,36
9,50,334
9,51,29
9,53,226
9,54,273
9,55,183
9,56,307
9,57,340
9,59,346
9,60,143
9,61,19
9,63,359
9,64,86
9,65,223
9,66,97
9,68,185
9,69,359
9,71,139
9,72,75
9,76,89
9,77,81
9,80,343
9,81,155
9,84,36
9,88,106
9,89,301
9,92,154
9,93,170
9,95,149
9,97,300
9,100,162
9,101,62
9,107,393
9,108,166
9,115,230
9,118,24
9,121,38
9,122,310
9,124,174
9,130,206
9,131,372
9,133,104
9,134,47
9,135,266
9,136,370
9,137,248
9,140,251
9,141,363
9,145,116
9,147,262
9,149,127
9,150,241
9,152,197
9,153,131
9,154,30
9,159,199
9,160,71
9,161,205
9,165,354
9,167,205
9,171,183
9,191,211
9,192,378
10,1,74
10,2,136
10,4,287
10,5,340
10,6,243
10,11,337
10,12,43
10,13,174
10,14,378
10,15,363
10,16,104
10,18,61
10,20,292
10,21,357
10,22,43
10,24,394
10,27,374
10,28,111
10,31,134
10,32,391
10,33,51
10,34,237
10,35,60
10,36,298
10,37,376
10,38,98
10,39,92
10,40,187
10,41,349
10,43,369
10,45,280
10,48,343
10,50,385
10,51,258
10,52,114
10,53,231
10,57,206
10,58,83
10,59,244
10,60,132
10,62,244
10,63,32
10,64,228
10,65,373
10,66,88
10,68,295
10,70,211
10,71,28
10,72,172
10,73,80
10,77,273
10,78,309
10,79,291
10,80,262
10,81,341
10,82,233
10,83,190
10,84,24
10,85,376
10,86,354
10,87,284
10,88,346
10,89,2
10,91,350
10,92,344
10,95,16
10,97,93
10,100,135
10,105,226
10,106,89
10,112,246
10,115,319
10,117,368
10,120,207
10,122,159
10,124,151
10,125,263
10,126,252
10,130,382
10,132,301
10,133,16
10,137,118
10,138,114
10,141,329
10,143,64
10,144,370
10,145,394
10,146,234
10,148,134
10,153,221
10,154,289
10,160,10
10,170,212
10,172,222
10,174,150
10,177,385
10,178,185
10,179,272
10,184,57
10,187,229
10,192,250
11,2,97
11,3,122
11,6,143
11,7,284
11,8,347
11,9,163
11,10,337
11,12,169
11,13,277
11,15,7
11,16,166
11,17,346
11,18,59
11,19,78
11,22,303
11,23,149
11,24,60
11,25,348
11,26,276
11,31,277
11,34,151
11,36,126
11,38,32
11,39,356
11,40,116
11,41,124
11,42,9
11,43,184
11,44,82
11,45,36
11,47,54
11,48,331
11,49,99
11,50,122
11,54,152
11,57,243
11,58,360
11,59,396
11,60,333
11,61,325
11,63,356
11,65,134
11,67,280
11,69,132
11,71,58
11,72,151
11,73,399
11,76,85
11,79,336
11,80,313
11,85,254
11,87,260
11,88,341
11,89,113
11,92,162
11,95,141
11,98,148
11,101,137
11,105,188
11,108,250
11,109,298
11,111,82
11,114,49
11,115,134
11,117,397
11,118,178
11,119,85
11,120,48
11,131,388
11,133,155
11,136,280
11,139,385
11,143,134
11,145,19
11,147,311
11,149,88
11,151,315
11,152,160
11,154,135
11,155,189
11,159,368
11,167,107
11,171,158
11,174,137
11,175,351
11,178,311
11,180,326
11,186,388
11,190,191
11,195,172
11,197,136
11,199,327
12,1,276
12,2,280
12,3,139
12,4,72
12,5,326
12,6,166
12,7,397
12,10,43
12,11,169
12,13,316
12,14,73
12,15,236
12,16,225
12,17,27
12,21,18
12,23,179
12,24,252
12,26,43
12,27,291
12,28,237
12,29,40
12,30,299
12,31,45
12,32,38
12,33,100
12,34,316
12,35,235
12,36,6
12,37,110
12,39,290
12,40,375
12,41,109
12,43,302
12,45,23
12,46,326
12,47,164
12,48,270
12,49,289
12,53,247
12,55,127
12,56,99
12,58,296
12,59,164
12,60,25
12,61,105
12,62,12
12,64,27
12,65,79
12,67,86
12,68,204
12,69,36
12,73,191
12,75,116
12,77,220
12,78,9
12,80,180
12,81,182
12,82,273
12,83,179
12,84,108
12,85,350
12,86,119
12,88,382
12,91,267
12,93,79
12,96,263
12,97,188
12,99,63
12,101,39
12,102,336
12,103,374
12,105,164
12,107,152
12,108,138
12,110,368
12,115,226
12,117,297
12,119,109
12,124,132
12,125,299
12,128,27
12,131,202
12,134,88
12,138,52
12,141,210
12,143,220
12,144,365
12,145,247
12,146,269
12,155,285
12,158,280
12,159,82
12,161,104
12,165,229
12,166,234
12,189,228
12,196,314
12,197,223
13,1,364
13,2,377
13,6,319
13,8,377
13,9,87
13,10,174
13,11,277
13,12,316
13,15,315
13,16,210
13,17,396
13,21,137
13,23,126
13,26,256
13,29,157
13,33,319
13,35,253
13,37,186
13,38,12
13,39,351
13,40,236
13,41,112
13,43,118
13,44,119
13,45,79
13,48,376
13,49,163
13,51,108
13,52,193
13,53,322
13,55,121
13,56,65
13,58,41
13,62,3
13,64,60
13,65,9
13,68,256
13,69,311
13,70,271
13,71,38
13,73,380
13,75,171
13,76,314
13,80,203
13,82,216
13,84,395
13,86,84
13,88,296
13,89,36
13,90,93
13,91,280
13,95,200
13,98,210
13,101,354
13,102,221
13,104,213
13,107,309
13,108,315
13,109,246
13,111,255
13,112,225
13,115,52
13,116,254
13,117,231
13,118,219
13,120,18
13,122,280
13,124,324
13,126,242
13,127,271
13,131,161
13,132,80
13,133,132
13,135,178
13,137,182
13,138,361
13,141,69
13,144,213
13,145,377
13,146,363
13,148,323
13,149,199
13,152,396
13,153,55
13,159,262
13,163,374
13,164,175
13,167,340
13,168,9
13,171,120
13,172,286
13,173,204
13,175,283
13,178,192
13,180,203
13,190,43
13,192,92
13,193,18
13,194,149
13,197,254
13,200,201
14,1,171
14,2,336
14,4,1
14,5,96
14,6,234
14,8,105
14,9,83
14,10,378
14,12,73
14,15,197
14,16,393
14,18,198
14,19,126
14,20,72
14,21,52
14,22,287
14,23,300
14,24,147
14,25,222
14,26,143
14,27,302
14,29,237
14,31,29
14,33,291
14,36,91
14,37,324
14,38,313
14,42,273
14,43,23
14,44,375
14,46,174
14,47,167
14,49,351
14,52,250
14,53,155
14,54,240
14,55,99
14,56,396
14,57,134
14,58,22
14,59,355
14,61,84
14,62,79
14,66,370
14,72,14
14,73,98
14,74,245
14,75,192
14,77,28
14,79,136
14,81,241
14,82,219
14,83,130
14,84,241
14,85,252
14,87,322
14,90,215
14,91,52
14,97,347
14,99,309
14,100,369
14,103,317
14,104,114
14,105,200
14,106,66
14,107,66
14,108,33
14,110,131
14,112,189
14,113,74
14,114,367
14,117,196
14,127,142
14,129,251
14,134,381
14,135,20
14,136,290
14,137,242
14,138,75
14,144,12
14,145,171
14,150,125
14,152,98
14,154,310
14,157,256
14,158,303
14,161,120
14,162,269
14,163,22
14,167,160
14,171,150
14,173,291
14,174,168
14,177,329
14,182,130
14,183,386
14,190,36
14,197,288
14,200,389
15,2,395
15,4,3
15,5,112
15,7,322
15,8,375
15,10,363
15,11,7
15,12,236
15,13,315
15,14,197
15,17,225
15,18,281
15,19,168
15,20,145
15,21,91
15,23,313
15,24,371
15,25,108
15,26,312
15,27,364
15,29,287
15,32,319
15,33,96
15,35,292
15,36,135
15,38,37
15,39,233
15,40,162
15,41,98
15,42,164
15,43,320
15,44,369
15,45,234
15,46,154
15,47,130
15,49,287
15,50,385
15,51,387
15,52,42
15,53,8
15,54,322
15,55,92
15,56,34
15,58,106
15,62,308
15,63,85
15,64,355
15,65,109
15,66,190
15,67,193
15,68,295
15,69,368
15,71,109
15,72,270
15,74,337
15,75,211
15,76,304
15,78,5
15,80,96
15,81,378
15,82,102
15,83,83
15,84,336
15,86,160
15,88,242
15,91,87
15,92,142
15,93,354
15,95,108
15,97,79
15,99,277
15,101,361
15,103,1
15,107,76
15,109,333
15,111,63
15,112,127
15,114,219
15,115,167
15,118,141
15,119,192
15,120,306
15,121,139
15,122,253
15,123,46
15,124,328
15,126,133
15,140,250
15,141,224
15,142,351
15,143,384
15,144,186
15,147,245
15,151,245
15,153,177
15,158,14
15,161,333
15,169,335
15,170,143
15,172,12
15,173,54
15,174,226
15,175,382
15,178,392
15,183,201
15,184,94
15,186,112
15,187,133
15,192,259
16,1,228
16,3,393
16,5,328
16,7,199
16,10,104
16,11,166
16,12,225
16,13,210
16,14,393
16,19,307
16,20,344
16,22,159
16,23,138
16,26,363
16,27,94
16,30,358
16,31,390
16,33,298
16,34,114
16,37,344
16,38,117
16,39,128
16,40,68
16,41,33
16,43,248
16,44,362
16,45,94
16,46,72
16,47,177
16,49,199
16,50,81
16,52,323
16,53,75
16,55,361
16,56,310
16,58,176
16,60,136
16,62,196
16,63,61
16,65,277
16,67,179
16,68,296
16,69,281
16,77,63
16,78,321
16,79,171
16,80,256
16,81,158
16,84,83
16,85,53
16,87,393
16,88,109
16,91,169
16,93,18
16,94,381
16,97,70
16,100,272
16,101,304
16,102,262
16,104,350
16,107,88
16,108,161
16,109,278
16,113,281
16,120,89
16,122,201
16,127,370
16,128,246
16,129,186
16,131,182
16,134,93
16,140,212
16,141,1
16,146,313
16,149,272
16,151,31
16,154,289
16,155,293
16,156,294
16,164,255
16,168,85
16,170,186
16,172,3
16,175,210
16,177,132
16,179,380
16,180,224
16,182,230
16,186,372
16,192,349
16,196,144
16,197,223
17,1,296
17,2,286
17,3,11
17,6,313
17,8,217
17,9,130
17,11,346
17,12,27
17,13,396
17,15,225
17,21,397
17,24,205
17,27,265
17,28,287
17,31,7
17,33,18
17,34,99
17,35,170
17,37,344
17,38,313
17,41,346
17,42,98
17,45,319
17,46,112
17,47,266
17,48,354
17,51,90
17,54,106
17,56,122
17,58,238
17,61,72
17,62,267
17,63,109
17,64,70
17,65,234
17,66,312
17,68,42
17,69,132
17,70,122
17,71,354
17,72,18
17,73,394
17,77,48
17,78,92
17,82,259
17,83,123
17,84,342
17,85,265
17,88,191
17,89,121
17,90,23
17,91,70
17,92,260
17,94,302
17,95,367
17,98,8
17,99,6
17,100,261
17,102,329
17,103,244
17,105,78
17,107,128
17,108,323
17,109,348
17,111,387
17,112,280
17,113,135
17,114,1
17,116,156
17,119,96
17,121,224
17,123,225
17,124,119
17,128,136
17,129,157
17,131,368
17,138,133
17,140,164
17,141,350
17,147,76
17,149,283
17,150,152
17,157,161
17,159,213
17,165,370
17,176,76
17,178,73
17,181,197
17,182,143
17,195,164
17,198,254
17,199,261
18,1,325
18,3,188
18,4,308
18,6,7
18,7,9
18,8,115
18,10,61
18,11,59
18,14,198
18,15,281
18,19,109
18,21,213
18,22,73
18,24,322
18,25,12
18,28,349
18,30,122
18,32,34
18,33,74
18,35,235
18,36,122
18,37,163
18,40,141
18,41,396
18,42,67
18,43,10
18,46,44
18,48,254
18,52,156
18,55,107
18,57,370
18,59,169
18,61,175
18,62,349
18,66,248
18,67,247
18,68,127
18,70,68
18,71,110
18,73,146
18,74,276
18,75,327
18,78,383
18,83,273
18,85,18
18,86,180
18,87,262
18,89,152
18,90,85
18,91,330
18,93,383
18,95,347
18,97,341
18,100,76
18,105,217
18,106,127
18,117,377
18,119,319
18,120,281
18,130,295
18,131,390
18,133,19
18,134,191
18,135,378
18,136,11
18,138,155
18,139,89
18,142,290
18,155,130
18,156,151
18,158,372
18,159,192
18,160,274
18,161,123
18,162,68
18,163,82
18,164,220
18,165,289
18,167,279
18,168,325
18,172,323
18,174,144
18,177,5
18,180,95
18,185,33
18,187,248
18,188,85
19,3,31
19,4,134
19,5,20
19,6,329
19,8,379
19,9,155
19,11,78
19,14,126
19,15,168
19,16,307
19,18,109
19,20,203
19,23,279
19,25,308
19,27,376
19,28,335
19,29,153
19,30,374
19,34,236
19,35,167
19,36,140
19,38,286
19,40,282
19,43,221
19,45,77
19,47,382
19,48,100
19,50,186
19,51,237
19,54,95
19,55,48
19,56,395
19,59,313
19,60,105
19,61,59
19,62,121
19,63,364
19,66,93
19,67,363
19,70,81
19,74,289
19,75,266
19,76,44
19,78,224
19,80,199
19,82,344
19,83,218
19,84,259
19,87,393
19,91,298
19,94,119
19,98,188
19,100,204
19,102,60
19,103,82
19,105,372
19,113,179
19,117,322
19,120,131
19,124,293
19,126,159
19,128,365
19,132,197
19,136,262
19,137,326
19,138,197
19,139,44
19,147,52
19,149,262
19,150,40
19,152,221
19,160,25
19,164,308
19,166,245
19,169,136
19,172,191
19,173,46
19,178,299
19,181,109
19,182,187
19,184,16
19,186,232
19,200,91
20,1,11
20,2,333
20,3,297
20,4,192
20,5,278
20,6,48
20,8,161
20,9,114
20,10,292
20,14,72
20,15,145
20,16,344
20,19,203
20,21,255
20,23,60
20,25,23
20,26,377
20,28,363
20,30,166
20,33,187
20,34,380
20,35,203
20,36,159
20,37,265
20,39,24
20,42,167
20,43,15
20,44,183
20,45,93
20,46,328
20,48,209
20,49,51
20,50,285
20,51,327
20,53,280
20,54,203
20,56,256
20,57,245
20,59,27
20,60,20
20,61,339
20,62,70
20,65,240
20,66,60
20,67,265
20,68,92
20,69,117
20,73,8
20,75,177
20,76,131
20,82,305
20,84,14
20,89,182
20,90,156
20,91,168
20,93,102
20,94,56
20,95,22
20,97,69
20,98,35
20,99,363
20,101,304
20,105,84
20,106,54
20,109,96
20,123,371
20,124,105
20,125,373
20,128,29
20,130,223
20,131,335
20,132,142
20,138,194
20,139,244
20,141,392
20,143,162
20,145,114
20,150,262
20,156,251
20,158,25
20,163,156
20,173,375
20,176,71
20,177,63
20,188,320
20,189,261
20,190,346
20,191,305
20,194,213
20,197,387
20,199,232
21,1,267
21,2,123
21,3,7
21,4,266
21,7,289
21,9,323
21,10,357
21,12,18
21,13,137
21,14,52
21,15,91
21,17,397
21,18,213
21,20,255
21,22,343
21,23,104
21,24,347
21,25,77
21,26,231
21,28,70
21,29,388
21,30,385
21,31,379
21,33,312
21,34,266
21,37,11
21,38,370
21,40,304
21,41,37
21,44,368
21,46,68
21,48,196
21,51,194
21,52,309
21,53,373
21,55,308
21,58,110
21,64,259
21,66,201
21,67,68
21,69,231
21,71,231
21,73,67
21,74,168
21,77,221
21,78,108
21,79,239
21,80,191
21,81,208
21,82,63
21,86,297
21,87,115
21,88,22
21,90,192
21,92,158
21,93,62
21,98,292
21,101,269
21,102,303
21,104,126
21,106,306
21,108,321
21,111,159
21,113,86
21,115,200
21,117,244
21,118,148
21,122,123
21,123,363
21,124,193
21,125,204
21,129,243
21,131,307
21,134,289
21,137,36
21,140,384
21,144,21
21,145,153
21,150,125
21,151,297
21,155,32
21,164,169
21,166,130
21,171,29
21,172,220
21,176,180
21,177,319
21,179,67
21,184,324
21,189,361
21,199,312
22,1,189
22,2,23
22,4,229
22,5,208
22,7,278
22,8,31
22,9,318
22,10,43
22,11,303
22,14,287
22,16,159
22,18,73
22,21,343
22,23,84
22,25,115
22,26,33
22,27,91
22,30,382
22,31,101
22,32,24
22,33,374
22,34,11
22,36,4
22,37,372
22,38,260
22,39,397
22,40,254
22,42,34
22,44,295
22,46,257
22,47,26
22,49,334
22,51,304
22,52,133
22,54,397
22,55,107
22,56,193
22,59,134
22,60,235
22,61,113
22,63,54
22,65,150
22,66,400
22,68,377
22,71,55
22,73,321
22,75,282
22,76,253
22,78,299
22,79,267
22,80,93
22,81,89
22,82,169
22,83,32
22,84,262
22,85,399
22,87,391
22,89,184
22,90,96
22,91,276
22,92,236
22,94,321
22,96,258
22,98,172
22,99,363
22,100,164
22,104,239
22,108,62
22,109,307
22,110,346
22,111,373
22,114,177
22,115,279
22,116,260
22,117,236
22,118,159
22,121,197
22,126,394
22,128,131
22,131,305
22,134,14
22,135,359
22,139,257
22,141,150
22,143,235
22,144,85
22,145,254
22,147,348
22,148,373
22,150,214
22,163,100
22,165,177
22,167,202
22,169,309
22,170,368
22,171,377
22,174,63
22,176,13
22,179,1
22,180,288
22,182,130
22,183,337
22,185,156
22,187,213
22,188,218
22,189,21
22,192,67
22,193,226
23,3,202
23,4,178
23,6,204
23,7,325
23,8,285
23,9,203
23,11,149
23,12,179
23,13,126
23,14,300
23,15,313
23,16,138
23,19,279
23,20,60
23,21,104
23,22,84
23,24,54
23,25,265
23,26,81
23,28,112
23,29,381
23,32,269
23,34,363
23,35,372
23,36,161
23,37,269
23,38,262
23,39,367
23,40,85
23,41,255
23,42,259
23,44,316
23,46,272
23,47,323
23,48,267
23,49,118
23,54,186
23,56,288
23,58,213
23,59,326
23,61,23
23,62,149
23,63,285
23,64,294
23,65,68
23,66,21
23,68,31
23,69,242
23,70,366
23,75,372
23,76,120
23,77,115
23,78,208
23,82,347
23,83,175
23,84,317
23,88,201
23,89,58
23,92,204
23,99,64
23,103,51
23,106,306
23,108,340
23,109,74
23,110,78
23,111,282
23,114,346
23,116,251
23,117,97
23,119,286
23,120,233
23,122,94
23,123,223
23,129,215
23,130,128
23,134,386
23,135,236
23,137,155
23,145,355
23,151,311
23,154,129
23,157,354
23,164,105
23,165,213
23,169,348
23,170,106
23,171,68
23,177,294
23,178,356
23,182,341
23,186,290
23,188,185
23,190,63
23,192,94
23,193,81
23,195,336
23,197,250
23,200,48
24,2,26
24,3,227
24,4,34
24,5,328
24,10,394
24,11,60
24,12,252
24,14,147
24,15,371
24,17,205
24,18,322
24,21,347
24,23,54
24,25,270
24,27,106
24,28,74
24,29,104
24,30,375
24,32,92
24,34,73
24,35,359
24,38,387
24,39,52
24,40,67
24,41,152
24,42,396
24,44,223
24,45,13
24,47,297
24,50,228
24,53,151
24,54,87
24,55,69
24,56,320
24,59,193
24,60,309
24,61,342
24,64,283
24,65,281
24,68,126
24,69,170
24,70,80
24,71,381
24,72,133
24,73,82
24,74,47
24,76,139
24,78,268
24,79,18
24,80,158
24,81,361
24,82,214
24,86,137
24,87,299
24,88,248
24,90,22
24,94,200
24,95,12
24,98,264
24,99,137
24,102,313
24,103,391
24,106,210
24,107,32
24,109,360
24,113,160
24,114,68
24,117,138
24,119,321
24,124,355
24,125,122
24,126,134
24,129,273
24,132,375
24,133,289
24,134,85
24,142,178
24,144,126
24,148,278
24,153,269
24,160,123
24,163,45
24,165,43
24,169,168
24,170,153
24,177,198
24,180,244
24,183,132
24,186,88
24,188,286
24,189,297
24,191,55
24,194,91
25,4,337
25,5,331
25,6,20
25,7,32
25,8,385
25,11,348
25,14,222
25,15,108
25,18,12
25,19,308
25,20,23
25,21,77
25,22,115
25,23,265
25,24,270
25,26,332
25,27,319
25,28,4
25,31,275
25,32,265
25,33,215
25,34,174
25,35,282
25,36,127
25,38,302
25,39,274
25,40,202
25,41,59
25,42,247
25,44,39
25,45,307
25,46,169
25,47,89
25,48,340
25,53,31
25,54,96
25,55,296
25,56,341
25,57,400
25,59,358
25,61,347
25,62,26
25,66,198
25,67,272
25,69,242
25,70,64
25,71,18
25,72,73
25,73,151
25,75,66
25,77,68
25,78,101
25,80,155
25,81,256
25,83,162
25,85,378
25,86,233
25,88,240
25,91,193
25,92,32
25,94,392
25,95,389
25,97,80
25,100,389
25,102,195
25,104,366
25,105,206
25,106,49
25,107,305
25,110,267
25,112,18
25,113,328
25,115,194
25,116,359
25,119,125
25,121,109
25,122,352
25,124,176
25,127,129
25,128,214
25,130,391
25,135,93
25,136,144
25,140,248
25,141,155
25,142,316
25,145,135
25,150,285
25,151,42
25,152,257
25,154,398
25,155,17
25,162,158
25,163,16
25,165,355
25,168,2
25,175,196
25,176,145
25,177,236
25,181,73
25,184,12
25,189,325
25,191,104
25,195,158
25,196,340
25,197,357
26,2,218
26,4,194
26,5,249
26,6,177
26,9,141
26,11,276
26,12,43
26,13,256
26,14,143
26,15,312
26,16,363
26,20,377
26,21,231
26,22,33
26,23,81
26,25,332
26,28,152
26,29,17
26,30,3
26,32,181
26,33,288
26,34,236
26,37,116
26,39,374
26,41,345
26,43,229
26,44,37
26,45,25
26,46,316
26,49,344
26,52,381
26,53,351
26,56,346
26,58,38
26,59,79
26,60,178
26,61,13
26,62,203
26,63,162
26,64,11
26,65,54
26,67,118
26,68,118
26,70,95
26,71,213
26,72,290
26,73,353
26,74,39
26,76,59
26,77,63
26,78,9
26,79,135
26,80,46
26,82,351
26,83,174
26,87,91
26,91,123
26,92,241
26,95,354
26,100,320
26,101,312
26,102,398
26,103,377
26,106,83
26,107,75
26,108,55
26,110,241
26,111,68
26,112,329
26,114,342
26,115,298
26,116,87
26,118,137
26,119,391
26,120,384
26,121,384
26,123,134
26,124,271
26,129,206
26,130,206
26,132,225
26,134,158
26,136,221
26,137,208
26,139,372
26,140,349
26,142,304
26,150,380
26,151,152
26,159,241
26,161,281
26,164,397
26,165,247
26,166,1
26,167,36
26,169,28
26,171,284
26,172,368
26,177,302
26,181,289
26,183,14
26,186,149
26,189,319
26,191,298
26,196,378
27,1,375
27,3,273
27,4,229
27,5,1
27,7,113
27,8,177
27,9,346
27,10,374
27,12,291
27,14,302
27,15,364
27,16,94
27,17,265
27,19,376
27,22,91
27,24,106
27,25,319
27,30,70
27,31,283
27,32,114
27,33,85
27,34,335
27,35,119
27,37,377
27,38,58
27,39,88
27,41,41
27,42,42
27,43,98
27,45,17
27,47,66
27,49,383
27,50,161
27,53,119
27,54,294
27,57,283
27,58,118
27,59,49
27,60,306
27,61,247
27,63,40
27,64,79
27,65,208
27,67,56
27,68,397
27,71,200
27,72,251
27,73,61
27,74,367
27,75,148
27,76,212
27,78,250
27,80,274
27,81,97
27,82,138
27,84,222
27,85,396
27,89,271
27,90,36
27,91,365
27,92,304
27,93,385
27,95,209
27,98,276
27,99,6
27,100,352
27,101,381
27,102,300
27,103,368
27,104,127
27,106,252
27,107,125
27,108,66
27,110,317
27,112,63
27,113,106
27,114,296
27,116,8
27,120,123
27,125,96
27,126,364
27,127,360
27,130,365
27,132,302
27,135,280
27,136,325
27,137,354
27,138,356
27,140,173
27,145,359
27,151,26
27,154,68
27,156,186
27,158,177
27,160,226
27,162,343
27,164,214
27,168,270
27,170,361
27,173,176
27,175,104
27,176,322
27,178,124
27,180,377
27,184,270
27,186,113
27,187,291
27,192,169
27,194,139
27,200,175
28,2,81
28,3,166
28,4,243
28,7,259
28,8,64
28,9,292
28,10,111
28,12,237
28,17,287
28,18,349
28,19,335
28,20,363
28,21,70
28,23,112
28,24,74
28,25,4
28,26,152
28,31,382
28,32,292
28,36,266
28,37,397
28,38,79
28,39,211
28,40,64
28,41,376
28,42,150
28,43,255
28,44,337
28,45,357
28,46,167
28,48,18
28,49,41
28,50,84
28,51,149
28,52,385
28,53,213
28,54,235
28,56,158
28,57,302
28,59,346
28,60,112
28,61,368
28,64,6
28,67,331
28,69,57
28,70,212
28,71,367
28,74,180
28,75,380
28,77,324
28,78,68
28,79,233
28,80,398
28,82,103
28,86,346
28,87,230
28,91,264
28,96,327
28,102,70
28,103,9
28,104,253
28,106,187
28,109,326
28,113,292
28,114,95
28,115,349
28,117,47
28,118,400
28,119,242
28,120,263
28,121,102
28,124,3
28,125,118
28,126,296
28,129,140
28,131,149
28,133,229
28,134,311
28,135,49
28,136,2
28,139,112
28,142,99
28,146,132
28,149,383
28,154,193
28,156,194
28,158,343
28,160,297
28,163,145
28,166,23
28,170,247
28,174,345
28,175,175
28,179,76
28,180,290
28,182,395
28,186,110
28,187,306
28,194,211
28,196,308
29,2,144
29,3,398
29,4,253
29,6,157
29,7,191
29,8,1
29,9,274
29,12,40
29,13,157
29,14,237
29,15,287
29,19,153
29,21,388
29,23,381
29,24,104
29,26,17
29,31,335
29,32,350
29,37,336
29,38,251
29,39,379
29,40,162
29,41,175
29,42,312
29,44,315
29,45,54
29,47,267
29,48,104
29,50,187
29,51,59
29,54,342
29,55,162
29,56,59
29,57,240
29,59,358
29,61,59
29,63,117
29,64,177
29,65,110
29,67,17
29,68,69
29,69,244
29,70,336
29,71,183
29,73,47
29,74,35
29,75,375
29,76,181
29,79,8
29,80,248
29,82,383
29,83,387
29,86,116
29,88,235
29,89,39
29,90,237
29,91,249
29,94,104
29,95,3
29,96,265
29,97,153
29,99,349
29,100,230
29,101,36
29,102,19
29,104,73
29,106,192
29,110,68
29,117,344
29,120,141
29,121,55
29,126,44
29,127,71
29,132,217
29,134,154
29,136,199
29,137,359
29,138,259
29,139,194
29,141,38
29,143,333
29,148,192
29,153,229
29,156,329
29,157,373
29,159,202
29,168,216
29,169,123
29,172,36
29,173,322
29,175,93
29,176,94
29,177,63
29,180,91
29,181,172
29,186,76
29,191,179
29,195,204
29,196,372
29,197,120
30,2,72
30,3,65
30,5,325
30,6,169
30,8,155
30,9,362
30,12,299
30,16,358
30,18,122
30,19,374
30,20,166
30,21,385
30,22,382
30,24,375
30,26,3
30,27,70
30,31,246
30,38,342
30,39,341
30,40,267
30,41,356
30,42,315
30,46,71
30,49,51
30,52,217
30,53,385
30,56,76
30,57,33
30,58,202
30,59,117
30,60,213
30,61,334
30,63,65
30,64,214
30,65,117
30,66,58
30,68,163
30,69,366
30,70,181
30,71,76
30,72,54
30,73,206
30,74,293
30,75,11
30,77,145
30,79,26
30,82,248
30,86,156
30,88,86
30,89,393
30,90,246
30,93,9
30,94,182
30,95,134
30,97,256
30,100,346
30,103,106
30,105,270
30,106,293
30,107,166
30,108,108
30,109,110
30,113,305
30,114,375
30,116,283
30,121,151
30,124,209
30,125,143
30,126,98
30,127,317
30,129,119
30,132,139
30,133,277
30,134,268
30,136,139
30,137,33
30,140,96
30,143,114
30,146,155
30,147,197
30,149,168
30,153,360
30,155,284
30,156,180
30,158,192
30,161,106
30,163,253
30,167,187
30,168,361
30,171,175
30,173,369
30,174,293
30,181,363
30,184,258
30,185,238
30,186,9
30,187,59
30,188,304
30,193,102
30,194,227
31,1,231
31,2,328
31,3,138
31,5,296
31,8,92
31,9,148
31,10,134
31,11,277
31,12,45
31,14,29
31,16,390
31,17,7
31,21,379
31,22,101
31,25,275
31,27,283
31,28,382
31,29,335
31,30,246
31,33,344
31,34,300
31,36,231
31,38,393
31,41,139
31,42,22
31,43,240
31,44,98
31,45,175
31,46,37
31,47,199
31,48,378
31,50,372
31,51,261
31,52,18
31,53,286
31,55,375
31,57,130
31,60,246
31,61,184
31,62,274
31,63,34
31,64,96
31,65,202
31,67,49
31,68,130
31,70,140
31,71,112
31,73,52
31,75,147
31,76,397
31,77,102
31,81,73
31,83,328
31,84,260
31,86,116
31,87,51
31,89,99
31,90,29
31,92,341
31,93,322
31,94,183
31,95,50
31,96,23
31,98,144
31,101,254
31,102,397
31,111,255
31,113,83
31,116,141
31,117,310
31,118,189
31,120,121
31,121,241
31,123,245
31,129,181
31,130,313
31,134,91
31,135,198
31,139,400
31,140,201
31,143,97
31,148,346
31,149,275
31,154,44
31,157,116
31,159,263
31,161,248
31,165,184
31,168,240
31,172,251
31,175,281
31,190,55
31,191,252
31,194,252
31,195,182
31,198,231
31,200,18
32,1,73
32,2,13
32,3,265
32,4,151
32,5,160
32,7,119
32,8,184
32,10,391
32,12,38
32,15,319
32,18,34
32,22,24
32,23,269
32,24,92
32,25,265
32,26,181
32,27,114
32,28,292
32,29,350
32,35,289
32,37,10
32,38,231
32,39,258
32,42,55
32,43,268
32,44,79
32,45,252
32,46,176
32,48,231
32,49,70
32,50,340
32,51,341
32,52,355
32,54,102
32,55,323
32,56,206
32,57,199
32,58,305
32,59,269
32,61,127
32,63,140
32,66,182
32,70,42
32,71,330
32,72,339
32,73,400
32,74,49
32,77,97
32,79,198
32,80,358
32,81,345
32,84,162
32,85,195
32,88,107
32,91,344
32,92,194
32,94,333
32,100,331
32,101,6
32,103,27
32,104,352
32,106,230
32,108,30
32,110,95
32,111,237
32,114,134
32,117,288
32,123,317
32,133,240
32,139,125
32,141,74
32,143,115
32,144,339
32,152,259
32,153,185
32,155,10
32,159,326
32,161,185
32,162,240
32,164,152
32,168,277
32,169,9
32,171,113
32,173,229
32,176,366
32,179,370
32,181,163
32,182,82
32,185,139
32,188,141
32,189,44
32,194,54
32,195,116
32,199,256
32,200,322
33,2,286
33,3,397
33,6,344
33,7,361
33,9,32
33,10,51
33,12,100
33,13,319
33,14,291
33,15,96
33,16,298
33,17,18
33,18,74
33,20,187
33,21,312
33,22,374
33,25,215
33,26,288
33,27,85
33,31,344
33,36,354
33,37,115
33,42,181
33,45,192
33,48,213
33,49,309
33,50,28
33,51,258
33,54,338
33,55,351
33,56,239
33,57,236
33,61,172
33,62,200
33,63,378
33,64,283
33,65,101
33,69,66
33,70,126
33,74,175
33,75,189
33,81,192
33,84,98
33,85,288
33,88,1
33,91,279
33,92,125
33,93,90
33,94,31
33,95,233
33,97,288
33,99,113
33,100,75
33,101,30
33,102,141
33,105,369
33,106,320
33,108,175
33,109,116
33,110,18
33,111,244
33,112,346
33,113,374
33,115,57
33,117,245
33,119,399
33,122,335
33,123,123
33,128,111
33,135,44
33,145,376
33,146,189
33,147,42
33,149,298
33,154,48
33,159,210
33,160,106
33,162,373
33,164,81
33,165,252
33,166,361
33,167,3
33,173,84
33,174,310
33,176,155
33,177,247
33,181,290
33,183,239
33,189,155
33,191,211
33,196,97
33,200,95
34,1,345
34,2,151
34,4,105
34,5,31
34,6,250
34,7,20
34,8,392
34,10,237
34,11,151
34,12,316
34,16,114
34,17,99
34,19,236
34,20,380
34,21,266
34,22,11
34,23,363
34,24,73
34,25,174
34,26,236
34,27,335
34,31,300
34,35,306
34,36,208
34,37,330
34,38,168
34,40,345
34,41,51
34,43,273
34,44,74
34,47,363
34,48,173
34,50,320
34,51,40
34,52,206
34,54,227
34,55,324
34,57,81
34,58,85
34,59,201
34,60,342
34,64,289
34,65,62
34,66,298
34,68,383
34,69,382
34,70,188
34,75,154
34,76,136
34,77,130
34,78,51
34,80,52
34,81,179
34,86,379
34,87,140
34,89,20
34,95,175
34,96,39
34,97,270
34,100,266
34,102,233
34,104,26
34,105,102
34,111,19
34,112,257
34,117,334
34,119,219
34,120,309
34,125,69
34,126,38
34,127,98
34,129,369
34,131,367
34,134,70
34,137,71
34,138,241
34,145,207
34,146,329
34,148,178
34,150,55
34,153,139
34,160,116
34,163,156
34,164,98
34,168,65
34,169,365
34,171,271
34,172,69
34,173,99
34,175,286
34,176,168
34,177,49
34,178,222
34,179,177
34,181,265
34,182,350
34,184,296
34,186,79
34,187,87
34,189,6
34,193,207
34,198,275
34,199,282
35,1,25
35,2,143
35,5,8
35,6,40
35,7,190
35,8,12
35,9,28
35,10,60
35,12,235
35,13,253
35,15,292
35,17,170
35,18,235
35,19,167
35,20,203
35,23,372
35,24,359
35,25,282
35,27,119
35,32,289
35,34,306
35,36,367
35,40,114
35,41,169
35,42,149
35,43,107
35,44,292
35,45,34
35,47,295
35,48,102
35,51,262
35,52,164
35,53,304
35,55,101
35,56,16
35,57,367
35,59,28
35,62,322
35,64,256
35,66,96
35,67,347
35,69,362
35,70,54
35,71,269
35,72,303
35,73,175
35,74,10
35,75,353
35,81,150
35,83,255
35,85,204
35,86,140
35,87,114
35,88,256
35,91,86
35,92,337
35,95,267
35,97,341
35,98,153
35,100,99
35,103,342
35,105,113
35,107,285
35,109,16
35,113,202
35,118,279
35,119,170
35,120,214
35,121,231
35,122,378
35,124,79
35,126,358
35,131,119
35,132,224
35,133,326
35,134,255
35,135,257
35,136,42
35,137,284
35,138,274
35,145,67
35,146,27
35,148,290
35,149,165
35,150,50
35,153,146
35,155,244
35,157,117
35,158,319
35,163,58
35,171,247
35,175,311
35,176,166
35,178,248
35,183,145
35,184,252
35,185,67
35,188,173
36,1,200
36,3,174
36,5,397
36,6,288
36,8,33
36,9,286
36,10,298
36,11,126
36,12,6
36,14,91
36,15,135
36,18,122
36,19,140
36,20,159
36,22,4
36,23,161
36,25,127
36,28,266
36,31,231
36,33,354
36,34,208
36,35,367
36,37,133
36,38,334
36,39,360
36,40,195
36,41,264
36,42,266
36,43,142
36,44,320
36,45,325
36,46,67
36,48,320
36,49,172
36,50,81
36,51,8
36,52,108
36,53,90
36,55,154
36,57,278
36,58,222
36,59,9
36,60,52
36,65,250
36,66,333
36,67,17
36,68,146
36,69,45
36,70,159
36,73,4
36,74,342
36,75,374
36,76,325
36,78,174
36,79,169
36,80,306
36,81,41
36,82,104
36,83,277
36,84,112
36,85,62
36,86,134
36,87,52
36,88,278
36,89,85
36,90,203
36,91,117
36,92,399
36,93,351
36,95,221
36,97,238
36,98,253
36,99,355
36,100,68
36,101,133
36,103,297
36,104,120
36,106,107
36,114,109
36,118,246
36,122,324
36,125,337
36,126,42
36,129,172
36,130,239
36,131,27
36,134,272
36,139,82
36,142,42
36,150,399
36,151,360
36,152,334
36,154,306
36,156,272
36,161,246
36,163,233
36,164,329
36,165,366
36,168,8
36,172,212
36,174,128
36,178,94
36,179,335
36,185,252
36,190,165
36,191,333
36,192,165
36,199,347
37,1,292
37,2,326
37,4,28
37,5,267
37,6,172
37,7,108
37,10,376
37,12,110
37,13,186
37,14,324
37,16,344
37,17,344
37,18,163
37,20,265
37,21,11
37,22,372
37,23,269
37,26,116
37,27,377
37,28,397
37,29,336
37,32,10
37,33,115
37,34,330
37,36,133
37,38,9
37,39,291
37,40,291
37,41,63
37,42,309
37,44,160
37,46,353
37,48,336
37,49,71
37,50,15
37,53,71
37,54,298
37,58,350
37,59,231
37,62,101
37,65,357
37,66,293
37,67,128
37,68,210
37,70,58
37,71,336
37,75,138
37,76,364
37,78,67
37,79,181
37,80,183
37,81,383
37,82,327
37,85,316
37,86,373
37,87,228
37,88,326
37,89,337
37,92,132
37,93,279
37,94,32
37,96,365
37,100,353
37,102,160
37,103,266
37,104,387
37,106,68
37,111,223
37,112,84
37,117,239
37,120,72
37,122,210
37,123,34
37,127,167
37,134,230
37,135,184
37,138,138
37,142,373
37,143,268
37,145,243
37,147,387
37,150,74
37,155,175
37,156,262
37,163,261
37,164,210
37,169,312
37,171,267
37,177,355
37,178,13
37,179,361
37,181,372
37,183,174
37,185,168
37,186,257
37,192,316
37,195,367
37,197,102
38,1,159
38,2,357
38,3,296
38,7,158
38,9,3
38,10,98
38,11,32
38,13,12
38,14,313
38,15,37
38,16,117
38,17,313
38,19,286
38,21,370
38,22,260
38,23,262
38,24,387
38,25,302
38,27,58
38,28,79
38,29,251
38,30,342
38,31,393
38,32,231
38,34,168
38,36,334
38,37,9
38,39,304
38,40,140
38,42,75
38,47,365
38,48,102
38,49,6
38,50,328
38,51,98
38,52,260
38,55,187
38,57,161
38,58,299
38,59,31
38,60,91
38,61,231
38,63,105
38,65,301
38,67,227
38,69,274
38,70,234
38,71,351
38,72,255
38,73,313
38,74,170
38,76,386
38,77,114
38,80,238
38,85,118
38,86,175
38,89,128
38,90,282
38,92,30
38,93,353
38,95,171
38,100,340
38,102,251
38,103,222
38,104,59
38,105,349
38,107,353
38,110,88
38,111,167
38,112,236
38,117,30
38,118,356
38,119,362
38,121,71
38,122,182
38,125,165
38,126,102
38,127,261
38,129,192
38,139,127
38,140,43
38,142,101
38,147,108
38,148,83
38,153,4
38,155,200
38,161,35
38,162,123
38,164,48
38,165,85
38,177,384
38,183,270
38,198,391
39,1,101
39,2,274
39,6,48
39,7,98
39,9,217
39,10,92
39,11,356
39,12,290
39,13,351
39,15,233
39,16,128
39,20,24
39,22,397
39,23,367
39,24,52
39,25,274
39,26,374
39,27,88
39,28,211
39,29,379
39,30,341
39,32,258
39,36,360
39,37,291
39,38,304
39,40,76
39,41,11
39,43,234
39,45,235
39,49,140
39,51,281
39,52,113
39,54,303
39,55,29
39,56,12
39,57,121
39,58,162
39,60,164
39,62,278
39,65,9
39,66,30
39,67,339
39,68,41
39,73,137
39,76,88
39,77,162
39,78,358
39,81,295
39,83,238
39,85,224
39,86,358
39,87,200
39,89,385
39,91,253
39,93,169
39,94,338
39,98,398
39,100,215
39,104,179
39,105,291
39,106,342
39,107,137
39,108,87
39,109,296
39,110,222
39,111,79
39,112,36
39,114,230
39,121,263
39,123,265
39,124,17
39,125,105
39,127,294
39,128,106
39,131,286
39,132,212
39,133,320
39,136,222
39,139,256
39,140,383
39,141,253
39,143,360
39,144,375
39,151,227
39,153,205
39,157,306
39,166,318
39,169,143
39,170,151
39,188,66
39,190,98
39,192,239
39,194,97
39,197,98
39,200,363
40,1,2
40,2,266
40,5,348
40,6,228
40,7,302
40,8,39
40,9,369
40,10,187
40,11,116
40,12,375
40,13,236
40,15,162
40,16,68
40,18,141
40,19,282
40,21,304
40,22,254
40,23,85
40,24,67
40,25,202
40,28,64
40,29,162
40,30,267
40,34,345
40,35,114
40,36,195
40,37,291
40,38,140
40,39,76
40,42,20
40,44,139
40,45,237
40,46,323
40,48,299
40,49,179
40,52,379
40,53,100
40,54,272
40,57,286
40,58,34
40,59,350
40,60,134
40,61,63
40,62,183
40,63,29
40,66,43
40,67,149
40,68,227
40,69,170
40,70,358
40,73,351
40,77,329
40,79,377
40,81,363
40,82,158
40,83,379
40,84,35
40,87,387
40,88,137
40,89,169
40,91,24
40,94,153
40,95,161
40,96,248
40,97,129
40,100,296
40,103,144
40,105,356
40,106,82
40,107,94
40,109,39
40,110,77
40,113,303
40,117,243
40,118,298
40,119,136
40,121,381
40,128,53
40,129,167
40,132,145
40,133,296
40,134,290
40,135,286
40,141,51
40,142,177
40,143,315
40,151,199
40,152,284
40,155,181
40,157,281
40,161,185
40,163,203
40,164,293
40,169,123
40,171,189
40,172,252
40,175,333
40,179,180
40,184,247
40,190,265
40,192,71
41,4,102
41,6,257
41,7,240
41,8,167
41,10,349
41,11,124
41,12,109
41,13,112
41,15,98
41,16,33
41,17,346
41,18,396
41,21,37
41,23,255
41,24,152
41,25,59
41,26,345
41,27,41
41,28,376
41,29,175
41,30,356
41,31,139
41,34,51
41,35,169
41,36,264
41,37,63
41,39,11
41,44,357
41,46,210
41,47,361
41,49,27
41,51,59
41,52,133
41,53,65
41,54,289
41,55,156
41,56,19
41,57,254
41,58,245
41,59,201
41,60,377
41,61,180
41,62,149
41,63,133
41,64,330
41,65,62
41,68,77
41,69,185
41,72,299
41,74,99
41,75,354
41,77,8
41,79,340
41,82,329
41,84,75
41,85,23
41,86,190
41,89,21
41,91,284
41,92,127
41,93,84
41,94,329
41,95,274
41,96,334
41,100,308
41,102,218
41,104,187
41,110,45
41,114,327
41,115,286
41,118,317
41,119,366
41,120,300
41,122,94
41,124,2
41,125,206
41,130,227
41,135,228
41,136,17
41,139,305
41,143,129
41,145,19
41,147,192
41,148,341
41,149,113
41,150,12
41,151,169
41,153,91
41,155,90
41,161,279
41,166,61
41,167,146
41,169,246
41,170,48
41,171,258
41,173,10
41,185,89
41,188,315
41,189,47
41,190,47
41,191,60
41,195,385
41,198,93
41,199,397
41,200,273
42,1,356
42,2,69
42,3,324
42,4,278
42,5,251
42,9,182
42,11,9
42,14,273
42,15,164
42,17,98
42,18,67
42,20,167
42,22,34
42,23,259
42,24,396
42,25,247
42,27,42
42,28,150
42,29,312
42,30,315
42,31,22
42,32,55
42,33,181
42,35,149
42,36,266
42,37,309
42,38,75
42,40,20
42,46,295
42,48,56
42,49,252
42,50,221
42,51,74
