source,target,weight
1,2,276
1,3,121
1,4,377
1,5,276
1,7,133
1,8,320
1,9,194
1,10,178
1,11,160
1,13,300
1,15,72
1,16,88
1,17,127
1,18,384
1,19,80
1,20,109
1,21,49
1,23,306
1,26,308
1,27,34
1,29,95
1,30,187
1,33,88
1,36,107
1,42,234
1,43,262
1,46,84
1,47,100
1,50,335
1,52,91
1,53,354
1,54,288
1,55,22
1,56,36
1,58,2
1,67,362
1,68,266
1,69,258
1,73,313
1,78,231
1,80,258
1,81,242
1,84,221
1,86,215
1,87,106
1,89,150
1,93,279
1,101,12
1,103,120
1,112,102
1,113,285
1,123,71
1,127,278
1,134,289
1,140,274
1,151,296
1,167,90
1,171,27
1,173,80
1,187,140
2,1,276
2,5,376
2,7,210
2,8,339
2,9,361
2,10,287
2,11,115
2,12,317
2,14,42
2,16,299
2,17,380
2,19,387
2,20,63
2,21,126
2,22,4
2,25,283
2,26,214
2,29,271
2,31,352
2,35,31
2,36,385
2,42,350
2,43,279
2,45,352
2,46,282
2,49,282
2,53,213
2,59,327
2,60,184
2,61,242
2,62,352
2,65,224
2,70,317
2,72,307
2,78,385
2,79,35
2,86,34
2,87,301
2,92,299
2,95,12
2,98,143
2,101,186
2,103,147
2,106,27
2,109,209
2,116,142
2,120,99
2,125,220
2,128,15
2,133,145
2,148,188
2,149,205
2,159,228
2,168,245
2,184,100
2,197,318
3,1,121
3,4,383
3,9,260
3,11,395
3,14,108
3,15,144
3,17,363
3,18,21
3,20,188
3,21,97
3,23,133
3,24,174
3,25,308
3,27,256
3,28,113
3,29,326
3,30,167
3,34,30
3,35,265
3,38,92
3,39,90
3,41,80
3,48,214
3,51,371
3,52,13
3,56,280
3,57,333
3,69,173
3,70,106
3,75,348
3,78,100
3,82,352
3,99,22
3,124,21
3,129,249
3,137,366
3,142,341
3,161,207
3,176,53
3,196,238
4,1,377
4,3,383
4,5,73
4,6,193
4,7,291
4,8,150
4,10,60
4,12,87
4,13,196
4,14,297
4,15,173
4,17,228
4,18,192
4,19,294
4,20,158
4,28,119
4,29,126
4,30,165
4,33,132
4,34,248
4,36,69
4,39,221
4,40,251
4,41,275
4,44,396
4,45,367
4,46,157
4,53,20
4,54,167
4,55,186
4,65,280
4,66,24
4,68,254
4,70,41
4,74,89
4,76,162
4,77,56
4,79,309
4,88,68
4,94,180
4,95,285
4,98,273
4,105,117
4,107,193
4,113,122
4,114,273
4,119,101
4,127,27
4,140,306
4,166,196
4,167,103
4,170,38
4,181,174
4,185,320
4,186,276
5,1,276
5,2,376
5,4,73
5,6,100
5,8,34
5,9,59
5,10,71
5,11,148
5,12,52
5,13,39
5,14,226
5,16,229
5,17,205
5,18,113
5,19,346
5,20,35
5,22,101
5,23,369
5,24,17
5,25,353
5,26,115
5,35,350
5,36,296
5,37,322
5,38,219
5,41,293
5,42,332
5,44,321
5,45,382
5,48,236
5,49,19
5,52,236
5,54,275
5,55,289
5,57,114
5,68,338
5,69,53
5,73,278
5,82,236
5,83,102
5,85,321
5,97,367
5,117,288
5,118,60
5,132,354
5,145,36
5,148,93
5,149,260
5,160,178
5,167,31
5,170,299
5,174,176
5,179,66
5,191,239
5,198,277
5,200,52
6,4,193
6,5,100
6,7,201
6,10,365
6,11,133
6,12,59
6,13,74
6,14,396
6,15,250
6,17,227
6,18,155
6,19,160
6,20,88
6,23,243
6,24,173
6,27,221
6,28,167
6,29,260
6,30,178
6,31,96
6,33,265
6,38,4
6,41,28
6,42,124
6,44,84
6,45,183
6,47,109
6,52,372
6,58,7
6,68,154
6,73,390
6,77,256
6,81,285
6,82,81
6,84,340
6,89,35
6,92,216
6,93,187
6,94,282
6,100,397
6,108,369
6,115,20
6,117,125
6,128,276
6,135,145
6,148,249
6,149,19
6,169,3
6,173,343
6,181,76
6,197,336
7,1,133
7,2,210
7,4,291
7,6,201
7,8,26
7,9,343
7,10,211
7,11,95
7,12,168
7,14,152
7,15,250
7,16,106
7,21,284
7,22,14
7,23,270
7,24,86
7,26,63
7,27,119
7,29,354
7,31,24
7,32,124
7,33,330
7,35,400
7,36,74
7,38,295
7,39,256
7,42,240
7,47,396
7,48,302
7,51,244
7,52,374
7,54,243
7,59,122
7,60,270
7,64,171
7,76,53
7,77,8
7,81,26
7,99,268
7,103,354
7,106,133
7,108,95
7,111,304
7,126,316
7,138,105
7,144,133
7,154,271
7,155,217
7,158,333
7,198,32
7,199,313
8,1,320
8,2,339
8,4,150
8,5,34
8,7,26
8,9,225
8,11,152
8,12,2
8,13,145
8,14,296
8,15,126
8,16,44
8,17,45
8,18,384
8,19,214
8,20,265
8,22,1
8,23,126
8,29,313
8,30,171
8,32,276
8,33,3
8,35,353
8,39,206
8,43,298
8,47,121
8,51,132
8,61,323
8,63,72
8,64,270
8,70,147
8,72,122
8,74,171
8,78,389
8,81,202
8,86,273
8,92,216
8,98,111
8,127,105
8,137,72
8,144,397
8,149,18
8,150,155
8,179,385
8,180,259
8,198,189
9,1,194
9,2,361
9,3,260
9,5,59
9,7,343
9,8,225
9,12,156
9,13,353
9,14,185
9,15,32
9,16,88
9,17,227
9,18,62
9,21,127
9,24,148
9,25,117
9,33,196
9,36,348
9,37,365
9,44,223
9,47,12
9,51,283
9,57,339
9,63,389
9,64,167
9,69,45
9,72,221
9,76,118
9,77,186
9,78,355
9,88,304
9,90,181
9,93,88
9,98,163
9,100,108
9,104,338
9,122,188
9,125,308
9,139,224
9,140,129
9,158,121
9,171,36
9,180,341
9,190,265
9,192,32
9,193,91
10,1,178
10,2,287
10,4,60
10,5,71
10,6,365
10,7,211
10,11,289
10,12,141
10,13,194
10,14,186
10,17,105
10,18,154
10,20,68
10,24,169
10,25,27
10,26,369
10,27,169
10,28,352
10,30,338
10,31,392
10,32,247
10,34,25
10,35,359
10,40,122
10,41,38
10,43,377
10,44,321
10,45,398
10,46,103
10,48,62
10,51,228
10,52,252
10,53,326
10,58,162
10,59,392
10,60,66
10,72,383
10,82,220
10,83,138
10,91,314
10,109,3
10,126,349
10,132,239
10,150,202
10,152,336
10,163,93
10,165,278
10,169,210
10,173,248
10,183,235
10,190,311
10,198,398
10,200,61
11,1,160
11,2,115
11,3,395
11,5,148
11,6,133
11,7,95
11,8,152
11,10,289
11,13,321
11,14,43
11,15,184
11,16,81
11,18,33
11,19,47
11,20,319
11,21,188
11,22,52
11,23,106
11,24,222
11,25,375
11,26,400
11,27,336
11,29,48
11,32,14
11,33,108
11,35,183
11,36,28
11,37,281
11,39,393
11,44,193
11,46,314
11,56,2
11,64,47
11,72,248
11,74,217
11,82,268
11,90,254
11,91,103
11,94,130
11,96,321
11,99,300
11,101,293
11,105,107
11,118,67
11,123,177
11,127,300
11,131,159
11,140,117
11,144,233
11,146,392
11,150,240
11,172,39
11,175,334
11,196,62
12,2,317
12,4,87
12,5,52
12,6,59
12,7,168
12,8,2
12,9,156
12,10,141
12,14,124
12,15,241
12,16,370
12,17,71
12,18,209
12,19,259
12,20,148
12,21,344
12,22,254
12,23,175
12,26,388
12,27,180
12,32,28
12,33,36
12,35,98
12,38,109
12,42,380
12,43,152
12,46,72
12,47,190
12,48,386
12,50,268
12,53,31
12,54,300
12,61,247
12,76,39
12,83,243
12,85,377
12,86,168
12,92,242
12,108,178
12,112,386
12,114,265
12,119,332
12,121,253
12,128,198
12,142,298
12,143,252
12,146,244
12,154,35
12,168,19
12,186,67
13,1,300
13,4,196
13,5,39
13,6,74
13,8,145
13,9,353
13,10,194
13,11,321
13,14,30
13,16,342
13,18,266
13,20,6
13,21,325
13,23,77
13,24,83
13,26,174
13,27,71
13,28,197
13,33,166
13,34,277
13,37,368
13,38,240
13,40,258
13,43,32
13,44,229
13,48,128
13,49,47
13,51,213
13,54,379
13,60,61
13,63,55
13,64,181
13,65,175
13,66,126
13,69,200
13,71,281
13,73,321
13,77,315
13,78,76
13,82,271
13,86,214
13,125,178
13,140,222
13,163,193
13,171,390
13,179,302
13,187,75
13,200,16
14,2,42
14,3,108
14,4,297
14,5,226
14,6,396
14,7,152
14,8,296
14,9,185
14,10,186
14,11,43
14,12,124
14,13,30
14,16,167
14,17,179
14,18,148
14,19,27
14,22,178
14,26,247
14,29,371
14,30,357
14,31,161
14,38,154
14,46,324
14,47,296
14,51,100
14,55,1
14,56,111
14,60,142
14,62,373
14,63,350
14,66,297
14,74,206
14,75,73
14,81,187
14,82,375
14,86,394
14,87,15
14,91,243
14,93,150
14,94,148
14,98,350
14,104,43
14,119,183
14,122,279
14,129,103
14,134,26
14,135,243
14,145,357
14,147,382
14,151,90
14,156,197
14,160,246
14,169,216
14,179,381
14,180,127
14,182,223
14,194,321
15,1,72
15,3,144
15,4,173
15,6,250
15,7,250
15,8,126
15,9,32
15,11,184
15,12,241
15,17,269
15,18,127
15,19,174
15,25,242
15,27,173
15,31,361
15,34,348
15,35,129
15,36,246
15,38,317
15,41,289
15,45,129
15,46,327
15,51,141
15,60,339
15,63,184
15,69,128
15,77,351
15,79,182
15,85,280
15,87,45
15,91,74
15,94,251
15,96,395
15,98,22
15,99,146
15,100,184
15,101,172
15,112,165
15,123,357
15,126,107
15,132,34
15,141,372
15,146,138
15,148,76
15,153,158
15,156,301
15,157,7
15,159,221
15,177,166
15,187,280
16,1,88
16,2,299
16,5,229
16,7,106
16,8,44
16,9,88
16,11,81
16,12,370
16,13,342
16,14,167
16,17,26
16,20,126
16,21,353
16,22,347
16,23,385
16,24,53
16,25,198
16,27,49
16,28,45
16,29,144
16,33,319
16,35,400
16,38,46
16,40,312
16,45,25
16,47,260
16,49,278
16,50,41
16,58,117
16,59,209
16,61,258
16,63,97
16,66,223
16,68,119
16,72,14
16,75,384
16,76,15
16,79,390
16,90,96
16,95,197
16,105,54
16,111,290
16,114,20
16,121,233
16,136,263
16,164,253
16,166,286
16,174,110
16,184,80
17,1,127
17,2,380
17,3,363
17,4,228
17,5,205
17,6,227
17,8,45
17,9,227
17,10,105
17,12,71
17,14,179
17,15,269
17,16,26
17,19,164
17,21,153
17,22,241
17,23,85
17,24,317
17,25,331
17,26,1
17,27,8
17,28,196
17,30,243
17,31,202
17,32,340
17,37,245
17,39,215
17,41,194
17,44,335
17,47,342
17,54,168
17,56,203
17,58,368
17,62,257
17,70,385
17,72,130
17,84,335
17,92,365
17,104,257
17,110,276
17,119,289
17,121,242
17,133,203
17,134,273
17,135,281
17,140,22
17,141,233
17,145,283
17,167,69
17,169,83
17,173,235
17,175,189
17,180,332
17,193,376
18,1,384
18,3,21
18,4,192
18,5,113
18,6,155
18,8,384
18,9,62
18,10,154
18,11,33
18,12,209
18,13,266
18,14,148
18,15,127
18,19,47
18,20,89
18,21,363
18,23,299
18,24,185
18,26,59
18,29,309
18,30,116
18,32,349
18,36,192
18,37,273
18,39,353
18,40,331
18,41,71
18,42,308
18,45,169
18,49,262
18,51,163
18,56,186
18,57,33
18,61,348
18,62,214
18,67,53
18,75,123
18,78,230
18,86,252
18,88,81
18,91,59
18,93,229
18,95,300
18,99,241
18,101,5
18,108,227
18,113,293
18,118,155
18,132,94
18,144,58
18,147,289
18,164,163
18,176,38
18,178,246
18,182,48
18,189,344
18,192,208
19,1,80
19,2,387
19,4,294
19,5,346
19,6,160
19,8,214
19,11,47
19,12,259
19,14,27
19,15,174
19,17,164
19,18,47
19,21,358
19,23,338
19,24,380
19,27,141
19,29,375
19,30,124
19,34,143
19,37,262
19,39,258
19,43,140
19,44,317
19,45,148
19,46,331
19,51,166
19,52,6
19,54,310
19,55,280
19,57,296
19,58,357
19,63,45
19,66,236
19,73,96
19,76,7
19,87,255
19,97,278
19,100,154
19,128,292
19,131,169
19,136,287
19,144,122
19,158,327
19,168,200
19,197,181
19,200,134
20,1,109
20,2,63
20,3,188
20,4,158
20,5,35
20,6,88
20,8,265
20,10,68
20,11,319
20,12,148
20,13,6
20,16,126
20,18,89
20,21,53
20,22,272
20,23,33
20,24,242
20,25,178
20,26,102
20,28,305
20,30,322
20,31,207
20,38,3
20,39,169
20,40,284
20,41,2
20,42,190
20,43,107
20,44,218
20,47,146
20,48,257
20,59,279
20,61,209
20,62,305
20,68,349
20,71,13
20,77,334
20,81,24
20,87,192
20,89,136
20,90,189
20,92,328
20,105,12
20,109,315
20,110,350
20,112,82
20,117,291
20,118,292
20,138,263
20,141,203
20,143,267
20,152,390
20,156,60
20,158,53
20,164,84
20,165,221
20,174,256
20,184,309
20,191,327
20,193,49
21,1,49
21,2,126
21,3,97
21,7,284
21,9,127
21,11,188
21,12,344
21,13,325
21,16,353
21,17,153
21,18,363
21,19,358
21,20,53
21,22,259
21,23,301
21,24,248
21,26,376
21,28,373
21,29,304
21,30,154
21,32,135
21,33,249
21,34,378
21,36,324
21,37,379
21,41,17
21,42,216
21,49,319
21,50,309
21,56,295
21,59,253
21,64,62
21,69,260
21,81,341
21,84,139
21,91,279
21,98,129
21,102,286
21,103,131
21,107,191
21,122,273
21,127,194
21,135,304
21,139,366
21,153,278
21,157,372
21,162,384
21,168,355
21,174,209
21,183,301
21,195,96
22,2,4
22,5,101
22,7,14
22,8,1
22,11,52
22,12,254
22,14,178
22,16,347
22,17,241
22,20,272
22,21,259
22,23,164
22,24,383
22,25,264
22,26,54
22,27,14
22,29,253
22,30,307
22,31,133
22,32,359
22,34,273
22,37,355
22,43,383
22,49,203
22,52,179
22,60,356
22,67,161
22,75,162
22,79,73
22,83,50
22,84,24
22,90,161
22,97,219
22,99,241
22,128,267
22,131,372
22,142,152
22,148,17
22,161,155
22,163,365
22,166,383
22,186,27
22,192,276
23,1,306
23,3,133
23,5,369
23,6,243
23,7,270
23,8,126
23,11,106
23,12,175
23,13,77
23,16,385
23,17,85
23,18,299
23,19,338
23,20,33
23,21,301
23,22,164
23,24,163
23,25,62
23,27,312
23,28,237
23,30,133
23,31,154
23,32,271
23,33,346
23,35,329
23,45,333
23,48,42
23,51,147
23,55,118
23,59,351
23,62,143
23,65,217
23,67,356
23,69,365
23,71,186
23,72,346
23,74,228
23,85,73
23,88,152
23,96,24
23,105,293
23,111,95
23,115,149
23,123,336
23,125,324
23,144,340
23,146,378
23,156,163
23,162,297
23,192,126
24,3,174
24,5,17
24,6,173
24,7,86
24,9,148
24,10,169
24,11,222
24,13,83
24,16,53
24,17,317
24,18,185
24,19,380
24,20,242
24,21,248
24,22,383
24,23,163
24,25,28
24,26,305
24,28,380
24,31,216
24,32,372
24,34,6
24,37,156
24,38,92
24,39,300
24,42,396
24,51,103
24,54,247
24,55,34
24,56,18
24,57,128
24,60,3
24,63,228
24,64,386
24,65,288
24,67,177
24,76,136
24,80,258
24,81,59
24,89,349
24,96,114
24,100,188
24,102,357
24,104,258
24,119,1
24,131,55
24,136,372
24,152,103
24,155,257
24,174,339
24,175,295
24,177,16
24,187,34
24,197,80
25,2,283
25,3,308
25,5,353
25,9,117
25,10,27
25,11,375
25,15,242
25,16,198
25,17,331
25,20,178
25,22,264
25,23,62
25,24,28
25,26,112
25,27,98
25,28,39
25,30,39
25,31,49
25,33,223
25,35,219
25,37,48
25,38,244
25,40,389
25,42,362
25,43,369
25,49,248
25,50,249
25,53,230
25,55,108
25,57,357
25,61,2
25,70,136
25,74,291
25,77,111
25,78,229
25,94,229
25,97,130
25,98,77
25,99,234
25,108,391
25,110,161
25,117,99
25,120,43
25,121,319
25,126,297
25,132,265
25,135,187
25,136,378
25,137,162
25,139,44
25,148,392
25,163,303
25,171,107
25,194,348
25,196,129
26,1,308
26,2,214
26,5,115
26,7,63
26,10,369
26,11,400
26,12,388
26,13,174
26,14,247
26,17,1
26,18,59
26,20,102
26,21,376
26,22,54
26,24,305
26,25,112
26,30,147
26,34,249
26,36,305
26,39,221
26,40,146
26,46,93
26,48,19
26,49,223
26,50,89
26,55,317
26,57,24
26,60,238
26,61,239
26,63,77
26,64,34
26,69,66
26,77,394
26,83,35
26,85,266
26,87,155
26,99,133
26,100,299
26,103,362
26,105,210
26,107,338
26,112,62
26,122,132
26,123,66
26,124,33
26,134,258
26,140,38
26,155,296
26,157,40
26,171,327
26,196,400
27,1,34
27,3,256
27,6,221
27,7,119
27,10,169
27,11,336
27,12,180
27,13,71
27,15,173
27,16,49
27,17,8
27,19,141
27,22,14
27,23,312
27,25,98
27,30,77
27,31,15
27,32,162
27,33,58
27,36,32
27,37,375
27,42,381
27,44,194
27,49,71
27,50,294
27,53,56
27,54,169
27,57,286
27,59,96
27,62,191
27,65,219
27,66,79
27,70,222
27,73,232
27,86,124
27,105,53
27,109,253
27,114,326
27,115,379
27,119,290
27,120,277
27,122,260
27,130,148
27,133,277
27,134,315
27,148,190
27,152,295
27,171,88
27,176,367
27,184,328
27,190,191
27,193,88
28,3,113
28,4,119
28,6,167
28,10,352
28,13,197
28,16,45
28,17,196
28,20,305
28,21,373
28,23,237
28,24,380
28,25,39
28,29,247
28,32,252
28,34,158
28,35,297
28,40,299
28,41,255
28,42,258
28,43,144
28,44,198
28,45,117
28,46,340
28,47,47
28,48,400
28,50,199
28,55,141
28,56,349
28,57,145
28,62,40
28,69,117
28,70,309
28,74,105
28,85,335
28,88,383
28,90,270
28,97,85
28,109,182
28,115,381
28,122,370
28,123,331
28,125,230
28,128,218
28,146,328
28,147,191
28,165,66
28,170,224
28,173,320
28,182,278
28,188,332
28,192,25
29,1,95
29,2,271
29,3,326
29,4,126
29,6,260
29,7,354
29,8,313
29,11,48
29,14,371
29,16,144
29,18,309
29,19,375
29,21,304
29,22,253
29,28,247
29,33,94
29,34,371
29,36,333
29,37,341
29,38,379
29,39,291
29,40,335
29,41,246
29,44,349
29,45,291
29,50,145
29,56,243
29,60,389
29,65,210
29,67,322
29,70,271
29,76,273
29,81,3
29,85,223
29,94,380
29,99,315
29,107,27
29,110,70
29,113,181
29,114,385
29,119,341
29,120,320
29,123,76
29,129,280
29,131,71
29,138,123
29,160,200
29,161,29
29,168,185
29,173,255
30,1,187
30,3,167
30,4,165
30,6,178
30,8,171
30,10,338
30,14,357
30,17,243
30,18,116
30,19,124
30,20,322
30,21,154
30,22,307
30,23,133
30,25,39
30,26,147
30,27,77
30,31,255
30,32,140
30,34,51
30,37,328
30,40,184
30,42,175
30,47,136
30,48,293
30,49,276
30,50,243
30,52,3
30,56,342
30,57,161
30,58,365
30,67,28
30,69,113
30,72,37
30,75,360
30,76,350
30,80,112
30,82,159
30,83,62
30,97,371
30,98,124
30,103,145
30,104,148
30,106,237
30,127,114
30,129,6
30,139,193
30,152,85
30,163,48
30,170,343
30,175,297
30,181,93
30,186,322
30,191,64
30,194,388
31,2,352
31,6,96
31,7,24
31,10,392
31,14,161
31,15,361
31,17,202
31,20,207
31,22,133
31,23,154
31,24,216
31,25,49
31,27,15
31,30,255
31,32,188
31,36,282
31,37,101
31,41,117
31,42,6
31,43,150
31,54,59
31,57,319
31,59,110
31,68,240
31,74,55
31,77,161
31,78,45
31,79,95
31,94,30
31,95,396
31,106,323
31,107,187
31,111,194
31,112,210
31,129,325
31,131,208
31,139,386
31,165,49
31,190,302
32,7,124
32,8,276
32,10,247
32,11,14
32,12,28
32,17,340
32,18,349
32,21,135
32,22,359
32,23,271
32,24,372
32,27,162
32,28,252
32,30,140
32,31,188
32,33,273
32,35,20
32,36,229
32,37,378
32,39,395
32,40,280
32,44,187
32,45,117
32,46,379
32,58,313
32,65,248
32,69,211
32,70,182
32,71,240
32,76,32
32,88,218
32,113,176
32,117,211
32,120,307
32,141,73
32,149,334
32,152,185
32,153,386
32,154,376
32,165,252
32,169,246
32,174,163
33,1,88
33,4,132
33,6,265
33,7,330
33,8,3
33,9,196
33,11,108
33,12,36
33,13,166
33,16,319
33,21,249
33,23,346
33,25,223
33,27,58
33,29,94
33,32,273
33,34,34
33,37,236
33,40,329
33,45,252
33,59,301
33,64,160
33,66,139
33,67,256
33,88,323
33,91,264
33,93,79
33,95,156
33,97,290
33,106,239
33,108,189
33,110,346
33,124,110
33,126,123
33,136,123
33,139,9
33,143,102
33,149,44
33,151,152
33,155,13
33,160,181
33,164,19
33,175,183
34,3,30
34,4,248
34,10,25
34,13,277
34,15,348
34,19,143
34,21,378
34,22,273
34,24,6
34,26,249
34,28,158
34,29,371
34,30,51
34,33,34
34,38,304
34,39,40
34,43,143
34,47,191
34,53,110
34,55,325
34,59,39
34,60,56
34,61,339
34,67,283
34,69,373
34,74,15
34,79,292
34,84,168
34,92,92
34,99,126
34,100,392
34,105,399
34,115,294
34,116,340
34,137,185
34,144,138
34,145,23
34,153,32
34,154,330
34,157,328
34,164,194
34,169,81
34,170,2
34,175,198
34,178,390
34,188,80
34,191,31
34,200,201
35,2,31
35,3,265
35,5,350
35,7,400
35,8,353
35,10,359
35,11,183
35,12,98
35,15,129
35,16,400
35,23,329
35,25,219
35,28,297
35,32,20
35,36,216
35,38,37
35,39,290
35,40,366
35,45,74
35,46,226
35,47,106
35,51,46
35,52,333
35,53,222
35,54,127
35,59,15
35,65,184
35,71,228
35,72,342
35,76,115
35,77,133
35,78,49
35,79,41
35,80,102
35,82,33
35,83,65
35,97,371
35,101,302
35,107,122
35,108,240
35,117,59
35,132,105
35,140,241
35,149,226
35,165,299
35,167,99
35,187,352
35,188,15
36,1,107
36,2,385
36,4,69
36,5,296
36,7,74
36,9,348
36,11,28
36,15,246
36,18,192
36,21,324
36,26,305
36,27,32
36,29,333
36,31,282
36,32,229
36,35,216
36,42,156
36,47,142
36,48,397
36,49,125
36,52,323
36,53,274
36,54,119
36,55,228
36,58,349
36,61,287
36,66,71
36,73,98
36,74,279
36,84,27
36,85,279
36,86,174
36,92,138
36,93,86
36,96,187
36,100,180
36,103,400
36,104,34
36,106,391
36,121,80
36,124,136
36,159,374
36,163,139
36,170,206
36,176,390
36,177,217
37,5,322
37,9,365
37,11,281
37,13,368
37,17,245
37,18,273
37,19,262
37,21,379
37,22,355
37,24,156
37,25,48
37,27,375
37,29,341
37,30,328
37,31,101
37,32,378
37,33,236
37,38,45
37,41,297
37,42,82
37,44,95
37,49,357
37,50,378
37,52,354
37,57,127
37,59,376
37,61,146
37,63,92
37,73,104
37,74,63
37,82,45
37,83,148
37,84,280
37,85,7
37,87,390
37,89,97
37,91,238
37,101,344
37,110,118
37,112,248
37,114,32
37,115,302
37,116,393
37,117,323
37,134,42
37,141,164
37,142,21
37,145,245
37,159,167
37,161,78
37,165,76
37,166,192
37,174,18
38,3,92
38,5,219
38,6,4
38,7,295
38,12,109
38,13,240
38,14,154
38,15,317
38,16,46
38,20,3
38,24,92
38,25,244
38,29,379
38,34,304
38,35,37
38,37,45
38,39,172
38,42,275
38,43,30
38,49,229
38,52,135
38,54,121
38,55,365
38,65,330
38,66,207
38,67,44
38,73,398
38,76,154
38,77,364
38,78,220
38,80,91
38,81,163
38,82,242
38,92,267
38,94,229
38,115,356
38,135,231
38,142,88
38,169,65
38,170,79
38,185,96
38,187,94
38,200,298
39,3,90
39,4,221
39,7,256
39,8,206
39,11,393
39,17,215
39,18,353
39,19,258
39,20,169
39,24,300
39,26,221
39,29,291
39,32,395
39,34,40
39,35,290
39,38,172
39,40,45
39,45,289
39,50,295
39,51,332
39,52,290
39,54,196
39,55,253
39,57,245
39,59,155
39,61,24
39,67,343
39,68,282
39,75,146
39,79,211
39,86,214
39,90,171
39,93,42
39,95,150
39,104,141
39,112,40
39,114,172
39,125,153
39,128,109
39,131,270
39,146,326
39,158,199
39,165,42
39,167,319
39,180,254
39,183,104
40,4,251
40,10,122
40,13,258
40,16,312
40,18,331
40,20,284
40,25,389
40,26,146
40,28,299
40,29,335
40,30,184
40,32,280
40,33,329
40,35,366
40,39,45
40,41,185
40,45,167
40,46,53
40,50,172
40,53,74
40,60,282
40,61,334
40,62,240
40,65,148
40,66,211
40,68,36
40,69,178
40,71,17
40,77,6
40,86,38
40,90,342
40,92,291
40,100,265
40,108,169
40,109,151
40,111,22
40,136,177
40,137,165
40,151,186
40,169,24
40,191,254
41,3,80
41,4,275
41,5,293
41,6,28
41,10,38
41,15,289
41,17,194
41,18,71
41,20,2
41,21,17
41,28,255
41,29,246
41,31,117
41,37,297
41,40,185
41,42,18
41,43,146
41,47,334
41,48,194
41,51,55
41,55,364
41,58,309
41,62,11
41,65,81
41,66,245
41,68,231
41,70,23
41,72,175
41,78,92
41,79,155
41,84,104
41,94,269
41,98,214
41,117,102
41,125,116
41,128,217
41,130,352
41,146,398
41,163,225
41,173,84
41,177,179
41,183,107
41,192,216
42,1,234
42,2,350
42,5,332
42,6,124
42,7,240
42,12,380
42,18,308
42,20,190
42,21,216
42,24,396
42,25,362
42,27,381
42,28,258
42,30,175
42,31,6
42,36,156
42,37,82
42,38,275
42,41,18
42,43,118
42,49,169
42,52,36
42,55,111
42,61,262
42,69,337
42,74,297
42,79,251
42,81,178
42,89,370
42,93,307
42,118,179
42,140,195
42,143,339
42,147,162
42,148,370
42,150,303
42,152,157
42,159,349
42,160,298
42,174,21
42,181,371
42,198,249
42,200,170
43,1,262
43,2,279
43,8,298
43,10,377
43,12,152
43,13,32
43,19,140
43,20,107
43,22,383
43,25,369
43,28,144
43,31,150
43,34,143
43,38,30
43,41,146
43,42,118
43,45,323
43,47,62
43,48,31
43,51,399
43,53,174
43,62,351
43,64,202
43,65,4
43,68,303
43,80,207
43,81,251
43,82,177
43,85,196
43,87,310
43,89,331
43,91,225
43,104,386
43,115,62
43,118,115
43,123,56
43,141,111
43,142,55
43,143,381
43,149,315
43,159,378
43,163,80
43,168,128
43,171,359
43,179,217
43,180,32
43,192,102
44,4,396
44,5,321
44,6,84
44,9,223
44,10,321
44,11,193
44,13,229
44,17,335
44,19,317
44,20,218
44,27,194
44,28,198
44,29,349
44,32,187
44,37,95
44,46,301
44,48,333
44,50,171
44,56,18
44,57,147
44,62,280
44,65,344
44,70,277
44,71,45
44,74,189
44,80,344
44,84,343
44,85,65
44,86,167
44,90,389
44,91,232
44,93,324
44,103,191
44,108,119
44,109,59
44,113,367
44,118,247
44,127,319
44,134,203
44,142,281
44,161,190
44,165,184
44,167,68
44,168,382
44,186,2
44,199,382
45,2,352
45,4,367
45,5,382
45,6,183
45,10,398
45,15,129
45,16,25
45,18,169
45,19,148
45,23,333
45,28,117
45,29,291
45,32,117
45,33,252
45,35,74
45,39,289
45,40,167
45,43,323
45,46,313
45,47,343
45,53,79
45,56,259
45,58,341
45,69,255
45,71,360
45,73,304
45,75,279
45,80,290
45,87,12
45,95,123
45,97,9
45,98,367
45,102,259
45,107,200
45,108,200
45,116,253
45,127,323
45,146,315
45,148,91
45,152,316
45,154,330
45,178,45
45,190,223
45,196,199
45,199,118
46,1,84
46,2,282
46,4,157
46,10,103
46,11,314
46,12,72
46,14,324
46,15,327
46,19,331
46,26,93
46,28,340
46,32,379
46,35,226
46,40,53
46,44,301
46,45,313
46,49,175
46,55,201
46,58,139
46,59,393
46,60,220
46,64,237
46,66,182
46,68,309
46,75,32
46,90,121
46,91,26
46,103,379
46,104,289
46,125,293
46,132,274
46,135,90
46,151,251
46,156,167
46,164,330
46,172,22
46,182,352
47,1,100
47,6,109
47,7,396
47,8,121
47,9,12
47,12,190
47,14,296
47,16,260
47,17,342
47,20,146
47,28,47
47,30,136
47,34,191
47,35,106
47,36,142
47,41,334
47,43,62
47,45,343
47,50,196
47,55,5
47,61,28
47,64,137
47,67,354
47,69,293
47,79,203
47,80,376
47,83,230
47,86,121
47,96,43
47,100,231
47,104,159
47,112,104
47,119,265
47,123,124
47,126,87
47,141,301
47,142,193
47,143,128
47,153,147
47,155,56
47,164,108
47,166,236
47,167,198
47,181,159
47,182,19
47,183,99
47,186,341
47,187,344
48,3,214
48,5,236
48,7,302
48,10,62
48,12,386
48,13,128
48,20,257
48,23,42
48,26,19
48,28,400
48,30,293
48,36,397
48,41,194
48,43,31
48,44,333
48,49,62
48,56,304
48,59,129
48,61,244
48,63,133
48,66,140
48,67,119
48,70,132
48,71,213
48,75,76
48,76,111
48,77,8
48,78,14
48,79,237
48,82,237
48,83,314
48,84,43
48,89,60
48,94,61
48,100,130
48,102,394
48,103,321
48,105,144
48,106,389
48,115,67
48,122,382
48,124,141
48,139,356
48,140,62
48,155,147
48,191,17
48,192,87
49,2,282
49,5,19
49,13,47
49,16,278
49,18,262
49,21,319
49,22,203
49,25,248
49,26,223
49,27,71
49,30,276
49,36,125
49,37,357
49,38,229
49,42,169
49,46,175
49,48,62
49,50,355
49,52,68
49,54,199
49,57,249
49,60,115
49,63,388
49,71,391
49,74,217
49,75,228
49,80,398
49,84,331
49,85,247
49,87,336
49,98,291
49,105,255
49,108,10
49,112,343
49,113,282
49,114,101
49,120,49
49,124,55
49,147,83
49,148,123
49,169,311
49,170,317
49,188,40
49,194,98
50,1,335
50,12,268
50,16,41
50,21,309
50,25,249
50,26,89
50,27,294
50,28,199
50,29,145
50,30,243
50,37,378
50,39,295
50,40,172
50,44,171
50,47,196
50,49,355
50,53,51
50,54,354
50,57,369
50,58,1
50,63,59
50,64,77
50,68,161
50,70,267
50,71,105
50,72,316
50,77,199
50,78,381
50,87,64
50,94,112
50,96,44
50,104,31
50,124,62
50,130,167
50,131,395
50,140,93
50,144,384
50,146,191
50,150,207
50,156,275
50,167,177
50,173,104
50,177,182
50,178,318
51,3,371
51,7,244
51,8,132
51,9,283
51,10,228
51,13,213
51,14,100
51,15,141
51,18,163
51,19,166
51,23,147
51,24,103
51,35,46
51,39,332
51,41,55
51,43,399
51,53,208
51,58,387
51,62,84
51,63,134
51,64,34
51,67,321
51,83,182
51,90,63
51,101,249
51,112,89
51,116,94
51,117,71
51,119,370
51,121,13
51,132,119
51,150,138
51,151,277
51,158,392
51,195,268
52,1,91
52,3,13
52,5,236
52,6,372
52,7,374
52,10,252
52,19,6
52,22,179
52,30,3
52,35,333
52,36,323
52,37,354
52,38,135
52,39,290
52,42,36
52,49,68
52,60,28
52,63,244
52,66,112
52,71,240
52,73,73
52,82,293
52,83,131
52,88,292
52,99,40
52,110,358
52,121,323
52,126,305
52,145,356
52,147,117
52,153,202
52,160,394
52,162,175
52,192,353
52,195,353
52,196,363
53,1,354
53,2,213
53,4,20
53,10,326
53,12,31
53,25,230
53,27,56
53,34,110
53,35,222
53,36,274
53,40,74
53,43,174
53,45,79
53,50,51
53,51,208
53,56,120
53,59,165
53,63,60
53,64,324
53,68,234
53,71,336
53,82,250
53,90,105
53,93,307
53,105,271
53,115,56
53,116,303
53,118,73
53,119,99
53,124,40
53,125,308
53,133,42
53,138,289
53,151,363
53,158,390
53,167,281
53,170,194
53,173,129
53,183,43
53,185,153
53,200,61
54,1,288
54,4,167
54,5,275
54,7,243
54,12,300
54,13,379
54,17,168
54,19,310
54,24,247
54,27,169
54,31,59
54,35,127
54,36,119
54,38,121
54,39,196
54,49,199
54,50,354
54,56,122
54,58,279
54,60,170
54,67,298
54,68,156
54,73,162
54,88,155
54,110,373
54,111,390
54,112,70
54,113,238
54,116,41
54,117,51
54,118,38
54,125,273
54,126,47
54,132,355
54,136,9
54,137,61
54,145,66
54,146,175
54,164,112
54,176,314
54,177,375
54,194,386
54,199,237
55,1,22
55,4,186
55,5,289
55,14,1
55,19,280
55,23,118
55,24,34
55,25,108
55,26,317
55,28,141
55,34,325
55,36,228
55,38,365
55,39,253
55,41,364
55,42,111
55,46,201
55,47,5
55,56,138
55,58,10
55,60,155
55,62,200
55,70,204
55,78,217
55,86,12
55,87,173
55,91,87
55,92,198
55,105,105
55,111,328
55,115,13
55,117,86
55,130,237
55,138,148
55,141,61
55,146,331
55,151,211
55,159,310
55,171,393
55,179,304
55,181,245
55,200,10
56,1,36
56,3,280
56,11,2
56,14,111
56,17,203
56,18,186
56,21,295
56,24,18
56,28,349
56,29,243
56,30,342
56,44,18
56,45,259
56,48,304
56,53,120
56,54,122
56,55,138
56,58,356
56,60,188
56,62,140
56,71,107
56,75,98
56,76,36
56,80,232
56,83,72
56,86,169
56,87,65
56,89,269
56,98,307
56,99,194
56,101,291
56,102,37
56,108,329
56,110,113
56,120,394
56,131,292
56,142,380
56,143,78
56,154,157
56,157,97
56,158,200
56,177,191
57,3,333
57,5,114
57,9,339
57,18,33
57,19,296
57,24,128
57,25,357
57,26,24
57,27,286
57,28,145
57,30,161
57,31,319
57,37,127
57,39,245
57,44,147
57,49,249
57,50,369
57,58,222
57,62,238
57,68,292
57,74,96
57,78,62
57,83,248
57,85,283
57,88,221
57,95,147
57,96,278
57,98,225
57,105,50
57,106,190
57,110,395
57,113,342
57,133,310
57,140,266
57,142,138
57,149,311
57,152,265
57,157,57
57,162,210
57,166,236
57,190,218
58,1,2
58,6,7
58,10,162
58,16,117
58,17,368
58,19,357
58,30,365
58,32,313
58,36,349
58,41,309
58,45,341
58,46,139
58,50,1
58,51,387
58,54,279
58,55,10
58,56,356
58,57,222
58,59,396
58,70,17
58,73,206
58,75,179
58,76,252
58,80,79
58,88,5
58,92,385
58,95,386
58,101,121
58,102,128
58,109,323
58,114,305
58,115,119
58,119,176
58,145,290
58,154,186
58,169,338
58,174,201
58,178,301
58,194,94
59,2,327
59,7,122
59,10,392
59,16,209
59,20,279
59,21,253
59,23,351
59,27,96
59,31,110
59,33,301
59,34,39
59,35,15
59,37,376
59,39,155
59,46,393
59,48,129
59,53,165
59,58,396
59,63,81
59,64,223
59,65,250
59,70,285
59,71,186
59,72,381
59,73,252
59,78,171
59,81,133
59,82,69
59,84,47
59,86,191
59,90,357
59,98,370
59,104,124
59,111,143
59,118,66
59,120,337
59,134,171
59,139,165
59,140,16
59,143,233
59,144,286
59,147,392
59,163,148
59,176,234
59,185,198
59,188,269
59,197,347
60,2,184
60,7,270
60,10,66
60,13,61
60,14,142
60,15,339
60,22,356
60,24,3
60,26,238
60,29,389
60,34,56
60,40,282
60,46,220
60,49,115
60,52,28
60,54,170
60,55,155
60,56,188
60,62,268
60,65,369
60,77,309
60,81,321
60,84,35
60,90,36
60,96,293
60,99,183
60,100,127
60,104,387
60,107,178
60,118,198
60,127,341
60,131,76
60,145,321
60,157,74
60,159,361
60,172,139
60,177,261
60,179,97
60,180,126
60,185,194
60,194,337
60,195,267
60,197,320
61,2,242
61,8,323
61,12,247
61,16,258
61,18,348
61,20,209
61,25,2
61,26,239
61,34,339
61,36,287
61,37,146
61,39,24
61,40,334
61,42,262
61,47,28
61,48,244
61,65,363
61,67,32
61,73,283
61,74,13
61,77,228
61,79,288
61,83,319
61,84,364
61,85,57
61,89,46
61,90,155
61,91,323
61,100,338
61,102,65
61,105,157
61,108,19
61,111,67
61,118,1
61,120,157
61,127,4
61,132,318
61,140,297
61,145,141
61,165,253
61,166,214
61,186,180
61,198,43
62,2,352
62,14,373
62,17,257
62,18,214
62,20,305
62,23,143
62,27,191
62,28,40
62,40,240
62,41,11
62,43,351
62,44,280
62,51,84
62,55,200
62,56,140
62,57,238
62,60,268
62,79,228
62,81,44
62,87,5
62,88,268
62,91,248
62,93,373
62,95,49
62,107,39
62,110,358
62,115,76
62,119,113
62,124,298
62,135,336
62,141,106
62,147,284
62,169,91
62,191,35
62,200,62
63,8,72
63,9,389
63,13,55
63,14,350
63,15,184
63,16,97
63,19,45
63,24,228
63,26,77
63,37,92
63,48,133
63,49,388
63,50,59
63,51,134
63,52,244
63,53,60
63,59,81
63,66,10
63,82,226
63,83,121
63,89,111
63,92,339
63,95,198
63,98,55
63,101,232
63,112,180
63,115,381
63,117,46
63,122,213
63,124,225
63,133,345
63,134,169
63,135,312
63,136,175
63,137,122
63,141,394
63,154,242
63,155,216
63,171,271
63,189,348
64,7,171
64,8,270
64,9,167
64,11,47
64,13,181
64,21,62
64,24,386
64,26,34
64,33,160
64,43,202
64,46,237
64,47,137
64,50,77
64,51,34
64,53,324
64,59,223
64,65,156
64,66,363
64,67,200
64,70,162
64,84,138
64,85,271
64,98,288
64,110,32
64,116,250
64,117,369
64,119,95
64,122,55
64,123,227
64,128,254
64,131,360
64,136,107
64,139,318
64,150,121
64,156,186
64,199,13
65,2,224
65,4,280
65,13,175
65,23,217
65,24,288
65,27,219
65,29,210
65,32,248
65,35,184
65,38,330
65,40,148
65,41,81
65,43,4
65,44,344
65,59,250
65,60,369
65,61,363
65,64,156
65,66,80
65,72,364
65,73,252
65,75,43
65,87,51
65,103,219
65,107,370
65,117,371
65,121,24
65,123,276
65,124,213
65,143,285
65,157,194
65,174,356
65,176,317
65,193,262
66,4,24
66,13,126
66,14,297
66,16,223
66,19,236
66,27,79
66,33,139
66,36,71
66,38,207
66,40,211
66,41,245
66,46,182
66,48,140
66,52,112
66,63,10
66,64,363
66,65,80
66,74,231
66,76,158
66,91,367
66,92,133
66,93,390
66,95,87
66,96,383
66,97,20
66,99,139
66,100,177
66,102,340
66,108,159
66,115,367
66,124,55
66,125,254
66,127,118
66,129,393
66,130,288
66,132,273
66,135,314
66,137,189
66,143,132
66,151,3
66,159,297
66,161,365
66,164,158
66,167,277
66,170,363
66,179,340
66,180,336
66,186,213
66,189,37
67,1,362
67,18,53
67,22,161
67,23,356
67,24,177
67,29,322
67,30,28
67,33,256
67,34,283
67,38,44
67,39,343
67,47,354
67,48,119
67,51,321
67,54,298
67,61,32
67,64,200
67,69,158
67,70,390
67,72,330
67,74,385
67,76,58
67,77,231
67,84,306
67,87,364
67,92,357
67,100,309
67,102,397
67,108,3
67,110,24
67,119,80
67,124,183
67,125,199
67,129,167
67,131,44
67,142,291
67,152,70
67,157,296
67,163,365
67,179,153
67,196,114
67,200,133
68,1,266
68,4,254
68,5,338
68,6,154
68,16,119
68,20,349
68,31,240
68,39,282
68,40,36
68,41,231
68,43,303
68,46,309
68,50,161
68,53,234
68,54,156
68,57,292
68,69,138
68,80,359
68,81,108
68,82,396
68,97,300
68,101,199
68,104,93
68,106,280
68,125,398
68,133,362
68,142,191
68,150,293
68,167,50
68,172,289
68,184,397
68,199,55
69,1,258
69,3,173
69,5,53
69,9,45
69,13,200
69,15,128
69,21,260
69,23,365
69,26,66
69,28,117
69,30,113
69,32,211
69,34,373
69,40,178
69,42,337
69,45,255
69,47,293
69,67,158
69,68,138
69,73,27
69,76,290
69,80,395
69,82,10
69,88,271
69,89,163
69,109,69
69,116,309
69,120,170
69,122,1
69,130,217
69,133,219
69,137,92
69,152,32
69,160,36
69,184,120
69,189,352
69,193,103
70,2,317
70,3,106
70,4,41
70,8,147
70,17,385
70,25,136
70,27,222
70,28,309
70,29,271
70,32,182
70,41,23
70,44,277
70,48,132
70,50,267
70,55,204
70,58,17
70,59,285
70,64,162
70,67,390
70,71,123
70,72,276
70,74,307
70,75,372
70,77,92
70,78,364
70,83,15
70,95,186
70,99,268
70,107,128
70,109,189
70,111,51
70,118,146
70,122,348
70,127,351
70,144,296
70,149,327
70,154,74
70,161,381
70,162,76
70,163,138
70,165,109
70,171,122
70,184,94
70,191,35
70,195,321
70,199,115
70,200,239
71,13,281
71,20,13
71,23,186
71,32,240
71,35,228
71,40,17
71,44,45
71,45,360
71,48,213
71,49,391
71,50,105
71,52,240
71,53,336
71,56,107
71,59,186
71,70,123
71,76,57
71,80,292
71,81,79
71,83,376
71,89,342
71,99,312
71,100,206
71,107,107
71,117,397
71,122,395
71,123,335
71,135,41
71,136,154
71,138,324
71,146,372
71,152,400
71,159,238
71,160,238
71,178,197
72,2,307
72,8,122
72,9,221
72,10,383
72,11,248
72,16,14
72,17,130
72,23,346
72,30,37
72,35,342
72,41,175
72,50,316
72,59,381
72,65,364
72,67,330
72,70,276
72,75,391
72,86,260
72,89,327
72,94,3
72,97,16
72,104,196
72,105,294
72,112,362
72,121,282
72,126,57
72,143,196
72,146,35
72,162,4
72,169,115
72,181,341
73,1,313
73,5,278
73,6,390
73,13,321
73,19,96
73,27,232
73,36,98
73,37,104
73,38,398
73,45,304
73,52,73
73,54,162
73,58,206
73,59,252
73,61,283
73,65,252
73,69,27
73,88,242
73,89,280
73,95,47
73,106,167
73,107,260
73,109,238
73,111,166
73,115,2
73,129,295
73,134,197
73,152,251
73,161,171
73,162,215
73,171,323
73,172,166
73,173,120
73,189,319
74,4,89
74,8,171
74,11,217
74,14,206
74,23,228
74,25,291
74,28,105
74,31,55
74,34,15
74,36,279
74,37,63
74,42,297
74,44,189
74,49,217
74,57,96
74,61,13
74,66,231
74,67,385
74,70,307
74,75,114
74,78,182
74,88,51
74,90,42
74,111,273
74,113,230
74,143,174
74,152,359
74,156,197
74,165,159
74,176,96
74,178,328
74,181,215
74,197,148
74,198,357
75,3,348
75,14,73
75,16,384
75,18,123
75,22,162
75,30,360
75,39,146
75,45,279
75,46,32
75,48,76
75,49,228
75,56,98
75,58,179
75,65,43
75,70,372
75,72,391
75,74,114
75,81,267
75,83,362
75,97,224
75,123,22
75,136,288
75,143,73
75,158,35
75,172,176
75,180,334
76,4,162
76,7,53
76,9,118
76,12,39
76,16,15
76,19,7
76,24,136
76,29,273
76,30,350
76,32,32
76,35,115
76,38,154
76,48,111
76,56,36
76,58,252
76,66,158
76,67,58
76,69,290
76,71,57
76,80,63
76,85,300
76,88,23
76,93,38
76,94,125
76,103,330
76,106,313
76,122,176
76,124,227
76,126,175
76,138,339
76,141,192
76,142,32
76,150,50
76,159,231
76,164,229
76,182,77
76,183,220
76,188,151
77,4,56
77,6,256
77,7,8
77,9,186
77,13,315
77,15,351
77,20,334
77,25,111
77,26,394
77,31,161
77,35,133
77,38,364
77,40,6
77,48,8
77,50,199
77,60,309
77,61,228
77,67,231
77,70,92
77,80,329
77,81,260
77,85,60
77,89,184
77,97,209
77,102,321
77,103,164
77,110,258
77,121,96
77,136,344
77,141,54
77,151,176
77,154,205
77,157,393
77,194,107
77,195,375
77,199,69
78,1,231
78,2,385
78,3,100
78,8,389
78,9,355
78,13,76
78,18,230
78,25,229
78,31,45
78,35,49
78,38,220
78,41,92
78,48,14
78,50,381
78,55,217
78,57,62
78,59,171
78,70,364
78,74,182
78,82,181
78,88,357
78,90,189
78,94,258
78,97,144
78,98,260
78,116,299
78,118,351
78,122,24
78,128,121
78,130,315
78,133,206
78,138,36
78,139,304
78,158,336
78,165,215
78,168,152
78,176,117
78,185,192
78,187,90
79,2,35
79,4,309
79,15,182
79,16,390
79,22,73
79,31,95
79,34,292
79,35,41
79,39,211
79,41,155
79,42,251
79,47,203
79,48,237
79,61,288
79,62,228
79,80,309
79,87,372
79,96,199
79,97,198
79,100,44
79,108,14
79,110,395
79,111,138
79,113,265
79,116,218
79,126,140
79,141,244
79,153,189
79,155,239
79,162,122
79,170,220
79,177,337
79,178,37
79,182,351
79,184,299
79,189,140
79,197,150
79,200,84
80,1,258
80,24,258
80,30,112
80,35,102
80,38,91
80,43,207
80,44,344
80,45,290
80,47,376
80,49,398
80,56,232
80,58,79
80,68,359
80,69,395
80,71,292
80,76,63
80,77,329
80,79,309
80,88,37
80,99,115
80,107,160
80,111,229
80,116,23
80,120,155
80,132,48
80,147,378
80,154,166
80,179,97
80,183,167
80,194,19
81,1,242
81,6,285
81,7,26
81,8,202
81,14,187
81,20,24
81,21,341
81,24,59
81,29,3
81,38,163
81,42,178
81,43,251
81,59,133
81,60,321
81,62,44
81,68,108
81,71,79
81,75,267
81,77,260
81,89,358
81,93,193
81,94,210
81,101,127
81,103,167
81,106,100
81,107,182
81,114,60
81,118,140
81,123,100
81,133,330
81,134,306
81,143,180
81,157,104
81,165,22
81,181,183
82,3,352
82,5,236
82,6,81
82,10,220
82,11,268
82,13,271
82,14,375
82,30,159
82,35,33
82,37,45
82,38,242
82,43,177
82,48,237
82,52,293
82,53,250
82,59,69
82,63,226
82,68,396
82,69,10
82,78,181
82,85,7
82,89,232
82,90,239
82,95,1
82,96,30
82,101,247
82,105,226
82,106,303
82,114,88
82,123,283
82,131,296
82,156,362
82,167,245
82,199,83
82,200,248
83,5,102
83,10,138
83,12,243
83,22,50
83,26,35
83,30,62
83,35,65
83,37,148
83,47,230
83,48,314
83,51,182
83,52,131
83,56,72
83,57,248
83,61,319
83,63,121
83,70,15
83,71,376
83,75,362
83,84,236
83,86,17
83,97,333
83,102,230
83,109,204
83,121,279
83,128,184
83,133,371
83,137,65
83,139,266
83,141,86
83,158,365
83,163,104
83,165,369
83,172,288
83,174,8
83,178,219
83,179,360
83,180,291
83,181,247
83,188,334
84,1,221
84,6,340
84,17,335
84,21,139
84,22,24
84,34,168
84,36,27
84,37,280
84,41,104
84,44,343
84,48,43
84,49,331
84,59,47
84,60,35
84,61,364
84,64,138
84,67,306
84,83,236
84,86,174
84,92,345
84,93,10
84,99,66
84,105,78
84,110,32
84,118,158
84,126,318
84,127,105
84,130,111
84,135,193
84,150,380
84,156,83
84,159,323
84,161,72
84,172,285
84,178,107
84,181,235
84,193,288
84,195,105
85,5,321
85,12,377
85,15,280
85,23,73
85,26,266
85,28,335
85,29,223
85,36,279
85,37,7
85,43,196
85,44,65
85,49,247
85,57,283
85,61,57
85,64,271
85,76,300
85,77,60
85,82,7
85,91,313
85,93,101
85,115,383
85,116,239
85,132,280
85,134,126
85,144,80
85,160,36
85,161,225
85,169,307
85,170,295
85,177,6
85,188,302
86,1,215
86,2,34
86,8,273
86,12,168
86,13,214
86,14,394
86,18,252
86,27,124
86,36,174
86,39,214
86,40,38
86,44,167
86,47,121
86,55,12
86,56,169
86,59,191
86,72,260
86,83,17
86,84,174
86,92,190
86,96,101
86,102,348
86,103,384
86,122,305
86,132,182
86,141,144
86,143,40
86,150,196
86,151,246
86,155,33
86,156,82
86,161,388
86,180,48
86,181,301
86,184,369
86,185,1
86,187,361
86,196,334
87,1,106
87,2,301
87,14,15
87,15,45
87,19,255
87,20,192
87,26,155
87,37,390
87,43,310
87,45,12
87,49,336
87,50,64
87,55,173
87,56,65
87,62,5
87,65,51
87,67,364
87,79,372
87,91,357
87,93,172
87,104,98
87,114,264
87,122,300
87,139,60
87,170,124
87,190,357
87,195,397
88,4,68
88,9,304
88,18,81
88,23,152
88,28,383
88,32,218
88,33,323
88,52,292
88,54,155
88,57,221
88,58,5
88,62,268
88,69,271
88,73,242
88,74,51
88,76,23
88,78,357
88,80,37
88,102,272
88,106,221
88,107,138
88,116,40
88,117,179
88,122,389
88,129,44
88,137,175
88,140,196
88,147,377
88,182,367
88,183,131
88,198,305
89,1,150
89,6,35
89,20,136
89,24,349
89,37,97
89,42,370
89,43,331
89,48,60
89,56,269
89,61,46
89,63,111
89,69,163
89,71,342
89,72,327
89,73,280
89,77,184
89,81,358
89,82,232
89,91,247
89,96,324
89,114,373
89,116,165
89,123,73
89,128,246
89,130,330
89,131,158
89,135,49
89,154,227
89,158,151
89,175,32
89,183,377
89,184,160
89,189,209
89,192,4
89,196,106
90,9,181
90,11,254
90,16,96
90,20,189
90,22,161
90,28,270
90,39,171
90,40,342
90,44,389
90,46,121
90,51,63
90,53,105
90,59,357
90,60,36
90,61,155
90,74,42
90,78,189
90,82,239
90,93,89
90,95,139
90,96,315
90,102,225
90,105,299
90,121,344
90,123,282
90,129,107
90,131,384
90,133,117
90,138,163
90,146,96
90,158,177
90,182,269
91,10,314
91,11,103
91,14,243
91,15,74
91,18,59
91,21,279
91,33,264
91,37,238
91,43,225
91,44,232
91,46,26
91,55,87
91,61,323
91,62,248
91,66,367
91,85,313
91,87,357
91,89,247
91,92,335
91,94,134
91,107,261
91,109,205
91,113,177
91,124,143
91,127,377
91,130,170
91,133,225
91,138,284
91,139,333
91,156,2
91,164,133
91,174,121
91,181,214
91,198,57
92,2,299
92,6,216
92,8,216
92,12,242
92,17,365
92,20,328
92,34,92
92,36,138
92,38,267
92,40,291
92,55,198
92,58,385
92,63,339
92,66,133
92,67,357
92,84,345
92,86,190
92,91,335
92,95,76
92,96,161
92,97,342
92,101,183
92,105,155
92,109,22
92,113,54
92,121,215
92,137,4
92,160,279
92,161,194
92,163,5
92,179,374
92,185,64
92,198,302
93,1,279
93,6,187
93,9,88
93,14,150
93,18,229
93,33,79
93,36,86
93,39,42
93,42,307
93,44,324
93,53,307
93,62,373
93,66,390
93,76,38
93,81,193
93,84,10
93,85,101
93,87,172
93,90,89
93,95,193
93,96,347
93,112,184
93,120,186
93,121,248
93,124,400
93,128,358
93,132,75
93,134,88
93,150,247
93,173,249
93,185,84
94,4,180
94,6,282
94,11,130
94,14,148
94,15,251
94,25,229
94,29,380
94,31,30
94,38,229
94,41,269
94,48,61
94,50,112
94,72,3
94,76,125
94,78,258
94,81,210
94,91,134
94,95,234
94,100,300
94,101,181
94,108,7
94,111,207
94,112,274
94,130,246
94,135,13
94,136,218
94,140,347
94,151,331
94,178,281
94,182,131
94,185,223
95,2,12
95,4,285
