source,target,weight
1,2,265
1,3,74
1,4,286
1,6,249
1,7,43
1,8,43
1,9,60
1,10,111
1,11,197
1,14,181
1,15,90
1,17,344
1,18,5
1,20,208
1,22,382
1,23,111
1,24,349
1,25,304
1,27,372
1,28,102
1,29,379
1,31,56
1,32,177
1,33,382
1,34,312
1,35,291
1,37,260
1,38,19
1,40,244
1,42,57
1,44,211
1,45,271
1,46,210
1,47,242
1,48,313
1,49,394
1,53,133
1,55,286
1,56,303
1,57,125
1,59,319
1,60,8
1,62,78
1,63,352
1,64,5
1,65,73
1,67,2
1,68,99
1,69,302
1,70,15
1,71,11
1,73,150
1,74,16
1,77,29
1,78,342
1,79,4
1,80,115
1,82,8
1,83,46
1,84,320
1,85,395
1,86,100
1,87,346
1,88,257
1,90,206
1,91,130
1,94,289
1,99,130
1,101,343
1,102,24
1,105,251
1,106,359
1,107,31
1,108,7
1,110,24
1,113,69
1,114,379
1,116,135
1,117,103
1,122,39
1,124,198
1,130,351
1,132,239
1,133,227
1,138,341
1,140,53
1,142,331
1,143,371
1,145,110
1,149,81
1,152,78
1,153,229
1,154,62
1,155,330
1,156,397
1,159,149
1,160,153
1,161,350
1,163,395
1,166,258
1,173,374
1,184,222
1,189,39
1,194,160
1,196,307
2,1,265
2,3,100
2,4,339
2,5,43
2,6,141
2,7,283
2,8,187
2,9,55
2,10,361
2,11,293
2,12,181
2,15,185
2,17,240
2,18,195
2,19,15
2,20,220
2,25,301
2,27,179
2,28,114
2,29,125
2,30,24
2,32,183
2,34,179
2,35,156
2,36,335
2,37,106
2,39,355
2,40,282
2,41,373
2,42,24
2,43,141
2,46,65
2,49,4
2,50,311
2,51,60
2,52,332
2,53,333
2,56,346
2,57,315
2,58,236
2,61,192
2,63,207
2,66,301
2,67,160
2,68,294
2,69,262
2,70,114
2,71,372
2,72,213
2,73,261
2,74,190
2,75,73
2,78,142
2,79,120
2,80,232
2,82,330
2,85,393
2,86,148
2,87,374
2,89,330
2,90,331
2,91,318
2,92,35
2,93,95
2,94,57
2,95,193
2,96,96
2,97,159
2,98,106
2,101,107
2,103,150
2,107,231
2,108,315
2,109,62
2,110,13
2,114,282
2,117,184
2,119,336
2,121,76
2,123,92
2,124,52
2,127,57
2,129,93
2,132,256
2,135,69
2,136,38
2,137,151
2,139,169
2,140,99
2,144,352
2,145,2
2,146,69
2,149,375
2,154,29
2,155,106
2,156,22
2,158,152
2,165,316
2,166,145
2,167,280
2,169,192
2,173,163
2,178,23
2,183,2
2,184,243
2,187,296
2,188,319
2,191,292
2,194,227
2,195,203
2,200,395
3,1,74
3,2,100
3,4,180
3,5,18
3,6,82
3,7,101
3,8,364
3,10,169
3,11,316
3,12,393
3,13,295
3,14,270
3,15,1
3,17,47
3,18,82
3,19,92
3,21,230
3,23,19
3,26,391
3,27,322
3,28,70
3,30,65
3,31,9
3,33,230
3,34,127
3,35,356
3,36,4
3,37,90
3,38,219
3,39,23
3,40,107
3,42,291
3,44,105
3,45,298
3,46,301
3,47,97
3,48,352
3,50,113
3,51,51
3,52,171
3,53,357
3,55,205
3,56,119
3,58,195
3,59,75
3,60,34
3,61,133
3,63,228
3,66,225
3,68,260
3,69,369
3,71,145
3,72,145
3,74,307
3,77,199
3,78,324
3,81,219
3,82,59
3,83,57
3,84,133
3,85,98
3,86,189
3,87,398
3,88,255
3,90,329
3,91,345
3,92,150
3,95,82
3,97,362
3,101,333
3,102,164
3,103,318
3,104,79
3,105,90
3,106,85
3,108,119
3,112,162
3,113,137
3,114,214
3,120,27
3,121,126
3,124,245
3,126,11
3,127,295
3,128,342
3,129,225
3,130,374
3,131,271
3,132,109
3,133,245
3,134,303
3,136,316
3,140,77
3,142,363
3,144,347
3,145,143
3,149,399
3,151,68
3,153,156
3,156,18
3,158,152
3,159,269
3,161,220
3,162,325
3,163,130
3,166,33
3,167,78
3,169,49
3,175,202
3,177,230
3,178,184
3,179,245
3,181,47
3,186,357
3,190,190
3,191,17
3,194,306
3,195,395
3,197,203
3,198,42
3,200,73
4,1,286
4,2,339
4,3,180
4,5,157
4,6,308
4,7,60
4,8,29
4,10,185
4,11,156
4,12,303
4,13,324
4,14,369
4,15,245
4,16,151
4,17,331
4,18,28
4,22,282
4,23,251
4,24,229
4,25,28
4,27,104
4,28,345
4,29,145
4,30,270
4,32,30
4,33,87
4,35,40
4,37,322
4,39,240
4,40,386
4,41,56
4,43,150
4,45,192
4,46,288
4,48,296
4,49,373
4,50,163
4,51,162
4,52,391
4,54,39
4,55,218
4,60,238
4,61,282
4,62,191
4,63,340
4,64,358
4,66,195
4,67,42
4,70,19
4,71,307
4,73,319
4,75,226
4,76,74
4,79,283
4,80,48
4,82,371
4,83,330
4,85,205
4,86,377
4,88,382
4,89,213
4,91,343
4,92,324
4,93,208
4,96,270
4,98,237
4,100,378
4,101,196
4,102,251
4,103,35
4,104,203
4,105,244
4,106,189
4,107,304
4,108,356
4,109,200
4,111,245
4,113,353
4,114,86
4,116,344
4,118,20
4,122,205
4,126,216
4,127,343
4,129,98
4,130,205
4,137,91
4,140,160
4,141,132
4,142,385
4,146,13
4,147,232
4,150,172
4,151,55
4,156,266
4,157,134
4,160,135
4,163,365
4,164,354
4,168,176
4,170,27
4,173,310
4,174,114
4,177,28
4,178,117
4,179,218
4,182,354
4,184,338
4,186,338
4,190,189
4,191,226
4,192,340
4,194,136
5,2,43
5,3,18
5,4,157
5,6,108
5,8,238
5,9,346
5,12,85
5,14,127
5,15,275
5,16,397
5,18,395
5,20,328
5,21,251
5,22,325
5,23,204
5,24,309
5,26,361
5,27,84
5,28,366
5,29,335
5,31,294
5,34,362
5,35,236
5,38,56
5,39,169
5,40,327
5,41,180
5,42,82
5,43,270
5,47,45
5,48,305
5,49,297
5,50,190
5,51,18
5,52,326
5,54,58
5,55,112
5,57,102
5,59,241
5,61,389
5,62,319
5,65,239
5,66,269
5,69,130
5,70,384
5,71,298
5,73,44
5,74,4
5,77,232
5,79,337
5,81,302
5,83,41
5,85,31
5,87,305
5,88,136
5,89,146
5,91,328
5,95,291
5,96,172
5,98,117
5,99,77
5,101,108
5,102,334
5,103,329
5,104,171
5,105,179
5,108,24
5,109,197
5,111,210
5,112,210
5,113,262
5,116,357
5,118,120
5,119,28
5,120,49
5,121,386
5,122,145
5,126,274
5,127,84
5,128,397
5,132,234
5,137,24
5,138,34
5,140,313
5,141,391
5,142,204
5,143,224
5,147,100
5,148,37
5,149,78
5,150,62
5,151,360
5,155,212
5,156,48
5,158,65
5,160,397
5,163,130
5,164,69
5,166,392
5,168,337
5,169,381
5,171,327
5,172,62
5,176,218
5,177,366
5,178,196
5,179,233
5,180,349
5,184,276
5,186,330
5,188,7
5,191,265
5,195,37
5,198,70
5,200,31
6,1,249
6,2,141
6,3,82
6,4,308
6,5,108
6,7,101
6,9,76
6,10,320
6,12,116
6,13,41
6,14,346
6,15,317
6,16,101
6,17,256
6,19,275
6,21,105
6,22,197
6,23,84
6,24,351
6,25,102
6,26,21
6,27,61
6,29,317
6,30,156
6,31,201
6,32,288
6,35,283
6,36,381
6,40,240
6,43,56
6,44,292
6,45,68
6,48,296
6,50,84
6,51,326
6,54,136
6,55,144
6,56,360
6,57,154
6,58,326
6,60,137
6,61,307
6,63,211
6,64,375
6,65,330
6,66,49
6,67,266
6,69,394
6,71,150
6,72,223
6,73,309
6,74,234
6,76,208
6,77,35
6,78,376
6,79,38
6,80,201
6,83,59
6,84,207
6,85,54
6,87,272
6,89,121
6,92,10
6,93,174
6,94,26
6,96,219
6,97,382
6,98,336
6,99,235
6,100,187
6,101,7
6,102,1
6,104,294
6,105,4
6,106,284
6,108,141
6,109,173
6,111,342
6,114,238
6,115,261
6,116,88
6,117,362
6,118,98
6,119,375
6,122,154
6,124,369
6,126,285
6,129,15
6,132,159
6,133,265
6,136,335
6,137,332
6,141,329
6,145,318
6,146,367
6,147,157
6,148,307
6,150,134
6,154,201
6,155,114
6,160,124
6,161,358
6,165,136
6,167,208
6,168,26
6,172,153
6,173,292
6,176,327
6,178,72
6,185,368
6,194,72
6,196,311
6,198,62
7,1,43
7,2,283
7,3,101
7,4,60
7,6,101
7,8,393
7,9,302
7,10,243
7,12,221
7,13,217
7,14,192
7,15,354
7,16,249
7,18,111
7,20,132
7,21,178
7,22,247
7,25,143
7,26,310
7,27,177
7,29,377
7,30,131
7,32,192
7,33,117
7,34,378
7,35,250
7,36,233
7,37,252
7,38,57
7,40,398
7,42,35
7,43,356
7,44,114
7,45,397
7,47,119
7,49,265
7,50,111
7,51,235
7,53,210
7,54,29
7,56,247
7,57,99
7,58,29
7,59,145
7,60,106
7,61,267
7,62,45
7,64,41
7,65,95
7,68,191
7,70,208
7,71,144
7,74,196
7,75,352
7,76,78
7,77,5
7,80,114
7,81,196
7,82,295
7,83,266
7,84,236
7,87,67
7,88,82
7,89,310
7,93,130
7,94,104
7,97,58
7,98,385
7,99,156
7,100,115
7,103,301
7,104,243
7,109,15
7,111,177
7,112,387
7,113,103
7,116,184
7,118,215
7,122,74
7,126,223
7,128,39
7,132,21
7,134,105
7,135,355
7,137,262
7,138,363
7,139,50
7,142,12
7,143,379
7,144,382
7,145,343
7,147,250
7,149,398
7,150,25
7,153,11
7,156,294
7,157,392
7,161,83
7,162,314
7,164,265
7,171,52
7,172,239
7,180,149
7,185,359
7,186,336
7,188,90
7,189,16
7,190,177
7,195,176
8,1,43
8,2,187
8,3,364
8,4,29
8,5,238
8,7,393
8,10,22
8,11,367
8,12,57
8,13,316
8,14,181
8,16,301
8,17,103
8,20,19
8,21,310
8,23,254
8,24,269
8,26,124
8,27,264
8,31,59
8,32,373
8,35,280
8,37,37
8,38,294
8,39,245
8,40,265
8,41,12
8,42,68
8,43,12
8,44,175
8,45,119
8,46,147
8,48,179
8,49,47
8,52,362
8,56,266
8,57,326
8,58,337
8,60,10
8,62,31
8,65,122
8,66,115
8,68,33
8,69,206
8,72,400
8,74,183
8,75,208
8,76,180
8,77,272
8,78,210
8,79,348
8,81,210
8,83,131
8,85,308
8,88,28
8,89,117
8,90,261
8,93,389
8,94,164
8,96,50
8,97,282
8,98,384
8,99,40
8,103,391
8,105,76
8,109,274
8,115,146
8,116,114
8,123,332
8,124,220
8,125,151
8,126,153
8,127,307
8,128,207
8,130,386
8,136,179
8,142,384
8,145,227
8,148,62
8,150,212
8,151,87
8,153,90
8,154,169
8,157,161
8,162,340
8,164,223
8,166,145
8,167,305
8,168,399
8,172,282
8,175,267
8,181,168
8,187,262
8,188,262
8,189,370
8,190,231
8,192,112
8,194,177
8,196,210
8,197,309
9,1,60
9,2,55
9,5,346
9,6,76
9,7,302
9,10,89
9,17,117
9,20,273
9,21,303
9,22,376
9,24,251
9,28,95
9,30,366
9,31,52
9,34,290
9,35,292
9,36,26
9,37,103
9,38,19
9,39,206
9,40,214
9,43,229
9,45,87
9,46,108
9,47,28
9,49,204
9,52,335
9,53,289
9,54,361
9,55,160
9,56,214
9,57,189
9,58,309
9,59,234
9,61,365
9,63,60
9,64,9
9,65,106
9,66,365
9,67,168
9,68,389
9,69,111
9,71,110
9,72,320
9,75,266
9,76,381
9,77,108
9,78,304
9,80,100
9,82,43
9,83,202
9,84,79
9,85,165
9,86,124
9,89,332
9,90,378
9,91,181
9,92,330
9,95,164
9,97,82
9,98,305
9,100,268
9,101,20
9,104,223
9,106,257
9,107,6
9,108,78
9,109,89
9,112,9
9,113,83
9,115,41
9,116,308
9,117,22
9,118,242
9,122,380
9,123,166
9,128,19
9,129,138
9,133,108
9,138,339
9,139,196
9,141,285
9,142,282
9,144,23
9,147,11
9,149,309
9,152,24
9,156,261
9,159,263
9,160,127
9,161,271
9,162,371
9,164,18
9,166,256
9,167,213
9,170,254
9,173,65
9,174,56
9,175,303
9,177,373
9,186,398
9,189,154
9,190,257
9,192,100
9,193,346
9,194,368
9,195,309
9,197,46
9,198,286
9,199,124
9,200,216
10,1,111
10,2,361
10,3,169
10,4,185
10,6,320
10,7,243
10,8,22
10,9,89
10,11,186
10,14,394
10,15,364
10,16,150
10,17,261
10,19,59
10,20,400
10,21,394
10,22,139
10,23,15
10,24,353
10,25,317
10,26,397
10,28,363
10,29,149
10,30,225
10,31,313
10,32,36
10,33,132
10,36,147
10,37,100
10,38,291
10,40,267
10,41,307
10,44,125
10,46,39
10,47,337
10,50,392
10,52,113
10,53,14
10,54,114
10,56,152
10,57,394
10,58,73
10,59,82
10,60,123
10,62,388
10,63,25
10,64,362
10,65,200
10,66,8
10,68,8
10,69,399
10,70,211
10,73,372
10,76,1
10,79,46
10,80,103
10,81,204
10,82,151
10,83,280
10,84,23
10,88,188
10,89,177
10,91,11
10,92,115
10,93,242
10,94,189
10,95,118
10,97,83
10,100,46
10,101,266
10,107,360
10,110,234
10,111,134
10,112,122
10,113,59
10,114,116
10,118,161
10,119,45
10,120,63
10,121,31
10,122,210
10,123,312
10,124,367
10,125,29
10,126,131
10,127,389
10,136,380
10,137,34
10,138,67
10,140,1
10,141,88
10,143,36
10,145,319
10,148,69
10,149,371
10,152,73
10,156,110
10,157,198
10,158,226
10,159,194
10,161,108
10,162,169
10,164,132
10,167,141
10,174,65
10,175,203
10,176,90
10,179,362
10,181,95
10,196,89
10,199,227
10,200,2
11,1,197
11,2,293
11,3,316
11,4,156
11,8,367
11,10,186
11,12,168
11,13,47
11,15,349
11,16,189
11,17,280
11,18,112
11,19,103
11,22,7
11,23,130
11,26,363
11,27,124
11,28,87
11,29,307
11,31,165
11,32,272
11,33,161
11,34,382
11,36,181
11,39,68
11,40,276
11,42,15
11,43,375
11,44,109
11,45,234
11,46,176
11,47,396
11,48,289
11,51,198
11,52,171
11,54,164
11,59,72
11,63,128
11,64,95
11,66,372
11,68,222
11,69,151
11,71,99
11,72,57
11,73,378
11,75,145
11,78,354
11,79,62
11,80,343
11,84,175
11,86,79
11,87,387
11,88,83
11,90,251
11,92,219
11,93,55
11,95,311
11,99,279
11,100,303
11,104,156
11,105,22
11,110,16
11,112,119
11,113,355
11,115,148
11,116,336
11,117,154
11,120,265
11,123,78
11,124,52
11,126,158
11,127,65
11,128,273
11,129,173
11,131,135
11,132,101
11,133,390
11,134,109
11,137,250
11,138,18
11,147,111
11,150,50
11,153,303
11,154,361
11,155,107
11,157,342
11,163,335
11,167,191
11,168,153
11,174,226
11,175,222
11,176,278
11,177,334
11,178,204
11,179,279
11,188,326
11,189,320
11,191,184
11,192,390
11,194,346
11,196,64
11,198,235
11,199,334
11,200,223
12,2,181
12,3,393
12,4,303
12,5,85
12,6,116
12,7,221
12,8,57
12,11,168
12,13,265
12,16,105
12,17,75
12,18,65
12,19,89
12,20,24
12,23,17
12,26,125
12,28,262
12,29,18
12,30,291
12,31,128
12,32,323
12,33,341
12,36,373
12,37,228
12,38,331
12,42,379
12,44,293
12,45,32
12,48,386
12,49,118
12,53,274
12,54,276
12,55,192
12,56,15
12,57,63
12,58,203
12,60,342
12,62,152
12,64,255
12,66,269
12,67,334
12,68,333
12,71,5
12,72,10
12,73,74
12,74,174
12,75,311
12,76,291
12,77,389
12,78,330
12,80,103
12,85,64
12,86,13
12,87,167
12,90,131
12,93,395
12,97,351
12,99,312
12,100,89
12,105,114
12,106,3
12,108,386
12,110,202
12,111,230
12,115,301
12,117,330
12,118,133
12,120,305
12,121,98
12,122,280
12,123,322
12,129,120
12,131,357
12,138,369
12,140,330
12,142,141
12,143,181
12,145,326
12,148,385
12,149,359
12,152,126
12,154,28
12,156,295
12,165,21
12,167,183
12,169,32
12,173,59
12,174,399
12,175,279
12,182,135
12,184,58
12,190,144
12,194,98
12,196,145
12,198,165
12,200,205
13,3,295
13,4,324
13,6,41
13,7,217
13,8,316
13,11,47
13,12,265
13,17,181
13,18,32
13,19,79
13,20,140
13,22,360
13,23,335
13,24,323
13,26,111
13,27,89
13,28,380
13,29,378
13,30,288
13,35,307
13,37,396
13,38,297
13,39,352
13,40,264
13,41,68
13,42,358
13,45,72
13,46,317
13,47,177
13,48,400
13,49,308
13,50,176
13,51,153
13,53,355
13,54,256
13,55,224
13,57,384
13,58,355
13,59,385
13,61,127
13,62,247
13,63,216
13,66,303
13,67,24
13,69,159
13,70,371
13,72,9
13,73,79
13,74,250
13,76,148
13,77,5
13,78,306
13,79,84
13,80,333
13,81,168
13,82,255
13,83,78
13,84,161
13,87,198
13,89,142
13,90,133
13,92,56
13,93,220
13,94,53
13,96,146
13,97,256
13,98,26
13,100,50
13,102,376
13,103,238
13,104,263
13,105,95
13,106,400
13,107,336
13,108,241
13,112,259
13,113,74
13,114,110
13,116,237
13,118,282
13,119,321
13,120,123
13,121,374
13,122,162
13,125,95
13,127,300
13,130,167
13,132,232
13,134,46
13,135,328
13,139,300
13,140,102
13,141,265
13,143,68
13,144,278
13,145,380
13,146,192
13,148,100
13,152,67
13,154,64
13,155,342
13,156,37
13,157,366
13,161,170
13,163,295
13,165,6
13,167,197
13,170,349
13,174,204
13,175,256
13,176,115
13,187,278
13,192,356
13,195,324
13,197,104
14,1,181
14,3,270
14,4,369
14,5,127
14,6,346
14,7,192
14,8,181
14,10,394
14,16,312
14,17,238
14,19,362
14,21,47
14,26,13
14,27,341
14,28,162
14,30,260
14,35,182
14,37,220
14,40,126
14,43,295
14,48,301
14,49,74
14,50,347
14,53,40
14,54,378
14,55,329
14,56,27
14,58,194
14,59,386
14,60,161
14,61,395
14,63,146
14,64,146
14,65,392
14,67,383
14,68,153
14,74,316
14,75,90
14,76,162
14,77,365
14,78,396
14,79,391
14,80,51
14,81,160
14,82,193
14,83,131
14,84,64
14,85,244
14,86,228
14,87,272
14,88,177
14,89,319
14,91,336
14,93,114
14,95,319
14,96,25
14,99,198
14,100,324
14,102,273
14,103,235
14,104,8
14,105,137
14,107,117
14,108,145
14,111,220
14,112,247
14,113,284
14,116,86
14,117,289
14,122,292
14,125,49
14,127,169
14,131,263
14,134,359
14,137,180
14,138,107
14,139,334
14,141,61
14,143,233
14,144,309
14,145,167
14,150,45
14,152,373
14,155,257
14,156,218
14,157,12
14,158,192
14,160,324
14,161,282
14,162,225
14,163,15
14,164,133
14,165,136
14,167,14
14,175,255
14,177,323
14,181,36
14,183,135
14,184,158
14,186,63
14,187,19
14,190,389
14,191,394
14,195,168
14,197,218
14,198,303
15,1,90
15,2,185
15,3,1
15,4,245
15,5,275
15,6,317
15,7,354
15,10,364
15,11,349
15,18,112
15,19,265
15,20,176
15,21,171
15,22,158
15,23,386
15,25,54
15,30,315
15,31,321
15,32,328
15,33,210
15,37,52
15,42,228
15,43,142
15,44,325
15,45,255
15,48,10
15,50,310
15,51,383
15,52,368
15,54,340
15,57,222
15,59,227
15,61,7
15,62,113
15,63,223
15,64,314
15,67,222
15,68,345
15,72,117
15,75,142
15,76,153
15,79,142
15,80,389
15,84,91
15,86,119
15,88,106
15,89,259
15,92,398
15,93,214
15,94,211
15,95,312
15,96,356
15,97,53
15,100,56
15,102,199
15,108,312
15,109,77
15,110,154
15,111,172
15,112,96
15,113,123
15,114,259
15,118,148
15,120,91
15,121,364
15,122,200
15,124,72
15,125,263
15,128,21
15,129,345
15,131,132
15,132,71
15,135,368
15,136,150
15,137,193
15,138,391
15,139,41
15,145,217
15,147,79
15,148,337
15,149,239
15,150,196
15,151,169
15,152,377
15,154,247
15,161,334
15,164,240
15,173,84
15,177,191
15,183,41
15,184,372
15,185,235
15,187,50
15,188,63
15,189,378
15,192,59
15,193,6
15,194,91
15,195,206
15,199,16
16,4,151
16,5,397
16,6,101
16,7,249
16,8,301
16,10,150
16,11,189
16,12,105
16,14,312
16,17,13
16,18,207
16,19,349
16,20,50
16,23,13
16,24,312
16,25,109
16,26,186
16,27,20
16,28,197
16,30,174
16,32,51
16,33,338
16,35,296
16,36,206
16,37,391
16,38,282
16,39,392
16,40,148
16,44,220
16,45,249
16,46,157
16,47,32
16,49,116
16,50,259
16,53,339
16,57,10
16,61,277
16,62,378
16,63,130
16,67,41
16,68,229
16,70,95
16,71,278
16,72,60
16,73,204
16,74,83
16,75,126
16,76,205
16,78,173
16,81,205
16,83,376
16,84,58
16,85,155
16,86,37
16,87,199
16,89,373
16,91,254
16,92,196
16,96,347
16,101,223
16,102,324
16,105,386
16,106,314
16,108,152
16,109,192
16,110,190
16,111,244
16,112,226
16,113,68
16,114,197
16,115,399
16,117,157
16,118,134
16,120,225
16,122,36
16,125,201
16,126,181
16,127,373
16,130,131
16,131,399
16,134,151
16,135,366
16,142,22
16,143,398
16,147,171
16,153,224
16,154,278
16,155,323
16,157,352
16,158,302
16,160,20
16,161,358
16,162,129
16,163,118
16,164,293
16,166,336
16,169,112
16,171,137
16,172,269
16,174,174
16,182,108
16,183,334
16,188,65
16,189,211
16,194,198
16,196,83
16,199,117
17,1,344
17,2,240
17,3,47
17,4,331
17,6,256
17,8,103
17,9,117
17,10,261
17,11,280
17,12,75
17,13,181
17,14,238
17,16,13
17,19,388
17,21,289
17,22,114
17,27,170
17,28,392
17,29,322
17,30,161
17,32,211
17,34,313
17,35,36
17,37,344
17,40,349
17,42,300
17,43,33
17,46,183
17,48,391
17,49,377
17,52,248
17,56,112
17,58,63
17,59,344
17,60,314
17,61,231
17,64,62
17,66,159
17,67,117
17,68,111
17,69,6
17,70,12
17,72,92
17,73,339
17,74,388
17,76,204
17,79,37
17,81,95
17,82,170
17,83,94
17,84,313
17,85,64
17,87,52
17,88,361
17,89,95
17,92,205
17,94,124
17,99,254
17,100,325
17,101,306
17,102,264
17,105,221
17,107,201
17,109,135
17,112,102
17,113,388
17,114,329
17,115,315
17,118,297
17,119,349
17,120,90
17,130,230
17,131,321
17,132,347
17,134,147
17,135,293
17,136,28
17,138,256
17,141,397
17,142,47
17,145,325
17,146,147
17,149,45
17,150,146
17,151,107
17,154,149
17,155,4
17,156,367
17,157,169
17,158,183
17,160,306
17,162,230
17,163,330
17,166,315
17,170,69
17,171,353
17,172,238
17,177,308
17,180,392
17,181,82
17,188,183
17,194,58
17,195,199
17,196,235
17,197,300
17,199,142
18,1,5
18,2,195
18,3,82
18,4,28
18,5,395
18,7,111
18,11,112
18,12,65
18,13,32
18,15,112
18,16,207
18,19,345
18,20,66
18,23,359
18,25,75
18,26,380
18,29,188
18,30,71
18,34,348
18,37,89
18,38,309
18,40,270
18,41,266
18,42,90
18,44,328
18,45,236
18,46,133
18,47,135
18,48,89
18,50,128
18,51,119
18,55,145
18,56,397
18,57,399
18,58,88
18,59,138
18,60,206
18,61,360
18,62,289
18,63,208
18,65,138
18,66,38
18,69,232
18,71,232
18,74,50
18,75,381
18,76,69
18,77,344
18,79,208
18,81,99
18,82,317
18,83,312
18,87,79
18,88,27
18,89,86
18,90,183
18,91,151
18,92,121
18,93,244
18,95,335
18,96,75
18,98,241
18,102,187
18,104,46
18,106,255
18,109,223
18,115,255
18,119,284
18,120,310
18,121,191
18,123,231
18,126,235
18,127,372
18,129,356
18,130,257
18,131,159
18,137,134
18,140,323
18,141,224
18,146,132
18,147,203
18,152,196
18,154,148
18,157,123
18,158,111
18,159,110
18,161,299
18,162,384
18,165,218
18,166,251
18,170,120
18,172,104
18,180,364
18,188,4
18,198,247
18,199,321
19,2,15
19,3,92
19,6,275
19,10,59
19,11,103
19,12,89
19,13,79
19,14,362
19,15,265
19,16,349
19,17,388
19,18,345
19,20,190
19,22,73
19,25,227
19,26,59
19,27,127
19,28,158
19,29,78
19,31,227
19,34,191
19,35,287
19,36,259
19,37,391
19,39,247
19,40,181
19,41,53
19,44,317
19,45,240
19,46,317
19,48,20
19,49,62
19,50,224
19,54,269
19,58,362
19,59,53
19,60,171
19,61,37
19,62,359
19,64,110
19,65,5
19,67,251
19,68,66
19,69,244
19,72,257
19,73,343
19,74,387
19,75,220
19,76,85
19,77,363
19,79,359
19,80,62
19,81,158
19,82,41
19,84,329
19,85,231
19,88,283
19,89,70
19,91,106
19,92,12
19,94,330
19,97,127
19,98,342
19,100,269
19,101,347
19,102,261
19,106,259
19,109,98
19,110,19
19,111,330
19,112,222
19,114,266
19,116,140
19,119,258
19,121,147
19,124,61
19,125,234
19,126,170
19,128,3
19,131,378
19,133,335
19,134,75
19,136,105
19,137,359
19,141,273
19,142,381
19,144,171
19,146,108
19,149,24
19,150,65
19,151,32
19,155,320
19,157,21
19,158,395
19,159,147
19,164,21
19,167,188
19,170,380
19,172,324
19,173,148
19,176,374
19,177,265
19,181,76
19,182,107
19,183,171
19,187,318
19,188,365
19,192,249
19,193,397
19,196,154
19,200,241
20,1,208
20,2,220
20,5,328
20,7,132
20,8,19
20,9,273
20,10,400
20,12,24
20,13,140
20,15,176
20,16,50
20,18,66
20,19,190
20,21,224
20,22,224
20,23,25
20,25,311
20,26,44
20,30,153
20,31,306
20,32,30
20,33,234
20,34,66
20,35,124
20,36,7
20,37,323
20,38,220
20,41,172
20,42,73
20,47,342
20,48,274
20,49,390
20,50,278
20,52,137
20,53,18
20,55,394
20,57,359
20,58,187
20,59,205
20,60,394
20,61,270
20,63,161
20,65,397
20,67,340
20,68,313
20,69,235
20,70,317
20,73,189
20,74,323
20,76,132
20,78,231
20,79,374
20,81,137
20,84,30
20,87,187
20,89,73
20,90,276
20,91,261
20,95,321
20,96,234
20,101,87
20,102,24
20,103,215
20,105,34
20,106,208
20,107,57
20,108,9
20,111,303
20,112,160
20,115,15
20,117,364
20,118,114
20,121,228
20,123,166
20,125,122
20,126,16
20,127,61
20,136,39
20,138,121
20,141,233
20,148,284
20,150,318
20,151,327
20,160,124
20,163,143
20,168,257
20,170,125
20,171,209
20,172,77
20,174,59
20,175,382
20,176,87
20,179,321
20,182,290
20,184,216
20,190,363
20,192,254
20,193,172
20,194,328
20,196,136
20,197,194
20,199,182
21,3,230
21,5,251
21,6,105
21,7,178
21,8,310
21,9,303
21,10,394
21,14,47
21,15,171
21,17,289
21,20,224
21,22,322
21,25,377
21,26,42
21,28,175
21,29,266
21,31,173
21,33,215
21,34,72
21,35,240
21,36,103
21,37,147
21,38,296
21,39,269
21,40,83
21,43,124
21,44,290
21,45,346
21,47,38
21,48,263
21,50,303
21,51,256
21,52,48
21,53,362
21,54,59
21,56,323
21,59,84
21,60,21
21,61,59
21,63,259
21,64,154
21,65,311
21,66,353
21,67,381
21,68,49
21,69,232
21,71,39
21,73,12
21,74,382
21,75,176
21,76,278
21,77,147
21,78,23
21,80,21
21,81,249
21,82,65
21,83,328
21,84,156
21,86,176
21,87,264
21,88,302
21,91,120
21,92,85
21,93,210
21,94,195
21,97,125
21,104,179
21,107,116
21,108,165
21,109,271
21,113,22
21,116,348
21,117,139
21,118,249
21,121,23
21,123,122
21,126,135
21,133,331
21,136,285
21,138,177
21,146,64
21,149,109
21,151,90
21,153,271
21,154,358
21,156,189
21,157,158
21,160,205
21,164,384
21,165,107
21,167,194
21,168,334
21,169,31
21,173,21
21,174,338
21,178,208
21,179,37
21,181,110
21,182,10
21,183,231
21,186,42
21,187,163
21,188,106
21,191,265
21,192,293
21,194,363
21,199,112
21,200,211
22,1,382
22,4,282
22,5,325
22,6,197
22,7,247
22,9,376
22,10,139
22,11,7
22,13,360
22,15,158
22,17,114
22,19,73
22,20,224
22,21,322
22,23,369
22,24,349
22,25,332
22,26,170
22,27,280
22,31,211
22,32,214
22,35,11
22,36,228
22,37,334
22,38,43
22,39,314
22,40,197
22,41,295
22,42,326
22,43,40
22,44,282
22,46,58
22,49,187
22,50,158
22,52,18
22,53,394
22,54,79
22,55,55
22,56,378
22,57,10
22,60,209
22,61,381
22,62,239
22,65,67
22,67,57
22,68,72
22,70,75
22,73,141
22,75,74
22,76,148
22,77,36
22,78,370
22,79,75
22,81,55
22,82,12
22,85,316
22,87,384
22,88,149
22,89,164
22,90,313
22,92,264
22,94,228
22,95,30
22,96,332
22,98,282
22,100,35
22,102,363
22,106,24
22,107,184
22,108,53
22,109,331
22,110,325
22,111,118
22,116,4
22,117,389
22,119,184
22,120,228
22,121,256
22,122,10
22,123,18
22,126,258
22,127,392
22,130,18
22,131,310
22,132,98
22,133,212
22,134,301
22,137,246
22,139,271
22,140,67
22,142,226
22,143,200
22,144,86
22,146,93
22,150,211
22,152,46
22,155,150
22,156,72
22,157,258
22,158,20
22,164,101
22,165,75
22,168,221
22,170,391
22,171,117
22,172,115
22,174,150
22,177,376
22,185,372
22,190,279
22,193,192
22,196,37
22,199,249
22,200,195
23,1,111
23,3,19
23,4,251
23,5,204
23,6,84
23,8,254
23,10,15
23,11,130
23,12,17
23,13,335
23,15,386
23,16,13
23,18,359
23,20,25
23,22,369
23,25,46
23,26,263
23,30,379
23,35,349
23,36,27
23,38,126
23,39,360
23,40,91
23,41,350
23,42,126
23,45,338
23,48,109
23,49,379
23,52,294
23,53,371
23,54,154
23,55,66
23,56,249
23,57,31
23,58,253
23,60,43
23,63,197
23,64,60
23,65,361
23,67,124
23,71,206
23,72,394
23,73,392
23,75,334
23,76,247
23,77,4
23,79,365
23,80,387
23,81,121
23,82,52
23,83,250
23,84,276
23,88,343
23,89,210
23,90,87
23,91,81
23,92,302
23,93,162
23,94,126
23,95,259
23,96,13
23,97,53
23,100,11
23,102,243
23,105,259
23,106,42
23,108,100
23,109,99
23,110,110
23,112,246
23,113,189
23,116,182
23,119,32
23,122,141
23,126,61
23,127,82
23,129,353
23,130,214
23,131,212
23,132,135
23,133,247
23,134,151
23,136,319
23,139,382
23,140,226
23,143,15
23,145,306
23,146,350
23,150,197
23,151,396
23,152,106
23,153,245
23,156,40
23,159,146
23,163,246
23,164,91
23,166,40
23,167,124
23,168,347
23,170,332
23,172,370
23,175,282
23,176,223
23,183,299
23,184,280
23,185,240
23,186,279
23,190,216
23,194,55
23,198,293
24,1,349
24,4,229
24,5,309
24,6,351
24,8,269
24,9,251
24,10,353
24,13,323
24,16,312
24,22,349
24,27,270
24,28,266
24,30,88
24,31,163
24,32,32
24,35,251
24,40,122
24,41,167
24,42,301
24,43,360
24,44,297
24,46,277
24,47,192
24,49,295
24,51,79
24,52,112
24,54,14
24,55,112
24,56,297
24,58,86
24,59,216
24,60,327
24,62,276
24,63,114
24,66,267
24,69,123
24,70,110
24,71,242
24,73,317
24,76,399
24,77,332
24,81,205
24,84,92
24,85,178
24,86,40
24,88,290
24,89,109
24,90,34
24,95,72
24,96,236
24,97,271
24,99,132
24,101,326
24,105,366
24,106,88
24,108,28
24,110,327
24,111,209
24,112,311
24,117,387
24,123,394
24,126,35
24,127,347
24,128,199
24,131,260
24,133,152
24,134,259
24,135,390
24,142,140
24,143,387
24,144,143
24,148,298
24,150,261
24,153,99
24,155,390
24,159,57
24,162,109
24,165,162
24,167,186
24,172,262
24,175,91
24,179,15
24,183,275
24,184,210
24,185,327
24,187,337
24,195,211
24,199,177
24,200,28
25,1,304
25,2,301
25,4,28
25,6,102
25,7,143
25,10,317
25,15,54
25,16,109
25,18,75
25,19,227
25,20,311
25,21,377
25,22,332
25,23,46
25,26,259
25,28,327
25,29,390
25,30,344
25,31,70
25,32,367
25,34,66
25,36,145
25,40,110
25,41,318
25,43,55
25,46,320
25,48,95
25,49,319
25,50,20
25,52,327
25,54,10
25,55,371
25,56,280
25,57,221
25,60,383
25,62,153
25,64,227
25,65,160
25,66,243
25,67,317
25,68,356
25,69,276
25,72,12
25,74,321
25,75,191
25,76,316
25,79,51
25,80,366
25,81,310
25,83,43
25,84,350
25,89,51
25,91,171
25,92,364
25,93,58
25,94,306
25,95,231
25,97,3
25,98,109
25,99,323
25,100,145
25,101,2
25,103,145
25,114,33
25,115,65
25,117,353
25,119,25
25,120,183
25,121,134
25,122,383
25,124,95
25,125,42
25,126,87
25,128,311
25,132,249
25,133,299
25,136,27
25,139,86
25,140,38
25,143,366
25,150,213
25,152,91
25,154,160
25,156,285
25,157,127
25,158,134
25,160,6
25,161,26
25,164,342
25,167,95
25,168,244
25,173,332
25,178,260
25,179,102
25,182,11
25,186,394
25,188,86
25,189,38
25,190,362
25,191,215
25,195,382
25,197,324
25,198,43
26,3,391
26,5,361
26,6,21
26,7,310
26,8,124
26,10,397
26,11,363
26,12,125
26,13,111
26,14,13
26,16,186
26,18,380
26,19,59
26,20,44
26,21,42
26,22,170
26,23,263
26,25,259
26,27,324
26,28,171
26,30,79
26,32,52
26,33,84
26,34,353
26,36,217
26,37,235
26,38,187
26,40,386
26,42,304
26,44,380
26,46,324
26,47,139
26,50,26
26,51,283
26,52,381
26,53,216
26,54,159
26,55,335
26,57,287
26,59,292
26,61,271
26,62,348
26,63,360
26,64,225
26,65,123
26,67,37
26,69,249
26,70,317
26,71,269
26,73,59
26,74,58
26,77,4
26,78,17
26,79,74
26,80,306
26,82,79
26,83,286
26,85,381
26,86,353
26,87,317
26,88,151
26,90,350
26,91,371
26,93,299
26,94,37
26,96,294
26,99,215
26,100,165
26,101,94
26,103,123
26,106,389
26,109,228
26,110,377
26,111,385
26,112,126
26,114,245
26,115,377
26,119,218
26,120,55
26,122,287
26,123,349
26,127,208
26,128,274
26,130,361
26,135,200
26,136,261
26,138,124
26,140,33
26,141,221
26,142,2
26,144,372
26,145,44
26,147,36
26,149,305
26,150,179
26,152,210
26,154,260
26,156,357
26,158,147
26,160,15
26,163,146
26,166,300
26,167,237
26,169,364
26,170,60
26,174,278
26,175,334
26,176,64
26,177,156
26,179,357
26,182,27
26,186,276
26,187,338
26,189,241
26,190,180
26,192,5
26,193,151
26,194,95
26,195,11
26,199,313
27,1,372
27,2,179
27,3,322
27,4,104
27,5,84
27,6,61
27,7,177
27,8,264
27,11,124
27,13,89
27,14,341
27,16,20
27,17,170
27,19,127
27,22,280
27,24,270
27,26,324
27,29,164
27,30,391
27,31,109
27,32,9
27,33,251
27,34,46
27,35,141
27,38,246
27,39,170
27,41,359
27,44,61
27,45,284
27,49,316
27,50,109
27,51,52
27,52,40
27,53,110
27,55,195
27,56,298
27,57,399
27,58,67
27,59,393
27,60,276
27,63,371
27,64,282
27,66,160
27,69,38
27,70,335
27,72,334
27,73,242
27,74,358
27,75,357
27,77,324
27,78,380
27,80,371
27,82,19
27,86,318
27,87,215
27,88,368
27,89,66
27,92,273
27,93,42
27,97,37
27,98,143
27,99,219
27,100,246
27,101,372
27,102,354
27,103,244
27,104,379
27,105,256
27,106,379
27,107,46
27,108,125
27,109,380
27,110,61
27,114,93
27,115,192
27,116,179
27,117,218
27,118,351
27,119,142
27,120,103
27,122,371
27,123,341
27,125,396
27,127,294
27,129,123
27,130,108
27,133,115
27,136,278
27,139,350
27,141,26
27,142,319
27,143,334
27,145,206
27,146,259
27,148,259
27,153,151
27,154,48
27,155,65
27,158,379
27,159,150
27,161,126
27,165,101
27,167,322
27,168,380
27,169,188
27,170,43
27,171,298
27,172,394
27,173,21
27,177,50
27,178,251
27,180,361
27,181,267
27,182,386
27,187,64
27,188,131
27,189,142
27,193,126
27,195,186
27,196,140
27,197,193
28,1,102
28,2,114
28,3,70
28,4,345
28,5,366
28,9,95
28,10,363
28,11,87
28,12,262
28,13,380
28,14,162
28,16,197
28,17,392
28,19,158
28,21,175
28,24,266
28,25,327
28,26,171
28,29,309
28,31,198
28,32,56
28,33,160
28,34,112
28,36,244
28,38,159
28,39,60
28,40,87
28,46,349
28,51,318
28,52,283
28,53,214
28,54,291
28,55,135
28,56,173
28,57,104
28,58,190
28,60,213
28,61,311
28,63,343
28,64,270
28,65,214
28,66,339
28,67,157
28,68,54
28,71,335
28,72,240
28,73,40
28,74,343
28,75,199
28,76,91
28,77,92
28,79,360
28,80,320
28,83,229
28,84,291
28,86,303
28,88,314
28,89,167
28,90,138
28,92,76
28,96,111
28,97,218
28,98,388
28,99,130
28,100,369
28,102,294
28,103,130
28,104,166
28,106,131
28,108,341
28,109,264
28,116,400
28,117,97
28,119,28
28,121,131
28,125,320
28,127,377
28,128,32
28,129,386
28,132,381
28,133,166
28,135,41
28,137,355
28,138,379
28,141,264
28,143,102
28,144,344
28,145,228
28,147,389
28,148,267
28,149,6
28,153,269
28,157,199
28,159,194
28,162,173
28,163,232
28,165,198
28,168,380
28,170,319
28,173,38
28,177,14
28,179,64
28,180,49
28,181,214
28,188,232
28,193,61
28,196,55
29,1,379
29,2,125
29,4,145
29,5,335
29,6,317
29,7,377
29,10,149
29,11,307
29,12,18
29,13,378
29,17,322
29,18,188
29,19,78
29,21,266
29,25,390
29,27,164
29,28,309
29,30,316
29,33,274
29,34,32
29,35,218
29,36,220
29,38,61
29,39,32
29,41,202
29,42,246
29,44,380
29,47,114
29,48,252
29,49,75
29,50,246
29,52,37
29,53,200
29,54,143
29,55,360
29,56,159
29,57,179
29,58,150
29,59,72
29,62,374
29,63,51
29,64,11
29,67,304
29,68,213
29,69,254
29,70,32
29,71,166
29,72,119
29,75,65
29,76,101
29,77,341
29,79,84
29,83,166
29,84,165
29,85,97
29,90,347
29,93,355
29,95,139
29,97,337
29,98,197
29,100,6
29,101,83
29,102,13
29,104,166
29,105,269
29,106,307
29,107,88
29,108,124
29,109,393
29,111,377
29,112,152
29,113,311
29,114,379
29,115,67
29,116,166
29,118,286
29,125,102
29,129,54
29,131,251
29,133,147
29,137,242
29,140,172
29,141,373
29,142,120
29,143,255
29,144,311
29,145,367
29,148,330
29,149,68
29,156,119
29,158,328
29,161,208
29,163,11
29,166,253
29,167,348
29,170,282
29,171,80
29,172,5
29,177,33
29,181,305
29,183,116
29,187,271
29,189,16
29,191,3
29,194,5
29,196,101
29,199,358
30,2,24
30,3,65
30,4,270
30,6,156
30,7,131
30,9,366
30,10,225
30,12,291
30,13,288
30,14,260
30,15,315
30,16,174
30,17,161
30,18,71
30,20,153
30,23,379
30,24,88
30,25,344
30,26,79
30,27,391
30,29,316
30,34,345
30,35,68
30,36,114
30,37,313
30,38,41
30,41,190
30,42,283
30,44,147
30,45,296
30,46,203
30,48,295
30,49,246
30,52,70
30,53,85
30,54,123
30,60,139
30,61,324
30,62,89
30,63,62
30,64,285
30,65,21
30,67,179
30,68,142
30,71,209
30,72,67
30,73,59
30,74,242
30,75,172
30,77,3
30,78,397
30,80,248
30,81,389
30,83,270
30,84,320
30,86,83
30,87,282
30,89,378
30,90,320
30,91,39
30,92,332
30,94,153
30,95,237
30,96,351
30,97,369
30,98,312
30,99,99
30,100,380
30,101,22
30,102,217
30,105,216
30,106,315
30,110,73
30,111,78
30,114,41
30,115,329
30,116,304
30,117,200
30,118,70
30,120,194
30,125,166
30,126,27
30,129,286
30,132,42
30,134,26
30,136,124
30,137,205
30,138,117
30,141,374
30,144,97
30,147,350
30,148,204
30,150,185
30,151,141
30,157,155
30,161,239
30,163,293
30,164,350
30,169,301
30,175,206
30,177,357
30,180,304
30,181,154
30,182,128
30,184,136
30,188,292
30,190,271
30,191,276
30,193,288
30,198,230
30,200,122
31,1,56
31,3,9
31,5,294
31,6,201
31,8,59
31,9,52
31,10,313
31,11,165
31,12,128
31,15,321
31,19,227
31,20,306
31,21,173
31,22,211
31,24,163
31,25,70
31,27,109
31,28,198
31,34,202
31,35,172
31,36,241
31,39,235
31,41,247
31,43,331
31,47,35
31,49,53
31,50,324
31,51,125
31,56,352
31,58,92
31,59,231
31,60,72
31,61,20
31,63,386
31,64,103
31,66,127
31,67,226
31,70,85
31,72,399
31,73,356
31,74,334
31,76,130
31,77,247
31,78,226
31,81,275
31,82,357
31,84,293
31,85,192
31,86,213
31,87,167
31,88,345
31,90,1
31,91,249
31,93,201
31,94,52
31,95,72
31,96,3
31,98,209
31,99,290
31,100,144
31,102,15
31,107,306
31,108,77
31,109,314
31,111,262
31,115,139
31,118,191
31,120,307
31,124,225
31,126,8
31,128,385
31,131,379
31,137,48
31,139,183
31,141,11
31,146,61
31,147,351
31,148,365
31,149,265
31,153,46
31,156,184
31,158,320
31,159,170
31,160,364
31,161,41
31,162,124
31,165,148
31,172,199
31,173,278
31,174,365
31,175,132
31,181,237
31,182,185
31,184,397
31,185,372
31,186,9
31,190,22
31,191,87
31,192,184
31,200,207
32,1,177
32,2,183
32,4,30
32,6,288
32,7,192
32,8,373
32,10,36
32,11,272
32,12,323
32,15,328
32,16,51
32,17,211
32,20,30
32,22,214
32,24,32
32,25,367
32,26,52
32,27,9
32,28,56
32,33,200
32,34,164
32,36,273
32,41,255
32,43,49
32,44,26
32,45,120
32,46,166
32,47,163
32,48,158
32,52,349
32,53,145
32,54,275
32,55,152
32,58,25
32,60,132
32,61,355
32,62,8
32,63,103
32,64,348
32,67,50
32,68,196
32,70,26
32,71,311
32,72,156
32,74,360
32,75,228
32,76,256
32,78,360
32,81,379
32,82,34
32,83,131
32,84,27
32,85,101
32,86,315
32,87,19
32,90,353
32,91,224
32,92,229
32,93,298
32,94,291
32,99,202
32,100,332
32,101,71
32,103,288
32,104,185
32,108,101
32,109,28
32,111,242
32,112,193
32,113,337
32,114,331
32,118,366
32,119,4
32,120,6
32,121,342
32,124,267
32,125,120
32,126,204
32,127,15
32,128,140
32,129,359
32,130,196
32,133,26
32,134,124
32,141,242
32,143,157
32,145,358
32,146,117
32,149,144
32,150,325
32,152,122
32,153,131
32,155,52
32,156,281
32,157,373
32,158,122
32,160,107
32,162,58
32,164,313
32,166,163
32,171,185
32,175,85
32,176,180
32,177,130
32,181,194
32,182,321
32,183,238
32,185,9
32,187,243
32,189,154
32,191,180
32,196,134
33,1,382
33,3,230
33,4,87
33,7,117
33,10,132
33,11,161
33,12,341
33,15,210
33,16,338
33,20,234
33,21,215
33,26,84
33,27,251
33,28,160
33,29,274
33,32,200
33,34,74
33,35,97
33,37,398
33,39,280
33,40,234
33,41,29
33,42,46
33,44,186
33,47,49
33,49,171
33,52,205
33,54,281
33,55,280
33,56,224
33,57,384
33,60,130
33,61,27
33,62,12
33,63,96
33,64,36
33,65,317
33,66,179
33,67,315
33,69,223
33,71,387
33,72,60
33,74,201
33,76,354
33,77,217
33,78,25
33,79,114
33,83,121
33,85,139
33,88,47
33,90,332
33,91,223
33,92,201
33,93,325
33,94,394
33,96,167
33,97,357
33,99,209
33,100,304
33,101,206
33,103,188
33,105,9
33,106,97
33,107,102
33,112,166
33,115,231
33,117,163
33,118,201
33,119,65
33,120,271
33,121,331
33,123,312
33,125,182
33,128,123
33,131,76
33,132,110
33,137,335
33,139,176
33,141,171
33,145,340
33,148,277
33,150,185
33,153,217
33,154,174
33,156,85
33,158,34
33,160,342
33,162,119
33,169,330
33,170,257
33,171,246
33,172,28
33,174,83
33,176,8
33,179,357
33,181,378
33,182,364
33,183,358
33,186,131
33,187,147
33,188,339
33,192,71
33,194,125
33,196,360
33,197,289
33,199,217
34,1,312
34,2,179
34,3,127
34,5,362
34,7,378
34,9,290
34,11,382
34,17,313
34,18,348
34,19,191
34,20,66
34,21,72
34,25,66
34,26,353
34,27,46
34,28,112
34,29,32
34,30,345
34,31,202
34,32,164
34,33,74
34,36,349
34,37,50
34,38,376
34,39,142
34,40,62
34,41,7
34,42,162
34,45,9
34,47,267
34,48,263
34,50,183
34,52,125
34,53,107
34,54,296
34,55,260
34,56,285
34,58,61
34,59,338
34,60,33
34,63,110
34,64,7
34,65,317
34,66,186
34,69,180
34,70,43
34,72,67
34,74,392
34,75,97
34,76,126
34,79,186
34,80,101
34,82,170
34,85,29
34,86,71
34,88,17
34,91,263
34,92,45
34,93,160
34,94,374
34,95,307
34,97,56
34,101,68
34,104,220
34,105,360
34,106,125
34,109,63
34,110,99
34,111,317
34,112,188
34,113,107
34,115,369
34,117,209
34,119,166
34,120,28
34,121,153
34,124,124
34,125,337
34,126,233
34,128,367
34,129,7
34,130,396
34,131,387
34,132,263
34,133,78
34,136,287
34,137,169
34,139,94
34,140,353
34,147,180
34,148,327
34,151,250
34,156,131
34,161,345
34,162,341
34,168,31
34,169,204
34,171,319
34,176,393
34,177,306
34,178,354
34,182,206
34,183,104
34,191,73
34,192,278
34,193,229
34,195,329
34,198,359
34,199,173
35,1,291
35,2,156
35,3,356
35,4,40
35,5,236
35,6,283
35,7,250
35,8,280
35,9,292
35,13,307
35,14,182
35,16,296
35,17,36
35,19,287
35,20,124
35,21,240
35,22,11
35,23,349
35,24,251
35,27,141
35,29,218
35,30,68
35,31,172
35,33,97
35,36,123
35,37,19
35,38,385
35,39,115
35,40,355
35,42,313
35,43,282
35,44,310
35,45,268
35,46,36
35,47,273
35,48,224
35,49,130
35,51,153
35,53,8
35,54,295
35,59,109
35,60,27
35,62,225
35,63,72
35,64,308
35,65,189
35,68,87
35,69,286
35,70,172
35,71,187
35,72,305
35,76,392
35,77,386
35,78,189
35,79,207
35,80,233
35,81,385
35,82,206
35,83,75
35,85,104
35,87,352
35,88,218
35,89,379
35,90,207
35,92,349
35,93,156
35,95,390
35,96,338
35,97,381
35,98,150
35,99,45
35,100,92
35,101,177
35,105,325
35,106,142
35,107,177
35,108,361
35,110,155
35,113,261
35,114,386
35,115,112
35,120,144
35,122,255
35,125,54
35,130,209
35,134,370
35,135,387
35,138,274
35,139,78
35,140,269
35,141,168
35,142,149
35,143,238
35,144,317
35,146,34
35,147,347
35,159,274
35,160,225
35,165,370
35,166,143
35,170,190
35,173,96
35,174,84
35,176,286
35,182,1
35,183,235
35,185,5
35,193,23
35,197,233
35,199,6
36,2,335
36,3,4
36,6,381
36,7,233
36,9,26
36,10,147
36,11,181
36,12,373
36,16,206
36,19,259
36,20,7
36,21,103
36,22,228
36,23,27
36,25,145
36,26,217
36,28,244
36,29,220
36,30,114
36,31,241
36,32,273
36,34,349
36,35,123
36,39,171
36,40,385
36,41,296
36,42,109
36,43,202
36,44,11
36,48,295
36,49,141
36,51,399
36,55,233
36,57,254
36,60,307
36,61,140
36,62,61
36,64,222
36,65,370
36,66,311
36,67,103
36,69,74
36,70,38
36,71,345
36,72,329
36,73,130
36,74,354
36,76,103
36,77,9
36,78,24
36,79,297
36,81,75
36,82,271
36,83,107
36,84,162
36,85,362
36,86,38
36,87,234
36,88,89
36,89,273
36,90,157
36,93,357
36,95,203
36,96,141
36,97,187
36,98,221
36,100,263
36,103,322
36,104,150
36,107,151
36,108,276
36,109,8
36,110,335
36,114,39
36,116,328
36,117,120
36,118,336
36,120,342
36,121,57
36,123,318
36,124,184
36,125,237
36,126,197
36,127,199
36,129,9
36,130,10
36,131,206
36,132,304
36,134,352
36,137,56
36,141,283
36,143,13
36,144,118
36,153,77
36,155,81
36,160,70
36,161,65
36,164,367
36,165,262
36,166,368
36,167,383
36,168,67
36,170,147
36,177,336
36,181,62
36,182,138
36,185,143
36,189,83
36,191,247
36,194,125
36,196,91
36,197,259
36,199,4
36,200,193
37,1,260
37,2,106
37,3,90
37,4,322
37,7,252
37,8,37
37,9,103
37,10,100
37,12,228
37,13,396
37,14,220
37,15,52
37,16,391
37,17,344
37,18,89
37,19,391
37,20,323
37,21,147
37,22,334
37,26,235
37,30,313
37,33,398
37,34,50
37,35,19
37,38,171
37,40,61
37,41,359
37,42,258
37,43,124
37,44,175
37,45,276
37,46,167
37,47,46
37,50,246
37,51,18
37,54,184
37,55,51
37,56,315
37,59,26
37,61,271
37,63,172
37,66,44
37,67,1
37,68,260
37,70,140
37,71,85
37,74,124
37,75,363
37,77,234
37,78,148
37,79,313
37,80,278
37,81,370
37,86,122
37,87,198
37,88,7
37,89,200
37,92,64
37,94,80
37,95,229
37,96,129
37,97,396
37,99,51
37,103,151
37,106,238
37,107,324
37,110,174
37,111,299
37,113,84
37,116,62
37,119,356
37,120,271
37,123,4
37,126,14
37,127,304
37,128,350
37,130,36
37,131,351
37,133,113
37,136,379
37,138,171
37,139,180
37,140,133
37,146,204
37,150,265
37,152,180
37,154,266
37,155,52
37,158,47
37,159,31
37,161,355
37,162,31
37,165,282
37,167,241
37,169,17
37,170,63
37,171,94
37,174,389
37,175,123
37,176,65
37,178,284
37,184,219
37,190,6
37,192,260
37,195,395
38,1,19
38,3,219
38,5,56
38,7,57
38,8,294
38,9,19
38,10,291
38,12,331
38,13,297
38,16,282
38,18,309
38,20,220
38,21,296
38,22,43
38,23,126
38,26,187
38,27,246
38,28,159
38,29,61
38,30,41
38,34,376
38,35,385
38,37,171
38,39,288
38,42,236
38,44,100
38,46,223
38,47,393
38,49,186
38,51,256
38,52,80
38,53,25
38,55,347
38,56,19
38,58,191
38,59,212
38,61,229
38,63,135
38,64,146
38,65,207
38,66,129
38,68,231
38,69,250
38,71,263
38,73,111
38,74,27
38,75,204
38,76,255
38,77,311
38,78,52
38,79,209
38,80,395
38,81,228
38,82,370
38,83,301
38,84,151
38,85,185
38,86,223
38,89,48
38,90,179
38,91,5
38,93,16
38,96,356
38,97,386
