source,target,weight
1,2,77
1,3,256
1,6,182
1,7,333
1,8,298
1,10,174
1,11,101
1,12,176
1,13,340
1,15,80
1,16,207
1,17,397
1,18,228
1,20,146
1,22,25
1,23,379
1,25,79
1,30,47
1,34,11
1,36,326
1,37,74
1,38,165
1,40,104
1,41,137
1,44,121
1,46,104
1,47,191
1,48,322
1,50,250
1,51,391
1,52,28
1,54,315
1,57,56
1,58,95
1,59,82
1,61,329
1,62,77
1,63,196
1,64,63
1,65,272
1,66,333
1,67,356
1,68,360
1,69,391
1,70,42
1,71,216
1,72,259
1,74,40
1,75,323
1,79,337
1,82,116
1,83,329
1,84,46
1,85,358
1,89,175
1,90,308
1,92,262
1,95,197
1,96,141
1,97,210
1,98,63
1,102,320
1,103,118
1,105,220
1,106,309
1,107,262
1,108,109
1,111,273
1,112,398
1,113,75
1,114,73
1,115,330
1,117,166
1,118,27
1,122,388
1,124,278
1,126,71
1,130,327
1,131,159
1,133,85
1,135,276
1,139,255
1,140,117
1,141,310
1,144,128
1,145,70
1,148,190
1,149,391
1,150,235
1,151,74
1,156,334
1,159,306
1,161,157
1,165,147
1,166,342
1,168,348
1,173,389
1,175,129
1,183,248
1,184,213
1,186,25
1,187,32
1,188,343
1,190,380
1,192,5
1,194,185
1,197,69
1,199,40
1,200,234
2,1,77
2,3,309
2,5,105
2,7,223
2,8,107
2,10,340
2,12,238
2,13,318
2,14,307
2,15,173
2,16,119
2,17,197
2,18,71
2,19,71
2,21,349
2,25,216
2,26,181
2,27,340
2,28,265
2,29,367
2,30,320
2,31,16
2,33,252
2,34,282
2,35,248
2,36,261
2,37,277
2,38,352
2,40,324
2,42,315
2,43,391
2,44,207
2,45,198
2,46,241
2,47,130
2,48,5
2,50,284
2,51,144
2,52,350
2,53,306
2,55,253
2,56,47
2,63,19
2,65,69
2,66,232
2,67,68
2,68,368
2,72,27
2,73,19
2,75,199
2,77,298
2,79,347
2,80,212
2,81,260
2,82,374
2,83,125
2,84,296
2,85,303
2,87,179
2,90,136
2,92,259
2,97,77
2,98,271
2,99,397
2,100,303
2,101,341
2,103,70
2,104,31
2,105,363
2,107,106
2,108,72
2,110,217
2,111,124
2,112,24
2,113,144
2,114,148
2,116,99
2,117,282
2,119,126
2,120,6
2,122,255
2,123,156
2,126,90
2,127,374
2,129,341
2,131,73
2,132,295
2,139,169
2,143,344
2,146,180
2,150,70
2,154,321
2,155,75
2,157,225
2,158,165
2,159,123
2,163,223
2,164,256
2,170,219
2,172,382
2,174,300
2,177,220
2,178,90
2,182,60
2,184,155
2,185,242
2,190,264
2,197,185
2,200,121
3,1,256
3,2,309
3,4,221
3,5,108
3,6,337
3,9,91
3,10,91
3,13,263
3,14,121
3,16,95
3,18,237
3,19,358
3,20,58
3,21,83
3,22,309
3,23,364
3,25,316
3,27,18
3,29,125
3,30,104
3,33,32
3,34,152
3,35,192
3,36,106
3,38,32
3,39,101
3,40,153
3,41,267
3,42,356
3,44,102
3,45,95
3,46,136
3,47,176
3,48,380
3,52,76
3,53,141
3,56,46
3,57,268
3,58,79
3,59,9
3,60,198
3,62,399
3,63,265
3,64,260
3,66,77
3,67,139
3,68,120
3,69,23
3,72,92
3,73,296
3,74,63
3,75,220
3,77,66
3,78,70
3,80,138
3,83,330
3,86,316
3,87,172
3,88,298
3,89,72
3,90,106
3,92,159
3,94,302
3,95,176
3,97,269
3,98,75
3,99,122
3,101,183
3,103,39
3,104,74
3,105,160
3,108,323
3,109,221
3,115,134
3,116,17
3,117,301
3,119,300
3,120,52
3,121,47
3,122,334
3,124,82
3,127,180
3,129,144
3,130,120
3,134,50
3,136,8
3,137,227
3,138,237
3,139,61
3,141,122
3,142,266
3,144,51
3,148,292
3,151,117
3,154,233
3,155,225
3,156,61
3,158,332
3,165,1
3,167,346
3,170,228
3,171,343
3,175,275
3,177,346
3,179,104
3,181,94
3,185,203
3,186,83
3,189,304
3,191,10
3,192,42
3,196,97
3,197,108
3,198,15
4,3,221
4,5,273
4,7,312
4,8,172
4,9,316
4,10,275
4,11,157
4,12,114
4,13,393
4,14,310
4,15,133
4,16,92
4,20,395
4,21,369
4,22,375
4,23,245
4,25,364
4,26,206
4,28,94
4,30,151
4,31,189
4,32,328
4,35,139
4,36,391
4,37,139
4,38,20
4,40,2
4,41,32
4,43,206
4,44,256
4,45,253
4,46,163
4,47,229
4,49,37
4,50,151
4,51,131
4,52,382
4,53,279
4,54,279
4,58,132
4,59,361
4,60,366
4,61,378
4,66,256
4,67,110
4,68,171
4,71,298
4,72,91
4,73,37
4,74,282
4,75,35
4,76,398
4,81,225
4,82,91
4,83,134
4,86,264
4,89,281
4,91,124
4,92,289
4,97,167
4,99,295
4,101,235
4,102,287
4,103,326
4,104,15
4,105,180
4,107,295
4,108,328
4,110,300
4,113,363
4,116,66
4,118,324
4,120,18
4,125,375
4,127,377
4,128,210
4,129,82
4,130,240
4,132,143
4,133,263
4,134,367
4,135,391
4,136,75
4,141,4
4,144,275
4,146,51
4,147,95
4,148,92
4,150,3
4,151,90
4,152,43
4,153,45
4,154,91
4,155,135
4,156,253
4,166,240
4,168,97
4,169,288
4,170,299
4,171,216
4,172,13
4,173,252
4,177,52
4,179,57
4,180,64
4,182,366
4,185,327
4,190,91
4,195,179
4,199,343
5,2,105
5,3,108
5,4,273
5,6,328
5,7,81
5,8,248
5,11,30
5,12,137
5,13,183
5,14,22
5,15,255
5,16,19
5,17,312
5,19,278
5,20,349
5,23,71
5,26,95
5,29,14
5,30,115
5,31,96
5,34,365
5,36,138
5,38,163
5,40,338
5,41,221
5,42,144
5,43,355
5,45,325
5,49,390
5,50,64
5,51,289
5,52,189
5,53,99
5,54,63
5,55,131
5,56,140
5,57,378
5,60,186
5,62,167
5,63,36
5,64,375
5,65,168
5,66,40
5,67,218
5,70,182
5,73,292
5,74,330
5,76,109
5,77,215
5,80,84
5,82,216
5,84,59
5,85,89
5,87,313
5,88,399
5,90,43
5,91,339
5,94,307
5,97,292
5,100,73
5,101,87
5,102,282
5,103,67
5,104,341
5,105,157
5,111,339
5,112,7
5,113,357
5,114,120
5,115,226
5,117,104
5,120,10
5,122,21
5,124,121
5,125,122
5,127,53
5,128,84
5,129,280
5,130,120
5,131,148
5,132,282
5,133,362
5,134,190
5,139,111
5,142,179
5,143,252
5,144,376
5,145,263
5,149,60
5,150,195
5,152,344
5,153,362
5,156,279
5,158,316
5,160,290
5,161,49
5,167,288
5,170,400
5,171,275
5,172,57
5,173,192
5,181,284
5,182,171
5,184,228
5,186,44
5,190,382
5,192,279
5,193,358
5,195,241
5,196,173
5,198,316
6,1,182
6,3,337
6,5,328
6,7,50
6,9,376
6,10,99
6,11,14
6,12,294
6,13,29
6,14,101
6,15,36
6,17,279
6,18,368
6,21,259
6,23,353
6,25,218
6,26,249
6,28,105
6,30,315
6,31,366
6,33,243
6,34,76
6,35,151
6,36,43
6,39,11
6,40,120
6,41,50
6,42,252
6,44,200
6,49,276
6,50,248
6,52,202
6,53,141
6,54,259
6,55,395
6,56,228
6,57,272
6,58,159
6,60,191
6,61,299
6,63,152
6,64,113
6,65,95
6,66,82
6,67,204
6,70,46
6,71,378
6,72,197
6,73,325
6,74,79
6,75,113
6,76,221
6,77,265
6,79,291
6,80,107
6,81,290
6,82,110
6,84,293
6,86,347
6,88,90
6,89,157
6,90,167
6,96,321
6,99,148
6,103,128
6,106,232
6,107,1
6,108,194
6,109,236
6,112,348
6,115,252
6,119,295
6,121,130
6,126,209
6,128,374
6,129,163
6,130,280
6,131,82
6,132,207
6,133,188
6,142,294
6,146,2
6,150,330
6,153,198
6,154,37
6,156,342
6,159,143
6,161,367
6,163,296
6,164,366
6,167,118
6,168,281
6,174,168
6,180,344
6,189,370
6,198,312
6,200,143
7,1,333
7,2,223
7,4,312
7,5,81
7,6,50
7,11,7
7,12,386
7,14,388
7,15,199
7,17,39
7,18,53
7,19,29
7,20,247
7,21,252
7,22,104
7,26,348
7,27,391
7,28,147
7,29,382
7,30,198
7,32,137
7,35,130
7,36,60
7,37,108
7,38,173
7,39,190
7,41,156
7,46,82
7,47,73
7,48,263
7,49,1
7,50,44
7,53,299
7,54,219
7,56,81
7,57,251
7,58,301
7,59,267
7,61,231
7,63,115
7,66,51
7,68,223
7,70,109
7,71,336
7,72,393
7,75,22
7,76,155
7,77,108
7,79,4
7,80,197
7,82,178
7,84,324
7,86,137
7,87,339
7,90,193
7,91,309
7,92,192
7,93,194
7,94,52
7,97,178
7,98,248
7,99,385
7,100,217
7,101,180
7,104,262
7,105,189
7,106,120
7,108,90
7,110,209
7,111,310
7,112,110
7,113,30
7,118,232
7,119,51
7,123,347
7,128,186
7,130,123
7,131,361
7,132,11
7,138,344
7,140,297
7,141,32
7,143,28
7,147,37
7,148,94
7,151,293
7,152,134
7,155,157
7,157,285
7,160,121
7,162,374
7,164,376
7,166,224
7,168,98
7,174,36
7,175,217
7,177,295
7,184,288
7,185,286
7,186,248
7,188,226
7,190,87
7,195,4
7,198,328
8,1,298
8,2,107
8,4,172
8,5,248
8,9,58
8,11,331
8,13,279
8,16,192
8,17,112
8,18,204
8,19,178
8,21,6
8,23,31
8,24,211
8,26,228
8,27,217
8,28,17
8,29,379
8,33,4
8,36,228
8,37,336
8,39,335
8,40,63
8,41,277
8,42,57
8,44,14
8,46,239
8,47,275
8,51,315
8,52,374
8,55,249
8,56,282
8,57,51
8,58,299
8,59,135
8,60,36
8,61,225
8,63,365
8,64,162
8,66,105
8,67,212
8,70,324
8,71,395
8,72,400
8,73,317
8,74,187
8,75,250
8,77,286
8,78,399
8,79,8
8,80,182
8,81,40
8,82,313
8,83,12
8,84,376
8,86,272
8,87,183
8,88,163
8,89,224
8,91,262
8,94,167
8,95,131
8,96,325
8,97,159
8,98,285
8,99,304
8,101,266
8,102,373
8,104,212
8,106,211
8,107,242
8,109,269
8,110,141
8,111,131
8,112,222
8,114,76
8,115,38
8,116,249
8,118,366
8,124,287
8,125,234
8,126,332
8,127,261
8,129,298
8,132,337
8,135,271
8,136,152
8,138,86
8,139,198
8,140,225
8,141,350
8,143,262
8,145,305
8,146,234
8,150,158
8,151,167
8,153,162
8,155,92
8,156,304
8,164,283
8,166,159
8,168,227
8,171,221
8,179,190
8,180,249
8,189,45
8,191,278
8,199,111
9,3,91
9,4,316
9,6,376
9,8,58
9,11,216
9,14,255
9,16,165
9,17,372
9,19,42
9,21,159
9,22,355
9,24,22
9,30,185
9,31,320
9,32,61
9,33,351
9,34,277
9,35,174
9,36,194
9,37,174
9,42,188
9,43,211
9,44,227
9,45,362
9,48,90
9,49,220
9,52,374
9,53,230
9,58,118
9,59,332
9,61,284
9,62,70
9,63,35
9,64,313
9,65,143
9,67,115
9,68,100
9,69,388
9,70,79
9,71,400
9,72,286
9,73,366
9,74,127
9,75,24
9,76,275
9,78,266
9,79,202
9,80,22
9,81,302
9,83,116
9,85,216
9,86,268
9,87,171
9,88,358
9,90,389
9,94,287
9,95,135
9,96,116
9,100,384
9,103,146
9,104,35
9,105,258
9,106,232
9,108,182
9,110,258
9,117,82
9,118,141
9,119,355
9,121,230
9,124,191
9,126,390
9,127,302
9,128,268
9,131,124
9,134,237
9,135,393
9,144,364
9,147,117
9,154,284
9,158,375
9,159,330
9,161,180
9,164,387
9,165,228
9,166,359
9,168,380
9,172,339
9,173,400
9,174,25
9,179,138
9,181,226
9,182,298
9,184,222
9,186,157
9,188,218
9,189,124
9,191,127
9,194,267
9,195,50
9,197,105
9,199,291
9,200,366
10,1,174
10,2,340
10,3,91
10,4,275
10,6,99
10,12,148
10,14,390
10,16,353
10,17,31
10,18,62
10,20,136
10,21,135
10,23,268
10,24,73
10,25,398
10,27,70
10,30,71
10,31,274
10,34,156
10,36,330
10,37,136
10,38,321
10,39,57
10,40,72
10,41,63
10,42,1
10,44,71
10,45,158
10,46,223
10,47,301
10,48,153
10,49,391
10,51,39
10,52,107
10,53,180
10,54,107
10,55,4
10,56,385
10,57,355
10,58,177
10,61,368
10,62,105
10,63,206
10,66,344
10,68,188
10,72,31
10,73,128
10,74,262
10,75,397
10,76,396
10,78,172
10,80,63
10,81,203
10,83,353
10,84,335
10,88,383
10,90,286
10,94,25
10,96,3
10,97,124
10,98,81
10,99,225
10,101,325
10,104,129
10,106,164
10,107,39
10,108,33
10,109,153
10,110,167
10,112,349
10,113,181
10,114,318
10,115,88
10,116,249
10,117,400
10,118,377
10,120,98
10,121,86
10,125,25
10,134,373
10,136,285
10,138,2
10,142,93
10,143,256
10,144,197
10,145,240
10,149,332
10,150,377
10,151,132
10,152,296
10,153,119
10,158,246
10,163,13
10,169,230
10,172,184
10,173,107
10,178,146
10,181,237
10,182,118
10,184,339
10,186,351
10,187,358
10,188,101
10,192,57
10,193,255
10,194,127
10,196,48
10,199,196
10,200,180
11,1,101
11,4,157
11,5,30
11,6,14
11,7,7
11,8,331
11,9,216
11,13,284
11,15,233
11,16,110
11,17,114
11,18,6
11,19,226
11,20,84
11,21,90
11,24,112
11,25,354
11,26,12
11,27,345
11,28,102
11,29,288
11,30,99
11,31,9
11,32,341
11,35,78
11,36,167
11,37,390
11,39,318
11,40,268
11,41,22
11,42,287
11,47,315
11,48,133
11,49,156
11,52,139
11,53,163
11,55,272
11,59,237
11,60,12
11,61,255
11,62,334
11,63,127
11,64,55
11,69,160
11,73,190
11,76,260
11,77,332
11,79,270
11,81,366
11,82,287
11,83,85
11,84,212
11,85,275
11,86,52
11,88,96
11,89,46
11,91,208
11,93,170
11,94,223
11,96,135
11,97,370
11,98,340
11,99,226
11,100,172
11,102,325
11,104,95
11,106,327
11,107,84
11,109,389
11,110,365
11,111,266
11,114,287
11,117,352
11,119,120
11,122,248
11,127,6
11,128,85
11,130,229
11,133,77
11,137,27
11,143,316
11,144,352
11,146,99
11,149,203
11,150,189
11,151,9
11,152,295
11,154,74
11,157,10
11,158,216
11,161,3
11,163,247
11,165,137
11,166,38
11,167,356
11,169,107
11,173,32
11,179,256
11,183,54
11,184,61
11,188,10
11,189,207
11,191,93
11,193,38
11,195,246
11,198,204
12,1,176
12,2,238
12,4,114
12,5,137
12,6,294
12,7,386
12,10,148
12,14,200
12,15,133
12,16,364
12,18,391
12,19,361
12,21,377
12,22,214
12,23,16
12,25,294
12,27,111
12,29,228
12,30,282
12,31,100
12,32,72
12,34,155
12,35,60
12,38,352
12,39,213
12,40,191
12,43,8
12,44,193
12,45,264
12,46,146
12,47,144
12,49,326
12,50,167
12,53,312
12,54,193
12,55,297
12,57,43
12,58,5
12,59,87
12,60,287
12,61,322
12,62,154
12,63,278
12,70,285
12,71,197
12,72,45
12,73,195
12,75,252
12,76,237
12,77,152
12,78,304
12,79,329
12,80,272
12,83,41
12,84,88
12,86,219
12,87,20
12,90,18
12,92,358
12,93,68
12,94,397
12,95,181
12,96,319
12,97,250
12,100,66
12,102,379
12,104,294
12,105,19
12,106,54
12,108,41
12,111,375
12,116,62
12,117,88
12,118,18
12,120,44
12,121,359
12,122,45
12,125,109
12,126,392
12,127,311
12,128,367
12,133,346
12,135,198
12,137,151
12,138,84
12,140,40
12,142,177
12,145,239
12,151,280
12,152,12
12,156,256
12,157,388
12,158,241
12,162,300
12,166,178
12,169,300
12,170,351
12,171,213
12,172,48
12,173,72
12,175,36
12,177,54
12,179,37
12,180,142
12,181,297
12,182,225
12,183,182
12,184,233
12,186,207
12,188,48
12,192,316
12,196,91
12,197,216
13,1,340
13,2,318
13,3,263
13,4,393
13,5,183
13,6,29
13,8,279
13,11,284
13,14,309
13,15,366
13,17,361
13,18,280
13,19,268
13,20,223
13,22,45
13,24,255
13,25,67
13,27,254
13,28,203
13,31,45
13,32,103
13,34,244
13,35,387
13,36,388
13,37,232
13,41,103
13,42,252
13,43,33
13,45,322
13,48,166
13,49,104
13,50,50
13,52,188
13,53,140
13,54,299
13,55,262
13,58,81
13,59,189
13,60,234
13,61,269
13,62,208
13,63,117
13,64,7
13,66,225
13,67,389
13,72,71
13,75,115
13,76,376
13,77,200
13,78,58
13,79,207
13,82,292
13,83,263
13,84,55
13,85,125
13,86,57
13,88,193
13,91,367
13,92,364
13,95,193
13,97,173
13,98,371
13,99,211
13,101,82
13,102,101
13,104,334
13,105,281
13,106,65
13,109,183
13,111,52
13,112,38
13,116,109
13,121,205
13,123,326
13,127,190
13,128,199
13,129,282
13,132,358
13,135,104
13,138,69
13,139,89
13,140,104
13,145,16
13,146,258
13,150,3
13,151,290
13,152,348
13,154,263
13,155,132
13,157,212
13,161,379
13,162,230
13,163,93
13,165,235
13,166,84
13,171,348
13,173,378
13,175,89
13,181,202
13,182,183
13,183,2
13,184,164
13,188,356
13,190,262
13,192,377
13,193,153
13,195,103
13,196,381
13,197,26
13,200,269
14,2,307
14,3,121
14,4,310
14,5,22
14,6,101
14,7,388
14,9,255
14,10,390
14,12,200
14,13,309
14,15,185
14,17,303
14,18,171
14,20,165
14,21,210
14,22,238
14,23,120
14,24,143
14,25,263
14,27,204
14,30,263
14,32,134
14,33,251
14,34,251
14,36,54
14,37,129
14,39,177
14,40,299
14,42,210
14,43,105
14,45,272
14,46,283
14,47,105
14,48,69
14,49,192
14,51,6
14,52,264
14,55,345
14,57,12
14,61,32
14,62,245
14,63,310
14,65,207
14,66,154
14,67,205
14,69,288
14,72,10
14,74,202
14,75,33
14,76,230
14,78,56
14,79,32
14,81,305
14,85,169
14,86,399
14,87,200
14,91,13
14,92,275
14,95,151
14,96,76
14,98,56
14,99,143
14,100,140
14,101,126
14,102,326
14,106,271
14,108,182
14,111,310
14,113,139
14,114,120
14,118,183
14,120,327
14,122,284
14,124,324
14,126,66
14,128,289
14,130,149
14,132,260
14,134,197
14,137,65
14,139,141
14,140,151
14,141,30
14,142,395
14,144,2
14,148,27
14,150,255
14,152,391
14,154,328
14,158,63
14,159,11
14,160,37
14,162,161
14,167,210
14,168,395
14,170,101
14,172,295
14,174,251
14,176,117
14,177,54
14,190,283
14,193,160
14,197,271
15,1,80
15,2,173
15,4,133
15,5,255
15,6,36
15,7,199
15,11,233
15,12,133
15,13,366
15,14,185
15,16,147
15,17,125
15,20,386
15,21,241
15,22,286
15,23,113
15,24,97
15,25,181
15,27,342
15,29,132
15,30,242
15,31,289
15,32,192
15,34,56
15,35,280
15,36,123
15,39,61
15,40,383
15,41,152
15,42,326
15,46,85
15,47,293
15,49,364
15,52,110
15,53,73
15,56,363
15,57,73
15,58,150
15,60,144
15,63,398
15,64,230
15,65,5
15,67,215
15,68,111
15,70,372
15,71,101
15,72,23
15,75,331
15,76,173
15,77,96
15,78,389
15,80,385
15,82,150
15,83,43
15,84,127
15,85,310
15,87,396
15,89,258
15,91,12
15,92,43
15,93,260
15,94,255
15,95,344
15,96,203
15,97,152
15,98,277
15,99,300
15,100,89
15,102,233
15,106,41
15,107,27
15,109,269
15,114,123
15,116,265
15,117,212
15,120,38
15,124,71
15,126,117
15,129,145
15,132,348
15,133,324
15,135,37
15,139,53
15,142,106
15,145,322
15,147,172
15,149,238
15,151,96
15,153,162
15,154,64
15,159,167
15,163,221
15,165,352
15,169,324
15,171,342
15,172,126
15,178,27
15,179,229
15,180,215
15,182,149
15,183,242
15,187,123
15,192,243
16,1,207
16,2,119
16,3,95
16,4,92
16,5,19
16,8,192
16,9,165
16,10,353
16,11,110
16,12,364
16,15,147
16,21,11
16,22,138
16,26,83
16,27,324
16,28,247
16,29,271
16,32,139
16,33,201
16,34,71
16,36,86
16,37,84
16,38,81
16,39,240
16,41,146
16,43,273
16,44,162
16,45,299
16,46,331
16,47,5
16,49,341
16,50,270
16,51,329
16,52,237
16,54,174
16,55,294
16,56,320
16,57,195
16,59,110
16,61,189
16,62,161
16,63,130
16,64,129
16,65,25
16,69,119
16,70,335
16,71,154
16,72,211
16,73,42
16,74,202
16,75,236
16,77,191
16,78,177
16,80,75
16,81,127
16,82,194
16,83,212
16,84,357
16,87,21
16,90,374
16,92,38
16,96,73
16,97,127
16,98,65
16,100,5
16,103,342
16,105,190
16,106,275
16,108,397
16,109,26
16,110,362
16,111,104
16,113,100
16,114,255
16,115,176
16,119,76
16,121,186
16,123,23
16,124,57
16,125,205
16,128,216
16,130,164
16,136,120
16,139,31
16,140,8
16,151,60
16,158,283
16,165,13
16,167,4
16,168,316
16,169,240
16,172,281
16,173,373
16,174,234
16,187,383
16,188,246
16,196,191
17,1,397
17,2,197
17,5,312
17,6,279
17,7,39
17,8,112
17,9,372
17,10,31
17,11,114
17,13,361
17,14,303
17,15,125
17,18,3
17,19,15
17,20,246
17,21,44
17,22,395
17,23,116
17,24,305
17,25,210
17,26,47
17,31,392
17,32,198
17,33,101
17,34,147
17,35,262
17,36,115
17,37,130
17,38,81
17,39,373
17,40,50
17,41,399
17,42,288
17,43,349
17,44,164
17,48,13
17,50,135
17,51,22
17,52,362
17,53,149
17,54,110
17,55,383
17,56,146
17,58,170
17,59,100
17,61,255
17,63,375
17,64,141
17,65,318
17,71,203
17,72,346
17,73,260
17,74,56
17,76,64
17,78,259
17,79,243
17,80,105
17,81,141
17,82,295
17,89,375
17,92,298
17,94,100
17,95,253
17,96,274
17,97,115
17,99,114
17,101,200
17,102,190
17,103,160
17,105,324
17,106,68
17,107,101
17,108,235
17,110,161
17,111,340
17,112,392
17,113,260
17,114,391
17,115,265
17,116,150
17,117,277
17,119,313
17,121,149
17,125,245
17,127,50
17,129,73
17,130,135
17,132,84
17,133,398
17,134,356
17,135,103
17,139,369
17,141,135
17,144,350
17,145,274
17,146,157
17,147,92
17,155,157
17,156,158
17,167,157
17,177,218
17,178,209
17,182,120
17,188,384
17,189,138
17,191,100
18,1,228
18,2,71
18,3,237
18,6,368
18,7,53
18,8,204
18,10,62
18,11,6
18,12,391
18,13,280
18,14,171
18,17,3
18,19,220
18,21,322
18,22,319
18,26,92
18,28,120
18,29,268
18,30,232
18,31,70
18,32,270
18,33,130
18,34,23
18,37,63
18,39,245
18,41,61
18,42,145
18,46,82
18,48,25
18,49,144
18,50,108
18,51,274
18,52,113
18,54,80
18,55,351
18,56,95
18,62,292
18,64,126
18,65,92
18,66,268
18,69,346
18,70,385
18,73,179
18,74,92
18,75,248
18,76,379
18,77,83
18,78,60
18,81,263
18,82,206
18,84,374
18,86,325
18,88,133
18,89,223
18,92,61
18,93,97
18,94,395
18,95,68
18,97,122
18,98,53
18,99,137
18,100,117
18,102,176
18,103,88
18,107,288
18,111,264
18,112,166
18,116,77
18,119,181
18,121,70
18,122,395
18,123,75
18,125,269
18,129,372
18,131,301
18,132,144
18,133,250
18,135,100
18,137,374
18,140,390
18,142,141
18,149,400
18,153,292
18,154,28
18,155,215
18,157,112
18,159,354
18,160,281
18,163,175
18,164,243
18,170,260
18,178,110
18,180,96
18,187,293
18,194,101
18,196,17
18,198,268
18,199,258
18,200,231
19,2,71
19,3,358
19,5,278
19,7,29
19,8,178
19,9,42
19,11,226
19,12,361
19,13,268
19,17,15
19,18,220
19,20,192
19,21,165
19,23,30
19,24,58
19,25,8
19,26,326
19,27,263
19,28,124
19,29,320
19,31,41
19,32,145
19,33,41
19,35,292
19,36,70
19,38,351
19,39,78
19,40,292
19,41,58
19,42,314
19,43,270
19,44,101
19,46,393
19,48,255
19,49,265
19,51,229
19,52,235
19,57,72
19,58,164
19,60,347
19,62,81
19,65,332
19,67,329
19,68,193
19,74,291
19,75,233
19,78,273
19,79,177
19,80,209
19,82,70
19,83,143
19,84,380
19,86,246
19,87,329
19,88,210
19,90,108
19,91,274
19,93,255
19,94,257
19,95,284
19,97,201
19,103,120
19,104,282
19,106,44
19,111,43
19,112,63
19,113,33
19,114,146
19,115,100
19,118,363
19,122,246
19,125,361
19,129,354
19,130,5
19,131,115
19,132,247
19,135,134
19,138,6
19,139,93
19,140,223
19,141,292
19,142,128
19,143,1
19,151,42
19,152,368
19,155,218
19,156,129
19,157,109
19,161,294
19,165,166
19,166,109
19,167,103
19,168,186
19,170,279
19,171,307
19,172,116
19,173,151
19,176,17
19,178,341
19,180,243
19,184,88
19,186,57
19,188,290
19,190,337
19,194,360
19,197,369
20,1,146
20,3,58
20,4,395
20,5,349
20,7,247
20,10,136
20,11,84
20,13,223
20,14,165
20,15,386
20,17,246
20,19,192
20,22,221
20,23,32
20,24,336
20,25,18
20,26,207
20,27,109
20,28,372
20,29,316
20,30,172
20,35,160
20,37,200
20,38,246
20,39,261
20,40,356
20,41,244
20,45,46
20,49,255
20,50,279
20,51,266
20,52,64
20,53,222
20,54,130
20,55,303
20,56,108
20,59,192
20,60,229
20,61,290
20,63,190
20,64,300
20,65,397
20,69,34
20,70,352
20,71,196
20,73,230
20,75,24
20,76,393
20,77,238
20,78,127
20,79,130
20,81,248
20,82,180
20,83,346
20,84,310
20,85,20
20,86,47
20,89,179
20,90,321
20,92,229
20,93,218
20,96,105
20,97,231
20,103,381
20,104,84
20,106,307
20,108,69
20,109,258
20,112,246
20,113,389
20,115,175
20,117,96
20,119,308
20,120,42
20,122,225
20,123,254
20,125,260
20,126,117
20,127,27
20,128,55
20,134,375
20,135,268
20,137,261
20,140,186
20,151,395
20,154,160
20,157,107
20,159,5
20,160,313
20,162,89
20,171,190
20,174,268
20,175,256
20,186,128
20,190,107
20,191,395
20,194,12
20,195,34
20,196,309
20,197,337
21,2,349
21,3,83
21,4,369
21,6,259
21,7,252
21,8,6
21,9,159
21,10,135
21,11,90
21,12,377
21,14,210
21,15,241
21,16,11
21,17,44
21,18,322
21,19,165
21,22,344
21,24,20
21,26,374
21,28,245
21,31,319
21,33,155
21,34,209
21,37,27
21,38,213
21,39,183
21,41,102
21,45,399
21,46,307
21,48,257
21,50,244
21,52,360
21,53,244
21,54,59
21,55,388
21,56,206
21,57,113
21,58,163
21,62,223
21,63,1
21,64,37
21,65,106
21,66,122
21,67,110
21,69,195
21,70,186
21,71,340
21,72,191
21,73,132
21,74,126
21,75,249
21,76,266
21,79,23
21,82,199
21,83,382
21,84,165
21,86,101
21,87,297
21,88,16
21,90,161
21,91,291
21,93,226
21,94,199
21,95,189
21,100,273
21,101,183
21,103,271
21,106,215
21,107,195
21,109,202
21,110,255
21,112,377
21,115,123
21,117,279
21,118,44
21,122,61
21,128,113
21,130,372
21,132,188
21,136,40
21,137,183
21,138,252
21,140,285
21,141,96
21,148,171
21,150,341
21,153,305
21,154,135
21,156,290
21,158,83
21,159,176
21,169,210
21,170,48
21,173,156
21,177,126
21,181,373
21,183,206
21,187,274
21,192,291
21,196,255
21,197,82
22,1,25
22,3,309
22,4,375
22,7,104
22,9,355
22,12,214
22,13,45
22,14,238
22,15,286
22,16,138
22,17,395
22,18,319
22,20,221
22,21,344
22,23,107
22,24,81
22,25,238
22,28,89
22,32,286
22,34,345
22,35,28
22,37,188
22,38,278
22,40,290
22,41,57
22,42,91
22,43,80
22,48,359
22,49,63
22,50,121
22,54,358
22,55,107
22,58,381
22,59,332
22,61,352
22,62,134
22,65,264
22,66,184
22,68,397
22,70,339
22,71,261
22,72,146
22,73,152
22,74,338
22,75,107
22,78,111
22,79,11
22,85,380
22,86,169
22,87,274
22,89,249
22,96,153
22,98,222
22,99,90
22,100,238
22,102,60
22,103,249
22,104,104
22,106,56
22,107,112
22,111,344
22,112,352
22,113,80
22,115,53
22,116,221
22,119,158
22,125,20
22,126,196
22,127,51
22,128,72
22,132,211
22,134,363
22,137,274
22,138,21
22,139,326
22,140,116
22,145,110
22,146,63
22,147,152
22,148,368
22,149,312
22,154,324
22,158,348
22,159,115
22,162,187
22,165,19
22,166,239
22,168,122
22,169,196
22,170,39
22,171,338
22,176,54
22,178,120
22,185,273
22,187,134
22,188,263
22,197,129
22,198,97
22,199,115
23,1,379
23,3,364
23,4,245
23,5,71
23,6,353
23,8,31
23,10,268
23,12,16
23,14,120
23,15,113
23,17,116
23,19,30
23,20,32
23,22,107
23,25,163
23,26,315
23,28,290
23,29,93
23,30,293
23,31,86
23,33,260
23,35,377
23,36,309
23,38,345
23,40,322
23,41,356
23,42,264
23,46,385
23,49,172
23,51,275
23,53,219
23,54,173
23,55,270
23,56,343
23,57,62
23,58,357
23,60,253
23,61,182
23,62,201
23,64,124
23,65,362
23,68,55
23,70,158
23,71,1
23,73,242
23,74,276
23,76,395
23,80,240
23,81,266
23,82,115
23,83,252
23,84,307
23,87,258
23,88,225
23,89,265
23,91,48
23,93,206
23,94,50
23,95,120
23,96,203
23,98,92
23,99,76
23,101,368
23,102,307
23,103,346
23,106,357
23,107,124
23,108,300
23,111,379
23,118,210
23,119,293
23,120,272
23,122,322
23,123,104
23,124,151
23,125,193
23,126,251
23,132,367
23,139,292
23,140,98
23,141,285
23,143,252
23,144,282
23,145,3
23,146,175
23,148,188
23,152,87
23,163,69
23,164,352
23,165,245
23,167,332
23,169,342
23,173,191
23,174,152
23,176,35
23,177,305
23,178,172
23,187,259
23,188,90
23,196,389
24,8,211
24,9,22
24,10,73
24,11,112
24,13,255
24,14,143
24,15,97
24,17,305
24,19,58
24,20,336
24,21,20
24,22,81
24,25,74
24,26,276
24,27,56
24,28,225
24,29,48
24,30,373
24,31,110
24,32,239
24,33,285
24,35,262
24,36,17
24,38,324
24,43,355
24,45,390
24,47,196
24,48,121
24,51,71
24,52,244
24,53,72
24,54,43
24,56,226
24,57,66
24,58,92
24,59,10
24,61,78
24,62,351
24,64,343
24,67,339
24,68,269
24,69,12
24,72,261
24,73,166
24,75,306
24,76,274
24,78,290
24,79,124
24,80,107
24,82,359
24,85,144
24,86,285
24,87,359
24,88,110
24,89,103
24,90,266
24,91,138
24,92,30
24,94,325
24,98,360
24,99,285
24,101,162
24,102,350
24,104,185
24,111,229
24,113,280
24,116,13
24,117,226
24,119,220
24,120,170
24,121,36
24,122,366
24,123,35
24,124,131
24,125,63
24,126,218
24,128,253
24,130,23
24,131,151
24,134,184
24,137,159
24,139,75
24,140,357
24,141,50
24,144,233
24,150,124
24,155,114
24,158,344
24,161,335
24,162,262
24,165,274
24,166,255
24,170,354
24,172,361
24,173,171
24,175,97
24,179,52
24,187,26
24,189,178
24,190,187
24,194,103
24,196,69
24,198,73
25,1,79
25,2,216
25,3,316
25,4,364
25,6,218
25,10,398
25,11,354
25,12,294
25,13,67
25,14,263
25,15,181
25,17,210
25,19,8
25,20,18
25,22,238
25,23,163
25,24,74
25,28,94
25,29,377
25,30,124
25,31,214
25,32,348
25,34,117
25,35,282
25,37,252
25,39,219
25,42,155
25,43,52
25,49,245
25,50,229
25,53,379
25,54,156
25,55,372
25,56,12
25,61,271
25,62,336
25,64,175
25,65,18
25,66,241
25,67,181
25,68,244
25,70,375
25,72,184
25,76,95
25,77,68
25,78,112
25,79,232
25,83,117
25,85,309
25,93,50
25,94,247
25,96,30
25,101,375
25,102,50
25,105,343
25,108,166
25,110,350
25,111,104
25,114,311
25,115,94
25,116,270
25,117,328
25,120,66
25,122,185
25,123,290
25,126,21
25,127,397
25,128,121
25,129,260
25,131,146
25,133,321
25,134,195
25,135,85
25,136,301
25,138,240
25,140,235
25,141,399
25,142,209
25,145,307
25,147,378
25,148,129
25,149,306
25,152,315
25,155,35
25,159,316
25,162,350
25,164,92
25,166,387
25,167,313
25,168,350
25,170,308
25,173,275
25,174,149
25,176,214
25,177,160
25,182,4
25,183,144
25,184,379
25,186,214
25,187,359
25,189,273
25,191,332
26,2,181
26,4,206
26,5,95
26,6,249
26,7,348
26,8,228
26,11,12
26,16,83
26,17,47
26,18,92
26,19,326
26,20,207
26,21,374
26,23,315
26,24,276
26,27,381
26,28,332
26,32,274
26,33,165
26,34,11
26,35,187
26,36,16
26,39,228
26,40,286
26,42,120
26,43,111
26,44,76
26,45,176
26,46,21
26,47,388
26,51,153
26,52,308
26,53,179
26,54,335
26,55,311
26,56,176
26,57,155
26,59,279
26,60,262
26,61,20
26,63,29
26,64,201
26,68,36
26,69,73
26,71,107
26,72,80
26,73,92
26,74,145
26,75,397
26,76,228
26,77,344
26,79,151
26,81,74
26,83,97
26,85,115
26,89,5
26,90,322
26,92,92
26,94,103
26,95,344
26,97,279
26,99,162
26,103,142
26,105,54
26,109,126
26,110,260
26,116,279
26,117,123
26,118,145
26,119,332
26,128,16
26,129,52
26,130,251
26,132,321
26,133,108
26,134,382
26,136,178
26,137,83
26,140,214
26,142,9
26,143,134
26,145,345
26,148,328
26,153,271
26,154,175
26,155,298
26,157,146
26,159,167
26,161,63
26,167,252
26,168,178
26,169,34
26,171,313
26,180,151
26,181,398
26,188,196
26,189,176
26,193,257
26,195,390
26,199,29
26,200,376
27,2,340
27,3,18
27,7,391
27,8,217
27,10,70
27,11,345
27,12,111
27,13,254
27,14,204
27,15,342
27,16,324
27,19,263
27,20,109
27,24,56
27,26,381
27,28,283
27,31,370
27,32,263
27,34,123
27,35,330
27,37,165
27,38,384
27,39,59
27,40,140
27,41,64
27,43,132
27,44,164
27,45,31
27,47,100
27,49,98
27,50,268
27,51,356
27,53,161
27,54,80
27,55,335
27,56,303
27,58,261
27,59,74
27,61,19
27,62,10
27,63,128
27,64,185
27,67,56
27,68,277
27,70,320
27,72,56
27,76,310
27,77,44
27,78,7
27,79,262
27,81,136
27,82,138
27,83,41
27,84,32
27,86,362
27,88,392
27,89,85
27,93,318
27,97,5
27,98,232
27,100,281
27,101,6
27,102,150
27,105,208
27,106,154
27,107,109
27,108,202
27,111,40
27,115,333
27,118,387
27,119,214
27,121,182
27,124,103
27,127,306
27,132,101
27,134,325
27,137,152
27,138,55
27,140,305
27,142,55
27,145,162
27,146,253
27,147,178
27,148,181
27,153,286
27,154,134
27,156,229
27,157,389
27,161,5
27,166,29
27,167,169
27,174,375
27,176,245
27,177,210
27,182,151
27,184,67
27,185,110
27,186,37
27,189,280
27,191,263
27,194,6
27,197,227
28,2,265
28,4,94
28,6,105
28,7,147
28,8,17
28,11,102
28,13,203
28,16,247
28,18,120
28,19,124
28,20,372
28,21,245
28,22,89
28,23,290
28,24,225
28,25,94
28,26,332
28,27,283
28,29,226
28,33,159
28,36,221
28,38,64
28,39,274
28,42,333
28,43,79
28,44,12
28,45,10
28,46,51
28,47,63
28,49,263
28,50,2
28,54,216
28,55,38
28,56,277
28,60,95
28,61,227
28,62,166
28,63,256
28,64,67
28,65,194
28,66,240
28,67,245
28,69,138
28,71,189
28,73,339
28,74,311
28,75,360
28,76,312
28,77,145
28,80,340
28,82,156
28,83,64
28,84,187
28,86,213
28,87,129
28,89,37
28,90,20
28,93,36
28,98,263
28,99,113
28,100,18
28,102,387
28,105,121
28,107,212
28,108,74
28,110,271
28,112,92
28,113,209
28,116,400
28,118,343
28,119,74
28,120,153
28,122,55
28,123,305
28,126,40
28,127,339
28,128,217
28,132,59
28,133,294
28,134,113
28,135,262
28,139,75
28,142,151
28,148,279
28,151,327
28,152,242
28,156,329
28,158,86
28,159,386
28,162,217
28,165,7
28,166,329
28,170,105
28,172,8
28,178,385
28,179,106
28,185,20
28,188,391
28,189,22
28,190,29
28,192,106
28,194,113
28,199,312
29,2,367
29,3,125
29,5,14
29,7,382
29,8,379
29,11,288
29,12,228
29,15,132
29,16,271
29,18,268
29,19,320
29,20,316
29,23,93
29,24,48
29,25,377
29,28,226
29,30,93
29,31,174
29,35,231
29,36,139
29,37,293
29,38,236
29,40,181
29,41,309
29,44,140
29,47,158
29,49,268
29,50,96
29,51,192
29,53,9
29,54,172
29,56,173
29,57,288
29,58,163
29,59,390
29,60,144
29,62,148
29,63,361
29,65,390
29,67,109
29,68,366
29,69,73
29,72,18
29,73,224
29,74,300
29,77,377
29,78,285
29,83,26
29,85,99
29,88,24
29,89,265
29,90,237
29,91,381
29,93,304
29,100,273
29,101,101
29,102,135
29,103,96
29,105,211
29,106,365
29,107,387
29,108,344
29,110,6
29,112,70
29,113,179
29,114,307
29,116,12
29,118,79
29,119,140
29,120,48
29,122,115
29,125,338
29,126,357
29,128,190
29,129,169
29,130,290
29,131,77
29,133,49
29,137,102
29,138,241
29,140,281
29,145,2
29,146,128
29,147,198
29,150,142
29,152,124
29,156,222
29,158,258
29,161,54
29,162,223
29,164,126
29,166,78
29,169,304
29,172,221
29,173,147
29,174,139
29,175,161
29,177,123
29,185,374
29,190,306
29,192,220
29,193,298
29,194,305
29,198,50
29,199,219
30,1,47
30,2,320
30,3,104
30,4,151
30,5,115
30,6,315
30,7,198
30,9,185
30,10,71
30,11,99
30,12,282
30,14,263
30,15,242
30,18,232
30,20,172
30,23,293
30,24,373
30,25,124
30,29,93
30,31,397
30,33,274
30,34,356
30,35,77
30,36,325
30,37,242
30,38,183
30,39,52
30,41,165
30,42,80
30,44,85
30,46,4
30,47,49
30,48,319
30,49,239
30,50,20
30,51,356
30,55,172
30,58,79
30,59,363
30,60,384
30,62,20
30,64,345
30,65,357
30,66,228
30,68,198
30,69,392
30,70,331
30,71,303
30,72,313
30,73,218
30,74,340
30,77,199
30,80,86
30,82,384
30,84,93
30,85,285
30,87,150
30,88,87
30,89,14
30,92,81
30,95,194
30,96,387
30,97,93
30,98,192
30,99,385
30,100,11
30,102,126
30,104,12
30,105,376
30,110,189
30,111,161
30,112,191
30,113,102
30,114,327
30,115,61
30,116,393
30,117,25
30,120,215
30,123,292
30,126,142
30,129,114
30,131,389
30,133,380
30,136,365
30,138,208
30,144,355
30,147,29
30,148,370
30,153,113
30,157,62
30,168,194
30,171,199
30,175,197
30,176,304
30,177,333
30,183,14
30,184,221
30,187,3
30,191,13
30,192,258
30,193,136
31,2,16
31,4,189
31,5,96
31,6,366
31,9,320
31,10,274
31,11,9
31,12,100
31,13,45
31,15,289
31,17,392
31,18,70
31,19,41
31,21,319
31,23,86
31,24,110
31,25,214
31,27,370
31,29,174
31,30,397
31,32,129
31,33,93
31,35,341
31,36,350
31,37,95
31,38,195
31,40,54
31,41,164
31,42,4
31,43,306
31,44,28
31,45,394
31,46,375
31,47,305
31,48,273
31,49,23
31,50,97
31,53,124
31,56,137
31,58,319
31,59,293
31,60,64
31,62,339
31,63,4
31,65,219
31,66,400
31,67,153
31,68,298
31,75,330
31,77,374
31,78,104
31,79,240
31,81,281
31,82,107
31,86,256
31,87,172
31,88,249
31,92,90
31,93,328
31,94,249
31,96,344
31,97,166
31,98,54
31,99,131
31,101,61
31,102,56
31,103,53
31,104,253
31,106,57
31,107,93
31,108,33
31,109,5
31,110,2
31,111,99
31,113,246
31,118,265
31,121,317
31,122,316
31,123,207
31,124,302
31,126,312
31,127,248
31,128,389
31,131,258
31,133,10
31,134,373
31,135,249
31,138,77
31,146,306
31,150,38
31,151,188
31,152,57
31,153,207
31,156,360
31,160,351
31,161,42
31,162,287
31,163,335
31,164,114
31,165,240
31,172,253
31,174,225
31,180,374
31,181,16
31,183,276
31,191,173
31,193,335
31,195,228
32,4,328
32,7,137
32,9,61
32,11,341
32,12,72
32,13,103
32,14,134
32,15,192
32,16,139
32,17,198
32,18,270
32,19,145
32,22,286
32,24,239
32,25,348
32,26,274
32,27,263
32,31,129
32,33,304
32,34,192
32,35,285
32,37,252
32,40,347
32,41,239
32,42,224
32,45,301
32,46,87
32,48,298
32,50,276
32,51,83
32,55,78
32,56,254
32,57,78
32,59,217
32,60,144
32,61,117
32,62,311
32,63,63
32,65,187
32,66,217
32,67,128
32,69,343
32,70,198
32,71,210
32,72,353
32,74,251
32,76,154
32,77,342
32,79,138
32,82,265
32,84,274
32,85,265
32,86,382
32,88,176
32,90,331
32,91,79
32,93,19
32,94,183
32,95,206
32,97,366
32,98,157
32,100,281
32,101,350
32,102,37
32,103,98
32,106,229
32,111,111
32,112,38
32,113,247
32,114,350
32,115,272
32,119,127
32,120,4
32,122,91
32,124,332
32,125,117
32,128,369
32,130,265
32,131,384
32,132,385
32,139,363
32,141,287
32,143,342
32,145,243
32,146,120
32,149,378
32,153,12
32,154,97
32,156,275
32,158,263
32,159,361
32,160,8
32,162,317
32,167,353
32,168,269
32,169,293
32,173,228
32,175,115
32,176,150
32,177,180
32,181,7
32,182,219
32,185,142
32,192,271
32,194,315
32,199,244
32,200,169
33,2,252
33,3,32
33,6,243
33,8,4
33,9,351
33,14,251
33,16,201
33,17,101
33,18,130
33,19,41
33,21,155
33,23,260
33,24,285
33,26,165
33,28,159
33,30,274
33,31,93
33,32,304
33,35,223
33,36,348
33,38,192
33,39,95
33,42,113
33,43,280
33,46,315
33,47,66
33,50,116
33,51,233
33,52,122
33,53,220
33,54,151
33,56,205
33,57,348
33,58,149
33,59,6
33,62,120
33,63,240
33,64,383
33,65,64
33,67,238
33,70,358
33,71,196
33,72,84
33,73,330
33,75,1
33,76,219
33,77,294
33,78,368
33,79,139
33,80,255
33,81,71
33,82,357
33,84,82
33,85,183
33,86,59
33,87,132
33,88,129
33,89,149
33,90,209
33,91,67
33,92,129
33,95,319
33,96,333
33,99,385
33,103,19
33,105,322
33,108,330
33,109,239
33,110,37
33,111,245
33,112,400
33,114,361
33,115,173
33,116,197
33,118,182
33,122,355
33,123,138
33,124,365
33,126,209
33,128,120
33,135,251
33,138,314
33,143,246
33,145,114
33,146,94
33,148,134
33,151,374
33,152,211
33,156,8
33,162,130
33,174,60
33,175,8
33,176,245
33,178,104
33,180,155
33,190,144
33,192,348
33,199,256
34,1,11
34,2,282
34,3,152
34,5,365
34,6,76
34,9,277
34,10,156
34,12,155
34,13,244
34,14,251
34,15,56
34,16,71
34,17,147
34,18,23
34,21,209
34,22,345
34,25,117
34,26,11
34,27,123
34,30,356
34,32,192
34,35,325
34,37,249
34,39,87
34,40,221
34,41,109
34,42,315
34,43,16
34,44,225
34,45,215
34,47,227
34,48,1
34,50,97
34,52,271
34,55,221
34,56,207
34,57,42
34,58,235
34,59,169
34,60,358
34,62,221
34,65,301
34,67,150
34,68,352
34,71,172
34,73,328
34,76,350
34,77,245
34,81,66
34,83,13
34,84,12
34,85,35
34,86,50
34,87,24
34,88,322
34,90,185
34,91,340
34,92,28
34,96,355
34,97,300
34,98,183
34,101,186
34,102,248
34,103,198
34,109,350
34,110,167
34,111,140
34,113,161
34,114,385
34,115,346
34,119,271
34,121,210
34,125,354
34,126,260
34,129,192
34,133,303
34,138,30
34,141,1
34,142,53
34,147,127
34,148,20
34,152,169
34,157,97
34,160,59
34,161,70
34,163,58
34,167,24
34,169,45
34,170,291
34,171,296
34,174,107
34,176,106
34,177,67
34,181,52
34,182,104
34,184,30
34,187,229
34,188,155
34,191,124
34,193,310
34,194,206
34,196,180
34,198,64
35,2,248
35,3,192
35,4,139
35,6,151
35,7,130
35,9,174
35,11,78
35,12,60
35,13,387
35,15,280
35,17,262
35,19,292
35,20,160
35,22,28
35,23,377
35,24,262
35,25,282
35,26,187
35,27,330
35,29,231
35,30,77
35,31,341
35,32,285
35,33,223
35,34,325
35,36,246
35,37,380
35,38,133
35,39,60
35,44,129
35,46,58
35,47,31
35,50,197
35,52,315
35,53,58
35,54,389
35,55,118
35,56,187
35,58,181
35,60,222
35,61,114
35,63,314
35,65,187
35,67,206
35,68,191
35,72,253
35,74,279
35,75,56
35,76,379
35,78,273
35,79,197
35,80,238
35,81,108
35,82,166
35,83,141
35,86,226
35,87,36
35,90,238
35,92,305
35,93,266
35,94,220
35,95,97
35,96,312
35,99,193
35,100,297
35,102,398
35,106,256
35,107,183
35,110,154
35,113,353
35,114,68
35,115,307
35,116,67
35,117,216
35,122,249
35,125,29
35,126,390
35,128,305
35,130,273
35,131,126
35,132,200
35,133,354
35,135,296
35,137,228
35,139,397
35,141,157
35,142,322
35,145,387
35,146,154
35,151,260
35,161,64
35,162,237
35,165,79
35,171,78
35,172,242
35,174,148
35,179,46
35,180,358
35,181,361
35,188,51
35,191,224
35,192,239
35,195,349
35,198,21
36,1,326
36,2,261
36,3,106
36,4,391
36,5,138
36,6,43
36,7,60
36,8,228
36,9,194
36,10,330
36,11,167
36,13,388
36,14,54
36,15,123
36,16,86
36,17,115
36,19,70
36,23,309
36,24,17
36,26,16
36,28,221
36,29,139
36,30,325
36,31,350
36,33,348
36,35,246
36,37,313
36,39,171
36,41,309
36,42,13
36,43,15
36,44,107
36,46,90
36,48,77
36,49,87
36,50,95
36,51,218
36,53,219
36,55,183
36,56,5
36,58,41
36,59,12
36,60,152
36,61,229
36,64,125
36,66,29
36,67,390
36,68,99
36,69,114
36,70,212
36,72,278
36,74,64
36,75,395
36,76,211
36,79,84
36,80,196
36,82,383
36,83,102
36,85,213
36,88,361
36,91,345
36,92,32
36,95,381
36,96,8
36,99,260
36,100,358
36,105,243
36,108,308
36,110,52
36,112,185
36,113,42
36,114,343
36,115,105
36,116,234
36,118,177
36,119,157
36,125,295
36,127,147
36,128,357
36,129,122
36,130,298
36,131,352
36,132,100
36,133,223
36,134,332
36,137,89
36,138,340
36,139,384
36,142,134
36,145,67
36,147,225
36,151,346
36,152,175
36,153,354
36,154,181
36,155,103
36,156,328
36,159,249
36,163,135
36,164,199
36,165,253
36,178,150
36,180,181
36,183,202
36,184,3
36,191,137
36,193,42
36,199,368
36,200,99
37,1,74
37,2,277
37,4,139
37,7,108
37,8,336
37,9,174
37,10,136
37,11,390
37,13,232
37,14,129
37,16,84
37,17,130
37,18,63
37,20,200
37,21,27
37,22,188
37,25,252
37,27,165
37,29,293
37,30,242
37,31,95
37,32,252
37,34,249
37,35,380
37,36,313
37,39,336
37,40,155
37,41,14
37,42,360
37,44,198
37,45,129
37,46,168
37,47,199
37,48,135
37,49,173
37,51,147
37,54,181
37,55,203
37,57,328
37,58,192
37,59,90
37,60,269
37,61,28
37,62,292
37,63,116
37,66,269
37,67,210
37,68,177
37,69,117
37,70,258
37,71,295
37,75,142
37,78,100
37,79,23
37,81,387
37,82,219
37,84,380
37,86,183
37,87,120
37,88,203
37,89,361
37,91,355
37,94,360
37,96,318
37,97,135
37,98,379
37,102,352
37,103,166
37,105,64
37,106,327
37,107,265
37,113,195
37,114,286
37,118,121
37,120,191
37,128,212
37,130,312
37,131,163
37,132,261
37,133,37
37,135,211
37,136,333
37,137,179
37,138,21
37,140,272
37,141,196
37,142,291
37,143,93
37,147,25
37,149,145
37,151,174
37,153,270
37,157,22
37,159,8
37,160,207
37,163,344
37,165,61
37,166,96
37,169,268
37,175,337
37,176,171
37,181,361
37,182,227
37,191,62
37,192,101
37,194,119
37,197,117
37,200,90
38,1,165
38,2,352
38,3,32
38,4,20
38,5,163
38,7,173
38,10,321
38,12,352
38,16,81
38,17,81
38,19,351
38,20,246
38,21,213
38,22,278
38,23,345
38,24,324
38,27,384
38,28,64
38,29,236
38,30,183
38,31,195
38,33,192
38,35,133
38,39,186
38,43,167
38,45,313
38,47,268
38,49,159
38,51,280
38,53,57
38,54,48
38,55,243
38,57,70
38,58,230
38,60,274
38,61,102
38,67,388
38,68,374
38,69,352
38,71,326
38,73,103
38,74,209
38,78,157
38,79,110
38,80,297
38,81,90
38,82,263
38,84,327
38,87,365
38,91,135
38,94,167
38,95,323
38,98,324
38,100,11
38,101,226
38,102,305
38,104,400
38,108,202
38,109,195
38,110,336
38,115,384
38,116,346
38,118,89
38,120,400
38,121,383
38,122,367
38,123,177
38,124,346
38,126,358
38,134,258
38,135,145
38,139,36
38,141,312
38,143,93
38,144,170
38,145,346
38,147,314
38,148,122
38,153,220
38,155,252
38,157,160
38,158,140
38,160,141
38,162,238
38,170,210
38,173,164
38,174,377
38,180,282
38,181,143
38,183,163
38,193,331
38,196,83
38,199,2
39,3,101
39,6,11
39,7,190
39,8,335
39,10,57
39,11,318
39,12,213
39,14,177
39,15,61
39,16,240
39,17,373
39,18,245
39,19,78
39,20,261
39,21,183
39,25,219
39,26,228
39,27,59
39,28,274
39,30,52
39,33,95
39,34,87
39,35,60
39,36,171
39,37,336
39,38,186
39,42,85
39,43,268
39,44,352
39,46,337
39,48,166
39,50,357
39,51,12
39,52,305
39,53,219
39,55,31
39,56,174
39,57,188
39,61,323
39,64,70
39,65,199
39,69,237
39,71,113
39,72,171
39,75,219
39,77,302
39,78,235
39,79,277
39,80,267
39,81,223
39,84,351
39,85,295
39,87,31
39,89,121
39,90,375
39,92,66
39,94,283
39,98,62
39,100,145
39,101,81
39,103,71
39,104,69
39,108,168
39,111,76
39,114,47
39,115,236
39,119,141
39,121,372
39,123,30
39,125,129
39,127,48
39,130,355
39,131,45
39,133,4
39,134,311
39,138,15
39,141,80
39,146,329
39,147,183
39,150,223
39,155,227
39,162,239
39,164,271
39,165,90
39,166,352
39,169,80
39,170,86
39,172,175
39,179,270
39,180,158
39,181,45
39,188,76
39,190,89
39,193,34
39,197,150
40,1,104
