source,target,weight
1,2,14
1,3,207
1,4,103
1,5,233
1,8,331
1,9,270
1,10,137
1,11,123
1,13,343
1,14,236
1,15,349
1,16,371
1,17,169
1,18,379
1,19,243
1,20,156
1,21,400
1,22,196
1,23,258
1,26,101
1,28,355
1,29,273
1,31,277
1,34,157
1,36,24
1,38,391
1,39,192
1,42,85
1,43,55
1,44,353
1,50,280
1,51,31
1,52,345
1,54,358
1,61,185
1,64,355
1,65,37
1,70,249
1,72,323
1,76,139
1,77,129
1,79,21
1,89,352
1,90,264
1,94,279
1,95,31
1,96,94
1,101,329
1,117,373
1,123,203
1,139,164
1,145,304
1,151,184
1,172,168
1,175,218
1,177,81
1,187,101
1,193,286
1,196,252
2,1,14
2,3,161
2,4,381
2,5,316
2,6,75
2,7,206
2,8,348
2,11,209
2,14,136
2,15,244
2,17,276
2,18,228
2,20,194
2,25,279
2,28,114
2,31,154
2,33,191
2,34,317
2,35,167
2,37,289
2,38,353
2,41,304
2,42,250
2,44,88
2,47,92
2,48,34
2,49,335
2,54,360
2,55,273
2,58,174
2,67,138
2,70,343
2,80,209
2,83,312
2,84,268
2,87,266
2,89,397
2,93,240
2,97,336
2,108,314
2,116,8
2,119,347
2,133,361
2,158,264
2,163,381
2,169,200
3,1,207
3,2,161
3,4,335
3,5,253
3,7,162
3,8,146
3,9,336
3,10,99
3,13,218
3,14,28
3,16,160
3,18,146
3,19,233
3,20,304
3,21,184
3,22,182
3,24,120
3,25,262
3,28,308
3,34,132
3,38,153
3,39,251
3,41,263
3,46,119
3,61,198
3,64,296
3,65,84
3,69,243
3,72,319
3,76,131
3,92,147
3,94,322
3,97,69
3,100,32
3,104,365
3,105,346
3,114,367
3,128,324
3,134,364
3,151,283
3,163,54
3,172,384
3,182,83
3,195,43
4,1,103
4,2,381
4,3,335
4,6,237
4,7,388
4,8,263
4,11,194
4,12,211
4,13,146
4,15,158
4,18,103
4,20,145
4,21,287
4,22,197
4,24,366
4,25,127
4,26,366
4,27,56
4,28,210
4,30,15
4,31,253
4,33,123
4,36,324
4,37,320
4,40,41
4,43,155
4,48,86
4,49,80
4,50,337
4,52,375
4,53,65
4,57,305
4,59,156
4,61,163
4,63,299
4,66,304
4,67,240
4,69,280
4,86,137
4,90,11
4,92,97
4,93,5
4,108,347
4,115,213
4,129,389
4,186,155
4,191,68
4,197,115
5,1,233
5,2,316
5,3,253
5,6,192
5,9,172
5,10,399
5,12,62
5,13,15
5,14,42
5,16,55
5,17,385
5,18,388
5,19,89
5,20,116
5,21,312
5,22,351
5,23,370
5,25,238
5,28,291
5,29,246
5,32,139
5,33,94
5,36,177
5,37,334
5,39,278
5,42,30
5,43,75
5,48,189
5,49,144
5,50,29
5,51,333
5,53,305
5,57,289
5,58,175
5,61,157
5,62,359
5,65,130
5,69,195
5,83,346
5,88,214
5,92,10
5,93,337
5,95,160
5,101,340
5,105,290
5,119,122
5,122,371
5,124,369
5,139,325
5,142,91
5,148,65
5,150,65
5,155,355
5,157,227
5,160,280
5,178,216
5,197,47
6,2,75
6,4,237
6,5,192
6,7,249
6,8,212
6,9,369
6,11,320
6,14,206
6,15,371
6,20,129
6,21,27
6,22,62
6,23,373
6,24,270
6,26,70
6,27,79
6,28,89
6,30,285
6,31,392
6,32,325
6,33,143
6,35,121
6,39,319
6,40,131
6,43,71
6,46,216
6,47,312
6,48,171
6,50,16
6,52,279
6,53,13
6,55,386
6,58,93
6,59,307
6,60,201
6,64,291
6,65,37
6,75,158
6,77,286
6,78,283
6,80,334
6,82,237
6,89,213
6,91,377
6,94,183
6,106,201
6,113,115
6,115,316
6,120,61
6,127,341
6,131,280
6,139,60
6,147,150
6,152,180
6,175,187
6,196,97
6,197,154
7,2,206
7,3,162
7,4,388
7,6,249
7,8,282
7,9,25
7,10,239
7,12,195
7,13,28
7,15,221
7,16,209
7,17,348
7,18,305
7,20,221
7,21,264
7,23,38
7,24,28
7,25,253
7,27,97
7,28,290
7,30,320
7,31,273
7,32,295
7,34,133
7,35,57
7,37,231
7,38,211
7,39,312
7,41,332
7,42,397
7,44,65
7,45,81
7,46,79
7,47,199
7,53,18
7,63,79
7,67,357
7,72,201
7,75,239
7,77,130
7,79,153
7,86,82
7,87,4
7,90,203
7,101,60
7,106,315
7,116,323
7,127,63
7,129,368
7,137,363
7,144,134
7,156,287
7,160,111
7,167,169
7,174,58
7,176,284
7,182,307
7,184,157
7,187,133
7,189,327
8,1,331
8,2,348
8,3,146
8,4,263
8,6,212
8,7,282
8,9,188
8,10,86
8,11,371
8,12,240
8,13,286
8,14,136
8,16,193
8,18,212
8,19,308
8,21,315
8,22,151
8,23,346
8,24,99
8,25,255
8,26,218
8,27,376
8,28,228
8,29,270
8,30,144
8,31,251
8,34,169
8,36,125
8,40,269
8,43,8
8,46,178
8,59,256
8,61,379
8,63,396
8,65,350
8,66,43
8,72,306
8,76,306
8,80,217
8,87,3
8,95,39
8,101,333
8,102,196
8,107,269
8,121,34
8,123,101
8,126,363
8,137,273
8,142,227
8,151,283
8,156,213
8,177,211
8,179,90
8,185,161
8,192,72
9,1,270
9,3,336
9,5,172
9,6,369
9,7,25
9,8,188
9,12,117
9,13,269
9,14,119
9,15,207
9,16,195
9,17,180
9,18,288
9,20,59
9,23,186
9,24,114
9,25,248
9,26,200
9,31,183
9,33,206
9,35,112
9,36,378
9,43,208
9,46,311
9,49,236
9,50,380
9,51,277
9,53,227
9,55,368
9,57,312
9,60,176
9,61,297
9,63,55
9,64,175
9,67,20
9,68,100
9,70,166
9,71,354
9,78,143
9,79,282
9,82,348
9,88,161
9,99,40
9,100,300
9,102,280
9,105,53
9,109,395
9,113,25
9,117,354
9,121,330
9,123,89
9,129,105
9,135,161
9,146,116
9,158,197
9,168,41
9,176,25
9,178,236
9,188,26
9,193,164
9,198,107
10,1,137
10,3,99
10,5,399
10,7,239
10,8,86
10,11,74
10,12,373
10,16,82
10,17,123
10,18,364
10,19,235
10,20,302
10,21,171
10,22,27
10,23,102
10,25,99
10,27,220
10,28,17
10,29,191
10,31,17
10,35,383
10,37,301
10,39,230
10,41,198
10,44,20
10,46,346
10,48,200
10,50,226
10,51,198
10,55,58
10,58,133
10,60,18
10,61,32
10,62,34
10,63,152
10,65,141
10,66,366
10,69,156
10,83,60
10,88,208
10,91,40
10,100,121
10,105,145
10,107,391
10,111,234
10,123,249
10,125,54
10,130,11
10,133,116
10,137,289
10,141,316
10,142,299
10,149,177
10,154,276
10,157,252
10,161,386
10,175,128
10,176,166
10,193,75
10,200,16
11,1,123
11,2,209
11,4,194
11,6,320
11,8,371
11,10,74
11,12,58
11,15,307
11,16,241
11,17,19
11,18,63
11,19,126
11,20,280
11,21,266
11,24,268
11,25,29
11,26,184
11,27,150
11,28,29
11,29,196
11,31,100
11,32,133
11,36,334
11,40,334
11,41,137
11,42,347
11,48,186
11,49,345
11,51,53
11,53,58
11,56,59
11,57,44
11,59,327
11,60,370
11,63,343
11,67,392
11,68,29
11,71,385
11,72,163
11,74,263
11,76,9
11,77,108
11,78,297
11,83,132
11,85,30
11,86,4
11,90,109
11,96,391
11,101,143
11,108,64
11,111,25
11,114,365
11,117,25
11,126,132
11,127,152
11,135,300
11,137,326
11,175,271
11,176,331
11,180,356
11,184,104
11,194,220
11,199,151
12,4,211
12,5,62
12,7,195
12,8,240
12,9,117
12,10,373
12,11,58
12,14,178
12,15,81
12,16,294
12,19,233
12,23,203
12,24,193
12,25,392
12,27,123
12,29,68
12,30,203
12,35,237
12,36,138
12,37,385
12,40,20
12,44,220
12,45,165
12,49,235
12,52,356
12,53,386
12,65,231
12,69,157
12,79,34
12,84,26
12,85,292
12,86,372
12,89,82
12,90,300
12,92,197
12,93,220
12,106,361
12,107,339
12,119,76
12,122,295
12,125,323
12,139,327
12,141,77
12,146,318
12,154,366
12,165,59
12,181,80
13,1,343
13,3,218
13,4,146
13,5,15
13,7,28
13,8,286
13,9,269
13,14,257
13,15,209
13,16,44
13,17,52
13,21,298
13,22,175
13,23,335
13,24,233
13,25,149
13,29,141
13,30,221
13,31,25
13,32,83
13,33,185
13,39,135
13,40,22
13,41,220
13,51,195
13,52,164
13,62,76
13,63,98
13,64,306
13,71,307
13,72,242
13,77,255
13,83,315
13,85,34
13,88,189
13,90,53
13,92,329
13,103,204
13,111,107
13,112,22
13,126,297
13,131,59
13,133,205
13,136,389
13,138,15
13,143,340
13,148,81
13,150,332
13,162,257
13,191,262
13,196,140
14,1,236
14,2,136
14,3,28
14,5,42
14,6,206
14,8,136
14,9,119
14,12,178
14,13,257
14,17,369
14,19,155
14,20,57
14,21,373
14,23,101
14,25,29
14,26,248
14,27,264
14,29,259
14,30,81
14,33,319
14,34,241
14,36,327
14,38,175
14,39,149
14,43,50
14,48,303
14,49,109
14,55,30
14,56,93
14,58,379
14,63,202
14,65,182
14,66,136
14,67,247
14,68,291
14,70,349
14,74,314
14,75,296
14,85,177
14,91,13
14,94,346
14,99,154
14,100,177
14,108,113
14,109,239
14,110,161
14,118,340
14,131,175
14,146,348
14,147,104
14,149,397
14,154,92
14,157,233
14,158,294
14,160,180
14,163,72
14,165,212
14,190,377
15,1,349
15,2,244
15,4,158
15,6,371
15,7,221
15,9,207
15,11,307
15,12,81
15,13,209
15,16,16
15,17,46
15,18,187
15,20,306
15,23,221
15,24,35
15,25,369
15,29,7
15,30,22
15,31,35
15,33,90
15,36,85
15,38,6
15,40,89
15,44,45
15,45,400
15,46,221
15,48,88
15,53,112
15,57,153
15,66,311
15,68,366
15,69,52
15,73,24
15,81,109
15,86,210
15,87,165
15,91,373
15,92,321
15,93,137
15,94,64
15,98,249
15,100,130
15,103,268
15,116,60
15,118,214
15,127,37
15,131,341
15,133,233
15,142,149
15,150,363
15,164,306
15,168,302
15,195,379
15,200,20
16,1,371
16,3,160
16,5,55
16,7,209
16,8,193
16,9,195
16,10,82
16,11,241
16,12,294
16,13,44
16,15,16
16,18,392
16,20,241
16,22,2
16,23,243
16,25,23
16,26,370
16,28,110
16,29,238
16,30,94
16,34,99
16,36,29
16,38,271
16,40,309
16,45,219
16,47,254
16,48,179
16,52,284
16,54,84
16,59,66
16,73,276
16,77,251
16,79,15
16,80,100
16,83,97
16,84,226
16,87,374
16,97,224
16,99,38
16,101,210
16,102,5
16,109,361
16,120,218
16,125,152
16,132,291
16,136,336
16,138,225
16,146,180
16,153,237
16,163,184
16,165,263
16,173,200
16,179,300
16,186,61
16,192,68
16,197,28
17,1,169
17,2,276
17,5,385
17,7,348
17,9,180
17,10,123
17,11,19
17,13,52
17,14,369
17,15,46
17,18,64
17,21,335
17,23,155
17,24,5
17,25,396
17,26,222
17,27,257
17,28,221
17,29,224
17,32,53
17,33,217
17,34,50
17,35,175
17,38,213
17,40,275
17,41,357
17,43,113
17,45,51
17,52,34
17,54,172
17,55,395
17,63,107
17,65,29
17,66,214
17,69,396
17,73,22
17,78,331
17,79,254
17,80,377
17,83,376
17,84,243
17,85,29
17,89,248
17,91,326
17,101,122
17,102,195
17,112,72
17,114,392
17,119,10
17,123,37
17,124,191
17,126,306
17,130,147
17,133,322
17,137,321
17,169,50
17,173,371
17,174,276
17,175,39
17,177,254
17,179,68
17,181,333
17,184,57
17,185,132
17,188,289
17,200,52
18,1,379
18,2,228
18,3,146
18,4,103
18,5,388
18,7,305
18,8,212
18,9,288
18,10,364
18,11,63
18,15,187
18,16,392
18,17,64
18,19,81
18,22,390
18,24,386
18,26,72
18,27,239
18,29,57
18,30,354
18,32,354
18,33,290
18,36,290
18,37,400
18,38,1
18,39,82
18,41,264
18,46,332
18,49,222
18,57,293
18,58,215
18,61,347
18,64,106
18,72,349
18,79,154
18,92,250
18,96,29
18,103,393
18,107,174
18,108,117
18,112,158
18,121,397
18,129,312
18,140,133
18,142,173
18,147,359
18,160,34
18,161,78
18,169,64
18,170,175
18,173,52
18,189,199
19,1,243
19,3,233
19,5,89
19,8,308
19,10,235
19,11,126
19,12,233
19,14,155
19,18,81
19,20,316
19,22,232
19,25,204
19,26,376
19,27,288
19,28,377
19,32,294
19,33,85
19,35,314
19,37,240
19,38,30
19,40,66
19,41,358
19,42,245
19,45,301
19,54,398
19,56,251
19,58,295
19,59,138
19,60,336
19,68,101
19,70,310
19,71,42
19,73,322
19,74,69
19,81,277
19,84,195
19,87,201
19,88,250
19,99,138
19,106,273
19,117,47
19,120,277
19,133,123
19,135,328
19,148,182
19,155,10
19,161,1
19,162,146
19,166,278
19,167,215
19,180,361
19,184,182
19,187,348
19,193,337
20,1,156
20,2,194
20,3,304
20,4,145
20,5,116
20,6,129
20,7,221
20,9,59
20,10,302
20,11,280
20,14,57
20,15,306
20,16,241
20,19,316
20,21,134
20,23,312
20,27,395
20,30,375
20,31,155
20,33,165
20,34,97
20,39,382
20,40,60
20,44,86
20,45,114
20,48,219
20,49,98
20,52,83
20,53,291
20,54,258
20,58,270
20,59,154
20,60,384
20,62,204
20,63,253
20,67,67
20,71,317
20,75,169
20,77,257
20,82,116
20,92,22
20,105,316
20,113,159
20,120,217
20,124,232
20,132,325
20,134,96
20,138,307
20,144,369
20,148,87
20,151,36
20,162,319
20,166,274
20,177,120
20,181,54
20,183,300
20,192,307
20,194,369
20,195,52
21,1,400
21,3,184
21,4,287
21,5,312
21,6,27
21,7,264
21,8,315
21,10,171
21,11,266
21,13,298
21,14,373
21,17,335
21,20,134
21,23,312
21,25,13
21,26,20
21,27,328
21,29,225
21,31,240
21,32,349
21,35,365
21,39,366
21,43,141
21,53,127
21,55,369
21,56,380
21,57,379
21,59,250
21,61,194
21,62,315
21,65,257
21,67,286
21,72,36
21,74,66
21,77,311
21,78,237
21,82,40
21,98,131
21,99,16
21,108,74
21,118,164
21,119,369
21,125,220
21,137,247
21,142,372
21,146,337
21,167,191
21,168,168
21,172,356
21,176,125
22,1,196
22,3,182
22,4,197
22,5,351
22,6,62
22,8,151
22,10,27
22,13,175
22,16,2
22,18,390
22,19,232
22,24,289
22,27,43
22,30,74
22,32,270
22,34,396
22,35,60
22,36,20
22,37,57
22,38,58
22,40,172
22,42,324
22,43,43
22,44,313
22,45,326
22,46,111
22,47,316
22,55,152
22,56,131
22,66,203
22,70,120
22,72,188
22,84,282
22,97,43
22,100,251
22,107,60
22,112,104
22,120,253
22,124,100
22,127,296
22,134,72
22,138,375
22,143,185
22,146,203
22,149,95
22,150,328
22,151,283
22,163,73
22,171,225
22,177,266
22,192,249
22,196,275
22,197,83
22,199,88
23,1,258
23,5,370
23,6,373
23,7,38
23,8,346
23,9,186
23,10,102
23,12,203
23,13,335
23,14,101
23,15,221
23,16,243
23,17,155
23,20,312
23,21,312
23,24,272
23,25,76
23,28,135
23,34,313
23,40,269
23,41,104
23,42,135
23,43,310
23,44,100
23,46,34
23,48,18
23,49,212
23,59,7
23,61,246
23,64,177
23,66,264
23,72,179
23,78,278
23,80,249
23,82,65
23,100,400
23,109,5
23,110,27
23,113,289
23,118,289
23,124,130
23,125,98
23,129,210
23,135,334
23,136,2
23,137,81
23,146,191
23,150,71
23,155,381
23,156,212
23,164,259
23,166,196
23,170,87
23,183,3
23,194,132
24,3,120
24,4,366
24,6,270
24,7,28
24,8,99
24,9,114
24,11,268
24,12,193
24,13,233
24,15,35
24,17,5
24,18,386
24,22,289
24,23,272
24,25,21
24,27,368
24,31,192
24,33,383
24,34,49
24,37,122
24,41,286
24,42,230
24,44,16
24,45,190
24,46,127
24,47,127
24,49,225
24,56,181
24,60,258
24,61,99
24,66,281
24,69,206
24,70,235
24,72,262
24,74,322
24,76,73
24,77,52
24,81,48
24,90,44
24,97,6
24,99,379
24,104,322
24,107,113
24,111,131
24,118,236
24,119,194
24,123,129
24,125,374
24,138,308
24,141,222
24,149,259
24,150,64
24,153,273
24,158,385
24,165,204
24,167,88
24,176,25
24,178,170
24,188,283
24,200,388
25,2,279
25,3,262
25,4,127
25,5,238
25,7,253
25,8,255
25,9,248
25,10,99
25,11,29
25,12,392
25,13,149
25,14,29
25,15,369
25,16,23
25,17,396
25,19,204
25,21,13
25,23,76
25,24,21
25,26,119
25,30,310
25,31,67
25,35,394
25,38,305
25,39,52
25,40,109
25,41,114
25,44,95
25,50,359
25,52,361
25,53,35
25,54,388
25,56,232
25,60,50
25,61,213
25,65,177
25,68,50
25,72,118
25,73,305
25,75,69
25,77,161
25,82,98
25,90,147
25,92,388
25,99,143
25,100,32
25,104,57
25,111,82
25,114,224
25,115,384
25,122,305
25,124,131
25,127,172
25,128,326
25,140,387
25,142,113
25,159,281
25,163,113
25,182,187
26,1,101
26,4,366
26,6,70
26,8,218
26,9,200
26,11,184
26,14,248
26,16,370
26,17,222
26,18,72
26,19,376
26,21,20
26,25,119
26,27,100
26,28,168
26,29,102
26,30,337
26,32,382
26,34,76
26,37,338
26,41,230
26,42,252
26,43,271
26,45,215
26,48,236
26,49,327
26,54,82
26,56,221
26,57,180
26,66,220
26,67,213
26,68,214
26,70,107
26,71,315
26,73,157
26,75,229
26,87,52
26,88,209
26,102,110
26,107,200
26,132,260
26,144,283
26,158,192
26,164,54
26,179,398
26,184,107
26,191,116
26,192,210
26,197,293
26,199,306
27,4,56
27,6,79
27,7,97
27,8,376
27,10,220
27,11,150
27,12,123
27,14,264
27,17,257
27,18,239
27,19,288
27,20,395
27,21,328
27,22,43
27,24,368
27,26,100
27,28,371
27,29,201
27,30,154
27,31,55
27,35,252
27,37,322
27,39,222
27,43,351
27,45,202
27,47,393
27,50,226
27,54,204
27,62,141
27,68,329
27,70,216
27,73,294
27,75,185
27,84,86
27,89,335
27,97,311
27,104,219
27,111,359
27,118,285
27,123,5
27,125,355
27,134,69
27,136,259
27,147,279
27,149,54
27,150,263
27,154,34
27,172,185
27,178,330
27,179,173
27,183,46
27,185,17
27,196,175
28,1,355
28,2,114
28,3,308
28,4,210
28,5,291
28,6,89
28,7,290
28,8,228
28,10,17
28,11,29
28,16,110
28,17,221
28,19,377
28,23,135
28,26,168
28,27,371
28,29,263
28,30,3
28,32,380
28,33,247
28,34,331
28,38,220
28,39,370
28,44,26
28,45,246
28,50,170
28,51,114
28,57,330
28,63,23
28,69,63
28,74,278
28,76,255
28,81,19
28,86,139
28,90,180
28,93,281
28,94,54
28,95,95
28,97,193
28,99,132
28,105,117
28,112,103
28,116,258
28,119,141
28,120,313
28,130,330
28,131,311
28,136,342
28,148,141
28,152,279
28,153,335
28,160,297
28,182,349
28,193,295
29,1,273
29,5,246
29,8,270
29,10,191
29,11,196
29,12,68
29,13,141
29,14,259
29,15,7
29,16,238
29,17,224
29,18,57
29,21,225
29,26,102
29,27,201
29,28,263
29,30,184
29,31,200
29,32,298
29,35,221
29,37,1
29,39,351
29,48,298
29,49,114
29,51,115
29,53,212
29,56,295
29,58,361
29,62,363
29,69,25
29,70,62
29,76,37
29,77,16
29,81,186
29,88,204
29,90,60
29,93,254
29,100,124
29,107,43
29,109,164
29,110,97
29,112,24
29,123,107
29,128,19
29,144,154
29,150,290
29,158,290
29,169,384
29,176,61
29,177,154
29,184,237
29,193,64
29,200,359
30,4,15
30,6,285
30,7,320
30,8,144
30,12,203
30,13,221
30,14,81
30,15,22
30,16,94
30,18,354
30,20,375
30,22,74
30,25,310
30,26,337
30,27,154
30,28,3
30,29,184
30,31,224
30,32,144
30,34,113
30,35,379
30,36,128
30,37,108
30,41,106
30,44,88
30,48,231
30,51,44
30,54,206
30,57,175
30,59,95
30,60,339
30,66,94
30,67,369
30,68,282
30,70,127
30,74,183
30,84,261
30,96,364
30,98,390
30,100,117
30,110,237
30,115,386
30,117,97
30,127,271
30,132,133
30,139,40
30,149,343
30,151,212
30,163,160
30,166,48
30,174,208
30,185,113
31,1,277
31,2,154
31,4,253
31,6,392
31,7,273
31,8,251
31,9,183
31,10,17
31,11,100
31,13,25
31,15,35
31,20,155
31,21,240
31,24,192
31,25,67
31,27,55
31,29,200
31,30,224
31,32,278
31,33,39
31,36,319
31,37,126
31,39,280
31,42,299
31,46,196
31,47,282
31,50,179
31,52,356
31,57,46
31,58,72
31,60,44
31,64,182
31,76,16
31,80,205
31,85,382
31,86,109
31,97,226
31,102,137
31,104,145
31,109,244
31,112,360
31,116,96
31,117,364
31,119,81
31,124,266
31,126,350
31,148,248
31,153,247
31,154,238
31,164,369
31,166,280
31,172,205
31,183,129
31,187,166
31,188,24
32,5,139
32,6,325
32,7,295
32,11,133
32,13,83
32,17,53
32,18,354
32,19,294
32,21,349
32,22,270
32,26,382
32,28,380
32,29,298
32,30,144
32,31,278
32,33,5
32,36,299
32,37,281
32,38,309
32,39,229
32,40,392
32,41,217
32,42,400
32,44,262
32,51,376
32,53,16
32,58,255
32,59,219
32,60,194
32,63,135
32,64,104
32,71,21
32,77,269
32,78,282
32,85,10
32,88,82
32,96,286
32,99,230
32,121,131
32,122,389
32,125,106
32,129,39
32,131,36
32,134,189
32,141,386
32,153,306
32,173,251
32,181,114
32,188,373
32,190,37
33,2,191
33,4,123
33,5,94
33,6,143
33,9,206
33,13,185
33,14,319
33,15,90
33,17,217
33,18,290
33,19,85
33,20,165
33,24,383
33,28,247
33,31,39
33,32,5
33,35,223
33,36,151
33,38,296
33,41,7
33,42,396
33,44,46
33,45,39
33,48,54
33,50,114
33,52,246
33,53,106
33,55,37
33,59,55
33,62,46
33,63,211
33,66,47
33,68,336
33,79,234
33,83,48
33,86,362
33,92,270
33,93,166
33,96,343
33,98,74
33,103,253
33,107,378
33,108,324
33,114,264
33,121,130
33,122,319
33,128,53
33,146,2
33,156,4
33,171,230
33,183,174
33,184,292
33,189,34
33,196,372
33,197,157
34,1,157
34,2,317
34,3,132
34,7,133
34,8,169
34,14,241
34,16,99
34,17,50
34,20,97
34,22,396
34,23,313
34,24,49
34,26,76
34,28,331
34,30,113
34,35,226
34,37,19
34,38,357
34,42,397
34,46,354
34,47,80
34,48,378
34,49,263
34,56,259
34,64,276
34,67,296
34,71,6
34,75,360
34,76,136
34,78,246
34,86,340
34,87,11
34,101,396
34,102,273
34,104,306
34,106,337
34,109,29
34,117,67
34,119,168
34,124,17
34,126,327
34,129,249
34,131,47
34,136,136
34,138,283
34,139,233
34,145,47
34,158,340
34,161,30
34,167,24
34,168,79
34,179,204
35,2,167
35,6,121
35,7,57
35,9,112
35,10,383
35,12,237
35,17,175
35,19,314
35,21,365
35,22,60
35,25,394
35,27,252
35,29,221
35,30,379
35,33,223
35,34,226
35,36,198
35,39,27
35,40,97
35,42,17
35,43,346
35,50,251
35,55,82
35,58,10
35,59,156
35,61,141
35,67,280
35,68,280
35,69,190
35,70,202
35,78,393
35,81,320
35,82,157
35,86,257
35,87,372
35,88,7
35,95,75
35,98,84
35,107,40
35,113,211
35,114,309
35,116,224
35,117,396
35,122,284
35,123,238
35,129,201
35,132,348
35,138,7
35,140,138
35,141,340
35,146,69
35,168,255
35,189,2
35,199,44
36,1,24
36,4,324
36,5,177
36,8,125
36,9,378
36,11,334
36,12,138
36,14,327
36,15,85
36,16,29
36,18,290
36,22,20
36,30,128
36,31,319
36,32,299
36,33,151
36,35,198
36,37,32
36,38,66
36,39,218
36,41,72
36,42,81
36,45,140
36,52,85
36,54,125
36,56,146
36,57,12
36,67,103
36,71,287
36,73,363
36,80,177
36,83,26
36,92,142
36,113,151
36,139,97
36,140,172
36,143,225
36,155,34
36,159,134
36,175,230
36,180,175
36,200,330
37,2,289
37,4,320
37,5,334
37,7,231
37,10,301
37,12,385
37,18,400
37,19,240
37,22,57
37,24,122
37,26,338
37,27,322
37,29,1
37,30,108
37,31,126
37,32,281
37,34,19
37,36,32
37,40,237
37,41,29
37,42,233
37,46,204
37,47,220
37,52,347
37,56,58
37,60,210
37,64,211
37,73,44
37,75,399
37,76,371
37,82,395
37,85,185
37,92,307
37,100,332
37,103,346
37,122,135
37,138,105
37,150,129
37,157,335
37,170,179
37,194,379
37,195,200
37,197,47
37,198,169
38,1,391
38,2,353
38,3,153
38,7,211
38,14,175
38,15,6
38,16,271
38,17,213
38,18,1
38,19,30
38,22,58
38,25,305
38,28,220
38,32,309
38,33,296
38,34,357
38,36,66
38,39,29
38,40,321
38,42,13
38,43,321
38,47,86
38,50,347
38,51,155
38,54,220
38,56,307
38,64,154
38,67,203
38,68,8
38,70,44
38,72,345
38,75,298
38,78,91
38,79,56
38,80,367
38,81,249
38,84,208
38,92,236
38,94,339
38,96,399
38,107,62
38,114,164
38,115,65
38,117,155
38,124,99
38,152,400
38,182,28
38,183,175
38,189,43
39,1,192
39,3,251
39,5,278
39,6,319
39,7,312
39,10,230
39,13,135
39,14,149
39,18,82
39,20,382
39,21,366
39,25,52
39,27,222
39,28,370
39,29,351
39,31,280
39,32,229
39,35,27
39,36,218
39,38,29
39,48,366
39,50,202
39,52,270
39,53,113
39,54,398
39,57,244
39,58,184
39,59,96
39,60,83
39,62,390
39,65,393
39,66,290
39,74,152
39,75,355
39,86,185
39,88,333
39,91,196
39,98,238
39,102,121
39,104,2
39,108,328
39,117,223
39,120,245
39,121,114
39,122,30
39,126,354
39,131,28
39,135,142
39,175,233
40,4,41
40,6,131
40,8,269
40,11,334
40,12,20
40,13,22
40,15,89
40,16,309
40,17,275
40,19,66
40,20,60
40,22,172
40,23,269
40,25,109
40,32,392
40,35,97
40,37,237
40,38,321
40,42,237
40,43,133
40,44,128
40,46,212
40,51,184
40,54,75
40,58,61
40,59,205
40,62,93
40,66,39
40,74,381
40,75,194
40,76,347
40,78,89
40,83,82
40,88,329
40,92,298
40,96,34
40,98,252
40,123,221
40,153,191
40,161,97
40,165,14
40,190,150
41,2,304
41,3,263
41,7,332
41,10,198
41,11,137
41,13,220
41,17,357
41,18,264
41,19,358
41,23,104
41,24,286
41,25,114
41,26,230
41,30,106
41,32,217
41,33,7
41,36,72
41,37,29
41,45,83
41,46,177
41,51,216
41,53,176
41,54,330
41,55,60
41,59,14
41,60,366
41,62,245
41,63,41
41,68,319
41,69,58
41,73,277
41,74,400
41,76,41
41,77,202
41,79,400
41,80,154
41,81,337
41,83,153
41,94,395
41,95,77
41,97,105
41,99,155
41,100,158
41,108,296
41,109,220
41,110,23
41,114,396
41,115,63
41,117,337
41,118,57
41,124,4
41,127,232
41,137,195
41,149,14
41,150,167
41,158,318
41,165,33
41,166,28
41,167,46
41,173,3
41,178,341
42,1,85
42,2,250
42,5,30
42,7,397
42,11,347
42,19,245
42,22,324
42,23,135
42,24,230
42,26,252
42,31,299
42,32,400
42,33,396
42,34,397
42,35,17
42,36,81
42,37,233
42,38,13
42,40,237
42,44,133
42,45,169
42,51,168
42,56,232
42,63,321
42,64,289
42,67,247
42,71,24
42,84,63
42,87,275
42,89,152
42,102,170
42,103,245
42,108,21
42,113,389
42,115,372
42,118,19
42,121,304
42,129,1
42,139,114
42,151,19
42,153,339
42,156,164
42,162,275
42,166,300
42,176,157
42,178,236
42,187,18
42,188,297
42,190,349
42,197,302
43,1,55
43,4,155
43,5,75
43,6,71
43,8,8
43,9,208
43,14,50
43,17,113
43,21,141
43,22,43
43,23,310
43,26,271
43,27,351
43,35,346
43,38,321
43,40,133
43,44,294
43,47,114
43,58,152
43,62,79
43,66,35
43,69,233
43,73,113
43,78,101
43,79,140
43,81,326
43,83,150
43,85,351
43,93,55
43,95,72
43,103,336
43,105,83
43,112,115
43,122,320
43,127,315
43,132,387
43,139,91
43,144,43
43,149,36
43,160,250
43,164,346
43,178,207
43,180,120
43,185,373
43,195,212
43,197,314
44,1,353
44,2,88
44,7,65
44,10,20
44,12,220
44,15,45
44,20,86
44,22,313
44,23,100
44,24,16
44,25,95
44,28,26
44,30,88
44,32,262
44,33,46
44,40,128
44,42,133
44,43,294
44,46,299
44,47,329
44,48,96
44,49,117
44,50,270
44,60,213
44,72,180
44,74,129
44,82,233
44,88,233
44,90,271
44,93,219
44,94,243
44,96,397
44,103,12
44,110,386
44,111,275
44,118,122
44,119,249
44,120,118
44,122,165
44,143,185
44,151,355
44,152,42
44,162,365
44,163,296
44,167,56
44,174,97
44,183,332
44,198,376
45,7,81
45,12,165
45,15,400
45,16,219
45,17,51
45,19,301
45,20,114
45,22,326
45,24,190
45,26,215
45,27,202
45,28,246
45,33,39
45,36,140
45,41,83
45,42,169
45,46,341
45,47,191
45,49,214
45,50,356
45,52,59
45,59,142
45,60,385
45,61,376
45,65,178
45,69,49
45,71,51
45,72,297
45,79,386
45,83,345
45,84,53
45,86,9
45,91,194
45,96,378
45,98,33
45,102,134
45,103,228
45,107,287
45,110,15
45,111,45
45,116,352
45,125,236
45,130,125
45,133,3
45,134,21
45,135,54
45,145,90
45,150,297
45,161,98
45,162,64
45,163,121
45,168,37
45,169,304
45,171,175
45,172,221
45,189,125
45,194,343
45,199,12
46,3,119
46,6,216
46,7,79
46,8,178
46,9,311
46,10,346
46,15,221
46,18,332
46,22,111
46,23,34
46,24,127
46,31,196
46,34,354
46,37,204
46,40,212
46,41,177
46,44,299
46,45,341
46,47,42
46,50,211
46,51,291
46,53,190
46,54,18
46,57,87
46,64,287
46,68,92
46,71,259
46,72,272
46,77,125
46,84,74
46,86,132
46,89,288
46,90,296
46,91,227
46,98,219
46,100,187
46,104,28
46,112,56
46,118,200
46,131,19
46,134,375
46,143,54
46,152,201
46,159,126
46,160,75
46,163,193
46,173,117
46,180,124
46,183,224
46,194,201
47,2,92
47,6,312
47,7,199
47,16,254
47,22,316
47,24,127
47,27,393
47,31,282
47,34,80
47,37,220
47,38,86
47,43,114
47,44,329
47,45,191
47,46,42
47,49,166
47,52,357
47,55,165
47,59,375
47,60,229
47,64,57
47,65,10
47,70,381
47,73,261
47,74,188
47,81,37
47,88,247
47,91,214
47,93,193
47,99,71
47,103,333
47,105,259
47,107,200
47,110,254
47,114,180
47,116,380
47,123,382
47,129,314
47,137,25
47,141,68
47,143,179
47,149,327
47,153,219
47,162,69
47,170,156
47,171,56
47,197,166
48,2,34
48,4,86
48,5,189
48,6,171
48,10,200
48,11,186
48,14,303
48,15,88
48,16,179
48,20,219
48,23,18
48,26,236
48,29,298
48,30,231
48,33,54
48,34,378
48,39,366
48,44,96
48,51,318
48,55,322
48,62,14
48,65,140
48,73,169
48,74,38
48,75,287
48,83,67
48,89,44
48,91,121
48,111,193
48,128,315
48,137,380
48,144,400
48,147,122
48,151,362
48,154,177
48,170,211
48,174,24
48,181,63
48,191,270
48,197,388
49,2,335
49,4,80
49,5,144
49,9,236
49,11,345
49,12,235
49,14,109
49,18,222
49,20,98
49,23,212
49,24,225
49,26,327
49,29,114
49,34,263
49,44,117
49,45,214
49,47,166
49,51,271
49,55,220
49,57,103
49,58,383
49,64,297
49,76,217
49,78,131
49,79,270
49,80,143
49,87,273
49,91,9
49,92,326
49,96,142
49,98,264
49,105,150
49,107,111
49,108,87
49,118,120
49,132,125
49,140,362
49,157,251
49,159,45
49,178,99
49,180,125
49,186,400
50,1,280
50,4,337
50,5,29
50,6,16
50,9,380
50,10,226
50,25,359
50,27,226
50,28,170
50,31,179
50,33,114
50,35,251
50,38,347
50,39,202
50,44,270
50,45,356
50,46,211
50,52,254
50,58,185
50,60,215
50,61,353
50,63,224
50,66,169
50,71,137
50,74,392
50,75,181
50,77,352
50,80,336
50,81,146
50,83,206
50,87,385
50,89,369
50,94,226
50,95,370
50,105,129
50,106,258
50,113,41
50,128,184
50,134,395
50,140,177
50,142,27
50,150,392
50,177,339
50,178,314
50,192,345
51,1,31
51,5,333
51,9,277
51,10,198
51,11,53
51,13,195
51,28,114
51,29,115
51,30,44
51,32,376
51,38,155
51,40,184
51,41,216
51,42,168
51,46,291
51,48,318
51,49,271
51,52,189
51,53,78
51,54,236
51,63,1
51,64,154
51,66,206
51,69,4
51,71,105
51,72,147
51,82,122
51,84,192
51,86,359
51,87,154
51,91,389
51,100,345
51,102,174
51,105,194
51,108,173
51,115,330
51,120,260
51,128,225
51,129,359
51,140,93
51,147,293
51,152,285
51,153,396
51,157,261
51,161,72
51,163,262
51,164,203
51,174,389
51,191,104
51,199,87
52,1,345
52,4,375
52,6,279
52,12,356
52,13,164
52,16,284
52,17,34
52,20,83
52,25,361
52,31,356
52,33,246
52,36,85
52,37,347
52,39,270
52,45,59
52,47,357
52,50,254
52,51,189
52,54,41
52,55,268
52,57,53
52,62,358
52,64,249
52,65,67
52,68,169
52,71,302
52,73,61
52,85,332
52,91,329
52,112,35
52,121,390
52,126,170
52,137,308
52,139,310
52,140,314
52,146,364
52,149,384
52,155,91
52,156,238
52,159,91
52,165,174
52,176,320
52,182,229
52,188,263
53,4,65
53,5,305
53,6,13
53,7,18
53,9,227
53,11,58
53,12,386
53,15,112
53,20,291
53,21,127
53,25,35
53,29,212
53,32,16
53,33,106
53,39,113
53,41,176
53,46,190
53,51,78
53,54,140
53,56,180
53,59,375
53,62,188
53,68,345
53,70,42
53,76,204
53,78,188
53,80,277
53,84,137
53,88,392
53,96,260
53,98,54
53,99,146
53,105,129
53,110,82
53,116,72
53,123,280
53,125,310
53,127,210
53,135,268
53,136,122
53,148,132
53,150,285
53,157,102
53,170,319
53,186,192
53,193,159
54,1,358
54,2,360
54,16,84
54,17,172
54,19,398
54,20,258
54,25,388
54,26,82
54,27,204
54,30,206
54,36,125
54,38,220
54,39,398
54,40,75
54,41,330
54,46,18
54,51,236
54,52,41
54,53,140
54,55,277
54,56,384
54,57,123
54,76,357
54,80,144
54,81,39
54,88,382
54,89,197
54,94,154
54,99,208
54,101,367
54,108,151
54,111,333
54,116,38
54,118,96
54,135,36
54,140,118
54,142,114
54,147,147
54,166,368
54,168,22
54,172,189
54,173,171
54,180,288
54,189,315
55,2,273
55,6,386
55,9,368
55,10,58
55,14,30
55,17,395
55,21,369
55,22,152
55,33,37
55,35,82
55,41,60
55,47,165
55,48,322
55,49,220
55,52,268
55,54,277
55,57,94
55,60,82
55,61,360
55,64,75
55,65,361
55,69,27
55,71,122
55,88,40
55,89,129
55,97,140
55,106,23
55,115,298
55,116,271
55,126,138
55,136,121
55,137,332
55,142,108
55,146,293
55,157,268
55,159,373
55,176,311
55,178,269
55,187,52
56,11,59
56,14,93
56,19,251
56,21,380
56,22,131
56,24,181
56,25,232
56,26,221
56,29,295
56,34,259
56,36,146
56,37,58
56,38,307
56,42,232
56,53,180
56,54,384
56,61,286
56,65,91
56,67,321
56,71,347
56,76,16
56,81,317
56,83,85
56,103,302
56,106,300
56,111,238
56,116,357
56,123,111
56,135,10
56,159,123
56,164,389
56,170,334
56,173,340
56,197,318
56,198,55
57,4,305
57,5,289
57,9,312
57,11,44
57,15,153
57,18,293
57,21,379
57,26,180
57,28,330
57,30,175
57,31,46
57,36,12
57,39,244
57,46,87
57,49,103
57,52,53
57,54,123
57,55,94
57,66,150
57,75,65
57,78,216
57,82,237
57,83,399
57,85,385
57,88,195
57,96,134
57,97,151
57,98,296
57,100,305
57,104,87
57,115,28
57,120,335
57,121,16
57,126,176
57,130,142
57,133,383
57,134,171
57,141,308
57,144,100
57,157,39
57,171,339
57,172,56
57,176,141
57,181,334
57,183,79
57,191,235
58,2,174
58,5,175
58,6,93
58,10,133
58,14,379
58,18,215
58,19,295
58,20,270
58,29,361
58,31,72
58,32,255
58,35,10
58,39,184
58,40,61
58,43,152
58,49,383
58,50,185
58,62,132
58,69,45
58,73,247
58,78,241
58,79,159
58,80,136
58,90,344
58,96,147
58,98,17
58,99,288
58,101,347
58,104,244
58,105,99
58,108,171
58,110,180
58,112,174
58,113,263
58,114,372
58,115,91
58,117,132
58,121,270
58,133,238
58,138,269
58,148,79
58,165,151
58,188,217
58,189,329
58,200,83
59,4,156
59,6,307
59,8,256
59,11,327
59,16,66
59,19,138
59,20,154
59,21,250
59,23,7
59,30,95
59,32,219
59,33,55
59,35,156
59,39,96
59,40,205
59,41,14
59,45,142
59,47,375
59,53,375
59,61,76
59,64,140
59,70,172
59,73,92
59,76,183
59,78,215
59,81,227
59,82,46
59,86,127
59,89,218
59,94,111
59,97,336
59,101,324
59,105,175
59,106,66
59,126,149
59,133,255
59,145,278
59,156,310
59,172,84
59,181,27
59,189,188
59,190,36
60,6,201
60,9,176
60,10,18
60,11,370
60,19,336
60,20,384
60,24,258
60,25,50
60,30,339
60,31,44
60,32,194
60,37,210
60,39,83
60,41,366
60,44,213
60,45,385
60,47,229
60,50,215
60,55,82
60,62,76
60,63,103
60,66,194
60,69,118
60,70,87
60,71,10
60,72,326
60,79,314
60,81,151
60,82,188
60,84,259
60,93,70
60,99,159
60,106,33
60,109,316
60,112,313
60,126,347
60,127,366
60,133,284
60,135,275
60,142,310
60,143,308
60,194,302
61,1,185
61,3,198
61,4,163
61,5,157
61,8,379
61,9,297
61,10,32
61,18,347
61,21,194
61,23,246
61,24,99
61,25,213
61,35,141
61,45,376
61,50,353
61,55,360
61,56,286
61,59,76
61,65,120
61,69,66
61,71,9
61,76,54
61,80,16
61,85,328
61,86,159
61,89,238
61,90,81
61,94,151
61,100,9
61,101,98
61,103,77
61,106,287
61,107,62
61,110,131
61,128,124
61,130,113
61,132,308
61,134,126
61,137,224
61,149,363
61,155,18
61,174,260
61,184,2
61,192,145
61,194,75
61,197,130
62,5,359
62,10,34
62,13,76
62,20,204
62,21,315
62,27,141
62,29,363
62,33,46
62,39,390
62,40,93
62,41,245
62,43,79
62,48,14
62,52,358
62,53,188
62,58,132
62,60,76
62,68,237
62,69,134
62,72,235
62,73,352
62,79,241
62,82,38
62,88,335
62,93,332
62,95,323
62,102,334
62,115,72
62,117,277
62,124,191
62,125,225
62,127,6
62,128,301
62,134,264
62,148,322
62,183,260
62,189,292
62,191,5
63,4,299
63,7,79
63,8,396
63,9,55
63,10,152
63,11,343
63,13,98
63,14,202
63,17,107
63,20,253
63,28,23
63,32,135
63,33,211
63,41,41
63,42,321
63,50,224
63,51,1
63,60,103
63,70,239
63,74,247
63,75,331
63,87,210
63,96,75
63,99,25
63,108,228
63,111,256
63,113,354
63,120,359
63,138,150
63,143,291
63,167,273
63,180,41
63,182,309
63,186,254
64,1,355
64,3,296
64,6,291
64,9,175
64,13,306
64,18,106
64,23,177
64,31,182
64,32,104
64,34,276
64,37,211
64,38,154
64,42,289
64,46,287
64,47,57
64,49,297
64,51,154
64,52,249
64,55,75
64,59,140
64,67,241
64,78,180
64,81,182
64,83,91
64,87,112
64,90,317
64,95,78
64,105,24
64,109,297
64,110,31
64,114,243
64,122,51
64,126,130
64,137,237
64,139,346
64,143,388
64,144,392
64,145,68
64,155,86
64,176,141
64,187,257
64,193,400
65,1,37
65,3,84
65,5,130
65,6,37
65,8,350
65,10,141
65,12,231
65,14,182
65,17,29
65,21,257
65,25,177
65,39,393
65,45,178
65,47,10
65,48,140
65,52,67
65,55,361
65,56,91
65,61,120
65,68,85
65,82,7
65,87,144
65,91,375
65,99,86
65,103,184
65,108,135
65,114,301
65,130,392
65,131,367
65,147,228
65,154,131
65,157,33
65,163,151
65,179,82
65,198,308
66,4,304
66,8,43
66,10,366
66,14,136
66,15,311
66,17,214
66,22,203
66,23,264
66,24,281
66,26,220
66,30,94
66,33,47
66,39,290
66,40,39
66,43,35
66,50,169
66,51,206
66,57,150
66,60,194
66,75,29
66,82,40
66,85,109
66,98,349
66,109,55
66,111,61
66,115,269
66,119,256
66,121,220
66,124,363
66,132,378
66,135,342
66,150,394
66,187,377
66,188,29
67,2,138
67,4,240
67,7,357
67,9,20
67,11,392
67,14,247
67,20,67
67,21,286
67,26,213
67,30,369
67,34,296
67,35,280
67,36,103
67,38,203
67,42,247
67,56,321
67,64,241
67,68,291
67,72,174
67,74,16
67,81,40
67,87,222
67,89,281
67,101,266
67,104,323
67,105,67
67,113,369
67,115,67
67,118,217
67,121,372
67,128,42
67,129,318
67,135,7
67,165,280
67,178,120
67,187,317
67,199,254
68,9,100
68,11,29
68,14,291
68,15,366
68,19,101
68,25,50
68,26,214
68,27,329
68,30,282
68,33,336
68,35,280
68,38,8
68,41,319
68,46,92
68,52,169
68,53,345
68,62,237
68,65,85
68,67,291
68,74,270
68,77,19
68,83,381
68,85,24
68,101,386
68,102,32
68,104,214
68,105,139
68,112,182
68,118,85
68,131,331
68,139,373
68,164,183
68,168,21
68,178,187
68,182,208
68,193,103
69,3,243
69,4,280
69,5,195
69,10,156
69,12,157
69,15,52
69,17,396
69,24,206
69,28,63
69,29,25
69,35,190
69,41,58
69,43,233
69,45,49
69,51,4
69,55,27
69,58,45
69,60,118
69,61,66
69,62,134
69,70,160
69,75,361
69,77,258
69,93,25
69,94,234
69,101,337
69,104,116
69,109,208
69,113,349
69,124,253
69,127,140
69,130,54
69,134,146
69,135,226
69,136,261
69,196,171
70,1,249
70,2,343
70,9,166
70,14,349
70,19,310
70,22,120
70,24,235
70,26,107
70,27,216
70,29,62
70,30,127
70,35,202
70,38,44
70,47,381
70,53,42
70,59,172
70,60,87
70,63,239
70,69,160
70,71,62
70,74,15
70,80,381
70,84,71
70,86,361
70,95,171
70,97,380
70,106,391
70,110,371
70,111,337
70,118,227
70,122,229
70,124,351
70,130,241
70,135,26
70,138,273
70,151,302
70,155,129
70,157,112
70,161,125
70,162,326
70,167,239
70,168,95
70,169,142
70,174,70
70,179,64
70,183,89
70,184,285
70,185,79
70,189,46
71,9,354
71,11,385
71,13,307
71,19,42
71,20,317
71,26,315
71,32,21
71,34,6
71,36,287
71,42,24
71,45,51
71,46,259
71,50,137
71,51,105
71,52,302
71,55,122
71,56,347
71,60,10
71,61,9
71,70,62
71,75,64
71,76,247
71,81,26
71,85,351
71,91,125
71,93,4
71,95,346
71,115,225
71,120,209
71,122,372
71,126,148
71,131,270
71,134,239
71,137,272
71,141,349
71,142,301
71,150,160
71,167,151
72,1,323
72,3,319
72,7,201
72,8,306
72,11,163
72,13,242
72,18,349
72,21,36
72,22,188
72,23,179
72,24,262
72,25,118
72,38,345
72,44,180
72,45,297
72,46,272
72,51,147
72,60,326
72,62,235
72,67,174
72,73,322
72,75,381
72,76,140
72,79,263
72,84,166
72,85,31
72,86,154
72,90,173
72,95,191
72,97,261
72,110,333
72,137,211
72,160,36
72,183,9
72,191,97
72,195,72
72,199,75
73,15,24
73,16,276
73,17,22
73,19,322
73,25,305
73,26,157
73,27,294
73,36,363
73,37,44
73,41,277
73,43,113
73,47,261
73,48,169
73,52,61
73,58,247
73,59,92
73,62,352
73,72,322
73,77,340
73,87,6
73,95,142
73,97,216
73,103,342
73,125,158
73,132,333
73,166,75
73,168,280
73,169,94
73,191,165
74,11,263
74,14,314
74,19,69
74,21,66
74,24,322
74,28,278
74,30,183
74,39,152
74,40,381
74,41,400
74,44,129
74,47,188
74,48,38
74,50,392
74,63,247
74,67,16
74,68,270
74,70,15
74,75,208
74,76,285
74,77,191
74,80,395
74,84,37
74,85,74
74,93,205
74,96,48
74,100,94
74,106,373
74,111,373
74,113,280
74,115,224
74,116,314
74,127,137
74,151,114
74,161,303
74,174,127
74,178,273
74,198,37
75,6,158
75,7,239
75,14,296
75,20,169
75,25,69
75,26,229
75,27,185
75,34,360
75,37,399
75,38,298
75,39,355
75,40,194
75,48,287
75,50,181
75,57,65
75,63,331
75,66,29
75,69,361
75,71,64
75,72,381
75,74,208
75,77,290
75,83,199
75,85,237
75,86,18
75,90,117
75,93,96
75,104,322
75,114,308
75,115,26
75,134,227
75,142,142
75,148,191
75,158,40
75,159,154
75,162,50
75,167,210
75,171,291
75,179,306
75,192,400
75,197,254
75,199,396
76,1,139
76,3,131
76,8,306
76,11,9
76,24,73
76,28,255
76,29,37
76,31,16
76,34,136
76,37,371
76,40,347
76,41,41
76,49,217
76,53,204
76,54,357
76,56,16
76,59,183
76,61,54
76,71,247
76,72,140
76,74,285
76,77,212
76,84,289
76,93,50
76,109,267
76,112,122
76,116,9
76,124,321
76,125,16
76,128,66
76,134,154
76,135,81
76,146,165
76,164,338
76,180,200
77,1,129
77,6,286
77,7,130
77,11,108
77,13,255
77,16,251
77,20,257
77,21,311
77,24,52
77,25,161
77,29,16
77,32,269
77,41,202
77,46,125
77,50,352
77,68,19
77,69,258
77,73,340
77,74,191
77,75,290
77,76,212
77,78,288
77,81,151
77,85,291
77,86,282
77,102,199
77,111,264
77,116,385
77,127,66
77,131,394
77,156,72
77,157,276
77,164,58
77,167,42
77,180,91
77,188,203
77,189,132
77,190,240
77,193,120
77,194,25
77,195,3
77,200,339
78,6,283
78,9,143
78,11,297
78,17,331
78,21,237
78,23,278
78,32,282
78,34,246
78,35,393
78,38,91
78,40,89
78,43,101
78,49,131
78,53,188
78,57,216
78,58,241
78,59,215
78,64,180
78,77,288
78,84,262
78,94,76
78,95,280
78,107,59
78,113,81
78,122,170
78,130,213
78,141,181
78,145,66
78,156,322
78,162,161
78,178,68
78,191,190
79,1,21
79,7,153
79,9,282
79,12,34
79,16,15
79,17,254
79,18,154
79,33,234
79,38,56
79,41,400
79,43,140
79,45,386
79,49,270
79,58,159
79,60,314
79,62,241
79,72,263
79,81,353
79,82,268
79,94,133
79,99,186
79,110,35
79,136,178
79,137,171
79,138,356
79,182,332
79,197,224
80,2,209
80,6,334
80,8,217
80,16,100
80,17,377
80,23,249
80,31,205
80,36,177
80,38,367
80,41,154
80,49,143
80,50,336
80,53,277
80,54,144
80,58,136
80,61,16
80,70,381
80,74,395
80,82,276
80,96,175
80,98,347
80,101,103
80,103,25
80,104,83
80,112,210
80,115,260
80,123,392
80,128,154
80,142,146
80,151,102
80,164,31
80,165,222
80,166,203
80,169,328
80,171,102
80,191,28
81,15,109
81,19,277
81,24,48
81,28,19
81,29,186
81,35,320
81,38,249
81,41,337
81,43,326
81,47,37
81,50,146
81,54,39
81,56,317
81,59,227
81,60,151
81,64,182
81,67,40
81,71,26
81,77,151
81,79,353
81,83,225
81,85,5
81,90,30
81,97,24
81,104,66
81,110,351
81,126,363
81,132,170
81,133,19
81,135,336
81,150,64
81,155,270
81,159,108
81,162,273
81,172,288
81,173,66
81,177,190
81,195,123
82,6,237
82,9,348
82,20,116
82,21,40
82,23,65
82,25,98
82,35,157
82,37,395
82,44,233
82,51,122
82,57,237
82,59,46
82,60,188
82,62,38
82,65,7
82,66,40
82,79,268
82,80,276
82,87,379
82,91,137
82,92,63
82,94,114
82,97,173
82,101,225
82,106,220
82,123,40
82,124,180
82,127,199
82,136,5
82,143,180
82,146,234
82,160,340
82,161,383
82,173,10
82,180,356
82,196,224
83,2,312
83,5,346
83,10,60
83,11,132
83,13,315
83,16,97
83,17,376
83,33,48
83,36,26
83,40,82
83,41,153
83,43,150
83,45,345
83,48,67
83,50,206
83,56,85
83,57,399
83,64,91
83,68,381
83,75,199
83,81,225
83,87,198
83,89,313
83,104,394
83,113,71
83,121,327
83,129,42
83,141,386
83,145,241
83,160,214
83,161,264
83,164,283
83,170,188
83,187,225
84,2,268
84,12,26
84,16,226
84,17,243
84,19,195
84,22,282
84,27,86
84,30,261
84,38,208
84,42,63
84,45,53
84,46,74
84,51,192
84,53,137
84,60,259
84,70,71
84,72,166
84,74,37
84,76,289
84,78,262
84,85,44
84,94,195
84,97,265
84,98,212
84,105,5
84,108,343
84,109,56
84,119,297
84,125,284
84,130,242
84,132,277
84,147,142
84,160,285
84,175,375
84,182,207
84,190,75
85,11,30
85,12,292
85,13,34
85,14,177
85,17,29
85,31,382
85,32,10
85,37,185
85,43,351
85,52,332
85,57,385
85,61,328
85,66,109
85,68,24
85,71,351
85,72,31
85,74,74
85,75,237
85,77,291
85,81,5
85,84,44
85,86,193
85,94,21
85,96,301
85,97,320
85,100,162
85,103,292
85,108,150
85,109,326
85,111,337
85,112,327
85,122,149
85,125,119
85,131,116
85,134,76
85,139,371
85,165,241
85,172,56
85,183,395
85,186,164
86,4,137
86,7,82
86,11,4
86,12,372
86,15,210
86,28,139
86,31,109
86,33,362
86,34,340
86,35,257
86,39,185
86,45,9
86,46,132
86,51,359
86,59,127
86,61,159
86,70,361
86,72,154
86,75,18
86,77,282
86,85,193
86,91,392
86,92,346
86,99,60
86,103,156
86,107,322
86,112,39
86,113,393
86,119,99
86,123,334
86,125,212
86,127,104
86,132,138
86,136,373
86,138,246
86,147,297
86,153,285
86,165,359
86,168,160
86,169,242
86,171,189
87,2,266
87,7,4
87,8,3
87,15,165
87,16,374
87,19,201
87,26,52
87,34,11
87,35,372
87,42,275
87,49,273
87,50,385
87,51,154
87,63,210
87,64,112
87,65,144
87,67,222
87,73,6
87,82,379
87,83,198
87,88,394
87,89,133
87,90,381
87,99,46
87,102,27
87,103,361
87,106,286
87,109,154
87,113,296
87,114,48
87,117,262
87,121,371
87,123,227
87,134,241
87,135,270
87,136,3
87,137,12
87,140,192
87,157,134
87,179,164
87,193,231
87,195,157
88,5,214
88,9,161
