source,target,weight
1,2,357
1,3,65
1,4,252
1,6,49
1,8,273
1,9,117
1,10,29
1,11,122
1,12,273
1,14,227
1,16,70
1,19,382
1,20,46
1,21,336
1,22,365
1,23,151
1,26,400
1,27,251
1,28,268
1,29,360
1,34,68
1,35,348
1,36,22
1,38,78
1,39,187
1,40,285
1,42,343
1,43,352
1,44,160
1,46,6
1,48,272
1,49,150
1,50,129
1,53,67
1,54,56
1,55,30
1,57,150
1,58,27
1,59,56
1,60,340
1,61,245
1,62,376
1,63,258
1,64,210
1,65,179
1,66,365
1,67,165
1,68,89
1,72,328
1,74,233
1,75,89
1,77,395
1,79,75
1,80,259
1,82,134
1,83,86
1,85,121
1,86,220
1,87,234
1,89,19
1,90,269
1,93,383
1,96,385
1,97,94
1,98,109
1,99,109
1,102,198
1,103,210
1,104,230
1,107,81
1,109,272
1,110,292
1,111,361
1,112,163
1,114,16
1,115,46
1,118,175
1,122,245
1,124,246
1,126,314
1,131,244
1,133,79
1,135,344
1,136,56
1,137,276
1,139,303
1,141,96
1,150,396
1,160,361
1,161,201
1,163,160
1,171,213
1,176,345
1,179,205
1,180,348
1,183,379
1,185,249
1,186,67
1,187,362
1,193,361
1,198,302
1,199,33
2,1,357
2,3,127
2,4,10
2,5,291
2,6,345
2,8,157
2,9,391
2,10,325
2,11,324
2,13,130
2,16,15
2,17,189
2,18,79
2,19,120
2,20,201
2,21,379
2,23,320
2,25,147
2,26,393
2,27,164
2,28,244
2,29,75
2,31,35
2,32,122
2,33,97
2,35,378
2,36,303
2,39,230
2,43,86
2,45,362
2,46,324
2,47,310
2,48,158
2,49,384
2,52,234
2,53,99
2,54,372
2,55,394
2,56,319
2,57,317
2,61,16
2,62,345
2,64,281
2,66,255
2,67,191
2,70,5
2,73,206
2,74,138
2,76,80
2,77,233
2,78,166
2,80,212
2,81,342
2,84,361
2,86,281
2,87,350
2,88,121
2,89,279
2,91,297
2,92,11
2,93,31
2,94,298
2,97,68
2,98,54
2,100,392
2,106,335
2,107,44
2,108,326
2,113,164
2,118,93
2,120,293
2,122,6
2,124,205
2,125,137
2,131,351
2,134,310
2,135,362
2,136,135
2,137,225
2,138,349
2,140,185
2,142,152
2,154,290
2,157,36
2,159,364
2,161,215
2,162,242
2,167,50
2,168,267
2,170,291
2,176,299
2,177,52
2,181,361
2,182,16
2,192,58
2,196,177
2,198,316
2,200,55
3,1,65
3,2,127
3,4,334
3,5,303
3,8,287
3,9,270
3,10,390
3,12,94
3,13,216
3,14,241
3,15,398
3,16,84
3,17,315
3,19,59
3,20,56
3,22,178
3,24,269
3,25,351
3,26,246
3,27,385
3,29,125
3,30,234
3,31,396
3,32,56
3,33,396
3,34,208
3,36,245
3,37,329
3,38,77
3,39,144
3,40,389
3,41,2
3,42,40
3,43,358
3,44,99
3,46,204
3,47,195
3,49,137
3,50,62
3,52,197
3,54,230
3,56,249
3,58,231
3,59,316
3,61,239
3,69,163
3,70,6
3,71,398
3,72,43
3,73,287
3,75,284
3,77,78
3,78,233
3,80,383
3,82,377
3,83,282
3,84,329
3,85,11
3,86,343
3,91,262
3,93,257
3,94,279
3,96,286
3,97,344
3,98,210
3,99,53
3,104,267
3,105,338
3,106,350
3,112,79
3,115,232
3,116,77
3,120,397
3,121,110
3,123,259
3,124,248
3,126,371
3,127,173
3,130,249
3,132,299
3,134,398
3,136,329
3,138,78
3,143,307
3,145,319
3,146,93
3,147,249
3,149,349
3,152,90
3,155,70
3,161,202
3,164,328
3,167,275
3,170,93
3,171,92
3,174,218
3,177,278
3,180,60
3,183,123
3,199,374
3,200,335
4,1,252
4,2,10
4,3,334
4,5,146
4,7,211
4,8,160
4,9,273
4,11,124
4,12,259
4,13,219
4,14,176
4,15,229
4,18,40
4,19,25
4,21,164
4,22,186
4,23,310
4,24,200
4,25,361
4,26,159
4,27,59
4,28,77
4,30,246
4,31,244
4,32,66
4,33,242
4,34,118
4,35,252
4,38,1
4,39,341
4,40,349
4,41,335
4,43,235
4,46,393
4,47,103
4,49,362
4,50,252
4,51,310
4,52,309
4,53,341
4,55,275
4,56,196
4,57,55
4,60,189
4,61,286
4,63,48
4,64,250
4,65,173
4,66,77
4,69,204
4,70,360
4,71,317
4,72,359
4,73,161
4,76,115
4,78,283
4,79,303
4,80,114
4,84,384
4,85,296
4,88,164
4,89,149
4,90,190
4,93,14
4,96,322
4,97,225
4,99,241
4,100,240
4,103,105
4,105,399
4,107,101
4,108,235
4,116,340
4,117,145
4,119,146
4,120,67
4,121,380
4,122,177
4,124,347
4,127,148
4,128,281
4,131,280
4,136,298
4,138,70
4,139,130
4,142,81
4,147,99
4,162,49
4,170,291
4,172,321
4,173,342
4,183,30
4,184,378
4,185,233
4,187,357
4,192,347
4,197,375
4,198,293
5,2,291
5,3,303
5,4,146
5,6,24
5,7,62
5,9,237
5,10,377
5,12,120
5,13,255
5,14,145
5,15,300
5,16,165
5,17,11
5,21,115
5,26,192
5,27,345
5,28,395
5,29,193
5,30,244
5,31,227
5,32,116
5,33,6
5,36,63
5,37,282
5,39,188
5,40,68
5,42,84
5,43,43
5,44,68
5,46,132
5,47,343
5,50,184
5,51,258
5,52,39
5,53,189
5,54,193
5,58,28
5,59,308
5,60,15
5,63,21
5,64,245
5,65,44
5,67,210
5,68,224
5,69,251
5,70,377
5,71,243
5,74,111
5,75,221
5,76,163
5,77,4
5,80,94
5,82,360
5,83,11
5,85,139
5,86,307
5,89,295
5,91,267
5,93,71
5,94,177
5,99,357
5,100,268
5,101,308
5,105,250
5,106,400
5,107,343
5,112,246
5,114,371
5,121,292
5,126,79
5,129,102
5,130,345
5,133,353
5,134,10
5,135,45
5,139,213
5,142,30
5,144,259
5,145,177
5,147,206
5,151,320
5,155,2
5,159,343
5,162,72
5,163,105
5,167,8
5,171,355
5,172,352
5,187,20
5,192,255
5,193,113
6,1,49
6,2,345
6,5,24
6,7,321
6,9,328
6,10,316
6,12,18
6,13,293
6,15,97
6,16,279
6,19,84
6,20,388
6,21,397
6,22,389
6,23,289
6,26,346
6,27,176
6,28,106
6,33,380
6,34,96
6,35,237
6,36,148
6,37,334
6,38,276
6,40,339
6,42,198
6,45,57
6,46,388
6,47,129
6,48,119
6,51,10
6,52,349
6,53,243
6,56,269
6,57,377
6,58,232
6,59,296
6,60,182
6,64,200
6,65,274
6,66,315
6,67,269
6,68,154
6,70,255
6,71,283
6,72,89
6,73,352
6,75,206
6,76,270
6,77,79
6,83,276
6,85,341
6,86,212
6,88,277
6,89,177
6,91,77
6,92,22
6,93,161
6,96,372
6,97,117
6,98,132
6,102,388
6,103,202
6,104,313
6,105,135
6,106,245
6,107,94
6,110,182
6,111,338
6,114,68
6,115,196
6,117,192
6,118,141
6,121,124
6,126,230
6,130,38
6,133,185
6,134,210
6,141,208
6,142,334
6,143,280
6,144,389
6,145,331
6,149,151
6,152,277
6,155,276
6,157,361
6,162,363
6,163,148
6,164,195
6,165,393
6,166,237
6,173,92
6,179,342
6,184,315
6,185,323
6,188,134
6,190,384
6,196,67
6,199,285
7,4,211
7,5,62
7,6,321
7,8,19
7,10,171
7,13,138
7,14,282
7,17,86
7,18,308
7,22,161
7,23,269
7,25,6
7,29,364
7,31,127
7,34,99
7,35,133
7,39,176
7,41,23
7,43,116
7,44,97
7,45,100
7,46,67
7,48,109
7,49,243
7,55,398
7,57,21
7,58,341
7,59,359
7,60,190
7,61,229
7,62,44
7,65,257
7,66,399
7,67,176
7,69,392
7,73,159
7,74,49
7,77,146
7,78,244
7,79,270
7,80,231
7,81,320
7,82,361
7,83,252
7,84,219
7,85,206
7,86,252
7,88,281
7,89,346
7,91,393
7,92,328
7,95,300
7,96,148
7,98,203
7,99,149
7,100,38
7,101,227
7,103,3
7,104,344
7,105,381
7,109,352
7,115,353
7,116,54
7,118,301
7,121,212
7,122,103
7,123,39
7,124,176
7,125,282
7,126,288
7,127,157
7,128,300
7,129,113
7,130,327
7,134,7
7,137,162
7,139,78
7,141,40
7,146,139
7,148,323
7,151,257
7,152,149
7,155,73
7,157,133
7,161,145
7,164,136
7,165,163
7,168,65
7,172,170
7,175,103
7,182,168
7,183,91
7,187,273
7,188,167
7,196,23
7,198,296
7,200,208
8,1,273
8,2,157
8,3,287
8,4,160
8,7,19
8,9,205
8,10,37
8,11,24
8,12,86
8,14,182
8,16,146
8,17,386
8,18,286
8,20,71
8,21,215
8,23,261
8,25,177
8,26,22
8,27,218
8,29,12
8,30,38
8,31,2
8,32,128
8,33,330
8,34,358
8,35,55
8,36,79
8,37,76
8,38,82
8,39,152
8,41,181
8,42,212
8,43,326
8,45,41
8,46,130
8,47,306
8,49,195
8,50,296
8,51,242
8,52,316
8,54,272
8,56,91
8,58,301
8,63,85
8,65,305
8,66,337
8,68,375
8,70,379
8,73,345
8,75,134
8,79,269
8,80,46
8,81,164
8,82,36
8,83,192
8,84,279
8,85,348
8,86,72
8,91,64
8,93,281
8,96,59
8,99,109
8,101,244
8,103,276
8,107,352
8,108,151
8,109,352
8,111,263
8,112,123
8,118,363
8,119,100
8,121,302
8,124,345
8,125,115
8,127,141
8,128,173
8,129,44
8,130,134
8,136,239
8,138,97
8,139,246
8,143,249
8,145,113
8,147,337
8,149,102
8,150,252
8,151,269
8,152,13
8,153,140
8,156,29
8,158,132
8,170,196
8,177,229
8,181,264
8,186,381
8,190,282
8,195,244
8,198,274
9,1,117
9,2,391
9,3,270
9,4,273
9,5,237
9,6,328
9,8,205
9,11,352
9,12,2
9,13,28
9,14,298
9,16,86
9,17,158
9,18,116
9,19,306
9,20,5
9,21,239
9,22,330
9,23,210
9,24,55
9,25,27
9,26,351
9,28,280
9,29,280
9,30,316
9,31,182
9,32,246
9,33,126
9,34,200
9,35,208
9,36,270
9,38,239
9,40,148
9,43,292
9,44,202
9,46,32
9,48,380
9,49,72
9,50,49
9,52,34
9,53,115
9,54,323
9,56,224
9,57,344
9,58,175
9,60,336
9,62,119
9,63,127
9,64,243
9,65,301
9,66,329
9,67,325
9,68,245
9,69,370
9,70,48
9,72,370
9,73,395
9,74,51
9,75,15
9,76,35
9,81,247
9,85,186
9,86,108
9,87,114
9,88,132
9,92,19
9,93,111
9,95,84
9,97,209
9,98,118
9,101,205
9,102,378
9,104,113
9,105,108
9,106,77
9,107,45
9,109,329
9,110,170
9,112,311
9,113,376
9,114,144
9,115,74
9,116,224
9,117,314
9,118,158
9,119,77
9,122,131
9,127,168
9,129,23
9,131,254
9,138,332
9,146,117
9,148,359
9,149,317
9,151,5
9,152,360
9,154,365
9,155,74
9,156,375
9,157,145
9,158,398
9,159,251
9,161,352
9,162,61
9,164,181
9,174,168
9,177,18
9,178,171
9,186,60
9,190,97
9,191,35
9,193,235
9,194,175
9,199,367
10,1,29
10,2,325
10,3,390
10,5,377
10,6,316
10,7,171
10,8,37
10,11,48
10,12,78
10,13,41
10,14,82
10,16,58
10,18,250
10,19,56
10,20,322
10,21,222
10,23,176
10,24,270
10,25,39
10,26,251
10,27,250
10,29,311
10,30,157
10,32,80
10,34,251
10,40,394
10,41,241
10,42,3
10,43,127
10,44,184
10,45,228
10,46,67
10,47,125
10,48,295
10,50,272
10,53,208
10,55,233
10,56,173
10,57,257
10,58,195
10,60,126
10,61,100
10,62,270
10,63,152
10,64,319
10,65,254
10,66,268
10,67,254
10,68,259
10,70,147
10,71,210
10,72,29
10,73,266
10,74,336
10,76,167
10,77,127
10,78,249
10,79,284
10,80,167
10,81,273
10,82,129
10,83,145
10,84,234
10,85,234
10,88,371
10,90,134
10,91,288
10,94,35
10,95,10
10,96,130
10,100,280
10,101,135
10,103,165
10,104,66
10,107,392
10,109,163
10,111,1
10,112,74
10,114,5
10,119,370
10,120,230
10,122,220
10,125,390
10,126,2
10,127,46
10,129,228
10,131,157
10,132,217
10,137,131
10,139,230
10,142,233
10,147,390
10,160,133
10,161,287
10,164,166
10,167,315
10,171,260
10,173,49
10,176,59
10,182,128
10,184,161
10,185,133
10,186,384
10,187,218
10,194,130
10,198,58
11,1,122
11,2,324
11,4,124
11,8,24
11,9,352
11,10,48
11,12,82
11,15,102
11,17,156
11,18,303
11,19,130
11,20,245
11,22,293
11,23,60
11,25,197
11,26,388
11,30,321
11,31,24
11,34,94
11,37,312
11,39,291
11,40,280
11,42,242
11,44,246
11,45,242
11,51,307
11,52,29
11,54,223
11,56,192
11,58,269
11,61,80
11,62,278
11,64,171
11,65,236
11,69,90
11,70,214
11,71,102
11,73,229
11,74,293
11,77,27
11,80,98
11,83,1
11,84,393
11,86,206
11,88,196
11,90,384
11,91,182
11,102,296
11,103,334
11,104,110
11,105,9
11,109,196
11,121,300
11,124,149
11,125,385
11,128,181
11,130,292
11,133,166
11,135,372
11,136,198
11,138,152
11,150,81
11,154,70
11,158,354
11,160,230
11,163,186
11,171,137
11,172,217
11,175,388
11,178,46
11,184,162
11,186,313
11,187,106
11,193,49
11,194,280
11,196,40
11,200,256
12,1,273
12,3,94
12,4,259
12,5,120
12,6,18
12,8,86
12,9,2
12,10,78
12,11,82
12,13,214
12,15,69
12,18,55
12,19,247
12,22,298
12,23,338
12,24,289
12,25,159
12,26,345
12,27,294
12,28,67
12,30,269
12,31,305
12,32,215
12,33,96
12,38,9
12,39,51
12,40,18
12,41,181
12,44,206
12,45,7
12,46,238
12,49,306
12,50,165
12,52,38
12,53,102
12,54,166
12,55,8
12,57,116
12,58,322
12,59,205
12,61,152
12,62,45
12,64,67
12,65,381
12,67,99
12,68,373
12,69,164
12,70,65
12,72,167
12,73,220
12,76,259
12,79,197
12,82,173
12,83,74
12,86,366
12,92,171
12,93,343
12,97,66
12,101,13
12,102,19
12,104,344
12,106,377
12,108,117
12,109,137
12,110,76
12,116,137
12,119,84
12,122,141
12,123,70
12,127,391
12,129,193
12,130,372
12,133,299
12,138,4
12,140,357
12,143,154
12,145,41
12,148,312
12,149,238
12,151,20
12,153,287
12,155,92
12,157,217
12,160,9
12,162,72
12,169,18
12,171,81
12,173,269
12,175,228
12,176,84
12,179,3
12,181,299
12,182,99
12,186,25
12,188,172
12,190,97
12,195,299
13,2,130
13,3,216
13,4,219
13,5,255
13,6,293
13,7,138
13,9,28
13,10,41
13,12,214
13,14,349
13,15,394
13,16,35
13,17,156
13,19,93
13,20,285
13,21,234
13,22,236
13,23,214
13,24,308
13,25,292
13,26,109
13,27,107
13,28,101
13,29,222
13,30,284
13,31,249
13,32,109
13,33,160
13,34,350
13,35,271
13,36,79
13,37,84
13,38,72
13,39,379
13,42,127
13,44,323
13,45,328
13,46,168
13,51,248
13,52,286
13,54,163
13,55,364
13,59,395
13,60,21
13,62,202
13,63,305
13,65,217
13,66,343
13,68,196
13,69,190
13,70,54
13,71,288
13,73,242
13,74,150
13,75,262
13,79,179
13,80,331
13,81,347
13,85,275
13,86,6
13,87,296
13,88,87
13,90,7
13,92,282
13,94,262
13,96,81
13,98,392
13,102,283
13,104,187
13,105,125
13,108,322
13,109,5
13,110,371
13,112,88
13,116,350
13,117,320
13,118,314
13,119,6
13,120,43
13,124,159
13,127,236
13,128,132
13,131,361
13,133,311
13,134,44
13,140,330
13,142,206
13,148,123
13,153,324
13,154,16
13,155,257
13,156,103
13,159,35
13,161,29
13,163,96
13,164,72
13,165,64
13,166,248
13,167,324
13,174,80
13,176,18
13,179,58
13,188,212
13,191,273
13,192,1
13,193,330
13,194,96
13,196,368
13,198,244
14,1,227
14,3,241
14,4,176
14,5,145
14,7,282
14,8,182
14,9,298
14,10,82
14,13,349
14,15,41
14,17,170
14,18,168
14,19,285
14,21,12
14,22,73
14,24,323
14,25,268
14,26,101
14,27,341
14,29,232
14,30,184
14,31,275
14,32,153
14,33,37
14,37,196
14,38,361
14,39,360
14,42,293
14,46,168
14,48,7
14,50,347
14,53,23
14,55,340
14,56,204
14,59,145
14,60,98
14,61,11
14,62,60
14,65,253
14,66,281
14,67,67
14,69,245
14,71,190
14,72,227
14,73,282
14,74,253
14,75,163
14,78,385
14,79,42
14,84,24
14,89,203
14,90,296
14,92,164
14,96,319
14,99,64
14,100,65
14,101,389
14,104,245
14,107,6
14,110,48
14,111,266
14,112,323
14,113,233
14,115,256
14,116,3
14,117,44
14,118,355
14,119,263
14,121,327
14,123,73
14,129,278
14,130,29
14,131,381
14,132,122
14,133,354
14,136,336
14,139,69
14,142,204
14,143,171
14,146,88
14,147,313
14,150,170
14,151,79
14,152,281
14,153,24
14,154,61
14,155,37
14,156,388
14,158,143
14,160,186
14,161,112
14,162,336
14,165,265
14,167,293
14,173,33
14,175,245
14,177,240
14,180,32
14,181,56
14,185,69
14,186,351
14,187,161
14,188,55
14,190,200
14,195,263
14,199,104
14,200,13
15,3,398
15,4,229
15,5,300
15,6,97
15,11,102
15,12,69
15,13,394
15,14,41
15,17,220
15,18,68
15,19,173
15,24,388
15,26,228
15,28,1
15,29,171
15,30,7
15,31,161
15,32,117
15,34,271
15,36,94
15,37,111
15,39,276
15,40,175
15,41,119
15,43,247
15,44,32
15,45,354
15,46,256
15,48,119
15,49,115
15,50,181
15,52,326
15,53,195
15,54,77
15,55,254
15,56,315
15,57,247
15,58,129
15,59,109
15,60,180
15,63,22
15,64,30
15,65,167
15,67,152
15,68,50
15,69,108
15,70,354
15,73,265
15,74,36
15,76,29
15,77,346
15,78,342
15,80,236
15,81,238
15,83,41
15,84,120
15,85,290
15,87,137
15,89,173
15,90,55
15,93,370
15,96,128
15,98,361
15,99,294
15,104,73
15,107,100
15,108,363
15,110,314
15,112,305
15,114,248
15,117,383
15,120,228
15,121,38
15,123,166
15,128,323
15,129,33
15,131,210
15,136,330
15,137,380
15,138,325
15,140,129
15,142,89
15,145,173
15,146,348
15,147,231
15,148,66
15,156,232
15,159,6
15,163,133
15,164,260
15,169,323
15,170,352
15,171,325
15,173,371
15,174,204
15,175,239
15,185,192
15,186,44
15,188,251
15,193,278
15,194,131
15,195,254
16,1,70
16,2,15
16,3,84
16,5,165
16,6,279
16,8,146
16,9,86
16,10,58
16,13,35
16,17,279
16,19,311
16,20,10
16,21,134
16,22,210
16,24,183
16,25,297
16,27,269
16,28,50
16,29,243
16,31,218
16,35,193
16,36,358
16,37,84
16,39,140
16,40,95
16,41,75
16,43,258
16,44,366
16,45,113
16,48,104
16,51,267
16,52,34
16,53,101
16,54,25
16,55,234
16,57,213
16,58,273
16,59,144
16,63,288
16,64,296
16,65,12
16,66,17
16,67,62
16,68,302
16,70,83
16,71,68
16,73,319
16,76,6
16,77,126
16,80,32
16,82,26
16,83,313
16,84,110
16,85,15
16,87,175
16,89,158
16,90,32
16,91,266
16,94,59
16,95,393
16,97,69
16,98,297
16,99,8
16,101,23
16,105,343
16,106,44
16,108,209
16,114,10
16,115,294
16,116,37
16,120,112
16,123,34
16,124,105
16,126,261
16,128,119
16,129,48
16,133,24
16,137,114
16,141,207
16,142,224
16,144,386
16,145,382
16,148,137
16,149,254
16,150,327
16,153,138
16,154,91
16,155,337
16,159,295
16,162,285
16,166,383
16,170,69
16,171,80
16,176,267
16,177,80
16,180,117
16,181,240
16,183,186
16,186,355
16,187,373
16,190,107
16,192,111
16,195,316
16,198,332
17,2,189
17,3,315
17,5,11
17,7,86
17,8,386
17,9,158
17,11,156
17,13,156
17,14,170
17,15,220
17,16,279
17,18,169
17,19,269
17,20,27
17,23,284
17,24,114
17,26,129
17,28,264
17,32,336
17,33,314
17,34,187
17,35,389
17,36,397
17,37,64
17,38,310
17,39,299
17,41,277
17,44,279
17,46,53
17,47,137
17,48,375
17,49,209
17,50,390
17,52,319
17,53,135
17,54,84
17,55,95
17,57,166
17,58,244
17,59,296
17,62,234
17,63,112
17,64,45
17,65,393
17,69,294
17,71,170
17,72,20
17,73,90
17,75,314
17,77,23
17,80,162
17,81,69
17,82,383
17,84,297
17,86,293
17,87,150
17,90,274
17,91,127
17,94,166
17,95,359
17,96,130
17,97,124
17,98,195
17,101,190
17,103,101
17,104,346
17,106,300
17,107,51
17,109,225
17,111,304
17,112,342
17,113,13
17,114,98
17,115,252
17,116,125
17,125,69
17,127,308
17,131,295
17,136,147
17,138,22
17,141,5
17,142,294
17,143,142
17,145,4
17,147,193
17,148,34
17,151,341
17,152,334
17,153,145
17,154,176
17,155,316
17,156,287
17,157,137
17,159,259
17,160,175
17,161,19
17,163,56
17,165,289
17,166,10
17,167,199
17,168,268
17,172,256
17,173,52
17,174,338
17,175,355
17,177,173
17,182,63
17,189,14
17,192,355
17,193,349
17,194,382
17,196,112
17,198,36
18,2,79
18,4,40
18,7,308
18,8,286
18,9,116
18,10,250
18,11,303
18,12,55
18,14,168
18,15,68
18,17,169
18,19,156
18,20,232
18,21,129
18,22,53
18,23,53
18,25,236
18,26,287
18,27,217
18,28,285
18,29,393
18,30,202
18,31,127
18,32,135
18,34,297
18,36,212
18,37,75
18,38,85
18,40,328
18,42,262
18,43,83
18,44,105
18,45,149
18,46,190
18,47,138
18,48,358
18,49,124
18,50,232
18,51,362
18,57,267
18,58,256
18,59,228
18,61,178
18,62,75
18,65,181
18,66,68
18,67,369
18,68,26
18,69,213
18,70,63
18,73,301
18,74,272
18,75,52
18,76,197
18,78,22
18,79,246
18,80,389
18,82,273
18,84,73
18,85,275
18,87,289
18,90,241
18,92,266
18,93,340
18,94,75
18,98,150
18,104,273
18,107,356
18,108,170
18,109,278
18,112,271
18,114,271
18,116,116
18,117,398
18,120,201
18,121,279
18,125,349
18,129,359
18,130,235
18,133,355
18,135,311
18,136,21
18,139,230
18,140,219
18,141,232
18,147,73
18,150,145
18,152,196
18,153,195
18,160,106
18,162,389
18,166,248
18,168,65
18,171,394
18,172,178
18,175,400
18,177,332
18,178,241
18,181,355
18,182,281
18,186,328
18,187,190
18,188,313
18,189,43
18,191,19
18,192,247
18,199,25
19,1,382
19,2,120
19,3,59
19,4,25
19,6,84
19,9,306
19,10,56
19,11,130
19,12,247
19,13,93
19,14,285
19,15,173
19,16,311
19,17,269
19,18,156
19,20,261
19,22,301
19,23,387
19,24,381
19,25,391
19,26,262
19,28,241
19,29,225
19,30,267
19,32,248
19,33,117
19,34,78
19,36,389
19,38,30
19,40,176
19,41,51
19,42,394
19,46,255
19,47,98
19,49,105
19,51,339
19,52,18
19,53,301
19,54,160
19,56,76
19,57,127
19,61,246
19,66,382
19,67,326
19,68,304
19,71,262
19,72,61
19,73,283
19,74,129
19,76,1
19,77,63
19,78,168
19,79,237
19,81,118
19,83,360
19,84,186
19,85,268
19,88,230
19,89,269
19,90,262
19,91,259
19,93,294
19,94,123
19,95,10
19,98,301
19,99,202
19,100,144
19,103,340
19,104,59
19,107,28
19,110,246
19,113,285
19,115,129
19,118,227
19,121,74
19,123,185
19,124,118
19,125,28
19,126,199
19,127,203
19,128,153
19,133,258
19,140,220
19,141,311
19,142,195
19,143,249
19,144,309
19,147,136
19,149,230
19,152,106
19,154,46
19,158,305
19,159,217
19,161,22
19,162,39
19,165,24
19,169,385
19,181,21
19,182,328
19,184,231
19,190,214
20,1,46
20,2,201
20,3,56
20,6,388
20,8,71
20,9,5
20,10,322
20,11,245
20,13,285
20,16,10
20,17,27
20,18,232
20,19,261
20,21,264
20,22,180
20,23,211
20,25,392
20,26,288
20,27,284
20,30,54
20,31,181
20,32,99
20,33,121
20,34,346
20,36,228
20,38,362
20,39,104
20,40,49
20,42,274
20,44,46
20,49,311
20,51,171
20,53,380
20,55,173
20,60,80
20,61,300
20,63,46
20,64,290
20,65,35
20,66,145
20,67,152
20,68,317
20,69,24
20,72,94
20,73,36
20,74,397
20,77,166
20,78,17
20,79,324
20,81,54
20,82,325
20,83,379
20,86,131
20,87,136
20,89,320
20,90,351
20,94,288
20,96,359
20,97,136
20,100,279
20,104,68
20,105,298
20,109,395
20,110,246
20,112,370
20,114,114
20,115,343
20,117,70
20,118,70
20,119,175
20,123,254
20,125,289
20,128,94
20,129,218
20,131,182
20,134,103
20,136,93
20,139,171
20,140,90
20,144,175
20,150,135
20,151,299
20,157,277
20,158,40
20,166,303
20,167,215
20,172,363
20,175,104
20,177,324
20,180,349
20,182,379
20,184,164
20,188,79
20,197,337
21,1,336
21,2,379
21,4,164
21,5,115
21,6,397
21,8,215
21,9,239
21,10,222
21,13,234
21,14,12
21,16,134
21,18,129
21,20,264
21,23,60
21,24,312
21,26,47
21,27,273
21,28,387
21,29,198
21,30,59
21,33,338
21,37,80
21,38,368
21,39,235
21,40,25
21,41,51
21,43,280
21,46,370
21,49,267
21,52,255
21,53,248
21,54,370
21,55,21
21,57,181
21,59,193
21,61,325
21,62,380
21,63,193
21,64,312
21,65,161
21,67,132
21,68,19
21,69,283
21,72,121
21,73,310
21,75,28
21,78,260
21,82,332
21,91,76
21,92,339
21,94,303
21,96,45
21,98,114
21,100,314
21,101,281
21,103,113
21,105,197
21,106,326
21,108,115
21,109,258
21,111,390
21,112,119
21,113,306
21,114,184
21,130,308
21,131,239
21,133,261
21,134,347
21,137,72
21,138,216
21,140,17
21,142,44
21,145,337
21,148,265
21,151,60
21,156,313
21,158,71
21,163,69
21,165,8
21,168,143
21,170,49
21,173,309
21,177,180
21,178,31
21,182,265
21,183,176
21,187,324
21,190,190
21,196,273
21,200,45
22,1,365
22,3,178
22,4,186
22,6,389
22,7,161
22,9,330
22,11,293
22,12,298
22,13,236
22,14,73
22,16,210
22,18,53
22,19,301
22,20,180
22,24,33
22,26,123
22,28,342
22,29,112
22,30,11
22,31,369
22,32,264
22,33,364
22,34,335
22,36,157
22,37,105
22,38,16
22,39,315
22,40,64
22,41,296
22,42,27
22,43,240
22,45,172
22,46,260
22,52,150
22,54,270
22,56,343
22,58,187
22,59,49
22,60,46
22,61,399
22,62,173
22,63,93
22,64,160
22,69,149
22,70,121
22,71,261
22,72,263
22,75,18
22,76,102
22,77,57
22,78,9
22,79,250
22,80,228
22,83,157
22,85,330
22,86,141
22,87,145
22,89,105
22,90,396
22,91,274
22,93,263
22,94,339
22,96,23
22,97,71
22,100,241
22,101,331
22,102,156
22,103,136
22,104,143
22,105,363
22,107,16
22,109,255
22,112,246
22,115,309
22,116,115
22,118,157
22,126,253
22,129,13
22,130,256
22,132,285
22,133,251
22,139,142
22,144,92
22,145,303
22,148,219
22,149,6
22,154,58
22,155,298
22,158,285
22,163,186
22,164,227
22,165,119
22,166,195
22,167,305
22,172,324
22,177,299
22,180,71
22,181,101
22,182,45
22,183,341
22,184,290
22,188,56
22,190,74
22,191,77
22,197,200
22,200,300
23,1,151
23,2,320
23,4,310
23,6,289
23,7,269
23,8,261
23,9,210
23,10,176
23,11,60
23,12,338
23,13,214
23,17,284
23,18,53
23,19,387
23,20,211
23,21,60
23,24,1
23,25,34
23,26,294
23,28,392
23,29,179
23,31,324
23,32,298
23,33,147
23,35,97
23,36,396
23,37,143
23,39,291
23,41,195
23,43,318
23,44,106
23,46,141
23,47,238
23,49,251
23,50,43
23,51,112
23,54,71
23,56,210
23,60,40
23,61,358
23,62,145
23,63,182
23,64,158
23,67,326
23,69,190
23,70,341
23,71,248
23,72,154
23,74,276
23,78,168
23,83,54
23,84,257
23,86,321
23,87,354
23,93,69
23,95,141
23,101,39
23,102,239
23,105,114
23,108,312
23,111,337
23,112,12
23,113,233
23,114,361
23,116,345
23,119,87
23,123,309
23,124,153
23,125,169
23,127,80
23,128,42
23,129,246
23,130,25
23,132,261
23,136,129
23,140,72
23,143,86
23,145,216
23,146,166
23,147,8
23,149,110
23,150,115
23,154,44
23,156,368
23,158,10
23,159,38
23,160,96
23,161,293
23,164,237
23,166,275
23,167,37
23,168,76
23,170,225
23,171,231
23,176,136
23,180,380
23,182,93
23,183,113
23,188,11
23,195,336
23,197,196
23,200,174
24,3,269
24,4,200
24,9,55
24,10,270
24,12,289
24,13,308
24,14,323
24,15,388
24,16,183
24,17,114
24,19,381
24,21,312
24,22,33
24,23,1
24,25,208
24,28,312
24,34,190
24,35,301
24,37,222
24,38,244
24,39,201
24,40,367
24,41,310
24,42,300
24,43,280
24,44,55
24,45,135
24,46,40
24,47,307
24,48,306
24,49,306
24,50,160
24,53,85
24,56,30
24,58,172
24,59,238
24,60,57
24,61,398
24,63,198
24,64,362
24,66,183
24,67,37
24,70,340
24,72,213
24,73,300
24,74,57
24,75,363
24,76,327
24,77,83
24,78,127
24,80,398
24,81,306
24,83,100
24,88,361
24,89,42
24,90,73
24,91,178
24,92,109
24,94,117
24,95,115
24,96,232
24,97,107
24,100,66
24,102,133
24,103,98
24,104,67
24,105,81
24,107,46
24,108,22
24,109,154
24,110,329
24,111,31
24,113,135
24,114,93
24,115,397
24,117,227
24,118,372
24,120,210
24,123,51
24,125,102
24,126,40
24,129,94
24,132,400
24,137,190
24,141,58
24,142,286
24,145,122
24,146,123
24,148,133
24,149,317
24,150,222
24,151,48
24,154,95
24,160,265
24,163,26
24,167,278
24,168,162
24,171,127
24,175,224
24,178,275
24,180,280
24,181,84
24,186,79
24,187,273
24,189,74
24,190,250
24,192,44
24,199,49
24,200,151
25,2,147
25,3,351
25,4,361
25,7,6
25,8,177
25,9,27
25,10,39
25,11,197
25,12,159
25,13,292
25,14,268
25,16,297
25,18,236
25,19,391
25,20,392
25,23,34
25,24,208
25,26,344
25,27,199
25,29,200
25,31,246
25,34,391
25,35,124
25,36,5
25,37,375
25,39,69
25,40,97
25,41,347
25,43,266
25,44,32
25,46,346
25,47,374
25,48,157
25,49,85
25,50,188
25,51,300
25,52,290
25,53,303
25,54,246
25,55,336
25,56,107
25,57,43
25,58,29
25,59,100
25,60,70
25,61,167
25,62,348
25,63,247
25,65,259
25,66,232
25,67,103
25,68,270
25,69,3
25,70,323
25,72,71
25,73,106
25,74,211
25,76,67
25,77,176
25,78,218
25,81,308
25,82,162
25,83,251
25,87,55
25,89,388
25,90,21
25,91,183
25,92,348
25,94,383
25,98,32
25,99,166
25,100,228
25,101,119
25,103,258
25,105,244
25,106,8
25,110,374
25,111,247
25,112,231
25,113,364
25,117,376
25,121,133
25,122,272
25,124,5
25,125,364
25,126,64
25,129,242
25,130,6
25,132,151
25,135,294
25,138,232
25,143,244
25,144,62
25,145,245
25,150,12
25,151,382
25,152,375
25,153,125
25,154,17
25,155,36
25,156,45
25,157,272
25,161,375
25,162,34
25,163,277
25,164,345
25,165,167
25,171,279
25,174,21
25,176,118
25,177,181
25,180,242
25,181,173
25,183,288
25,186,10
25,197,206
26,1,400
26,2,393
26,3,246
26,4,159
26,5,192
26,6,346
26,8,22
26,9,351
26,10,251
26,11,388
26,12,345
26,13,109
26,14,101
26,15,228
26,17,129
26,18,287
26,19,262
26,20,288
26,21,47
26,22,123
26,23,294
26,25,344
26,28,177
26,29,244
26,30,110
26,32,308
26,33,39
26,34,311
26,36,86
26,40,171
26,41,17
26,42,78
26,43,153
26,44,343
26,45,204
26,47,302
26,50,242
26,51,221
26,54,40
26,57,77
26,59,280
26,60,376
26,63,1
26,65,53
26,66,145
26,67,65
26,69,53
26,70,395
26,71,225
26,73,244
26,74,73
26,75,36
26,78,215
26,79,364
26,81,346
26,83,46
26,85,328
26,87,60
26,88,164
26,90,151
26,91,399
26,92,56
26,95,329
26,97,349
26,99,244
26,100,106
26,103,62
26,107,234
26,109,112
26,114,350
26,117,85
26,122,364
26,124,270
26,131,300
26,132,51
26,133,10
26,137,347
26,138,152
26,141,154
26,142,157
26,143,230
26,144,204
26,148,357
26,151,152
26,152,142
26,153,185
26,157,293
26,168,290
26,169,319
26,170,266
26,173,11
26,177,204
26,180,393
26,184,67
26,191,106
26,192,5
26,194,354
26,195,173
26,197,99
27,1,251
27,2,164
27,3,385
27,4,59
27,5,345
27,6,176
27,8,218
27,10,250
27,12,294
27,13,107
27,14,341
27,16,269
27,18,217
27,20,284
27,21,273
27,25,199
27,31,91
27,33,374
27,34,248
27,35,388
27,38,184
27,39,358
27,41,294
27,43,24
27,45,176
27,46,189
27,47,158
27,49,191
27,51,159
27,52,400
27,53,232
27,54,352
27,55,78
27,56,95
27,59,217
27,60,66
27,62,357
27,63,296
27,64,364
27,67,156
27,70,221
27,71,169
27,72,146
27,75,148
27,77,88
27,78,24
27,79,198
27,84,93
27,86,328
27,87,223
27,88,147
27,89,328
27,92,7
27,95,267
27,96,46
27,97,371
27,99,95
27,100,58
27,105,84
27,106,293
27,107,68
27,108,160
27,110,363
27,111,347
27,113,115
27,117,36
27,121,279
27,125,342
27,127,69
27,130,140
27,136,335
27,143,127
27,148,34
27,157,361
27,162,92
27,165,119
27,167,334
27,170,176
27,171,232
27,175,335
27,178,229
27,181,210
27,184,381
27,191,240
27,194,31
27,196,202
27,199,37
28,1,268
28,2,244
28,4,77
28,5,395
28,6,106
28,9,280
28,12,67
28,13,101
28,15,1
28,16,50
28,17,264
28,18,285
28,19,241
28,21,387
28,22,342
28,23,392
28,24,312
28,26,177
28,29,298
28,30,385
28,32,36
28,33,358
28,35,293
28,37,329
28,38,38
28,39,229
28,40,91
28,45,14
28,47,351
28,48,351
28,50,17
28,51,88
28,52,113
28,53,67
28,56,105
28,59,150
28,60,39
28,61,185
28,62,186
28,63,47
28,65,98
28,66,200
28,67,293
28,68,192
28,69,60
28,70,286
28,71,302
28,72,292
28,74,231
28,75,243
28,76,13
28,77,395
28,78,244
28,81,94
28,82,208
28,83,143
28,84,342
28,85,380
28,88,22
28,89,376
28,90,237
28,94,57
28,95,22
28,96,142
28,101,336
28,104,217
28,105,387
28,106,230
28,107,141
28,111,220
28,114,183
28,115,140
28,117,302
28,118,378
28,119,362
28,121,95
28,123,240
28,124,50
28,125,387
28,126,23
28,131,65
28,132,32
28,133,246
28,134,262
28,139,395
28,142,265
28,144,132
28,148,255
28,149,83
28,159,317
28,164,246
28,168,320
28,174,123
28,176,83
28,177,34
28,181,77
28,182,139
28,183,183
28,188,59
28,195,141
28,197,173
29,1,360
29,2,75
29,3,125
29,5,193
29,7,364
29,8,12
29,9,280
29,10,311
29,13,222
29,14,232
29,15,171
29,16,243
29,18,393
29,19,225
29,21,198
29,22,112
29,23,179
29,25,200
29,26,244
29,28,298
29,31,153
29,33,262
29,35,140
29,36,278
29,40,60
29,41,249
29,42,53
29,44,112
29,45,271
29,48,148
29,49,262
29,50,296
29,54,43
29,56,353
29,57,5
29,61,220
29,62,239
29,63,149
29,64,22
29,66,144
29,68,239
29,69,166
29,70,365
29,71,106
29,72,363
29,74,65
29,77,265
29,78,135
29,79,4
29,81,69
29,82,355
29,83,212
29,84,11
29,85,310
29,86,94
29,88,54
29,90,118
29,91,24
29,93,84
29,95,36
29,97,212
29,98,183
29,101,301
29,102,356
29,103,293
29,104,183
29,105,49
29,109,87
29,113,135
29,115,229
29,118,73
29,121,210
29,127,266
29,128,179
29,130,32
29,133,128
29,135,350
29,140,280
29,141,220
29,143,198
29,144,308
29,147,80
29,148,301
29,150,127
29,154,76
29,156,172
29,159,299
29,162,189
29,166,155
29,167,183
29,170,123
29,173,336
29,174,155
29,175,126
29,187,42
29,188,157
29,189,289
29,190,234
29,197,334
30,3,234
30,4,246
30,5,244
30,8,38
30,9,316
30,10,157
30,11,321
30,12,269
30,13,284
30,14,184
30,15,7
30,18,202
30,19,267
30,20,54
30,21,59
30,22,11
30,26,110
30,28,385
30,31,50
30,32,153
30,34,223
30,35,298
30,36,128
30,38,312
30,42,383
30,43,85
30,45,318
30,46,217
30,47,239
30,49,338
30,50,91
30,51,24
30,52,208
30,53,125
30,55,204
30,56,339
30,57,206
30,60,371
30,62,368
30,63,328
30,65,157
30,66,107
30,68,127
30,69,265
30,71,207
30,72,341
30,73,329
30,78,299
30,81,161
30,84,171
30,88,83
30,89,56
30,91,283
30,92,192
30,93,296
30,94,304
30,95,182
30,97,321
30,99,223
30,100,117
30,104,365
30,105,327
30,108,3
30,109,122
30,111,209
30,112,274
30,115,44
30,116,265
30,117,209
30,121,151
30,123,110
30,126,127
30,127,190
30,128,232
30,132,341
30,133,377
30,137,146
30,140,53
30,141,54
30,142,254
30,148,138
30,149,168
30,155,313
30,159,181
30,163,115
30,165,210
30,168,335
30,169,215
30,170,120
30,174,56
30,175,322
30,177,334
30,178,196
30,183,339
30,189,96
30,191,261
30,193,305
30,194,288
30,197,278
30,198,134
30,199,38
30,200,28
31,2,35
31,3,396
31,4,244
31,5,227
31,7,127
31,8,2
31,9,182
31,11,24
31,12,305
31,13,249
31,14,275
31,15,161
31,16,218
31,18,127
31,20,181
31,22,369
31,23,324
31,25,246
31,27,91
31,29,153
31,30,50
31,32,290
31,33,33
31,34,12
31,36,379
31,37,399
31,38,83
31,40,98
31,42,67
31,43,311
31,44,172
31,45,143
31,47,371
31,51,309
31,52,219
31,53,197
31,54,318
31,55,124
31,57,33
31,59,385
31,60,346
31,61,146
31,63,110
31,65,9
31,66,62
31,67,254
31,69,213
31,72,82
31,73,104
31,74,249
31,76,184
31,77,127
31,78,359
31,80,101
31,82,80
31,83,377
31,84,195
31,85,241
31,87,161
31,88,341
31,90,43
31,92,175
31,93,97
31,94,238
31,95,172
31,98,291
31,101,206
31,102,239
31,104,277
31,105,358
31,106,106
31,108,296
31,109,242
31,111,394
31,116,11
31,117,7
31,121,40
31,122,334
31,123,277
31,124,368
31,125,324
31,127,11
31,131,283
31,132,231
31,133,171
31,137,18
31,139,55
31,141,78
31,142,378
31,143,37
31,145,258
31,149,17
31,151,358
31,155,267
31,157,131
31,158,270
31,160,180
31,163,241
31,166,388
31,167,333
31,168,52
31,171,91
31,174,376
31,179,107
31,183,31
31,184,374
31,186,347
31,190,155
31,191,22
31,192,318
31,196,377
31,198,321
32,2,122
32,3,56
32,4,66
32,5,116
32,8,128
32,9,246
32,10,80
32,12,215
32,13,109
32,14,153
32,15,117
32,17,336
32,18,135
32,19,248
32,20,99
32,22,264
32,23,298
32,26,308
32,28,36
32,30,153
32,31,290
32,35,41
32,38,49
32,41,350
32,42,284
32,43,343
32,45,281
32,46,57
32,47,17
32,48,52
32,49,345
32,52,352
32,53,61
32,54,216
32,55,78
32,56,207
32,58,385
32,59,277
32,60,83
32,61,316
32,62,80
32,63,335
32,64,38
32,69,165
32,70,304
32,72,276
32,75,328
32,77,185
32,78,302
32,79,19
32,80,294
32,81,147
32,82,26
32,90,31
32,91,196
32,92,294
32,94,113
32,95,93
32,100,132
32,103,307
32,105,48
32,107,219
32,109,207
32,110,182
32,112,357
32,116,2
32,120,214
32,121,393
32,125,2
32,128,307
32,129,338
32,130,77
32,131,265
32,132,64
32,134,75
32,135,155
32,136,174
32,139,246
32,140,171
32,142,306
32,146,218
32,150,13
32,152,383
32,154,270
32,156,70
32,163,231
32,165,387
32,167,200
32,169,110
32,171,10
32,172,144
32,174,320
32,176,359
32,179,219
32,180,222
32,183,210
32,185,317
32,190,30
32,194,62
32,196,215
32,199,318
33,2,97
33,3,396
33,4,242
33,5,6
33,6,380
33,8,330
33,9,126
33,12,96
33,13,160
33,14,37
33,17,314
33,19,117
33,20,121
33,21,338
33,22,364
33,23,147
33,26,39
33,27,374
33,28,358
33,29,262
33,31,33
33,35,397
33,37,239
33,39,384
33,41,48
33,42,218
33,44,280
33,45,169
33,46,215
33,47,398
33,50,6
33,51,381
33,52,159
33,53,371
33,55,191
33,56,391
33,57,175
33,58,393
33,59,216
33,61,199
33,62,212
33,63,243
33,66,141
33,67,69
33,68,50
33,69,304
33,71,69
33,74,295
33,75,273
33,76,324
33,77,79
33,78,133
33,79,350
33,81,181
33,82,350
33,83,276
33,84,14
33,85,201
33,86,123
33,87,111
33,90,50
33,92,154
33,93,148
33,94,302
33,98,6
33,99,343
33,102,301
33,103,367
33,105,46
33,108,235
33,111,316
33,114,303
33,116,396
33,119,132
33,129,250
33,132,209
33,133,114
33,136,85
33,140,162
33,145,350
33,146,31
33,150,269
33,154,22
33,158,69
33,159,49
33,162,21
33,166,261
33,167,162
33,168,309
33,169,107
33,170,70
33,175,267
33,177,223
33,185,14
33,195,22
33,196,14
33,197,128
33,198,265
33,200,249
34,1,68
34,3,208
34,4,118
34,6,96
34,7,99
34,8,358
34,9,200
34,10,251
34,11,94
34,13,350
34,15,271
34,17,187
34,18,297
34,19,78
34,20,346
34,22,335
34,24,190
34,25,391
34,26,311
34,27,248
34,30,223
34,31,12
34,35,215
34,36,112
34,38,186
34,39,390
34,41,370
34,42,211
34,44,365
34,46,293
34,47,104
34,48,122
34,50,70
34,52,97
34,54,341
34,55,55
34,58,82
34,60,301
34,61,182
34,63,56
34,65,172
34,66,109
34,67,270
34,71,29
34,73,57
34,74,257
34,75,109
34,76,170
34,77,58
34,80,385
34,81,336
34,82,147
34,86,7
34,88,254
34,92,234
34,94,226
34,97,149
34,98,319
34,99,301
34,104,150
34,107,236
34,108,245
34,111,322
34,113,375
34,114,230
34,115,80
34,116,392
34,117,231
34,122,128
34,123,57
34,127,179
34,129,79
34,131,318
34,134,317
34,135,307
34,140,244
34,141,264
34,142,299
34,146,379
34,147,139
34,152,252
34,156,51
34,158,307
34,160,256
34,166,81
34,168,166
34,170,156
34,172,88
34,174,100
34,175,190
34,178,252
34,182,162
34,183,222
34,184,292
34,186,208
34,187,205
34,192,89
34,193,76
34,196,156
34,198,196
35,1,348
35,2,378
35,4,252
35,6,237
35,7,133
35,8,55
35,9,208
35,13,271
35,16,193
35,17,389
35,23,97
35,24,301
35,25,124
35,27,388
35,28,293
35,29,140
35,30,298
35,32,41
35,33,397
35,34,215
35,37,231
35,38,312
35,39,255
35,40,114
35,41,22
35,43,252
35,44,307
35,47,367
35,48,157
35,50,152
35,51,97
35,52,207
35,53,363
35,55,211
35,56,373
35,57,288
35,59,350
35,60,39
35,62,11
35,63,56
35,65,108
35,67,82
35,68,280
35,70,198
35,71,87
35,73,172
35,75,75
35,76,206
35,77,80
35,81,125
35,82,43
35,83,343
35,84,139
35,87,180
35,88,327
35,90,328
35,91,112
35,93,332
35,95,279
35,100,135
35,102,5
35,103,234
35,105,211
35,106,71
35,108,214
35,109,281
35,110,107
35,111,59
35,113,343
35,114,303
35,115,170
35,118,244
35,122,336
35,123,352
35,124,210
35,125,356
35,127,147
35,132,190
35,133,75
35,134,295
35,137,292
35,138,367
35,141,187
35,143,205
35,148,275
35,149,314
35,150,61
35,151,37
35,152,52
35,154,211
35,156,245
35,162,3
35,164,233
35,165,264
35,166,45
35,167,200
35,168,160
35,171,397
35,179,74
35,180,201
35,184,131
35,186,261
35,187,281
35,188,357
35,193,311
35,194,86
35,199,312
36,1,22
36,2,303
36,3,245
36,5,63
36,6,148
36,8,79
36,9,270
36,13,79
36,15,94
36,16,358
36,17,397
36,18,212
36,19,389
36,20,228
36,22,157
36,23,396
36,25,5
36,26,86
36,29,278
36,30,128
36,31,379
36,34,112
36,37,87
36,38,226
36,42,398
36,43,110
36,45,157
36,47,203
36,50,91
36,51,299
36,54,269
36,55,165
36,57,253
36,60,368
36,61,241
36,62,20
36,64,33
36,65,393
36,68,229
36,70,36
36,71,60
36,73,257
36,74,358
36,76,11
36,78,315
36,80,382
36,82,187
36,83,346
36,84,138
36,85,102
36,87,243
36,88,161
36,89,289
36,92,295
36,94,284
36,95,180
36,96,35
36,101,285
36,103,165
36,104,292
36,105,145
36,106,373
36,109,350
36,112,151
36,113,198
36,114,124
36,115,332
36,117,247
36,119,360
36,120,368
36,121,198
36,125,34
36,127,139
36,129,392
36,131,337
36,132,192
36,133,20
36,134,185
36,136,374
36,142,196
36,145,123
36,150,344
36,152,218
36,156,315
36,157,52
36,161,137
36,162,302
36,172,213
36,175,57
36,180,91
36,190,396
36,191,283
36,195,89
36,197,108
36,198,51
36,200,90
37,3,329
37,5,282
37,6,334
37,8,76
37,11,312
37,13,84
37,14,196
37,15,111
37,16,84
37,17,64
37,18,75
37,21,80
37,22,105
37,23,143
37,24,222
37,25,375
37,28,329
37,31,399
37,33,239
37,35,231
37,36,87
37,38,372
37,39,84
37,40,346
37,41,88
37,42,247
37,44,113
37,47,135
37,48,163
37,49,280
37,50,202
37,51,244
37,54,213
37,55,363
37,57,209
37,58,230
37,59,188
37,63,258
37,64,148
37,65,217
37,67,222
37,71,35
37,72,248
37,73,314
37,75,120
37,85,129
37,88,318
37,90,349
37,91,62
37,92,154
37,97,301
37,98,79
37,100,104
37,102,216
37,103,145
37,104,345
37,106,307
37,107,20
37,111,323
37,112,218
37,113,34
37,115,174
37,118,160
37,119,228
37,122,237
37,123,386
37,124,216
37,129,350
37,130,38
37,132,331
37,135,314
37,137,47
37,139,228
37,142,287
37,144,241
37,146,87
37,147,96
37,148,340
37,149,288
37,152,229
37,155,190
37,163,61
37,165,103
37,167,219
37,173,349
37,174,47
37,178,231
37,181,28
37,183,30
37,186,23
37,189,170
37,192,198
37,194,355
37,199,210
38,1,78
38,3,77
38,4,1
38,6,276
38,8,82
38,9,239
38,12,9
38,13,72
38,14,361
38,17,310
38,18,85
38,19,30
38,20,362
38,21,368
38,22,16
38,24,244
38,27,184
38,28,38
38,30,312
38,31,83
38,32,49
38,34,186
38,35,312
38,36,226
38,37,372
38,39,8
38,40,191
38,41,189
38,42,34
38,43,113
38,44,378
38,45,102
38,46,208
38,47,278
38,48,113
38,49,217
38,50,322
38,51,95
38,53,186
38,54,92
38,55,103
38,56,132
38,57,369
38,58,124
38,59,70
38,60,11
38,61,272
38,62,281
38,63,1
38,66,82
38,67,20
38,68,397
38,69,168
38,73,336
38,74,340
38,76,144
38,79,385
38,80,139
38,81,365
38,84,347
38,86,293
38,88,388
38,89,204
38,90,256
38,91,56
38,92,57
38,93,205
38,95,174
38,96,72
38,97,322
38,100,79
38,102,171
38,104,314
38,106,60
38,108,206
38,109,379
38,112,31
38,116,207
38,120,78
38,121,47
38,122,172
38,128,152
38,130,376
38,132,113
38,134,140
38,135,40
38,136,104
38,137,175
38,139,175
38,141,285
38,142,359
38,143,260
38,144,346
38,148,169
38,152,138
38,154,323
38,159,27
38,160,10
38,161,126
38,164,341
38,165,319
38,169,317
38,174,109
38,178,182
38,179,226
38,187,363
38,200,51
39,1,187
39,2,230
39,3,144
39,4,341
39,5,188
39,7,176
39,8,152
39,11,291
39,12,51
39,13,379
39,14,360
39,15,276
39,16,140
39,17,299
39,20,104
39,21,235
39,22,315
39,23,291
39,24,201
39,25,69
39,27,358
39,28,229
39,33,384
39,34,390
39,35,255
39,37,84
39,38,8
39,40,285
39,41,190
39,42,282
39,44,358
39,45,147
39,46,348
39,47,353
39,50,44
39,53,366
39,55,279
39,56,349
39,61,207
39,62,370
39,63,156
39,64,327
39,65,150
39,66,378
39,68,59
39,69,333
39,70,395
39,71,151
39,74,96
39,75,373
39,76,141
39,77,345
39,79,256
39,83,14
39,85,235
39,86,94
39,87,273
39,90,312
39,94,267
39,95,186
39,96,345
39,97,201
39,99,58
39,100,96
39,101,77
39,102,358
39,103,154
39,109,158
39,110,31
39,112,115
39,113,176
39,115,212
39,116,371
39,117,296
39,130,300
39,131,202
39,132,179
39,134,179
39,135,112
39,137,325
39,140,206
39,142,166
39,147,267
39,151,219
39,154,358
39,159,275
39,162,359
39,163,397
39,167,18
39,169,187
39,171,65
39,174,81
39,178,93
39,179,70
39,180,29
39,182,346
39,184,136
39,185,382
39,186,183
39,187,373
39,191,296
39,192,39
39,193,83
39,194,276
39,195,387
39,197,19
39,198,143
39,199,279
39,200,295
40,1,285
40,3,389
40,4,349
40,5,68
40,6,339
40,9,148
40,10,394
40,11,280
40,12,18
40,15,175
40,16,95
40,18,328
40,19,176
40,20,49
40,21,25
40,22,64
40,24,367
40,25,97
40,26,171
40,28,91
40,29,60
40,31,98
40,35,114
40,37,346
40,38,191
40,39,285
40,41,139
40,42,15
40,43,195
40,45,179
40,47,386
40,48,198
40,50,340
40,51,299
40,52,68
40,53,197
40,55,244
40,57,374
40,58,206
40,59,373
40,61,115
40,62,63
40,63,378
40,64,109
40,65,204
40,66,170
40,67,314
40,68,346
40,69,237
40,70,134
40,71,201
40,72,22
40,73,210
40,74,340
40,75,167
40,77,283
40,78,227
40,81,11
40,82,311
40,86,320
40,91,189
40,92,126
40,93,322
40,94,378
40,96,128
40,97,60
40,98,119
40,100,332
40,101,358
40,102,39
40,104,38
40,106,352
40,108,101
40,109,212
40,110,237
40,111,150
40,112,157
40,113,206
40,114,207
40,115,33
40,116,28
40,117,385
40,119,97
40,120,327
40,121,367
40,123,339
40,125,326
40,127,302
40,128,361
40,129,106
40,130,389
40,131,1
40,132,227
40,133,277
40,134,285
40,135,327
40,137,138
40,138,357
40,139,298
40,140,242
40,150,198
40,152,33
40,153,280
40,155,141
40,160,268
40,165,38
40,171,287
40,174,194
40,175,97
40,179,97
40,180,48
40,183,362
40,184,299
