source,target,weight
1,2,38
1,3,334
1,4,213
1,5,138
1,6,225
1,8,359
1,12,110
1,13,64
1,15,49
1,16,145
1,17,191
1,19,311
1,20,52
1,22,202
1,23,232
1,25,306
1,27,144
1,28,240
1,29,121
1,31,37
1,32,97
1,33,145
1,34,230
1,36,310
1,37,58
1,39,63
1,40,138
1,41,115
1,43,173
1,45,196
1,46,334
1,47,271
1,48,187
1,53,177
1,57,248
1,60,166
1,61,82
1,64,215
1,65,32
1,68,50
1,73,166
1,74,101
1,75,374
1,76,299
1,77,162
1,87,40
1,89,392
1,96,129
1,97,308
1,98,280
1,99,109
1,103,108
1,104,159
1,109,338
1,111,375
1,112,323
1,122,335
1,124,60
1,133,240
1,139,387
1,143,285
1,148,155
1,150,381
1,154,366
1,155,153
1,158,372
1,182,371
1,189,95
2,1,38
2,3,400
2,4,96
2,5,266
2,6,73
2,7,17
2,9,66
2,10,24
2,12,86
2,15,203
2,16,53
2,17,336
2,18,271
2,19,107
2,21,366
2,22,395
2,23,330
2,24,153
2,27,347
2,29,210
2,31,362
2,32,103
2,33,119
2,36,146
2,37,139
2,38,270
2,40,262
2,41,293
2,44,305
2,47,50
2,49,67
2,53,171
2,54,163
2,56,118
2,57,21
2,61,118
2,62,250
2,64,215
2,71,185
2,75,265
2,81,72
2,82,350
2,84,283
2,85,88
2,91,98
2,95,115
2,100,206
2,103,96
2,104,214
2,108,186
2,137,212
2,144,74
2,146,242
2,155,97
2,158,343
2,159,197
2,174,256
3,1,334
3,2,400
3,4,349
3,5,393
3,6,357
3,7,310
3,8,297
3,9,328
3,10,261
3,11,225
3,12,20
3,13,145
3,14,297
3,16,219
3,17,93
3,18,66
3,19,307
3,20,248
3,21,133
3,22,329
3,25,53
3,26,144
3,29,221
3,32,88
3,33,292
3,34,395
3,36,189
3,38,285
3,42,188
3,46,209
3,48,289
3,50,185
3,52,272
3,54,234
3,55,283
3,66,326
3,67,267
3,68,275
3,71,241
3,84,148
3,87,129
3,89,183
3,90,186
3,91,56
3,104,105
3,105,254
3,107,368
3,109,99
3,121,371
3,132,19
3,133,377
3,136,265
3,141,30
3,142,383
3,144,42
3,158,234
3,166,298
3,172,36
3,180,162
3,188,318
4,1,213
4,2,96
4,3,349
4,5,114
4,7,130
4,8,364
4,9,63
4,10,325
4,12,299
4,13,295
4,14,288
4,15,172
4,16,394
4,17,144
4,19,107
4,21,69
4,22,208
4,23,41
4,26,95
4,27,284
4,28,268
4,29,270
4,31,194
4,32,314
4,33,245
4,34,61
4,36,307
4,37,333
4,40,83
4,41,395
4,42,33
4,43,106
4,45,289
4,48,387
4,49,320
4,56,363
4,59,224
4,62,22
4,63,393
4,64,278
4,71,389
4,73,83
4,77,231
4,80,285
4,84,329
4,86,97
4,87,20
4,91,304
4,93,378
4,98,72
4,103,252
4,109,129
4,112,224
4,114,247
4,115,290
4,116,248
4,125,251
4,128,304
4,129,228
4,134,238
4,136,1
4,137,309
4,139,322
4,140,119
4,149,271
4,150,389
4,151,161
4,156,245
4,157,146
4,158,97
4,166,114
4,176,106
4,180,277
4,182,174
4,190,207
4,194,297
5,1,138
5,2,266
5,3,393
5,4,114
5,6,243
5,7,204
5,10,131
5,11,164
5,13,277
5,14,48
5,20,95
5,21,165
5,22,194
5,23,198
5,24,14
5,25,106
5,27,168
5,28,13
5,31,213
5,34,232
5,35,80
5,37,114
5,38,340
5,39,131
5,40,332
5,49,245
5,50,351
5,51,71
5,52,159
5,58,378
5,60,180
5,62,362
5,63,339
5,66,168
5,69,88
5,70,245
5,71,389
5,72,226
5,76,298
5,79,249
5,82,354
5,83,140
5,85,172
5,86,342
5,89,35
5,93,282
5,96,51
5,106,135
5,112,385
5,114,362
5,116,22
5,117,213
5,118,336
5,121,35
5,122,399
5,125,361
5,127,15
5,129,94
5,131,88
5,135,260
5,147,124
5,150,211
5,165,92
5,171,30
5,178,256
5,191,294
5,195,153
6,1,225
6,2,73
6,3,357
6,5,243
6,7,56
6,9,165
6,10,134
6,12,258
6,13,81
6,14,143
6,16,9
6,17,165
6,18,300
6,20,234
6,22,316
6,25,370
6,27,5
6,28,265
6,29,367
6,30,1
6,31,351
6,33,315
6,34,324
6,36,45
6,37,373
6,38,380
6,39,158
6,41,52
6,42,293
6,45,349
6,47,165
6,50,55
6,51,18
6,64,341
6,67,287
6,73,88
6,74,258
6,75,146
6,82,361
6,84,349
6,90,85
6,93,145
6,94,205
6,95,20
6,97,264
6,100,159
6,102,38
6,112,243
6,114,318
6,116,18
6,122,159
6,124,183
6,127,352
6,129,320
6,133,180
6,136,89
6,140,23
6,149,210
6,158,225
6,169,119
6,174,169
6,183,31
6,197,216
7,2,17
7,3,310
7,4,130
7,5,204
7,6,56
7,8,240
7,9,70
7,10,221
7,11,297
7,12,48
7,13,219
7,15,23
7,17,200
7,18,300
7,19,111
7,20,47
7,22,311
7,23,391
7,24,386
7,27,26
7,28,159
7,29,338
7,32,299
7,34,324
7,35,149
7,38,325
7,40,293
7,43,97
7,44,373
7,45,227
7,46,301
7,48,155
7,50,92
7,51,104
7,59,254
7,62,317
7,65,26
7,66,105
7,71,161
7,75,90
7,76,271
7,77,253
7,90,314
7,92,244
7,95,195
7,100,140
7,102,57
7,103,134
7,104,162
7,113,85
7,119,218
7,120,358
7,126,185
7,128,190
7,134,216
7,135,320
7,152,156
7,153,393
7,154,56
7,157,231
7,170,156
7,172,302
7,179,328
7,180,193
7,196,56
7,198,216
8,1,359
8,3,297
8,4,364
8,7,240
8,9,299
8,10,185
8,11,176
8,13,234
8,14,213
8,15,158
8,16,306
8,19,328
8,21,117
8,26,298
8,27,135
8,28,2
8,30,313
8,31,325
8,33,340
8,36,276
8,39,247
8,40,277
8,42,326
8,43,285
8,44,326
8,46,102
8,47,82
8,50,98
8,51,191
8,54,372
8,56,146
8,57,301
8,58,133
8,61,355
8,62,83
8,66,269
8,67,263
8,69,79
8,77,24
8,78,244
8,83,73
8,86,206
8,88,307
8,89,225
8,93,86
8,96,191
8,97,337
8,104,62
8,105,125
8,107,221
8,108,224
8,110,122
8,111,319
8,115,339
8,117,202
8,118,285
8,119,166
8,120,59
8,121,280
8,122,276
8,126,122
8,140,135
8,141,390
8,142,129
8,144,294
8,151,202
8,161,269
8,164,366
8,166,178
8,170,396
8,176,84
8,178,306
8,183,182
9,2,66
9,3,328
9,4,63
9,6,165
9,7,70
9,8,299
9,10,295
9,11,246
9,14,328
9,15,356
9,16,200
9,17,15
9,18,349
9,19,157
9,20,281
9,21,365
9,22,243
9,24,216
9,25,380
9,26,346
9,27,85
9,33,78
9,34,51
9,35,15
9,37,341
9,39,58
9,40,44
9,41,202
9,42,108
9,45,267
9,46,212
9,47,35
9,53,72
9,55,23
9,56,250
9,58,242
9,60,179
9,63,87
9,64,21
9,65,200
9,66,400
9,76,286
9,77,89
9,78,254
9,81,144
9,92,37
9,94,188
9,95,185
9,96,365
9,99,306
9,101,87
9,102,82
9,114,233
9,121,21
9,122,139
9,124,74
9,128,268
9,136,336
9,138,322
9,148,310
9,151,332
9,152,16
9,159,195
9,175,373
9,181,129
10,2,24
10,3,261
10,4,325
10,5,131
10,6,134
10,7,221
10,8,185
10,9,295
10,11,367
10,14,147
10,15,52
10,17,277
10,20,319
10,22,32
10,23,140
10,28,154
10,29,274
10,31,198
10,35,277
10,37,384
10,38,251
10,39,213
10,44,176
10,46,344
10,49,55
10,56,246
10,59,350
10,62,154
10,66,108
10,68,26
10,69,359
10,75,360
10,88,17
10,91,21
10,96,317
10,101,229
10,105,191
10,112,177
10,117,127
10,118,34
10,122,394
10,126,114
10,127,129
10,137,313
10,142,80
10,145,85
10,146,242
10,149,179
10,151,143
10,156,164
10,171,277
10,179,156
10,180,46
11,3,225
11,5,164
11,7,297
11,8,176
11,9,246
11,10,367
11,12,48
11,13,100
11,14,116
11,15,154
11,16,174
11,18,184
11,19,383
11,20,195
11,21,286
11,24,15
11,25,259
11,26,310
11,29,315
11,30,131
11,32,398
11,36,370
11,39,116
11,42,5
11,43,26
11,48,261
11,49,267
11,51,311
11,55,129
11,56,215
11,59,149
11,62,28
11,63,156
11,64,211
11,68,377
11,74,17
11,75,81
11,77,311
11,86,351
11,91,101
11,96,367
11,98,72
11,101,264
11,109,32
11,110,364
11,114,160
11,118,54
11,121,181
11,124,138
11,134,23
11,139,186
11,140,316
11,141,272
11,147,95
11,153,48
11,155,95
11,159,115
11,162,353
11,164,10
11,168,99
11,170,209
11,186,390
11,188,235
11,194,300
12,1,110
12,2,86
12,3,20
12,4,299
12,6,258
12,7,48
12,11,48
12,14,287
12,15,151
12,18,152
12,20,112
12,21,264
12,22,215
12,24,177
12,25,187
12,26,87
12,27,137
12,28,350
12,29,314
12,30,25
12,32,70
12,35,93
12,37,363
12,38,260
12,40,340
12,42,298
12,43,2
12,46,373
12,48,123
12,49,192
12,50,277
12,54,330
12,58,352
12,60,312
12,64,343
12,68,344
12,69,101
12,70,138
12,77,303
12,85,24
12,92,185
12,94,113
12,98,306
12,103,111
12,104,379
12,121,300
12,124,340
12,129,208
12,135,275
12,142,299
12,147,21
12,150,131
12,151,15
12,170,327
12,171,104
12,179,172
12,184,347
12,188,20
12,191,77
13,1,64
13,3,145
13,4,295
13,5,277
13,6,81
13,7,219
13,8,234
13,11,100
13,16,333
13,17,151
13,18,139
13,21,312
13,22,88
13,23,103
13,24,347
13,25,247
13,27,360
13,29,331
13,30,14
13,32,359
13,34,302
13,35,144
13,37,207
13,39,398
13,40,204
13,43,97
13,44,15
13,46,51
13,49,30
13,51,235
13,55,389
13,62,137
13,67,13
13,70,105
13,73,200
13,75,261
13,78,175
13,84,53
13,85,326
13,88,255
13,89,97
13,95,243
13,97,7
13,104,385
13,113,231
13,114,187
13,117,267
13,120,254
13,122,246
13,124,355
13,126,41
13,133,319
13,136,9
13,137,161
13,139,150
13,154,93
13,155,257
13,169,313
13,176,77
13,178,294
13,180,273
13,190,277
13,195,140
14,3,297
14,4,288
14,5,48
14,6,143
14,8,213
14,9,328
14,10,147
14,11,116
14,12,287
14,15,173
14,16,384
14,18,298
14,21,106
14,22,232
14,23,389
14,24,188
14,26,366
14,28,390
14,30,100
14,31,243
14,33,389
14,34,310
14,41,362
14,42,331
14,47,70
14,48,213
14,50,394
14,51,115
14,54,369
14,57,253
14,58,140
14,59,368
14,62,347
14,64,232
14,65,323
14,66,154
14,70,188
14,76,113
14,78,367
14,87,295
14,89,367
14,92,178
14,93,195
14,94,17
14,100,112
14,101,367
14,103,63
14,117,212
14,121,147
14,123,396
14,124,63
14,128,191
14,132,271
14,134,238
14,135,192
14,137,350
14,151,305
14,153,308
14,154,15
14,157,173
14,162,189
14,169,180
14,171,207
14,192,333
14,196,228
15,1,49
15,2,203
15,4,172
15,7,23
15,8,158
15,9,356
15,10,52
15,11,154
15,12,151
15,14,173
15,17,102
15,19,345
15,20,266
15,21,6
15,23,20
15,24,116
15,26,377
15,27,260
15,28,382
15,31,354
15,32,19
15,33,227
15,35,164
15,36,324
15,37,275
15,40,316
15,43,20
15,44,347
15,46,73
15,50,67
15,55,360
15,56,212
15,58,113
15,62,239
15,73,288
15,75,16
15,80,282
15,83,324
15,85,335
15,88,112
15,91,11
15,97,56
15,98,357
15,111,162
15,112,130
15,122,268
15,123,80
15,125,44
15,132,195
15,134,136
15,139,89
15,140,331
15,148,151
15,151,256
15,153,355
15,158,250
15,166,77
15,168,317
15,171,169
15,185,394
15,193,217
15,195,332
16,1,145
16,2,53
16,3,219
16,4,394
16,6,9
16,8,306
16,9,200
16,11,174
16,13,333
16,14,384
16,18,235
16,20,159
16,21,10
16,23,125
16,25,291
16,27,164
16,29,302
16,30,249
16,33,224
16,34,267
16,36,152
16,41,290
16,42,296
16,44,72
16,50,305
16,52,225
16,53,291
16,56,6
16,57,391
16,58,116
16,59,386
16,60,196
16,61,217
16,63,314
16,64,7
16,67,365
16,71,77
16,73,294
16,76,69
16,78,4
16,80,218
16,83,225
16,84,269
16,89,109
16,94,391
16,95,106
16,101,165
16,106,369
16,111,238
16,123,357
16,124,265
16,126,92
16,135,54
16,137,173
16,145,226
16,146,131
16,154,206
16,176,265
16,185,257
17,1,191
17,2,336
17,3,93
17,4,144
17,6,165
17,7,200
17,9,15
17,10,277
17,13,151
17,15,102
17,18,213
17,22,125
17,23,374
17,24,380
17,25,136
17,29,41
17,31,382
17,32,136
17,34,61
17,36,214
17,37,183
17,38,123
17,41,229
17,42,266
17,44,168
17,46,55
17,48,131
17,51,342
17,53,296
17,54,228
17,55,34
17,57,245
17,58,185
17,59,325
17,61,319
17,65,171
17,66,249
17,67,132
17,71,106
17,72,19
17,73,395
17,74,327
17,75,290
17,78,249
17,80,32
17,81,11
17,98,56
17,100,374
17,104,84
17,110,344
17,117,54
17,123,124
17,133,359
17,148,320
17,151,245
17,152,80
17,154,57
17,159,389
17,164,356
17,165,78
17,166,72
17,186,316
17,191,287
17,198,297
18,2,271
18,3,66
18,6,300
18,7,300
18,9,349
18,11,184
18,12,152
18,13,139
18,14,298
18,16,235
18,17,213
18,19,18
18,20,364
18,21,189
18,23,278
18,24,177
18,26,25
18,29,235
18,31,353
18,33,13
18,39,136
18,40,320
18,41,178
18,42,40
18,45,73
18,46,21
18,48,275
18,49,334
18,50,150
18,51,143
18,59,6
18,63,99
18,64,207
18,69,108
18,72,377
18,77,358
18,78,309
18,84,304
18,85,282
18,88,155
18,91,247
18,95,375
18,105,60
18,107,201
18,108,241
18,109,380
18,111,145
18,112,227
18,113,278
18,115,252
18,121,296
18,124,1
18,129,45
18,130,41
18,131,140
18,132,181
18,133,380
18,136,174
18,138,196
18,142,272
18,151,318
18,159,94
18,167,41
18,168,306
18,171,59
18,172,324
18,173,174
18,184,392
18,185,134
18,186,201
18,191,20
19,1,311
19,2,107
19,3,307
19,4,107
19,7,111
19,8,328
19,9,157
19,11,383
19,15,345
19,18,18
19,20,61
19,23,333
19,24,381
19,25,361
19,26,286
19,27,69
19,30,89
19,32,64
19,33,161
19,34,340
19,36,277
19,37,119
19,38,299
19,39,68
19,41,99
19,42,214
19,45,229
19,48,237
19,51,75
19,54,259
19,56,233
19,57,260
19,58,361
19,60,46
19,61,125
19,62,258
19,66,255
19,70,379
19,75,359
19,77,107
19,78,151
19,79,372
19,81,284
19,83,73
19,84,210
19,88,262
19,90,241
19,96,343
19,102,214
19,106,364
19,107,1
19,113,356
19,114,185
19,116,376
19,118,113
19,133,210
19,148,278
19,159,272
19,160,131
19,162,121
19,164,176
19,168,69
19,169,214
19,170,319
19,174,219
19,177,128
19,183,53
19,184,210
19,188,113
19,196,134
19,197,256
20,1,52
20,3,248
20,5,95
20,6,234
20,7,47
20,9,281
20,10,319
20,11,195
20,12,112
20,15,266
20,16,159
20,18,364
20,19,61
20,21,178
20,22,184
20,26,3
20,27,253
20,28,70
20,29,216
20,30,276
20,31,64
20,33,260
20,35,222
20,37,251
20,38,344
20,40,315
20,42,122
20,43,87
20,44,339
20,46,45
20,51,386
20,52,117
20,54,387
20,58,29
20,59,220
20,61,289
20,62,337
20,63,170
20,64,4
20,66,252
20,67,253
20,74,282
20,79,213
20,80,7
20,81,4
20,88,147
20,90,110
20,92,213
20,94,19
20,99,130
20,100,316
20,102,68
20,104,200
20,110,179
20,113,105
20,118,318
20,132,362
20,134,355
20,135,355
20,155,392
20,156,130
20,160,400
20,172,202
20,178,97
20,179,333
20,181,324
20,187,242
20,188,229
20,194,75
20,197,9
21,2,366
21,3,133
21,4,69
21,5,165
21,8,117
21,9,365
21,11,286
21,12,264
21,13,312
21,14,106
21,15,6
21,16,10
21,18,189
21,20,178
21,22,351
21,23,195
21,24,273
21,25,377
21,27,199
21,28,118
21,29,186
21,30,61
21,32,62
21,33,141
21,37,165
21,38,91
21,39,81
21,41,356
21,43,139
21,47,388
21,51,172
21,52,399
21,56,231
21,57,37
21,60,173
21,61,127
21,63,202
21,65,226
21,81,107
21,82,225
21,92,34
21,97,182
21,100,256
21,108,268
21,127,237
21,129,325
21,139,286
21,142,145
21,146,326
21,159,150
21,166,313
21,171,116
21,176,159
21,181,95
21,183,375
21,185,83
21,186,222
21,198,303
22,1,202
22,2,395
22,3,329
22,4,208
22,5,194
22,6,316
22,7,311
22,9,243
22,10,32
22,12,215
22,13,88
22,14,232
22,17,125
22,20,184
22,21,351
22,23,180
22,26,148
22,28,312
22,29,219
22,30,78
22,31,218
22,35,222
22,39,107
22,40,219
22,42,372
22,43,168
22,44,346
22,45,330
22,46,210
22,49,370
22,52,381
22,54,186
22,55,398
22,59,16
22,61,376
22,62,242
22,66,174
22,67,232
22,68,102
22,71,336
22,72,151
22,74,74
22,76,209
22,77,359
22,86,213
22,88,308
22,93,313
22,98,64
22,99,59
22,100,62
22,105,42
22,106,264
22,110,8
22,120,286
22,121,293
22,128,130
22,129,55
22,134,292
22,139,158
22,146,31
22,147,383
22,162,349
22,169,288
22,170,160
22,191,240
23,1,232
23,2,330
23,4,41
23,5,198
23,7,391
23,10,140
23,13,103
23,14,389
23,15,20
23,16,125
23,17,374
23,18,278
23,19,333
23,21,195
23,22,180
23,24,331
23,25,65
23,26,91
23,28,85
23,29,244
23,30,65
23,31,105
23,32,340
23,34,353
23,35,37
23,36,5
23,37,338
23,43,125
23,44,273
23,45,21
23,47,275
23,48,388
23,49,83
23,51,59
23,52,290
23,54,127
23,56,60
23,61,342
23,63,58
23,66,351
23,67,228
23,68,117
23,73,14
23,74,269
23,77,311
23,78,312
23,79,156
23,83,115
23,92,280
23,95,27
23,104,37
23,105,201
23,106,366
23,113,12
23,127,346
23,129,345
23,131,22
23,135,186
23,141,206
23,142,312
23,145,326
23,158,354
23,170,223
23,173,313
24,2,153
24,5,14
24,7,386
24,9,216
24,11,15
24,12,177
24,13,347
24,14,188
24,15,116
24,17,380
24,18,177
24,19,381
24,21,273
24,23,331
24,25,68
24,27,303
24,31,123
24,32,383
24,35,317
24,38,352
24,41,176
24,42,200
24,43,126
24,44,206
24,45,388
24,50,314
24,53,188
24,54,122
24,57,314
24,63,256
24,67,229
24,70,126
24,79,397
24,84,24
24,92,227
24,95,223
24,100,395
24,102,216
24,106,46
24,119,108
24,122,292
24,134,127
24,135,354
24,161,246
24,165,189
24,167,131
24,199,388
25,1,306
25,3,53
25,5,106
25,6,370
25,9,380
25,11,259
25,12,187
25,13,247
25,16,291
25,17,136
25,19,361
25,21,377
25,23,65
25,24,68
25,26,2
25,30,377
25,31,154
25,35,57
25,37,276
25,38,326
25,39,251
25,41,380
25,43,33
25,44,373
25,45,22
25,47,77
25,56,146
25,57,85
25,62,361
25,64,349
25,68,257
25,69,380
25,70,81
25,72,51
25,74,246
25,76,145
25,80,263
25,82,284
25,83,95
25,87,35
25,88,182
25,89,179
25,93,108
25,101,395
25,102,216
25,104,347
25,107,246
25,115,276
25,126,130
25,130,339
25,147,26
25,155,174
25,157,14
25,165,39
25,172,291
25,174,299
25,179,205
25,184,87
25,192,127
26,3,144
26,4,95
26,8,298
26,9,346
26,11,310
26,12,87
26,14,366
26,15,377
26,18,25
26,19,286
26,20,3
26,22,148
26,23,91
26,25,2
26,30,58
26,31,21
26,32,291
26,33,376
26,34,57
26,35,381
26,36,314
26,37,27
26,38,336
26,39,150
26,40,333
26,43,291
26,47,142
26,48,252
26,58,90
26,59,30
26,63,84
26,64,400
26,69,256
26,71,12
26,72,244
26,73,150
26,81,220
26,86,304
26,90,337
26,91,75
26,92,143
26,94,384
26,98,226
26,102,319
26,104,365
26,106,308
26,108,379
26,116,242
26,124,178
26,137,73
26,140,354
26,147,146
26,157,369
26,159,23
26,169,302
26,170,130
26,172,385
26,180,98
26,198,309
26,199,208
27,1,144
27,2,347
27,4,284
27,5,168
27,6,5
27,7,26
27,8,135
27,9,85
27,12,137
27,13,360
27,15,260
27,16,164
27,19,69
27,20,253
27,21,199
27,24,303
27,30,239
27,32,40
27,34,353
27,35,197
27,36,140
27,37,24
27,39,193
27,40,320
27,41,137
27,43,306
27,44,56
27,45,360
27,47,312
27,48,89
27,50,158
27,51,400
27,54,198
27,57,240
27,59,341
27,62,206
27,64,86
27,70,171
27,79,168
27,82,211
27,83,265
27,84,333
27,88,42
27,90,262
27,93,290
27,94,127
27,98,274
27,115,29
27,116,3
27,117,9
27,120,286
27,131,178
27,133,21
27,134,127
27,138,88
27,143,54
27,145,265
27,161,87
27,182,9
27,183,247
27,191,56
27,193,221
27,195,394
27,200,97
28,1,240
28,4,268
28,5,13
28,6,265
28,7,159
28,8,2
28,10,154
28,12,350
28,14,390
28,15,382
28,20,70
28,21,118
28,22,312
28,23,85
28,30,10
28,31,120
28,32,319
28,35,41
28,36,56
28,37,92
28,38,326
28,41,160
28,50,164
28,52,21
28,53,263
28,57,334
28,58,126
28,59,350
28,61,16
28,65,144
28,71,164
28,75,236
28,77,220
28,89,309
28,90,256
28,96,360
28,98,81
28,99,262
28,108,380
28,109,382
28,110,124
28,111,121
28,118,63
28,129,367
28,131,7
28,132,146
28,133,200
28,138,192
28,142,290
28,144,147
28,150,396
28,155,288
28,178,355
28,180,286
28,187,168
28,191,24
28,192,384
28,194,149
28,195,188
29,1,121
29,2,210
29,3,221
29,4,270
29,6,367
29,7,338
29,10,274
29,11,315
29,12,314
29,13,331
29,16,302
29,17,41
29,18,235
29,20,216
29,21,186
29,22,219
29,23,244
29,30,85
29,32,128
29,34,108
29,36,163
29,39,9
29,40,12
29,42,6
29,47,141
29,48,260
29,49,349
29,52,222
29,56,231
29,57,17
29,62,238
29,63,99
29,64,171
29,65,233
29,66,363
29,67,199
29,68,328
29,74,306
29,79,295
29,83,58
29,85,84
29,94,358
29,103,338
29,109,228
29,111,322
29,124,329
29,126,379
29,127,42
29,132,65
29,138,210
29,142,280
29,146,76
29,150,93
29,151,398
29,159,353
29,167,366
29,174,25
29,178,386
29,181,131
29,184,306
29,198,45
30,6,1
30,8,313
30,11,131
30,12,25
30,13,14
30,14,100
30,16,249
30,19,89
30,20,276
30,21,61
30,22,78
30,23,65
30,25,377
30,26,58
30,27,239
30,28,10
30,29,85
30,32,256
30,34,366
30,36,249
30,40,64
30,41,302
30,42,241
30,43,47
30,44,198
30,45,321
30,48,268
30,49,93
30,51,301
30,52,108
30,53,104
30,55,12
30,57,252
30,58,111
30,60,308
30,61,165
30,63,28
30,66,274
30,68,46
30,72,371
30,75,60
30,77,375
30,80,299
30,82,125
30,87,386
30,90,278
30,94,343
30,96,150
30,102,15
30,103,7
30,105,86
30,110,14
30,114,121
30,116,303
30,121,37
30,138,131
30,144,388
30,146,298
30,149,40
30,150,289
30,153,78
30,180,215
30,182,35
31,1,37
31,2,362
31,4,194
31,5,213
31,6,351
31,8,325
31,10,198
31,14,243
31,15,354
31,17,382
31,18,353
31,20,64
31,22,218
31,23,105
31,24,123
31,25,154
31,26,21
31,28,120
31,32,96
31,33,284
31,35,359
31,37,351
31,38,391
31,41,396
31,42,136
31,43,69
31,45,79
31,49,8
31,50,311
31,51,234
31,52,142
31,55,394
31,59,294
31,60,250
31,62,84
31,66,345
31,67,185
31,68,122
31,72,185
31,73,43
31,76,352
31,79,123
31,86,179
31,89,383
31,92,26
31,93,323
31,94,210
31,95,45
31,98,193
31,100,372
31,108,283
31,109,233
31,123,371
31,135,186
31,141,239
31,146,69
31,150,9
31,152,219
31,153,192
31,154,295
31,164,60
31,166,252
31,169,290
31,170,320
31,172,233
31,175,12
31,189,323
31,190,206
32,1,97
32,2,103
32,3,88
32,4,314
32,7,299
32,11,398
32,12,70
32,13,359
32,15,19
32,17,136
32,19,64
32,21,62
32,23,340
32,24,383
32,26,291
32,27,40
32,28,319
32,29,128
32,30,256
32,31,96
32,33,202
32,34,230
32,37,151
32,38,243
32,39,230
32,40,137
32,45,271
32,47,348
32,48,297
32,51,240
32,57,240
32,64,291
32,71,55
32,74,182
32,75,22
32,78,20
32,81,379
32,83,131
32,85,308
32,93,320
32,96,345
32,97,88
32,98,214
32,104,32
32,109,361
32,113,296
32,115,194
32,117,83
32,124,164
32,130,114
32,137,351
32,147,119
32,153,364
32,160,391
32,166,213
32,169,302
32,171,40
32,176,102
32,177,304
32,182,308
32,187,239
32,196,2
32,200,345
33,1,145
33,2,119
33,3,292
33,4,245
33,6,315
33,8,340
33,9,78
33,14,389
33,15,227
33,16,224
33,18,13
33,19,161
33,20,260
33,21,141
33,26,376
33,31,284
33,32,202
33,34,350
33,35,264
33,37,343
33,38,290
33,40,363
33,42,273
33,43,21
33,46,228
33,48,19
33,49,62
33,52,209
33,54,349
33,55,117
33,57,392
33,59,257
33,60,307
33,62,120
33,63,76
33,67,22
33,71,266
33,80,224
33,83,234
33,84,310
33,85,320
33,86,31
33,93,241
33,103,374
33,105,192
33,106,242
33,112,308
33,127,30
33,128,3
33,130,338
33,133,115
33,136,236
33,138,279
33,152,72
33,157,189
33,165,62
33,172,252
33,174,269
33,176,217
33,180,355
33,193,308
33,194,45
34,1,230
34,3,395
34,4,61
34,5,232
34,6,324
34,7,324
34,9,51
34,13,302
34,14,310
34,16,267
34,17,61
34,19,340
34,23,353
34,26,57
34,27,353
34,29,108
34,30,366
34,32,230
34,33,350
34,35,131
34,36,312
34,37,323
34,39,355
34,40,153
34,41,150
34,42,134
34,43,69
34,45,163
34,48,53
34,49,174
34,51,14
34,52,42
34,53,386
34,54,277
34,55,359
34,58,122
34,60,192
34,68,211
34,69,351
34,72,312
34,79,392
34,86,340
34,87,229
34,97,280
34,100,115
34,102,154
34,103,337
34,109,277
34,120,269
34,122,33
34,123,184
34,131,254
34,138,344
34,161,281
34,183,221
34,189,229
34,191,290
34,193,326
35,5,80
35,7,149
35,9,15
35,10,277
35,12,93
35,13,144
35,15,164
35,20,222
35,22,222
35,23,37
35,24,317
35,25,57
35,26,381
35,27,197
35,28,41
35,31,359
35,33,264
35,34,131
35,36,64
35,37,363
35,38,194
35,39,214
35,43,71
35,44,30
35,47,190
35,49,44
35,51,67
35,53,82
35,54,321
35,55,53
35,57,305
35,65,194
35,66,42
35,73,398
35,75,91
35,76,12
35,83,21
35,85,277
35,87,182
35,89,99
35,103,125
35,109,214
35,117,176
35,120,277
35,126,183
35,130,293
35,142,7
35,145,2
35,158,143
35,161,267
35,164,122
35,165,108
35,172,367
35,174,293
35,195,30
35,199,6
36,1,310
36,2,146
36,3,189
36,4,307
36,6,45
36,8,276
36,11,370
36,15,324
36,16,152
36,17,214
36,19,277
36,23,5
36,26,314
36,27,140
36,28,56
36,29,163
36,30,249
36,34,312
36,35,64
36,38,338
36,41,389
36,42,278
36,43,186
36,46,114
36,47,199
36,48,17
36,49,69
36,52,114
36,56,162
36,60,297
36,63,311
36,64,259
36,65,361
36,66,205
36,69,325
36,71,205
36,72,330
36,73,179
36,78,258
36,83,199
36,84,59
36,94,108
36,96,219
36,101,313
36,102,216
36,105,220
36,107,124
36,110,287
36,116,18
36,121,210
36,147,143
36,151,126
36,157,210
36,161,289
36,164,231
36,165,243
36,172,243
36,173,375
36,195,99
37,1,58
37,2,139
37,4,333
37,5,114
37,6,373
37,9,341
37,10,384
37,12,363
37,13,207
37,15,275
37,17,183
37,19,119
37,20,251
37,21,165
37,23,338
37,25,276
37,26,27
37,27,24
37,28,92
37,31,351
37,32,151
37,33,343
37,34,323
37,35,363
37,38,298
37,40,292
37,41,137
37,45,172
37,46,136
37,47,362
37,50,81
37,52,346
37,53,136
37,54,183
37,55,56
37,56,323
37,57,118
37,59,304
37,60,5
37,61,88
37,65,117
37,66,111
37,69,285
37,73,266
37,77,155
37,83,101
37,84,33
37,85,321
37,90,384
37,95,106
37,97,34
37,101,359
37,102,18
37,111,109
37,113,320
37,120,343
37,128,347
37,129,6
37,131,181
37,137,243
37,162,3
37,166,19
37,177,269
37,189,10
37,193,13
37,200,350
38,2,270
38,3,285
38,5,340
38,6,380
38,7,325
38,10,251
38,12,260
38,17,123
38,19,299
38,20,344
38,21,91
38,24,352
38,25,326
38,26,336
38,28,326
38,31,391
38,32,243
38,33,290
38,35,194
38,36,338
38,37,298
38,39,348
38,40,219
38,44,231
38,45,5
38,47,310
38,49,211
38,53,2
38,55,223
38,56,183
38,57,191
38,58,295
38,60,198
38,66,311
38,74,340
38,77,127
38,80,316
38,81,123
38,83,220
38,92,90
38,93,47
38,103,39
38,104,366
38,119,141
38,120,45
38,126,337
38,128,298
38,130,14
38,133,134
38,144,115
38,168,16
38,175,160
38,178,214
38,184,324
39,1,63
39,5,131
39,6,158
39,8,247
39,9,58
39,10,213
39,11,116
39,13,398
39,18,136
39,19,68
39,21,81
39,22,107
39,25,251
39,26,150
39,27,193
39,29,9
39,32,230
39,34,355
39,35,214
39,38,348
39,40,34
39,44,234
39,46,11
39,48,109
39,49,62
39,50,300
39,52,53
39,53,328
39,58,91
39,61,107
39,62,386
39,63,83
39,67,101
39,69,211
39,73,292
39,78,257
39,80,231
39,81,141
39,85,297
39,87,35
39,89,4
39,97,329
39,101,377
39,107,291
39,110,266
39,115,47
39,119,296
39,126,98
39,127,200
39,128,268
39,139,101
39,141,52
39,146,237
39,153,268
39,155,59
39,163,31
39,166,111
39,170,317
39,171,69
39,188,179
39,189,218
39,198,89
39,200,249
40,1,138
40,2,262
40,4,83
40,5,332
40,7,293
40,8,277
40,9,44
40,12,340
40,13,204
40,15,316
40,18,320
40,20,315
40,22,219
40,26,333
40,27,320
40,29,12
40,30,64
40,32,137
40,33,363
40,34,153
40,37,292
40,38,219
40,39,34
40,43,353
40,44,267
40,46,125
40,49,391
40,52,350
40,56,318
40,60,11
40,61,357
40,64,360
40,67,393
40,69,349
40,70,186
40,71,80
40,72,98
40,76,9
40,82,203
40,86,312
40,88,394
40,89,349
40,91,330
40,97,276
40,105,144
40,109,15
40,111,148
40,125,19
40,130,303
40,132,67
40,139,57
40,155,252
40,176,209
40,177,220
40,180,258
40,184,287
41,1,115
41,2,293
41,4,395
41,6,52
41,9,202
41,14,362
41,16,290
41,17,229
41,18,178
41,19,99
41,21,356
41,24,176
41,25,380
41,27,137
41,28,160
41,30,302
41,31,396
41,34,150
41,36,389
41,37,137
41,43,386
41,44,367
41,45,198
41,47,30
41,48,130
41,50,395
41,51,213
41,55,223
41,63,367
41,64,18
41,65,152
41,66,67
41,67,250
41,69,94
41,71,14
41,72,206
41,86,279
41,92,215
41,96,325
41,100,178
41,101,280
41,105,176
41,106,104
41,110,132
41,112,295
41,119,1
41,120,200
41,125,309
41,135,73
41,139,283
41,144,352
41,145,215
41,146,5
41,152,235
41,160,267
41,167,166
41,174,82
41,176,214
41,178,32
41,189,198
41,199,135
41,200,397
42,3,188
42,4,33
42,6,293
42,8,326
42,9,108
42,11,5
42,12,298
42,14,331
42,16,296
42,17,266
42,18,40
42,19,214
42,20,122
42,22,372
42,24,200
42,29,6
42,30,241
42,31,136
42,33,273
42,34,134
42,36,278
42,44,162
42,47,87
42,48,123
42,50,170
42,57,271
42,62,276
42,67,2
42,68,126
42,70,224
42,73,196
42,74,50
42,75,185
42,76,318
42,78,362
42,84,238
42,85,305
42,88,148
42,94,166
42,95,265
42,97,255
42,100,351
42,104,386
42,105,95
42,107,363
42,110,148
42,115,308
42,119,59
42,125,362
42,129,310
42,131,22
42,132,44
42,133,77
42,137,230
42,144,390
42,146,48
42,149,109
42,162,89
42,163,110
42,172,111
42,174,342
42,176,350
42,177,377
42,178,311
42,184,309
42,185,210
42,187,99
42,194,369
42,198,81
42,199,362
43,1,173
43,4,106
43,7,97
43,8,285
43,11,26
43,12,2
43,13,97
43,15,20
43,20,87
43,21,139
43,22,168
43,23,125
43,24,126
43,25,33
43,26,291
43,27,306
43,30,47
43,31,69
43,33,21
43,34,69
43,35,71
43,36,186
43,40,353
43,41,386
43,50,114
43,54,91
43,56,378
43,62,152
43,63,50
43,64,128
43,65,13
43,66,271
43,67,338
43,71,220
43,72,97
43,78,371
43,79,244
43,81,353
43,91,273
43,96,305
43,104,318
43,105,209
43,106,244
43,109,224
43,110,71
43,115,368
43,116,247
43,118,209
43,122,197
43,124,85
43,126,261
43,127,32
43,130,215
43,132,398
43,137,112
43,140,341
43,146,165
43,149,248
43,150,301
43,151,380
43,152,119
43,154,72
43,163,102
43,176,135
43,180,48
43,183,394
43,196,213
43,198,115
44,2,305
44,7,373
44,8,326
44,10,176
44,13,15
44,15,347
44,16,72
44,17,168
44,20,339
44,22,346
44,23,273
44,24,206
44,25,373
44,27,56
44,30,198
44,35,30
44,38,231
44,39,234
44,40,267
44,41,367
44,42,162
44,45,57
44,46,230
44,47,371
44,50,104
44,53,93
44,55,222
44,56,267
44,57,387
44,60,249
44,61,293
44,65,33
44,71,342
44,72,123
44,75,78
44,77,308
44,79,362
44,80,382
44,86,95
44,89,286
44,90,6
44,91,127
44,95,380
44,98,196
44,113,280
44,122,2
44,127,221
44,138,117
44,140,61
44,142,99
44,149,283
44,158,131
44,160,313
44,174,95
44,176,276
44,185,127
44,187,250
44,189,322
44,191,149
45,1,196
45,4,289
45,6,349
45,7,227
45,9,267
45,18,73
45,19,229
45,22,330
45,23,21
45,24,388
45,25,22
45,27,360
45,30,321
45,31,79
45,32,271
45,34,163
45,37,172
45,38,5
45,41,198
45,44,57
45,49,206
45,50,22
45,53,34
45,54,51
45,58,57
45,62,317
45,65,265
45,70,258
45,72,378
45,76,358
45,78,41
45,82,325
45,83,323
45,84,48
45,85,308
45,88,294
45,95,320
45,97,64
45,100,392
45,107,173
45,108,126
45,109,118
45,111,250
45,114,108
45,119,371
45,125,275
45,132,394
45,134,136
45,138,286
45,149,113
45,153,388
45,154,315
45,156,117
45,160,5
45,161,382
45,167,233
45,171,5
45,186,152
45,200,79
46,1,334
46,3,209
46,7,301
46,8,102
46,9,212
46,10,344
46,12,373
46,13,51
46,15,73
46,17,55
46,18,21
46,20,45
46,22,210
46,33,228
46,36,114
46,37,136
46,39,11
46,40,125
46,44,230
46,47,20
46,51,56
46,56,213
46,57,355
46,58,395
46,59,170
46,63,358
46,68,137
46,72,104
46,74,346
46,75,359
46,76,249
46,78,316
46,79,133
46,82,376
46,85,252
46,86,344
46,96,155
46,98,269
46,100,221
46,103,355
46,113,161
46,119,300
46,128,371
46,129,233
46,130,111
46,134,391
46,137,79
46,138,161
46,144,330
46,149,397
46,150,82
46,152,30
46,157,368
46,163,286
46,170,210
46,188,386
46,190,213
46,191,358
46,195,211
47,1,271
47,2,50
47,6,165
47,8,82
47,9,35
47,14,70
47,21,388
47,23,275
47,25,77
47,26,142
47,27,312
47,29,141
47,32,348
47,35,190
47,36,199
47,37,362
47,38,310
47,41,30
47,42,87
47,44,371
47,46,20
47,48,99
47,52,368
47,53,42
47,59,157
47,61,248
47,64,337
47,67,88
47,73,329
47,74,199
47,75,150
47,77,198
47,80,55
47,84,202
47,94,36
47,97,107
47,98,387
47,99,117
47,102,205
47,106,340
47,111,179
47,112,31
47,117,394
47,135,142
47,139,185
47,141,196
47,149,370
47,165,45
47,173,214
47,176,186
47,186,378
47,191,120
47,192,273
47,198,279
48,1,187
48,3,289
48,4,387
48,7,155
48,11,261
48,12,123
48,14,213
48,17,131
48,18,275
48,19,237
48,23,388
48,26,252
48,27,89
48,29,260
48,30,268
48,32,297
48,33,19
48,34,53
48,36,17
48,39,109
48,41,130
48,42,123
48,47,99
48,51,306
48,52,323
48,54,159
48,57,204
48,59,244
48,60,72
48,61,140
48,62,346
48,63,386
48,71,362
48,72,101
48,76,204
48,80,338
48,82,367
48,87,277
48,88,211
48,89,372
48,91,351
48,92,197
48,95,67
48,98,94
48,102,284
48,107,317
48,108,17
48,112,363
48,113,363
48,119,364
48,120,45
48,125,134
48,132,193
48,134,72
48,143,49
48,148,329
48,151,51
48,163,349
48,168,113
48,171,241
48,173,214
48,195,317
48,196,8
49,2,67
49,4,320
49,5,245
49,10,55
49,11,267
49,12,192
49,13,30
49,18,334
49,22,370
49,23,83
49,29,349
49,30,93
49,31,8
49,33,62
49,34,174
49,35,44
49,36,69
49,38,211
49,39,62
49,40,391
49,45,206
49,52,12
49,53,203
49,57,394
49,58,349
49,61,381
49,65,48
49,66,29
49,71,256
49,73,279
49,78,155
49,79,67
49,81,38
49,82,379
49,87,161
49,88,144
49,89,164
49,99,35
49,104,13
49,106,317
49,107,283
49,114,385
49,116,297
49,119,54
49,120,2
49,123,132
49,124,273
49,128,157
49,130,116
49,132,33
49,133,122
49,138,200
49,140,89
49,144,175
49,160,82
49,164,195
49,171,312
49,175,108
49,177,54
49,178,222
49,181,58
49,185,237
49,197,286
50,3,185
50,5,351
50,6,55
50,7,92
50,8,98
50,12,277
50,14,394
50,15,67
50,16,305
50,18,150
50,24,314
50,27,158
50,28,164
50,31,311
50,37,81
50,39,300
50,41,395
50,42,170
50,43,114
50,44,104
50,45,22
50,51,263
50,52,190
50,53,70
50,54,126
50,55,187
50,60,7
50,65,387
50,67,176
50,72,241
50,75,51
50,81,343
50,87,295
50,89,27
50,93,104
50,95,272
50,100,16
50,101,71
50,103,215
50,113,126
50,114,382
50,124,354
50,130,20
50,131,397
50,136,148
50,139,127
50,144,11
50,147,245
50,150,212
50,158,177
50,167,117
50,169,32
50,177,376
50,179,78
50,180,356
51,5,71
51,6,18
51,7,104
51,8,191
51,11,311
51,13,235
51,14,115
51,17,342
51,18,143
51,19,75
51,20,386
51,21,172
51,23,59
51,27,400
51,30,301
51,31,234
51,32,240
51,34,14
51,35,67
51,41,213
51,46,56
51,48,306
51,50,263
51,53,189
51,54,112
51,56,140
51,58,343
51,59,45
51,62,335
51,63,270
51,65,237
51,68,156
51,69,182
51,70,144
51,71,188
51,80,61
51,81,97
51,82,236
51,88,264
51,99,130
51,107,192
51,114,239
51,122,196
51,123,45
51,131,136
51,133,94
51,134,8
51,144,296
51,147,89
51,154,397
51,157,219
51,170,209
51,171,330
51,187,162
52,3,272
52,5,159
52,16,225
52,20,117
52,21,399
52,22,381
52,23,290
52,28,21
52,29,222
52,30,108
52,31,142
52,33,209
52,34,42
52,36,114
52,37,346
52,39,53
52,40,350
52,47,368
52,48,323
52,49,12
52,50,190
52,53,338
52,55,261
52,59,371
52,60,260
52,65,254
52,67,283
52,69,310
52,71,224
52,74,201
52,75,372
52,76,349
52,79,251
52,80,158
52,82,219
52,84,338
52,85,310
52,87,204
52,91,199
52,93,253
52,99,24
52,100,284
52,104,330
52,111,81
52,112,115
52,117,273
52,118,315
52,120,16
52,136,4
52,137,305
52,157,399
52,160,6
52,161,155
52,162,334
52,170,176
52,173,223
52,175,2
52,189,359
53,1,177
53,2,171
53,9,72
53,16,291
53,17,296
53,24,188
53,28,263
53,30,104
53,34,386
53,35,82
53,37,136
53,38,2
53,39,328
53,44,93
53,45,34
53,47,42
53,49,203
53,50,70
53,51,189
53,52,338
53,54,341
53,55,220
53,56,118
53,61,377
53,63,375
53,68,386
53,70,11
53,73,117
53,76,201
53,77,43
53,78,78
53,79,124
53,81,34
53,86,54
53,91,99
53,96,348
53,99,70
53,105,10
53,119,62
53,127,394
53,129,305
53,134,254
53,135,207
53,136,301
53,137,112
53,142,201
53,147,365
53,148,370
53,151,237
53,152,220
53,173,96
53,195,215
53,197,197
54,2,163
54,3,234
54,8,372
54,12,330
54,14,369
54,17,228
54,19,259
54,20,387
54,22,186
54,23,127
54,24,122
54,27,198
54,33,349
54,34,277
54,35,321
54,37,183
54,43,91
54,45,51
54,48,159
54,50,126
54,51,112
54,53,341
54,59,371
54,60,114
54,63,289
54,71,348
54,72,102
54,74,120
54,78,46
54,80,80
54,82,181
54,87,275
54,89,60
54,94,220
54,97,160
54,99,310
54,101,6
54,106,55
54,109,324
54,117,152
54,122,59
54,123,5
54,137,5
54,139,90
54,142,70
54,146,24
54,147,271
54,153,333
54,163,287
54,164,248
54,169,31
54,179,160
54,193,42
54,198,247
55,3,283
55,9,23
55,11,129
55,13,389
55,15,360
55,17,34
55,22,398
55,30,12
55,31,394
55,33,117
55,34,359
55,35,53
55,37,56
55,38,223
55,41,223
55,44,222
55,50,187
55,52,261
55,53,220
55,56,39
55,57,121
55,59,178
55,60,333
55,62,358
55,65,126
55,70,296
55,71,270
55,73,399
55,77,75
55,78,336
55,79,353
55,80,160
55,87,290
55,89,400
55,91,112
55,95,234
55,96,84
55,99,166
55,107,364
55,108,119
55,115,251
55,117,314
55,125,128
55,126,339
55,128,121
55,132,117
55,133,46
55,136,68
55,148,177
55,154,237
55,155,254
55,157,291
55,165,393
55,166,112
55,175,280
56,2,118
56,4,363
56,8,146
56,9,250
56,10,246
56,11,215
56,15,212
56,16,6
56,19,233
56,21,231
56,23,60
56,25,146
56,29,231
56,36,162
56,37,323
56,38,183
56,40,318
56,43,378
56,44,267
56,46,213
56,51,140
56,53,118
56,55,39
56,57,109
56,69,151
56,70,325
56,71,135
56,75,382
56,78,142
56,80,259
56,84,114
56,85,157
56,90,318
56,95,13
56,98,110
56,102,14
56,110,83
56,113,45
56,116,323
56,120,41
56,123,196
56,127,80
56,130,60
56,132,85
56,142,310
56,148,194
56,156,318
56,163,63
56,164,90
56,175,48
56,182,194
56,190,197
56,195,106
57,1,248
57,2,21
57,8,301
57,14,253
57,16,391
57,17,245
57,19,260
57,21,37
57,24,314
57,25,85
57,27,240
57,28,334
57,29,17
57,30,252
57,32,240
57,33,392
57,35,305
57,37,118
57,38,191
57,42,271
57,44,387
57,46,355
57,48,204
57,49,394
57,55,121
57,56,109
57,61,30
57,63,90
57,64,329
57,69,284
57,70,92
57,78,332
57,82,287
57,93,120
57,96,147
57,98,289
57,100,340
57,106,178
57,107,326
57,123,34
57,124,216
57,135,52
57,141,183
57,144,62
57,147,294
57,167,44
57,174,55
57,175,298
57,176,5
57,180,128
57,184,92
57,186,28
57,189,92
58,5,378
58,8,133
58,9,242
58,12,352
58,14,140
58,15,113
58,16,116
58,17,185
58,19,361
58,20,29
58,26,90
58,28,126
58,30,111
58,34,122
58,38,295
58,39,91
58,45,57
58,46,395
58,49,349
58,51,343
58,59,331
58,60,76
58,65,320
58,71,134
58,72,66
58,77,388
58,78,191
58,80,400
58,81,88
58,87,235
58,96,116
58,101,173
58,103,359
58,107,285
58,111,89
58,120,57
58,126,256
58,130,394
58,131,245
58,137,133
58,141,266
58,143,243
58,150,334
58,154,293
58,163,168
58,167,68
58,169,225
58,172,113
58,175,10
58,177,243
58,178,305
58,184,235
58,190,169
58,191,16
58,194,369
59,4,224
59,7,254
59,10,350
59,11,149
59,14,368
59,16,386
59,17,325
59,18,6
59,20,220
59,22,16
59,26,30
59,27,341
59,28,350
59,31,294
59,33,257
59,37,304
59,46,170
59,47,157
59,48,244
59,51,45
59,52,371
59,54,371
59,55,178
59,58,331
59,60,182
59,65,285
59,70,249
59,79,326
59,82,235
59,85,181
59,91,103
59,97,301
59,98,280
59,101,324
59,105,159
59,106,210
59,108,54
59,110,43
59,116,353
59,120,41
59,123,159
59,126,262
59,127,250
59,128,227
59,129,364
59,130,87
59,131,386
59,132,186
59,156,49
59,160,26
59,163,245
59,164,79
59,170,383
59,179,354
59,197,358
60,1,166
60,5,180
60,9,179
60,12,312
60,16,196
60,19,46
60,21,173
60,30,308
60,31,250
60,33,307
60,34,192
60,36,297
60,37,5
60,38,198
60,40,11
60,44,249
60,48,72
60,50,7
60,52,260
60,54,114
60,55,333
60,58,76
60,59,182
60,61,12
60,66,41
60,67,148
60,69,354
60,74,354
60,79,101
60,80,114
60,81,39
60,84,39
60,85,210
60,86,244
60,88,318
60,92,237
60,93,248
60,98,201
60,101,342
60,102,126
60,103,338
60,110,127
60,113,143
60,114,396
60,116,113
60,118,107
60,121,67
60,123,108
60,125,99
60,128,186
60,130,390
60,132,5
60,135,153
60,141,132
60,144,250
60,152,104
60,162,84
60,164,50
60,166,358
60,181,211
60,187,48
60,190,280
61,1,82
61,2,118
61,8,355
61,16,217
61,17,319
61,19,125
61,20,289
61,21,127
61,22,376
61,23,342
61,28,16
61,30,165
61,37,88
61,39,107
61,40,357
61,44,293
61,47,248
61,48,140
61,49,381
61,53,377
61,57,30
61,60,12
61,63,199
61,68,175
61,69,32
61,71,329
61,72,268
61,76,374
61,81,249
61,82,190
61,83,182
61,84,61
61,88,283
61,94,343
61,98,323
61,101,352
61,111,224
61,112,253
61,115,283
61,121,179
61,130,99
61,139,66
61,141,246
61,152,129
61,160,170
61,165,259
61,168,154
61,190,397
62,2,250
62,4,22
62,5,362
62,7,317
62,8,83
62,10,154
62,11,28
62,13,137
62,14,347
62,15,239
62,19,258
62,20,337
62,22,242
62,25,361
62,27,206
62,29,238
62,31,84
62,33,120
62,39,386
62,42,276
62,43,152
62,45,317
62,48,346
62,51,335
62,55,358
62,67,302
62,69,214
62,74,116
62,86,176
62,88,18
62,98,400
62,103,293
62,104,275
62,106,195
62,108,19
62,118,182
62,123,27
62,128,47
62,129,308
62,140,232
62,144,123
62,148,75
62,149,34
62,171,194
62,184,220
62,185,174
62,186,66
62,195,39
62,196,221
63,4,393
63,5,339
63,9,87
63,11,156
63,16,314
63,18,99
63,20,170
63,21,202
63,23,58
63,24,256
63,26,84
63,29,99
63,30,28
63,33,76
63,36,311
63,39,83
63,41,367
63,43,50
63,46,358
63,48,386
63,51,270
63,53,375
63,54,289
63,57,90
63,61,199
63,68,170
63,70,253
63,74,356
63,81,332
63,82,75
63,85,395
63,86,276
63,91,103
63,92,35
63,93,331
63,99,14
63,101,202
63,105,398
63,109,7
63,112,214
63,113,87
63,119,176
63,124,225
63,130,21
63,132,193
63,133,70
63,141,96
63,144,174
63,146,155
63,157,149
63,200,364
64,1,215
64,2,215
64,4,278
64,6,341
64,9,21
64,11,211
64,12,343
64,14,232
64,16,7
64,18,207
64,20,4
64,25,349
64,26,400
64,27,86
64,29,171
64,32,291
64,36,259
64,40,360
64,41,18
64,43,128
64,47,337
64,57,329
64,67,301
64,68,351
64,69,82
64,72,261
64,74,58
64,88,373
64,92,99
64,95,9
64,98,128
64,100,220
64,101,76
64,103,265
64,114,316
64,117,133
64,126,360
64,136,223
64,137,208
64,139,377
64,159,73
64,162,254
64,163,254
64,171,261
64,172,213
64,173,79
64,181,385
64,184,32
64,194,49
64,196,5
64,199,29
65,1,32
65,7,26
65,9,200
65,14,323
65,17,171
65,21,226
65,28,144
65,29,233
65,35,194
65,36,361
65,37,117
65,41,152
65,43,13
65,44,33
65,45,265
65,49,48
65,50,387
65,51,237
65,52,254
65,55,126
65,58,320
65,59,285
65,67,81
65,69,249
65,70,239
65,73,137
65,79,295
65,81,246
65,85,47
65,87,380
65,90,113
65,91,230
65,93,131
65,95,160
65,120,245
65,121,90
65,125,160
65,128,230
65,131,1
65,132,248
65,134,198
65,138,346
65,151,58
65,156,281
65,161,192
65,168,38
65,169,349
65,171,278
65,185,7
65,189,347
65,190,53
65,193,353
65,194,64
66,3,326
66,5,168
66,7,105
66,8,269
66,9,400
66,10,108
66,14,154
66,17,249
66,19,255
66,20,252
66,22,174
66,23,351
66,29,363
66,30,274
66,31,345
66,35,42
66,36,205
66,37,111
66,38,311
66,41,67
66,43,271
66,49,29
66,60,41
66,67,372
66,68,59
66,69,249
66,71,240
66,74,354
66,75,78
66,84,303
66,88,200
66,89,107
66,95,386
66,96,224
66,104,48
66,111,93
66,113,166
66,117,225
66,118,320
66,121,42
66,141,390
66,149,338
66,150,235
66,151,144
66,162,214
66,166,358
66,170,234
66,172,158
66,174,2
66,180,7
66,192,268
67,3,267
67,6,287
67,8,263
67,13,13
67,16,365
67,17,132
67,20,253
67,22,232
67,23,228
67,24,229
67,29,199
67,31,185
67,33,22
67,39,101
67,40,393
67,41,250
67,42,2
67,43,338
67,47,88
67,50,176
67,52,283
67,60,148
67,62,302
67,64,301
67,65,81
67,66,372
67,70,325
67,73,296
67,75,190
67,79,355
67,80,305
67,86,276
67,90,191
67,92,144
67,95,164
67,100,334
67,110,148
67,113,248
67,116,366
67,119,36
67,126,387
67,131,86
67,133,194
67,137,37
67,142,379
67,147,303
67,156,315
67,169,29
67,170,279
67,176,155
67,182,348
67,190,41
67,194,148
67,195,147
67,199,96
68,1,50
68,3,275
68,10,26
68,11,377
68,12,344
68,22,102
68,23,117
68,25,257
68,29,328
68,30,46
68,31,122
68,34,211
68,42,126
68,46,137
68,51,156
68,53,386
68,61,175
68,63,170
68,64,351
68,66,59
68,69,379
68,70,388
68,75,48
68,88,36
68,91,134
68,96,186
68,104,155
68,105,234
68,106,269
68,111,160
68,120,208
68,121,220
68,125,356
68,126,268
68,129,54
68,134,172
68,143,259
68,145,252
68,179,40
68,180,34
68,181,286
68,182,383
68,192,225
68,194,203
68,199,51
69,5,88
69,8,79
69,10,359
69,12,101
69,18,108
