source,target,weight
1,2,135
1,3,211
1,4,57
1,5,58
1,6,231
1,7,380
1,9,396
1,10,287
1,11,324
1,12,73
1,13,355
1,15,346
1,16,183
1,17,212
1,18,378
1,19,127
1,20,260
1,21,307
1,22,143
1,25,122
1,28,371
1,30,275
1,34,61
1,36,374
1,39,182
1,45,70
1,46,151
1,49,63
1,60,55
1,66,323
1,68,140
1,87,236
1,92,185
1,96,327
1,137,202
1,140,273
1,141,81
1,152,334
1,154,64
1,155,154
1,157,56
1,195,8
2,1,135
2,3,371
2,4,243
2,5,214
2,6,347
2,7,82
2,8,223
2,9,187
2,10,126
2,12,136
2,14,241
2,15,319
2,16,184
2,17,245
2,18,189
2,19,236
2,20,10
2,24,233
2,26,283
2,27,252
2,35,230
2,42,203
2,54,276
2,62,221
2,65,235
2,68,197
2,74,206
2,77,274
2,92,103
2,96,185
2,101,333
2,103,220
2,105,21
2,111,133
2,116,6
2,123,5
2,125,102
2,134,345
2,143,26
2,146,327
2,167,173
2,169,124
2,172,138
2,185,240
2,187,272
2,190,278
2,191,227
2,198,378
3,1,211
3,2,371
3,4,382
3,5,203
3,7,41
3,8,324
3,10,220
3,11,52
3,16,203
3,19,348
3,22,169
3,23,35
3,24,259
3,29,207
3,33,52
3,34,77
3,37,48
3,39,239
3,62,200
3,74,377
3,79,398
3,91,361
3,94,170
3,102,210
3,122,323
3,125,105
3,133,148
3,140,142
3,152,295
3,155,190
3,159,211
3,177,328
3,179,105
3,191,390
4,1,57
4,2,243
4,3,382
4,8,106
4,9,370
4,11,221
4,12,52
4,13,242
4,14,347
4,16,234
4,17,19
4,21,234
4,22,173
4,24,22
4,26,392
4,28,178
4,39,321
4,40,10
4,47,152
4,51,22
4,54,261
4,56,128
4,57,91
4,59,108
4,60,325
4,65,374
4,68,317
4,70,256
4,75,365
4,79,279
4,91,94
4,103,58
4,107,220
4,121,154
4,129,169
4,180,99
4,188,35
4,193,227
4,194,333
4,198,55
5,1,58
5,2,214
5,3,203
5,6,212
5,7,294
5,8,28
5,9,97
5,10,39
5,11,269
5,12,338
5,13,99
5,14,9
5,17,8
5,20,205
5,21,317
5,23,22
5,25,8
5,26,289
5,29,132
5,30,194
5,35,367
5,37,85
5,38,393
5,43,227
5,48,366
5,51,208
5,54,224
5,55,198
5,59,273
5,64,234
5,80,288
5,89,114
5,93,195
5,105,332
5,113,178
5,129,223
5,142,344
5,147,298
5,153,303
5,159,93
5,168,96
5,182,383
6,1,231
6,2,347
6,5,212
6,9,290
6,13,326
6,14,86
6,16,241
6,19,58
6,20,337
6,21,17
6,26,254
6,28,166
6,29,77
6,31,386
6,34,15
6,35,390
6,37,321
6,44,191
6,45,27
6,46,72
6,48,113
6,52,147
6,55,47
6,56,39
6,58,129
6,69,386
6,78,218
6,84,41
6,88,100
6,95,193
6,98,110
6,104,387
6,125,62
6,129,287
6,140,68
6,145,291
6,157,61
6,159,378
6,173,351
6,200,130
7,1,380
7,2,82
7,3,41
7,5,294
7,8,94
7,9,110
7,10,175
7,11,363
7,12,52
7,13,127
7,18,213
7,25,297
7,26,113
7,27,201
7,30,376
7,35,366
7,40,194
7,46,180
7,49,69
7,51,204
7,53,115
7,57,182
7,61,251
7,72,317
7,76,237
7,78,278
7,85,396
7,89,221
7,106,41
7,129,82
7,134,279
7,156,166
7,164,91
7,171,9
7,178,320
7,181,232
7,188,246
7,190,110
8,2,223
8,3,324
8,4,106
8,5,28
8,7,94
8,10,35
8,11,384
8,13,16
8,14,190
8,15,364
8,17,268
8,21,328
8,22,380
8,23,43
8,25,361
8,29,166
8,34,58
8,39,297
8,41,371
8,45,396
8,50,46
8,59,7
8,64,352
8,68,216
8,83,77
8,99,152
8,112,296
8,118,393
8,158,290
8,192,168
9,1,396
9,2,187
9,4,370
9,5,97
9,6,290
9,7,110
9,10,237
9,13,217
9,14,157
9,15,164
9,21,215
9,23,358
9,25,251
9,28,336
9,31,219
9,35,84
9,37,384
9,40,57
9,44,131
9,48,204
9,54,53
9,62,254
9,63,249
9,65,62
9,73,175
9,79,372
9,85,123
9,88,230
9,98,213
9,123,387
9,124,25
9,126,142
9,130,26
9,134,288
9,136,366
9,138,58
9,149,382
9,198,62
10,1,287
10,2,126
10,3,220
10,5,39
10,7,175
10,8,35
10,9,237
10,11,75
10,13,128
10,15,49
10,16,293
10,17,112
10,18,147
10,19,54
10,21,52
10,22,323
10,23,144
10,25,21
10,30,295
10,32,104
10,41,2
10,42,146
10,43,167
10,44,363
10,49,103
10,51,118
10,58,323
10,65,155
10,66,72
10,68,207
10,70,243
10,71,81
10,86,81
10,93,226
10,106,189
10,108,331
10,113,290
10,127,228
10,132,57
10,141,331
10,143,317
10,148,274
10,163,245
10,198,276
11,1,324
11,3,52
11,4,221
11,5,269
11,7,363
11,8,384
11,10,75
11,12,330
11,14,360
11,17,179
11,18,240
11,19,390
11,21,197
11,22,274
11,23,103
11,24,90
11,27,168
11,28,300
11,30,385
11,32,246
11,37,345
11,38,305
11,39,392
11,41,54
11,43,37
11,44,40
11,46,12
11,48,199
11,49,380
11,54,1
11,57,202
11,58,12
11,60,50
11,61,6
11,67,21
11,72,277
11,76,317
11,82,148
11,86,277
11,92,51
11,94,26
11,99,337
11,103,390
11,141,248
11,147,383
11,168,385
11,175,212
11,183,245
11,184,225
12,1,73
12,2,136
12,4,52
12,5,338
12,7,52
12,11,330
12,14,27
12,15,9
12,17,313
12,18,391
12,19,130
12,20,200
12,22,121
12,25,329
12,33,293
12,36,335
12,39,198
12,42,387
12,45,54
12,55,196
12,58,335
12,59,174
12,62,324
12,70,264
12,76,215
12,83,385
12,90,320
12,95,289
12,98,136
12,104,319
12,106,309
12,112,100
12,114,257
12,142,309
12,169,113
12,170,385
12,199,78
13,1,355
13,4,242
13,5,99
13,6,326
13,7,127
13,8,16
13,9,217
13,10,128
13,14,350
13,15,136
13,16,95
13,17,176
13,18,98
13,19,172
13,21,47
13,22,388
13,25,274
13,26,371
13,28,225
13,32,61
13,34,220
13,36,381
13,38,321
13,44,48
13,48,342
13,50,217
13,57,255
13,59,73
13,63,95
13,64,95
13,68,228
13,69,345
13,72,322
13,75,222
13,76,364
13,86,191
13,93,92
13,103,83
13,108,115
13,111,248
13,120,179
13,133,375
13,146,279
13,153,64
13,156,233
13,157,163
13,159,293
13,177,382
13,178,23
14,2,241
14,4,347
14,5,9
14,6,86
14,8,190
14,9,157
14,11,360
14,12,27
14,13,350
14,15,299
14,18,297
14,19,87
14,20,82
14,21,145
14,22,39
14,25,33
14,26,300
14,27,106
14,28,187
14,29,312
14,31,251
14,32,88
14,34,144
14,35,175
14,36,170
14,37,387
14,38,194
14,39,330
14,42,321
14,43,134
14,55,204
14,56,319
14,58,367
14,63,281
14,68,395
14,70,332
14,83,12
14,91,394
14,95,218
14,96,290
14,110,236
14,148,295
14,154,386
14,155,283
14,168,57
14,174,94
14,184,207
14,185,186
14,187,260
14,191,256
14,199,277
15,1,346
15,2,319
15,8,364
15,9,164
15,10,49
15,12,9
15,13,136
15,14,299
15,16,362
15,17,156
15,18,44
15,19,116
15,20,69
15,23,394
15,24,103
15,28,337
15,31,16
15,35,282
15,38,238
15,47,399
15,48,128
15,51,42
15,55,292
15,61,41
15,65,306
15,67,245
15,71,281
15,75,67
15,78,362
15,92,383
15,100,358
15,104,25
15,135,168
15,142,57
15,155,339
15,156,219
15,160,26
15,182,79
16,1,183
16,2,184
16,3,203
16,4,234
16,6,241
16,10,293
16,13,95
16,15,362
16,17,176
16,18,276
16,19,12
16,25,173
16,29,89
16,30,273
16,31,101
16,32,51
16,33,322
16,40,209
16,41,98
16,43,243
16,44,8
16,50,364
16,51,280
16,56,50
16,60,33
16,62,6
16,66,233
16,75,51
16,77,326
16,78,130
16,100,42
16,101,29
16,129,98
16,131,320
16,133,182
16,140,241
16,142,389
16,152,89
16,169,52
16,195,353
16,198,223
17,1,212
17,2,245
17,4,19
17,5,8
17,8,268
17,10,112
17,11,179
17,12,313
17,13,176
17,15,156
17,16,176
17,19,13
17,20,244
17,22,195
17,23,120
17,24,397
17,27,269
17,29,305
17,30,202
17,31,370
17,33,121
17,39,183
17,41,52
17,42,396
17,44,278
17,46,257
17,52,313
17,55,293
17,56,88
17,58,272
17,60,133
17,61,87
17,62,285
17,65,274
17,67,47
17,69,236
17,77,98
17,78,393
17,79,343
17,82,98
17,83,400
17,85,261
17,90,180
17,93,224
17,96,324
17,100,260
17,102,118
17,103,30
17,105,14
17,107,371
17,108,218
17,115,294
17,118,19
17,122,60
17,124,372
17,131,352
17,149,178
17,153,131
17,156,377
17,166,290
17,196,387
18,1,378
18,2,189
18,7,213
18,10,147
18,11,240
18,12,391
18,13,98
18,14,297
18,15,44
18,16,276
18,20,289
18,24,344
18,26,13
18,31,370
18,32,41
18,35,286
18,42,379
18,43,56
18,44,162
18,46,196
18,47,262
18,53,390
18,70,341
18,73,247
18,92,258
18,94,292
18,107,214
18,109,31
18,131,373
18,133,249
18,146,125
18,179,241
18,193,273
19,1,127
19,2,236
19,3,348
19,6,58
19,10,54
19,11,390
19,12,130
19,13,172
19,14,87
19,15,116
19,16,12
19,17,13
19,22,136
19,23,363
19,24,204
19,28,189
19,30,235
19,31,39
19,37,51
19,39,306
19,42,348
19,50,95
19,53,372
19,60,205
19,69,130
19,74,340
19,79,55
19,82,287
19,97,87
19,101,277
19,102,166
19,108,153
19,120,255
19,136,225
19,144,97
19,160,175
19,164,240
19,167,375
19,175,133
20,1,260
20,2,10
20,5,205
20,6,337
20,12,200
20,14,82
20,15,69
20,17,244
20,18,289
20,23,304
20,24,357
20,26,282
20,28,273
20,29,296
20,30,155
20,32,35
20,33,383
20,36,101
20,39,311
20,42,127
20,45,269
20,49,319
20,52,373
20,53,335
20,57,318
20,68,56
20,74,41
20,81,144
20,105,255
20,116,114
20,117,10
20,151,376
20,166,82
20,170,40
20,187,77
20,197,25
21,1,307
21,4,234
21,5,317
21,6,17
21,8,328
21,9,215
21,10,52
21,11,197
21,13,47
21,14,145
21,24,223
21,26,134
21,33,337
21,35,80
21,43,12
21,45,211
21,53,115
21,60,127
21,62,62
21,69,341
21,75,398
21,85,252
21,86,216
21,107,236
21,118,246
21,122,229
21,123,233
21,125,230
21,141,395
21,148,271
21,151,283
21,163,68
21,174,354
22,1,143
22,3,169
22,4,173
22,8,380
22,10,323
22,11,274
22,12,121
22,13,388
22,14,39
22,17,195
22,19,136
22,23,39
22,25,394
22,26,16
22,32,11
22,33,19
22,35,59
22,42,320
22,44,126
22,45,359
22,50,197
22,54,47
22,57,362
22,64,18
22,65,346
22,77,328
22,84,279
22,86,179
22,95,162
22,101,216
22,113,60
22,119,200
22,122,252
22,135,51
22,146,330
22,152,261
22,168,47
22,180,141
22,186,111
22,192,126
23,3,35
23,5,22
23,8,43
23,9,358
23,10,144
23,11,103
23,15,394
23,17,120
23,19,363
23,20,304
23,22,39
23,24,234
23,26,185
23,27,315
23,28,43
23,29,25
23,31,122
23,33,130
23,35,211
23,36,298
23,37,79
23,40,262
23,46,120
23,49,25
23,52,286
23,57,270
23,58,56
23,59,247
23,64,285
23,69,315
23,71,92
23,72,140
23,73,28
23,80,103
23,89,54
23,102,151
23,127,302
23,128,178
23,159,310
24,2,233
24,3,259
24,4,22
24,11,90
24,15,103
24,17,397
24,18,344
24,19,204
24,20,357
24,21,223
24,23,234
24,27,215
24,28,140
24,29,231
24,30,245
24,32,313
24,37,222
24,38,377
24,41,196
24,44,54
24,46,166
24,50,128
24,55,385
24,70,68
24,71,314
24,74,168
24,78,281
24,88,141
24,93,57
24,109,289
24,114,79
24,119,12
24,125,349
24,126,46
24,128,18
24,129,212
24,133,344
24,137,54
24,147,319
24,160,148
24,175,61
24,176,281
24,182,287
24,183,101
24,190,92
24,200,179
25,1,122
25,5,8
25,7,297
25,8,361
25,9,251
25,10,21
25,12,329
25,13,274
25,14,33
25,16,173
25,22,394
25,27,378
25,30,1
25,31,24
25,34,29
25,35,110
25,36,303
25,37,166
25,38,166
25,39,345
25,40,340
25,43,286
25,44,259
25,46,315
25,47,317
25,51,341
25,54,299
25,71,238
25,73,291
25,74,253
25,77,200
25,83,50
25,84,21
25,93,282
25,112,268
25,119,348
25,123,65
25,145,261
25,165,98
25,172,242
26,2,283
26,4,392
26,5,289
26,6,254
26,7,113
26,13,371
26,14,300
26,18,13
26,20,282
26,21,134
26,22,16
26,23,185
26,27,313
26,30,139
26,33,132
26,36,183
26,42,8
26,49,278
26,54,83
26,56,170
26,57,112
26,68,125
26,69,83
26,81,276
26,82,311
26,85,29
26,86,339
26,87,182
26,89,122
26,95,266
26,101,92
26,113,58
26,115,128
26,130,58
26,141,54
26,144,311
27,2,252
27,7,201
27,11,168
27,14,106
27,17,269
27,23,315
27,24,215
27,25,378
27,26,313
27,31,214
27,36,364
27,41,173
27,46,389
27,52,270
27,55,337
27,58,392
27,62,131
27,71,41
27,75,211
27,92,225
27,94,176
27,95,263
27,96,299
27,103,79
27,114,224
27,116,170
27,122,322
27,144,246
27,159,32
27,160,31
27,166,2
28,1,371
28,4,178
28,6,166
28,9,336
28,11,300
28,13,225
28,14,187
28,15,337
28,19,189
28,20,273
28,23,43
28,24,140
28,29,295
28,31,316
28,32,332
28,38,37
28,40,182
28,50,46
28,55,41
28,56,100
28,59,4
28,62,239
28,70,31
28,71,51
28,74,228
28,75,185
28,76,248
28,80,328
28,81,148
28,91,147
28,103,189
28,105,173
28,110,164
28,119,162
28,134,112
28,151,331
28,169,310
28,172,286
28,192,242
28,200,207
29,3,207
29,5,132
29,6,77
29,8,166
29,14,312
29,16,89
29,17,305
29,20,296
29,23,25
29,24,231
29,28,295
29,31,354
29,33,119
29,45,101
29,52,259
29,58,93
29,76,188
29,81,314
29,84,332
29,88,300
29,101,28
29,107,148
29,115,152
29,120,143
29,123,136
29,130,129
29,131,25
29,139,50
29,148,70
29,158,74
29,159,79
29,170,101
29,175,248
29,183,264
29,189,372
29,196,211
30,1,275
30,5,194
30,7,376
30,10,295
30,11,385
30,16,273
30,17,202
30,19,235
30,20,155
30,24,245
30,25,1
30,26,139
30,34,190
30,40,175
30,47,25
30,54,2
30,62,306
30,69,105
30,87,268
30,107,293
30,120,145
30,122,287
30,132,19
30,134,200
30,149,128
30,164,372
30,179,133
31,6,386
31,9,219
31,14,251
31,15,16
31,16,101
31,17,370
31,18,370
31,19,39
31,23,122
31,25,24
31,27,214
31,28,316
31,29,354
31,34,275
31,36,160
31,37,314
31,40,301
31,41,399
31,42,260
31,45,268
31,48,325
31,55,326
31,56,114
31,61,36
31,63,2
31,66,382
31,69,269
31,70,125
31,74,388
31,78,287
31,82,335
31,84,110
31,88,316
31,91,102
31,99,194
31,106,65
31,107,241
31,116,142
31,138,233
31,165,200
31,181,139
31,194,310
32,10,104
32,11,246
32,13,61
32,14,88
32,16,51
32,18,41
32,20,35
32,22,11
32,24,313
32,28,332
32,34,377
32,35,25
32,38,93
32,40,98
32,41,330
32,47,26
32,48,305
32,66,382
32,76,267
32,80,43
32,84,86
32,87,271
32,89,227
32,91,198
32,92,218
32,95,132
32,98,66
32,100,315
32,104,193
32,109,100
32,110,55
32,116,30
32,125,126
32,129,16
32,137,43
32,142,148
32,153,20
32,162,250
32,163,167
32,170,156
32,188,39
32,193,176
33,3,52
33,12,293
33,16,322
33,17,121
33,20,383
33,21,337
33,22,19
33,23,130
33,26,132
33,29,119
33,34,180
33,37,135
33,38,62
33,41,175
33,43,19
33,45,371
33,47,49
33,48,282
33,49,350
33,50,211
33,53,379
33,57,397
33,63,59
33,66,287
33,70,300
33,78,104
33,81,251
33,83,258
33,89,197
33,93,155
33,94,134
33,108,238
33,113,87
33,117,381
33,124,83
33,138,14
33,142,365
33,144,260
33,165,382
33,167,338
33,174,178
33,199,53
34,1,61
34,3,77
34,6,15
34,8,58
34,13,220
34,14,144
34,25,29
34,30,190
34,31,275
34,32,377
34,33,180
34,37,384
34,42,92
34,60,167
34,65,229
34,66,378
34,67,394
34,75,144
34,80,288
34,84,134
34,92,141
34,110,109
34,120,270
34,126,182
34,135,66
34,140,225
34,153,344
34,176,37
35,2,230
35,5,367
35,6,390
35,7,366
35,9,84
35,14,175
35,15,282
35,18,286
35,21,80
35,22,59
35,23,211
35,25,110
35,32,25
35,36,313
35,38,364
35,40,5
35,43,257
35,47,234
35,50,39
35,52,352
35,55,160
35,61,301
35,62,382
35,68,3
35,80,207
35,81,233
35,84,66
35,88,323
35,91,85
35,99,300
35,103,245
35,113,282
35,124,359
35,131,213
35,161,257
35,162,129
35,165,241
35,171,346
35,191,358
35,192,90
35,195,400
36,1,374
36,12,335
36,13,381
36,14,170
36,20,101
36,23,298
36,25,303
36,26,183
36,27,364
36,31,160
36,35,313
36,47,194
36,49,159
36,56,32
36,57,194
36,58,106
36,59,22
36,71,7
36,82,8
36,89,284
36,90,98
36,101,186
36,103,61
36,127,161
36,137,164
36,150,335
36,165,97
36,170,30
36,173,178
36,188,111
36,196,94
37,3,48
37,5,85
37,6,321
37,9,384
37,11,345
37,14,387
37,19,51
37,23,79
37,24,222
37,25,166
37,31,314
37,33,135
37,34,384
37,40,339
37,43,395
37,49,311
37,56,273
37,59,381
37,61,321
37,63,116
37,66,12
37,69,46
37,71,113
37,76,198
37,83,297
37,86,297
37,90,218
37,91,323
37,96,34
37,97,183
37,110,356
37,120,266
37,121,389
37,126,137
37,131,22
37,140,97
37,147,366
37,149,395
37,151,284
37,159,212
38,5,393
38,11,305
38,13,321
38,14,194
38,15,238
38,24,377
38,25,166
38,28,37
38,32,93
38,33,62
38,35,364
38,49,214
38,51,125
38,61,135
38,67,255
38,73,271
38,74,370
38,82,17
38,95,326
38,98,20
38,99,231
38,113,50
38,124,241
38,133,396
38,143,130
38,159,128
38,173,381
38,197,13
39,1,182
39,3,239
39,4,321
39,8,297
39,11,392
39,12,198
39,14,330
39,17,183
39,19,306
39,20,311
39,25,345
39,42,183
39,47,186
39,49,152
39,53,178
39,58,56
39,60,117
39,62,107
39,71,57
39,74,46
39,77,333
39,79,152
39,81,168
39,82,348
39,83,23
39,85,353
39,97,45
39,100,261
39,109,24
39,112,330
39,114,238
39,120,120
39,141,189
39,142,39
39,161,85
39,169,134
40,4,10
40,7,194
40,9,57
40,16,209
40,23,262
40,25,340
40,28,182
40,30,175
40,31,301
40,32,98
40,35,5
40,37,339
40,41,187
40,43,47
40,45,11
40,46,183
40,50,92
40,52,6
40,53,31
40,54,71
40,59,79
40,60,217
40,66,320
40,68,377
40,73,333
40,74,26
40,91,100
40,125,201
40,129,134
40,131,99
40,136,206
40,184,162
41,8,371
41,10,2
41,11,54
41,16,98
41,17,52
41,24,196
41,27,173
41,31,399
41,32,330
41,33,175
41,40,187
41,44,113
41,48,229
41,50,111
41,52,354
41,53,315
41,58,59
41,73,132
41,81,106
41,149,23
41,160,103
41,177,233
41,190,200
42,2,203
42,10,146
42,12,387
42,14,321
42,17,396
42,18,379
42,19,348
42,20,127
42,22,320
42,26,8
42,31,260
42,34,92
42,39,183
42,45,241
42,47,163
42,48,368
42,53,240
42,54,361
42,55,197
42,62,252
42,72,282
42,77,149
42,78,20
42,81,137
42,85,225
42,86,41
42,88,128
42,97,6
42,102,10
42,104,355
42,112,113
42,117,125
42,121,44
42,126,6
42,149,8
42,157,129
42,181,159
43,5,227
43,10,167
43,11,37
43,14,134
43,16,243
43,18,56
43,21,12
43,25,286
43,33,19
43,35,257
43,37,395
43,40,47
43,49,109
43,51,11
43,52,195
43,56,191
43,60,26
43,67,128
43,95,61
43,100,255
43,101,56
43,106,197
43,107,111
43,119,325
43,121,319
43,122,327
43,126,149
43,147,139
43,150,335
43,186,78
43,192,161
44,6,191
44,9,131
44,10,363
44,11,40
44,13,48
44,16,8
44,17,278
44,18,162
44,22,126
44,24,54
44,25,259
44,41,113
44,46,104
44,47,386
44,48,202
44,56,177
44,69,61
44,76,208
44,80,241
44,88,209
44,89,305
44,119,359
44,128,47
44,132,45
44,145,40
44,155,147
44,166,383
44,197,348
45,1,70
45,6,27
45,8,396
45,12,54
45,20,269
45,21,211
45,22,359
45,29,101
45,31,268
45,33,371
45,40,11
45,42,241
45,59,322
45,63,261
45,64,96
45,75,119
45,93,288
45,98,101
45,111,307
45,135,7
45,144,312
45,153,10
45,166,177
45,179,399
45,183,360
45,185,159
46,1,151
46,6,72
46,7,180
46,11,12
46,17,257
46,18,196
46,23,120
46,24,166
46,25,315
46,27,389
46,40,183
46,44,104
46,50,105
46,51,174
46,61,186
46,63,101
46,65,267
46,71,290
46,80,21
46,81,391
46,85,41
46,97,32
46,99,259
46,104,341
46,118,61
46,121,362
46,124,78
46,168,250
46,176,179
46,185,63
46,190,235
47,4,152
47,15,399
47,18,262
47,25,317
47,30,25
47,32,26
47,33,49
47,35,234
47,36,194
47,39,186
47,42,163
47,44,386
47,48,379
47,51,360
47,53,255
47,54,266
47,56,127
47,63,197
47,71,64
47,72,381
47,78,393
47,81,152
47,82,231
47,90,258
47,98,198
47,100,365
47,109,52
47,110,305
47,114,395
47,129,293
47,145,1
47,171,153
47,184,133
47,189,360
47,194,115
47,196,218
48,5,366
48,6,113
48,9,204
48,11,199
48,13,342
48,15,128
48,31,325
48,32,305
48,33,282
48,41,229
48,42,368
48,44,202
48,47,379
48,50,232
48,61,307
48,63,231
48,67,124
48,69,327
48,74,156
48,80,389
48,86,74
48,99,140
48,115,85
48,129,352
48,130,346
48,132,343
48,155,60
48,163,23
48,170,259
48,172,80
48,175,72
48,183,329
48,187,312
48,188,75
49,1,63
49,7,69
49,10,103
49,11,380
49,20,319
49,23,25
49,26,278
49,33,350
49,36,159
49,37,311
49,38,214
49,39,152
49,43,109
49,50,222
49,51,53
49,64,184
49,66,99
49,74,255
49,77,226
49,80,158
49,95,368
49,96,155
49,98,109
49,100,104
49,108,31
49,118,198
49,146,220
49,160,385
49,193,265
50,8,46
50,13,217
50,16,364
50,19,95
50,22,197
50,24,128
50,28,46
50,33,211
50,35,39
50,40,92
50,41,111
50,46,105
50,48,232
50,49,222
50,52,140
50,53,290
50,59,220
50,65,119
50,67,251
50,73,181
50,79,227
50,87,121
50,90,192
50,92,1
50,94,341
50,95,265
50,123,349
50,125,340
50,127,337
50,136,262
50,149,301
50,150,383
50,161,28
50,165,268
50,167,335
50,169,30
50,189,367
51,4,22
51,5,208
51,7,204
51,10,118
51,15,42
51,16,280
51,25,341
51,38,125
51,43,11
51,46,174
51,47,360
51,49,53
51,57,359
51,61,313
51,70,310
51,71,287
51,91,223
51,93,20
51,98,32
51,105,223
51,106,219
51,114,365
51,116,82
51,119,154
51,153,226
51,178,232
51,193,164
52,6,147
52,17,313
52,20,373
52,23,286
52,27,270
52,29,259
52,35,352
52,40,6
52,41,354
52,43,195
52,50,140
52,57,74
52,62,211
52,66,228
52,72,222
52,76,68
52,84,49
52,89,284
52,93,311
52,96,301
52,112,357
52,127,123
52,130,222
52,149,18
52,156,57
52,180,389
52,182,51
52,187,72
52,190,378
52,196,238
53,7,115
53,18,390
53,19,372
53,20,335
53,21,115
53,33,379
53,39,178
53,40,31
53,41,315
53,42,240
53,47,255
53,50,290
53,65,173
53,84,258
53,85,299
53,88,394
53,89,356
53,100,279
53,103,108
53,107,158
53,113,395
53,114,207
53,118,80
53,138,399
53,142,152
53,143,227
53,163,300
53,167,147
53,195,373
53,199,111
54,2,276
54,4,261
54,5,224
54,9,53
54,11,1
54,22,47
54,25,299
54,26,83
54,30,2
54,40,71
54,42,361
54,47,266
54,55,298
54,57,251
54,61,392
54,65,198
54,70,311
54,73,336
54,80,229
54,98,339
54,116,108
54,123,191
54,131,290
54,135,375
54,168,15
55,5,198
55,6,47
55,12,196
55,14,204
55,15,292
55,17,293
55,24,385
55,27,337
55,28,41
55,31,326
55,35,160
55,42,197
55,54,298
55,56,257
55,60,391
55,63,231
55,64,352
55,75,194
55,76,322
55,78,112
55,79,374
55,92,48
55,93,202
55,94,364
55,100,22
55,102,214
55,106,280
55,112,145
55,119,184
55,122,90
55,150,66
55,198,207
56,4,128
56,6,39
56,14,319
56,16,50
56,17,88
56,26,170
56,28,100
56,31,114
56,36,32
56,37,273
56,43,191
56,44,177
56,47,127
56,55,257
56,61,209
56,63,142
56,64,292
56,65,362
56,66,92
56,84,126
56,94,395
56,102,116
56,104,249
56,110,392
56,111,224
56,115,201
56,118,170
56,134,179
56,152,197
56,198,120
57,4,91
57,7,182
57,11,202
57,13,255
57,20,318
57,22,362
57,23,270
57,26,112
57,33,397
57,36,194
57,51,359
57,52,74
57,54,251
57,58,121
57,64,91
57,80,200
57,85,371
57,90,280
57,106,216
57,121,116
57,127,28
57,130,246
57,135,230
57,146,119
57,160,102
57,164,81
57,174,213
58,6,129
58,10,323
58,11,12
58,12,335
58,14,367
58,17,272
58,23,56
58,27,392
58,29,93
58,36,106
58,39,56
58,41,59
58,57,121
58,64,123
58,67,163
58,75,253
58,84,314
58,87,269
58,88,358
58,89,355
58,98,320
58,120,257
58,126,120
58,140,203
58,186,204
58,187,213
59,4,108
59,5,273
59,8,7
59,12,174
59,13,73
59,23,247
59,28,4
59,36,22
59,37,381
59,40,79
59,45,322
59,50,220
59,67,92
59,74,214
59,77,160
59,82,203
59,85,141
59,91,224
59,97,53
59,114,193
59,117,21
59,132,174
59,137,105
59,139,212
59,151,234
59,154,326
59,156,180
60,1,55
60,4,325
60,11,50
60,16,33
60,17,133
60,19,205
60,21,127
60,34,167
60,39,117
60,40,217
60,43,26
60,55,391
60,61,281
60,73,29
60,77,116
60,79,244
60,87,205
60,91,216
60,97,343
60,99,212
60,104,197
60,105,232
60,108,283
60,113,321
60,122,220
60,127,52
60,130,19
60,132,102
60,139,150
60,141,369
60,142,190
60,151,5
60,179,86
60,192,36
61,7,251
61,11,6
61,15,41
61,17,87
61,31,36
61,35,301
61,37,321
61,38,135
61,46,186
61,48,307
61,51,313
61,54,392
61,56,209
61,60,281
61,70,381
61,72,22
61,75,189
61,85,78
61,99,284
61,102,150
61,109,265
61,124,351
61,150,301
61,158,167
61,169,369
61,170,135
61,174,313
61,181,187
61,182,206
61,196,330
62,2,221
62,3,200
62,9,254
62,12,324
62,16,6
62,17,285
62,21,62
62,27,131
62,28,239
62,30,306
62,35,382
62,39,107
62,42,252
62,52,211
62,63,186
62,64,119
62,68,278
62,76,164
62,79,103
62,81,33
62,82,59
62,96,137
62,99,156
62,113,68
62,126,103
62,128,277
62,138,141
62,144,363
62,153,155
62,158,71
62,180,176
63,9,249
63,13,95
63,14,281
63,31,2
63,33,59
63,37,116
63,45,261
63,46,101
63,47,197
63,48,231
63,55,231
63,56,142
63,62,186
63,65,92
63,69,107
63,72,165
63,73,249
63,77,366
63,86,115
63,99,320
63,102,137
63,106,223
63,115,64
63,116,193
63,134,288
63,139,117
63,157,62
63,168,236
63,176,174
63,187,60
63,189,59
64,5,234
64,8,352
64,13,95
64,22,18
64,23,285
64,45,96
64,49,184
64,55,352
64,56,292
64,57,91
64,58,123
64,62,119
64,73,159
64,92,137
64,94,319
64,102,28
64,110,139
64,116,338
64,125,237
64,128,368
64,133,125
64,140,28
64,147,29
64,159,341
64,179,72
64,186,45
64,191,177
64,196,349
65,2,235
65,4,374
65,9,62
65,10,155
65,15,306
65,17,274
65,22,346
65,34,229
65,46,267
65,50,119
65,53,173
65,54,198
65,56,362
65,63,92
65,66,178
65,72,394
65,79,190
65,103,123
65,106,274
65,121,177
65,137,160
65,150,309
65,181,75
66,1,323
66,10,72
66,16,233
66,31,382
66,32,382
66,33,287
66,34,378
66,37,12
66,40,320
66,49,99
66,52,228
66,56,92
66,65,178
66,67,336
66,79,127
66,112,135
66,136,287
66,137,166
66,142,335
66,160,226
66,168,86
66,169,271
66,175,302
67,11,21
67,15,245
67,17,47
67,34,394
67,38,255
67,43,128
67,48,124
67,50,251
67,58,163
67,59,92
67,66,336
67,85,276
67,92,372
67,110,59
67,118,387
67,119,20
67,120,105
67,140,136
67,143,38
67,158,29
67,175,215
67,178,371
67,198,113
68,1,140
68,2,197
68,4,317
68,8,216
68,10,207
68,13,228
68,14,395
68,20,56
68,26,125
68,35,3
68,40,377
68,62,278
68,72,129
68,88,77
68,97,62
68,101,271
68,127,299
68,129,156
68,131,177
68,143,286
68,148,60
68,153,97
68,189,97
68,197,67
69,6,386
69,13,345
69,17,236
69,19,130
69,21,341
69,23,315
69,26,83
69,30,105
69,31,269
69,37,46
69,44,61
69,48,327
69,63,107
69,70,203
69,73,104
69,80,369
69,82,120
69,86,129
69,89,75
69,97,255
69,107,322
69,117,292
69,124,306
69,136,162
69,155,14
69,183,296
70,4,256
70,10,243
70,12,264
70,14,332
70,18,341
70,24,68
70,28,31
70,31,125
70,33,300
70,51,310
70,54,311
70,61,381
70,69,203
70,71,384
70,75,54
70,77,263
70,82,226
70,84,293
70,87,181
70,100,357
70,103,327
70,105,249
70,108,331
70,135,359
70,136,45
70,144,333
70,165,65
70,171,204
70,177,220
71,10,81
71,15,281
71,23,92
71,24,314
71,25,238
71,27,41
71,28,51
71,36,7
71,37,113
71,39,57
71,46,290
71,47,64
71,51,287
71,70,384
71,76,263
71,78,8
71,90,33
71,91,345
71,96,12
71,104,170
71,117,394
71,133,23
71,137,77
71,151,267
71,174,360
71,192,195
71,196,273
72,7,317
72,11,277
72,13,322
72,23,140
72,42,282
72,47,381
72,52,222
72,61,22
72,63,165
72,65,394
72,68,129
72,78,361
72,83,25
72,97,59
72,111,245
72,113,316
72,126,203
72,128,397
72,148,239
72,157,31
72,163,347
72,164,319
72,184,116
73,9,175
73,18,247
73,23,28
73,25,291
73,38,271
73,40,333
73,41,132
73,50,181
73,54,336
73,60,29
73,63,249
73,64,159
73,69,104
73,83,59
73,84,210
73,96,104
73,97,337
73,123,219
73,137,8
73,186,220
73,200,378
74,2,206
74,3,377
74,19,340
74,20,41
74,24,168
74,25,253
74,28,228
74,31,388
74,38,370
74,39,46
74,40,26
74,48,156
74,49,255
74,59,214
74,96,100
74,108,31
74,116,40
74,140,48
74,163,205
74,174,339
74,200,20
75,4,365
75,13,222
75,15,67
75,16,51
75,21,398
75,27,211
75,28,185
75,34,144
75,45,119
75,55,194
75,58,253
75,61,189
75,70,54
75,81,56
75,83,254
75,147,57
75,150,6
75,160,184
75,167,143
76,7,237
76,11,317
76,12,215
76,13,364
76,28,248
76,29,188
76,32,267
76,37,198
76,44,208
76,52,68
76,55,322
76,62,164
76,71,263
76,86,320
76,89,62
76,94,292
76,105,138
76,153,296
76,170,82
76,182,375
77,2,274
77,16,326
77,17,98
77,22,328
77,25,200
77,39,333
77,42,149
77,49,226
77,59,160
77,60,116
77,63,366
77,70,263
77,78,166
77,79,347
77,91,280
77,95,260
77,108,358
77,123,339
77,132,33
77,133,44
77,151,314
77,153,195
77,170,378
77,177,297
77,182,220
77,194,163
78,6,218
78,7,278
78,15,362
78,16,130
78,17,393
78,24,281
78,31,287
78,33,104
78,42,20
78,47,393
78,55,112
78,71,8
78,72,361
78,77,166
78,88,173
78,104,179
78,111,296
78,139,3
78,148,271
78,172,373
78,199,153
79,3,398
79,4,279
79,9,372
79,17,343
79,19,55
79,39,152
79,50,227
79,55,374
79,60,244
79,62,103
79,65,190
79,66,127
79,77,347
79,81,51
79,83,236
79,86,174
79,87,204
79,90,311
79,106,257
79,116,167
79,132,39
79,134,354
79,144,169
79,171,278
79,172,49
79,173,306
80,5,288
80,23,103
80,28,328
80,32,43
80,34,288
80,35,207
80,44,241
80,46,21
80,48,389
80,49,158
80,54,229
80,57,200
80,69,369
80,86,246
80,90,400
80,94,289
80,107,133
80,108,273
80,110,134
80,113,224
80,120,335
80,145,318
80,154,103
80,155,240
80,174,245
80,200,49
81,20,144
81,26,276
81,28,148
81,29,314
81,33,251
81,35,233
81,39,168
81,41,106
81,42,137
81,46,391
81,47,152
81,62,33
81,75,56
81,79,51
81,82,226
81,93,224
81,98,394
81,101,278
81,106,309
81,117,287
81,128,388
81,144,290
81,162,399
81,191,42
81,194,349
82,11,148
82,17,98
82,19,287
82,26,311
82,31,335
82,36,8
82,38,17
82,39,348
82,47,231
82,59,203
82,62,59
82,69,120
82,70,226
82,81,226
82,88,102
82,90,316
82,92,31
82,98,237
82,99,225
82,105,125
82,107,36
82,109,73
82,111,92
82,114,176
82,120,237
82,123,361
82,124,242
82,128,80
82,138,146
82,139,363
82,162,273
82,171,297
82,194,69
83,8,77
83,12,385
83,14,12
83,17,400
83,25,50
83,33,258
83,37,297
83,39,23
83,72,25
83,73,59
83,75,254
83,79,236
83,94,197
83,108,255
83,117,253
83,121,370
83,133,32
83,154,273
83,167,308
83,169,301
83,178,62
83,184,200
83,185,13
83,191,119
83,200,123
84,6,41
84,22,279
84,25,21
84,29,332
84,31,110
84,32,86
84,34,134
84,35,66
84,52,49
84,53,258
84,56,126
84,58,314
84,70,293
84,73,210
84,97,103
84,110,294
84,111,376
84,145,329
84,159,380
84,161,369
84,164,323
85,7,396
85,9,123
85,17,261
85,21,252
85,26,29
85,39,353
85,42,225
85,46,41
85,53,299
85,57,371
85,59,141
85,61,78
85,67,276
85,104,215
85,126,216
85,137,244
85,149,328
85,166,281
85,172,315
85,175,323
85,177,60
85,178,250
86,10,81
86,11,277
86,13,191
86,21,216
86,22,179
86,26,339
86,37,297
86,42,41
86,48,74
86,63,115
86,69,129
86,76,320
86,79,174
86,80,246
86,87,364
86,95,204
86,100,28
86,102,365
86,115,135
86,119,263
86,122,38
86,124,237
86,126,279
86,127,331
86,136,70
86,157,348
86,163,344
86,177,234
86,180,124
86,183,376
87,1,236
87,26,182
87,30,268
87,32,271
87,50,121
87,58,269
87,60,205
87,70,181
87,79,204
87,86,364
87,90,334
87,93,112
87,113,181
87,115,49
87,139,382
87,143,234
87,144,377
87,152,25
87,156,337
87,162,31
87,175,55
87,178,343
87,184,137
87,192,182
88,6,100
88,9,230
88,24,141
88,29,300
88,31,316
88,35,323
88,42,128
88,44,209
88,53,394
88,58,358
88,68,77
88,78,173
88,82,102
88,94,211
88,101,367
88,107,209
88,114,37
88,117,282
88,125,375
88,130,247
88,139,175
88,143,282
88,148,122
88,152,197
88,187,220
89,5,114
89,7,221
89,23,54
89,26,122
89,32,227
89,33,197
89,36,284
89,44,305
89,52,284
89,53,356
89,58,355
89,69,75
89,76,62
89,92,219
89,101,198
89,106,198
89,110,43
89,123,333
89,136,392
89,138,204
89,139,392
89,144,364
89,154,208
89,172,316
89,182,14
89,188,67
89,193,220
90,12,320
90,17,180
90,36,98
90,37,218
90,47,258
90,50,192
90,57,280
90,71,33
90,79,311
90,80,400
90,82,316
90,87,334
90,99,271
90,111,47
90,115,193
90,132,263
90,138,51
90,143,261
90,149,110
90,161,85
90,164,164
90,185,136
91,3,361
91,4,94
91,14,394
91,28,147
91,31,102
91,32,198
91,35,85
91,37,323
91,40,100
91,51,223
91,59,224
91,60,216
91,71,345
91,77,280
91,93,66
91,96,243
91,132,94
91,147,132
91,157,346
91,176,166
92,1,185
92,2,103
92,11,51
92,15,383
92,18,258
92,27,225
92,32,218
92,34,141
92,50,1
92,55,48
92,64,137
92,67,372
92,82,31
92,89,219
92,94,180
92,105,87
92,107,68
92,121,217
92,158,144
92,164,312
92,165,285
92,173,257
93,5,195
93,10,226
93,13,92
93,17,224
93,24,57
93,25,282
93,33,155
93,45,288
93,51,20
93,52,311
93,55,202
93,81,224
93,87,112
93,91,66
93,95,187
93,109,262
93,115,205
93,125,274
93,130,101
93,145,262
93,156,329
93,158,373
93,185,195
93,192,231
93,200,382
94,3,170
94,11,26
94,18,292
94,27,176
94,33,134
94,50,341
94,55,364
94,56,395
94,64,319
94,76,292
94,80,289
94,83,197
94,88,211
94,92,180
94,97,298
94,111,16
94,112,304
94,121,107
94,123,35
94,135,278
94,145,18
95,6,193
95,12,289
95,14,218
95,22,162
95,26,266
95,27,263
95,32,132
95,38,326
95,43,61
95,49,368
95,50,265
95,77,260
95,86,204
95,93,187
95,96,159
95,99,70
95,112,157
95,113,106
95,134,249
95,139,347
95,149,100
95,155,35
95,160,286
95,165,206
95,194,42
95,197,288
96,1,327
96,2,185
96,14,290
96,17,324
96,27,299
96,37,34
96,49,155
96,52,301
96,62,137
96,71,12
96,73,104
96,74,100
96,91,243
96,95,159
96,97,28
96,102,256
96,105,70
96,106,75
96,109,35
96,111,134
96,112,147
96,118,198
96,122,369
96,123,144
96,125,53
96,134,184
96,135,90
96,143,93
96,151,202
96,179,150
96,189,154
96,193,396
96,194,69
97,19,87
97,37,183
97,39,45
97,42,6
97,46,32
97,59,53
97,60,343
97,68,62
97,69,255
97,72,59
97,73,337
97,84,103
97,94,298
97,96,28
97,101,211
97,104,323
97,118,316
97,119,105
97,120,162
97,132,373
97,138,272
97,162,344
97,167,106
98,6,110
98,9,213
98,12,136
98,32,66
98,38,20
98,45,101
98,47,198
98,49,109
98,51,32
98,54,339
98,58,320
98,81,394
98,82,237
98,100,7
98,104,54
98,111,198
98,118,17
98,144,10
98,145,21
98,180,254
98,192,58
98,195,206
98,197,245
99,8,152
99,11,337
99,31,194
99,35,300
99,38,231
99,46,259
99,48,140
99,60,212
99,61,284
99,62,156
99,63,320
99,82,225
99,90,271
99,95,70
99,118,239
99,124,94
99,125,365
99,145,224
99,157,18
99,164,152
99,172,325
100,15,358
100,16,42
100,17,260
100,32,315
100,39,261
100,43,255
100,47,365
100,49,104
100,53,279
100,55,22
100,70,357
100,86,28
100,98,7
100,131,159
100,139,1
100,142,224
100,155,86
100,171,232
100,177,297
100,183,156
100,184,318
100,188,212
100,197,156
101,2,333
101,16,29
101,19,277
101,22,216
101,26,92
101,29,28
101,36,186
101,43,56
101,68,271
101,81,278
101,88,367
101,89,198
101,97,211
101,102,146
101,112,266
101,161,345
101,173,310
101,182,171
101,194,241
102,3,210
102,17,118
102,19,166
102,23,151
102,42,10
102,55,214
102,56,116
102,61,150
102,63,137
102,64,28
102,86,365
102,96,256
102,101,146
102,105,175
102,109,396
102,131,36
102,135,202
102,137,276
102,138,129
102,149,194
102,155,119
102,157,400
102,166,318
102,167,239
102,170,270
102,171,317
102,199,9
103,2,220
103,4,58
103,11,390
103,13,83
103,17,30
103,27,79
103,28,189
103,35,245
103,36,61
103,53,108
103,65,123
103,70,327
103,123,352
103,126,290
103,132,28
103,148,343
103,173,36
103,181,342
103,184,340
103,186,285
103,196,399
104,6,387
104,12,319
104,15,25
104,32,193
104,42,355
104,46,341
104,56,249
104,60,197
104,71,170
104,78,179
104,85,215
104,97,323
104,98,54
104,109,308
104,121,112
104,125,345
104,127,293
104,150,252
104,169,296
105,2,21
105,5,332
105,17,14
105,20,255
105,28,173
105,51,223
105,60,232
105,70,249
105,76,138
105,82,125
105,92,87
105,96,70
105,102,175
105,110,15
105,115,35
105,118,387
105,134,334
105,163,265
105,166,399
105,167,233
105,170,314
105,179,177
105,190,365
105,198,63
106,7,41
106,10,189
106,12,309
106,31,65
106,43,197
106,51,219
106,55,280
106,57,216
106,63,223
106,65,274
106,79,257
106,81,309
106,89,198
106,96,75
106,112,86
106,116,264
106,117,137
106,122,163
106,127,71
106,128,312
106,129,259
106,141,262
106,160,138
106,174,14
106,180,24
106,181,265
107,4,220
107,17,371
107,18,214
107,21,236
107,29,148
107,30,293
107,31,241
107,43,111
107,53,158
107,69,322
107,80,133
107,82,36
107,88,209
107,92,68
107,109,261
107,110,257
107,115,281
107,160,385
107,193,300
107,197,339
108,10,331
108,13,115
108,17,218
108,19,153
108,33,238
108,49,31
108,60,283
108,70,331
108,74,31
108,77,358
108,80,273
108,83,255
108,114,335
108,119,79
108,122,333
108,127,204
108,131,229
108,146,64
108,148,89
108,152,196
108,158,63
108,164,281
108,177,68
108,182,244
108,190,252
108,200,399
109,18,31
109,24,289
109,32,100
109,39,24
109,47,52
109,61,265
109,82,73
109,93,262
109,96,35
109,102,396
109,104,308
109,107,261
109,114,55
109,122,385
109,128,202
109,131,77
109,141,228
109,146,344
109,158,146
109,177,176
109,191,108
110,14,236
110,28,164
110,32,55
110,34,109
110,37,356
110,47,305
110,56,392
110,64,139
110,67,59
110,80,134
110,84,294
110,89,43
110,105,15
110,107,257
110,161,237
110,166,283
110,176,167
110,181,38
110,188,342
111,2,133
111,13,248
111,45,307
111,56,224
111,72,245
111,78,296
111,82,92
111,84,376
111,90,47
111,94,16
111,96,134
111,98,198
111,116,370
111,119,39
111,121,282
111,128,359
111,189,349
111,192,11
112,8,296
112,12,100
112,25,268
112,39,330
112,42,113
112,52,357
112,55,145
112,66,135
112,94,304
112,95,157
112,96,147
112,101,266
112,106,86
112,120,156
112,136,226
112,142,174
112,153,388
112,162,244
112,167,362
112,168,7
112,173,172
112,175,377
113,5,178
113,10,290
113,22,60
113,26,58
113,33,87
113,35,282
113,38,50
113,53,395
113,60,321
113,62,68
113,72,316
113,80,224
113,87,181
113,95,106
113,114,173
113,116,263
113,117,33
113,121,22
113,136,259
113,141,284
113,147,360
113,176,364
113,197,224
114,12,257
114,24,79
114,27,224
114,39,238
114,47,395
114,51,365
114,53,207
114,59,193
114,82,176
114,88,37
114,108,335
114,109,55
114,113,173
114,117,63
114,119,389
114,135,291
114,140,264
114,147,154
114,150,144
114,152,356
114,156,324
114,163,54
115,17,294
115,26,128
115,29,152
115,48,85
115,56,201
115,63,64
115,86,135
115,87,49
115,90,193
115,93,205
115,105,35
115,107,281
115,134,281
115,135,221
115,139,330
115,146,268
115,147,282
115,154,276
115,174,365
115,182,197
115,195,212
115,199,235
116,2,6
116,20,114
116,27,170
116,31,142
116,32,30
116,51,82
116,54,108
116,63,193
116,64,338
116,74,40
116,79,167
116,106,264
116,111,370
116,113,263
116,117,2
116,128,129
116,131,197
116,137,134
116,158,126
117,20,10
117,33,381
117,42,125
117,59,21
117,69,292
117,71,394
117,81,287
117,83,253
117,88,282
117,106,137
117,113,33
117,114,63
117,116,2
117,120,154
117,127,84
117,130,272
117,134,38
117,142,191
117,148,4
117,161,231
117,167,337
117,180,103
117,192,377
117,199,225
118,8,393
118,17,19
118,21,246
118,46,61
118,49,198
118,53,80
118,56,170
118,67,387
118,96,198
118,97,316
118,98,17
118,99,239
118,105,387
118,124,40
118,130,214
118,139,215
118,145,29
118,146,219
118,147,362
118,154,21
118,160,97
118,164,392
118,167,164
118,179,14
118,187,291
119,22,200
119,24,12
119,25,348
119,28,162
119,43,325
119,44,359
119,51,154
119,55,184
119,67,20
119,86,263
119,97,105
119,108,79
119,111,39
119,114,389
119,138,46
119,146,122
119,152,371
119,162,331
119,177,131
119,193,389
120,13,179
120,19,255
120,29,143
120,30,145
120,34,270
120,37,266
120,39,120
120,58,257
120,67,105
120,80,335
120,82,237
120,97,162
120,112,156
120,117,154
120,133,169
120,176,341
120,180,212
121,4,154
121,37,389
121,42,44
121,43,319
121,46,362
121,57,116
121,65,177
121,83,370
121,92,217
121,94,107
121,104,112
121,111,282
121,113,22
121,141,231
121,144,222
121,150,41
121,151,245
121,185,171
121,193,80
121,197,280
122,3,323
122,17,60
122,21,229
122,22,252
122,27,322
122,30,287
122,43,327
122,55,90
122,60,220
122,86,38
122,96,369
122,106,163
122,108,333
122,109,385
122,138,188
122,141,54
122,151,352
122,163,143
122,164,133
122,165,19
122,185,300
123,2,5
123,9,387
123,21,233
123,25,65
123,29,136
123,50,349
123,54,191
123,73,219
123,77,339
123,82,361
123,89,333
123,94,35
123,96,144
123,103,352
123,126,10
123,130,146
123,140,333
123,185,183
123,195,295
124,9,25
124,17,372
124,33,83
124,35,359
124,38,241
124,46,78
124,61,351
124,69,306
124,82,242
124,86,237
124,99,94
124,118,40
124,133,299
124,135,228
124,141,138
124,149,49
124,154,55
124,155,290
124,157,12
124,162,29
124,174,77
124,181,239
124,184,228
124,196,250
124,199,189
125,2,102
125,3,105
125,6,62
125,21,230
125,24,349
125,32,126
125,40,201
125,50,340
125,64,237
125,88,375
125,93,274
125,96,53
125,99,365
125,104,345
125,127,116
125,130,38
125,133,101
125,140,115
125,142,21
125,146,58
125,192,352
126,9,142
126,24,46
126,34,182
126,37,137
126,42,6
126,43,149
126,58,120
126,62,103
126,72,203
126,85,216
126,86,279
126,103,290
126,123,10
126,132,201
126,137,151
126,168,282
126,173,241
126,179,312
126,180,189
126,189,326
126,191,387
126,200,321
127,10,228
127,23,302
127,36,161
127,50,337
127,52,123
127,57,28
127,60,52
127,68,299
127,86,331
127,104,293
127,106,71
127,108,204
127,117,84
127,125,116
127,136,5
127,151,358
128,23,178
128,24,18
128,44,47
128,62,277
128,64,368
128,72,397
128,81,388
128,82,80
128,106,312
128,109,202
128,111,359
128,116,129
128,145,225
128,156,241
128,158,247
128,168,197
128,171,293
128,177,156
128,178,131
128,186,14
128,187,7
128,198,350
129,4,169
129,5,223
129,6,287
129,7,82
129,16,98
129,24,212
129,32,16
129,40,134
129,47,293
129,48,352
129,68,156
129,106,259
129,160,381
129,169,14
129,195,283
130,9,26
130,26,58
130,29,129
130,48,346
130,52,222
130,57,246
130,60,19
130,88,247
130,93,101
130,117,272
130,118,214
130,123,146
130,125,38
130,168,134
130,175,179
130,186,214
130,188,65
131,16,320
131,17,352
131,18,373
131,29,25
131,35,213
131,37,22
131,40,99
131,54,290
131,68,177
131,100,159
131,102,36
131,108,229
131,109,77
131,116,197
131,137,68
131,193,109
132,10,57
132,30,19
132,44,45
132,48,343
132,59,174
132,60,102
132,77,33
132,79,39
132,90,263
132,91,94
132,97,373
132,103,28
132,126,201
132,138,272
132,151,36
132,152,298
132,164,263
132,166,103
132,171,4
132,190,151
132,191,296
133,3,148
133,13,375
133,16,182
133,18,249
133,24,344
133,38,396
133,64,125
133,71,23
133,77,44
133,83,32
133,120,169
133,124,299
133,125,101
133,171,23
133,183,311
134,2,345
134,7,279
134,9,288
134,28,112
134,30,200
134,56,179
134,63,288
134,79,354
134,95,249
134,96,184
134,105,334
134,115,281
134,117,38
134,147,22
134,153,143
134,157,66
134,161,175
134,174,3
134,186,335
134,197,129
134,198,108
134,200,372
135,15,168
135,22,51
135,34,66
135,45,7
135,54,375
135,57,230
135,70,359
135,94,278
135,96,90
135,102,202
135,114,291
135,115,221
135,124,228
135,139,290
135,143,265
135,150,97
135,156,310
135,158,53
135,159,226
135,161,235
135,171,106
135,176,135
135,180,373
135,182,169
136,9,366
136,19,225
136,40,206
136,50,262
136,66,287
136,69,162
136,70,45
136,86,70
136,89,392
136,112,226
136,113,259
136,127,5
136,141,322
136,150,319
136,175,188
136,178,328
136,183,162
136,185,234
136,187,332
136,191,126
137,1,202
137,24,54
137,32,43
137,36,164
137,59,105
137,65,160
137,66,166
137,71,77
137,73,8
137,85,244
137,102,276
137,116,134
137,126,151
137,131,68
137,161,178
137,165,165
138,9,58
138,31,233
138,33,14
138,53,399
138,62,141
138,82,146
138,89,204
138,90,51
138,97,272
138,102,129
138,119,46
138,122,188
138,132,272
138,173,154
138,176,80
138,178,103
138,199,81
139,29,50
139,59,212
139,60,150
139,63,117
139,78,3
139,82,363
139,87,382
139,88,175
139,89,392
139,95,347
139,100,1
139,115,330
139,118,215
139,135,290
139,140,112
139,143,96
139,155,38
139,156,233
139,163,176
139,184,354
139,190,92
140,1,273
140,3,142
