source,target,weight
1,2,159
1,3,194
1,4,237
1,6,237
1,7,371
1,8,48
1,9,169
1,10,312
1,11,380
1,12,68
1,14,50
1,15,225
1,16,147
1,19,125
1,20,367
1,21,315
1,22,201
1,23,177
1,24,279
1,25,258
1,26,379
1,27,187
1,28,301
1,29,229
1,30,214
1,31,380
1,32,78
1,33,359
1,34,319
1,35,321
1,37,252
1,40,160
1,45,15
1,47,135
1,49,343
1,52,140
1,56,262
1,57,186
1,59,134
1,60,120
1,61,159
1,63,218
1,66,128
1,70,355
1,72,139
1,74,207
1,75,177
1,79,294
1,81,61
1,82,281
1,83,136
1,84,157
1,85,84
1,86,111
1,88,36
1,89,270
1,90,165
1,92,213
1,93,113
1,95,105
1,100,57
1,104,243
1,109,47
1,113,140
1,116,60
1,117,347
1,123,152
1,124,272
1,130,222
1,132,291
1,135,10
1,137,91
1,138,288
1,139,234
1,140,305
1,141,309
1,143,196
1,145,256
1,146,142
1,147,290
1,149,240
1,152,375
1,154,72
1,155,280
1,157,136
1,158,354
1,163,150
1,166,110
1,168,341
1,170,187
1,172,244
1,173,331
1,183,41
1,186,34
1,188,306
1,190,364
1,191,152
1,197,229
1,198,164
2,1,159
2,3,57
2,4,375
2,5,1
2,6,98
2,8,144
2,10,150
2,14,384
2,19,205
2,20,264
2,21,154
2,22,41
2,24,177
2,25,60
2,28,142
2,30,234
2,31,304
2,32,262
2,34,175
2,35,98
2,36,25
2,39,326
2,41,397
2,42,257
2,43,137
2,45,53
2,47,170
2,48,396
2,49,63
2,50,269
2,51,235
2,52,299
2,55,391
2,57,127
2,58,266
2,59,76
2,61,306
2,64,362
2,67,325
2,68,112
2,69,336
2,70,12
2,71,167
2,74,287
2,76,87
2,78,278
2,82,364
2,83,271
2,84,306
2,85,191
2,86,103
2,88,240
2,89,201
2,90,80
2,91,174
2,93,382
2,94,397
2,95,119
2,97,93
2,99,327
2,101,366
2,104,339
2,105,10
2,106,26
2,107,308
2,109,346
2,110,74
2,111,36
2,114,276
2,116,10
2,119,180
2,120,385
2,124,269
2,127,289
2,128,34
2,129,385
2,130,11
2,131,198
2,133,247
2,136,109
2,137,268
2,140,55
2,144,228
2,146,10
2,147,351
2,151,145
2,152,351
2,155,255
2,156,349
2,157,361
2,162,134
2,164,11
2,167,179
2,171,313
2,173,44
2,175,196
2,176,146
2,177,290
2,183,40
2,185,80
2,188,207
2,192,129
2,197,55
3,1,194
3,2,57
3,4,147
3,5,192
3,6,283
3,7,292
3,8,40
3,9,92
3,10,377
3,12,397
3,14,83
3,16,4
3,17,164
3,18,236
3,21,185
3,23,337
3,24,174
3,26,201
3,27,10
3,29,238
3,31,290
3,32,202
3,35,260
3,36,258
3,37,320
3,38,212
3,39,206
3,42,381
3,44,121
3,45,64
3,46,352
3,47,5
3,48,304
3,51,298
3,52,125
3,54,142
3,56,141
3,57,273
3,59,246
3,60,84
3,61,383
3,62,307
3,63,49
3,64,22
3,65,123
3,66,255
3,68,294
3,72,331
3,74,305
3,75,138
3,76,314
3,78,100
3,79,238
3,81,217
3,82,319
3,83,157
3,84,118
3,86,287
3,89,188
3,91,38
3,92,122
3,93,252
3,96,314
3,97,118
3,98,145
3,100,183
3,102,312
3,103,183
3,104,323
3,105,262
3,110,393
3,111,122
3,113,43
3,115,10
3,121,97
3,122,58
3,124,240
3,125,137
3,128,207
3,131,386
3,134,78
3,139,28
3,140,216
3,141,197
3,143,69
3,144,82
3,146,18
3,148,227
3,149,183
3,150,54
3,151,107
3,153,98
3,155,233
3,156,235
3,158,340
3,159,139
3,160,355
3,162,221
3,163,155
3,166,76
3,167,285
3,168,280
3,169,97
3,172,239
3,173,144
3,175,312
3,180,109
3,183,330
3,189,218
3,193,326
4,1,237
4,2,375
4,3,147
4,5,108
4,7,48
4,11,133
4,12,308
4,13,84
4,15,332
4,16,113
4,19,4
4,21,106
4,22,92
4,23,286
4,24,187
4,27,222
4,29,68
4,30,314
4,31,264
4,33,221
4,34,92
4,35,289
4,39,249
4,40,118
4,42,234
4,44,113
4,46,28
4,47,247
4,48,68
4,50,218
4,51,217
4,52,165
4,53,263
4,54,400
4,55,65
4,57,234
4,58,118
4,63,329
4,64,228
4,66,156
4,67,125
4,68,386
4,69,385
4,70,69
4,71,80
4,73,313
4,74,43
4,75,175
4,77,264
4,81,64
4,82,312
4,84,240
4,85,256
4,87,332
4,88,85
4,90,59
4,91,317
4,94,302
4,96,41
4,98,2
4,99,62
4,100,261
4,104,115
4,107,134
4,111,265
4,114,302
4,116,33
4,117,159
4,120,342
4,121,8
4,122,72
4,126,225
4,127,137
4,128,51
4,129,369
4,130,57
4,131,133
4,134,66
4,137,302
4,138,318
4,139,140
4,142,251
4,144,242
4,145,285
4,146,231
4,147,350
4,148,61
4,151,388
4,155,131
4,157,72
4,158,374
4,164,86
4,165,283
4,167,112
4,169,287
4,172,83
4,177,379
4,178,58
4,180,283
4,184,171
4,185,261
4,186,117
4,191,127
4,193,176
4,194,380
4,196,367
4,198,2
5,2,1
5,3,192
5,4,108
5,6,360
5,7,25
5,9,304
5,10,399
5,11,214
5,12,306
5,13,391
5,14,358
5,15,398
5,16,174
5,17,238
5,20,257
5,23,268
5,24,159
5,25,323
5,26,221
5,27,193
5,29,333
5,30,385
5,31,63
5,33,349
5,34,132
5,37,70
5,38,12
5,39,138
5,40,246
5,41,8
5,42,364
5,44,105
5,47,347
5,48,246
5,51,229
5,52,235
5,53,277
5,56,102
5,57,381
5,59,20
5,60,154
5,63,143
5,65,207
5,67,104
5,68,322
5,70,113
5,72,103
5,73,317
5,74,136
5,75,161
5,78,123
5,79,17
5,80,251
5,81,5
5,84,73
5,86,308
5,88,381
5,89,390
5,90,86
5,91,78
5,93,58
5,94,7
5,96,146
5,97,138
5,98,268
5,99,25
5,101,42
5,102,152
5,103,228
5,104,68
5,105,152
5,106,47
5,107,298
5,108,17
5,110,4
5,111,219
5,112,86
5,116,115
5,117,58
5,119,253
5,120,65
5,122,182
5,123,226
5,124,233
5,128,211
5,129,269
5,130,262
5,133,148
5,135,195
5,136,14
5,140,147
5,141,298
5,142,359
5,143,37
5,144,230
5,146,114
5,149,273
5,151,81
5,152,173
5,153,106
5,154,292
5,156,332
5,161,337
5,162,380
5,166,88
5,167,150
5,168,216
5,172,161
5,174,283
5,175,328
5,176,373
5,186,205
5,192,164
5,200,153
6,1,237
6,2,98
6,3,283
6,5,360
6,7,30
6,8,19
6,9,247
6,10,129
6,11,203
6,12,102
6,14,285
6,15,45
6,17,186
6,18,326
6,19,297
6,20,264
6,22,286
6,23,42
6,25,333
6,26,101
6,29,242
6,30,131
6,31,171
6,34,213
6,35,59
6,36,170
6,37,264
6,38,16
6,45,30
6,48,291
6,49,43
6,52,183
6,53,311
6,54,310
6,55,226
6,58,175
6,62,400
6,63,364
6,64,13
6,67,365
6,70,399
6,71,4
6,72,296
6,73,199
6,74,276
6,75,35
6,76,90
6,78,351
6,82,93
6,84,155
6,86,242
6,88,45
6,91,35
6,95,276
6,97,332
6,98,59
6,99,96
6,100,106
6,104,228
6,108,375
6,111,343
6,115,329
6,116,292
6,117,273
6,118,302
6,126,346
6,128,308
6,137,44
6,143,155
6,149,165
6,155,59
6,158,352
6,163,144
6,166,95
6,168,201
6,170,87
6,172,239
6,174,185
6,177,41
6,179,43
6,188,23
6,190,239
6,193,238
6,199,303
7,1,371
7,3,292
7,4,48
7,5,25
7,6,30
7,8,296
7,9,189
7,10,46
7,11,150
7,12,180
7,13,191
7,16,346
7,18,296
7,19,73
7,20,243
7,21,316
7,22,205
7,24,5
7,26,67
7,27,286
7,28,196
7,29,158
7,31,334
7,34,181
7,35,183
7,36,28
7,37,300
7,38,91
7,39,306
7,40,204
7,41,290
7,42,278
7,44,375
7,45,187
7,46,45
7,47,324
7,49,196
7,50,368
7,51,42
7,52,29
7,54,64
7,55,239
7,56,94
7,62,272
7,63,200
7,64,237
7,65,198
7,66,252
7,67,81
7,69,146
7,70,389
7,72,182
7,73,302
7,74,144
7,75,119
7,76,40
7,77,326
7,78,90
7,79,163
7,80,17
7,81,200
7,82,139
7,83,251
7,87,123
7,89,340
7,90,317
7,93,336
7,94,105
7,100,217
7,102,341
7,104,141
7,105,36
7,106,213
7,107,380
7,109,25
7,110,32
7,111,46
7,113,370
7,114,271
7,115,201
7,116,184
7,118,386
7,119,285
7,120,312
7,121,218
7,122,294
7,124,117
7,127,352
7,129,387
7,131,375
7,134,128
7,135,385
7,136,51
7,138,138
7,139,143
7,144,122
7,147,269
7,150,245
7,151,332
7,152,218
7,156,132
7,157,122
7,158,10
7,164,108
7,165,350
7,169,260
7,171,398
7,175,341
7,176,224
7,177,3
7,178,338
7,189,394
7,190,101
7,192,30
7,193,217
7,195,98
7,198,159
8,1,48
8,2,144
8,3,40
8,6,19
8,7,296
8,9,312
8,12,7
8,14,127
8,15,278
8,17,310
8,18,318
8,19,239
8,20,46
8,21,15
8,23,325
8,24,366
8,25,222
8,26,264
8,28,40
8,29,66
8,31,97
8,32,357
8,33,175
8,34,271
8,35,252
8,36,59
8,37,243
8,38,247
8,40,137
8,42,181
8,43,76
8,45,388
8,46,41
8,47,159
8,49,275
8,50,124
8,51,114
8,52,172
8,54,271
8,55,70
8,56,138
8,57,252
8,58,70
8,59,76
8,60,126
8,61,58
8,63,247
8,65,308
8,66,17
8,70,32
8,71,217
8,74,61
8,79,87
8,80,184
8,81,8
8,82,327
8,83,147
8,85,189
8,86,393
8,87,216
8,88,179
8,90,32
8,92,369
8,93,343
8,96,97
8,97,137
8,99,64
8,100,191
8,101,376
8,102,264
8,104,389
8,106,97
8,107,388
8,108,346
8,114,15
8,115,93
8,118,44
8,119,318
8,122,313
8,123,28
8,127,53
8,130,189
8,132,153
8,135,385
8,136,388
8,139,143
8,142,245
8,146,388
8,147,243
8,149,153
8,150,8
8,153,216
8,155,309
8,161,380
8,171,40
8,172,76
8,178,172
8,179,151
8,180,286
8,181,339
8,182,172
8,183,265
8,184,233
8,186,93
8,195,117
8,196,107
8,197,376
8,200,254
9,1,169
9,3,92
9,5,304
9,6,247
9,7,189
9,8,312
9,11,385
9,14,109
9,15,100
9,16,351
9,17,8
9,18,11
9,19,77
9,20,97
9,21,183
9,22,151
9,23,60
9,26,379
9,27,63
9,28,5
9,33,261
9,34,308
9,35,1
9,37,185
9,40,54
9,41,98
9,42,151
9,45,57
9,48,322
9,50,175
9,51,2
9,52,158
9,53,373
9,54,91
9,55,161
9,56,260
9,57,300
9,59,158
9,60,130
9,61,273
9,65,381
9,66,163
9,67,293
9,68,296
9,69,2
9,70,173
9,72,327
9,73,76
9,76,255
9,77,194
9,79,83
9,80,317
9,81,326
9,85,207
9,86,332
9,88,50
9,89,246
9,90,235
9,91,274
9,92,228
9,95,322
9,96,59
9,97,67
9,99,126
9,100,368
9,101,20
9,102,117
9,105,302
9,107,192
9,109,179
9,110,180
9,111,79
9,115,23
9,116,138
9,117,124
9,119,337
9,120,341
9,121,370
9,123,229
9,126,171
9,127,177
9,129,29
9,131,144
9,133,388
9,134,392
9,136,74
9,137,44
9,138,340
9,139,162
9,141,175
9,143,206
9,144,167
9,147,174
9,148,91
9,149,39
9,154,345
9,155,79
9,156,135
9,160,86
9,166,224
9,167,398
9,169,77
9,173,350
9,178,47
9,180,168
9,185,164
9,187,298
9,190,236
9,194,212
9,196,285
9,198,212
9,200,87
10,1,312
10,2,150
10,3,377
10,5,399
10,6,129
10,7,46
10,11,203
10,12,390
10,13,210
10,16,230
10,17,318
10,18,160
10,22,291
10,23,240
10,24,203
10,25,103
10,26,322
10,29,76
10,30,47
10,31,305
10,34,278
10,36,23
10,38,351
10,39,390
10,40,107
10,41,215
10,44,96
10,46,386
10,47,394
10,48,24
10,49,20
10,50,387
10,52,375
10,53,63
10,54,400
10,57,263
10,58,220
10,59,285
10,64,21
10,65,57
10,66,323
10,69,369
10,71,82
10,73,295
10,74,244
10,78,238
10,79,11
10,80,342
10,82,60
10,85,4
10,86,164
10,87,66
10,88,290
10,92,234
10,93,27
10,96,11
10,97,329
10,98,40
10,99,148
10,100,208
10,101,58
10,106,248
10,108,189
10,109,71
10,110,195
10,111,75
10,114,173
10,116,181
10,124,188
10,125,134
10,126,51
10,129,90
10,130,229
10,131,64
10,132,375
10,133,337
10,134,114
10,136,247
10,138,91
10,141,168
10,142,48
10,143,400
10,144,376
10,145,314
10,149,315
10,150,195
10,157,381
10,158,29
10,160,76
10,161,174
10,162,321
10,165,321
10,170,105
10,171,15
10,172,259
10,174,329
10,177,244
10,178,208
10,182,204
10,184,140
10,186,318
10,189,157
10,194,48
10,199,398
10,200,395
11,1,380
11,4,133
11,5,214
11,6,203
11,7,150
11,9,385
11,10,203
11,12,257
11,13,24
11,15,233
11,16,177
11,19,276
11,20,304
11,21,99
11,23,220
11,27,363
11,29,276
11,32,57
11,37,393
11,38,12
11,40,344
11,43,146
11,45,7
11,46,78
11,47,374
11,50,345
11,51,232
11,52,287
11,53,381
11,55,365
11,56,355
11,57,353
11,58,161
11,59,32
11,60,36
11,63,300
11,64,276
11,65,272
11,66,120
11,68,322
11,70,182
11,72,36
11,74,5
11,75,102
11,76,245
11,77,340
11,79,151
11,80,260
11,82,63
11,83,70
11,85,177
11,86,151
11,87,185
11,88,338
11,89,123
11,90,85
11,91,93
11,93,314
11,94,391
11,95,270
11,96,285
11,98,88
11,99,373
11,100,312
11,101,363
11,102,358
11,105,337
11,106,190
11,109,65
11,112,30
11,117,182
11,118,332
11,121,98
11,130,226
11,132,61
11,135,205
11,136,53
11,141,264
11,144,48
11,146,270
11,152,400
11,157,259
11,158,299
11,164,249
11,165,166
11,169,318
11,170,400
11,171,12
11,173,248
11,184,331
11,186,250
11,187,15
11,189,390
11,195,212
11,198,257
12,1,68
12,3,397
12,4,308
12,5,306
12,6,102
12,7,180
12,8,7
12,10,390
12,11,257
12,13,151
12,14,212
12,15,394
12,16,268
12,17,146
12,18,81
12,22,157
12,24,269
12,25,347
12,27,23
12,29,326
12,30,214
12,32,229
12,33,197
12,34,302
12,36,370
12,39,216
12,41,293
12,43,37
12,46,331
12,53,138
12,56,276
12,57,43
12,58,362
12,59,344
12,60,227
12,62,128
12,63,338
12,64,300
12,65,6
12,67,376
12,69,91
12,73,81
12,74,201
12,75,257
12,78,131
12,82,377
12,87,146
12,88,108
12,89,394
12,90,35
12,92,392
12,93,245
12,95,135
12,97,331
12,99,241
12,101,362
12,102,184
12,103,203
12,104,287
12,106,346
12,107,136
12,108,194
12,113,92
12,114,361
12,115,285
12,116,315
12,118,65
12,119,38
12,122,344
12,129,394
12,130,28
12,132,301
12,135,32
12,139,246
12,140,150
12,141,381
12,145,133
12,146,397
12,147,71
12,153,53
12,154,3
12,155,270
12,156,194
12,159,351
12,163,25
12,169,359
12,176,307
12,177,3
12,178,33
12,182,368
12,188,257
12,191,105
12,197,59
12,198,230
12,199,283
13,4,84
13,5,391
13,7,191
13,10,210
13,11,24
13,12,151
13,14,264
13,15,67
13,17,288
13,18,130
13,19,204
13,22,135
13,23,330
13,27,7
13,28,387
13,29,46
13,30,141
13,32,163
13,33,192
13,34,77
13,35,286
13,36,219
13,37,250
13,39,349
13,40,52
13,41,215
13,42,108
13,44,293
13,45,226
13,46,133
13,47,374
13,48,209
13,49,111
13,50,187
13,51,129
13,52,367
13,54,153
13,56,65
13,59,161
13,60,280
13,61,33
13,62,330
13,64,384
13,65,207
13,68,349
13,72,166
13,76,24
13,77,12
13,79,55
13,80,298
13,82,329
13,83,147
13,84,83
13,85,155
13,87,343
13,88,88
13,89,264
13,90,20
13,91,38
13,94,180
13,95,258
13,97,189
13,98,253
13,99,265
13,100,197
13,103,41
13,104,127
13,105,53
13,107,92
13,109,128
13,110,117
13,111,311
13,112,237
13,115,375
13,117,122
13,118,346
13,119,307
13,120,98
13,121,384
13,122,97
13,123,392
13,124,195
13,127,97
13,128,84
13,130,36
13,132,332
13,133,377
13,135,48
13,136,40
13,139,59
13,144,396
13,145,293
13,146,39
13,147,309
13,148,108
13,153,31
13,156,371
13,157,209
13,159,223
13,161,244
13,165,140
13,167,226
13,168,397
13,170,343
13,171,357
13,174,237
13,176,399
13,178,80
13,185,136
13,188,179
13,189,291
13,193,357
13,194,222
14,1,50
14,2,384
14,3,83
14,5,358
14,6,285
14,8,127
14,9,109
14,12,212
14,13,264
14,17,228
14,19,296
14,21,376
14,25,222
14,26,38
14,27,298
14,29,23
14,30,81
14,31,246
14,32,44
14,33,369
14,36,210
14,37,193
14,38,371
14,39,88
14,40,224
14,41,59
14,42,208
14,44,6
14,45,158
14,46,324
14,49,9
14,50,43
14,52,116
14,53,341
14,54,148
14,58,28
14,60,142
14,61,377
14,62,204
14,63,312
14,66,58
14,68,186
14,69,243
14,71,163
14,72,1
14,73,316
14,75,350
14,76,176
14,77,59
14,78,377
14,80,399
14,82,26
14,84,254
14,86,114
14,87,384
14,89,230
14,90,157
14,91,278
14,93,157
14,95,267
14,96,336
14,97,271
14,101,186
14,102,22
14,104,309
14,105,225
14,107,134
14,108,185
14,111,296
14,112,121
14,114,100
14,117,352
14,120,169
14,121,236
14,124,212
14,126,5
14,129,223
14,132,101
14,134,226
14,138,82
14,141,30
14,142,141
14,144,108
14,145,137
14,146,65
14,151,273
14,152,53
14,154,264
14,155,394
14,156,182
14,158,37
14,159,340
14,160,108
14,170,51
14,173,191
14,176,171
14,178,214
14,181,333
14,188,275
14,191,312
14,195,391
14,199,311
15,1,225
15,4,332
15,5,398
15,6,45
15,8,278
15,9,100
15,11,233
15,12,394
15,13,67
15,16,387
15,17,63
15,18,337
15,20,259
15,21,72
15,22,91
15,23,41
15,24,16
15,25,109
15,26,172
15,28,234
15,29,378
15,30,297
15,31,123
15,35,78
15,36,29
15,38,356
15,39,322
15,40,393
15,41,85
15,46,258
15,47,140
15,49,298
15,51,90
15,52,356
15,53,183
15,54,6
15,55,394
15,60,73
15,62,320
15,63,240
15,64,39
15,65,121
15,66,177
15,68,60
15,69,334
15,70,251
15,71,176
15,72,182
15,73,78
15,74,16
15,75,81
15,76,229
15,79,180
15,80,137
15,81,375
15,83,395
15,84,374
15,85,257
15,86,285
15,87,322
15,89,75
15,90,100
15,93,136
15,94,299
15,95,130
15,96,245
15,97,27
15,98,320
15,99,398
15,100,97
15,102,353
15,103,185
15,104,259
15,105,326
15,107,398
15,108,148
15,110,206
15,111,7
15,112,356
15,116,88
15,117,11
15,120,383
15,121,352
15,126,95
15,128,125
15,131,37
15,133,113
15,134,142
15,136,171
15,137,290
15,141,179
15,147,103
15,148,169
15,153,376
15,155,344
15,156,352
15,159,264
15,160,58
15,161,221
15,162,81
15,164,176
15,166,304
15,171,308
15,173,147
15,175,288
15,178,91
15,179,59
15,183,119
15,185,376
15,191,16
15,192,322
15,196,351
16,1,147
16,3,4
16,4,113
16,5,174
16,7,346
16,9,351
16,10,230
16,11,177
16,12,268
16,15,387
16,17,246
16,20,208
16,21,202
16,22,387
16,23,227
16,26,337
16,28,174
16,29,61
16,31,211
16,32,258
16,33,319
16,36,285
16,37,170
16,38,162
16,39,273
16,40,188
16,41,155
16,42,369
16,45,357
16,46,6
16,48,127
16,49,337
16,53,379
16,56,302
16,57,134
16,58,393
16,59,131
16,60,136
16,61,398
16,63,354
16,64,96
16,66,175
16,67,317
16,69,400
16,70,262
16,71,380
16,72,301
16,73,167
16,74,26
16,75,43
16,76,287
16,80,9
16,82,100
16,83,72
16,84,168
16,85,131
16,88,173
16,89,42
16,90,329
16,91,333
16,92,190
16,93,162
16,94,56
16,95,201
16,98,144
16,99,382
16,100,148
16,101,162
16,103,95
16,105,198
16,106,357
16,107,274
16,109,400
16,110,164
16,111,171
16,113,120
16,115,96
16,116,383
16,117,299
16,119,307
16,125,168
16,127,192
16,128,302
16,131,271
16,134,224
16,145,2
16,146,311
16,149,168
16,156,15
16,158,324
16,160,393
16,161,314
16,163,122
16,165,210
16,166,21
16,168,42
16,177,221
16,178,113
16,180,228
16,181,67
16,186,13
16,190,141
16,193,31
16,195,10
16,200,110
17,3,164
17,5,238
17,6,186
17,8,310
17,9,8
17,10,318
17,12,146
17,13,288
17,14,228
17,15,63
17,16,246
17,20,92
17,22,282
17,26,2
17,27,20
17,28,180
17,30,39
17,31,294
17,32,242
17,34,281
17,35,31
17,36,8
17,38,3
17,39,309
17,40,358
17,41,301
17,43,164
17,46,168
17,50,56
17,51,191
17,53,93
17,54,387
17,58,223
17,59,265
17,60,393
17,62,275
17,64,76
17,66,355
17,68,115
17,69,1
17,71,305
17,72,242
17,73,291
17,74,110
17,75,127
17,77,163
17,78,389
17,79,216
17,80,227
17,81,201
17,83,37
17,87,195
17,89,119
17,90,185
17,93,185
17,96,27
17,98,58
17,100,332
17,101,340
17,102,5
17,104,194
17,105,241
17,107,104
17,108,380
17,111,3
17,112,158
17,116,249
17,118,146
17,119,370
17,120,171
17,124,214
17,126,292
17,130,264
17,136,309
17,137,116
17,138,147
17,139,312
17,141,378
17,143,156
17,150,381
17,153,340
17,154,366
17,155,350
17,158,240
17,160,266
17,165,146
17,166,266
17,169,315
17,170,345
17,173,60
17,176,266
17,181,324
17,182,288
17,183,33
17,187,374
17,195,205
17,196,93
17,197,5
17,200,334
18,3,236
18,6,326
18,7,296
18,8,318
18,9,11
18,10,160
18,12,81
18,13,130
18,15,337
18,19,181
18,20,135
18,21,100
18,23,5
18,25,207
18,26,59
18,27,10
18,28,109
18,30,230
18,31,240
18,32,158
18,33,330
18,34,127
18,35,375
18,36,6
18,37,397
18,38,375
18,40,153
18,41,192
18,42,164
18,43,246
18,44,114
18,45,76
18,49,151
18,50,27
18,51,374
18,52,287
18,54,19
18,55,116
18,57,250
18,58,30
18,61,240
18,62,393
18,63,23
18,64,297
18,65,392
18,66,123
18,67,12
18,68,72
18,69,62
18,70,274
18,71,271
18,73,370
18,75,132
18,76,301
18,77,308
18,79,126
18,80,33
18,82,366
18,84,138
18,85,356
18,87,326
18,89,283
18,90,334
18,93,216
18,94,332
18,95,263
18,97,175
18,98,68
18,99,302
18,102,80
18,103,372
18,108,287
18,110,110
18,112,60
18,113,56
18,114,341
18,116,213
18,118,192
18,121,156
18,123,216
18,124,81
18,125,61
18,127,360
18,128,298
18,129,178
18,130,127
18,132,183
18,138,322
18,140,208
18,144,223
18,146,223
18,147,163
18,148,358
18,151,399
18,153,72
18,154,97
18,159,278
18,160,234
18,163,213
18,164,204
18,165,373
18,167,141
18,168,197
18,171,90
18,172,309
18,173,46
18,174,342
18,176,146
18,179,69
18,182,267
18,184,262
18,186,289
18,188,333
18,190,28
18,192,36
18,194,340
18,198,345
18,199,333
18,200,249
19,1,125
19,2,205
19,4,4
19,6,297
19,7,73
19,8,239
19,9,77
19,11,276
19,13,204
19,14,296
19,18,181
19,20,63
19,22,40
19,23,262
19,25,385
19,30,235
19,31,106
19,32,194
19,33,319
19,36,226
19,38,38
19,40,19
19,43,183
19,44,389
19,47,153
19,50,158
19,51,167
19,52,319
19,53,2
19,54,173
19,55,287
19,56,190
19,57,55
19,58,331
19,59,168
19,60,317
19,61,317
19,62,192
19,63,42
19,64,166
19,65,55
19,66,133
19,68,390
19,69,214
19,71,179
19,73,165
19,74,233
19,76,227
19,80,377
19,81,282
19,82,6
19,84,153
19,85,331
19,86,232
19,88,227
19,90,163
19,91,237
19,94,262
19,95,68
19,96,360
19,97,314
19,99,35
19,101,400
19,102,164
19,105,222
19,106,221
19,110,238
19,112,371
19,113,369
19,114,1
19,115,345
19,116,27
19,121,384
19,124,202
19,128,361
19,129,261
19,130,355
19,133,93
19,144,357
19,146,370
19,147,56
19,148,48
19,150,56
19,153,212
19,156,378
19,159,241
19,160,182
19,161,120
19,163,190
19,164,395
19,166,316
19,169,179
19,170,81
19,172,94
19,175,397
19,180,254
19,182,118
19,183,157
19,186,132
19,188,378
19,189,45
19,197,123
19,200,191
20,1,367
20,2,264
20,5,257
20,6,264
20,7,243
20,8,46
20,9,97
20,11,304
20,15,259
20,16,208
20,17,92
20,18,135
20,19,63
20,21,159
20,24,111
20,25,391
20,27,159
20,28,36
20,29,216
20,30,214
20,31,15
20,32,89
20,35,202
20,38,17
20,39,104
20,42,361
20,43,112
20,44,269
20,46,289
20,48,78
20,50,139
20,51,204
20,52,8
20,56,51
20,59,355
20,60,331
20,61,84
20,62,281
20,64,44
20,65,374
20,67,272
20,68,144
20,69,193
20,70,137
20,71,238
20,72,83
20,73,395
20,75,279
20,77,11
20,79,149
20,80,393
20,81,63
20,83,21
20,86,248
20,87,102
20,89,198
20,90,265
20,91,176
20,93,112
20,95,368
20,96,74
20,97,51
20,99,163
20,101,166
20,103,337
20,104,358
20,106,210
20,109,345
20,110,58
20,111,233
20,112,158
20,114,93
20,115,100
20,116,314
20,119,28
20,120,54
20,121,399
20,122,354
20,123,109
20,126,13
20,128,155
20,129,113
20,132,196
20,133,158
20,134,176
20,141,143
20,142,156
20,143,353
20,144,374
20,146,341
20,148,180
20,151,346
20,154,297
20,155,357
20,156,4
20,158,63
20,160,304
20,161,328
20,162,149
20,163,277
20,165,66
20,170,152
20,172,140
20,173,65
20,174,182
20,176,100
20,178,382
20,184,242
20,188,89
20,189,131
20,190,94
20,195,301
20,199,62
21,1,315
21,2,154
21,3,185
21,4,106
21,7,316
21,8,15
21,9,183
21,11,99
21,14,376
21,15,72
21,16,202
21,18,100
21,20,159
21,22,34
21,23,143
21,25,202
21,27,252
21,28,275
21,31,92
21,32,107
21,33,81
21,34,365
21,36,352
21,37,36
21,39,26
21,40,58
21,41,278
21,42,196
21,44,297
21,45,102
21,48,369
21,49,363
21,51,76
21,52,73
21,53,266
21,54,239
21,56,41
21,57,278
21,58,297
21,60,170
21,61,40
21,62,197
21,63,257
21,64,160
21,65,308
21,66,261
21,67,369
21,68,223
21,70,356
21,72,383
21,73,351
21,76,123
21,77,67
21,78,238
21,79,304
21,82,356
21,83,229
21,84,352
21,85,176
21,86,125
21,89,377
21,93,321
21,95,12
21,97,311
21,98,389
21,101,279
21,104,363
21,105,367
21,106,117
21,109,298
21,110,181
21,111,391
21,112,256
21,113,231
21,114,52
21,117,36
21,118,206
21,119,38
21,120,384
21,124,87
21,125,28
21,126,317
21,129,361
21,130,225
21,131,298
21,135,228
21,136,269
21,137,163
21,139,293
21,141,235
21,146,351
21,147,313
21,149,216
21,154,93
21,156,18
21,162,271
21,163,334
21,164,373
21,167,314
21,168,80
21,171,356
21,175,154
21,176,270
21,179,365
21,180,326
21,181,343
21,184,206
21,190,23
21,192,294
21,199,359
22,1,201
22,2,41
22,4,92
22,6,286
22,7,205
22,9,151
22,10,291
22,12,157
22,13,135
22,15,91
22,16,387
22,17,282
22,19,40
22,21,34
22,23,184
22,24,194
22,27,213
22,28,16
22,29,255
22,30,206
22,31,307
22,32,136
22,33,52
22,34,46
22,36,375
22,37,59
22,38,108
22,39,54
22,40,391
22,41,163
22,42,19
22,43,383
22,44,353
22,45,144
22,46,104
22,48,268
22,51,31
22,53,159
22,54,6
22,55,35
22,59,240
22,61,318
22,64,116
22,67,273
22,68,165
22,69,394
22,70,190
22,72,384
22,76,117
22,77,68
22,78,158
22,79,176
22,81,367
22,82,89
22,83,251
22,85,370
22,88,344
22,89,83
22,91,140
22,92,390
22,93,185
22,94,282
22,97,40
22,99,132
22,100,15
22,103,155
22,105,160
22,107,338
22,108,283
22,109,118
22,110,361
22,111,81
22,112,180
22,114,333
22,126,394
22,127,87
22,129,214
22,130,334
22,131,167
22,133,282
22,134,214
22,135,11
22,136,282
22,139,310
22,140,314
22,145,130
22,148,140
22,149,242
22,153,49
22,154,164
22,157,391
22,161,215
22,162,57
22,163,227
22,165,70
22,167,356
22,169,382
22,175,11
22,176,153
22,177,26
22,178,367
22,180,200
22,186,69
22,191,194
22,196,11
22,198,64
23,1,177
23,3,337
23,4,286
23,5,268
23,6,42
23,8,325
23,9,60
23,10,240
23,11,220
23,13,330
23,15,41
23,16,227
23,18,5
23,19,262
23,21,143
23,22,184
23,24,15
23,25,140
23,26,346
23,27,210
23,28,219
23,29,136
23,30,193
23,33,147
23,34,273
23,36,339
23,37,85
23,39,260
23,40,371
23,41,189
23,42,126
23,43,326
23,45,251
23,46,53
23,47,354
23,49,185
23,50,7
23,51,192
23,52,150
23,53,40
23,54,115
23,55,93
23,57,320
23,61,210
23,62,364
23,63,184
23,64,385
23,68,341
23,69,177
23,70,240
23,71,254
23,72,80
23,73,303
23,75,140
23,76,26
23,77,374
23,79,283
23,80,123
23,83,196
23,86,373
23,90,202
23,92,370
23,94,197
23,95,118
23,96,323
23,97,296
23,98,301
23,101,254
23,103,122
23,104,288
23,109,98
23,111,306
23,113,290
23,114,395
23,116,54
23,117,122
23,118,107
23,120,148
23,122,320
23,125,71
23,126,365
23,129,127
23,132,365
23,134,106
23,135,224
23,136,239
23,137,32
23,139,150
23,144,334
23,145,262
23,149,343
23,151,385
23,152,191
23,159,197
23,162,101
23,164,36
23,166,371
23,169,77
23,171,220
23,172,2
23,173,117
23,175,374
23,177,203
23,178,271
23,180,88
23,188,245
23,189,281
23,192,147
23,193,183
23,194,161
23,195,87
23,197,27
24,1,279
24,2,177
24,3,174
24,4,187
24,5,159
24,7,5
24,8,366
24,10,203
24,12,269
24,15,16
24,20,111
24,22,194
24,23,15
24,25,257
24,28,219
24,29,117
24,30,19
24,32,266
24,34,400
24,35,48
24,37,327
24,39,77
24,40,281
24,46,334
24,47,11
24,49,42
24,51,349
24,53,177
24,54,67
24,56,125
24,59,183
24,60,70
24,61,271
24,62,36
24,63,261
24,64,241
24,65,142
24,66,252
24,67,328
24,68,284
24,69,146
24,70,32
24,72,214
24,73,137
24,75,282
24,76,10
24,78,69
24,79,170
24,80,359
24,82,268
24,83,324
24,85,66
24,86,42
24,87,164
24,88,356
24,89,131
24,90,200
24,91,14
24,93,372
24,95,144
24,98,203
24,100,59
24,101,97
24,102,311
24,103,374
24,104,265
24,107,148
24,113,334
24,114,225
24,115,173
24,116,43
24,119,182
24,120,259
24,124,183
24,128,342
24,132,60
24,133,242
24,140,8
24,141,320
24,150,173
24,151,151
24,154,148
24,160,318
24,161,61
24,163,187
24,164,105
24,167,208
24,168,288
24,172,43
24,173,254
24,181,181
24,183,143
24,187,285
24,191,185
25,1,258
25,2,60
25,5,323
25,6,333
25,8,222
25,10,103
25,12,347
25,14,222
25,15,109
25,18,207
25,19,385
25,20,391
25,21,202
25,23,140
25,24,257
25,26,246
25,27,173
25,28,214
25,31,318
25,32,123
25,33,24
25,34,150
25,37,349
25,40,320
25,41,163
25,44,159
25,45,272
25,46,233
25,47,243
25,48,35
25,49,300
25,50,75
25,51,127
25,52,356
25,54,375
25,56,384
25,57,388
25,58,142
25,59,286
25,60,210
25,61,74
25,63,384
25,65,209
25,66,6
25,67,67
25,68,386
25,69,3
25,70,390
25,72,199
25,73,258
25,75,94
25,77,153
25,78,112
25,80,292
25,81,213
25,82,234
25,84,67
25,87,341
25,88,356
25,90,51
25,92,54
25,93,248
25,94,213
25,95,73
25,96,276
25,97,327
25,101,99
25,102,4
25,104,29
25,105,331
25,106,242
25,107,186
25,110,302
25,113,36
25,118,294
25,119,42
25,121,198
25,122,355
25,126,123
25,127,65
25,132,251
25,137,166
25,139,247
25,141,44
25,143,151
25,151,14
25,152,36
25,153,363
25,154,396
25,155,205
25,156,141
25,158,181
25,160,236
25,169,218
25,171,318
25,172,152
25,173,68
25,174,295
25,178,94
25,181,314
25,184,311
25,189,399
25,197,236
26,1,379
26,3,201
26,5,221
26,6,101
26,7,67
26,8,264
26,9,379
26,10,322
26,14,38
26,15,172
26,16,337
26,17,2
26,18,59
26,23,346
26,25,246
26,27,101
26,29,328
26,30,162
26,31,40
26,32,250
26,33,174
26,34,36
26,35,124
26,36,332
26,38,371
26,41,353
26,43,54
26,44,250
26,49,149
26,50,243
26,54,137
26,55,115
26,56,261
26,57,379
26,59,203
26,60,245
26,61,106
26,63,77
26,65,162
26,66,303
26,67,49
26,72,357
26,73,128
26,74,287
26,77,275
26,80,168
26,81,137
26,82,14
26,86,216
26,87,121
26,88,216
26,91,148
26,93,78
26,94,332
26,96,24
26,99,86
26,100,247
26,102,194
26,103,372
26,104,82
26,106,400
26,109,7
26,113,13
26,115,238
26,116,16
26,117,349
26,118,397
26,119,148
26,120,29
26,121,158
26,123,306
26,124,232
26,130,57
26,131,140
26,133,377
26,134,3
26,136,223
26,139,300
26,141,358
26,142,27
26,143,277
26,144,108
26,148,314
26,149,77
26,150,224
26,153,370
26,154,319
26,155,354
26,156,106
26,158,15
26,159,309
26,161,180
26,162,227
26,169,315
26,171,98
26,172,400
26,174,189
26,175,393
26,176,382
26,177,389
26,178,214
26,179,155
26,183,284
26,188,191
26,192,356
26,193,116
26,196,371
26,198,354
26,200,38
27,1,187
27,3,10
27,4,222
27,5,193
27,7,286
27,9,63
27,11,363
27,12,23
27,13,7
27,14,298
27,17,20
27,18,10
27,20,159
27,21,252
27,22,213
27,23,210
27,25,173
27,26,101
27,29,301
27,30,127
27,33,175
27,35,239
27,36,89
27,37,209
27,38,245
27,42,92
27,43,211
27,44,380
27,46,173
27,47,311
27,49,130
27,50,209
27,51,374
27,52,69
27,53,252
27,54,97
27,56,261
27,59,105
27,60,399
27,61,25
27,63,15
27,65,152
27,68,284
27,69,316
27,70,121
27,71,89
27,72,135
27,73,146
27,74,329
27,75,312
27,77,164
27,81,272
27,82,385
27,84,51
27,85,32
27,89,260
27,92,242
27,93,158
27,94,120
27,95,217
27,96,226
27,97,324
27,98,187
27,100,189
27,101,56
27,102,23
27,106,69
27,107,93
27,108,29
27,114,29
27,115,149
27,116,291
27,119,238
27,120,372
27,121,259
27,122,98
27,124,123
27,126,215
27,127,43
27,130,195
27,131,240
27,133,219
27,137,360
27,140,274
27,141,94
27,142,301
27,145,260
27,148,122
27,157,68
27,165,129
27,168,321
27,170,283
27,171,54
27,182,141
27,185,327
27,189,90
27,191,143
27,197,140
27,198,9
28,1,301
28,2,142
28,7,196
28,8,40
28,9,5
28,13,387
28,15,234
28,16,174
28,17,180
28,18,109
28,20,36
28,21,275
28,22,16
28,23,219
28,24,219
28,25,214
28,32,375
28,33,249
28,34,61
28,36,37
28,40,313
28,41,261
28,42,276
28,44,327
28,45,371
28,47,34
28,48,270
28,49,113
28,50,39
28,51,16
28,52,380
28,53,138
28,54,19
28,59,223
28,60,350
28,65,277
28,66,207
28,67,394
28,70,314
28,71,381
28,72,280
28,73,196
28,74,116
28,78,202
28,80,235
28,82,321
28,84,150
28,86,372
28,88,357
28,90,142
28,91,23
28,92,73
28,93,13
28,95,268
28,96,341
28,97,129
28,98,294
28,99,124
28,100,181
28,101,390
28,102,130
28,105,215
28,106,257
28,108,90
28,109,353
28,110,185
28,111,366
28,112,126
28,113,193
28,114,297
28,115,235
28,116,139
28,117,11
28,123,392
28,124,277
28,125,304
28,127,288
28,128,10
28,130,350
28,131,275
28,132,368
28,133,209
28,134,237
28,137,359
28,138,375
28,139,66
28,142,120
28,143,108
28,144,183
28,148,291
28,152,154
28,153,192
28,154,211
28,156,31
28,157,308
28,165,381
28,166,46
28,172,375
28,180,202
28,181,332
28,184,297
28,187,203
28,188,349
28,190,343
28,191,35
28,194,27
28,197,386
28,200,342
29,1,229
29,3,238
29,4,68
29,5,333
29,6,242
29,7,158
29,8,66
29,10,76
29,11,276
29,12,326
29,13,46
29,14,23
29,15,378
29,16,61
29,20,216
29,22,255
29,23,136
29,24,117
29,26,328
29,27,301
29,30,295
29,31,24
29,32,1
29,33,45
29,34,328
29,35,17
29,36,353
29,37,388
29,38,346
29,41,330
29,43,212
29,45,36
29,46,371
29,47,346
29,49,135
29,50,163
29,53,91
29,54,52
29,55,148
29,56,342
29,57,375
29,58,359
29,59,374
29,61,35
29,62,340
29,63,90
29,65,248
29,66,20
29,68,187
29,69,142
29,71,400
29,72,238
29,73,146
29,74,276
29,75,82
29,76,307
29,77,266
29,78,118
29,80,303
29,81,291
29,82,161
29,83,357
29,86,127
29,88,384
29,89,104
29,91,135
29,92,248
29,93,281
29,94,18
29,95,218
29,96,45
29,98,24
29,100,350
29,102,282
29,103,95
29,104,24
29,105,258
29,106,240
29,107,11
29,109,9
29,110,194
29,111,173
29,112,392
29,113,379
29,114,138
29,115,155
29,116,247
29,118,102
29,120,91
29,125,295
29,127,288
29,128,243
29,133,306
29,135,51
29,136,186
29,146,393
29,150,248
29,151,196
29,152,153
29,154,120
29,159,239
29,161,336
29,166,384
29,167,158
29,168,70
29,174,113
29,176,8
29,180,219
29,181,90
29,184,40
29,187,367
29,190,25
29,192,201
29,194,190
29,198,26
29,200,384
30,1,214
30,2,234
30,4,314
30,5,385
30,6,131
30,10,47
30,12,214
30,13,141
30,14,81
30,15,297
30,17,39
30,18,230
30,19,235
30,20,214
30,22,206
30,23,193
30,24,19
30,26,162
30,27,127
30,29,295
30,31,357
30,32,297
30,33,370
30,35,73
30,38,103
30,39,214
30,42,140
30,43,190
30,44,260
30,45,98
30,47,174
30,48,117
30,49,259
30,50,310
30,52,121
30,53,208
30,54,57
30,55,365
30,56,276
30,61,104
30,62,188
30,64,210
30,65,386
30,66,129
30,68,156
30,69,168
30,70,331
30,71,244
30,75,355
30,76,241
30,78,99
30,79,221
30,80,84
30,82,304
30,83,235
30,86,31
30,87,250
30,89,359
30,90,144
30,93,97
30,94,4
30,99,255
30,108,388
30,109,179
30,110,264
30,113,159
30,114,216
30,115,365
30,116,321
30,119,368
30,120,313
30,121,348
30,123,359
30,125,13
30,126,188
30,127,149
30,130,232
30,135,294
30,138,141
30,139,279
30,142,187
30,144,260
30,148,247
30,149,265
30,151,382
30,152,247
30,153,24
30,155,373
30,156,335
30,158,271
30,159,285
30,160,254
30,166,220
30,167,247
30,172,194
30,176,334
30,178,133
30,181,164
30,183,264
30,185,353
30,189,61
30,192,162
30,198,303
31,1,380
31,2,304
31,3,290
31,4,264
31,5,63
31,6,171
31,7,334
31,8,97
31,10,305
31,14,246
31,15,123
31,16,211
31,17,294
31,18,240
31,19,106
31,20,15
31,21,92
31,22,307
31,25,318
31,26,40
31,29,24
31,30,357
31,32,384
31,33,68
31,35,142
31,36,61
31,38,168
31,40,220
31,44,32
31,45,120
31,46,103
31,47,398
31,49,388
31,50,223
31,51,161
31,54,364
31,55,308
31,58,95
31,60,258
31,64,126
31,65,136
31,67,111
31,68,174
31,69,394
31,71,248
31,72,349
31,73,317
31,74,295
31,75,40
31,76,337
31,77,94
31,78,50
31,79,203
31,81,4
31,82,313
31,84,120
31,90,143
31,92,4
31,93,241
31,94,63
31,95,111
31,96,329
31,97,61
31,100,1
31,104,58
31,106,315
31,108,61
31,109,284
31,113,299
31,114,24
31,115,214
31,116,50
31,121,295
31,122,341
31,126,395
31,128,355
31,130,302
31,133,328
31,136,254
31,137,279
31,139,21
31,142,311
31,143,195
31,145,350
31,146,1
31,147,233
31,149,168
31,152,96
31,157,327
31,159,178
31,160,394
31,167,73
31,174,239
31,175,106
31,177,147
31,179,380
31,180,324
31,183,320
31,185,244
31,187,284
31,196,276
31,197,13
32,1,78
32,2,262
32,3,202
32,8,357
32,11,57
32,12,229
32,13,163
32,14,44
32,16,258
32,17,242
32,18,158
32,19,194
32,20,89
32,21,107
32,22,136
32,24,266
32,25,123
32,26,250
32,28,375
32,29,1
32,30,297
32,31,384
32,33,141
32,35,72
32,36,373
32,39,40
32,40,89
32,41,281
32,42,179
32,43,234
32,44,310
32,45,44
32,46,105
32,47,55
32,48,189
32,49,212
32,50,93
32,51,390
32,52,43
32,55,220
32,56,26
32,57,64
32,58,219
32,59,17
32,62,235
32,64,272
32,66,285
32,67,360
32,68,336
32,69,188
32,70,142
32,72,244
32,78,330
32,79,309
32,80,321
32,81,55
32,83,154
32,86,328
32,88,22
32,90,185
32,92,47
32,94,41
32,95,305
32,96,119
32,98,130
32,99,117
32,101,197
32,104,218
32,105,303
32,106,44
32,107,337
32,108,370
32,110,10
32,111,25
32,112,124
32,113,91
32,114,395
32,115,325
32,116,201
32,117,175
32,118,223
32,121,48
32,122,254
32,123,161
32,125,72
32,126,54
32,127,14
32,131,91
32,133,55
32,135,46
32,137,22
32,138,230
32,141,329
32,144,97
32,148,264
32,151,107
32,153,173
32,159,293
32,164,67
32,169,231
32,171,303
32,187,9
32,189,264
32,190,301
32,196,35
33,1,359
33,4,221
33,5,349
33,8,175
33,9,261
33,12,197
33,13,192
33,14,369
33,16,319
33,18,330
33,19,319
33,21,81
33,22,52
33,23,147
33,25,24
33,26,174
33,27,175
33,28,249
33,29,45
33,30,370
33,31,68
33,32,141
33,36,87
33,37,97
33,38,153
33,41,48
33,42,192
33,43,39
33,44,30
33,49,160
33,51,53
33,53,43
33,54,29
33,55,157
33,56,55
33,57,273
33,60,272
33,61,193
33,62,128
33,63,14
33,65,362
33,66,53
33,68,66
33,71,319
33,72,161
33,76,340
33,77,236
33,78,97
33,79,33
33,81,156
33,82,337
33,83,173
33,84,224
33,85,37
33,87,231
33,88,31
33,89,308
33,91,356
33,94,371
33,98,137
33,99,378
33,100,171
33,104,78
33,105,157
33,107,152
33,108,348
33,109,193
33,112,396
33,115,16
33,117,225
33,118,215
33,121,94
33,122,80
33,123,172
33,124,298
33,126,117
33,127,277
33,132,281
33,134,65
33,135,117
33,137,192
33,138,21
33,141,276
33,145,359
33,146,359
33,147,213
33,150,54
33,155,289
33,157,314
33,163,35
33,164,11
33,165,310
33,173,128
33,179,220
33,180,364
33,182,372
33,185,387
33,189,247
33,190,204
33,192,19
33,196,151
33,197,106
33,199,339
34,1,319
34,2,175
34,4,92
34,5,132
34,6,213
34,7,181
34,8,271
34,9,308
34,10,278
34,12,302
34,13,77
34,17,281
34,18,127
34,21,365
34,22,46
34,23,273
34,24,400
34,25,150
34,26,36
34,28,61
34,29,328
34,35,240
34,37,282
34,38,58
34,42,397
34,44,131
34,48,147
34,50,158
34,51,97
34,54,257
34,55,162
34,56,29
34,58,159
34,61,233
34,62,174
34,63,393
34,64,361
34,65,66
34,66,341
34,67,77
34,68,356
34,69,320
34,70,123
34,71,214
34,80,372
34,81,134
34,83,26
34,86,193
34,88,325
34,89,221
34,90,249
34,93,362
34,94,147
34,95,319
34,98,223
34,99,184
34,100,342
34,101,264
34,104,381
34,105,11
34,108,292
34,109,208
34,111,24
34,114,354
34,115,358
34,116,2
34,119,249
34,121,234
34,122,273
34,123,13
34,125,349
34,127,56
34,134,330
34,136,4
34,139,223
34,141,256
34,145,354
34,149,225
34,150,229
34,155,30
34,157,168
34,159,290
34,165,384
34,170,330
34,171,348
34,172,238
34,176,31
34,180,121
34,188,327
34,189,209
34,191,252
34,192,247
34,196,109
34,200,124
35,1,321
35,2,98
35,3,260
35,4,289
35,6,59
35,7,183
35,8,252
35,9,1
35,13,286
35,15,78
35,17,31
35,18,375
35,20,202
35,24,48
35,26,124
35,27,239
35,29,17
35,30,73
35,31,142
35,32,72
35,34,240
35,36,92
35,37,178
35,38,304
35,39,75
35,40,148
35,41,146
35,42,168
35,46,33
35,47,152
35,48,365
35,49,110
35,50,232
35,51,259
35,52,258
35,54,191
35,56,64
35,57,308
35,59,368
35,60,69
35,61,364
35,62,187
35,64,302
35,67,28
35,68,271
35,69,118
35,71,25
35,72,157
35,73,380
35,74,66
35,75,59
35,76,273
35,77,222
35,78,371
35,79,227
35,80,214
35,81,1
35,83,105
35,86,384
35,87,68
35,88,78
35,89,129
35,91,193
35,92,340
35,93,375
35,97,6
35,98,164
35,100,400
35,101,257
35,103,295
35,104,47
35,105,355
35,106,368
35,109,24
35,110,141
35,111,134
35,115,18
35,116,323
35,117,115
35,118,302
35,120,269
35,121,212
35,122,190
35,123,212
35,125,84
35,126,90
35,127,372
35,132,49
35,134,186
35,137,260
35,140,277
35,141,268
35,142,55
35,144,316
35,146,335
35,151,18
35,152,220
35,154,375
35,158,339
35,160,259
35,161,329
35,162,74
35,163,199
35,164,254
35,166,111
35,170,57
35,171,108
35,172,87
35,174,368
35,178,161
35,180,177
35,181,319
35,183,111
35,186,180
35,189,88
35,195,72
35,196,215
35,198,391
35,200,341
36,2,25
36,3,258
36,6,170
36,7,28
36,8,59
36,10,23
36,12,370
36,13,219
36,14,210
36,15,29
36,16,285
36,17,8
36,18,6
36,19,226
36,21,352
36,22,375
36,23,339
36,26,332
36,27,89
36,28,37
36,29,353
36,31,61
36,32,373
36,33,87
36,35,92
36,37,30
36,38,1
36,39,362
36,42,138
36,43,209
36,45,275
36,47,199
36,49,332
36,52,287
36,53,327
36,57,158
36,58,103
36,59,152
36,60,230
36,62,309
36,63,309
36,64,196
36,67,332
36,68,51
36,69,109
36,70,273
36,73,106
36,74,265
36,75,225
36,76,59
36,77,56
36,79,153
36,80,380
36,81,396
36,82,258
36,83,261
36,84,201
36,86,241
36,87,272
36,89,380
36,92,84
36,95,121
36,96,204
36,98,59
36,99,204
36,100,307
36,102,358
36,103,299
36,105,182
36,108,271
36,109,22
36,112,361
36,114,231
36,117,294
36,118,360
36,119,51
36,122,58
36,126,335
36,129,80
36,132,246
36,133,261
36,135,295
36,140,296
36,143,163
36,144,314
36,148,52
36,152,99
36,156,115
36,158,359
36,160,294
36,165,237
36,166,378
36,168,378
36,171,318
36,178,206
36,186,97
36,188,26
36,192,70
36,195,325
36,198,181
37,1,252
37,3,320
37,5,70
37,6,264
37,7,300
37,8,243
37,9,185
37,11,393
37,13,250
37,14,193
37,16,170
37,18,397
37,21,36
37,22,59
37,23,85
37,24,327
37,25,349
37,27,209
37,29,388
37,33,97
37,34,282
37,35,178
37,36,30
37,39,391
37,41,217
37,42,142
37,43,335
37,48,327
37,51,310
37,52,215
37,53,268
37,54,134
37,56,269
37,57,180
37,58,217
37,59,393
37,60,354
37,61,195
37,66,255
37,67,124
37,69,324
37,70,385
37,71,367
37,72,5
37,75,384
37,77,54
37,78,182
37,80,198
37,81,383
37,82,233
37,84,314
37,86,77
37,87,202
37,88,304
37,89,198
37,90,187
37,91,61
37,92,120
37,95,41
37,97,103
37,98,49
37,101,315
37,105,161
37,106,257
37,107,273
37,108,214
37,109,169
37,111,199
37,113,174
37,114,284
37,115,173
37,116,339
37,118,209
37,119,143
37,120,203
37,122,90
37,123,317
37,125,299
37,129,33
37,130,146
37,131,79
37,136,73
37,139,171
37,140,128
37,141,67
37,142,263
37,145,162
37,146,204
37,147,355
37,148,26
37,149,76
37,151,40
37,153,100
37,154,178
37,157,321
37,158,348
37,160,236
37,161,354
37,162,183
37,163,281
37,164,232
37,165,196
37,167,264
37,170,233
37,173,134
37,175,320
37,176,107
37,177,127
37,178,282
37,181,196
37,184,37
37,186,322
37,191,99
37,192,260
37,195,34
37,199,244
38,3,212
38,5,12
38,6,16
38,7,91
38,8,247
38,10,351
38,11,12
38,14,371
38,15,356
38,16,162
38,17,3
38,18,375
38,19,38
38,20,17
38,22,108
38,26,371
38,27,245
38,29,346
38,30,103
38,31,168
38,33,153
38,34,58
38,35,304
38,36,1
38,39,378
38,42,70
38,43,108
38,44,46
38,47,43
38,48,381
38,49,114
38,50,118
38,53,153
38,55,55
38,56,292
38,57,60
38,58,261
38,59,136
38,60,93
38,61,239
38,62,81
38,63,88
38,65,268
38,66,202
38,67,164
38,68,16
38,69,118
38,70,157
38,72,198
38,73,235
38,75,33
38,76,239
38,78,391
38,82,245
38,83,213
38,84,30
38,86,144
38,87,41
38,91,354
38,93,335
38,94,6
38,95,15
38,96,98
38,97,369
38,98,349
38,100,71
38,101,217
38,103,342
38,104,296
38,105,99
38,106,219
38,107,29
38,108,27
38,110,190
38,111,200
38,112,100
38,115,55
38,117,105
38,119,44
38,120,382
38,122,165
38,123,195
38,127,295
38,128,59
38,131,362
38,133,191
38,136,234
38,139,265
38,142,340
38,143,384
38,145,400
38,147,127
38,150,8
38,151,112
38,155,377
38,157,83
38,158,116
38,159,31
38,160,16
38,161,272
38,162,254
38,177,25
38,178,28
38,186,202
38,187,233
38,188,91
38,192,16
38,194,359
38,195,142
38,198,48
38,199,75
39,2,326
39,3,206
39,4,249
39,5,138
39,7,306
39,10,390
39,12,216
39,13,349
39,14,88
39,15,322
39,16,273
39,17,309
39,20,104
39,21,26
39,22,54
39,23,260
39,24,77
39,30,214
39,32,40
39,35,75
39,36,362
39,37,391
39,38,378
39,40,378
39,41,289
39,44,95
39,45,147
39,48,102
39,49,96
39,50,26
39,51,87
39,53,225
39,54,236
39,55,362
39,56,94
39,57,177
39,58,319
39,59,42
39,61,374
39,66,153
39,67,22
