source,target,weight
1,2,177
1,3,153
1,4,201
1,5,142
1,6,352
1,8,187
1,10,398
1,12,168
1,13,254
1,14,38
1,15,95
1,16,103
1,17,305
1,18,331
1,19,398
1,20,83
1,21,251
1,22,315
1,23,328
1,24,391
1,25,82
1,26,8
1,27,244
1,28,266
1,30,33
1,31,99
1,32,291
1,33,157
1,34,393
1,35,201
1,36,178
1,37,201
1,38,174
1,39,265
1,40,22
1,43,334
1,46,144
1,50,163
1,52,42
1,57,63
1,59,52
1,64,5
1,65,97
1,67,111
1,68,59
1,70,281
1,76,326
1,81,240
1,83,87
1,88,85
1,93,75
1,94,38
1,99,164
1,108,236
1,113,92
1,114,295
1,115,324
1,116,112
1,126,63
1,128,164
1,130,309
1,131,299
1,142,234
1,144,169
1,145,294
1,146,82
1,149,196
1,150,155
1,151,365
1,154,156
1,157,64
1,162,219
1,163,57
1,167,205
1,168,17
1,170,154
1,171,274
1,185,211
1,192,28
1,200,125
2,1,177
2,4,318
2,5,375
2,6,395
2,7,110
2,8,121
2,9,30
2,10,160
2,11,125
2,12,31
2,13,165
2,14,302
2,15,140
2,16,37
2,18,240
2,19,390
2,20,171
2,21,91
2,22,125
2,23,384
2,24,107
2,25,349
2,27,179
2,29,26
2,30,30
2,33,342
2,34,230
2,35,1
2,37,127
2,39,162
2,40,337
2,43,17
2,44,179
2,46,58
2,48,145
2,50,59
2,57,338
2,59,133
2,62,74
2,63,91
2,64,99
2,65,285
2,67,101
2,68,284
2,69,96
2,70,221
2,71,225
2,73,285
2,75,155
2,76,243
2,78,34
2,80,147
2,81,373
2,89,245
2,92,319
2,96,142
2,98,105
2,100,259
2,103,229
2,107,382
2,110,179
2,116,326
2,119,244
2,120,58
2,124,166
2,128,391
2,129,331
2,130,290
2,135,118
2,137,86
2,138,175
2,139,22
2,140,196
2,148,104
2,161,285
2,166,232
2,168,243
2,179,396
2,185,309
2,186,382
3,1,153
3,4,247
3,5,353
3,6,127
3,7,140
3,11,131
3,12,40
3,13,174
3,14,46
3,16,339
3,18,368
3,20,274
3,24,83
3,25,200
3,26,95
3,27,196
3,28,335
3,31,49
3,32,115
3,34,173
3,35,375
3,36,66
3,41,117
3,42,273
3,43,390
3,44,131
3,47,207
3,53,76
3,55,196
3,56,114
3,58,201
3,60,18
3,61,185
3,65,316
3,67,310
3,69,349
3,70,351
3,72,141
3,74,94
3,75,61
3,77,317
3,78,313
3,79,215
3,80,307
3,84,47
3,85,64
3,86,211
3,90,91
3,94,372
3,99,100
3,100,132
3,101,33
3,104,80
3,106,26
3,107,72
3,110,15
3,118,84
3,127,378
3,128,229
3,131,286
3,134,291
3,137,109
3,138,11
3,141,231
3,142,183
3,143,359
3,149,392
3,152,191
3,153,281
3,190,393
3,191,259
3,193,356
3,194,239
3,195,265
4,1,201
4,2,318
4,3,247
4,5,58
4,6,168
4,7,389
4,8,362
4,9,365
4,10,210
4,11,232
4,12,337
4,13,389
4,14,388
4,17,316
4,19,369
4,21,290
4,26,178
4,28,264
4,29,328
4,30,144
4,32,310
4,33,245
4,34,32
4,37,359
4,38,230
4,40,146
4,41,89
4,43,225
4,44,195
4,48,10
4,53,11
4,55,19
4,56,123
4,62,86
4,65,153
4,66,226
4,67,237
4,68,44
4,69,334
4,76,397
4,81,337
4,84,327
4,85,169
4,87,160
4,89,137
4,90,360
4,92,167
4,94,190
4,102,49
4,103,360
4,108,33
4,110,94
4,114,109
4,115,83
4,124,172
4,125,275
4,130,220
4,134,247
4,144,391
4,148,144
4,151,188
4,155,304
4,161,50
4,174,93
4,192,348
4,193,381
4,200,213
5,1,142
5,2,375
5,3,353
5,4,58
5,8,96
5,9,76
5,10,148
5,11,398
5,12,283
5,13,159
5,14,278
5,15,358
5,16,157
5,17,240
5,18,201
5,20,22
5,21,90
5,22,253
5,23,293
5,24,182
5,26,67
5,27,261
5,29,349
5,30,326
5,31,106
5,32,46
5,33,310
5,35,16
5,39,137
5,45,354
5,46,230
5,47,85
5,48,209
5,49,305
5,51,368
5,52,211
5,54,388
5,56,330
5,62,314
5,63,56
5,64,238
5,65,61
5,66,230
5,67,4
5,73,137
5,75,271
5,76,277
5,77,104
5,81,47
5,84,93
5,87,122
5,90,79
5,95,47
5,99,39
5,105,48
5,107,235
5,114,137
5,115,322
5,119,179
5,121,106
5,122,343
5,138,193
5,139,349
5,143,236
5,148,319
5,149,44
5,151,369
5,152,33
5,168,125
5,171,290
5,174,224
5,181,264
5,197,98
6,1,352
6,2,395
6,3,127
6,4,168
6,7,313
6,8,241
6,9,270
6,11,72
6,12,358
6,14,118
6,15,133
6,17,72
6,18,262
6,19,344
6,20,267
6,24,24
6,25,250
6,27,279
6,29,111
6,33,200
6,34,238
6,35,23
6,36,95
6,38,33
6,39,143
6,41,227
6,42,110
6,43,180
6,44,378
6,45,295
6,46,206
6,47,18
6,48,386
6,51,384
6,52,88
6,56,6
6,57,140
6,61,2
6,62,54
6,64,327
6,68,374
6,70,71
6,72,7
6,73,7
6,75,38
6,77,49
6,79,52
6,84,355
6,85,335
6,87,2
6,91,26
6,92,344
6,95,130
6,97,81
6,100,22
6,101,74
6,102,108
6,103,359
6,107,163
6,110,143
6,114,388
6,116,373
6,117,155
6,120,28
6,129,166
6,146,362
6,155,145
6,162,156
6,167,214
6,169,341
6,171,81
6,177,196
6,179,322
6,191,335
6,196,288
7,2,110
7,3,140
7,4,389
7,6,313
7,8,157
7,9,286
7,10,84
7,14,245
7,15,14
7,16,389
7,17,44
7,19,367
7,21,98
7,23,322
7,24,364
7,25,373
7,27,181
7,29,322
7,30,204
7,32,382
7,34,225
7,35,278
7,38,269
7,40,237
7,42,187
7,43,289
7,45,148
7,47,65
7,52,225
7,55,86
7,57,92
7,58,289
7,63,278
7,68,317
7,72,48
7,76,224
7,77,307
7,85,385
7,90,153
7,91,207
7,95,210
7,103,85
7,108,280
7,114,62
7,117,352
7,118,10
7,122,309
7,124,81
7,127,237
7,133,2
7,136,81
7,140,354
7,141,260
7,146,352
7,153,362
7,156,236
7,158,210
7,161,341
7,169,305
7,184,150
7,186,16
7,189,12
7,191,352
7,195,289
8,1,187
8,2,121
8,4,362
8,5,96
8,6,241
8,7,157
8,9,144
8,10,253
8,12,330
8,14,40
8,15,390
8,17,364
8,18,207
8,20,142
8,21,323
8,22,250
8,24,383
8,25,269
8,26,282
8,27,33
8,28,269
8,30,14
8,31,234
8,33,32
8,36,348
8,38,129
8,40,287
8,41,372
8,42,82
8,43,377
8,45,185
8,47,278
8,49,72
8,53,390
8,56,162
8,61,176
8,62,43
8,64,42
8,69,353
8,70,391
8,72,29
8,80,302
8,82,283
8,93,47
8,99,95
8,101,289
8,105,77
8,108,382
8,110,94
8,113,103
8,114,44
8,118,274
8,130,208
8,132,374
8,134,157
8,136,64
8,138,102
8,140,40
8,147,256
8,150,17
8,154,85
8,159,41
8,170,134
8,183,275
8,184,246
8,187,287
8,194,372
9,2,30
9,4,365
9,5,76
9,6,270
9,7,286
9,8,144
9,11,71
9,13,185
9,14,7
9,16,239
9,18,243
9,19,45
9,21,354
9,23,77
9,24,367
9,26,325
9,28,179
9,31,385
9,32,342
9,33,162
9,35,177
9,36,106
9,37,172
9,38,134
9,39,273
9,43,35
9,44,195
9,47,319
9,48,132
9,52,235
9,53,112
9,55,105
9,58,139
9,59,10
9,61,120
9,62,207
9,63,398
9,66,339
9,70,221
9,72,213
9,75,198
9,76,25
9,79,274
9,80,267
9,81,90
9,84,194
9,86,124
9,89,294
9,91,376
9,95,190
9,97,119
9,104,209
9,108,198
9,109,81
9,112,333
9,113,38
9,114,186
9,132,377
9,134,154
9,137,284
9,139,395
9,146,128
9,149,140
9,150,25
9,154,299
9,167,247
9,168,14
9,169,101
9,183,299
9,186,400
9,188,339
9,199,383
10,1,398
10,2,160
10,4,210
10,5,148
10,7,84
10,8,253
10,11,76
10,12,270
10,13,310
10,15,176
10,16,392
10,17,346
10,18,289
10,20,32
10,21,200
10,22,60
10,24,40
10,25,161
10,27,357
10,28,107
10,31,386
10,32,84
10,33,375
10,35,297
10,38,129
10,41,96
10,42,161
10,43,95
10,44,340
10,45,335
10,50,139
10,51,163
10,55,14
10,57,368
10,60,110
10,62,393
10,64,314
10,71,339
10,72,117
10,76,264
10,81,385
10,82,335
10,84,69
10,86,287
10,88,1
10,90,45
10,96,194
10,111,141
10,120,52
10,121,132
10,125,144
10,130,21
10,143,295
10,144,180
10,147,44
10,148,4
10,155,33
10,156,227
10,160,28
10,167,300
10,170,328
10,174,247
10,192,351
11,2,125
11,3,131
11,4,232
11,5,398
11,6,72
11,9,71
11,10,76
11,12,281
11,13,218
11,15,324
11,19,127
11,20,201
11,22,132
11,23,304
11,25,293
11,26,28
11,27,260
11,29,236
11,30,94
11,31,273
11,33,178
11,35,211
11,38,333
11,39,106
11,40,388
11,42,126
11,43,135
11,44,245
11,46,132
11,47,77
11,49,232
11,51,220
11,53,103
11,54,231
11,56,233
11,57,386
11,60,194
11,61,23
11,63,268
11,64,100
11,67,148
11,69,151
11,70,239
11,71,260
11,76,254
11,77,375
11,78,95
11,86,364
11,91,305
11,95,219
11,100,29
11,102,189
11,104,122
11,105,152
11,106,156
11,113,95
11,114,200
11,116,319
11,121,228
11,126,11
11,127,261
11,135,200
11,137,181
11,148,328
11,152,124
11,156,83
11,163,5
11,164,83
11,169,299
11,174,338
11,178,226
11,182,149
11,184,275
11,197,120
11,200,61
12,1,168
12,2,31
12,3,40
12,4,337
12,5,283
12,6,358
12,8,330
12,10,270
12,11,281
12,13,42
12,14,258
12,15,69
12,16,64
12,17,227
12,19,1
12,20,151
12,22,41
12,23,1
12,25,340
12,29,257
12,30,262
12,31,99
12,32,206
12,33,387
12,34,283
12,35,305
12,37,212
12,38,84
12,39,240
12,41,352
12,43,116
12,44,233
12,45,327
12,46,222
12,48,316
12,51,17
12,52,368
12,57,52
12,58,390
12,63,365
12,64,30
12,66,216
12,68,271
12,69,276
12,71,118
12,72,189
12,73,283
12,74,154
12,84,89
12,85,345
12,90,394
12,91,67
12,92,349
12,94,123
12,97,107
12,100,212
12,102,34
12,104,246
12,106,212
12,111,247
12,113,393
12,118,345
12,124,160
12,126,68
12,128,240
12,130,336
12,131,73
12,137,31
12,144,67
12,149,302
12,151,332
12,154,28
12,156,195
12,159,340
12,165,317
12,170,181
12,172,337
12,188,154
12,192,111
12,193,268
13,1,254
13,2,165
13,3,174
13,4,389
13,5,159
13,9,185
13,10,310
13,11,218
13,12,42
13,15,326
13,16,166
13,17,46
13,18,184
13,19,356
13,20,161
13,21,166
13,23,266
13,24,282
13,25,157
13,26,235
13,27,64
13,28,386
13,29,246
13,33,332
13,37,226
13,38,262
13,40,290
13,42,142
13,46,295
13,47,223
13,48,364
13,50,312
13,51,151
13,52,175
13,54,73
13,56,293
13,57,6
13,58,168
13,60,12
13,62,128
13,66,19
13,68,74
13,69,231
13,70,246
13,73,36
13,75,254
13,77,13
13,82,11
13,88,185
13,89,344
13,92,44
13,93,15
13,108,49
13,109,180
13,110,382
13,111,325
13,113,306
13,116,306
13,122,260
13,135,391
13,136,385
13,140,59
13,141,22
13,142,395
13,146,379
13,149,399
13,152,375
13,153,367
13,158,65
13,164,170
13,173,327
13,174,373
13,178,92
13,183,261
13,186,115
13,193,310
13,194,193
13,195,203
13,197,118
14,1,38
14,2,302
14,3,46
14,4,388
14,5,278
14,6,118
14,7,245
14,8,40
14,9,7
14,12,258
14,15,326
14,16,227
14,17,1
14,18,210
14,19,256
14,21,61
14,22,336
14,23,351
14,25,69
14,26,131
14,28,128
14,30,134
14,31,373
14,33,60
14,35,114
14,36,273
14,39,391
14,41,74
14,42,100
14,44,105
14,46,18
14,49,15
14,53,343
14,60,75
14,63,190
14,64,400
14,67,172
14,72,16
14,74,139
14,82,175
14,87,271
14,88,70
14,89,303
14,90,36
14,94,216
14,99,129
14,102,308
14,106,178
14,107,104
14,115,235
14,119,20
14,122,93
14,124,344
14,125,66
14,134,311
14,136,271
14,145,337
14,146,399
14,161,197
14,162,37
14,168,221
14,177,168
14,181,170
14,188,128
14,190,195
14,191,262
14,200,244
15,1,95
15,2,140
15,5,358
15,6,133
15,7,14
15,8,390
15,10,176
15,11,324
15,12,69
15,13,326
15,14,326
15,17,28
15,21,221
15,22,52
15,23,11
15,24,380
15,25,225
15,28,1
15,29,149
15,30,387
15,31,200
15,33,139
15,34,85
15,36,382
15,37,166
15,38,115
15,40,399
15,42,280
15,43,372
15,44,119
15,45,293
15,47,130
15,50,309
15,51,211
15,52,55
15,53,364
15,54,223
15,55,1
15,56,51
15,59,316
15,61,395
15,62,172
15,64,268
15,65,83
15,68,40
15,72,105
15,73,367
15,74,340
15,80,249
15,87,213
15,88,134
15,104,76
15,109,26
15,112,17
15,115,79
15,123,243
15,124,339
15,126,309
15,132,314
15,133,367
15,139,331
15,144,297
15,145,114
15,152,255
15,157,270
15,168,156
15,173,1
15,177,19
15,191,222
15,197,121
15,199,259
16,1,103
16,2,37
16,3,339
16,5,157
16,7,389
16,9,239
16,10,392
16,12,64
16,13,166
16,14,227
16,17,279
16,21,32
16,24,358
16,25,172
16,26,375
16,27,184
16,28,354
16,29,297
16,30,275
16,31,57
16,32,1
16,34,371
16,37,209
16,38,374
16,41,170
16,42,341
16,43,245
16,47,147
16,49,142
16,50,330
16,53,300
16,55,250
16,59,102
16,60,359
16,61,105
16,64,175
16,66,347
16,69,142
16,70,237
16,78,89
16,80,185
16,81,302
16,82,42
16,83,384
16,84,347
16,86,193
16,88,321
16,89,375
16,96,123
16,100,184
16,101,252
16,104,374
16,108,56
16,109,85
16,117,246
16,123,307
16,126,365
16,129,299
16,132,187
16,134,315
16,143,298
16,151,375
16,154,223
16,156,150
16,159,303
16,177,251
16,180,352
16,197,301
17,1,305
17,4,316
17,5,240
17,6,72
17,7,44
17,8,364
17,10,346
17,12,227
17,13,46
17,14,1
17,15,28
17,16,279
17,18,10
17,19,104
17,20,285
17,21,237
17,22,267
17,23,397
17,25,95
17,26,218
17,28,322
17,29,139
17,32,244
17,34,98
17,36,73
17,38,66
17,39,189
17,40,345
17,42,345
17,43,359
17,45,238
17,51,74
17,54,124
17,56,358
17,57,36
17,63,197
17,64,128
17,65,114
17,66,87
17,67,340
17,79,60
17,82,81
17,83,231
17,85,295
17,87,389
17,88,296
17,91,179
17,97,143
17,98,370
17,100,228
17,101,278
17,104,273
17,110,192
17,112,214
17,118,398
17,123,57
17,136,52
17,137,176
17,141,328
17,149,215
17,169,60
17,172,384
17,175,365
17,176,381
17,181,265
17,189,56
18,1,331
18,2,240
18,3,368
18,5,201
18,6,262
18,8,207
18,9,243
18,10,289
18,13,184
18,14,210
18,17,10
18,19,140
18,20,290
18,21,244
18,22,301
18,24,310
18,25,91
18,26,295
18,28,247
18,29,124
18,30,322
18,32,320
18,34,121
18,35,3
18,36,363
18,39,167
18,40,197
18,43,71
18,44,196
18,45,150
18,47,228
18,49,304
18,51,95
18,52,267
18,53,219
18,54,222
18,55,275
18,56,145
18,57,263
18,58,170
18,61,207
18,63,99
18,65,225
18,67,329
18,68,93
18,70,173
18,71,195
18,73,187
18,76,72
18,79,249
18,85,73
18,87,317
18,88,251
18,94,55
18,97,137
18,98,392
18,101,203
18,102,135
18,104,325
18,111,28
18,116,34
18,121,183
18,123,167
18,126,64
18,129,40
18,130,224
18,132,273
18,134,220
18,135,309
18,139,101
18,140,368
18,143,42
18,149,130
18,150,39
18,159,320
18,162,91
18,169,166
18,171,164
18,188,190
18,189,306
18,200,224
19,1,398
19,2,390
19,4,369
19,6,344
19,7,367
19,9,45
19,11,127
19,12,1
19,13,356
19,14,256
19,17,104
19,18,140
19,20,326
19,21,26
19,23,126
19,24,135
19,25,232
19,26,171
19,27,62
19,28,286
19,30,74
19,33,377
19,34,80
19,35,345
19,36,23
19,37,369
19,38,7
19,39,262
19,40,61
19,42,175
19,43,386
19,47,341
19,48,284
19,49,56
19,51,238
19,52,268
19,53,203
19,55,361
19,56,134
19,57,195
19,65,362
19,66,272
19,68,155
19,70,87
19,74,295
19,80,165
19,82,168
19,85,218
19,86,248
19,88,52
19,92,285
19,93,82
19,98,375
19,104,319
19,108,271
19,109,63
19,110,340
19,111,375
19,123,271
19,131,355
19,133,50
19,141,194
19,148,369
19,149,179
19,159,137
19,161,213
19,162,385
19,175,110
19,187,205
19,188,347
19,192,120
20,1,83
20,2,171
20,3,274
20,5,22
20,6,267
20,8,142
20,10,32
20,11,201
20,12,151
20,13,161
20,17,285
20,18,290
20,19,326
20,22,296
20,23,176
20,24,259
20,27,177
20,31,293
20,32,332
20,34,181
20,35,299
20,37,166
20,40,98
20,41,44
20,42,244
20,43,35
20,47,260
20,48,229
20,49,381
20,50,300
20,51,369
20,52,390
20,54,244
20,55,68
20,56,374
20,58,101
20,59,329
20,61,347
20,64,87
20,66,59
20,67,160
20,68,222
20,69,20
20,72,104
20,73,268
20,78,299
20,79,232
20,81,81
20,83,154
20,84,301
20,85,385
20,87,44
20,89,372
20,90,206
20,91,345
20,92,11
20,93,364
20,94,267
20,97,215
20,99,206
20,100,288
20,101,100
20,105,86
20,112,99
20,116,197
20,118,145
20,122,1
20,124,246
20,130,33
20,138,240
20,140,337
20,150,392
20,157,87
20,159,104
20,167,108
20,172,336
20,184,34
20,191,184
21,1,251
21,2,91
21,4,290
21,5,90
21,7,98
21,8,323
21,9,354
21,10,200
21,13,166
21,14,61
21,15,221
21,16,32
21,17,237
21,18,244
21,19,26
21,22,187
21,23,298
21,24,155
21,27,174
21,28,321
21,29,243
21,31,172
21,34,284
21,36,142
21,37,132
21,39,126
21,40,236
21,43,306
21,47,278
21,50,378
21,55,196
21,59,78
21,61,52
21,62,352
21,63,140
21,65,5
21,69,198
21,74,46
21,75,231
21,77,276
21,78,118
21,81,272
21,87,120
21,88,102
21,93,21
21,96,369
21,98,207
21,100,107
21,102,342
21,103,226
21,105,98
21,106,35
21,117,197
21,120,242
21,133,339
21,134,31
21,144,241
21,147,222
21,148,242
21,154,278
21,173,340
21,177,189
21,181,128
21,196,357
22,1,315
22,2,125
22,5,253
22,8,250
22,10,60
22,11,132
22,12,41
22,14,336
22,15,52
22,17,267
22,18,301
22,20,296
22,21,187
22,23,307
22,24,113
22,25,359
22,26,44
22,27,335
22,29,198
22,30,364
22,31,8
22,32,58
22,33,30
22,34,89
22,35,158
22,36,118
22,37,341
22,39,208
22,41,297
22,44,232
22,45,8
22,46,7
22,49,264
22,50,118
22,53,216
22,54,166
22,55,73
22,58,126
22,60,393
22,62,215
22,63,183
22,74,213
22,85,317
22,89,304
22,96,193
22,98,122
22,101,223
22,103,371
22,113,279
22,114,125
22,116,361
22,117,344
22,121,306
22,127,132
22,130,354
22,132,6
22,145,261
22,148,214
22,152,218
22,153,39
22,154,214
22,156,25
22,158,219
22,159,34
22,160,367
22,162,94
22,174,322
22,177,306
22,187,135
23,1,328
23,2,384
23,5,293
23,7,322
23,9,77
23,11,304
23,12,1
23,13,266
23,14,351
23,15,11
23,17,397
23,19,126
23,20,176
23,21,298
23,22,307
23,26,85
23,27,105
23,29,25
23,31,259
23,32,145
23,33,354
23,35,308
23,37,3
23,39,25
23,40,256
23,41,82
23,42,167
23,44,27
23,45,198
23,46,316
23,49,224
23,53,349
23,55,224
23,63,174
23,64,194
23,66,314
23,72,301
23,73,23
23,74,289
23,78,252
23,81,343
23,82,125
23,86,39
23,88,198
23,94,298
23,95,142
23,98,76
23,103,202
23,105,355
23,106,288
23,111,384
23,117,73
23,120,261
23,132,76
23,133,301
23,144,18
23,147,76
23,156,353
23,160,319
23,161,204
23,162,183
23,169,168
23,176,94
23,177,360
23,179,199
23,187,151
23,196,334
24,1,391
24,2,107
24,3,83
24,5,182
24,6,24
24,7,364
24,8,383
24,9,367
24,10,40
24,13,282
24,15,380
24,16,358
24,18,310
24,19,135
24,20,259
24,21,155
24,22,113
24,25,298
24,26,265
24,28,29
24,29,399
24,32,243
24,33,351
24,35,261
24,38,251
24,42,9
24,46,151
24,47,145
24,51,266
24,53,244
24,54,218
24,55,308
24,56,330
24,57,141
24,60,101
24,64,374
24,66,288
24,67,94
24,68,313
24,72,42
24,79,364
24,85,361
24,89,98
24,91,6
24,96,284
24,97,136
24,103,306
24,104,32
24,106,190
24,113,333
24,116,54
24,117,235
24,125,150
24,126,303
24,129,87
24,137,331
24,138,250
24,140,244
24,152,235
24,154,45
24,157,393
24,169,239
24,184,30
24,190,47
24,191,170
24,198,88
24,199,290
24,200,24
25,1,82
25,2,349
25,3,200
25,6,250
25,7,373
25,8,269
25,10,161
25,11,293
25,12,340
25,13,157
25,14,69
25,15,225
25,16,172
25,17,95
25,18,91
25,19,232
25,22,359
25,24,298
25,26,347
25,27,280
25,28,81
25,29,11
25,31,291
25,32,188
25,33,47
25,34,50
25,36,36
25,37,246
25,38,226
25,39,342
25,40,299
25,41,195
25,44,147
25,45,242
25,46,350
25,47,54
25,49,121
25,50,229
25,55,135
25,56,191
25,58,35
25,59,63
25,60,305
25,63,112
25,67,276
25,68,65
25,69,7
25,70,102
25,72,83
25,76,28
25,80,16
25,81,325
25,82,316
25,83,329
25,84,187
25,88,147
25,90,36
25,96,160
25,97,257
25,100,24
25,106,386
25,110,269
25,128,18
25,130,163
25,142,331
25,168,264
25,169,20
25,174,345
25,178,270
25,184,398
25,188,116
25,199,352
26,1,8
26,3,95
26,4,178
26,5,67
26,8,282
26,9,325
26,11,28
26,13,235
26,14,131
26,16,375
26,17,218
26,18,295
26,19,171
26,22,44
26,23,85
26,24,265
26,25,347
26,27,19
26,29,344
26,31,143
26,32,316
26,33,222
26,34,223
26,36,9
26,39,117
26,40,266
26,43,293
26,45,161
26,46,243
26,48,101
26,50,253
26,51,382
26,57,4
26,58,115
26,61,178
26,62,67
26,65,312
26,67,213
26,68,303
26,69,250
26,71,269
26,78,385
26,80,147
26,82,289
26,83,333
26,87,358
26,88,204
26,90,343
26,92,47
26,96,274
26,105,53
26,108,372
26,110,326
26,117,248
26,122,367
26,123,374
26,125,61
26,129,63
26,136,50
26,140,342
26,142,289
26,143,60
26,144,272
26,146,234
26,156,53
26,160,91
26,161,333
26,171,95
26,172,124
26,176,352
26,185,81
26,197,189
27,1,244
27,2,179
27,3,196
27,5,261
27,6,279
27,7,181
27,8,33
27,10,357
27,11,260
27,13,64
27,16,184
27,19,62
27,20,177
27,21,174
27,22,335
27,23,105
27,25,280
27,26,19
27,30,148
27,32,354
27,33,225
27,34,139
27,35,331
27,36,129
27,38,230
27,39,120
27,40,29
27,41,42
27,43,28
27,44,179
27,45,381
27,46,289
27,48,166
27,49,32
27,50,78
27,51,367
27,52,56
27,57,42
27,59,239
27,63,211
27,64,66
27,65,336
27,66,204
27,67,42
27,70,344
27,71,216
27,72,147
27,74,265
27,75,127
27,76,307
27,78,17
27,82,251
27,84,356
27,89,314
27,104,11
27,109,269
27,110,59
27,116,189
27,117,328
27,123,273
27,126,334
27,130,285
27,132,244
27,137,310
27,138,89
27,144,233
27,147,332
27,155,75
27,158,102
27,163,310
27,166,91
27,173,279
27,182,53
27,185,101
27,188,183
28,1,266
28,3,335
28,4,264
28,8,269
28,9,179
28,10,107
28,13,386
28,14,128
28,15,1
28,16,354
28,17,322
28,18,247
28,19,286
28,21,321
28,24,29
28,25,81
28,29,197
28,30,317
28,31,254
28,33,258
28,34,301
28,36,295
28,37,283
28,40,167
28,41,278
28,47,22
28,48,185
28,49,135
28,50,150
28,51,170
28,52,220
28,54,377
28,55,190
28,56,150
28,57,223
28,58,238
28,60,301
28,61,82
28,62,233
28,64,27
28,65,26
28,67,101
28,74,212
28,77,28
28,78,220
28,79,60
28,82,306
28,84,32
28,88,139
28,91,40
28,100,32
28,105,204
28,113,198
28,114,194
28,120,339
28,126,255
28,127,350
28,128,60
28,129,119
28,132,64
28,133,110
28,138,15
28,143,193
28,146,380
28,153,34
28,160,312
28,165,138
28,176,122
28,179,124
28,181,207
28,184,170
28,194,218
28,195,36
28,199,75
29,2,26
29,4,328
29,5,349
29,6,111
29,7,322
29,11,236
29,12,257
29,13,246
29,15,149
29,16,297
29,17,139
29,18,124
29,21,243
29,22,198
29,23,25
29,24,399
29,25,11
29,26,344
29,28,197
29,30,352
29,31,160
29,32,204
29,33,215
29,34,128
29,36,375
29,37,104
29,39,58
29,40,156
29,47,193
29,50,109
29,53,215
29,54,276
29,59,97
29,61,145
29,71,42
29,76,264
29,79,82
29,82,62
29,85,77
29,87,286
29,89,18
29,90,380
29,92,296
29,93,383
29,95,389
29,98,234
29,107,187
29,117,376
29,122,218
29,124,101
29,128,304
29,134,126
29,139,122
29,149,375
29,154,99
29,157,226
29,160,326
29,165,264
29,172,4
29,176,65
29,177,286
29,181,61
29,186,218
29,189,185
29,200,209
30,1,33
30,2,30
30,4,144
30,5,326
30,7,204
30,8,14
30,11,94
30,12,262
30,14,134
30,15,387
30,16,275
30,18,322
30,19,74
30,22,364
30,27,148
30,28,317
30,29,352
30,31,252
30,34,322
30,35,268
30,38,264
30,39,67
30,41,5
30,42,148
30,44,121
30,45,396
30,46,298
30,47,376
30,49,160
30,50,250
30,54,117
30,56,358
30,60,308
30,62,109
30,69,382
30,70,222
30,74,317
30,76,394
30,78,48
30,81,137
30,85,293
30,87,83
30,97,3
30,98,227
30,99,214
30,103,388
30,107,207
30,111,125
30,113,324
30,116,150
30,117,361
30,118,395
30,120,270
30,125,225
30,126,145
30,137,55
30,139,178
30,150,195
30,153,273
30,155,159
30,158,130
30,162,295
30,173,386
30,178,2
30,196,68
30,197,28
31,1,99
31,3,49
31,5,106
31,8,234
31,9,385
31,10,386
31,11,273
31,12,99
31,14,373
31,15,200
31,16,57
31,20,293
31,21,172
31,22,8
31,23,259
31,25,291
31,26,143
31,28,254
31,29,160
31,30,252
31,32,269
31,33,145
31,35,273
31,38,83
31,39,218
31,40,29
31,42,353
31,44,313
31,45,356
31,46,115
31,47,46
31,48,35
31,49,226
31,50,369
31,51,365
31,52,283
31,54,181
31,55,102
31,56,335
31,58,7
31,59,62
31,68,20
31,75,203
31,77,120
31,78,360
31,79,255
31,80,105
31,84,243
31,85,128
31,87,40
31,93,301
31,96,211
31,104,179
31,105,399
31,106,87
31,114,202
31,116,270
31,118,167
31,119,140
31,122,243
31,124,129
31,126,210
31,128,385
31,131,51
31,137,213
31,140,2
31,143,35
31,152,139
31,166,139
31,170,217
31,179,323
31,184,199
31,185,277
31,194,354
32,1,291
32,3,115
32,4,310
32,5,46
32,7,382
32,9,342
32,10,84
32,12,206
32,16,1
32,17,244
32,18,320
32,20,332
32,22,58
32,23,145
32,24,243
32,25,188
32,26,316
32,27,354
32,29,204
32,31,269
32,34,399
32,35,341
32,36,345
32,37,176
32,40,395
32,42,151
32,43,261
32,44,304
32,46,373
32,47,152
32,50,40
32,51,27
32,53,146
32,54,383
32,56,168
32,58,379
32,60,228
32,61,219
32,63,7
32,65,384
32,70,52
32,71,374
32,73,64
32,75,59
32,77,181
32,79,73
32,81,77
32,82,104
32,83,3
32,87,145
32,89,107
32,93,233
32,94,25
32,97,302
32,100,57
32,103,38
32,104,54
32,109,292
32,114,247
32,117,358
32,118,112
32,123,8
32,125,10
32,130,366
32,135,79
32,140,239
32,159,226
32,160,131
32,165,270
32,170,252
32,176,391
32,185,346
32,187,250
33,1,157
33,2,342
33,4,245
33,5,310
33,6,200
33,8,32
33,9,162
33,10,375
33,11,178
33,12,387
33,13,332
33,14,60
33,15,139
33,19,377
33,22,30
33,23,354
33,24,351
33,25,47
33,26,222
33,27,225
33,28,258
33,29,215
33,31,145
33,35,275
33,36,383
33,38,183
33,39,137
33,40,276
33,43,36
33,45,164
33,48,393
33,53,167
33,57,104
33,58,260
33,59,373
33,61,114
33,62,257
33,64,269
33,67,10
33,68,277
33,72,262
33,75,301
33,76,278
33,80,157
33,81,381
33,89,113
33,91,10
33,96,185
33,97,112
33,99,283
33,101,278
33,103,300
33,111,340
33,112,342
33,113,249
33,123,125
33,136,48
33,137,357
33,140,397
33,142,380
33,150,120
33,164,198
33,180,230
33,184,88
33,198,83
34,1,393
34,2,230
34,3,173
34,4,32
34,6,238
34,7,225
34,12,283
34,15,85
34,16,371
34,17,98
34,18,121
34,19,80
34,20,181
34,21,284
34,22,89
34,25,50
34,26,223
34,27,139
34,28,301
34,29,128
34,30,322
34,32,399
34,35,254
34,38,158
34,39,98
34,40,281
34,41,289
34,42,136
34,46,153
34,48,127
34,49,372
34,54,311
34,56,29
34,57,209
34,58,42
34,62,174
34,66,91
34,67,277
34,68,221
34,69,191
34,71,378
34,75,61
34,77,51
34,82,201
34,83,324
34,84,198
34,88,91
34,91,145
34,92,356
34,93,24
34,99,209
34,102,294
34,103,53
34,107,297
34,108,240
34,111,336
34,113,110
34,124,90
34,130,60
34,133,204
34,134,225
34,136,317
34,139,77
34,143,73
34,147,354
34,150,61
34,158,292
34,162,282
34,165,202
34,166,30
34,172,400
34,174,247
34,175,145
34,183,201
34,195,170
35,1,201
35,2,1
35,3,375
35,5,16
35,6,23
35,7,278
35,9,177
35,10,297
35,11,211
35,12,305
35,14,114
35,18,3
35,19,345
35,20,299
35,22,158
35,23,308
35,24,261
35,27,331
35,30,268
35,31,273
35,32,341
35,33,275
35,34,254
35,36,378
35,37,124
35,38,335
35,41,93
35,42,182
35,44,300
35,48,288
35,49,395
35,52,377
35,60,251
35,61,371
35,65,268
35,69,154
35,73,147
35,77,172
35,80,196
35,83,391
35,84,89
35,90,311
35,91,222
35,92,397
35,94,197
35,97,374
35,99,249
35,100,224
35,108,250
35,110,397
35,112,377
35,113,49
35,119,277
35,122,277
35,123,254
35,131,376
35,132,110
35,135,381
35,151,238
35,157,83
35,164,73
35,173,61
35,178,203
35,179,340
35,182,56
35,184,349
35,189,161
35,197,16
35,198,145
35,199,3
36,1,178
36,3,66
36,6,95
36,8,348
36,9,106
36,14,273
36,15,382
36,17,73
36,18,363
36,19,23
36,21,142
36,22,118
36,25,36
36,26,9
36,27,129
36,28,295
36,29,375
36,32,345
36,33,383
36,35,378
36,37,275
36,38,95
36,39,38
36,40,57
36,41,341
36,45,24
36,46,250
36,47,290
36,50,271
36,53,159
36,58,192
36,60,145
36,62,248
36,63,246
36,64,378
36,65,24
36,66,296
36,68,77
36,71,273
36,72,100
36,77,204
36,78,136
36,82,177
36,84,380
36,86,395
36,87,111
36,90,156
36,91,393
36,93,238
36,96,288
36,98,283
36,99,365
36,103,262
36,104,354
36,106,297
36,107,164
36,117,331
36,119,218
36,128,160
36,130,358
36,133,379
36,139,350
36,142,347
36,146,362
36,149,240
36,151,171
36,156,261
36,159,166
36,165,132
36,175,336
36,178,386
36,194,251
37,1,201
37,2,127
37,4,359
37,9,172
37,12,212
37,13,226
37,15,166
37,16,209
37,19,369
37,20,166
37,21,132
37,22,341
37,23,3
37,25,246
37,28,283
37,29,104
37,32,176
37,35,124
37,36,275
37,42,263
37,44,301
37,45,200
37,47,287
37,50,31
37,51,82
37,52,44
37,53,186
37,55,299
37,56,348
37,57,116
37,58,382
37,62,335
37,64,14
37,69,141
37,74,273
37,75,227
37,77,371
37,78,307
37,80,393
37,81,59
37,85,162
37,88,367
37,89,70
37,106,212
37,107,270
37,108,345
37,110,254
37,111,398
37,115,328
37,120,249
37,129,164
37,135,306
37,151,182
37,155,151
37,160,307
37,162,340
37,171,300
37,174,252
37,180,20
37,181,245
37,187,317
37,188,149
37,191,133
37,192,188
37,200,170
38,1,174
38,4,230
38,6,33
38,7,269
38,8,129
38,9,134
38,10,129
38,11,333
38,12,84
38,13,262
38,15,115
38,16,374
38,17,66
38,19,7
38,24,251
38,25,226
38,27,230
38,30,264
38,31,83
38,33,183
38,34,158
38,35,335
38,36,95
38,40,307
38,41,180
38,43,370
38,46,392
38,47,198
38,50,221
38,51,226
38,52,173
38,53,150
38,55,219
38,60,135
38,62,291
38,63,331
38,65,312
38,70,81
38,72,19
38,73,353
38,78,40
38,84,327
38,85,55
38,86,396
38,88,12
38,92,331
38,93,254
38,96,311
38,98,121
38,102,189
38,112,376
38,120,104
38,124,3
38,131,304
38,140,129
38,147,82
38,150,179
38,152,157
38,158,181
38,159,245
38,160,136
38,163,14
38,166,225
38,177,27
38,178,14
38,179,43
38,180,147
38,181,343
39,1,265
39,2,162
39,5,137
39,6,143
39,9,273
39,11,106
39,12,240
39,14,391
39,17,189
39,18,167
39,19,262
39,21,126
39,22,208
39,23,25
39,25,342
39,26,117
39,27,120
39,29,58
39,30,67
39,31,218
39,33,137
39,34,98
39,36,38
39,40,211
39,41,74
39,44,49
39,47,71
39,52,260
39,57,258
39,59,9
39,61,81
39,63,102
39,64,53
39,66,343
39,69,28
39,70,222
39,71,160
39,72,319
39,75,36
39,80,96
39,85,389
39,94,232
39,97,281
39,101,4
39,107,21
39,109,274
39,113,192
39,147,42
39,154,282
39,155,126
39,157,192
39,175,42
39,178,57
39,192,19
40,1,22
40,2,337
40,4,146
40,7,237
40,8,287
40,11,388
40,13,290
40,15,399
40,17,345
40,18,197
40,19,61
40,20,98
40,21,236
40,23,256
40,25,299
40,26,266
40,27,29
40,28,167
40,29,156
40,31,29
40,32,395
40,33,276
40,34,281
40,36,57
40,38,307
40,39,211
40,43,214
40,44,197
40,45,372
40,48,295
40,49,377
40,50,194
40,51,17
40,53,55
40,55,155
40,56,122
40,57,348
40,63,89
40,65,271
40,71,264
40,72,119
40,73,366
40,74,222
40,94,119
40,96,48
40,97,264
40,98,283
40,101,382
40,107,198
40,110,225
40,125,201
40,132,26
40,138,232
40,142,11
40,144,113
40,153,90
40,156,22
40,160,61
40,164,316
40,166,109
40,175,308
40,185,154
40,186,399
40,188,328
40,190,104
40,198,4
41,3,117
41,4,89
41,6,227
41,8,372
41,10,96
41,12,352
41,14,74
41,16,170
41,20,44
41,22,297
41,23,82
41,25,195
41,27,42
41,28,278
41,30,5
41,34,289
41,35,93
41,36,341
41,38,180
41,39,74
41,42,268
41,44,316
41,45,110
41,48,180
41,51,388
41,53,29
41,54,221
41,55,10
41,57,257
41,58,205
41,59,176
41,61,50
41,72,257
41,74,243
41,77,27
41,79,311
41,80,144
41,81,17
41,87,341
41,97,367
41,99,228
41,106,227
41,107,321
41,114,235
41,119,108
41,120,204
41,123,186
41,125,350
41,127,9
41,128,130
41,131,325
41,133,127
41,139,195
41,140,24
41,142,250
41,148,96
41,149,218
41,155,302
41,159,394
41,176,41
41,180,185
41,191,3
41,194,305
42,3,273
42,6,110
42,7,187
42,8,82
42,10,161
42,11,126
42,13,142
42,14,100
42,15,280
42,16,341
42,17,345
42,19,175
42,20,244
42,23,167
42,24,9
42,30,148
42,31,353
42,32,151
42,34,136
42,35,182
42,37,263
42,41,268
42,44,224
42,49,50
42,51,347
42,53,313
42,54,304
42,60,385
42,61,298
42,63,26
42,65,370
42,67,66
42,69,222
42,71,283
42,76,206
42,81,213
42,82,124
42,91,224
42,94,108
42,95,347
42,99,302
42,100,48
42,113,106
42,122,8
42,126,385
42,129,293
42,132,11
42,134,280
42,137,219
42,143,192
42,146,265
42,156,305
42,157,40
42,172,109
42,187,34
42,190,293
42,196,33
42,199,275
43,1,334
43,2,17
43,3,390
43,4,225
43,6,180
43,7,289
43,8,377
43,9,35
43,10,95
43,11,135
43,12,116
43,15,372
43,16,245
43,17,359
43,18,71
43,19,386
43,20,35
43,21,306
43,26,293
43,27,28
43,32,261
43,33,36
43,38,370
43,40,214
43,45,59
43,46,388
43,47,23
43,49,217
43,51,319
43,52,366
43,53,298
43,54,39
43,58,56
43,64,269
43,67,104
43,71,66
43,73,123
43,74,13
43,76,200
43,80,36
43,81,300
43,85,396
43,87,140
43,91,398
43,94,303
43,99,1
43,103,302
43,106,313
43,109,79
43,110,24
43,111,274
43,112,377
43,115,5
43,124,193
43,126,360
43,134,88
43,139,120
43,143,393
43,144,185
43,149,395
43,153,134
43,157,366
43,158,80
43,160,389
43,179,90
43,180,384
43,183,209
43,190,153
43,196,17
44,2,179
44,3,131
44,4,195
44,6,378
44,9,195
44,10,340
44,11,245
44,12,233
44,14,105
44,15,119
44,18,196
44,22,232
44,23,27
44,25,147
44,27,179
44,30,121
44,31,313
44,32,304
44,35,300
44,37,301
44,39,49
44,40,197
44,41,316
44,42,224
44,48,1
44,52,14
44,53,262
44,56,325
44,57,301
44,63,28
44,66,205
44,71,385
44,73,300
44,75,280
44,78,171
44,83,398
44,85,219
44,91,80
44,93,152
44,97,367
44,98,349
44,100,59
44,105,96
44,108,21
44,114,98
44,115,225
44,119,374
44,122,286
44,123,25
44,129,60
44,131,97
44,141,371
44,142,396
44,144,252
44,149,374
44,153,235
44,159,158
44,166,23
44,167,214
44,171,310
44,181,63
44,182,372
44,186,68
44,189,198
44,190,359
44,191,78
44,193,227
44,199,238
45,5,354
45,6,295
45,7,148
45,8,185
45,10,335
45,12,327
45,15,293
45,17,238
45,18,150
45,22,8
45,23,198
45,25,242
45,26,161
45,27,381
45,30,396
45,31,356
45,33,164
45,36,24
45,37,200
45,40,372
45,41,110
45,43,59
45,48,182
45,49,310
45,51,215
45,54,146
45,55,277
45,56,53
45,57,133
45,62,101
45,63,134
45,67,299
45,68,86
45,71,222
45,73,365
45,74,26
45,75,261
45,77,300
45,78,328
45,79,97
45,84,384
45,88,212
45,89,310
45,91,61
45,97,154
45,100,110
45,103,131
45,108,89
45,110,125
45,122,251
45,132,69
45,135,139
45,142,315
45,144,297
45,152,349
45,154,338
45,156,370
45,158,234
45,170,129
45,173,357
45,174,240
45,179,230
45,181,141
45,186,324
46,1,144
46,2,58
46,5,230
46,6,206
46,11,132
46,12,222
46,13,295
46,14,18
46,22,7
46,23,316
46,24,151
46,25,350
46,26,243
46,27,289
46,30,298
46,31,115
46,32,373
46,34,153
46,36,250
46,38,392
46,43,388
46,47,147
46,49,29
46,50,218
46,52,83
46,53,27
46,54,107
46,55,320
46,57,23
46,59,188
46,60,44
46,61,182
46,69,302
46,71,91
46,73,167
46,79,313
46,83,314
46,86,291
46,87,167
46,89,8
46,92,155
46,96,215
46,105,42
46,111,128
46,112,30
46,117,178
46,123,93
46,127,110
46,135,84
46,137,135
46,138,60
46,144,298
46,150,152
46,171,37
46,174,34
46,176,104
46,177,358
46,185,337
46,189,210
46,196,378
46,198,379
47,3,207
47,5,85
47,6,18
47,7,65
47,8,278
47,9,319
47,11,77
47,13,223
47,15,130
47,16,147
47,18,228
47,19,341
47,20,260
47,21,278
47,24,145
47,25,54
47,28,22
47,29,193
47,30,376
47,31,46
47,32,152
47,36,290
47,37,287
47,38,198
47,39,71
47,43,23
47,46,147
47,48,311
47,49,51
47,50,212
47,51,140
47,52,283
47,54,18
47,55,372
47,56,303
47,57,348
47,58,322
47,61,127
47,62,317
47,63,153
47,64,267
47,65,10
47,74,266
47,79,53
47,90,289
47,92,57
47,99,396
47,101,52
47,104,400
47,112,161
47,115,385
47,116,254
47,119,102
47,121,186
47,125,181
47,126,100
47,129,180
47,130,393
47,132,83
47,135,53
47,138,10
47,150,84
47,151,95
47,172,288
47,186,312
47,192,173
47,195,120
47,198,277
48,2,145
48,4,10
48,5,209
48,6,386
48,9,132
48,12,316
48,13,364
48,19,284
48,20,229
48,26,101
48,27,166
48,28,185
48,31,35
48,33,393
48,34,127
48,35,288
48,40,295
48,41,180
48,44,1
48,45,182
48,47,311
48,49,156
48,51,68
48,52,267
48,53,109
48,56,103
48,61,64
48,62,59
48,64,232
48,69,129
48,74,130
48,75,41
48,77,149
48,84,213
48,85,134
48,86,387
48,88,327
48,91,286
48,94,79
48,95,280
48,99,281
48,100,156
48,103,359
48,107,367
48,109,222
48,110,335
48,116,332
48,125,210
48,127,351
48,128,18
48,150,67
48,151,285
48,168,2
48,169,214
48,170,325
48,172,266
48,189,202
48,192,125
48,199,337
49,5,305
49,8,72
49,11,232
49,14,15
49,16,142
49,18,304
49,19,56
49,20,381
49,22,264
49,23,224
49,25,121
49,27,32
49,28,135
49,30,160
49,31,226
49,34,372
49,35,395
49,40,377
49,42,50
49,43,217
49,45,310
49,46,29
49,47,51
49,48,156
49,51,257
49,52,79
49,65,355
49,66,145
49,67,285
49,69,23
49,70,167
49,71,40
49,73,325
49,74,372
49,77,226
49,79,72
49,80,227
49,81,171
49,82,76
49,83,250
49,103,317
49,105,304
49,107,278
49,118,120
49,121,390
49,122,300
49,131,386
49,135,275
49,142,268
49,143,6
49,144,111
49,145,131
49,146,48
49,151,77
49,154,368
49,173,7
49,174,210
49,175,257
49,185,103
49,186,68
49,188,34
49,200,106
50,1,163
50,2,59
50,10,139
50,13,312
50,15,309
50,16,330
50,20,300
50,21,378
50,22,118
50,25,229
50,26,253
50,27,78
50,28,150
50,29,109
50,30,250
50,31,369
50,32,40
50,36,271
50,37,31
50,38,221
50,40,194
50,46,218
50,47,212
50,52,234
50,53,6
50,54,255
50,55,258
50,56,238
50,57,179
50,60,166
50,61,354
50,65,227
50,67,389
50,75,55
50,78,145
50,79,22
50,80,200
50,82,253
50,86,283
50,88,110
50,91,285
50,95,224
50,101,223
50,102,149
50,105,343
50,107,84
50,109,167
50,113,139
50,120,235
50,123,391
50,131,196
50,139,31
50,141,376
50,147,220
50,152,357
50,153,133
50,154,82
50,167,323
50,170,250
50,187,112
50,188,232
50,189,159
50,193,152
50,198,74
50,200,313
51,5,368
51,6,384
51,10,163
51,11,220
51,12,17
51,13,151
51,15,211
51,17,74
51,18,95
51,19,238
51,20,369
51,24,266
51,26,382
51,27,367
51,28,170
51,31,365
51,32,27
51,37,82
51,38,226
51,40,17
51,41,388
51,42,347
51,43,319
51,45,215
51,47,140
51,48,68
51,49,257
51,53,208
51,55,268
51,59,366
51,61,376
51,62,4
51,63,181
51,65,150
51,70,183
51,75,91
51,76,264
51,79,274
51,80,172
51,83,196
51,84,313
51,87,62
51,89,35
51,90,149
51,93,367
51,96,207
51,104,367
51,106,9
51,107,103
51,108,244
51,116,100
51,123,396
51,132,89
51,136,68
51,142,141
51,145,237
51,160,59
51,164,332
51,170,247
51,174,245
51,176,151
51,178,188
51,179,120
51,180,270
51,182,11
51,187,318
51,189,317
51,190,289
51,192,212
52,1,42
52,5,211
52,6,88
52,7,225
52,9,235
52,12,368
52,13,175
52,15,55
52,18,267
52,19,268
52,20,390
52,27,56
52,28,220
52,31,283
52,35,377
52,37,44
52,38,173
52,39,260
52,43,366
52,44,14
52,46,83
52,47,283
52,48,267
52,49,79
52,50,234
52,54,296
52,56,300
52,58,63
52,59,277
52,60,212
52,63,286
52,65,131
52,66,68
52,69,266
52,72,298
52,75,95
52,80,217
52,81,196
52,85,173
52,86,304
52,89,216
52,90,216
52,91,158
52,94,230
52,95,10
52,96,224
52,98,308
52,104,74
52,106,185
52,110,129
52,111,111
52,119,131
52,120,17
52,121,143
52,122,27
52,126,276
52,137,239
52,139,232
52,145,283
52,147,224
52,149,317
52,155,139
52,157,332
52,158,243
52,161,377
52,166,45
52,170,297
52,171,397
52,179,328
52,180,310
52,190,203
53,3,76
53,4,11
53,8,390
53,9,112
53,11,103
53,14,343
53,15,364
53,16,300
53,18,219
53,19,203
53,22,216
53,23,349
53,24,244
53,29,215
53,32,146
53,33,167
53,36,159
53,37,186
53,38,150
53,40,55
53,41,29
53,42,313
53,43,298
53,44,262
53,46,27
53,48,109
53,50,6
53,51,208
53,55,230
53,58,195
53,71,71
53,72,209
53,74,268
53,75,229
53,78,272
53,79,185
53,81,244
53,82,133
53,83,109
53,85,266
53,86,121
53,91,251
53,92,152
53,97,65
53,101,259
53,105,350
53,106,373
53,108,100
53,110,237
53,117,66
53,121,232
53,124,122
53,132,319
53,137,6
53,141,363
53,142,78
53,151,53
53,155,289
53,161,331
53,162,338
53,168,180
53,173,150
53,179,277
53,182,332
54,5,388
54,11,231
54,13,73
54,15,223
54,17,124
54,18,222
54,20,244
54,22,166
54,24,218
54,28,377
54,29,276
54,30,117
54,31,181
54,32,383
54,34,311
54,41,221
54,42,304
54,43,39
54,45,146
54,46,107
54,47,18
54,50,255
54,52,296
54,59,101
54,60,256
54,64,4
54,66,245
54,70,257
54,76,58
54,78,205
54,85,2
54,86,83
54,88,350
54,90,237
54,91,53
54,99,326
54,105,294
54,107,291
54,111,395
54,112,371
54,114,386
54,117,398
54,125,337
54,128,146
54,130,386
54,134,287
54,147,365
54,153,301
54,159,191
54,165,247
54,167,168
54,168,83
54,170,181
54,171,282
54,174,31
54,179,143
54,187,180
54,189,293
55,3,196
55,4,19
55,7,86
55,9,105
55,10,14
55,15,1
55,16,250
55,18,275
55,19,361
55,20,68
55,21,196
55,22,73
55,23,224
55,24,308
55,25,135
55,28,190
55,31,102
55,37,299
55,38,219
55,40,155
55,41,10
55,45,277
55,46,320
55,47,372
55,50,258
55,51,268
55,53,230
55,56,266
55,57,285
55,58,147
55,59,148
55,61,194
55,64,151
55,71,367
55,73,359
55,76,342
55,77,117
55,87,314
55,88,234
55,90,128
55,92,306
55,94,164
55,100,162
55,101,371
55,105,68
55,109,93
55,117,393
55,123,68
55,130,54
55,131,217
55,136,85
55,138,192
55,142,314
55,143,239
55,145,17
55,149,328
55,158,80
55,160,156
55,163,316
55,164,39
55,177,27
55,178,374
55,198,356
56,3,114
56,4,123
56,5,330
56,6,6
56,8,162
56,11,233
56,13,293
56,15,51
56,17,358
56,18,145
56,19,134
56,20,374
56,24,330
56,25,191
56,28,150
56,30,358
56,31,335
56,32,168
56,34,29
56,37,348
56,40,122
56,44,325
56,45,53
56,47,303
56,48,103
56,50,238
56,52,300
56,55,266
56,60,350
56,61,174
56,62,2
56,65,273
56,68,396
56,70,39
56,72,175
56,79,127
56,81,209
56,88,189
56,91,341
56,94,292
56,95,89
56,108,274
56,111,295
56,114,340
56,121,140
56,125,380
56,127,82
56,128,222
56,131,274
56,134,4
56,135,24
56,143,229
56,150,381
56,154,143
56,155,232
56,163,107
56,164,279
56,174,237
56,189,273
56,192,288
57,1,63
57,2,338
57,6,140
57,7,92
57,10,368
57,11,386
57,12,52
57,13,6
57,17,36
57,18,263
57,19,195
57,24,141
57,26,4
57,27,42
57,28,223
57,33,104
57,34,209
57,37,116
57,39,258
57,40,348
57,41,257
57,44,301
57,45,133
57,46,23
57,47,348
57,50,179
57,55,285
57,59,105
57,60,375
57,61,174
57,62,400
57,66,157
57,70,336
57,72,72
57,73,196
57,76,126
57,77,7
57,79,253
57,80,200
57,83,314
57,84,152
57,85,362
57,88,391
57,89,359
57,90,89
57,91,158
57,98,313
57,103,129
57,110,280
57,112,181
57,114,105
57,119,372
57,123,183
57,129,54
57,130,391
57,136,94
57,139,249
57,141,367
57,143,357
57,150,3
57,151,80
57,166,389
57,170,74
57,171,341
57,175,146
57,188,73
57,193,125
57,195,48
58,3,201
58,7,289
58,9,139
58,12,390
58,13,168
58,18,170
58,20,101
58,22,126
58,25,35
58,26,115
58,28,238
58,31,7
58,32,379
58,33,260
58,34,42
58,36,192
58,37,382
58,41,205
58,43,56
58,47,322
58,52,63
58,53,195
58,55,147
58,59,394
58,62,69
58,66,71
58,67,374
58,68,32
58,71,248
58,76,362
58,77,212
58,79,95
58,81,357
58,83,265
58,84,143
58,86,374
58,89,184
58,92,83
58,98,2
58,99,268
58,102,176
58,103,279
58,105,232
58,107,364
58,111,40
58,112,330
58,113,80
58,116,70
58,137,17
58,145,353
58,147,124
58,154,301
58,159,14
58,163,379
58,165,276
58,167,94
58,182,271
58,185,229
58,186,88
58,191,210
58,196,246
58,199,280
58,200,227
59,1,52
59,2,133
59,9,10
59,15,316
59,16,102
59,20,329
59,21,78
59,25,63
59,27,239
59,29,97
59,31,62
59,33,373
59,39,9
59,41,176
59,46,188
59,51,366
59,52,277
59,54,101
59,55,148
59,57,105
59,58,394
59,60,306
59,64,317
59,65,337
59,67,12
59,69,136
59,70,400
59,74,168
59,77,87
59,81,256
59,85,272
59,89,146
59,92,267
59,93,87
59,95,47
59,100,47
59,106,262
59,107,132
59,115,295
59,116,44
59,118,201
59,124,283
59,125,12
59,127,44
59,131,385
59,146,245
59,148,187
59,153,194
59,157,238
59,159,40
59,164,280
59,165,18
59,179,46
59,194,213
59,197,264
59,198,360
60,3,18
60,10,110
60,11,194
60,13,12
60,14,75
60,16,359
60,22,393
60,24,101
60,25,305
60,28,301
60,30,308
60,32,228
60,35,251
60,36,145
60,38,135
60,42,385
60,46,44
60,50,166
60,52,212
60,54,256
60,56,350
60,57,375
60,59,306
60,63,354
60,64,382
60,65,3
60,66,119
60,69,230
60,72,263
60,74,400
60,81,364
60,82,110
60,83,395
60,86,301
60,87,171
60,88,52
60,92,6
60,93,31
60,95,236
60,96,378
60,97,317
60,103,27
60,108,239
60,109,121
60,110,314
