source,target,weight
1,2,221
1,3,283
1,5,277
1,7,61
1,8,229
1,10,170
1,11,198
1,12,219
1,13,207
1,14,153
1,16,303
1,18,104
1,19,149
1,20,334
1,21,366
1,22,101
1,23,242
1,25,235
1,26,54
1,27,321
1,30,51
1,34,301
1,35,148
1,38,137
1,39,114
1,40,291
1,41,188
1,44,137
1,45,46
1,48,347
1,50,323
1,51,307
1,52,195
1,53,175
1,54,299
1,55,344
1,57,264
1,58,200
1,59,283
1,60,51
1,63,37
1,64,41
1,65,360
1,66,158
1,67,203
1,68,257
1,69,200
1,70,212
1,71,350
1,73,27
1,76,304
1,77,214
1,79,78
1,81,11
1,83,133
1,85,2
1,87,236
1,88,257
1,90,4
1,91,302
1,93,94
1,94,311
1,95,273
1,96,324
1,98,137
1,100,319
1,104,303
1,105,374
1,109,119
1,110,325
1,113,54
1,114,240
1,118,173
1,122,173
1,123,61
1,124,73
1,125,258
1,129,351
1,132,285
1,135,361
1,137,343
1,138,293
1,139,89
1,140,205
1,141,156
1,146,160
1,149,369
1,151,91
1,152,139
1,153,85
1,158,206
1,159,81
1,161,38
1,163,357
1,166,176
1,167,134
1,168,144
1,170,46
1,171,363
1,176,134
1,179,153
1,184,147
1,185,301
1,190,62
1,191,17
1,193,73
1,197,38
2,1,221
2,3,138
2,6,226
2,9,365
2,12,220
2,14,124
2,17,264
2,20,200
2,22,8
2,23,22
2,24,346
2,25,324
2,26,236
2,27,28
2,28,151
2,29,231
2,31,11
2,32,295
2,33,321
2,34,92
2,35,198
2,36,197
2,37,20
2,39,351
2,40,155
2,42,174
2,43,319
2,44,43
2,46,299
2,47,351
2,48,175
2,49,50
2,50,358
2,51,20
2,52,90
2,53,169
2,54,284
2,56,319
2,57,344
2,58,102
2,63,103
2,64,281
2,65,266
2,66,113
2,67,270
2,69,58
2,70,160
2,73,51
2,75,31
2,79,278
2,81,280
2,82,249
2,86,275
2,88,318
2,89,134
2,90,188
2,91,133
2,92,246
2,93,126
2,94,199
2,95,189
2,96,125
2,98,270
2,99,169
2,100,298
2,101,166
2,103,19
2,104,308
2,106,306
2,107,73
2,108,288
2,110,242
2,111,289
2,115,62
2,116,232
2,117,369
2,122,34
2,125,266
2,126,301
2,132,232
2,133,383
2,134,135
2,136,199
2,139,82
2,141,204
2,144,71
2,145,107
2,147,135
2,150,8
2,153,330
2,154,136
2,160,148
2,161,98
2,163,283
2,171,60
2,172,6
2,174,113
2,178,119
2,185,258
2,189,62
2,191,244
2,193,141
2,194,6
2,197,126
2,198,273
2,200,105
3,1,283
3,2,138
3,4,188
3,5,314
3,6,131
3,7,362
3,11,145
3,12,207
3,13,56
3,15,167
3,16,182
3,17,189
3,19,369
3,20,335
3,21,10
3,22,163
3,24,179
3,25,279
3,26,50
3,27,137
3,28,201
3,29,245
3,30,317
3,36,247
3,37,274
3,38,115
3,39,353
3,40,185
3,41,353
3,42,356
3,43,339
3,44,173
3,45,151
3,47,266
3,48,80
3,49,270
3,51,106
3,52,52
3,53,169
3,56,33
3,57,168
3,58,172
3,62,336
3,63,254
3,65,95
3,66,295
3,67,65
3,68,27
3,69,224
3,70,283
3,71,49
3,75,45
3,76,259
3,77,390
3,78,218
3,80,11
3,81,182
3,82,227
3,83,82
3,84,197
3,85,68
3,87,264
3,88,238
3,90,239
3,92,77
3,93,168
3,94,125
3,96,215
3,100,353
3,101,1
3,103,198
3,107,190
3,109,153
3,111,34
3,112,336
3,113,358
3,114,397
3,115,350
3,116,39
3,118,140
3,120,82
3,121,64
3,122,198
3,125,134
3,126,17
3,129,61
3,131,305
3,133,149
3,134,206
3,135,292
3,138,187
3,139,321
3,141,168
3,142,394
3,143,204
3,145,327
3,146,121
3,147,38
3,149,106
3,155,362
3,156,98
3,158,231
3,160,62
3,161,264
3,162,167
3,167,257
3,170,139
3,172,330
3,174,9
3,175,212
3,178,240
3,181,256
3,182,78
3,187,42
3,190,145
3,191,376
3,193,14
3,196,201
3,197,366
3,198,194
4,3,188
4,5,172
4,7,287
4,8,321
4,9,264
4,12,380
4,13,143
4,14,364
4,15,70
4,16,389
4,17,229
4,18,56
4,19,363
4,20,369
4,24,380
4,25,310
4,26,111
4,28,151
4,29,82
4,30,337
4,31,286
4,32,66
4,34,117
4,35,66
4,36,268
4,37,294
4,38,214
4,39,257
4,42,215
4,43,153
4,44,55
4,45,291
4,47,328
4,48,204
4,49,107
4,51,336
4,52,291
4,53,348
4,54,317
4,55,5
4,57,318
4,58,48
4,59,381
4,60,189
4,61,235
4,63,395
4,64,307
4,66,71
4,69,19
4,71,272
4,72,82
4,74,108
4,76,199
4,78,98
4,80,242
4,85,208
4,87,344
4,89,324
4,91,10
4,93,397
4,94,53
4,95,389
4,96,238
4,97,114
4,99,22
4,100,299
4,101,17
4,102,105
4,104,379
4,106,13
4,108,264
4,109,17
4,110,77
4,111,206
4,113,398
4,114,355
4,115,99
4,116,216
4,120,218
4,123,52
4,124,334
4,126,356
4,130,200
4,131,29
4,133,343
4,136,204
4,137,37
4,139,46
4,144,291
4,145,140
4,147,241
4,151,257
4,153,277
4,154,324
4,157,384
4,159,244
4,160,336
4,165,372
4,167,356
4,171,278
4,173,49
4,174,355
4,175,91
4,178,255
4,179,135
4,180,82
4,188,290
4,189,256
4,195,165
4,198,202
4,200,236
5,1,277
5,3,314
5,4,172
5,6,204
5,7,202
5,8,321
5,9,246
5,10,392
5,12,367
5,13,391
5,14,161
5,15,47
5,16,394
5,17,101
5,19,267
5,22,117
5,23,346
5,24,197
5,25,78
5,26,358
5,27,140
5,28,129
5,29,105
5,30,7
5,32,290
5,33,143
5,36,258
5,37,254
5,38,217
5,39,48
5,40,178
5,41,117
5,44,204
5,46,378
5,47,381
5,49,280
5,50,176
5,52,194
5,53,224
5,54,371
5,56,333
5,58,62
5,59,358
5,60,256
5,61,59
5,65,149
5,67,203
5,68,126
5,69,117
5,70,105
5,72,17
5,73,176
5,75,29
5,76,252
5,79,335
5,81,34
5,82,336
5,84,206
5,87,250
5,88,152
5,89,305
5,91,150
5,92,134
5,94,253
5,95,360
5,96,49
5,97,389
5,99,98
5,100,295
5,101,302
5,103,182
5,104,199
5,108,301
5,109,382
5,110,211
5,111,89
5,112,134
5,113,380
5,114,135
5,115,239
5,116,197
5,118,168
5,119,220
5,121,70
5,122,319
5,123,259
5,124,30
5,126,272
5,128,246
5,130,61
5,133,75
5,134,379
5,137,197
5,138,328
5,139,211
5,141,36
5,142,271
5,143,345
5,145,72
5,148,194
5,151,80
5,153,359
5,155,148
5,158,140
5,159,91
5,162,312
5,163,240
5,164,283
5,165,170
5,166,138
5,167,266
5,170,150
5,179,311
5,180,1
5,185,98
5,187,113
5,188,378
5,193,353
5,198,317
6,2,226
6,3,131
6,5,204
6,11,139
6,12,276
6,13,378
6,15,10
6,16,269
6,17,332
6,18,151
6,20,21
6,23,321
6,24,348
6,25,272
6,26,114
6,27,183
6,29,357
6,30,331
6,32,31
6,33,287
6,35,305
6,38,399
6,39,29
6,40,298
6,41,44
6,43,54
6,44,342
6,46,20
6,47,55
6,48,400
6,51,283
6,52,293
6,53,71
6,54,370
6,55,192
6,56,324
6,57,52
6,59,144
6,60,347
6,61,35
6,64,293
6,65,38
6,66,371
6,68,251
6,69,368
6,70,298
6,72,117
6,74,31
6,77,86
6,78,34
6,80,306
6,81,304
6,82,34
6,83,245
6,85,340
6,86,267
6,87,325
6,88,217
6,90,317
6,92,350
6,93,306
6,95,184
6,97,353
6,98,81
6,100,390
6,103,56
6,105,307
6,109,159
6,111,60
6,112,5
6,113,115
6,116,399
6,123,295
6,124,196
6,127,140
6,130,168
6,131,350
6,133,370
6,134,163
6,137,295
6,138,202
6,143,400
6,146,368
6,149,249
6,154,195
6,159,332
6,162,200
6,163,196
6,165,149
6,166,256
6,167,361
6,171,207
6,172,176
6,176,148
6,180,327
6,183,123
6,185,34
6,186,124
6,191,157
6,192,337
6,195,184
6,196,258
6,197,84
7,1,61
7,3,362
7,4,287
7,5,202
7,8,396
7,9,134
7,10,291
7,11,349
7,13,148
7,14,312
7,15,361
7,17,322
7,18,67
7,19,138
7,20,136
7,22,60
7,24,381
7,28,108
7,29,177
7,30,262
7,31,178
7,32,143
7,33,329
7,35,141
7,36,138
7,37,8
7,39,68
7,41,40
7,44,270
7,45,393
7,47,235
7,49,234
7,51,4
7,52,23
7,53,199
7,54,354
7,55,226
7,57,121
7,58,218
7,59,329
7,62,138
7,63,167
7,64,357
7,65,211
7,66,5
7,67,315
7,68,169
7,69,109
7,70,57
7,72,60
7,75,366
7,79,376
7,82,348
7,83,323
7,84,32
7,85,14
7,88,283
7,89,179
7,90,180
7,91,321
7,92,61
7,93,24
7,94,323
7,96,95
7,98,332
7,99,248
7,100,393
7,102,296
7,103,152
7,105,339
7,107,185
7,109,380
7,111,53
7,112,149
7,114,35
7,118,36
7,119,167
7,122,12
7,125,199
7,126,156
7,127,252
7,128,13
7,129,255
7,131,310
7,132,247
7,133,261
7,134,12
7,136,322
7,141,322
7,143,171
7,145,375
7,146,152
7,147,45
7,148,372
7,149,228
7,153,53
7,154,281
7,155,324
7,156,46
7,165,330
7,176,120
7,178,194
7,180,87
7,182,231
7,183,109
7,184,120
7,185,270
7,188,17
7,190,170
7,192,392
7,195,62
7,196,15
7,199,135
7,200,244
8,1,229
8,4,321
8,5,321
8,7,396
8,9,78
8,10,99
8,15,306
8,17,278
8,18,223
8,19,77
8,21,398
8,22,347
8,27,18
8,28,124
8,29,12
8,30,385
8,31,352
8,32,74
8,33,224
8,34,337
8,35,216
8,36,158
8,37,159
8,39,21
8,44,205
8,45,24
8,46,16
8,47,59
8,49,44
8,54,394
8,55,45
8,56,301
8,58,125
8,59,149
8,60,302
8,62,397
8,63,32
8,66,270
8,68,30
8,72,138
8,73,180
8,75,30
8,77,149
8,79,282
8,81,180
8,82,190
8,84,37
8,87,116
8,88,345
8,89,271
8,90,73
8,92,74
8,93,334
8,95,195
8,96,281
8,97,16
8,98,393
8,101,78
8,103,36
8,104,336
8,105,192
8,106,324
8,108,375
8,112,328
8,115,232
8,121,321
8,122,20
8,124,243
8,125,123
8,129,177
8,130,71
8,131,285
8,132,158
8,136,341
8,137,179
8,144,353
8,146,254
8,149,198
8,151,152
8,163,182
8,167,267
8,170,255
8,171,50
8,172,220
8,175,77
8,182,189
8,187,390
8,192,340
8,200,91
9,2,365
9,4,264
9,5,246
9,7,134
9,8,78
9,10,116
9,11,136
9,14,166
9,15,182
9,16,6
9,17,58
9,18,86
9,19,192
9,22,111
9,23,316
9,28,332
9,29,337
9,30,49
9,31,301
9,32,141
9,33,155
9,34,337
9,35,214
9,39,297
9,40,77
9,41,358
9,42,191
9,44,248
9,45,207
9,46,169
9,49,228
9,51,24
9,52,381
9,53,19
9,54,198
9,55,392
9,56,336
9,58,69
9,59,308
9,62,249
9,63,97
9,64,239
9,66,168
9,68,116
9,69,48
9,71,172
9,72,268
9,74,108
9,75,386
9,76,254
9,77,305
9,78,246
9,80,157
9,82,107
9,83,398
9,84,156
9,86,395
9,87,59
9,88,373
9,89,126
9,90,54
9,91,55
9,93,359
9,94,175
9,95,255
9,96,317
9,98,180
9,99,345
9,100,40
9,102,256
9,103,38
9,104,322
9,106,286
9,107,352
9,108,11
9,111,149
9,112,254
9,113,292
9,114,320
9,115,286
9,117,233
9,118,44
9,120,39
9,122,267
9,124,86
9,126,178
9,137,218
9,139,333
9,142,211
9,143,74
9,144,228
9,146,90
9,149,52
9,150,191
9,152,175
9,155,290
9,156,379
9,158,382
9,160,71
9,164,110
9,167,73
9,168,109
9,179,209
9,180,229
9,181,325
9,183,60
9,184,163
9,185,116
9,188,185
9,189,392
9,195,17
9,198,308
9,200,351
10,1,170
10,5,392
10,7,291
10,8,99
10,9,116
10,11,328
10,12,282
10,15,397
10,17,227
10,18,152
10,20,205
10,21,28
10,23,147
10,24,218
10,25,130
10,27,148
10,28,232
10,29,292
10,30,163
10,32,383
10,33,327
10,34,36
10,36,156
10,37,196
10,38,83
10,41,94
10,43,239
10,44,237
10,45,399
10,46,267
10,47,192
10,48,276
10,49,251
10,50,393
10,51,143
10,53,71
10,54,72
10,56,55
10,57,220
10,60,228
10,62,47
10,64,392
10,65,202
10,66,106
10,68,85
10,69,287
10,71,248
10,72,237
10,73,302
10,75,199
10,76,309
10,77,365
10,78,196
10,79,114
10,81,7
10,84,119
10,85,55
10,86,193
10,87,166
10,88,345
10,90,251
10,92,201
10,94,103
10,97,176
10,98,258
10,100,151
10,101,149
10,102,300
10,106,390
10,107,143
10,108,93
10,109,270
10,110,224
10,112,328
10,114,381
10,115,275
10,116,122
10,117,18
10,120,156
10,121,212
10,122,212
10,123,294
10,126,49
10,128,11
10,129,383
10,132,354
10,134,314
10,135,236
10,137,304
10,141,45
10,143,12
10,144,172
10,145,361
10,147,277
10,151,50
10,152,100
10,155,376
10,156,52
10,158,140
10,170,370
10,171,359
10,172,15
10,177,85
10,178,376
10,180,134
10,181,164
10,182,66
10,184,219
10,188,369
10,196,294
11,1,198
11,3,145
11,6,139
11,7,349
11,9,136
11,10,328
11,13,184
11,14,398
11,15,273
11,17,359
11,19,283
11,20,271
11,21,312
11,22,75
11,23,52
11,24,139
11,25,374
11,26,291
11,27,226
11,28,14
11,29,227
11,31,389
11,32,293
11,33,219
11,35,93
11,36,10
11,37,261
11,38,7
11,39,197
11,40,392
11,42,310
11,43,55
11,44,316
11,45,153
11,46,245
11,47,301
11,48,82
11,49,224
11,50,282
11,51,358
11,52,93
11,55,22
11,56,175
11,58,308
11,59,298
11,60,71
11,61,208
11,62,336
11,63,375
11,64,243
11,65,44
11,66,254
11,68,255
11,72,265
11,73,67
11,74,286
11,75,388
11,79,16
11,80,378
11,82,79
11,83,111
11,84,219
11,86,93
11,87,278
11,88,351
11,90,268
11,94,395
11,97,63
11,98,392
11,100,260
11,102,372
11,105,312
11,106,96
11,107,274
11,108,179
11,109,348
11,110,139
11,111,198
11,112,116
11,115,28
11,117,383
11,118,4
11,120,308
11,121,196
11,122,219
11,123,273
11,127,22
11,128,306
11,129,171
11,130,8
11,132,346
11,133,22
11,136,208
11,137,194
11,142,162
11,143,304
11,147,325
11,148,336
11,151,139
11,157,170
11,158,260
11,159,186
11,160,118
11,162,49
11,164,136
11,167,109
11,168,54
11,174,133
11,175,368
11,192,313
11,195,226
11,197,218
11,198,225
12,1,219
12,2,220
12,3,207
12,4,380
12,5,367
12,6,276
12,10,282
12,13,340
12,14,252
12,16,240
12,19,65
12,21,88
12,22,184
12,23,84
12,24,337
12,26,347
12,27,395
12,28,274
12,30,65
12,31,117
12,32,379
12,35,35
12,36,341
12,38,297
12,39,119
12,40,53
12,41,340
12,43,319
12,44,139
12,45,5
12,46,386
12,47,39
12,50,1
12,51,252
12,52,2
12,53,282
12,54,254
12,55,230
12,58,326
12,60,139
12,61,323
12,62,102
12,64,269
12,65,83
12,66,51
12,69,104
12,71,243
12,74,169
12,77,71
12,78,354
12,79,315
12,80,242
12,81,99
12,83,184
12,85,25
12,86,325
12,87,313
12,88,388
12,90,247
12,91,91
12,93,18
12,95,290
12,97,110
12,99,120
12,100,274
12,101,379
12,103,313
12,109,299
12,111,210
12,112,39
12,113,120
12,114,386
12,119,13
12,122,347
12,126,203
12,128,76
12,133,285
12,136,385
12,137,9
12,142,79
12,143,320
12,148,164
12,149,201
12,150,306
12,156,320
12,158,285
12,159,218
12,160,154
12,165,172
12,170,10
12,172,263
12,173,298
12,175,24
12,176,356
12,179,264
12,181,394
12,182,92
12,191,333
12,194,127
12,195,383
12,197,266
13,1,207
13,3,56
13,4,143
13,5,391
13,6,378
13,7,148
13,11,184
13,12,340
13,14,126
13,16,256
13,17,173
13,18,137
13,19,389
13,20,392
13,22,278
13,23,187
13,24,119
13,28,367
13,31,313
13,33,40
13,34,331
13,37,216
13,38,59
13,40,32
13,41,52
13,43,10
13,46,347
13,48,146
13,49,334
13,50,10
13,53,130
13,56,271
13,57,326
13,60,391
13,61,30
13,62,149
13,63,24
13,65,298
13,66,319
13,67,290
13,68,309
13,69,13
13,70,109
13,71,180
13,72,284
13,73,385
13,75,396
13,76,229
13,78,256
13,79,58
13,80,18
13,81,199
13,82,93
13,83,137
13,85,186
13,86,351
13,88,115
13,89,264
13,90,154
13,94,123
13,96,255
13,97,206
13,98,387
13,101,285
13,103,39
13,104,193
13,108,257
13,110,363
13,111,361
13,112,227
13,113,397
13,114,87
13,118,48
13,121,108
13,124,320
13,125,110
13,126,384
13,130,33
13,131,176
13,134,267
13,137,301
13,138,343
13,141,123
13,143,161
13,144,260
13,146,203
13,148,383
13,150,59
13,152,109
13,153,314
13,154,205
13,156,387
13,161,242
13,162,2
13,164,296
13,165,277
13,166,371
13,167,257
13,169,380
13,170,300
13,172,371
13,174,372
13,178,163
13,180,390
13,181,267
13,182,120
13,190,165
13,194,159
13,197,241
14,1,153
14,2,124
14,4,364
14,5,161
14,7,312
14,9,166
14,11,398
14,12,252
14,13,126
14,15,377
14,16,60
14,17,74
14,19,243
14,20,25
14,21,111
14,22,308
14,23,294
14,25,337
14,27,142
14,31,335
14,34,150
14,36,24
14,38,43
14,40,64
14,42,71
14,43,203
14,45,200
14,47,68
14,50,238
14,52,369
14,53,95
14,54,285
14,55,98
14,56,320
14,57,218
14,58,31
14,59,141
14,60,108
14,61,199
14,62,24
14,64,121
14,66,145
14,70,368
14,71,311
14,72,101
14,73,333
14,74,45
14,75,228
14,76,373
14,80,37
14,81,61
14,82,66
14,83,185
14,84,134
14,85,181
14,86,368
14,87,29
14,89,68
14,90,113
14,92,278
14,93,373
14,95,301
14,96,327
14,98,35
14,99,342
14,100,386
14,101,213
14,104,30
14,107,269
14,108,332
14,111,273
14,112,283
14,114,52
14,115,366
14,117,275
14,119,386
14,120,156
14,122,127
14,131,302
14,134,307
14,137,12
14,139,170
14,142,356
14,143,80
14,144,366
14,146,297
14,148,283
14,149,248
14,150,225
14,152,119
14,155,73
14,156,274
14,158,347
14,160,151
14,164,18
14,165,120
14,170,188
14,176,339
14,178,21
14,181,193
14,182,319
14,191,47
14,193,56
14,194,347
15,3,167
15,4,70
15,5,47
15,6,10
15,7,361
15,8,306
15,9,182
15,10,397
15,11,273
15,14,377
15,16,12
15,19,14
15,21,113
15,23,350
15,24,326
15,25,8
15,26,220
15,27,152
15,30,26
15,31,165
15,32,187
15,33,237
15,35,360
15,36,254
15,37,37
15,39,379
15,40,141
15,41,256
15,42,390
15,43,270
15,45,304
15,46,316
15,47,160
15,49,278
15,50,319
15,51,292
15,52,362
15,55,297
15,56,25
15,57,324
15,58,178
15,60,178
15,61,81
15,62,259
15,63,339
15,65,110
15,66,362
15,69,171
15,70,5
15,74,168
15,75,13
15,76,271
15,77,260
15,78,58
15,79,393
15,81,363
15,82,6
15,83,254
15,85,399
15,86,375
15,89,167
15,93,352
15,96,12
15,97,117
15,98,63
15,100,126
15,101,333
15,102,177
15,103,224
15,105,193
15,106,282
15,107,195
15,108,141
15,110,275
15,111,180
15,112,73
15,113,323
15,116,320
15,119,124
15,121,318
15,123,33
15,126,97
15,128,292
15,129,130
15,130,246
15,131,176
15,133,263
15,134,344
15,139,158
15,142,270
15,145,17
15,155,27
15,157,283
15,165,196
15,168,77
15,169,88
15,177,86
15,178,152
15,186,111
15,187,343
15,189,277
15,191,296
15,193,202
15,196,367
15,197,286
16,1,303
16,3,182
16,4,389
16,5,394
16,6,269
16,9,6
16,12,240
16,13,256
16,14,60
16,15,12
16,18,207
16,20,276
16,21,165
16,22,10
16,23,268
16,25,279
16,27,221
16,29,16
16,33,240
16,34,358
16,35,159
16,36,69
16,37,55
16,39,46
16,40,114
16,42,132
16,45,144
16,47,207
16,48,305
16,49,97
16,51,370
16,56,192
16,58,289
16,61,308
16,62,10
16,63,144
16,65,111
16,66,206
16,67,36
16,69,175
16,72,363
16,73,376
16,74,112
16,76,122
16,80,164
16,81,320
16,84,395
16,85,197
16,86,20
16,87,393
16,89,87
16,90,101
16,91,50
16,92,202
16,93,48
16,94,399
16,96,217
16,97,116
16,99,42
16,100,178
16,104,38
16,105,399
16,106,162
16,108,318
16,109,337
16,112,327
16,115,291
16,116,199
16,117,174
16,118,387
16,119,391
16,121,351
16,122,218
16,126,190
16,127,220
16,131,249
16,132,39
16,133,229
16,134,71
16,135,125
16,137,387
16,141,13
16,142,293
16,148,104
16,149,62
16,150,287
16,152,276
16,157,122
16,158,85
16,160,334
16,161,380
16,165,281
16,170,43
16,171,236
16,175,75
16,176,68
16,179,199
16,180,200
16,181,295
16,186,58
16,196,284
17,2,264
17,3,189
17,4,229
17,5,101
17,6,332
17,7,322
17,8,278
17,9,58
17,10,227
17,11,359
17,13,173
17,14,74
17,18,131
17,21,74
17,23,135
17,25,219
17,27,22
17,28,100
17,30,223
17,31,244
17,34,70
17,35,114
17,37,315
17,38,254
17,39,313
17,40,288
17,43,12
17,44,199
17,46,337
17,49,349
17,50,340
17,52,397
17,54,47
17,58,189
17,60,361
17,61,196
17,62,78
17,65,139
17,68,398
17,71,66
17,72,171
17,73,120
17,74,181
17,75,158
17,76,132
17,77,183
17,78,353
17,79,283
17,80,37
17,81,276
17,83,280
17,84,135
17,86,212
17,89,167
17,90,104
17,91,102
17,93,205
17,96,33
17,99,50
17,100,165
17,103,213
17,108,136
17,109,147
17,110,56
17,112,325
17,113,34
17,114,12
17,119,259
17,124,329
17,127,8
17,130,205
17,132,277
17,134,324
17,136,174
17,140,303
17,145,47
17,148,340
17,151,245
17,152,340
17,154,166
17,156,188
17,158,225
17,159,392
17,161,187
17,167,367
17,169,260
17,172,306
17,174,2
17,175,110
17,177,231
17,180,37
17,182,231
17,183,163
17,187,354
17,188,129
17,189,311
17,193,80
17,197,333
17,198,350
18,1,104
18,4,56
18,6,151
18,7,67
18,8,223
18,9,86
18,10,152
18,13,137
18,16,207
18,17,131
18,19,34
18,20,382
18,23,153
18,26,263
18,28,157
18,30,184
18,31,59
18,32,235
18,34,112
18,35,277
18,36,238
18,38,131
18,39,192
18,40,170
18,42,121
18,44,313
18,45,246
18,46,346
18,47,362
18,48,393
18,49,218
18,51,273
18,52,332
18,54,148
18,58,300
18,59,184
18,60,279
18,65,2
18,67,206
18,68,329
18,69,228
18,70,21
18,71,143
18,74,397
18,75,337
18,76,173
18,78,223
18,79,105
18,80,367
18,85,137
18,86,169
18,87,65
18,89,239
18,93,349
18,95,156
18,98,53
18,101,139
18,106,45
18,107,385
18,108,114
18,112,124
18,113,314
18,117,336
18,120,216
18,122,168
18,123,51
18,124,324
18,125,47
18,129,168
18,131,248
18,136,128
18,137,143
18,138,85
18,139,182
18,143,4
18,144,324
18,145,290
18,153,70
18,155,89
18,160,4
18,162,340
18,164,223
18,167,139
18,169,75
18,179,133
18,192,36
18,193,121
18,196,318
18,198,159
18,199,345
19,1,149
19,3,369
19,4,363
19,5,267
19,7,138
19,8,77
19,9,192
19,11,283
19,12,65
19,13,389
19,14,243
19,15,14
19,18,34
19,20,135
19,21,233
19,23,189
19,24,60
19,26,64
19,28,78
19,30,26
19,32,388
19,34,118
19,35,72
19,36,189
19,38,301
19,39,231
19,40,383
19,41,92
19,42,126
19,45,379
19,46,98
19,48,393
19,49,363
19,50,356
19,53,115
19,54,70
19,56,245
19,57,159
19,58,169
19,59,197
19,61,398
19,64,67
19,66,119
19,67,296
19,68,232
19,69,278
19,71,6
19,73,84
19,74,271
19,79,259
19,81,221
19,82,42
19,84,354
19,85,331
19,87,345
19,89,217
19,92,6
19,93,55
19,94,24
19,96,89
19,98,370
19,99,123
19,100,10
19,102,92
19,104,359
19,106,18
19,112,384
19,113,138
19,114,246
19,115,178
19,116,271
19,120,365
19,124,108
19,125,354
19,127,206
19,132,313
19,133,374
19,135,62
19,136,53
19,137,274
19,139,1
19,140,122
19,143,208
19,144,347
19,147,286
19,149,183
19,150,302
19,152,42
19,153,326
19,161,209
19,162,298
19,163,310
19,167,102
19,169,84
19,173,282
19,175,357
19,177,190
19,180,116
19,182,36
19,190,338
19,192,249
19,196,396
19,197,320
19,199,220
19,200,204
20,1,334
20,2,200
20,3,335
20,4,369
20,6,21
20,7,136
20,10,205
20,11,271
20,13,392
20,14,25
20,16,276
20,18,382
20,19,135
20,21,315
20,23,221
20,24,287
20,25,341
20,28,232
20,29,222
20,31,236
20,32,39
20,33,199
20,34,246
20,35,53
20,36,293
20,37,336
20,41,76
20,43,38
20,45,91
20,46,213
20,47,122
20,48,371
20,49,157
20,50,154
20,52,315
20,54,259
20,55,129
20,56,59
20,57,114
20,59,107
20,60,58
20,61,182
20,64,166
20,65,313
20,66,337
20,67,87
20,68,53
20,69,10
20,70,88
20,72,109
20,73,53
20,74,162
20,75,351
20,76,47
20,77,22
20,78,75
20,80,31
20,81,191
20,82,65
20,84,183
20,89,203
20,91,315
20,94,193
20,96,26
20,97,134
20,98,376
20,100,110
20,104,179
20,106,146
20,109,189
20,110,255
20,111,160
20,112,299
20,114,346
20,115,178
20,116,259
20,119,275
20,120,141
20,123,130
20,125,283
20,128,88
20,130,354
20,131,353
20,132,331
20,135,190
20,137,85
20,139,45
20,140,145
20,142,144
20,145,131
20,147,240
20,151,152
20,152,245
20,156,264
20,157,94
20,158,185
20,160,17
20,163,326
20,164,48
20,166,36
20,167,251
20,170,306
20,172,382
20,176,92
20,185,156
20,187,7
20,189,203
20,191,397
20,192,321
20,194,48
20,195,371
20,196,400
21,1,366
21,3,10
21,8,398
21,10,28
21,11,312
21,12,88
21,14,111
21,15,113
21,16,165
21,17,74
21,19,233
21,20,315
21,22,165
21,25,137
21,27,314
21,29,218
21,30,298
21,31,303
21,32,388
21,33,103
21,34,30
21,35,341
21,36,129
21,37,235
21,38,267
21,39,37
21,40,184
21,41,372
21,42,269
21,43,140
21,49,177
21,50,3
21,54,269
21,55,281
21,56,380
21,59,209
21,61,248
21,62,61
21,63,162
21,65,132
21,67,154
21,68,171
21,70,158
21,71,79
21,72,132
21,73,87
21,77,257
21,78,86
21,82,293
21,83,303
21,87,301
21,88,47
21,89,31
21,90,24
21,93,360
21,95,265
21,97,340
21,98,27
21,99,400
21,100,374
21,102,141
21,105,242
21,106,107
21,108,284
21,109,5
21,111,321
21,112,201
21,114,77
21,116,132
21,118,239
21,119,116
21,126,170
21,127,277
21,131,107
21,136,123
21,139,359
21,140,217
21,141,364
21,143,314
21,146,139
21,150,115
21,152,309
21,153,362
21,157,252
21,159,67
21,162,48
21,163,363
21,164,71
21,166,208
21,173,371
21,174,234
21,175,270
21,178,280
21,181,12
21,187,331
21,191,389
21,192,28
21,196,168
21,199,169
22,1,101
22,2,8
22,3,163
22,5,117
22,7,60
22,8,347
22,9,111
22,11,75
22,12,184
22,13,278
22,14,308
22,16,10
22,21,165
22,24,134
22,25,175
22,27,389
22,28,275
22,29,257
22,30,321
22,31,79
22,36,106
22,37,250
22,38,52
22,39,292
22,40,152
22,41,349
22,43,79
22,44,230
22,45,9
22,47,219
22,48,108
22,50,355
22,51,279
22,52,46
22,53,89
22,54,346
22,58,121
22,59,268
22,61,167
22,62,122
22,65,175
22,67,261
22,70,396
22,72,61
22,74,364
22,76,229
22,79,385
22,80,92
22,81,150
22,82,44
22,83,136
22,84,365
22,85,254
22,86,177
22,87,195
22,88,38
22,89,99
22,90,66
22,92,127
22,94,107
22,99,397
22,101,294
22,102,313
22,104,343
22,105,260
22,107,80
22,109,396
22,112,386
22,117,321
22,118,302
22,124,391
22,125,81
22,127,67
22,130,229
22,132,116
22,133,368
22,137,230
22,139,347
22,140,399
22,142,131
22,145,378
22,148,74
22,149,44
22,150,379
22,153,382
22,154,10
22,156,116
22,158,208
22,163,379
22,166,240
22,170,260
22,173,364
22,178,338
22,180,379
22,181,29
22,184,304
22,187,388
22,189,214
22,190,262
22,192,343
22,197,351
23,1,242
23,2,22
23,5,346
23,6,321
23,9,316
23,10,147
23,11,52
23,12,84
23,13,187
23,14,294
23,15,350
23,16,268
23,17,135
23,18,153
23,19,189
23,20,221
23,24,13
23,26,146
23,27,76
23,28,58
23,29,286
23,30,385
23,31,207
23,37,189
23,40,257
23,42,184
23,43,326
23,44,58
23,46,64
23,47,169
23,48,177
23,49,308
23,50,110
23,51,73
23,52,238
23,55,345
23,56,51
23,57,386
23,60,22
23,62,310
23,65,353
23,66,271
23,67,22
23,68,177
23,69,231
23,74,32
23,76,111
23,82,71
23,84,395
23,85,172
23,86,134
23,87,133
23,88,199
23,92,20
23,93,391
23,96,208
23,101,205
23,103,257
23,104,193
23,106,156
23,107,374
23,109,381
23,110,316
23,111,70
23,112,12
23,113,247
23,117,340
23,118,59
23,119,61
23,121,262
23,123,229
23,125,305
23,128,207
23,134,83
23,137,141
23,138,80
23,139,205
23,140,153
23,141,101
23,142,355
23,144,234
23,148,49
23,149,69
23,151,373
23,152,147
23,157,300
23,158,379
23,163,147
23,169,195
23,173,280
23,177,188
23,179,382
23,184,215
23,186,35
23,189,113
23,192,35
23,198,145
23,200,314
24,2,346
24,3,179
24,4,380
24,5,197
24,6,348
24,7,381
24,10,218
24,11,139
24,12,337
24,13,119
24,15,326
24,19,60
24,20,287
24,22,134
24,23,13
24,26,35
24,27,312
24,29,245
24,31,356
24,32,159
24,34,208
24,35,71
24,38,48
24,39,220
24,41,59
24,43,218
24,44,188
24,45,140
24,47,16
24,48,142
24,49,112
24,51,130
24,53,73
24,56,242
24,57,298
24,58,316
24,60,107
24,61,145
24,62,315
24,63,287
24,65,217
24,68,297
24,70,142
24,71,9
24,72,83
24,73,229
24,74,50
24,75,267
24,76,254
24,77,227
24,78,345
24,82,200
24,83,211
24,84,266
24,86,175
24,88,235
24,91,330
24,92,69
24,94,109
24,95,332
24,96,61
24,97,384
24,98,240
24,99,51
24,100,51
24,101,183
24,102,116
24,103,104
24,104,34
24,105,149
24,106,2
24,107,288
24,109,83
24,110,76
24,115,394
24,120,207
24,121,300
24,128,186
24,129,47
24,130,255
24,131,277
24,132,143
24,133,203
24,135,42
24,137,276
24,140,78
24,143,379
24,149,386
24,150,8
24,154,385
24,156,273
24,160,300
24,161,123
24,167,258
24,169,310
24,170,338
24,174,383
24,175,339
24,178,7
24,180,368
24,181,249
24,182,309
24,183,66
24,191,66
24,192,170
24,197,98
24,198,123
25,1,235
25,2,324
25,3,279
25,4,310
25,5,78
25,6,272
25,10,130
25,11,374
25,14,337
25,15,8
25,16,279
25,17,219
25,20,341
25,21,137
25,22,175
25,26,304
25,28,58
25,31,291
25,33,20
25,37,24
25,38,147
25,39,226
25,40,231
25,42,128
25,43,163
25,44,214
25,47,281
25,48,315
25,50,187
25,52,81
25,53,185
25,54,199
25,56,223
25,57,336
25,59,213
25,60,388
25,61,158
25,62,342
25,64,39
25,65,224
25,66,261
25,68,178
25,69,393
25,70,373
25,71,110
25,73,229
25,74,23
25,75,16
25,76,21
25,77,267
25,80,151
25,82,101
25,83,205
25,86,100
25,87,237
25,93,181
25,94,147
25,95,209
25,96,120
25,99,296
25,101,134
25,106,206
25,107,309
25,108,81
25,114,116
25,115,335
25,117,213
25,120,252
25,124,78
25,126,89
25,128,173
25,129,307
25,130,224
25,132,366
25,135,51
25,136,333
25,140,319
25,147,122
25,149,214
25,153,284
25,155,339
25,156,165
25,158,298
25,161,330
25,167,204
25,169,325
25,170,388
25,172,325
25,173,161
25,174,331
25,179,126
25,184,301
25,188,25
25,189,184
25,191,110
25,192,215
25,193,368
25,196,324
25,199,100
26,1,54
26,2,236
26,3,50
26,4,111
26,5,358
26,6,114
26,11,291
26,12,347
26,15,220
26,18,263
26,19,64
26,23,146
26,24,35
26,25,304
26,28,347
26,29,33
26,30,59
26,31,66
26,33,371
26,34,321
26,35,271
26,36,374
26,37,163
26,40,306
26,42,372
26,46,115
26,47,237
26,49,212
26,52,23
26,53,309
26,54,275
26,55,31
26,57,259
26,59,143
26,61,256
26,63,303
26,64,295
26,65,233
26,67,163
26,70,399
26,71,316
26,73,302
26,74,346
26,75,326
26,78,242
26,79,115
26,80,176
26,82,140
26,86,356
26,87,95
26,88,175
26,91,233
26,96,91
26,97,141
26,98,48
26,99,327
26,104,11
26,107,43
26,109,372
26,111,332
26,113,337
26,115,398
26,116,194
26,123,190
26,124,363
26,125,256
26,128,17
26,130,105
26,131,77
26,132,268
26,136,282
26,138,288
26,144,33
26,145,329
26,149,221
26,151,353
26,154,149
26,156,21
26,158,386
26,159,184
26,161,179
26,167,305
26,175,328
26,176,273
26,179,178
26,187,308
26,191,212
26,196,374
26,197,332
26,199,247
27,1,321
27,2,28
27,3,137
27,5,140
27,6,183
27,8,18
27,10,148
27,11,226
27,12,395
27,14,142
27,15,152
27,16,221
27,17,22
27,21,314
27,22,389
27,23,76
27,24,312
27,30,376
27,34,51
27,35,390
27,37,106
27,38,121
27,39,51
27,41,1
27,42,126
27,45,110
27,46,10
27,49,400
27,50,337
27,51,74
27,52,29
27,53,222
27,54,354
27,55,157
27,57,346
27,59,174
27,60,34
27,61,205
27,62,134
27,63,326
27,64,344
27,67,126
27,68,288
27,71,57
27,72,19
27,73,30
27,75,213
27,78,11
27,79,272
27,80,358
27,81,357
27,82,129
27,83,289
27,86,385
27,88,228
27,91,59
27,92,120
27,98,178
27,99,328
27,103,260
27,104,200
27,108,168
27,109,332
27,111,204
27,112,346
27,115,55
27,121,204
27,124,120
27,126,170
27,127,74
27,128,84
27,129,298
27,131,16
27,135,278
27,138,39
27,139,106
27,144,13
27,145,281
27,146,397
27,147,228
27,148,377
27,150,225
27,153,44
27,157,55
27,159,341
27,161,274
27,163,323
27,164,349
27,165,82
27,166,268
27,168,102
27,169,290
27,170,396
27,171,250
27,172,31
27,175,218
27,180,199
27,182,361
27,184,316
27,185,344
27,192,195
27,193,63
27,194,279
27,197,176
27,198,371
27,199,118
28,2,151
28,3,201
28,4,151
28,5,129
28,7,108
28,8,124
28,9,332
28,10,232
28,11,14
28,12,274
28,13,367
28,17,100
28,18,157
28,19,78
28,20,232
28,22,275
28,23,58
28,25,58
28,26,347
28,29,119
28,30,146
28,31,71
28,32,274
28,33,311
28,34,244
28,36,202
28,38,20
28,40,238
28,44,101
28,45,174
28,46,189
28,47,59
28,48,396
28,53,346
28,55,211
28,56,71
28,57,400
28,58,90
28,59,68
28,60,38
28,61,154
28,62,341
28,64,221
28,65,291
28,66,286
28,69,126
28,70,8
28,72,369
28,74,93
28,77,133
28,78,345
28,79,53
28,80,78
28,82,296
28,83,330
28,88,7
28,90,148
28,91,219
28,93,390
28,95,329
28,96,382
28,97,325
28,98,28
28,100,18
28,102,100
28,104,339
28,105,378
28,111,111
28,112,75
28,114,357
28,119,88
28,125,32
28,126,256
28,128,214
28,129,112
28,131,196
28,133,14
28,135,205
28,139,312
28,140,144
28,142,169
28,147,92
28,148,208
28,149,113
28,150,392
28,151,59
28,152,220
28,155,246
28,158,370
28,159,374
28,164,319
28,165,242
28,166,231
28,171,240
28,175,21
28,181,66
28,182,328
28,185,263
28,186,170
28,190,7
28,191,158
28,192,357
28,199,359
29,2,231
29,3,245
29,4,82
29,5,105
29,6,357
29,7,177
29,8,12
29,9,337
29,10,292
29,11,227
29,16,16
29,20,222
29,21,218
29,22,257
29,23,286
29,24,245
29,26,33
29,28,119
29,30,162
29,31,242
29,32,351
29,34,70
29,36,22
29,37,17
29,38,99
29,39,22
29,41,281
29,42,300
29,45,75
29,46,322
29,48,34
29,49,25
29,50,384
29,51,88
29,54,24
29,55,246
29,56,280
29,57,283
29,62,77
29,65,329
29,66,88
29,67,72
29,70,56
29,72,85
29,74,189
29,75,26
29,76,277
29,81,184
29,82,225
29,83,74
29,84,309
29,85,91
29,86,25
29,87,347
29,89,268
29,90,313
29,91,108
29,94,263
29,95,31
29,96,26
29,97,142
29,99,379
29,101,156
29,102,254
29,103,210
29,104,361
29,106,308
29,110,400
29,111,180
29,112,394
29,113,171
29,115,249
29,116,353
29,119,282
29,121,280
29,123,10
29,124,397
29,126,118
29,129,201
29,131,311
29,132,381
29,133,76
29,134,268
29,135,335
29,136,336
29,139,230
29,140,305
29,142,359
29,143,383
29,144,257
29,146,161
29,148,164
29,151,80
29,153,85
29,154,215
29,155,336
29,157,216
29,159,282
29,161,316
29,162,382
29,163,364
29,165,219
29,168,114
29,169,75
29,172,134
29,175,322
29,176,86
29,179,230
29,181,391
29,182,230
29,187,240
29,189,228
29,190,359
29,196,222
29,197,10
29,199,315
30,1,51
30,3,317
30,4,337
30,5,7
30,6,331
30,7,262
30,8,385
30,9,49
30,10,163
30,12,65
30,15,26
30,17,223
30,18,184
30,19,26
30,21,298
30,22,321
30,23,385
30,26,59
30,27,376
30,28,146
30,29,162
30,31,353
30,32,335
30,33,66
30,35,329
30,36,352
30,37,124
30,38,33
30,39,385
30,42,178
30,45,172
30,47,47
30,48,121
30,50,379
30,52,155
30,55,357
30,57,271
30,58,269
30,59,150
30,60,348
30,62,151
30,63,61
30,67,322
30,69,392
30,70,369
30,71,316
30,73,223
30,74,198
30,75,27
30,76,259
30,77,215
30,79,268
30,80,21
30,81,10
30,83,54
30,86,338
30,89,162
30,91,285
30,92,212
30,94,208
30,97,264
30,101,277
30,102,344
30,106,13
30,107,47
30,110,34
30,112,304
30,114,28
30,116,198
30,117,184
30,122,230
30,124,114
30,127,6
30,128,82
30,129,394
30,130,336
30,131,375
30,132,330
30,137,313
30,138,202
30,142,115
30,144,130
30,146,203
30,147,376
30,151,261
30,152,373
30,154,144
30,160,216
30,162,304
30,163,36
30,175,90
30,177,302
30,179,1
30,182,97
30,185,116
30,186,303
30,187,94
30,191,239
31,2,11
31,4,286
31,7,178
31,8,352
31,9,301
31,11,389
31,12,117
31,13,313
31,14,335
31,15,165
31,17,244
31,18,59
31,20,236
31,21,303
31,22,79
31,23,207
31,24,356
31,25,291
31,26,66
31,28,71
31,29,242
31,30,353
31,33,317
31,34,335
31,35,16
31,36,310
31,40,197
31,43,371
31,45,311
31,47,244
31,48,129
31,49,388
31,50,264
31,53,302
31,57,101
31,60,86
31,61,239
31,62,318
31,64,335
31,66,262
31,67,254
31,68,70
31,70,234
31,71,347
31,72,355
31,73,207
31,74,23
31,75,171
31,77,359
31,78,119
31,81,344
31,83,196
31,85,399
31,86,344
31,87,212
31,88,255
31,90,345
31,91,379
31,92,135
31,94,110
31,95,293
31,100,196
31,101,298
31,102,276
31,103,28
31,104,39
31,109,183
31,112,172
31,113,323
31,115,183
31,116,116
31,117,57
31,118,201
31,119,187
31,121,52
31,126,81
31,132,16
31,135,64
31,136,387
31,145,266
31,147,221
31,150,158
31,153,177
31,154,277
31,156,162
31,158,350
31,160,373
31,163,356
31,166,248
31,169,167
31,170,370
31,171,2
31,178,118
31,180,158
31,183,126
31,195,88
31,198,115
31,199,165
32,2,295
32,4,66
32,5,290
32,6,31
32,7,143
32,8,74
32,9,141
32,10,383
32,11,293
32,12,379
32,15,187
32,18,235
32,19,388
32,20,39
32,21,388
32,24,159
32,28,274
32,29,351
32,30,335
32,34,180
32,35,258
32,36,199
32,37,136
32,38,97
32,40,42
32,42,201
32,43,56
32,44,288
32,46,226
32,47,16
32,48,167
32,51,242
32,53,370
32,54,310
32,55,315
32,57,26
32,58,240
32,59,152
32,60,15
32,61,306
32,64,40
32,65,62
32,67,344
32,68,165
32,69,275
32,70,386
32,71,163
32,76,67
32,78,162
32,79,358
32,81,312
32,82,190
32,83,254
32,84,199
32,88,381
32,89,7
32,90,114
32,91,64
32,92,310
32,94,7
32,95,77
32,96,159
32,98,136
32,100,263
32,103,341
32,104,379
32,107,168
32,111,349
32,112,109
32,113,346
32,117,397
32,118,230
32,119,360
32,121,17
32,123,143
32,124,336
32,127,57
32,128,310
32,129,67
32,134,26
32,139,13
32,147,351
32,150,292
32,151,228
32,153,4
32,154,299
32,156,219
32,157,64
32,158,22
32,159,282
32,161,131
32,162,361
32,163,53
32,174,80
32,175,62
32,176,241
32,177,364
32,178,366
32,183,9
32,184,197
32,186,288
32,188,69
32,189,39
32,190,177
32,191,322
32,195,221
32,198,292
32,200,395
33,2,321
33,5,143
33,6,287
33,7,329
33,8,224
33,9,155
33,10,327
33,11,219
33,13,40
33,15,237
33,16,240
33,20,199
33,21,103
33,25,20
33,26,371
33,28,311
33,30,66
33,31,317
33,34,56
33,35,63
33,41,396
33,42,315
33,43,199
33,44,297
33,46,43
33,48,113
33,50,373
33,53,192
33,55,152
33,56,115
33,57,251
33,59,192
33,60,319
33,62,365
33,63,391
33,64,64
33,65,138
33,68,119
33,69,106
33,70,338
33,71,309
33,73,138
33,75,1
33,76,62
33,77,287
33,78,48
33,79,80
33,80,368
33,81,321
33,87,91
33,88,67
33,89,217
33,91,378
33,92,217
33,93,384
33,94,195
33,95,278
33,96,183
33,98,247
33,104,377
33,106,264
33,108,231
33,109,349
33,110,131
33,111,245
33,117,51
33,118,92
33,120,172
33,123,103
33,125,355
33,127,277
33,129,52
33,132,231
33,133,18
33,134,24
33,135,67
33,137,203
33,139,136
33,142,85
33,144,153
33,147,132
33,148,317
33,149,47
33,152,136
33,154,375
33,156,162
33,159,134
33,162,375
33,164,215
33,166,143
33,169,371
33,172,156
33,173,277
33,174,317
33,181,222
33,186,11
33,187,127
33,189,90
33,198,6
33,199,177
34,1,301
34,2,92
34,4,117
34,8,337
34,9,337
34,10,36
34,13,331
34,14,150
34,16,358
34,17,70
34,18,112
34,19,118
34,20,246
34,21,30
34,24,208
34,26,321
34,27,51
34,28,244
34,29,70
34,31,335
34,32,180
34,33,56
34,36,257
34,41,104
34,42,284
34,43,303
34,44,170
34,45,90
34,46,364
34,47,95
34,50,208
34,52,139
34,55,296
34,60,140
34,61,336
34,63,85
34,66,394
34,68,219
34,70,304
34,71,128
34,74,234
34,76,216
34,77,232
34,78,133
34,79,388
34,80,368
34,81,383
34,82,81
34,84,275
34,85,121
34,86,395
34,91,50
34,92,123
34,97,16
34,99,209
34,101,332
34,102,313
34,103,161
34,104,256
34,108,49
34,115,391
34,116,326
34,118,323
34,119,110
34,120,304
34,121,180
34,123,261
34,125,218
34,126,99
34,127,66
34,128,204
34,129,220
34,135,92
34,136,24
34,137,95
34,140,152
34,147,371
34,149,385
34,151,195
34,153,368
34,154,108
34,155,289
34,159,305
34,160,395
34,163,66
34,166,133
34,167,119
34,168,285
34,170,255
34,172,16
34,174,282
34,176,367
34,178,64
34,182,277
34,183,376
34,187,24
34,188,381
34,190,272
34,196,344
34,198,211
35,1,148
35,2,198
35,4,66
35,6,305
35,7,141
35,8,216
35,9,214
35,11,93
35,12,35
35,15,360
35,16,159
35,17,114
35,18,277
35,19,72
35,20,53
35,21,341
35,24,71
35,26,271
35,27,390
35,30,329
35,31,16
35,32,258
35,33,63
35,36,335
35,37,354
35,39,240
35,40,304
35,41,79
35,43,399
35,44,261
35,47,40
35,48,176
35,50,215
35,51,170
35,54,214
35,55,378
35,56,100
35,57,292
35,58,1
35,59,280
35,62,11
35,63,163
35,65,293
35,66,215
35,67,265
35,68,373
35,69,261
35,70,262
35,71,178
35,73,114
35,74,350
35,78,79
35,79,203
35,80,170
35,81,395
35,82,245
35,83,146
35,84,154
35,85,218
35,86,69
35,89,227
35,91,341
35,94,150
35,95,163
35,97,153
35,98,363
35,99,332
35,100,185
35,101,170
35,105,183
35,106,181
35,107,194
35,108,338
35,110,26
35,111,197
35,112,25
35,116,261
35,119,104
35,122,26
35,123,222
35,124,223
35,125,298
35,128,200
35,129,331
35,131,164
35,134,205
35,138,233
35,139,158
35,141,108
35,143,333
35,147,2
35,148,248
35,151,153
35,152,246
35,153,61
35,158,383
35,159,61
35,162,130
35,166,44
35,167,198
35,170,7
35,171,327
35,174,99
35,179,255
35,185,242
35,188,228
35,191,87
35,192,222
35,195,313
35,196,205
36,2,197
36,3,247
36,4,268
36,5,258
36,7,138
36,8,158
36,10,156
36,11,10
36,12,341
36,14,24
36,15,254
36,16,69
36,18,238
36,19,189
36,20,293
36,21,129
36,22,106
36,26,374
36,28,202
36,29,22
36,30,352
36,31,310
36,32,199
36,34,257
36,35,335
36,38,339
36,39,61
36,41,21
36,42,181
36,43,249
36,44,13
36,45,193
36,46,26
36,47,175
36,48,113
36,49,38
36,50,66
36,51,76
36,54,368
36,55,28
36,56,258
36,57,305
36,60,179
36,61,375
36,62,263
36,63,116
36,64,51
36,65,288
36,66,320
36,67,63
36,68,400
36,69,176
36,71,70
36,72,296
36,73,91
36,74,89
36,77,146
36,78,344
36,79,215
36,80,331
36,82,347
36,83,281
36,84,275
36,86,370
36,88,292
36,89,385
36,90,254
36,91,159
36,92,223
36,94,182
36,96,308
36,97,221
36,99,88
36,101,82
36,105,16
36,108,215
36,111,100
36,112,133
36,118,281
36,120,248
36,121,209
36,123,263
36,124,397
36,125,197
36,126,236
36,128,179
36,129,216
36,130,121
36,132,130
36,134,150
36,135,269
36,138,42
36,140,297
36,148,255
36,149,374
36,151,129
36,155,181
36,156,321
36,157,211
36,158,378
36,164,355
36,165,153
36,166,230
36,168,213
36,172,78
36,175,331
36,177,130
36,184,218
36,185,216
36,186,340
36,189,154
36,190,325
36,191,283
36,193,64
36,194,15
37,2,20
37,3,274
37,4,294
37,5,254
37,7,8
37,8,159
37,10,196
37,11,261
37,13,216
37,15,37
37,16,55
37,17,315
37,20,336
37,21,235
37,22,250
37,23,189
37,25,24
37,26,163
37,27,106
37,29,17
37,30,124
37,32,136
37,35,354
37,38,259
37,39,15
37,42,9
37,43,124
37,45,178
37,48,196
37,49,150
37,53,221
37,54,82
37,57,141
37,59,119
37,60,384
37,61,335
37,62,309
37,63,382
37,64,229
37,65,13
37,66,267
37,67,184
37,69,254
37,70,290
37,71,11
37,73,77
37,74,32
37,75,68
37,77,93
37,78,378
37,79,61
37,80,198
37,81,68
37,83,202
37,84,96
37,87,112
37,88,47
37,89,382
37,90,321
37,91,192
37,92,168
37,93,216
37,97,287
37,98,103
37,99,44
37,100,14
37,102,132
37,105,392
37,106,229
37,107,56
37,108,398
37,109,231
37,110,200
37,111,388
37,112,154
37,113,213
37,114,187
37,115,360
37,117,256
37,119,90
37,120,351
37,122,223
37,124,42
37,127,45
37,129,206
37,130,326
37,131,190
37,133,236
37,138,128
37,139,342
37,140,242
37,141,131
37,142,162
37,143,249
37,145,332
37,147,135
37,154,77
37,155,187
37,156,85
37,157,286
37,159,192
37,160,95
37,162,111
37,164,119
37,169,332
37,170,367
37,172,180
37,173,252
37,174,118
37,176,62
37,177,73
37,181,227
37,183,52
37,186,315
37,189,326
37,190,295
37,191,133
37,193,64
38,1,137
38,3,115
38,4,214
38,5,217
38,6,399
38,10,83
38,11,7
38,12,297
38,13,59
38,14,43
38,17,254
38,18,131
38,19,301
38,21,267
38,22,52
38,24,48
38,25,147
38,27,121
38,28,20
38,29,99
38,30,33
38,32,97
38,36,339
38,37,259
38,41,395
38,43,258
38,45,86
38,46,378
38,47,117
38,48,94
38,51,171
38,54,250
38,55,251
38,56,262
38,57,213
38,58,28
38,60,75
38,64,333
38,65,150
38,66,25
38,68,57
38,70,63
38,71,203
38,72,368
38,73,202
38,75,283
38,76,380
38,78,328
38,79,336
38,80,379
38,83,309
38,84,331
38,85,335
38,86,130
38,87,276
38,88,392
38,89,267
38,91,384
38,92,192
38,97,393
38,99,81
38,101,103
38,102,251
38,103,198
38,104,68
38,105,265
38,107,56
38,108,16
38,109,159
38,111,110
38,119,62
38,121,289
38,122,11
38,123,376
38,124,374
38,129,44
38,131,135
38,133,174
38,134,361
38,135,337
38,138,94
38,141,182
38,146,271
38,147,39
38,151,55
38,157,80
38,159,109
38,161,278
38,173,172
38,175,1
38,176,11
38,178,184
38,179,65
38,180,366
38,183,102
38,184,400
38,185,394
38,189,109
38,190,277
38,195,128
38,196,88
39,1,114
39,2,351
39,3,353
39,4,257
39,5,48
39,6,29
39,7,68
39,8,21
39,9,297
39,11,197
39,12,119
39,15,379
39,16,46
39,17,313
39,18,192
39,19,231
39,21,37
39,22,292
39,24,220
39,25,226
39,27,51
39,29,22
39,30,385
39,35,240
39,36,61
39,37,15
39,40,397
39,41,12
39,43,142
39,44,177
39,47,217
39,48,270
39,49,61
39,51,356
39,52,208
39,53,200
39,54,314
39,55,182
39,56,290
39,57,302
39,59,243
39,60,9
39,64,110
39,66,305
39,68,336
39,70,225
39,73,190
39,75,210
39,76,83
39,77,230
39,78,385
39,79,86
39,81,259
39,82,183
39,83,187
39,84,4
39,87,382
39,90,299
39,95,296
39,96,375
39,98,13
39,99,379
39,102,291
