source,target,weight
1,2,268
1,3,367
1,4,55
1,5,35
1,7,269
1,9,77
1,11,168
1,16,240
1,17,240
1,18,177
1,19,94
1,21,34
1,25,272
1,28,365
1,32,157
1,33,181
1,35,399
1,36,362
1,37,261
1,52,264
1,54,347
1,55,97
1,56,263
1,59,121
1,61,45
1,69,66
1,74,243
1,75,365
1,86,139
1,90,163
1,99,20
1,109,350
1,114,2
1,126,40
1,130,357
1,134,354
1,139,255
1,161,12
1,171,196
1,177,232
1,186,186
2,1,268
2,3,381
2,4,218
2,6,400
2,9,63
2,10,170
2,12,134
2,13,45
2,14,274
2,15,48
2,16,105
2,17,137
2,18,19
2,19,60
2,20,244
2,21,49
2,23,275
2,24,94
2,25,295
2,28,158
2,35,305
2,39,254
2,48,154
2,49,279
2,51,271
2,59,289
2,74,78
2,80,36
2,86,342
2,91,56
2,94,324
2,95,283
2,97,148
2,100,74
2,115,55
2,123,378
2,126,342
2,127,268
2,128,49
2,137,8
2,147,65
2,151,139
2,156,388
2,159,185
2,166,379
3,1,367
3,2,381
3,4,129
3,5,166
3,6,376
3,7,123
3,9,339
3,10,149
3,13,157
3,14,68
3,15,105
3,16,251
3,17,135
3,18,306
3,20,351
3,21,355
3,24,117
3,26,111
3,31,324
3,34,154
3,36,261
3,37,101
3,38,85
3,39,308
3,43,40
3,45,150
3,49,21
3,57,166
3,58,337
3,60,298
3,62,282
3,65,14
3,67,349
3,72,67
3,76,65
3,86,188
3,91,208
3,99,210
3,101,5
3,108,103
3,121,309
3,124,231
3,133,246
3,152,281
3,172,49
4,1,55
4,2,218
4,3,129
4,5,147
4,6,331
4,7,393
4,8,218
4,9,300
4,10,82
4,11,289
4,12,323
4,13,85
4,14,206
4,15,54
4,16,93
4,17,119
4,18,265
4,20,158
4,21,243
4,24,388
4,25,280
4,26,268
4,39,255
4,45,272
4,46,155
4,49,13
4,54,192
4,55,132
4,60,353
4,62,155
4,64,347
4,66,138
4,67,125
4,68,293
4,75,360
4,76,48
4,87,173
4,101,22
4,103,276
4,106,235
4,116,8
4,120,355
4,169,112
4,181,234
5,1,35
5,3,166
5,4,147
5,8,4
5,9,317
5,10,369
5,11,15
5,13,137
5,15,117
5,16,309
5,17,400
5,20,174
5,21,167
5,23,300
5,24,207
5,27,320
5,28,203
5,29,136
5,34,315
5,38,263
5,39,66
5,40,374
5,41,84
5,42,256
5,43,188
5,45,227
5,52,321
5,57,64
5,62,267
5,63,119
5,73,353
5,76,389
5,78,40
5,81,327
5,88,141
5,93,355
5,103,96
5,112,346
5,114,35
5,126,389
5,132,84
5,144,213
5,149,272
5,154,235
5,158,125
5,165,244
5,166,67
5,168,65
5,176,201
6,2,400
6,3,376
6,4,331
6,7,245
6,8,188
6,9,336
6,11,205
6,12,94
6,13,167
6,14,354
6,15,179
6,16,223
6,19,118
6,21,237
6,24,48
6,25,262
6,29,400
6,32,274
6,33,95
6,35,53
6,37,173
6,40,324
6,50,162
6,52,235
6,57,321
6,65,23
6,66,71
6,82,340
6,84,137
6,86,215
6,99,167
6,109,166
6,133,132
6,142,56
6,149,219
6,159,365
6,162,104
6,165,241
6,168,397
6,169,321
6,177,283
6,180,234
6,181,367
6,183,196
7,1,269
7,3,123
7,4,393
7,6,245
7,8,18
7,10,157
7,12,218
7,14,109
7,16,285
7,17,132
7,18,296
7,19,192
7,20,232
7,22,148
7,23,61
7,24,319
7,25,186
7,30,261
7,31,205
7,34,232
7,36,77
7,38,60
7,40,84
7,42,289
7,45,249
7,46,284
7,50,247
7,54,54
7,58,203
7,61,23
7,67,367
7,69,249
7,77,386
7,80,331
7,84,109
7,104,312
7,105,96
7,111,99
7,118,63
7,134,3
7,142,216
7,149,55
7,197,277
8,4,218
8,5,4
8,6,188
8,7,18
8,9,399
8,10,225
8,11,192
8,12,38
8,16,349
8,17,103
8,19,100
8,20,359
8,21,330
8,22,311
8,26,72
8,28,174
8,29,243
8,31,269
8,32,110
8,33,57
8,34,300
8,37,91
8,38,253
8,41,286
8,50,119
8,52,31
8,56,120
8,61,86
8,67,51
8,69,371
8,71,37
8,74,306
8,77,93
8,83,22
8,88,44
8,96,80
8,97,385
8,105,322
8,118,285
8,119,100
8,135,391
8,148,178
8,182,206
8,189,135
8,192,12
9,1,77
9,2,63
9,3,339
9,4,300
9,5,317
9,6,336
9,8,399
9,10,217
9,11,354
9,12,40
9,13,66
9,14,241
9,15,292
9,18,133
9,19,273
9,20,321
9,21,239
9,23,162
9,27,245
9,30,365
9,32,60
9,35,391
9,36,109
9,37,346
9,38,183
9,41,227
9,42,186
9,43,299
9,44,52
9,47,258
9,48,236
9,49,241
9,51,241
9,52,41
9,55,331
9,56,388
9,57,340
9,58,376
9,69,33
9,75,11
9,76,251
9,81,48
9,86,98
9,92,353
9,110,276
9,125,173
9,132,308
9,141,349
9,160,329
9,177,159
10,2,170
10,3,149
10,4,82
10,5,369
10,7,157
10,8,225
10,9,217
10,12,394
10,13,271
10,14,303
10,15,249
10,16,96
10,17,359
10,18,192
10,21,15
10,22,254
10,23,397
10,25,177
10,26,158
10,28,79
10,30,301
10,34,314
10,35,39
10,44,183
10,45,210
10,54,308
10,58,351
10,59,212
10,60,378
10,63,286
10,70,373
10,72,388
10,73,69
10,75,2
10,81,117
10,91,224
10,99,200
10,120,80
10,124,198
10,125,8
10,142,369
10,162,368
10,195,396
10,200,17
11,1,168
11,4,289
11,5,15
11,6,205
11,8,192
11,9,354
11,12,216
11,13,53
11,15,59
11,18,112
11,19,305
11,21,35
11,22,325
11,23,265
11,32,185
11,42,169
11,47,32
11,50,98
11,57,284
11,59,268
11,62,40
11,63,268
11,64,74
11,71,369
11,79,33
11,80,215
11,90,8
11,92,288
11,99,99
11,100,321
11,113,383
11,114,190
11,117,26
11,122,8
11,125,301
11,126,69
11,134,294
11,143,80
11,148,301
11,180,126
11,186,165
12,2,134
12,4,323
12,6,94
12,7,218
12,8,38
12,9,40
12,10,394
12,11,216
12,13,26
12,14,233
12,17,394
12,18,259
12,19,82
12,21,148
12,22,158
12,23,34
12,26,338
12,27,98
12,28,288
12,29,287
12,30,360
12,31,160
12,35,169
12,36,281
12,42,96
12,45,215
12,46,46
12,48,341
12,52,138
12,54,152
12,57,315
12,60,230
12,61,48
12,67,33
12,71,90
12,72,37
12,73,247
12,79,336
12,88,159
12,92,120
12,103,255
12,106,201
12,110,350
12,114,41
12,116,161
12,124,20
12,130,261
12,142,312
12,143,70
12,151,250
12,155,192
12,163,254
12,167,288
12,174,364
12,179,227
12,182,35
13,2,45
13,3,157
13,4,85
13,5,137
13,6,167
13,9,66
13,10,271
13,11,53
13,12,26
13,14,335
13,15,210
13,18,228
13,20,34
13,21,156
13,24,358
13,27,152
13,28,208
13,30,139
13,33,314
13,40,137
13,41,366
13,44,357
13,45,259
13,49,252
13,62,384
13,64,109
13,68,30
13,73,82
13,75,51
13,76,298
13,78,378
13,82,28
13,84,24
13,86,118
13,92,67
13,107,65
13,108,138
13,122,343
13,154,65
13,156,206
13,158,36
13,160,387
13,164,114
13,167,179
13,174,292
13,187,12
13,195,23
13,198,32
14,2,274
14,3,68
14,4,206
14,6,354
14,7,109
14,9,241
14,10,303
14,12,233
14,13,335
14,15,279
14,16,150
14,17,169
14,18,311
14,19,154
14,20,74
14,21,337
14,23,350
14,24,116
14,25,349
14,30,390
14,33,265
14,38,75
14,40,143
14,42,225
14,44,13
14,46,370
14,47,59
14,50,32
14,55,275
14,56,179
14,66,194
14,73,152
14,78,1
14,84,229
14,89,87
14,92,243
14,93,133
14,100,335
14,105,65
14,111,56
14,112,343
14,117,235
14,124,247
14,129,18
14,130,238
14,146,112
14,152,280
14,154,277
14,160,235
14,166,202
14,192,310
14,194,109
14,199,213
15,2,48
15,3,105
15,4,54
15,5,117
15,6,179
15,9,292
15,10,249
15,11,59
15,13,210
15,14,279
15,16,228
15,17,394
15,19,315
15,20,226
15,21,122
15,22,78
15,24,196
15,28,90
15,29,19
15,30,42
15,31,213
15,32,123
15,33,169
15,35,299
15,36,349
15,38,103
15,39,301
15,41,227
15,42,242
15,47,338
15,51,103
15,54,170
15,58,19
15,65,141
15,77,7
15,83,193
15,87,126
15,94,178
15,98,60
15,117,260
15,118,140
15,121,293
15,125,144
15,127,351
15,135,23
15,148,302
15,159,119
15,176,358
15,179,291
15,192,184
16,1,240
16,2,105
16,3,251
16,4,93
16,5,309
16,6,223
16,7,285
16,8,349
16,10,96
16,14,150
16,15,228
16,19,294
16,20,230
16,22,113
16,25,289
16,26,355
16,27,37
16,29,382
16,31,366
16,32,208
16,35,77
16,37,27
16,38,137
16,40,12
16,41,319
16,43,127
16,49,382
16,52,189
16,53,44
16,55,225
16,57,394
16,59,380
16,64,125
16,71,2
16,75,20
16,76,359
16,77,251
16,78,123
16,79,295
16,81,54
16,82,287
16,89,73
16,93,296
16,103,145
16,122,76
16,123,355
16,127,25
16,139,304
16,142,350
16,151,319
16,159,365
16,176,8
16,178,325
16,191,64
16,193,114
16,196,267
16,199,351
17,1,240
17,2,137
17,3,135
17,4,119
17,5,400
17,7,132
17,8,103
17,10,359
17,12,394
17,14,169
17,15,394
17,19,314
17,20,121
17,22,137
17,25,270
17,26,10
17,27,241
17,31,138
17,32,273
17,33,171
17,41,107
17,43,389
17,46,288
17,51,84
17,55,400
17,56,116
17,63,226
17,70,372
17,72,144
17,84,164
17,107,254
17,115,72
17,119,50
17,125,147
17,132,328
17,151,23
17,155,113
17,162,362
17,171,103
17,181,343
17,187,40
17,188,97
18,1,177
18,2,19
18,3,306
18,4,265
18,7,296
18,9,133
18,10,192
18,11,112
18,12,259
18,13,228
18,14,311
18,22,125
18,23,263
18,24,286
18,26,295
18,27,211
18,29,207
18,34,231
18,36,380
18,37,391
18,44,357
18,46,341
18,49,345
18,54,54
18,55,9
18,56,143
18,65,314
18,72,217
18,75,165
18,82,284
18,85,281
18,87,316
18,92,341
18,94,55
18,138,253
18,175,234
18,178,393
18,183,161
18,190,39
18,199,144
19,1,94
19,2,60
19,6,118
19,7,192
19,8,100
19,9,273
19,11,305
19,12,82
19,14,154
19,15,315
19,16,294
19,17,314
19,20,325
19,22,293
19,23,131
19,24,224
19,26,192
19,27,298
19,29,322
19,31,17
19,32,217
19,35,185
19,38,122
19,44,341
19,45,386
19,46,119
19,47,249
19,48,325
19,51,139
19,63,272
19,65,305
19,71,392
19,72,110
19,77,283
19,80,55
19,81,212
19,83,340
19,85,397
19,86,243
19,90,265
19,103,9
19,110,359
19,117,298
19,122,196
19,133,125
19,134,319
19,173,17
19,174,361
19,177,9
19,179,388
19,182,43
19,195,28
20,2,244
20,3,351
20,4,158
20,5,174
20,7,232
20,8,359
20,9,321
20,13,34
20,14,74
20,15,226
20,16,230
20,17,121
20,19,325
20,23,280
20,24,30
20,25,251
20,26,105
20,27,190
20,28,350
20,31,287
20,32,167
20,33,32
20,43,398
20,45,304
20,46,83
20,47,102
20,57,239
20,61,180
20,65,332
20,68,309
20,91,397
20,94,247
20,96,14
20,97,63
20,98,303
20,99,395
20,103,135
20,109,191
20,111,310
20,116,355
20,117,325
20,125,322
20,134,301
20,139,58
20,147,311
20,156,174
20,160,316
20,175,83
20,194,286
20,195,381
20,197,140
21,1,34
21,2,49
21,3,355
21,4,243
21,5,167
21,6,237
21,8,330
21,9,239
21,10,15
21,11,35
21,12,148
21,13,156
21,14,337
21,15,122
21,22,372
21,24,246
21,29,325
21,30,67
21,32,150
21,33,239
21,34,50
21,35,77
21,36,400
21,39,239
21,42,163
21,43,144
21,44,238
21,45,111
21,47,279
21,50,398
21,51,348
21,52,82
21,53,153
21,56,195
21,60,135
21,62,209
21,64,30
21,83,191
21,95,262
21,101,358
21,107,228
21,109,50
21,111,181
21,118,306
21,119,77
21,120,156
21,127,359
21,140,303
21,154,297
21,158,348
21,166,165
21,167,38
21,171,333
21,173,91
21,174,280
21,190,107
21,196,144
22,7,148
22,8,311
22,10,254
22,11,325
22,12,158
22,15,78
22,16,113
22,17,137
22,18,125
22,19,293
22,21,372
22,25,4
22,26,351
22,28,145
22,29,255
22,31,119
22,33,381
22,36,110
22,38,185
22,40,81
22,42,257
22,47,300
22,51,52
22,53,130
22,59,147
22,64,199
22,68,34
22,70,127
22,75,74
22,76,301
22,83,80
22,91,382
22,92,211
22,105,365
22,126,141
22,128,284
22,131,342
22,133,275
22,146,251
22,177,46
22,181,59
22,186,291
23,2,275
23,5,300
23,7,61
23,9,162
23,10,397
23,11,265
23,12,34
23,14,350
23,18,263
23,19,131
23,20,280
23,25,323
23,27,365
23,28,327
23,29,63
23,31,367
23,37,256
23,41,149
23,43,163
23,53,382
23,56,58
23,61,387
23,67,261
23,68,102
23,70,70
23,74,295
23,79,178
23,98,153
23,103,284
23,108,69
23,113,157
23,122,52
23,125,108
23,131,16
23,135,351
23,136,1
23,155,82
23,159,116
23,192,342
23,193,202
23,199,102
24,2,94
24,3,117
24,4,388
24,5,207
24,6,48
24,7,319
24,13,358
24,14,116
24,15,196
24,18,286
24,19,224
24,20,30
24,21,246
24,26,258
24,27,309
24,28,43
24,33,222
24,34,165
24,36,325
24,37,386
24,39,127
24,40,324
24,46,248
24,49,215
24,51,213
24,53,391
24,54,36
24,57,101
24,60,9
24,61,88
24,62,70
24,65,59
24,72,229
24,80,153
24,88,392
24,89,132
24,91,242
24,96,292
24,111,312
24,126,62
24,133,239
24,139,152
24,140,228
24,161,311
24,166,373
24,184,158
24,185,23
24,189,83
25,1,272
25,2,295
25,4,280
25,6,262
25,7,186
25,10,177
25,14,349
25,16,289
25,17,270
25,20,251
25,22,4
25,23,323
25,26,161
25,29,339
25,30,356
25,34,162
25,35,251
25,41,355
25,46,34
25,48,193
25,51,365
25,53,198
25,55,130
25,59,124
25,64,138
25,65,348
25,73,243
25,75,276
25,77,286
25,78,53
25,81,318
25,98,296
25,100,6
25,113,120
25,123,200
25,131,339
25,134,153
25,135,60
25,140,372
25,174,289
25,197,252
26,3,111
26,4,268
26,8,72
26,10,158
26,12,338
26,16,355
26,17,10
26,18,295
26,19,192
26,20,105
26,22,351
26,24,258
26,25,161
26,27,101
26,30,156
26,34,293
26,36,249
26,37,275
26,40,395
26,44,169
26,48,20
26,51,183
26,53,337
26,57,6
26,65,239
26,66,361
26,67,377
26,70,102
26,73,356
26,77,356
26,84,161
26,91,212
26,97,235
26,100,150
26,103,245
26,104,225
26,116,175
26,118,277
26,126,185
26,160,234
26,162,156
26,165,149
26,187,241
26,188,247
26,190,100
26,197,37
27,5,320
27,9,245
27,12,98
27,13,152
27,16,37
27,17,241
27,18,211
27,19,298
27,20,190
27,23,365
27,24,309
27,26,101
27,28,109
27,30,295
27,32,114
27,33,380
27,34,340
27,40,25
27,48,105
27,53,58
27,54,26
27,59,49
27,78,268
27,84,286
27,95,365
27,100,169
27,102,188
27,111,110
27,127,239
27,130,296
27,131,1
27,137,159
27,139,233
27,140,341
27,144,304
27,147,60
27,152,119
27,160,76
27,169,129
27,175,389
27,180,74
28,1,365
28,2,158
28,5,203
28,8,174
28,10,79
28,12,288
28,13,208
28,15,90
28,20,350
28,22,145
28,23,327
28,24,43
28,27,109
28,30,284
28,31,71
28,32,258
28,39,180
28,41,330
28,46,378
28,48,98
28,62,317
28,63,119
28,67,242
28,70,352
28,74,357
28,75,24
28,77,106
28,87,205
28,95,284
28,97,88
28,104,184
28,108,172
28,124,390
28,128,319
28,145,149
28,149,175
28,150,376
28,157,198
28,163,304
28,187,191
28,188,73
29,5,136
29,6,400
29,8,243
29,12,287
29,15,19
29,16,382
29,18,207
29,19,322
29,21,325
29,22,255
29,23,63
29,25,339
29,30,202
29,31,159
29,38,326
29,41,132
29,44,193
29,46,171
29,48,249
29,50,246
29,52,295
29,53,256
29,56,240
29,63,320
29,64,18
29,65,371
29,71,399
29,79,41
29,84,172
29,90,266
29,91,235
29,104,168
29,106,218
29,116,127
29,118,354
29,123,144
29,146,390
29,150,240
29,164,140
30,7,261
30,9,365
30,10,301
30,12,360
30,13,139
30,14,390
30,15,42
30,21,67
30,25,356
30,26,156
30,27,295
30,28,284
30,29,202
30,37,180
30,38,206
30,41,357
30,42,250
30,43,144
30,44,370
30,45,182
30,51,261
30,53,102
30,62,385
30,63,362
30,70,155
30,73,167
30,86,195
30,102,205
30,119,345
30,126,185
30,129,227
30,143,55
30,169,66
30,196,193
31,3,324
31,7,205
31,8,269
31,12,160
31,15,213
31,16,366
31,17,138
31,19,17
31,20,287
31,22,119
31,23,367
31,28,71
31,29,159
31,32,289
31,33,351
31,35,302
31,37,75
31,40,98
31,48,171
31,52,300
31,55,19
31,59,165
31,60,208
31,67,356
31,72,175
31,77,357
31,78,315
31,94,357
31,95,302
31,104,134
31,108,352
31,112,129
31,120,231
31,125,184
31,130,187
31,132,273
31,137,48
31,141,75
31,161,397
31,165,19
31,176,106
31,195,280
31,200,74
32,1,157
32,6,274
32,8,110
32,9,60
32,11,185
32,15,123
32,16,208
32,17,273
32,19,217
32,20,167
32,21,150
32,27,114
32,28,258
32,31,289
32,33,86
32,35,51
32,38,205
32,49,338
32,60,350
32,62,307
32,64,63
32,69,278
32,70,110
32,71,72
32,72,299
32,74,52
32,76,108
32,78,111
32,80,216
32,119,9
32,137,17
32,141,366
32,143,105
32,166,315
32,169,39
32,184,356
32,194,291
33,1,181
33,6,95
33,8,57
33,13,314
33,14,265
33,15,169
33,17,171
33,20,32
33,21,239
33,22,381
33,24,222
33,27,380
33,31,351
33,32,86
33,34,34
33,38,225
33,39,77
33,46,152
33,49,348
33,50,213
33,52,183
33,55,22
33,56,147
33,57,162
33,58,155
33,79,337
33,81,183
33,82,176
33,91,59
33,93,350
33,96,159
33,97,200
33,101,338
33,102,203
33,105,400
33,108,203
33,109,78
33,110,393
33,112,63
33,115,146
33,116,252
33,123,267
33,139,208
33,142,88
33,144,199
33,153,284
33,171,373
33,176,331
33,198,133
33,200,338
34,3,154
34,5,315
34,7,232
34,8,300
34,10,314
34,18,231
34,21,50
34,24,165
34,25,162
34,26,293
34,27,340
34,33,34
34,35,389
34,36,342
34,41,354
34,43,387
34,61,270
34,63,76
34,66,330
34,69,113
34,71,82
34,77,337
34,83,349
34,107,6
34,111,289
34,118,344
34,121,219
34,127,255
34,153,20
34,167,218
34,178,277
35,1,399
35,2,305
35,6,53
35,9,391
35,10,39
35,12,169
35,15,299
35,16,77
35,19,185
35,21,77
35,25,251
35,31,302
35,32,51
35,34,389
35,37,96
35,39,346
35,40,197
35,41,322
35,47,26
35,50,285
35,52,261
35,56,301
35,68,288
35,69,132
35,70,381
35,74,362
35,75,13
35,78,367
35,86,24
35,87,157
35,92,261
35,94,134
35,96,330
35,100,30
35,110,79
35,120,365
35,146,50
35,154,141
35,159,200
35,165,125
35,178,364
36,1,362
36,3,261
36,7,77
36,9,109
36,12,281
36,15,349
36,18,380
36,21,400
36,22,110
36,24,325
36,26,249
36,34,342
36,37,252
36,39,274
36,45,169
36,46,362
36,49,211
36,51,198
36,54,83
36,57,247
36,58,123
36,59,364
36,66,51
36,97,293
36,99,312
36,102,214
36,103,212
36,108,342
36,111,302
36,112,389
36,113,334
36,119,185
36,128,248
36,141,54
36,166,122
36,180,181
36,191,118
36,194,113
37,1,261
37,3,101
37,6,173
37,8,91
37,9,346
37,16,27
37,18,391
37,23,256
37,24,386
37,26,275
37,30,180
37,31,75
37,35,96
37,36,252
37,40,314
37,42,125
37,43,270
37,44,134
37,57,201
37,61,178
37,62,173
37,71,266
37,78,367
37,80,166
37,82,219
37,83,229
37,87,15
37,88,331
37,89,358
37,93,393
37,111,280
37,128,247
37,133,214
37,139,283
37,142,121
37,143,195
37,147,244
37,165,366
37,167,154
37,178,374
37,181,24
37,189,4
37,191,33
38,3,85
38,5,263
38,7,60
38,8,253
38,9,183
38,14,75
38,15,103
38,16,137
38,19,122
38,22,185
38,29,326
38,30,206
38,32,205
38,33,225
38,39,282
38,42,306
38,43,261
38,47,90
38,49,43
38,52,24
38,53,315
38,54,301
38,56,231
38,57,223
38,58,53
38,59,111
38,60,265
38,68,371
38,71,59
38,77,387
38,84,273
38,87,200
38,90,56
38,93,258
38,101,287
38,104,256
38,116,304
38,122,164
38,123,112
38,138,58
38,146,27
38,147,182
38,156,49
38,157,53
38,163,201
38,170,308
38,177,132
38,179,82
38,198,95
39,2,254
39,3,308
39,4,255
39,5,66
39,15,301
39,21,239
39,24,127
39,28,180
39,33,77
39,35,346
39,36,274
39,38,282
39,40,2
39,41,306
39,43,101
39,47,225
39,55,301
39,56,268
39,67,302
39,69,352
39,71,138
39,82,49
39,105,365
39,112,350
39,134,172
39,157,194
39,162,212
39,175,252
39,184,299
39,188,220
39,190,286
39,196,71
40,5,374
40,6,324
40,7,84
40,13,137
40,14,143
40,16,12
40,22,81
40,24,324
40,26,395
40,27,25
40,31,98
40,35,197
40,37,314
40,39,2
40,42,268
40,43,112
40,48,219
40,50,380
40,57,366
40,70,115
40,78,341
40,79,106
40,81,119
40,88,160
40,91,295
40,93,52
40,111,162
40,120,1
40,130,153
40,168,59
40,171,40
40,179,397
40,187,228
40,198,8
41,5,84
41,8,286
41,9,227
41,13,366
41,15,227
41,16,319
41,17,107
41,23,149
41,25,355
41,28,330
41,29,132
41,30,357
41,34,354
41,35,322
41,39,306
41,42,213
41,44,76
41,49,233
41,51,180
41,60,198
41,68,140
41,71,282
41,72,57
41,74,169
41,76,299
41,77,329
41,78,186
41,91,62
41,92,148
41,96,36
41,101,219
41,108,108
41,112,45
41,118,39
41,128,204
41,141,251
41,152,341
41,156,250
41,170,92
41,172,162
41,173,278
41,180,278
41,189,169
42,5,256
42,7,289
42,9,186
42,11,169
42,12,96
42,14,225
42,15,242
42,21,163
42,22,257
42,30,250
42,37,125
42,38,306
42,40,268
42,41,213
42,49,215
42,51,377
42,57,347
42,58,258
42,64,373
42,68,146
42,87,278
42,97,235
42,98,149
42,101,16
42,102,156
42,105,254
42,118,104
42,135,376
42,140,353
42,144,109
42,155,235
42,160,305
42,161,280
42,166,348
42,173,343
42,175,270
42,178,88
42,186,96
43,3,40
43,5,188
43,9,299
43,16,127
43,17,389
43,20,398
43,21,144
43,23,163
43,30,144
43,34,387
43,37,270
43,38,261
43,39,101
43,40,112
43,44,118
43,45,60
43,47,33
43,51,391
43,60,158
43,61,102
43,66,347
43,69,101
43,73,334
43,74,271
43,82,378
43,85,247
43,87,346
43,88,38
43,89,199
43,91,221
43,98,263
43,99,325
43,100,49
43,105,128
43,134,34
43,135,396
43,140,38
43,153,210
43,154,188
43,157,131
43,198,339
43,200,353
44,9,52
44,10,183
44,13,357
44,14,13
44,18,357
44,19,341
44,21,238
44,26,169
44,29,193
44,30,370
44,37,134
44,41,76
44,43,118
44,45,124
44,55,251
44,58,163
44,64,54
44,66,29
44,67,57
44,75,75
44,78,152
44,83,28
44,86,366
44,88,70
44,103,189
44,109,132
44,121,57
44,127,63
44,132,101
44,135,231
44,138,142
44,146,267
44,148,40
44,163,324
44,174,60
44,181,251
45,3,150
45,4,272
45,5,227
45,7,249
45,10,210
45,12,215
45,13,259
45,19,386
45,20,304
45,21,111
45,30,182
45,36,169
45,43,60
45,44,124
45,47,120
45,52,213
45,53,188
45,54,6
45,59,144
45,60,82
45,63,334
45,68,360
45,79,129
45,80,351
45,81,61
45,92,367
45,100,145
45,104,247
45,107,301
45,128,395
45,130,219
45,145,311
45,147,313
45,149,173
45,151,371
45,172,2
45,182,372
45,184,31
45,186,304
45,195,57
46,4,155
46,7,284
46,12,46
46,14,370
46,17,288
46,18,341
46,19,119
46,20,83
46,24,248
46,25,34
46,28,378
46,29,171
46,33,152
46,36,362
46,47,36
46,49,285
46,53,28
46,58,201
46,59,362
46,61,339
46,65,163
46,73,382
46,74,203
46,76,280
46,85,317
46,104,255
46,113,300
46,126,32
46,141,326
46,153,141
46,154,375
46,155,122
46,159,188
46,162,273
46,200,58
47,9,258
47,11,32
47,14,59
47,15,338
47,19,249
47,20,102
47,21,279
47,22,300
47,35,26
47,38,90
47,39,225
47,43,33
47,45,120
47,46,36
47,50,68
47,55,169
47,63,362
47,65,267
47,71,218
47,73,56
47,74,94
47,77,137
47,80,294
47,82,74
47,83,314
47,84,75
47,90,205
47,99,67
47,100,374
47,109,341
47,112,168
47,124,222
47,125,220
47,135,289
47,152,297
47,170,297
47,188,367
47,196,212
48,2,154
48,9,236
48,12,341
48,19,325
48,25,193
48,26,20
48,27,105
48,28,98
48,29,249
48,31,171
48,40,219
48,49,337
48,50,370
48,53,309
48,58,237
48,59,393
48,60,70
48,68,72
48,80,262
48,107,9
48,110,384
48,123,145
48,144,62
48,147,24
48,153,326
48,159,133
48,184,198
49,2,279
49,3,21
49,4,13
49,9,241
49,13,252
49,16,382
49,18,345
49,24,215
49,32,338
49,33,348
49,36,211
49,38,43
49,41,233
49,42,215
49,46,285
49,48,337
49,50,140
49,55,12
49,67,29
49,72,227
49,80,109
49,85,394
49,89,260
49,98,305
49,101,129
49,110,359
49,117,215
49,119,2
49,121,26
49,146,111
49,147,257
49,149,262
49,157,75
49,165,238
49,187,6
49,198,250
50,6,162
50,7,247
50,8,119
50,11,98
50,14,32
50,21,398
50,29,246
50,33,213
50,35,285
50,40,380
50,47,68
50,48,370
50,49,140
50,54,173
50,56,130
50,63,167
50,64,56
50,65,90
50,66,248
50,69,296
50,74,109
50,90,304
50,95,229
50,104,38
50,114,220
50,136,312
50,148,382
50,176,395
50,185,165
50,198,69
51,2,271
51,9,241
51,15,103
51,17,84
51,19,139
51,21,348
51,22,52
51,24,213
51,25,365
51,26,183
51,30,261
51,36,198
51,41,180
51,42,377
51,43,391
51,52,7
51,55,369
51,56,383
51,59,132
51,62,261
51,63,350
51,79,18
51,82,91
51,85,23
51,89,183
51,103,99
51,107,377
51,111,214
51,115,390
51,131,122
51,143,133
51,168,148
51,169,126
51,188,348
52,1,264
52,5,321
52,6,235
52,8,31
52,9,41
52,12,138
52,16,189
52,21,82
52,29,295
52,31,300
52,33,183
52,35,261
52,38,24
52,45,213
52,51,7
52,54,66
52,55,132
52,57,156
52,63,188
52,64,99
52,65,332
52,66,273
52,68,195
52,72,89
52,78,393
52,93,361
52,101,383
52,102,203
52,104,372
52,117,113
52,120,41
52,125,138
52,130,143
52,134,25
52,153,124
52,174,16
52,190,326
52,195,179
53,16,44
53,21,153
53,22,130
53,23,382
53,24,391
53,25,198
53,26,337
53,27,58
53,29,256
53,30,102
53,38,315
53,45,188
53,46,28
53,48,309
53,56,199
53,60,57
53,64,385
53,66,53
53,81,380
53,85,272
53,87,33
53,89,221
53,95,328
53,99,50
53,123,182
53,127,307
53,133,219
53,135,394
53,151,375
53,152,282
53,157,110
53,185,110
53,191,5
53,192,296
54,1,347
54,4,192
54,7,54
54,10,308
54,12,152
54,15,170
54,18,54
54,24,36
54,27,26
54,36,83
54,38,301
54,45,6
54,50,173
54,52,66
54,56,261
54,60,224
54,61,321
54,67,204
54,69,218
54,70,365
54,75,126
54,77,186
54,79,274
54,80,223
54,83,85
54,85,225
54,89,374
54,90,325
54,92,31
54,98,278
54,104,286
54,118,25
54,137,42
54,140,206
54,151,79
54,153,243
54,163,183
54,171,213
54,177,18
55,1,97
55,4,132
55,9,331
55,14,275
55,16,225
55,17,400
55,18,9
55,25,130
55,31,19
55,33,22
55,39,301
55,44,251
55,47,169
55,49,12
55,51,369
55,52,132
55,60,194
55,61,93
55,62,230
55,66,30
55,69,76
55,73,160
55,80,198
55,91,398
55,94,302
55,97,280
55,109,249
55,121,33
55,133,121
55,135,275
55,136,83
55,140,88
55,146,314
55,151,186
55,157,256
55,161,292
55,178,264
56,1,263
56,8,120
56,9,388
56,14,179
56,17,116
56,18,143
56,21,195
56,23,58
56,29,240
56,33,147
56,35,301
56,38,231
56,39,268
56,50,130
56,51,383
56,53,199
56,54,261
56,59,262
56,63,308
56,67,346
56,74,15
56,75,341
56,81,324
56,84,138
56,85,179
56,87,48
56,92,275
56,98,251
56,100,346
56,103,309
56,106,247
56,107,88
56,108,259
56,129,79
56,154,341
56,158,380
56,169,74
57,3,166
57,5,64
57,6,321
57,9,340
57,11,284
57,12,315
57,16,394
57,20,239
57,24,101
57,26,6
57,33,162
57,36,247
57,37,201
57,38,223
57,40,366
57,42,347
57,52,156
57,70,59
57,73,244
57,76,111
57,79,64
57,84,242
57,89,210
57,94,119
57,131,226
57,137,141
57,144,120
57,146,149
57,148,129
57,162,166
57,168,138
57,169,183
57,182,172
58,3,337
58,7,203
58,9,376
58,10,351
58,15,19
58,33,155
58,36,123
58,38,53
58,42,258
58,44,163
58,46,201
58,48,237
58,64,92
58,71,330
58,76,136
58,80,124
58,85,11
58,89,303
58,90,280
58,94,199
58,96,2
58,102,337
58,112,350
58,113,41
58,132,178
58,143,273
58,152,3
58,198,78
59,1,121
59,2,289
59,10,212
59,11,268
59,16,380
59,22,147
59,25,124
59,27,49
59,31,165
59,36,364
59,38,111
59,45,144
59,46,362
59,48,393
59,51,132
59,56,262
59,67,96
59,69,188
59,70,142
59,72,202
59,74,345
59,75,111
59,76,228
59,80,309
59,85,364
59,87,97
59,95,65
59,114,132
59,127,89
59,145,226
59,150,294
59,154,12
59,171,38
59,173,221
59,180,312
60,3,298
60,4,353
60,10,378
60,12,230
60,21,135
60,24,9
60,31,208
60,32,350
60,38,265
60,41,198
60,43,158
60,45,82
60,48,70
60,53,57
60,54,224
60,55,194
60,79,317
60,87,163
60,95,274
60,98,195
60,103,274
60,105,371
60,150,253
60,163,119
60,164,341
60,165,53
60,170,163
60,171,322
60,190,91
61,1,45
61,7,23
61,8,86
61,12,48
61,20,180
61,23,387
61,24,88
61,34,270
61,37,178
61,43,102
61,46,339
61,54,321
61,55,93
61,62,257
61,68,81
61,71,110
61,73,167
61,77,138
61,78,232
61,88,128
61,90,147
61,98,79
61,99,235
61,100,10
61,101,292
61,108,188
61,110,358
61,112,330
61,113,387
61,114,90
61,128,86
61,134,328
61,176,13
62,3,282
62,4,155
62,5,267
62,11,40
62,13,384
62,21,209
62,24,70
62,28,317
62,30,385
62,32,307
62,37,173
62,51,261
62,55,230
62,61,257
62,72,198
62,76,328
62,79,108
62,81,290
62,82,109
62,83,92
62,84,389
62,89,280
62,91,361
62,92,284
62,99,285
62,100,155
62,108,277
62,109,62
62,110,183
62,115,60
62,116,195
62,119,26
62,124,124
62,146,88
62,170,380
62,184,180
62,193,228
62,195,388
63,5,119
63,10,286
63,11,268
63,17,226
63,19,272
63,28,119
63,29,320
63,30,362
63,34,76
63,45,334
63,47,362
63,50,167
63,51,350
63,52,188
63,56,308
63,67,207
63,68,150
63,71,100
63,74,115
63,87,201
63,91,289
63,92,114
63,99,143
63,135,225
63,144,35
63,148,327
63,150,84
63,152,316
63,174,115
63,186,383
63,198,96
64,4,347
64,11,74
64,13,109
64,16,125
64,21,30
64,22,199
64,25,138
64,29,18
64,32,63
64,42,373
64,44,54
64,50,56
64,52,99
64,53,385
64,58,92
64,65,397
64,66,50
64,70,273
64,79,48
64,81,187
64,83,262
64,90,377
64,98,39
64,107,154
64,115,20
64,119,41
64,132,294
64,141,51
64,149,251
64,151,160
64,186,243
64,193,323
64,197,398
65,3,14
65,6,23
65,15,141
65,18,314
65,19,305
65,20,332
65,24,59
65,25,348
65,26,239
65,29,371
65,46,163
65,47,267
65,50,90
65,52,332
65,64,397
65,69,61
65,77,58
65,79,15
65,83,154
65,94,85
65,95,189
65,102,72
65,114,141
65,115,311
65,116,83
65,129,252
65,134,34
65,136,108
65,140,79
65,155,188
65,158,207
65,164,5
65,166,9
65,172,275
65,185,153
66,4,138
66,6,71
66,14,194
66,26,361
66,34,330
66,36,51
66,43,347
66,44,29
66,50,248
66,52,273
66,53,53
66,55,30
66,64,50
66,68,75
66,69,266
66,70,326
66,74,150
66,82,146
66,86,366
66,92,49
66,98,348
66,106,209
66,115,148
66,123,366
66,126,188
66,145,328
66,154,391
66,157,252
66,175,131
66,180,267
66,184,276
66,189,62
66,192,167
67,3,349
67,4,125
67,7,367
67,8,51
67,12,33
67,23,261
67,26,377
67,28,242
67,31,356
67,39,302
67,44,57
67,49,29
67,54,204
67,56,346
67,59,96
67,63,207
67,70,169
67,76,346
67,87,351
67,93,377
67,96,173
67,105,73
67,113,19
67,121,346
67,122,49
67,124,240
67,125,328
67,139,368
67,142,102
67,168,341
67,171,326
67,182,29
67,190,294
67,196,155
68,4,293
68,13,30
68,20,309
68,22,34
68,23,102
68,35,288
68,38,371
68,41,140
68,42,146
68,45,360
68,48,72
68,52,195
68,61,81
68,63,150
68,66,75
68,78,369
68,84,246
68,96,70
68,99,210
68,104,326
68,109,301
68,113,201
68,117,94
68,125,168
68,129,36
68,141,35
68,143,44
68,151,42
68,163,233
68,181,7
68,187,226
68,188,203
68,189,193
69,1,66
69,7,249
69,8,371
69,9,33
69,32,278
69,34,113
69,35,132
69,39,352
69,43,101
69,50,296
69,54,218
69,55,76
69,59,188
69,65,61
69,66,266
69,72,303
69,77,235
69,82,236
69,85,293
69,88,146
69,101,241
69,111,10
69,115,135
69,120,189
69,131,296
69,143,338
69,161,100
69,166,165
69,176,191
69,177,151
69,179,90
70,10,373
70,17,372
70,22,127
70,23,70
70,26,102
70,28,352
70,30,155
70,32,110
70,35,381
70,40,115
70,54,365
70,57,59
70,59,142
70,64,273
70,66,326
70,67,169
70,83,124
70,86,160
70,89,1
70,106,14
70,109,257
70,113,374
70,141,189
70,145,129
70,150,344
70,151,132
70,163,346
70,178,173
70,181,147
70,197,93
71,8,37
71,11,369
71,12,90
71,16,2
71,19,392
71,29,399
71,32,72
71,34,82
71,37,266
71,38,59
71,39,138
71,41,282
71,47,218
71,58,330
71,61,110
71,63,100
71,90,224
71,96,66
71,106,127
71,108,94
71,109,371
71,111,130
71,112,217
71,113,255
71,116,96
71,144,160
71,158,270
72,3,67
72,10,388
72,12,37
72,17,144
72,18,217
72,19,110
72,24,229
72,31,175
72,32,299
72,41,57
72,49,227
72,52,89
72,59,202
72,62,198
72,69,303
72,73,391
72,76,144
72,83,9
72,85,165
72,89,394
72,95,371
72,96,142
72,97,18
72,101,231
72,117,117
72,130,303
72,140,70
72,150,365
72,168,305
72,172,374
72,173,338
72,175,378
72,185,323
73,5,353
73,10,69
73,12,247
73,13,82
73,14,152
73,25,243
73,26,356
73,30,167
73,43,334
73,46,382
73,47,56
73,55,160
73,57,244
73,61,167
73,72,391
73,75,114
73,79,99
73,93,260
73,95,179
73,104,184
73,110,64
73,115,379
73,118,270
73,122,195
73,160,322
73,167,381
73,175,180
73,189,225
73,197,346
74,1,243
74,2,78
74,8,306
74,23,295
74,28,357
74,32,52
74,35,362
74,41,169
74,43,271
74,46,203
74,47,94
74,50,109
74,56,15
74,59,345
74,63,115
74,66,150
74,81,80
74,88,106
74,91,104
74,106,42
74,112,13
74,119,46
74,120,96
74,121,336
74,126,190
74,128,65
74,130,393
74,135,280
74,138,89
74,139,283
74,151,374
74,153,279
74,194,195
74,196,282
75,1,365
75,4,360
75,9,11
75,10,2
75,13,51
75,16,20
75,18,165
75,22,74
75,25,276
75,28,24
75,35,13
75,44,75
75,54,126
75,56,341
75,59,111
75,73,114
75,76,104
75,78,65
75,80,106
75,82,341
75,83,154
75,84,364
75,88,248
75,92,19
75,97,73
75,105,330
75,108,103
75,114,272
75,122,201
75,144,119
75,145,60
75,147,187
75,157,245
75,160,201
75,178,141
75,179,214
75,186,100
75,191,277
75,192,170
76,3,65
76,4,48
76,5,389
76,9,251
76,13,298
76,16,359
76,22,301
76,32,108
76,41,299
76,46,280
76,57,111
76,58,136
76,59,228
76,62,328
76,67,346
76,72,144
76,75,104
76,81,327
76,82,49
76,83,40
76,93,180
76,107,166
76,121,25
76,123,177
76,130,7
76,141,169
76,144,115
76,152,195
76,158,149
76,164,382
76,177,169
76,189,179
76,192,20
76,195,95
76,200,50
77,7,386
77,8,93
77,15,7
77,16,251
77,19,283
77,25,286
77,26,356
77,28,106
77,31,357
77,34,337
77,38,387
77,41,329
77,47,137
77,54,186
77,61,138
77,65,58
77,69,235
77,86,62
77,101,337
77,105,47
77,106,249
77,110,50
77,114,28
77,115,3
77,127,31
77,128,120
77,132,351
77,140,161
77,156,378
78,5,40
78,13,378
78,14,1
78,16,123
78,25,53
78,27,268
78,31,315
78,32,111
78,35,367
78,37,367
78,40,341
78,41,186
78,44,152
78,52,393
78,61,232
78,68,369
78,75,65
78,82,227
78,84,213
78,85,80
78,89,280
78,91,267
78,94,145
78,97,267
78,98,208
78,101,165
78,102,165
78,103,109
78,104,242
78,110,149
78,112,141
78,114,288
78,123,296
78,127,55
78,133,387
78,135,134
78,139,207
78,167,368
78,171,264
78,172,203
78,183,123
78,195,117
78,198,301
79,11,33
79,12,336
79,16,295
79,23,178
79,29,41
79,33,337
79,40,106
79,45,129
79,51,18
79,54,274
79,57,64
79,60,317
79,62,108
79,64,48
79,65,15
79,73,99
79,85,336
79,97,190
79,102,376
79,116,132
79,118,259
79,125,210
79,129,172
79,136,144
79,154,378
79,162,301
79,169,79
79,185,347
79,194,301
80,2,36
80,7,331
80,11,215
80,19,55
80,24,153
80,32,216
80,37,166
80,45,351
80,47,294
80,48,262
80,49,109
80,54,223
80,55,198
80,58,124
80,59,309
80,75,106
80,81,22
80,95,381
80,96,269
80,111,7
80,112,166
80,117,296
80,120,338
80,131,336
80,134,89
80,153,156
80,154,318
80,166,247
80,171,302
80,173,163
80,181,136
80,194,239
80,196,9
81,5,327
81,9,48
81,10,117
81,16,54
81,19,212
81,25,318
81,33,183
81,40,119
81,45,61
81,53,380
81,56,324
81,62,290
81,64,187
81,74,80
81,76,327
81,80,22
81,82,188
81,86,293
81,101,93
81,102,130
81,107,357
81,109,358
81,116,135
81,118,48
81,122,68
81,145,289
81,148,122
81,149,212
81,153,204
81,154,34
81,160,146
81,183,272
82,6,340
82,13,28
82,16,287
82,18,284
82,33,176
82,37,219
82,39,49
82,43,378
82,47,74
82,51,91
82,62,109
82,66,146
82,69,236
82,75,341
82,76,49
82,78,227
82,81,188
82,89,115
82,93,65
82,96,316
82,98,345
82,100,315
82,108,135
82,113,210
82,122,302
82,133,334
82,136,218
82,138,273
82,140,42
82,164,265
82,169,336
83,8,22
83,15,193
83,19,340
83,21,191
83,22,80
83,34,349
83,37,229
83,44,28
83,47,314
83,54,85
83,62,92
83,64,262
83,65,154
83,70,124
83,72,9
83,75,154
83,76,40
83,88,172
83,94,330
83,97,359
83,104,250
83,114,183
83,117,215
83,119,105
83,120,276
83,137,253
83,138,292
83,140,12
83,142,181
83,159,196
83,167,108
84,6,137
84,7,109
84,13,24
84,14,229
84,17,164
84,26,161
84,27,286
84,29,172
84,38,273
84,47,75
84,56,138
84,57,242
84,62,389
84,68,246
84,75,364
84,78,213
84,85,188
84,90,116
84,105,186
84,111,75
84,123,106
84,127,131
84,131,185
84,140,320
84,145,195
84,155,189
84,172,267
84,179,309
84,186,322
84,192,269
85,18,281
85,19,397
85,43,247
85,46,317
85,49,394
85,51,23
85,53,272
85,54,225
85,56,179
85,58,11
85,59,364
85,69,293
85,72,165
85,78,80
85,79,336
85,84,188
85,87,172
85,90,122
85,107,141
85,120,104
85,128,143
85,132,6
85,139,59
85,144,143
85,148,367
85,155,3
85,163,168
85,171,390
85,191,308
86,1,139
86,2,342
86,3,188
86,6,215
86,9,98
86,13,118
86,19,243
86,30,195
86,35,24
86,44,366
86,66,366
86,70,160
86,77,62
86,81,293
86,110,305
86,125,208
86,127,314
86,130,63
86,131,3
86,136,221
86,141,170
86,157,60
86,186,160
86,187,195
86,198,395
86,199,328
87,4,173
87,15,126
87,18,316
87,28,205
87,35,157
87,37,15
87,38,200
87,42,278
87,43,346
87,53,33
87,56,48
87,59,97
87,60,163
87,63,201
87,67,351
87,85,172
87,93,266
87,94,168
87,100,138
87,115,76
87,116,365
87,130,134
87,144,274
87,145,255
87,149,29
87,176,189
87,183,396
88,5,141
88,8,44
88,12,159
88,24,392
88,37,331
88,40,160
88,43,38
88,44,70
88,61,128
88,69,146
88,74,106
88,75,248
88,83,172
88,93,69
88,99,314
88,102,225
88,105,362
88,129,297
88,155,325
88,157,244
88,158,93
88,160,215
88,189,52
89,14,87
89,16,73
89,24,132
89,37,358
89,43,199
89,49,260
89,51,183
89,53,221
89,54,374
89,57,210
89,58,303
89,62,280
89,70,1
89,72,394
89,78,280
89,82,115
89,94,225
89,96,52
89,107,104
89,119,86
89,120,279
89,123,347
89,132,23
89,150,398
89,153,114
89,172,203
89,174,141
89,188,39
90,1,163
90,11,8
90,19,265
90,29,266
90,38,56
90,47,205
90,50,304
90,54,325
90,58,280
90,61,147
90,64,377
90,71,224
90,84,116
90,85,122
90,96,173
90,121,146
90,145,337
90,159,288
90,166,75
90,175,383
90,182,278
90,188,164
90,189,258
90,196,310
91,2,56
91,3,208
91,10,224
91,20,397
91,22,382
91,24,242
91,26,212
91,29,235
91,33,59
91,40,295
91,41,62
91,43,221
91,55,398
91,62,361
91,63,289
91,74,104
91,78,267
91,106,137
91,117,269
91,121,256
91,136,199
91,142,117
91,146,186
91,157,296
91,163,276
91,167,382
91,176,317
92,9,353
92,11,288
92,12,120
92,13,67
92,14,243
92,18,341
92,22,211
92,35,261
92,41,148
92,45,367
92,54,31
92,56,275
92,62,284
92,63,114
92,66,49
92,75,19
92,93,107
92,94,268
92,95,139
92,99,357
92,130,207
92,138,165
92,164,390
92,167,289
92,183,29
92,190,317
92,191,50
93,5,355
93,14,133
93,16,296
93,33,350
93,37,393
93,38,258
93,40,52
93,52,361
93,67,377
93,73,260
93,76,180
93,82,65
93,87,266
93,88,69
93,92,107
93,94,237
93,100,151
93,110,157
93,113,343
93,119,269
93,120,23
93,124,164
93,128,314
93,135,107
93,137,216
93,155,267
93,156,346
93,161,30
93,168,170
93,182,395
94,2,324
94,15,178
94,18,55
94,20,247
94,31,357
94,35,134
94,55,302
94,57,119
94,58,199
94,65,85
94,78,145
94,83,330
94,87,168
94,89,225
94,92,268
94,93,237
94,97,309
94,102,43
94,105,204
94,106,265
94,109,9
94,123,108
94,138,44
94,145,352
94,150,333
94,152,393
94,162,253
94,167,246
94,200,310
95,2,283
95,21,262
95,27,365
95,28,284
95,31,302
95,50,229
95,53,328
95,59,65
95,60,274
95,65,189
95,72,371
95,73,179
95,80,381
95,92,139
95,96,262
95,103,376
95,106,45
95,113,264
95,124,337
95,131,152
95,146,213
95,147,337
95,150,149
95,169,83
95,199,131
96,8,80
96,20,14
96,24,292
96,33,159
96,35,330
96,41,36
96,58,2
96,67,173
96,68,70
96,71,66
96,72,142
96,80,269
96,82,316
96,89,52
96,90,173
96,95,262
96,97,290
96,109,146
96,110,322
96,113,74
96,114,289
96,115,91
96,129,46
96,133,232
96,136,281
96,145,140
96,149,274
96,175,319
96,185,273
96,186,359
96,196,82
96,200,183
97,2,148
97,8,385
97,20,63
97,26,235
97,28,88
97,33,200
97,36,293
97,42,235
97,55,280
97,72,18
97,75,73
97,78,267
97,79,190
97,83,359
97,94,309
97,96,290
97,102,186
97,103,157
97,124,110
97,129,229
97,155,260
97,167,3
97,175,270
97,176,238
97,179,171
98,15,60
98,20,303
98,23,153
98,25,296
98,42,149
98,43,263
98,49,305
98,54,278
98,56,251
98,60,195
98,61,79
98,64,39
98,66,348
98,78,208
98,82,345
98,99,164
98,116,89
98,119,104
98,128,186
98,135,99
98,137,336
98,138,220
98,149,252
98,150,134
98,158,72
98,163,263
98,179,218
98,189,112
98,192,128
98,195,163
98,197,343
99,1,20
99,3,210
99,6,167
99,10,200
99,11,99
99,20,395
99,36,312
99,43,325
99,47,67
99,53,50
99,61,235
99,62,285
99,63,143
99,68,210
99,88,314
99,92,357
99,98,164
99,106,270
99,116,311
99,121,208
99,124,269
99,127,66
99,136,40
99,139,59
99,142,351
99,176,379
99,185,93
99,187,2
99,188,8
99,195,172
100,2,74
100,11,321
100,14,335
100,25,6
100,26,150
100,27,169
100,35,30
100,43,49
100,45,145
100,47,374
100,56,346
100,61,10
100,62,155
100,82,315
100,87,138
100,93,151
100,101,368
100,106,41
100,110,290
100,112,95
100,122,194
100,132,381
100,157,124
100,172,181
100,197,244
101,3,5
101,4,22
101,21,358
101,33,338
101,38,287
101,41,219
101,42,16
101,49,129
101,52,383
101,61,292
101,69,241
101,72,231
101,77,337
101,78,165
101,81,93
101,100,368
101,117,297
101,122,231
101,128,278
101,138,376
101,139,270
101,152,226
101,164,399
101,181,271
101,183,306
101,197,53
102,27,188
102,30,205
102,33,203
102,36,214
102,42,156
102,52,203
102,58,337
102,65,72
102,78,165
102,79,376
102,81,130
102,88,225
102,94,43
102,97,186
102,109,159
102,126,16
102,147,76
102,156,263
102,158,165
102,165,36
102,169,77
102,170,31
102,200,153
103,4,276
103,5,96
103,12,255
103,16,145
103,19,9
103,20,135
103,23,284
103,26,245
103,36,212
103,44,189
103,51,99
103,56,309
103,60,274
103,78,109
103,95,376
103,97,157
103,109,388
103,113,93
103,117,392
103,120,201
103,121,166
103,126,354
103,129,145
103,132,265
103,134,143
103,137,170
103,150,271
103,156,224
103,199,200
104,7,312
104,26,225
104,28,184
104,29,168
104,31,134
104,38,256
104,45,247
104,46,255
104,50,38
104,52,372
104,54,286
104,68,326
104,73,184
104,78,242
104,83,250
104,105,307
104,108,296
104,115,237
104,131,295
104,156,122
104,159,162
104,164,394
104,169,149
104,171,74
104,175,36
104,179,283
104,182,196
104,184,311
104,194,166
105,7,96
105,8,322
105,14,65
105,22,365
105,33,400
105,39,365
105,42,254
105,43,128
105,60,371
105,67,73
105,75,330
105,77,47
105,84,186
105,88,362
105,94,204
105,104,307
105,108,124
105,120,310
105,137,392
105,158,210
105,187,390
105,191,318
105,192,258
105,195,12
106,4,235
106,12,201
106,29,218
106,56,247
106,66,209
106,70,14
106,71,127
106,74,42
106,77,249
106,91,137
106,94,265
106,95,45
106,99,270
106,100,41
106,107,364
106,113,12
106,116,172
106,117,255
106,122,391
106,123,245
106,124,229
106,138,363
106,144,115
106,147,36
106,148,394
106,154,276
106,156,216
106,158,150
106,163,288
106,164,56
106,170,40
106,172,193
106,178,317
106,188,244
107,13,65
107,17,254
107,21,228
107,34,6
107,45,301
107,48,9
107,51,377
107,56,88
107,64,154
107,76,166
107,81,357
107,85,141
107,89,104
107,106,364
107,108,214
107,110,57
107,111,40
107,112,262
107,114,298
107,118,272
107,129,259
107,133,358
107,137,111
107,143,286
107,151,19
107,152,98
107,155,131
107,168,79
107,172,129
107,183,313
108,3,103
108,13,138
108,23,69
108,28,172
108,31,352
108,33,203
108,36,342
108,41,108
108,56,259
108,61,188
108,62,277
108,71,94
108,75,103
108,82,135
108,104,296
108,105,124
108,107,214
108,111,342
108,124,292
108,129,39
108,133,345
108,136,106
108,161,233
108,189,259
109,1,350
109,6,166
109,20,191
109,21,50
109,33,78
109,44,132
109,47,341
109,55,249
109,62,62
109,68,301
109,70,257
109,71,371
109,81,358
109,94,9
109,96,146
109,102,159
109,103,388
109,115,37
109,136,2
109,150,322
109,152,62
109,172,155
109,194,206
110,9,276
110,12,350
110,19,359
110,33,393
110,35,79
110,48,384
110,49,359
110,61,358
110,62,183
110,73,64
110,77,50
110,78,149
110,86,305
110,93,157
110,96,322
110,100,290
110,107,57
110,114,20
110,117,222
110,140,24
110,156,164
110,170,337
110,175,35
110,179,263
111,7,99
111,14,56
111,20,310
111,21,181
111,24,312
111,27,110
111,34,289
111,36,302
111,37,280
111,40,162
111,51,214
111,69,10
111,71,130
111,80,7
111,84,75
111,107,40
111,108,342
111,115,37
111,118,59
111,142,125
111,148,123
111,149,250
111,153,287
111,159,120
111,174,296
111,180,176
111,182,267
111,191,22
111,199,276
112,5,346
112,14,343
112,31,129
112,33,63
112,36,389
112,39,350
112,41,45
112,47,168
112,58,350
112,61,330
112,71,217
112,74,13
112,78,141
112,80,166
112,100,95
112,107,262
112,114,171
