source,target,weight
1,2,21
1,3,72
1,4,391
1,5,121
1,6,212
1,7,130
1,8,174
1,9,296
1,10,74
1,11,361
1,12,205
1,13,361
1,15,331
1,16,107
1,19,45
1,20,30
1,21,211
1,23,114
1,25,295
1,27,293
1,28,369
1,29,130
1,30,338
1,34,385
1,35,305
1,36,338
1,37,194
1,39,106
1,40,218
1,41,118
1,42,391
1,43,352
1,45,116
1,46,105
1,47,9
1,50,349
1,53,216
1,55,382
1,59,175
1,62,1
1,66,88
1,68,367
1,69,128
1,73,78
1,75,183
1,78,1
1,81,164
1,84,356
1,93,341
1,94,276
1,119,237
1,126,354
1,140,173
1,141,354
1,153,353
1,156,42
1,157,258
1,165,182
1,179,73
1,182,231
1,183,4
1,187,181
1,188,199
1,194,296
1,197,197
1,200,16
2,1,21
2,3,190
2,4,271
2,5,173
2,6,323
2,7,123
2,8,127
2,10,48
2,11,387
2,12,185
2,13,346
2,14,332
2,15,309
2,18,57
2,21,257
2,23,380
2,24,362
2,25,262
2,26,316
2,27,129
2,29,4
2,31,254
2,32,244
2,33,149
2,34,191
2,35,223
2,38,360
2,39,386
2,40,363
2,42,138
2,43,22
2,44,327
2,47,347
2,48,353
2,50,78
2,52,226
2,53,371
2,54,198
2,57,290
2,59,311
2,60,96
2,61,281
2,62,249
2,63,281
2,64,246
2,66,147
2,73,44
2,74,9
2,76,70
2,77,11
2,78,26
2,79,233
2,82,79
2,85,73
2,90,222
2,91,14
2,94,54
2,95,236
2,98,380
2,99,171
2,101,274
2,103,95
2,104,116
2,106,358
2,107,87
2,108,340
2,109,281
2,111,14
2,112,397
2,113,164
2,114,265
2,115,285
2,119,30
2,127,207
2,128,223
2,130,156
2,132,209
2,145,199
2,147,177
2,148,394
2,149,310
2,156,177
2,158,281
2,166,69
2,171,112
2,176,351
2,177,330
2,194,25
2,197,383
2,199,222
3,1,72
3,2,190
3,4,47
3,5,295
3,6,87
3,9,84
3,10,16
3,11,366
3,12,201
3,16,311
3,17,205
3,20,155
3,21,343
3,22,183
3,24,215
3,25,107
3,26,35
3,28,164
3,29,321
3,30,22
3,32,343
3,35,281
3,36,56
3,40,106
3,41,111
3,42,270
3,46,181
3,47,172
3,50,20
3,52,54
3,53,289
3,55,247
3,58,368
3,59,358
3,61,130
3,63,77
3,64,355
3,65,238
3,67,349
3,70,400
3,74,334
3,77,149
3,79,90
3,84,190
3,85,13
3,87,88
3,88,38
3,92,393
3,93,230
3,94,130
3,95,289
3,97,251
3,105,234
3,108,292
3,113,397
3,118,172
3,120,337
3,122,332
3,123,313
3,132,143
3,133,333
3,134,368
3,135,304
3,138,144
3,139,248
3,142,124
3,146,49
3,150,156
3,151,363
3,157,310
3,164,95
3,165,395
3,166,326
3,168,230
3,181,377
3,184,168
3,189,285
3,194,354
3,195,234
3,199,122
4,1,391
4,2,271
4,3,47
4,5,119
4,6,355
4,10,19
4,11,165
4,13,106
4,14,4
4,16,40
4,17,312
4,19,369
4,20,231
4,22,352
4,23,350
4,25,136
4,26,391
4,28,355
4,29,37
4,32,203
4,34,227
4,35,380
4,37,322
4,38,299
4,39,231
4,40,272
4,44,293
4,48,341
4,49,17
4,50,8
4,54,266
4,55,361
4,56,239
4,59,104
4,60,42
4,62,306
4,63,208
4,65,54
4,68,204
4,70,277
4,71,61
4,73,11
4,74,312
4,78,238
4,80,366
4,82,40
4,83,170
4,86,237
4,89,334
4,91,158
4,92,353
4,96,69
4,101,302
4,104,160
4,105,393
4,107,365
4,111,321
4,114,17
4,115,85
4,116,77
4,118,25
4,119,299
4,132,7
4,133,106
4,134,394
4,143,98
4,145,280
4,146,284
4,148,332
4,149,239
4,150,110
4,157,130
4,159,21
4,167,126
4,170,318
4,178,253
4,182,391
4,187,322
4,192,396
4,194,136
4,195,299
4,197,202
4,199,237
4,200,275
5,1,121
5,2,173
5,3,295
5,4,119
5,8,138
5,9,79
5,10,306
5,11,365
5,13,334
5,15,260
5,16,396
5,17,117
5,18,102
5,21,89
5,22,365
5,23,194
5,25,170
5,27,399
5,32,101
5,33,389
5,36,56
5,38,303
5,39,188
5,43,20
5,46,277
5,47,191
5,48,18
5,49,309
5,51,74
5,52,46
5,53,289
5,55,329
5,57,381
5,59,104
5,60,291
5,62,154
5,63,61
5,67,293
5,69,228
5,70,327
5,71,9
5,74,397
5,75,22
5,77,9
5,78,155
5,82,121
5,83,8
5,86,367
5,92,242
5,94,344
5,96,176
5,104,257
5,105,212
5,106,251
5,108,293
5,109,121
5,114,3
5,117,238
5,122,155
5,123,154
5,129,298
5,132,87
5,137,253
5,140,112
5,141,392
5,144,374
5,145,97
5,147,279
5,149,31
5,159,234
5,167,273
5,171,185
5,173,284
5,184,123
5,185,163
5,188,3
5,195,235
5,196,257
6,1,212
6,2,323
6,3,87
6,4,355
6,7,316
6,8,247
6,10,193
6,11,150
6,12,214
6,15,62
6,16,80
6,19,95
6,20,64
6,22,198
6,23,354
6,24,328
6,25,174
6,27,209
6,28,250
6,29,338
6,30,351
6,31,376
6,32,302
6,34,64
6,35,227
6,36,258
6,37,12
6,38,384
6,39,154
6,43,239
6,44,207
6,46,352
6,47,10
6,48,253
6,52,318
6,53,159
6,56,368
6,57,214
6,62,68
6,63,38
6,64,325
6,67,291
6,68,343
6,69,87
6,75,296
6,76,308
6,78,301
6,80,65
6,81,6
6,85,289
6,86,152
6,87,270
6,103,353
6,104,17
6,105,112
6,113,18
6,116,70
6,117,62
6,119,90
6,125,146
6,127,285
6,128,33
6,130,212
6,133,159
6,136,124
6,145,85
6,146,15
6,147,243
6,149,340
6,151,88
6,156,218
6,158,8
6,159,74
6,160,219
6,164,272
6,191,133
6,198,239
7,1,130
7,2,123
7,6,316
7,8,120
7,9,318
7,11,377
7,12,153
7,13,274
7,14,356
7,15,47
7,17,348
7,18,318
7,19,240
7,20,185
7,21,39
7,22,138
7,23,71
7,25,352
7,26,101
7,28,244
7,29,290
7,30,315
7,31,376
7,32,372
7,33,395
7,34,310
7,36,63
7,40,107
7,41,372
7,44,116
7,45,335
7,46,30
7,47,15
7,49,123
7,52,153
7,55,194
7,56,375
7,58,177
7,59,292
7,60,105
7,61,106
7,62,108
7,65,330
7,66,205
7,69,373
7,70,179
7,74,241
7,75,315
7,77,337
7,81,160
7,84,307
7,87,267
7,88,394
7,92,61
7,95,347
7,96,231
7,100,342
7,103,91
7,109,189
7,113,140
7,114,161
7,115,43
7,117,197
7,121,184
7,122,196
7,126,225
7,137,119
7,140,364
7,142,362
7,144,45
7,146,74
7,149,92
7,155,275
7,158,239
7,161,222
7,166,108
7,168,190
7,182,201
7,183,354
7,190,135
7,191,321
7,197,129
8,1,174
8,2,127
8,5,138
8,6,247
8,7,120
8,9,102
8,10,195
8,12,264
8,13,301
8,14,109
8,16,41
8,19,122
8,23,381
8,24,357
8,25,310
8,27,140
8,28,136
8,29,373
8,30,131
8,31,40
8,32,193
8,33,175
8,34,9
8,35,222
8,36,263
8,37,77
8,38,270
8,39,206
8,40,283
8,41,291
8,42,87
8,44,69
8,46,243
8,47,349
8,48,122
8,49,397
8,51,6
8,52,346
8,53,120
8,54,295
8,56,174
8,58,138
8,59,118
8,61,19
8,63,208
8,64,282
8,65,250
8,66,110
8,67,364
8,68,400
8,69,49
8,73,240
8,75,209
8,77,379
8,78,87
8,80,303
8,81,261
8,82,147
8,83,149
8,84,77
8,86,95
8,89,46
8,97,226
8,98,221
8,102,62
8,103,350
8,106,383
8,109,134
8,115,73
8,119,250
8,120,140
8,123,359
8,124,134
8,125,39
8,126,70
8,127,83
8,128,293
8,129,319
8,130,71
8,133,281
8,143,63
8,144,195
8,145,173
8,153,295
8,156,199
8,159,120
8,164,281
8,165,214
8,170,29
8,171,393
8,174,134
8,179,63
8,182,221
8,183,79
8,186,118
8,188,357
8,193,373
8,194,289
9,1,296
9,3,84
9,5,79
9,7,318
9,8,102
9,10,25
9,11,162
9,12,4
9,13,165
9,14,364
9,16,33
9,17,209
9,18,209
9,19,361
9,20,290
9,21,94
9,22,218
9,23,4
9,24,215
9,28,148
9,29,168
9,30,223
9,31,24
9,33,184
9,35,18
9,37,357
9,38,76
9,40,105
9,42,146
9,43,350
9,45,152
9,46,161
9,47,180
9,48,166
9,49,320
9,50,259
9,51,243
9,53,38
9,54,233
9,55,27
9,56,165
9,58,132
9,60,30
9,61,62
9,62,216
9,63,104
9,65,187
9,67,193
9,69,206
9,70,393
9,71,348
9,73,19
9,77,51
9,79,12
9,81,170
9,82,261
9,83,193
9,86,86
9,87,321
9,91,58
9,92,10
9,93,326
9,94,156
9,98,189
9,100,98
9,101,295
9,103,309
9,110,286
9,111,111
9,112,258
9,116,219
9,119,90
9,120,23
9,121,265
9,122,161
9,127,214
9,129,209
9,131,24
9,132,142
9,134,180
9,138,262
9,142,264
9,143,143
9,146,328
9,150,235
9,155,119
9,158,373
9,163,240
9,166,394
9,171,187
9,173,316
9,174,294
9,177,154
9,179,45
9,183,365
9,184,139
9,188,182
9,189,312
9,190,227
9,195,294
9,196,317
9,200,288
10,1,74
10,2,48
10,3,16
10,4,19
10,5,306
10,6,193
10,8,195
10,9,25
10,11,28
10,12,153
10,13,53
10,14,165
10,15,4
10,17,302
10,19,343
10,21,377
10,22,233
10,26,44
10,27,229
10,28,252
10,30,371
10,31,146
10,33,388
10,36,167
10,38,52
10,39,275
10,40,142
10,41,326
10,43,171
10,44,372
10,46,8
10,47,120
10,49,315
10,50,13
10,52,303
10,53,88
10,54,330
10,56,340
10,57,261
10,60,322
10,61,295
10,63,128
10,64,298
10,65,252
10,66,298
10,69,272
10,71,23
10,74,108
10,77,123
10,80,49
10,81,293
10,82,139
10,83,215
10,84,15
10,85,226
10,86,153
10,90,338
10,93,390
10,94,45
10,101,59
10,103,394
10,111,60
10,112,26
10,116,123
10,120,140
10,121,271
10,128,240
10,129,207
10,142,324
10,143,192
10,148,211
10,158,307
10,159,79
10,165,314
10,168,125
10,174,61
10,179,34
10,180,58
10,185,320
10,186,74
10,188,37
10,191,113
10,192,262
10,200,17
11,1,361
11,2,387
11,3,366
11,4,165
11,5,365
11,6,150
11,7,377
11,9,162
11,10,28
11,13,252
11,14,196
11,15,293
11,16,89
11,18,189
11,19,22
11,23,134
11,24,189
11,25,276
11,26,381
11,27,248
11,28,160
11,30,50
11,31,48
11,32,4
11,34,384
11,35,217
11,36,51
11,37,243
11,39,178
11,42,157
11,43,274
11,45,21
11,46,174
11,49,1
11,52,100
11,53,72
11,54,313
11,55,76
11,57,372
11,58,50
11,60,116
11,62,276
11,63,346
11,65,112
11,66,266
11,67,155
11,68,112
11,70,269
11,71,101
11,72,3
11,74,90
11,78,259
11,79,142
11,80,382
11,81,232
11,89,33
11,93,39
11,94,121
11,95,296
11,97,189
11,100,359
11,102,271
11,105,18
11,108,140
11,113,180
11,118,184
11,130,184
11,133,54
11,134,14
11,138,102
11,143,98
11,146,263
11,148,227
11,150,197
11,154,60
11,155,49
11,163,34
11,167,355
11,168,71
11,174,396
11,176,193
11,190,206
11,196,101
12,1,205
12,2,185
12,3,201
12,6,214
12,7,153
12,8,264
12,9,4
12,10,153
12,13,268
12,14,290
12,15,105
12,16,11
12,18,196
12,19,358
12,20,253
12,21,120
12,22,237
12,23,99
12,25,316
12,27,156
12,28,391
12,29,222
12,31,262
12,34,139
12,35,243
12,36,43
12,38,231
12,40,168
12,41,120
12,42,202
12,43,59
12,45,91
12,46,313
12,47,297
12,49,373
12,50,133
12,51,149
12,52,62
12,54,170
12,55,61
12,58,9
12,59,98
12,62,387
12,63,107
12,64,366
12,65,82
12,68,323
12,69,158
12,71,146
12,74,250
12,76,352
12,79,48
12,83,250
12,84,38
12,86,49
12,87,164
12,88,131
12,94,3
12,97,141
12,98,218
12,100,202
12,106,198
12,109,291
12,114,78
12,119,108
12,121,297
12,123,101
12,125,352
12,126,304
12,131,339
12,142,292
12,146,204
12,153,289
12,158,260
12,160,159
12,161,204
12,163,74
12,164,161
12,170,352
12,172,133
12,173,279
12,174,352
12,176,244
12,178,104
12,181,336
12,189,370
12,193,43
12,197,263
12,198,267
13,1,361
13,2,346
13,4,106
13,5,334
13,7,274
13,8,301
13,9,165
13,10,53
13,11,252
13,12,268
13,14,120
13,15,285
13,16,30
13,17,74
13,18,175
13,19,43
13,25,339
13,26,112
13,27,2
13,29,110
13,30,127
13,31,363
13,33,137
13,34,357
13,36,367
13,38,320
13,39,191
13,40,10
13,42,27
13,43,74
13,46,361
13,47,156
13,48,340
13,49,321
13,50,310
13,51,334
13,52,278
13,55,363
13,58,236
13,62,297
13,65,31
13,67,184
13,70,168
13,71,180
13,74,70
13,76,41
13,78,289
13,79,218
13,81,345
13,85,376
13,87,31
13,90,36
13,94,307
13,100,86
13,102,274
13,103,193
13,104,160
13,105,246
13,108,106
13,111,157
13,124,359
13,126,261
13,132,182
13,134,251
13,136,144
13,150,44
13,152,393
13,157,218
13,160,170
13,167,95
13,172,266
13,175,12
13,178,225
13,188,52
14,2,332
14,4,4
14,7,356
14,8,109
14,9,364
14,10,165
14,11,196
14,12,290
14,13,120
14,15,118
14,16,387
14,19,128
14,20,155
14,21,342
14,25,60
14,27,50
14,28,39
14,29,63
14,31,49
14,33,1
14,34,137
14,36,88
14,39,34
14,42,73
14,43,230
14,45,242
14,46,128
14,47,166
14,48,21
14,49,158
14,52,15
14,53,293
14,55,336
14,56,374
14,57,347
14,58,313
14,61,150
14,63,39
14,64,235
14,65,125
14,67,340
14,69,390
14,70,186
14,71,335
14,72,173
14,73,342
14,74,153
14,76,193
14,77,383
14,78,195
14,79,254
14,81,115
14,83,167
14,86,9
14,87,368
14,96,274
14,97,176
14,99,380
14,106,374
14,107,336
14,108,97
14,109,263
14,112,354
14,114,227
14,115,392
14,117,19
14,119,121
14,120,386
14,124,163
14,127,215
14,128,147
14,130,23
14,133,338
14,137,257
14,139,228
14,143,321
14,146,118
14,148,144
14,151,208
14,154,193
14,155,103
14,164,201
14,165,11
14,171,193
14,175,342
14,178,9
14,180,386
14,183,159
14,184,137
15,1,331
15,2,309
15,5,260
15,6,62
15,7,47
15,10,4
15,11,293
15,12,105
15,13,285
15,14,118
15,16,60
15,17,20
15,19,295
15,20,126
15,23,389
15,24,378
15,26,64
15,27,285
15,28,317
15,30,184
15,32,383
15,34,247
15,35,320
15,36,298
15,37,130
15,38,26
15,40,246
15,41,336
15,42,294
15,43,344
15,44,332
15,46,379
15,47,273
15,48,290
15,49,343
15,51,132
15,56,297
15,59,187
15,60,173
15,61,307
15,64,237
15,65,369
15,67,134
15,70,122
15,78,2
15,80,46
15,82,171
15,85,138
15,89,375
15,92,257
15,94,94
15,96,190
15,97,15
15,98,88
15,100,191
15,105,244
15,106,113
15,112,222
15,115,363
15,118,119
15,119,372
15,127,255
15,131,57
15,136,45
15,144,369
15,157,309
15,159,377
15,164,313
15,167,377
15,169,29
15,171,248
15,185,362
15,187,207
15,195,378
15,196,115
15,199,269
16,1,107
16,3,311
16,4,40
16,5,396
16,6,80
16,8,41
16,9,33
16,11,89
16,12,11
16,13,30
16,14,387
16,15,60
16,17,333
16,18,56
16,20,289
16,22,312
16,24,344
16,26,272
16,27,146
16,28,53
16,29,16
16,31,385
16,32,161
16,33,135
16,34,259
16,35,278
16,36,384
16,37,76
16,38,70
16,41,145
16,42,278
16,45,81
16,46,175
16,48,349
16,49,26
16,51,128
16,52,127
16,54,153
16,55,177
16,60,164
16,61,48
16,62,192
16,65,269
16,68,72
16,70,5
16,71,349
16,72,43
16,73,51
16,76,175
16,77,70
16,79,299
16,80,121
16,81,281
16,82,168
16,86,44
16,92,375
16,93,236
16,97,310
16,99,349
16,100,263
16,103,34
16,104,202
16,105,74
16,106,175
16,116,59
16,117,330
16,118,208
16,119,391
16,121,177
16,125,370
16,127,328
16,131,132
16,133,362
16,134,76
16,139,67
16,140,225
16,144,223
16,149,97
16,153,343
16,155,166
16,159,376
16,165,277
16,169,16
16,178,299
16,183,297
16,188,105
16,193,157
17,3,205
17,4,312
17,5,117
17,7,348
17,9,209
17,10,302
17,13,74
17,15,20
17,16,333
17,19,40
17,21,376
17,22,380
17,23,372
17,24,190
17,25,313
17,26,55
17,28,234
17,29,208
17,31,76
17,32,27
17,33,79
17,34,73
17,36,394
17,37,193
17,38,360
17,39,165
17,40,53
17,42,373
17,43,388
17,44,135
17,45,8
17,46,217
17,51,237
17,52,350
17,54,319
17,55,44
17,58,243
17,62,34
17,64,386
17,65,22
17,66,70
17,68,317
17,69,61
17,70,67
17,71,218
17,72,187
17,74,233
17,78,219
17,79,156
17,83,89
17,87,165
17,88,321
17,90,346
17,93,35
17,97,59
17,98,103
17,101,67
17,103,302
17,104,336
17,106,80
17,107,153
17,108,103
17,110,127
17,112,338
17,113,258
17,114,260
17,118,201
17,123,114
17,124,36
17,133,363
17,134,391
17,135,341
17,138,348
17,139,247
17,144,16
17,169,180
17,176,198
17,177,306
17,178,350
17,181,301
17,185,240
17,189,240
17,195,316
17,196,366
18,2,57
18,5,102
18,7,318
18,9,209
18,11,189
18,12,196
18,13,175
18,16,56
18,19,245
18,20,34
18,21,341
18,22,318
18,24,260
18,29,360
18,30,377
18,32,235
18,33,318
18,34,141
18,35,148
18,39,85
18,40,329
18,41,152
18,42,107
18,44,355
18,47,217
18,48,188
18,51,265
18,52,323
18,54,123
18,55,202
18,57,180
18,58,306
18,59,386
18,60,230
18,63,211
18,64,98
18,66,319
18,69,41
18,71,221
18,72,116
18,75,322
18,76,299
18,80,268
18,83,16
18,85,284
18,88,194
18,90,49
18,92,263
18,96,131
18,99,319
18,100,226
18,104,144
18,108,176
18,112,49
18,113,239
18,118,318
18,120,59
18,123,241
18,134,365
18,136,221
18,138,342
18,140,363
18,147,275
18,148,163
18,155,254
18,156,390
18,158,160
18,160,201
18,163,151
18,164,329
18,170,197
18,173,308
18,176,24
18,179,130
18,183,186
19,1,45
19,4,369
19,6,95
19,7,240
19,8,122
19,9,361
19,10,343
19,11,22
19,12,358
19,13,43
19,14,128
19,15,295
19,17,40
19,18,245
19,20,48
19,22,346
19,23,257
19,25,358
19,26,347
19,27,211
19,28,262
19,30,91
19,31,118
19,33,271
19,34,258
19,35,97
19,37,385
19,38,214
19,40,309
19,41,362
19,43,46
19,44,284
19,45,224
19,46,187
19,47,328
19,48,233
19,49,343
19,51,239
19,53,301
19,54,135
19,57,58
19,58,153
19,59,237
19,60,68
19,64,144
19,67,78
19,68,187
19,72,111
19,73,317
19,74,208
19,75,7
19,77,302
19,79,337
19,80,374
19,85,23
19,88,170
19,92,336
19,94,283
19,95,24
19,96,333
19,100,31
19,101,97
19,103,269
19,104,248
19,111,43
19,112,168
19,117,359
19,119,218
19,120,166
19,121,128
19,124,253
19,130,320
19,135,264
19,139,199
19,145,119
19,147,187
19,148,102
19,150,102
19,152,293
19,155,331
19,161,238
19,164,138
19,170,233
19,172,179
19,174,78
19,180,149
19,181,147
19,193,132
19,194,1
19,198,280
20,1,30
20,3,155
20,4,231
20,6,64
20,7,185
20,9,290
20,12,253
20,14,155
20,15,126
20,16,289
20,18,34
20,19,48
20,21,28
20,24,306
20,26,223
20,27,158
20,28,344
20,32,290
20,33,118
20,35,385
20,39,216
20,40,1
20,42,16
20,43,173
20,44,113
20,45,206
20,47,330
20,48,9
20,49,193
20,50,278
20,51,16
20,52,339
20,55,121
20,57,294
20,58,158
20,60,168
20,62,12
20,64,318
20,65,322
20,66,252
20,67,138
20,68,336
20,71,211
20,72,236
20,75,73
20,78,295
20,81,286
20,83,221
20,89,171
20,91,204
20,94,75
20,95,366
20,97,388
20,101,299
20,102,275
20,105,31
20,106,296
20,109,210
20,110,345
20,111,13
20,114,323
20,117,69
20,119,139
20,120,245
20,121,379
20,122,24
20,130,311
20,131,19
20,138,146
20,140,126
20,141,139
20,145,50
20,149,281
20,152,351
20,154,276
20,158,361
20,161,119
20,165,311
20,171,28
20,172,86
20,177,154
20,189,319
20,193,87
20,196,355
20,197,68
20,198,211
20,200,367
21,1,211
21,2,257
21,3,343
21,5,89
21,7,39
21,9,94
21,10,377
21,12,120
21,14,342
21,17,376
21,18,341
21,20,28
21,23,200
21,25,132
21,26,267
21,27,147
21,30,6
21,31,257
21,32,188
21,33,256
21,34,183
21,35,227
21,36,176
21,39,245
21,40,306
21,41,178
21,42,190
21,43,307
21,44,201
21,45,158
21,47,164
21,49,267
21,50,107
21,52,248
21,54,55
21,55,331
21,57,235
21,61,361
21,65,126
21,67,62
21,68,278
21,69,307
21,71,48
21,73,271
21,75,70
21,78,106
21,79,350
21,83,118
21,85,193
21,86,91
21,90,374
21,92,223
21,93,219
21,95,31
21,98,131
21,99,319
21,100,233
21,110,398
21,116,71
21,118,155
21,123,87
21,124,34
21,126,388
21,128,7
21,131,117
21,136,181
21,141,189
21,150,215
21,154,177
21,158,251
21,166,333
21,168,232
21,171,112
21,175,137
21,179,30
21,181,342
21,197,39
22,3,183
22,4,352
22,5,365
22,6,198
22,7,138
22,9,218
22,10,233
22,12,237
22,16,312
22,17,380
22,18,318
22,19,346
22,23,347
22,25,228
22,26,68
22,27,320
22,30,344
22,31,205
22,32,84
22,33,69
22,34,266
22,36,88
22,37,241
22,39,98
22,40,278
22,42,75
22,43,297
22,47,188
22,48,238
22,49,79
22,50,68
22,51,121
22,52,393
22,53,387
22,57,21
22,58,248
22,59,98
22,60,325
22,61,286
22,66,2
22,71,30
22,75,249
22,78,180
22,81,108
22,82,197
22,92,354
22,93,270
22,98,79
22,99,195
22,102,360
22,103,336
22,106,374
22,112,383
22,114,116
22,115,398
22,116,370
22,118,275
22,119,231
22,121,2
22,122,210
22,127,315
22,131,261
22,133,333
22,134,46
22,141,237
22,146,362
22,147,83
22,151,360
22,153,185
22,154,14
22,155,395
22,156,191
22,158,5
22,162,379
22,172,140
22,179,9
22,190,209
22,193,299
22,194,103
23,1,114
23,2,380
23,4,350
23,5,194
23,6,354
23,7,71
23,8,381
23,9,4
23,11,134
23,12,99
23,15,389
23,17,372
23,19,257
23,21,200
23,22,347
23,24,359
23,26,206
23,27,316
23,29,301
23,31,215
23,32,281
23,34,327
23,35,250
23,37,324
23,38,39
23,39,334
23,40,331
23,41,315
23,47,365
23,49,202
23,50,10
23,53,187
23,54,276
23,55,322
23,56,399
23,57,316
23,61,384
23,62,297
23,66,190
23,72,239
23,73,71
23,75,310
23,77,108
23,80,250
23,81,326
23,82,44
23,83,314
23,84,128
23,86,172
23,90,106
23,92,27
23,96,129
23,98,32
23,100,220
23,104,307
23,105,27
23,106,9
23,110,42
23,114,285
23,115,12
23,116,114
23,117,377
23,119,237
23,121,115
23,126,277
23,127,228
23,133,9
23,135,199
23,140,19
23,145,163
23,150,249
23,152,340
23,155,302
23,156,338
23,158,196
23,160,96
23,164,212
23,166,264
23,168,78
23,171,124
23,184,101
23,186,34
23,187,378
23,196,164
23,197,359
24,2,362
24,3,215
24,6,328
24,8,357
24,9,215
24,11,189
24,15,378
24,16,344
24,17,190
24,18,260
24,20,306
24,23,359
24,26,37
24,27,395
24,28,146
24,31,384
24,35,148
24,37,195
24,38,158
24,39,76
24,40,76
24,41,130
24,44,308
24,45,141
24,46,216
24,48,242
24,49,219
24,50,21
24,51,149
24,52,255
24,54,339
24,55,209
24,56,375
24,58,243
24,60,75
24,63,342
24,65,178
24,66,2
24,67,360
24,69,396
24,70,356
24,71,135
24,72,316
24,74,373
24,75,310
24,76,60
24,79,11
24,80,167
24,81,274
24,86,133
24,87,117
24,88,189
24,91,96
24,95,266
24,100,29
24,101,147
24,102,356
24,103,350
24,106,390
24,107,393
24,116,68
24,118,185
24,119,239
24,120,160
24,121,73
24,122,43
24,127,149
24,128,184
24,129,383
24,130,141
24,134,48
24,135,321
24,136,266
24,138,38
24,139,91
24,142,224
24,143,220
24,144,387
24,145,336
24,153,166
24,154,388
24,160,207
24,161,42
24,163,256
24,166,84
24,169,182
24,172,335
24,174,286
24,177,120
24,180,191
24,184,180
24,187,229
24,190,68
24,199,181
25,1,295
25,2,262
25,3,107
25,4,136
25,5,170
25,6,174
25,7,352
25,8,310
25,11,276
25,12,316
25,13,339
25,14,60
25,17,313
25,19,358
25,21,132
25,22,228
25,26,264
25,27,317
25,28,207
25,31,303
25,32,302
25,33,73
25,34,155
25,36,310
25,37,212
25,41,247
25,42,342
25,43,214
25,45,11
25,47,110
25,48,321
25,49,21
25,50,180
25,51,227
25,55,400
25,57,258
25,58,126
25,59,196
25,61,52
25,62,212
25,63,210
25,64,167
25,66,65
25,67,318
25,69,34
25,70,139
25,72,11
25,73,147
25,75,131
25,78,333
25,79,181
25,80,206
25,84,350
25,85,293
25,86,129
25,87,280
25,94,273
25,97,86
25,111,260
25,113,254
25,116,380
25,122,61
25,125,146
25,129,274
25,130,392
25,136,97
25,137,146
25,140,69
25,142,308
25,146,38
25,148,293
25,149,100
25,150,251
25,152,395
25,153,42
25,154,253
25,157,235
25,158,41
25,160,398
25,165,232
25,167,65
25,168,11
25,172,204
25,178,87
25,180,21
25,182,8
25,185,140
25,186,195
25,198,305
26,2,316
26,3,35
26,4,391
26,7,101
26,10,44
26,11,381
26,13,112
26,15,64
26,16,272
26,17,55
26,19,347
26,20,223
26,21,267
26,22,68
26,23,206
26,24,37
26,25,264
26,27,342
26,28,212
26,30,36
26,32,32
26,33,327
26,34,355
26,35,26
26,36,72
26,38,102
26,41,74
26,44,265
26,45,7
26,46,60
26,48,35
26,49,156
26,50,127
26,51,144
26,52,68
26,54,15
26,55,314
26,56,382
26,57,160
26,63,290
26,64,187
26,66,56
26,67,115
26,69,297
26,71,117
26,74,140
26,76,313
26,77,357
26,80,260
26,81,311
26,82,338
26,83,229
26,84,328
26,92,224
26,95,175
26,99,116
26,100,367
26,110,212
26,115,111
26,116,198
26,118,196
26,120,106
26,122,84
26,123,172
26,132,30
26,136,250
26,140,113
26,142,317
26,157,334
26,162,298
26,164,202
26,168,231
26,170,173
26,175,231
26,184,355
26,186,75
26,192,191
26,193,304
26,195,175
26,196,260
26,197,34
26,200,107
27,1,293
27,2,129
27,5,399
27,6,209
27,8,140
27,10,229
27,11,248
27,12,156
27,13,2
27,14,50
27,15,285
27,16,146
27,19,211
27,20,158
27,21,147
27,22,320
27,23,316
27,24,395
27,25,317
27,26,342
27,29,284
27,31,199
27,32,379
27,33,62
27,35,399
27,37,305
27,39,214
27,40,128
27,42,15
27,43,15
27,44,318
27,45,115
27,46,133
27,47,331
27,49,134
27,51,373
27,54,107
27,56,16
27,58,154
27,59,386
27,61,394
27,62,45
27,65,262
27,67,243
27,69,8
27,72,188
27,74,394
27,77,25
27,79,14
27,80,137
27,81,376
27,83,210
27,89,15
27,90,141
27,93,8
27,94,214
27,99,377
27,102,177
27,106,301
27,107,6
27,108,244
27,111,58
27,114,149
27,120,130
27,123,286
27,131,3
27,133,196
27,134,91
27,136,33
27,137,271
27,141,384
27,143,367
27,144,312
27,146,279
27,149,352
27,160,32
27,162,60
27,163,166
27,170,180
27,173,369
27,178,104
27,181,170
27,184,370
27,185,371
27,191,4
28,1,369
28,3,164
28,4,355
28,6,250
28,7,244
28,8,136
28,9,148
28,10,252
28,11,160
28,12,391
28,14,39
28,15,317
28,16,53
28,17,234
28,19,262
28,20,344
28,24,146
28,25,207
28,26,212
28,29,221
28,30,76
28,31,279
28,32,323
28,34,375
28,35,249
28,36,164
28,37,274
28,38,382
28,40,27
28,41,233
28,42,367
28,47,43
28,48,256
28,50,350
28,51,283
28,52,350
28,53,172
28,54,303
28,56,386
28,58,189
28,60,372
28,61,127
28,62,325
28,63,6
28,64,12
28,67,151
28,69,274
28,71,193
28,72,100
28,78,230
28,79,384
28,82,233
28,85,162
28,88,107
28,90,148
28,91,336
28,97,318
28,98,194
28,99,379
28,103,360
28,105,54
28,108,67
28,114,101
28,123,106
28,125,111
28,127,364
28,132,246
28,134,266
28,141,8
28,145,160
28,149,318
28,150,185
28,152,354
28,155,8
28,159,312
28,160,138
28,164,141
28,165,19
28,168,125
28,169,359
28,174,354
28,176,96
28,178,382
28,179,392
28,180,91
28,182,179
28,190,389
28,191,208
28,195,215
28,197,302
28,198,255
28,200,248
29,1,130
29,2,4
29,3,321
29,4,37
29,6,338
29,7,290
29,8,373
29,9,168
29,12,222
29,13,110
29,14,63
29,16,16
29,17,208
29,18,360
29,23,301
29,27,284
29,28,221
29,30,228
29,33,310
29,34,299
29,37,272
29,38,262
29,39,361
29,42,57
29,44,269
29,46,86
29,47,123
29,48,327
29,49,115
29,50,398
29,53,189
29,55,372
29,56,148
29,57,4
29,59,158
29,60,361
29,61,216
29,65,85
29,66,311
29,67,356
29,68,345
29,69,308
29,73,101
29,74,167
29,79,394
29,80,224
29,82,355
29,83,230
29,84,55
29,85,301
29,86,22
29,88,268
29,89,307
29,91,397
29,92,136
29,97,68
29,99,253
29,102,370
29,111,69
29,118,356
29,119,50
29,123,99
29,124,375
29,126,194
29,132,168
29,136,275
29,137,241
29,141,41
29,143,374
29,146,321
29,147,15
29,148,286
29,154,138
29,155,56
29,161,386
29,163,259
29,170,18
29,186,353
30,1,338
30,3,22
30,6,351
30,7,315
30,8,131
30,9,223
30,10,371
30,11,50
30,13,127
30,15,184
30,18,377
30,19,91
30,21,6
30,22,344
30,26,36
30,28,76
30,29,228
30,31,62
30,33,323
30,37,400
30,38,164
30,39,301
30,40,314
30,41,264
30,42,76
30,44,306
30,45,45
30,48,308
30,52,92
30,53,26
30,54,119
30,56,15
30,58,304
30,59,73
30,60,375
30,61,310
30,62,274
30,63,42
30,64,350
30,68,321
30,71,10
30,72,393
30,73,7
30,76,58
30,78,103
30,81,93
30,84,194
30,87,362
30,89,117
30,90,55
30,91,39
30,93,79
30,94,253
30,96,109
30,97,391
30,101,331
30,103,331
30,104,296
30,105,295
30,107,18
30,109,109
30,110,348
30,111,198
30,114,246
30,116,93
30,124,377
30,127,233
30,128,302
30,130,108
30,132,48
30,133,25
30,136,221
30,137,303
30,138,73
30,139,13
30,141,216
30,143,181
30,147,271
30,156,30
30,159,103
30,161,174
30,165,110
30,167,237
30,168,108
30,186,125
30,187,76
30,188,144
30,191,277
30,198,285
30,199,121
31,2,254
31,6,376
31,7,376
31,8,40
31,9,24
31,10,146
31,11,48
31,12,262
31,13,363
31,14,49
31,16,385
31,17,76
31,19,118
31,21,257
31,22,205
31,23,215
31,24,384
31,25,303
31,27,199
31,28,279
31,30,62
31,33,95
31,34,273
31,35,324
31,36,381
31,37,236
31,38,391
31,39,223
31,40,263
31,41,341
31,42,119
31,43,161
31,44,138
31,49,97
31,51,376
31,52,281
31,53,20
31,55,96
31,56,305
31,59,294
31,60,42
31,62,188
31,64,338
31,65,199
31,68,211
31,69,73
31,70,275
31,71,90
31,72,3
31,74,200
31,75,164
31,77,297
31,78,365
31,81,196
31,83,244
31,84,59
31,85,397
31,89,386
31,91,364
31,93,314
31,96,33
31,97,192
31,101,16
31,104,249
31,106,359
31,107,282
31,108,295
31,109,136
31,115,253
31,123,108
31,128,171
31,134,95
31,136,92
31,143,228
31,144,311
31,145,176
31,146,254
31,148,335
31,151,117
31,153,161
31,155,169
31,157,249
31,161,55
31,162,32
31,165,38
31,166,259
31,172,178
31,173,375
31,175,154
31,183,16
31,185,381
31,193,3
31,195,68
32,2,244
32,3,343
32,4,203
32,5,101
32,6,302
32,7,372
32,8,193
32,11,4
32,15,383
32,16,161
32,17,27
32,18,235
32,20,290
32,21,188
32,22,84
32,23,281
32,25,302
32,26,32
32,27,379
32,28,323
32,33,249
32,35,242
32,38,282
32,40,230
32,42,41
32,43,335
32,44,79
32,45,230
32,46,215
32,47,56
32,48,55
32,49,359
32,50,378
32,51,185
32,52,368
32,53,336
32,55,162
32,56,197
32,57,318
32,62,90
32,65,395
32,69,2
32,72,69
32,75,249
32,77,397
32,78,306
32,79,162
32,80,300
32,84,253
32,85,158
32,88,328
32,89,113
32,91,229
32,94,74
32,96,10
32,97,174
32,103,83
32,104,89
32,106,251
32,107,372
32,111,41
32,113,44
32,114,326
32,122,119
32,123,106
32,124,298
32,128,159
32,132,100
32,133,351
32,138,293
32,149,47
32,151,207
32,152,260
32,159,9
32,173,187
32,174,196
32,178,277
32,185,183
32,197,275
32,198,377
33,2,149
33,5,389
33,7,395
33,8,175
33,9,184
33,10,388
33,13,137
33,14,1
33,16,135
33,17,79
33,18,318
33,19,271
33,20,118
33,21,256
33,22,69
33,25,73
33,26,327
33,27,62
33,29,310
33,30,323
33,31,95
33,32,249
33,34,346
33,39,94
33,40,213
33,41,94
33,42,298
33,43,79
33,44,106
33,45,34
33,48,23
33,49,144
33,53,211
33,54,203
33,56,376
33,59,101
33,60,185
33,61,365
33,64,170
33,69,265
33,70,387
33,73,331
33,74,351
33,77,140
33,80,31
33,81,348
33,83,315
33,85,275
33,86,93
33,87,302
33,88,62
33,94,204
33,96,337
33,97,372
33,104,21
33,105,252
33,108,112
33,109,222
33,110,81
33,112,95
33,119,132
33,120,310
33,121,239
33,122,44
33,123,204
33,124,298
33,131,94
33,143,2
33,145,332
33,147,315
33,148,347
33,151,289
33,152,139
33,158,115
33,160,84
33,161,250
33,164,69
33,165,142
33,167,327
33,170,341
33,176,13
33,177,105
33,181,52
33,187,303
33,194,47
33,197,113
34,1,385
34,2,191
34,4,227
34,6,64
34,7,310
34,8,9
34,11,384
34,12,139
34,13,357
34,14,137
34,15,247
34,16,259
34,17,73
34,18,141
34,19,258
34,21,183
34,22,266
34,23,327
34,25,155
34,26,355
34,28,375
34,29,299
34,31,273
34,33,346
34,36,396
34,37,17
34,38,108
34,39,32
34,41,29
34,43,389
34,45,228
34,47,313
34,54,199
34,55,169
34,57,186
34,58,116
34,59,138
34,60,160
34,62,90
34,70,17
34,71,51
34,73,177
34,74,198
34,76,173
34,78,361
34,81,322
34,84,343
34,85,278
34,86,111
34,90,266
34,92,59
34,96,302
34,97,322
34,100,97
34,101,392
34,102,319
34,107,372
34,108,93
34,112,209
34,115,144
34,121,345
34,122,289
34,126,97
34,128,87
34,131,157
34,138,319
34,144,152
34,148,298
34,150,247
34,151,276
34,152,306
34,153,60
34,156,53
34,163,368
34,168,109
34,172,244
34,175,191
34,192,123
35,1,305
35,2,223
35,3,281
35,4,380
35,6,227
35,8,222
35,9,18
35,11,217
35,12,243
35,15,320
35,16,278
35,18,148
35,19,97
35,20,385
35,21,227
35,23,250
35,24,148
35,26,26
35,27,399
35,28,249
35,31,324
35,32,242
35,37,329
35,39,59
35,40,130
35,41,35
35,42,1
35,43,262
35,47,96
35,51,299
35,52,118
35,54,185
35,55,378
35,56,379
35,57,294
35,58,80
35,59,245
35,61,40
35,62,240
35,63,253
35,65,175
35,66,286
35,68,126
35,69,213
35,70,169
35,72,339
35,76,242
35,83,247
35,85,180
35,90,49
35,93,121
35,99,386
35,103,78
35,108,8
35,111,229
35,116,118
35,119,21
35,120,356
35,121,218
35,125,278
35,129,312
35,130,240
35,146,83
35,148,368
35,151,113
35,152,202
35,157,49
35,159,84
35,176,311
35,178,164
35,181,260
35,189,344
35,190,154
36,1,338
36,3,56
36,5,56
36,6,258
36,7,63
36,8,263
36,10,167
36,11,51
36,12,43
36,13,367
36,14,88
36,15,298
36,16,384
36,17,394
36,21,176
36,22,88
36,25,310
36,26,72
36,28,164
36,31,381
36,34,396
36,37,56
36,39,396
36,42,21
36,43,318
36,45,245
36,46,152
36,47,219
36,48,215
36,50,105
36,51,72
36,53,259
36,54,215
36,57,82
36,59,33
36,60,228
36,61,252
36,64,77
36,66,199
36,70,110
36,72,396
36,73,42
36,82,65
36,86,104
36,87,318
36,88,211
36,89,171
36,93,196
36,96,187
36,97,58
36,99,192
36,100,159
36,101,296
36,102,153
36,104,304
36,108,134
36,109,88
36,111,317
36,112,241
36,115,377
36,117,78
36,120,141
36,123,263
36,124,313
36,125,346
36,126,244
36,131,115
36,133,114
36,134,133
36,144,14
36,146,86
36,147,377
36,150,202
36,151,212
36,156,301
36,161,81
36,163,377
36,167,133
36,168,237
36,169,258
36,172,362
36,176,346
36,177,221
36,180,101
36,183,245
36,191,116
36,193,294
36,200,95
37,1,194
37,4,322
37,6,12
37,8,77
37,9,357
37,11,243
37,15,130
37,16,76
37,17,193
37,19,385
37,22,241
37,23,324
37,24,195
37,25,212
37,27,305
37,28,274
37,29,272
37,30,400
37,31,236
37,34,17
37,35,329
37,36,56
37,38,349
37,40,371
37,45,20
37,46,200
37,49,172
37,50,68
37,51,38
37,53,238
37,54,52
37,60,3
37,63,266
37,65,310
37,67,70
37,68,39
37,69,377
37,71,275
37,72,26
37,75,350
37,77,78
37,78,178
37,79,306
37,81,364
37,82,107
37,83,70
37,85,108
37,86,68
37,88,232
37,91,181
37,93,67
37,97,387
37,99,38
37,107,56
37,108,174
37,109,260
37,117,212
37,119,100
37,124,400
37,126,205
37,127,256
37,131,304
37,137,46
37,138,185
37,140,289
37,141,396
37,157,237
37,158,395
37,159,224
37,160,137
37,174,146
37,179,260
37,180,340
37,182,257
37,187,72
37,190,135
37,197,300
38,2,360
38,4,299
38,5,303
38,6,384
38,8,270
38,9,76
38,10,52
38,12,231
38,13,320
38,15,26
38,16,70
38,17,360
38,19,214
38,23,39
38,24,158
38,26,102
38,28,382
38,29,262
38,30,164
38,31,391
38,32,282
38,34,108
38,37,349
38,39,89
38,42,308
38,43,290
38,44,146
38,45,179
38,47,118
38,50,389
38,51,27
38,52,370
38,53,386
38,54,98
38,61,17
38,62,339
38,64,125
38,65,53
38,66,123
38,69,241
38,72,51
38,73,48
38,75,63
38,79,150
38,80,102
38,82,82
38,87,383
38,88,109
38,89,268
38,92,219
38,94,340
38,95,91
38,96,73
38,98,75
38,99,344
38,100,342
38,101,379
38,106,189
38,108,309
38,111,334
38,118,65
38,121,109
38,129,349
38,130,138
38,131,161
38,133,365
38,137,380
38,142,203
38,148,387
38,154,236
38,159,215
38,161,368
38,166,329
38,176,191
38,187,59
38,191,264
38,194,59
38,195,242
39,1,106
39,2,386
39,4,231
39,5,188
39,6,154
39,8,206
39,10,275
39,11,178
39,13,191
39,14,34
39,17,165
39,18,85
39,20,216
39,21,245
39,22,98
39,23,334
39,24,76
39,27,214
39,29,361
39,30,301
39,31,223
39,33,94
39,34,32
39,35,59
39,36,396
39,38,89
39,40,193
39,42,94
39,43,155
39,44,187
39,45,152
39,46,35
39,47,216
39,49,198
39,52,50
39,53,160
39,54,36
39,55,154
39,56,142
39,57,351
39,59,384
39,60,75
39,62,263
39,70,71
39,71,330
39,73,156
39,74,136
39,75,277
39,77,142
39,79,309
39,81,346
39,82,303
39,83,107
39,86,14
39,88,226
39,90,126
39,94,197
39,96,73
39,97,278
39,99,144
39,101,185
39,105,143
39,108,42
39,110,303
39,112,200
39,113,184
39,117,388
39,120,326
39,123,43
39,127,6
39,134,107
39,138,334
39,148,356
39,157,26
39,159,264
39,162,218
39,163,269
39,168,325
39,172,376
39,174,325
39,184,56
39,187,112
39,189,360
39,191,184
39,193,172
39,197,103
40,1,218
40,2,363
40,3,106
40,4,272
40,7,107
40,8,283
40,9,105
40,10,142
40,12,168
40,13,10
40,15,246
40,17,53
40,18,329
40,19,309
40,20,1
40,21,306
40,22,278
40,23,331
40,24,76
40,27,128
40,28,27
40,30,314
40,31,263
40,32,230
40,33,213
40,35,130
40,37,371
40,39,193
40,41,243
40,43,356
40,45,258
40,46,27
40,48,163
40,49,131
40,50,133
40,51,231
40,52,101
40,56,12
40,57,11
40,60,291
40,61,58
40,64,177
40,65,366
40,66,327
40,67,42
40,70,171
40,71,135
40,72,45
40,73,321
40,77,295
40,78,108
40,81,312
40,82,241
40,88,280
40,89,160
40,90,290
40,92,356
40,94,114
40,95,251
40,96,207
40,106,107
40,107,249
40,108,188
40,117,314
40,118,248
40,119,169
40,123,196
40,125,284
40,128,129
40,129,112
40,130,344
40,133,20
40,136,368
40,139,287
40,147,144
40,151,334
40,153,273
40,154,364
40,162,31
40,167,126
40,170,26
40,171,344
40,175,176
40,179,26
40,183,10
40,185,213
40,186,322
40,193,98
40,194,376
40,198,51
40,200,199
41,1,118
41,3,111
41,7,372
41,8,291
41,10,326
41,12,120
41,15,336
41,16,145
41,18,152
41,19,362
41,21,178
41,23,315
41,24,130
41,25,247
41,26,74
41,28,233
41,30,264
41,31,341
41,33,94
41,34,29
41,35,35
41,40,243
41,42,96
41,44,255
41,45,102
41,46,305
41,47,185
41,48,80
41,50,332
41,52,297
41,53,339
41,54,16
41,55,174
41,58,144
41,59,183
41,61,190
41,64,347
41,66,72
41,68,168
41,71,294
41,72,243
41,74,318
41,75,368
41,76,189
41,78,73
41,82,195
41,84,24
41,90,192
41,94,328
41,95,31
41,97,245
41,98,254
41,99,301
41,100,287
41,107,332
41,110,128
41,115,346
41,125,242
41,127,212
41,128,68
41,130,193
41,132,315
41,133,131
41,140,208
41,143,114
41,145,297
41,146,255
41,153,260
41,157,251
41,162,293
41,163,4
41,166,349
41,168,310
41,179,151
41,180,106
41,187,276
41,189,8
41,190,188
41,195,357
41,196,369
42,1,391
42,2,138
42,3,270
42,8,87
42,9,146
42,11,157
42,12,202
42,13,27
42,14,73
42,15,294
42,16,278
42,17,373
42,18,107
42,20,16
42,21,190
42,22,75
42,25,342
42,27,15
42,28,367
42,29,57
42,30,76
42,31,119
42,32,41
42,33,298
42,35,1
42,36,21
42,38,308
42,39,94
42,41,96
42,43,97
42,45,259
42,49,266
42,50,400
42,51,219
42,52,286
42,53,308
42,54,187
42,56,126
42,58,224
42,59,289
42,61,162
42,62,318
42,63,212
42,65,263
42,67,116
42,68,35
42,69,239
42,70,300
42,75,147
42,79,167
42,80,18
42,83,279
42,85,351
42,86,366
42,91,142
42,97,219
42,100,160
42,101,64
42,106,253
42,107,154
42,110,253
42,111,197
42,112,95
42,114,111
42,117,194
42,118,179
42,125,70
42,128,92
42,130,200
42,132,280
42,134,319
42,138,65
42,140,368
42,143,132
42,148,358
42,150,286
42,154,194
42,157,38
42,159,22
42,165,195
42,166,364
42,173,13
42,174,227
42,176,277
42,183,235
42,184,159
42,188,138
42,191,301
42,193,383
42,198,148
43,1,352
43,2,22
43,5,20
43,6,239
43,9,350
43,10,171
43,11,274
43,12,59
43,13,74
43,14,230
43,15,344
43,17,388
43,19,46
43,20,173
43,21,307
43,22,297
43,25,214
43,27,15
43,31,161
43,32,335
43,33,79
43,34,389
43,35,262
43,36,318
43,38,290
43,39,155
43,40,356
43,42,97
43,45,307
43,46,47
43,48,174
43,50,142
43,51,74
43,52,349
43,56,29
43,57,71
43,59,90
43,60,266
43,61,35
43,64,345
43,65,176
43,66,218
43,69,172
43,71,191
43,74,258
43,79,73
43,86,137
43,87,108
43,89,398
43,92,197
43,93,316
43,97,120
43,98,320
43,100,132
43,101,145
43,102,241
43,103,31
43,109,89
43,110,69
43,117,383
43,126,243
43,127,298
43,128,375
43,130,70
43,132,255
43,134,368
43,135,237
43,137,264
43,139,391
43,142,223
43,143,165
43,148,5
43,157,399
43,159,381
43,160,39
43,161,271
43,162,367
43,163,320
43,166,349
43,169,117
43,172,90
43,173,44
43,174,192
43,176,58
43,191,325
43,195,134
44,2,327
44,4,293
44,6,207
44,7,116
44,8,69
44,10,372
44,15,332
44,17,135
44,18,355
44,19,284
44,20,113
44,21,201
44,24,308
44,26,265
44,27,318
44,29,269
44,30,306
44,31,138
44,32,79
44,33,106
44,38,146
44,39,187
44,41,255
44,45,220
44,47,182
44,48,82
44,49,339
44,51,399
44,57,356
44,59,270
44,60,256
44,62,327
44,63,330
44,68,16
44,70,57
44,72,302
44,73,88
44,74,197
44,75,167
44,76,297
44,77,291
44,80,273
44,81,28
44,84,237
44,86,376
44,87,58
44,90,242
44,94,324
44,96,103
44,97,390
44,98,363
44,99,283
44,100,4
44,101,378
44,102,166
44,105,58
44,106,5
44,110,338
44,112,180
44,120,251
44,125,112
44,127,331
44,129,385
44,131,368
44,135,80
44,140,391
44,147,231
44,148,102
44,155,97
44,156,167
44,157,186
44,161,15
44,163,143
44,165,273
44,167,146
44,168,266
44,169,12
44,171,76
44,173,354
44,181,392
44,182,22
44,193,396
44,195,309
44,196,352
44,198,314
45,1,116
45,7,335
45,9,152
45,11,21
45,12,91
45,14,242
45,16,81
45,17,8
45,19,224
45,20,206
45,21,158
45,24,141
45,25,11
45,26,7
45,27,115
45,30,45
45,32,230
45,33,34
45,34,228
45,36,245
45,37,20
45,38,179
45,39,152
45,40,258
45,41,102
45,42,259
45,43,307
45,44,220
45,46,128
45,49,181
45,51,1
45,53,162
45,54,61
45,57,293
45,63,219
45,64,32
45,65,175
45,67,24
45,68,90
45,69,399
45,70,141
45,73,117
45,74,379
45,76,28
45,78,116
45,80,96
45,84,170
45,88,373
45,89,55
45,90,228
45,93,21
45,94,30
45,95,34
45,96,124
45,98,164
45,99,127
45,106,47
45,110,302
45,112,21
45,114,116
45,117,386
45,121,397
45,123,128
45,130,338
45,133,187
45,134,3
45,135,145
45,136,309
45,137,149
45,139,136
45,143,83
45,146,381
45,152,251
45,159,139
45,164,163
45,169,215
45,170,262
45,172,67
45,177,132
45,185,21
45,189,319
45,194,354
45,195,249
45,196,373
45,197,128
46,1,105
46,3,181
46,5,277
46,6,352
46,7,30
46,8,243
46,9,161
46,10,8
46,11,174
46,12,313
46,13,361
46,14,128
46,15,379
46,16,175
46,17,217
46,19,187
46,24,216
46,26,60
46,27,133
46,29,86
46,32,215
46,36,152
46,37,200
46,39,35
46,40,27
46,41,305
46,43,47
46,45,128
46,49,93
46,50,148
46,51,75
46,53,180
46,54,128
46,55,350
46,56,59
46,57,295
46,58,109
46,60,273
46,61,384
46,62,313
46,65,236
46,67,292
46,71,397
46,72,86
46,75,288
46,76,397
46,79,373
46,83,211
46,86,266
46,88,253
46,89,309
46,91,289
46,92,142
46,94,24
46,95,87
46,105,111
46,108,158
46,120,121
46,125,325
46,128,44
46,130,188
46,133,218
46,138,64
46,141,221
46,143,219
46,146,93
46,152,140
46,154,170
46,161,385
46,169,64
46,176,80
46,184,96
46,188,175
46,192,228
46,196,80
46,198,383
46,200,27
47,1,9
47,2,347
47,3,172
47,5,191
47,6,10
47,7,15
47,8,349
47,9,180
47,10,120
47,12,297
47,13,156
47,14,166
47,15,273
47,18,217
47,19,328
47,20,330
47,21,164
47,22,188
47,23,365
47,25,110
47,27,331
47,28,43
47,29,123
47,32,56
47,34,313
47,35,96
47,36,219
47,38,118
47,39,216
47,41,185
47,44,182
47,48,192
47,49,366
47,50,177
47,51,72
47,56,88
47,57,7
47,59,97
47,60,72
47,61,56
47,63,304
47,65,83
47,66,293
47,69,4
47,70,18
47,72,10
47,73,226
47,74,48
47,76,142
47,77,377
47,78,122
47,84,101
47,85,322
47,88,317
47,89,397
47,92,60
47,94,339
47,97,349
47,98,220
47,100,276
47,101,194
47,102,20
47,104,347
47,106,4
47,110,181
47,111,38
47,113,305
47,114,163
47,116,373
47,118,229
47,119,40
47,121,70
47,123,397
47,125,246
47,127,363
47,130,252
47,131,175
47,132,282
47,139,155
47,140,75
47,141,197
47,143,181
47,144,46
47,158,359
47,162,365
47,165,9
47,166,330
47,170,323
47,172,255
47,174,176
47,175,309
47,178,158
47,179,42
47,185,270
47,192,82
47,197,257
48,2,353
48,4,341
48,5,18
48,6,253
48,8,122
48,9,166
48,13,340
48,14,21
48,15,290
48,16,349
48,18,188
48,19,233
48,20,9
48,22,238
48,24,242
48,25,321
48,26,35
48,28,256
48,29,327
48,30,308
48,32,55
48,33,23
48,36,215
48,40,163
48,41,80
48,43,174
48,44,82
48,47,192
48,49,205
48,51,374
48,52,366
48,53,348
48,54,242
48,55,206
48,58,361
48,59,166
48,60,49
48,61,374
48,62,77
48,63,368
48,64,164
48,65,154
48,69,246
48,71,155
48,72,294
48,76,326
48,77,57
48,86,386
48,88,390
48,89,196
48,95,95
48,96,193
48,101,225
48,105,143
48,107,221
48,109,230
48,111,278
48,113,290
48,114,24
48,120,400
48,121,61
48,125,271
48,126,15
48,130,267
48,132,272
48,136,351
48,139,154
48,143,293
48,151,106
48,152,372
48,154,350
48,155,207
48,156,150
48,159,320
48,162,375
48,163,16
48,166,4
48,184,218
49,4,17
49,5,309
49,7,123
49,8,397
49,9,320
49,10,315
49,11,1
49,12,373
49,13,321
49,14,158
49,15,343
49,16,26
49,19,343
49,20,193
49,21,267
49,22,79
49,23,202
49,24,219
49,25,21
49,26,156
49,27,134
49,29,115
49,31,97
49,32,359
49,33,144
49,37,172
49,39,198
49,40,131
49,42,266
49,44,339
49,45,181
49,46,93
49,47,366
49,48,205
49,52,3
49,53,202
49,57,332
49,58,294
49,60,185
49,62,135
49,63,301
