source,target,weight
1,2,189
1,3,29
1,4,235
1,5,260
1,6,164
1,7,338
1,11,357
1,12,201
1,13,304
1,14,32
1,15,41
1,18,232
1,20,238
1,21,4
1,22,44
1,23,202
1,25,152
1,26,102
1,28,149
1,29,100
1,31,113
1,34,250
1,36,299
1,39,375
1,41,207
1,43,80
1,50,77
1,51,377
1,56,294
1,59,159
1,64,399
1,65,375
1,71,95
1,73,146
1,74,8
1,78,114
1,83,340
1,96,57
1,98,171
1,103,85
1,113,376
1,118,223
1,122,246
1,128,107
1,137,157
1,139,235
1,141,256
1,143,39
1,144,9
1,145,202
1,169,250
1,178,316
1,179,169
1,180,237
1,183,208
1,184,85
1,186,156
1,188,223
1,193,67
1,196,315
2,1,189
2,3,154
2,4,194
2,5,194
2,7,11
2,8,26
2,9,196
2,10,320
2,11,54
2,13,62
2,14,151
2,15,37
2,18,109
2,19,47
2,20,142
2,21,290
2,22,69
2,23,36
2,25,10
2,26,152
2,27,294
2,29,195
2,31,386
2,32,397
2,34,30
2,35,117
2,36,76
2,37,386
2,38,87
2,39,258
2,40,68
2,42,155
2,47,16
2,49,368
2,50,211
2,51,332
2,52,61
2,53,269
2,55,355
2,57,399
2,58,245
2,59,117
2,62,42
2,63,231
2,64,327
2,69,235
2,72,349
2,74,284
2,75,190
2,103,375
2,104,164
2,109,27
2,110,99
2,111,66
2,116,10
2,119,209
2,123,376
2,129,250
2,131,39
2,139,154
2,140,30
2,143,365
2,152,223
2,153,61
2,156,301
2,162,244
2,165,142
2,174,118
2,184,192
2,186,336
3,1,29
3,2,154
3,4,118
3,5,348
3,6,58
3,7,210
3,9,7
3,10,46
3,11,42
3,12,350
3,14,227
3,15,200
3,16,320
3,17,45
3,18,37
3,19,308
3,20,320
3,21,7
3,22,176
3,25,150
3,26,250
3,27,148
3,29,350
3,30,63
3,31,188
3,32,318
3,34,343
3,36,139
3,40,205
3,41,245
3,42,379
3,44,78
3,45,338
3,46,208
3,47,181
3,51,264
3,53,125
3,55,102
3,61,196
3,62,189
3,66,312
3,69,85
3,71,382
3,72,277
3,74,311
3,77,364
3,89,227
3,91,69
3,92,316
3,94,370
3,95,349
3,97,369
3,98,333
3,99,196
3,106,164
3,113,311
3,115,172
3,124,93
3,128,227
3,135,118
3,136,262
3,156,54
3,167,300
3,168,176
3,171,186
3,175,109
3,183,218
3,194,168
4,1,235
4,2,194
4,3,118
4,5,149
4,6,113
4,7,148
4,8,231
4,9,326
4,13,393
4,14,49
4,15,275
4,17,244
4,19,4
4,23,42
4,24,6
4,25,78
4,26,230
4,28,390
4,29,92
4,30,216
4,31,335
4,33,337
4,34,172
4,35,28
4,37,350
4,38,220
4,39,20
4,45,177
4,46,2
4,50,166
4,55,28
4,57,305
4,58,310
4,59,47
4,60,94
4,62,119
4,63,294
4,64,314
4,67,321
4,71,26
4,73,140
4,76,281
4,80,219
4,84,366
4,85,385
4,87,256
4,88,346
4,92,344
4,93,337
4,101,263
4,109,350
4,113,89
4,114,30
4,118,210
4,121,315
4,124,251
4,126,287
4,130,116
4,132,390
4,137,331
4,139,320
4,140,219
4,143,21
4,144,11
4,145,310
4,148,245
4,154,192
4,156,25
4,159,226
4,170,203
4,173,82
4,177,386
4,184,345
4,188,165
4,191,113
5,1,260
5,2,194
5,3,348
5,4,149
5,8,73
5,9,291
5,10,127
5,15,24
5,16,198
5,17,311
5,18,396
5,19,250
5,20,106
5,21,228
5,22,135
5,24,168
5,25,260
5,26,365
5,28,267
5,29,286
5,31,248
5,33,222
5,34,153
5,35,375
5,36,235
5,37,248
5,38,249
5,42,197
5,44,318
5,49,40
5,54,235
5,62,194
5,63,259
5,68,260
5,74,52
5,75,65
5,83,206
5,85,66
5,92,327
5,97,37
5,99,50
5,100,329
5,107,95
5,108,363
5,111,226
5,114,372
5,115,208
5,116,83
5,127,148
5,130,3
5,142,370
5,147,209
5,159,281
5,168,121
5,170,69
5,181,305
5,185,316
5,186,165
6,1,164
6,3,58
6,4,113
6,7,50
6,10,55
6,11,197
6,12,242
6,13,77
6,14,200
6,15,157
6,16,83
6,17,328
6,18,31
6,20,315
6,21,121
6,22,228
6,25,118
6,27,190
6,28,222
6,29,337
6,31,297
6,32,356
6,36,25
6,38,69
6,40,130
6,41,309
6,42,381
6,43,42
6,45,166
6,46,316
6,47,90
6,49,118
6,52,144
6,53,240
6,55,53
6,56,286
6,57,288
6,59,183
6,60,190
6,65,350
6,66,168
6,70,49
6,74,86
6,83,284
6,86,3
6,89,104
6,90,291
6,91,102
6,92,376
6,100,205
6,102,46
6,105,389
6,107,104
6,109,172
6,117,185
6,119,291
6,138,292
6,140,174
6,146,257
6,147,229
6,148,14
6,152,86
6,156,148
6,166,303
6,170,43
6,181,249
6,186,317
6,198,94
7,1,338
7,2,11
7,3,210
7,4,148
7,6,50
7,8,273
7,9,280
7,12,340
7,15,130
7,16,246
7,17,330
7,18,109
7,20,396
7,23,77
7,24,92
7,25,347
7,26,61
7,28,89
7,30,129
7,31,179
7,32,306
7,33,400
7,34,298
7,35,145
7,37,200
7,38,104
7,39,318
7,40,146
7,41,16
7,42,239
7,43,86
7,44,316
7,45,269
7,48,218
7,49,31
7,51,72
7,55,269
7,56,171
7,58,228
7,60,374
7,62,268
7,63,283
7,65,258
7,67,16
7,69,35
7,70,365
7,71,26
7,73,212
7,77,260
7,78,160
7,79,26
7,80,168
7,84,100
7,85,40
7,88,187
7,91,226
7,97,310
7,98,302
7,99,253
7,102,20
7,108,336
7,113,106
7,116,145
7,123,68
7,127,21
7,130,251
7,144,95
7,149,27
7,150,31
7,161,264
7,166,358
7,167,104
7,168,117
7,175,379
7,180,394
7,181,36
7,187,132
7,188,265
7,189,73
7,197,369
8,2,26
8,4,231
8,5,73
8,7,273
8,9,40
8,10,18
8,13,319
8,15,2
8,17,23
8,18,314
8,19,281
8,20,352
8,22,4
8,23,384
8,24,37
8,27,144
8,29,194
8,31,254
8,33,256
8,34,343
8,36,94
8,37,397
8,39,319
8,40,293
8,44,382
8,48,293
8,51,273
8,52,27
8,53,205
8,56,108
8,58,4
8,59,25
8,61,6
8,62,89
8,65,247
8,67,201
8,68,115
8,69,69
8,70,245
8,71,261
8,78,16
8,81,11
8,82,135
8,91,348
8,92,346
8,94,229
8,95,117
8,104,361
8,107,86
8,108,41
8,118,289
8,129,374
8,132,239
8,133,154
8,142,16
8,146,60
8,149,146
8,158,161
8,162,380
8,166,81
8,170,294
8,173,292
8,175,276
8,185,24
8,188,112
8,196,300
9,2,196
9,3,7
9,4,326
9,5,291
9,7,280
9,8,40
9,11,201
9,13,120
9,14,279
9,16,381
9,20,129
9,21,359
9,22,138
9,23,61
9,25,257
9,26,206
9,27,226
9,30,270
9,31,246
9,32,164
9,33,9
9,34,331
9,36,7
9,37,283
9,40,93
9,41,394
9,42,373
9,45,354
9,46,66
9,47,231
9,48,71
9,49,23
9,50,244
9,51,154
9,52,118
9,53,89
9,54,260
9,56,232
9,58,120
9,63,328
9,64,345
9,66,141
9,72,227
9,73,8
9,76,338
9,81,122
9,82,137
9,84,173
9,85,196
9,88,20
9,93,230
9,94,92
9,95,310
9,96,107
9,99,102
9,100,174
9,101,152
9,103,271
9,104,40
9,110,266
9,112,393
9,116,7
9,118,13
9,120,223
9,124,290
9,131,298
9,151,25
9,152,135
9,153,92
9,154,284
9,155,397
9,165,200
9,166,250
9,176,63
9,181,254
9,186,199
9,191,179
9,194,276
9,195,173
9,197,254
10,2,320
10,3,46
10,5,127
10,6,55
10,8,18
10,11,185
10,13,288
10,16,260
10,17,76
10,18,389
10,19,102
10,20,102
10,22,380
10,23,130
10,24,387
10,26,219
10,27,262
10,29,364
10,30,58
10,33,327
10,34,315
10,35,15
10,36,54
10,37,311
10,38,128
10,39,43
10,41,110
10,42,297
10,43,221
10,44,184
10,47,312
10,48,227
10,49,132
10,50,353
10,51,115
10,52,44
10,53,199
10,55,121
10,56,232
10,57,216
10,58,224
10,60,387
10,65,233
10,66,105
10,70,301
10,71,126
10,72,189
10,75,34
10,78,116
10,82,358
10,85,293
10,95,11
10,102,120
10,106,280
10,107,169
10,111,282
10,112,370
10,118,369
10,130,24
10,133,145
10,138,87
10,153,316
10,157,133
10,179,186
10,181,257
10,183,351
10,184,235
10,188,252
10,190,59
10,199,335
11,1,357
11,2,54
11,3,42
11,6,197
11,9,201
11,10,185
11,12,196
11,14,69
11,15,375
11,16,219
11,17,362
11,19,185
11,20,275
11,21,253
11,22,176
11,23,364
11,24,113
11,25,195
11,27,12
11,28,367
11,29,278
11,31,114
11,32,341
11,33,117
11,35,32
11,37,134
11,38,19
11,41,26
11,42,96
11,43,161
11,45,353
11,46,119
11,49,201
11,50,24
11,56,150
11,57,260
11,58,47
11,59,159
11,68,102
11,69,234
11,70,50
11,72,144
11,74,104
11,77,41
11,80,208
11,81,179
11,83,329
11,84,9
11,85,177
11,88,308
11,91,125
11,92,127
11,94,378
11,96,63
11,97,24
11,98,1
11,101,277
11,103,36
11,106,6
11,108,294
11,113,268
11,118,294
11,120,240
11,121,178
11,122,321
11,123,136
11,138,314
11,139,293
11,147,147
11,149,13
11,151,131
11,156,364
11,159,21
11,166,52
11,170,312
11,171,395
11,188,88
11,191,134
11,193,231
12,1,201
12,3,350
12,6,242
12,7,340
12,11,196
12,14,27
12,18,232
12,19,285
12,21,29
12,24,68
12,25,299
12,26,255
12,28,375
12,29,360
12,32,164
12,33,83
12,35,269
12,36,309
12,38,306
12,39,79
12,40,344
12,41,267
12,42,67
12,43,105
12,44,203
12,45,209
12,47,388
12,49,68
12,57,20
12,58,246
12,59,382
12,60,124
12,61,230
12,63,65
12,68,186
12,73,86
12,75,319
12,76,267
12,77,286
12,80,85
12,85,281
12,88,54
12,90,320
12,94,53
12,97,361
12,98,193
12,99,63
12,104,166
12,111,207
12,112,284
12,113,35
12,119,96
12,120,25
12,123,358
12,125,298
12,130,54
12,141,204
12,146,75
12,149,232
12,151,37
12,152,81
12,153,254
12,156,350
12,157,195
12,171,231
12,174,118
12,179,138
12,180,278
12,186,170
12,198,20
13,1,304
13,2,62
13,4,393
13,6,77
13,8,319
13,9,120
13,10,288
13,14,116
13,15,213
13,17,335
13,18,114
13,19,373
13,21,184
13,22,334
13,26,223
13,28,108
13,29,285
13,30,187
13,34,79
13,36,50
13,37,114
13,38,375
13,40,365
13,41,348
13,42,103
13,45,152
13,46,286
13,49,111
13,50,219
13,53,242
13,54,249
13,56,25
13,59,333
13,65,106
13,66,393
13,67,233
13,68,27
13,69,224
13,71,159
13,75,313
13,80,104
13,82,292
13,83,38
13,84,65
13,94,145
13,95,196
13,96,236
13,99,11
13,104,86
13,106,297
13,123,268
13,131,36
13,134,140
13,135,101
13,145,147
13,147,171
13,163,293
13,165,124
13,167,338
13,171,267
13,182,354
13,183,178
13,194,23
13,195,256
14,1,32
14,2,151
14,3,227
14,4,49
14,6,200
14,9,279
14,11,69
14,12,27
14,13,116
14,15,287
14,16,218
14,18,86
14,19,291
14,21,153
14,22,42
14,23,361
14,24,209
14,25,111
14,26,340
14,28,198
14,29,250
14,31,132
14,32,369
14,34,386
14,36,165
14,37,264
14,41,39
14,43,96
14,44,261
14,45,373
14,46,88
14,48,125
14,49,270
14,50,124
14,54,160
14,62,56
14,63,56
14,64,99
14,65,50
14,67,216
14,69,26
14,73,284
14,74,19
14,75,127
14,77,84
14,86,188
14,89,9
14,91,223
14,101,190
14,102,262
14,104,395
14,105,20
14,107,317
14,110,384
14,113,79
14,115,79
14,117,327
14,120,39
14,122,320
14,132,80
14,137,110
14,142,58
14,154,252
14,160,262
14,163,171
14,164,261
14,165,215
14,166,159
14,168,182
14,176,189
14,180,171
14,184,283
14,186,39
14,189,176
14,193,16
14,198,143
14,199,108
15,1,41
15,2,37
15,3,200
15,4,275
15,5,24
15,6,157
15,7,130
15,8,2
15,11,375
15,13,213
15,14,287
15,16,196
15,17,161
15,21,17
15,24,65
15,25,312
15,26,8
15,27,237
15,29,380
15,31,195
15,32,7
15,38,211
15,40,392
15,43,186
15,44,58
15,45,336
15,48,342
15,50,272
15,54,268
15,55,154
15,58,60
15,61,201
15,62,26
15,66,204
15,73,7
15,75,122
15,81,38
15,86,387
15,91,271
15,100,100
15,102,64
15,104,25
15,121,378
15,122,293
15,126,132
15,129,312
15,131,206
15,141,215
15,143,399
15,144,300
15,145,381
15,148,319
15,158,349
15,162,158
15,167,297
15,168,53
15,178,278
15,184,155
15,192,69
16,3,320
16,5,198
16,6,83
16,7,246
16,9,381
16,10,260
16,11,219
16,14,218
16,15,196
16,19,48
16,20,34
16,22,263
16,23,352
16,24,67
16,25,183
16,27,102
16,30,161
16,31,378
16,37,205
16,41,245
16,42,238
16,43,159
16,44,243
16,48,326
16,54,12
16,57,199
16,60,218
16,61,95
16,62,277
16,63,266
16,66,217
16,72,388
16,75,144
16,77,329
16,79,339
16,81,330
16,82,210
16,85,255
16,92,383
16,95,38
16,101,262
16,104,308
16,112,143
16,115,384
16,117,61
16,118,297
16,119,304
16,122,354
16,123,204
16,129,147
16,130,331
16,131,105
16,133,375
16,139,95
16,142,27
16,145,251
16,149,184
16,153,184
16,157,34
16,162,159
16,166,17
16,168,281
16,184,339
17,3,45
17,4,244
17,5,311
17,6,328
17,7,330
17,8,23
17,10,76
17,11,362
17,13,335
17,15,161
17,19,53
17,20,218
17,21,373
17,24,174
17,25,249
17,27,97
17,28,310
17,29,323
17,30,162
17,31,272
17,32,148
17,35,127
17,36,175
17,37,175
17,39,326
17,40,282
17,42,349
17,45,111
17,46,182
17,47,175
17,51,301
17,52,275
17,53,15
17,54,160
17,56,198
17,61,73
17,65,137
17,70,144
17,71,42
17,72,244
17,78,185
17,87,308
17,90,336
17,93,355
17,94,34
17,95,163
17,96,231
17,97,167
17,98,192
17,109,245
17,116,342
17,117,55
17,120,136
17,123,109
17,127,196
17,135,326
17,137,61
17,140,77
17,145,58
17,152,198
17,154,378
17,155,330
17,157,296
17,159,248
17,160,323
17,168,73
17,182,121
17,183,154
17,185,37
17,197,59
18,1,232
18,2,109
18,3,37
18,5,396
18,6,31
18,7,109
18,8,314
18,10,389
18,12,232
18,13,114
18,14,86
18,19,79
18,20,155
18,21,48
18,24,188
18,25,342
18,28,50
18,29,35
18,30,215
18,31,241
18,32,45
18,34,196
18,36,299
18,37,394
18,38,386
18,39,257
18,41,55
18,42,264
18,45,29
18,46,296
18,53,155
18,55,81
18,57,294
18,58,115
18,61,205
18,62,374
18,63,263
18,64,188
18,65,83
18,66,200
18,67,201
18,68,69
18,70,312
18,74,79
18,77,92
18,88,68
18,90,174
18,95,111
18,96,284
18,99,173
18,101,283
18,103,64
18,104,127
18,108,11
18,109,362
18,112,298
18,117,181
18,119,381
18,121,111
18,131,273
18,132,52
18,134,100
18,135,276
18,141,384
18,145,317
18,153,322
18,155,378
18,162,347
18,164,228
18,165,3
18,169,375
18,172,150
18,174,2
18,178,396
18,179,12
18,200,258
19,2,47
19,3,308
19,4,4
19,5,250
19,8,281
19,10,102
19,11,185
19,12,285
19,13,373
19,14,291
19,16,48
19,17,53
19,18,79
19,20,118
19,21,6
19,22,21
19,23,292
19,24,82
19,25,241
19,26,366
19,27,88
19,29,190
19,31,384
19,33,41
19,35,398
19,36,163
19,38,347
19,44,146
19,45,71
19,46,48
19,47,324
19,53,317
19,54,76
19,55,302
19,56,228
19,61,265
19,62,390
19,64,55
19,66,109
19,67,176
19,71,243
19,73,204
19,75,118
19,76,11
19,78,212
19,80,349
19,85,154
19,88,231
19,89,250
19,90,108
19,105,287
19,108,177
19,124,319
19,126,319
19,143,41
19,151,265
19,152,250
19,158,73
19,161,8
19,168,163
19,169,173
19,173,377
19,175,349
19,182,218
19,189,64
19,194,247
20,1,238
20,2,142
20,3,320
20,5,106
20,6,315
20,7,396
20,8,352
20,9,129
20,10,102
20,11,275
20,16,34
20,17,218
20,18,155
20,19,118
20,21,229
20,22,359
20,23,197
20,26,199
20,27,306
20,30,70
20,31,47
20,32,271
20,33,363
20,34,212
20,35,18
20,36,69
20,37,313
20,39,117
20,40,317
20,42,266
20,43,124
20,47,46
20,50,52
20,52,209
20,55,184
20,56,134
20,59,293
20,60,270
20,67,278
20,69,129
20,72,102
20,74,281
20,75,140
20,76,41
20,84,94
20,89,195
20,91,377
20,92,64
20,94,128
20,95,313
20,103,178
20,122,224
20,125,41
20,130,290
20,133,10
20,135,269
20,137,21
20,142,390
20,151,400
20,156,352
20,162,60
20,163,200
20,177,99
20,179,119
20,180,212
20,181,284
20,182,126
20,191,53
20,194,274
21,1,4
21,2,290
21,3,7
21,5,228
21,6,121
21,9,359
21,11,253
21,12,29
21,13,184
21,14,153
21,15,17
21,17,373
21,18,48
21,19,6
21,20,229
21,22,290
21,25,127
21,30,160
21,31,262
21,32,37
21,34,127
21,35,85
21,37,334
21,38,322
21,39,212
21,41,28
21,42,307
21,43,156
21,44,91
21,47,60
21,51,366
21,53,251
21,54,233
21,55,49
21,56,208
21,57,73
21,58,180
21,62,134
21,63,272
21,69,258
21,70,244
21,72,262
21,73,271
21,74,94
21,77,361
21,78,101
21,79,40
21,87,363
21,92,35
21,93,108
21,106,168
21,118,311
21,128,316
21,137,322
21,138,114
21,140,135
21,141,238
21,142,138
21,143,270
21,160,138
21,173,20
21,177,113
21,189,186
21,195,70
22,1,44
22,2,69
22,3,176
22,5,135
22,6,228
22,8,4
22,9,138
22,10,380
22,11,176
22,13,334
22,14,42
22,16,263
22,19,21
22,20,359
22,21,290
22,23,313
22,26,156
22,27,238
22,28,74
22,29,66
22,30,182
22,34,139
22,35,162
22,38,77
22,39,389
22,40,15
22,42,368
22,43,121
22,45,349
22,46,105
22,48,183
22,52,194
22,53,214
22,54,146
22,55,333
22,61,166
22,66,324
22,69,188
22,72,149
22,74,152
22,78,362
22,83,198
22,85,378
22,86,380
22,90,370
22,92,57
22,97,233
22,99,164
22,100,234
22,103,180
22,105,368
22,113,27
22,114,125
22,120,303
22,123,291
22,133,165
22,138,349
22,139,393
22,140,50
22,148,133
22,154,235
22,160,384
22,165,13
22,166,240
22,189,200
22,198,45
23,1,202
23,2,36
23,4,42
23,7,77
23,8,384
23,9,61
23,10,130
23,11,364
23,14,361
23,16,352
23,19,292
23,20,197
23,22,313
23,24,140
23,26,68
23,27,351
23,28,24
23,29,145
23,30,270
23,33,288
23,34,25
23,36,195
23,39,96
23,42,132
23,44,274
23,47,340
23,51,58
23,52,216
23,55,170
23,56,187
23,60,188
23,62,104
23,63,26
23,64,330
23,65,18
23,67,241
23,73,104
23,75,284
23,76,182
23,81,166
23,85,380
23,91,168
23,98,326
23,100,395
23,101,338
23,102,237
23,105,371
23,107,125
23,110,336
23,111,389
23,114,172
23,116,386
23,117,319
23,124,33
23,125,6
23,127,304
23,129,372
23,138,181
23,139,381
23,140,208
23,144,138
23,147,10
23,154,138
23,155,318
23,159,394
23,163,263
23,170,64
23,175,5
23,181,115
23,196,316
23,199,182
24,4,6
24,5,168
24,7,92
24,8,37
24,10,387
24,11,113
24,12,68
24,14,209
24,15,65
24,16,67
24,17,174
24,18,188
24,19,82
24,23,140
24,25,87
24,26,82
24,28,290
24,30,257
24,31,305
24,32,28
24,33,27
24,35,240
24,36,19
24,37,4
24,39,23
24,40,376
24,42,340
24,44,337
24,46,288
24,47,119
24,48,225
24,49,321
24,50,82
24,52,211
24,53,261
24,54,151
24,56,202
24,57,297
24,63,192
24,64,329
24,67,108
24,68,210
24,70,27
24,71,136
24,76,192
24,77,221
24,82,261
24,91,1
24,96,236
24,99,282
24,102,209
24,103,241
24,113,316
24,114,82
24,117,167
24,122,392
24,125,52
24,128,114
24,129,237
24,132,42
24,133,212
24,137,23
24,138,271
24,143,342
24,147,264
24,155,54
24,162,321
24,171,44
24,172,27
24,175,314
24,187,329
24,189,31
24,196,254
24,199,174
25,1,152
25,2,10
25,3,150
25,4,78
25,5,260
25,6,118
25,7,347
25,9,257
25,11,195
25,12,299
25,14,111
25,15,312
25,16,183
25,17,249
25,18,342
25,19,241
25,21,127
25,24,87
25,27,15
25,28,274
25,29,295
25,30,387
25,31,109
25,32,229
25,33,68
25,35,400
25,36,75
25,37,364
25,38,200
25,40,224
25,41,341
25,44,145
25,46,33
25,49,274
25,50,174
25,51,306
25,53,276
25,57,5
25,59,211
25,61,13
25,66,349
25,70,347
25,73,108
25,78,27
25,80,9
25,81,183
25,82,63
25,87,262
25,90,80
25,93,234
25,96,241
25,97,175
25,104,322
25,107,86
25,119,68
25,120,326
25,121,52
25,126,383
25,128,229
25,130,332
25,132,390
25,133,275
25,135,27
25,137,81
25,141,202
25,166,180
25,168,250
25,170,297
25,184,5
25,187,319
25,192,330
25,199,262
26,1,102
26,2,152
26,3,250
26,4,230
26,5,365
26,7,61
26,9,206
26,10,219
26,12,255
26,13,223
26,14,340
26,15,8
26,19,366
26,20,199
26,22,156
26,23,68
26,24,82
26,27,43
26,28,284
26,29,203
26,30,137
26,31,280
26,32,341
26,33,122
26,34,82
26,35,320
26,37,59
26,39,59
26,40,153
26,41,325
26,43,125
26,45,135
26,47,288
26,50,295
26,51,173
26,52,91
26,54,389
26,60,42
26,61,39
26,64,24
26,65,179
26,67,348
26,68,381
26,69,46
26,73,345
26,74,271
26,75,221
26,78,364
26,80,304
26,88,65
26,92,101
26,96,244
26,100,5
26,104,5
26,105,349
26,107,295
26,108,100
26,112,101
26,113,62
26,115,268
26,117,233
26,124,336
26,139,12
26,142,215
26,143,213
26,150,214
26,151,74
26,159,9
26,170,139
26,173,229
26,175,159
26,180,264
26,187,296
26,192,280
27,2,294
27,3,148
27,6,190
27,8,144
27,9,226
27,10,262
27,11,12
27,15,237
27,16,102
27,17,97
27,19,88
27,20,306
27,22,238
27,23,351
27,25,15
27,26,43
27,28,28
27,32,72
27,33,61
27,34,35
27,38,83
27,40,245
27,44,350
27,45,176
27,46,82
27,47,36
27,49,142
27,50,327
27,51,285
27,54,223
27,58,125
27,59,185
27,66,14
27,70,375
27,72,202
27,75,60
27,78,147
27,79,309
27,81,244
27,83,93
27,84,293
27,87,107
27,92,195
27,94,136
27,96,55
27,97,219
27,103,378
27,109,16
27,110,373
27,113,30
27,116,317
27,121,171
27,134,97
27,136,349
27,137,183
27,140,335
27,146,346
27,148,91
27,149,300
27,159,166
27,162,76
27,164,23
27,173,234
27,174,166
27,178,157
27,193,345
28,1,149
28,4,390
28,5,267
28,6,222
28,7,89
28,11,367
28,12,375
28,13,108
28,14,198
28,17,310
28,18,50
28,22,74
28,23,24
28,24,290
28,25,274
28,26,284
28,27,28
28,31,300
28,32,53
28,34,60
28,36,141
28,38,222
28,40,84
28,41,309
28,42,145
28,43,398
28,44,20
28,45,156
28,47,135
28,48,70
28,49,383
28,52,269
28,53,145
28,55,307
28,56,249
28,57,285
28,59,132
28,60,292
28,63,352
28,64,398
28,65,271
28,69,161
28,72,13
28,79,4
28,82,264
28,83,203
28,84,336
28,85,337
28,89,382
28,90,66
28,91,163
28,92,122
28,95,303
28,96,17
28,98,164
28,105,81
28,106,46
28,108,349
28,110,207
28,114,248
28,119,131
28,126,120
28,127,65
28,129,147
28,134,88
28,135,140
28,140,9
28,142,215
28,146,72
28,148,315
28,151,1
28,156,132
28,157,300
28,161,276
28,173,80
28,175,255
29,1,100
29,2,195
29,3,350
29,4,92
29,5,286
29,6,337
29,8,194
29,10,364
29,11,278
29,12,360
29,13,285
29,14,250
29,15,380
29,17,323
29,18,35
29,19,190
29,22,66
29,23,145
29,25,295
29,26,203
29,30,90
29,32,319
29,33,196
29,34,29
29,35,18
29,37,133
29,38,213
29,39,302
29,40,36
29,41,22
29,43,330
29,48,91
29,50,379
29,51,59
29,54,74
29,59,309
29,60,15
29,61,51
29,62,162
29,64,117
29,65,94
29,66,21
29,67,360
29,68,96
29,69,38
29,70,177
29,71,69
29,72,36
29,74,344
29,75,157
29,76,150
29,84,183
29,86,350
29,87,7
29,95,290
29,96,345
29,101,269
29,102,92
29,106,359
29,107,35
29,111,40
29,113,96
29,129,289
29,130,66
29,132,390
29,133,335
29,140,157
29,142,137
29,144,358
29,146,91
29,147,151
29,157,164
29,159,18
29,166,242
29,167,251
29,173,399
29,176,301
29,179,329
29,190,169
29,194,108
30,3,63
30,4,216
30,7,129
30,9,270
30,10,58
30,13,187
30,16,161
30,17,162
30,18,215
30,20,70
30,21,160
30,22,182
30,23,270
30,24,257
30,25,387
30,26,137
30,29,90
30,31,378
30,33,122
30,35,156
30,36,97
30,37,356
30,38,19
30,40,258
30,42,136
30,44,119
30,46,175
30,47,387
30,49,248
30,51,1
30,52,389
30,54,366
30,56,308
30,58,297
30,60,22
30,61,370
30,63,156
30,66,282
30,87,297
30,94,317
30,101,212
30,108,328
30,120,400
30,121,354
30,122,338
30,131,108
30,135,40
30,142,217
30,161,35
30,163,200
30,180,385
30,188,159
30,193,84
30,194,221
30,196,339
31,1,113
31,2,386
31,3,188
31,4,335
31,5,248
31,6,297
31,7,179
31,8,254
31,9,246
31,11,114
31,14,132
31,15,195
31,16,378
31,17,272
31,18,241
31,19,384
31,20,47
31,21,262
31,24,305
31,25,109
31,26,280
31,28,300
31,30,378
31,32,63
31,36,223
31,37,342
31,39,31
31,40,347
31,41,373
31,42,350
31,43,309
31,44,339
31,46,286
31,48,6
31,50,298
31,51,268
31,53,322
31,56,183
31,61,98
31,62,231
31,63,348
31,67,320
31,79,394
31,82,164
31,84,329
31,86,194
31,88,292
31,93,27
31,97,180
31,98,83
31,99,257
31,101,77
31,102,97
31,103,341
31,111,146
31,113,199
31,123,144
31,124,138
31,125,48
31,128,67
31,129,213
31,135,21
31,139,305
31,151,156
31,152,24
31,163,347
31,170,233
31,172,182
31,193,270
31,197,168
32,2,397
32,3,318
32,6,356
32,7,306
32,9,164
32,11,341
32,12,164
32,14,369
32,15,7
32,17,148
32,18,45
32,20,271
32,21,37
32,24,28
32,25,229
32,26,341
32,27,72
32,28,53
32,29,319
32,31,63
32,35,356
32,36,218
32,37,184
32,38,350
32,39,205
32,46,48
32,54,250
32,55,20
32,56,168
32,58,276
32,59,4
32,60,157
32,63,70
32,66,373
32,67,355
32,68,306
32,70,294
32,71,236
32,77,344
32,90,224
32,93,67
32,100,248
32,106,331
32,111,153
32,113,73
32,115,202
32,117,136
32,118,28
32,119,348
32,120,164
32,121,222
32,122,336
32,132,154
32,133,154
32,137,119
32,149,157
32,159,23
32,162,35
32,169,165
32,173,180
32,177,357
32,179,391
32,186,76
33,4,337
33,5,222
33,7,400
33,8,256
33,9,9
33,10,327
33,11,117
33,12,83
33,19,41
33,20,363
33,23,288
33,24,27
33,25,68
33,26,122
33,27,61
33,29,196
33,30,122
33,34,376
33,35,101
33,38,377
33,40,212
33,42,142
33,43,383
33,44,390
33,45,339
33,46,234
33,48,30
33,53,177
33,56,23
33,58,268
33,59,324
33,60,165
33,62,184
33,63,283
33,64,277
33,65,40
33,66,114
33,68,319
33,69,159
33,71,166
33,72,109
33,76,242
33,77,76
33,81,142
33,84,211
33,86,379
33,87,274
33,88,234
33,90,345
33,98,124
33,99,167
33,101,207
33,104,218
33,109,138
33,111,180
33,117,264
33,119,98
33,120,200
33,121,237
33,127,282
33,128,173
33,139,281
33,141,326
33,146,377
33,148,185
33,149,246
33,179,103
33,182,386
33,184,326
33,195,91
34,1,250
34,2,30
34,3,343
34,4,172
34,5,153
34,7,298
34,8,343
34,9,331
34,10,315
34,13,79
34,14,386
34,18,196
34,20,212
34,21,127
34,22,139
34,23,25
34,26,82
34,27,35
34,28,60
34,29,29
34,33,376
34,35,368
34,36,254
34,37,349
34,39,108
34,40,17
34,41,395
34,42,145
34,43,320
34,47,75
34,48,188
34,49,367
34,50,130
34,52,387
34,53,354
34,54,253
34,56,319
34,59,170
34,60,313
34,65,41
34,66,128
34,70,58
34,71,274
34,72,239
34,79,10
34,82,230
34,83,2
34,84,2
34,86,256
34,87,332
34,92,134
34,98,109
34,108,214
34,109,87
34,110,116
34,115,363
34,119,38
34,120,303
34,121,385
34,129,131
34,132,115
34,133,199
34,134,308
34,135,164
34,141,201
34,148,248
34,149,314
34,150,79
34,152,182
34,162,344
34,168,292
34,174,339
34,179,276
34,187,204
34,193,97
35,2,117
35,4,28
35,5,375
35,7,145
35,10,15
35,11,32
35,12,269
35,17,127
35,19,398
35,20,18
35,21,85
35,22,162
35,24,240
35,25,400
35,26,320
35,29,18
35,30,156
35,32,356
35,33,101
35,34,368
35,36,97
35,39,317
35,40,181
35,43,91
35,44,176
35,45,181
35,46,264
35,47,24
35,48,297
35,49,358
35,51,29
35,52,100
35,53,30
35,54,189
35,55,254
35,57,385
35,61,267
35,63,352
35,65,108
35,68,393
35,71,124
35,73,131
35,77,264
35,81,156
35,88,242
35,89,160
35,96,71
35,98,201
35,105,233
35,106,189
35,109,325
35,113,287
35,114,45
35,116,1
35,122,10
35,124,347
35,125,294
35,130,68
35,137,284
35,139,203
35,144,199
35,145,199
35,152,99
35,156,391
35,158,140
35,169,17
35,177,252
35,185,78
35,187,185
35,191,266
35,192,30
35,196,222
36,1,299
36,2,76
36,3,139
36,5,235
36,6,25
36,8,94
36,9,7
36,10,54
36,12,309
36,13,50
36,14,165
36,17,175
36,18,299
36,19,163
36,20,69
36,23,195
36,24,19
36,25,75
36,28,141
36,30,97
36,31,223
36,32,218
36,34,254
36,35,97
36,45,21
36,46,356
36,47,379
36,48,226
36,49,364
36,50,158
36,53,290
36,54,393
36,55,353
36,56,209
36,58,352
36,59,7
36,61,4
36,62,62
36,63,101
36,67,118
36,72,359
36,78,394
36,79,305
36,80,54
36,83,235
36,84,358
36,85,312
36,87,212
36,88,378
36,93,333
36,97,17
36,105,265
36,107,122
36,114,223
36,116,371
36,119,322
36,122,175
36,136,7
36,144,395
36,147,197
36,148,86
36,156,328
36,157,39
36,170,65
36,171,84
36,173,13
36,178,145
36,182,50
36,188,91
36,194,177
36,200,189
37,2,386
37,4,350
37,5,248
37,7,200
37,8,397
37,9,283
37,10,311
37,11,134
37,13,114
37,14,264
37,16,205
37,17,175
37,18,394
37,20,313
37,21,334
37,24,4
37,25,364
37,26,59
37,29,133
37,30,356
37,31,342
37,32,184
37,34,349
37,40,271
37,41,22
37,43,159
37,49,93
37,57,16
37,61,343
37,62,12
37,63,125
37,68,361
37,69,367
37,74,315
37,76,304
37,79,215
37,84,29
37,85,390
37,87,389
37,88,120
37,91,308
37,92,27
37,93,224
37,95,329
37,96,352
37,100,172
37,105,125
37,109,140
37,112,233
37,120,77
37,122,80
37,128,96
37,133,30
37,136,294
37,137,114
37,138,358
37,149,135
37,154,184
37,170,217
37,185,91
37,196,228
38,2,87
38,4,220
38,5,249
38,6,69
38,7,104
38,10,128
38,11,19
38,12,306
38,13,375
38,15,211
38,18,386
38,19,347
38,21,322
38,22,77
38,25,200
38,27,83
38,28,222
38,29,213
38,30,19
38,32,350
38,33,377
38,39,359
38,41,176
38,42,231
38,43,347
38,45,20
38,46,298
38,48,356
38,50,43
38,51,264
38,52,391
38,53,269
38,55,317
38,56,263
38,57,344
38,59,350
38,61,364
38,62,325
38,64,160
38,67,381
38,70,193
38,75,279
38,81,200
38,86,123
38,91,252
38,95,172
38,96,27
38,98,398
38,106,23
38,108,371
38,109,259
38,117,125
38,119,331
38,124,121
38,134,338
38,135,159
38,152,256
38,153,90
38,155,129
38,157,183
38,163,107
38,176,217
38,177,375
38,179,33
38,199,41
39,1,375
39,2,258
39,4,20
39,7,318
39,8,319
39,10,43
39,12,79
39,17,326
39,18,257
39,20,117
39,21,212
39,22,389
39,23,96
39,24,23
39,26,59
39,29,302
39,31,31
39,32,205
39,34,108
39,35,317
39,38,359
39,41,339
39,43,130
39,44,297
39,45,120
39,46,145
39,47,363
39,48,174
39,52,131
39,54,25
39,55,160
39,56,5
39,57,373
39,64,362
39,65,101
39,67,30
39,68,342
39,69,96
39,70,299
39,73,189
39,75,392
39,79,80
39,81,320
39,82,141
39,87,122
39,89,49
39,90,353
39,95,300
39,98,117
39,107,152
39,109,339
39,111,391
39,113,331
39,116,127
39,121,299
39,122,219
39,123,36
39,124,12
39,128,215
39,140,324
39,143,236
39,150,172
39,151,184
39,155,312
39,169,168
39,174,238
40,2,68
40,3,205
40,6,130
40,7,146
40,8,293
40,9,93
40,12,344
40,13,365
40,15,392
40,17,282
40,20,317
40,22,15
40,24,376
40,25,224
40,26,153
40,27,245
40,28,84
40,29,36
40,30,258
40,31,347
40,33,212
40,34,17
40,35,181
40,37,271
40,41,9
40,43,251
40,44,390
40,46,239
40,47,345
40,48,322
40,50,90
40,51,215
40,52,44
40,54,268
40,57,247
40,67,213
40,68,132
40,71,278
40,72,348
40,73,116
40,78,137
40,79,77
40,80,89
40,83,104
40,85,118
40,88,285
40,91,220
40,94,308
40,97,120
40,104,87
40,106,217
40,108,366
40,115,198
40,117,229
40,120,357
40,125,338
40,126,120
40,152,134
40,154,324
40,155,293
40,156,376
40,157,216
40,170,298
40,176,358
40,179,58
40,200,151
41,1,207
41,3,245
41,6,309
41,7,16
41,9,394
41,10,110
41,11,26
41,12,267
41,13,348
41,14,39
41,16,245
41,18,55
41,21,28
41,25,341
41,26,325
41,28,309
41,29,22
41,31,373
41,34,395
41,37,22
41,38,176
41,39,339
41,40,9
41,44,179
41,57,196
41,60,267
41,64,294
41,66,169
41,67,151
41,69,86
41,72,232
41,74,361
41,75,162
41,76,101
41,77,136
41,79,316
41,83,19
41,85,29
41,86,224
41,88,153
41,91,203
41,96,336
41,107,124
41,110,111
41,118,257
41,123,303
41,127,273
41,129,21
41,131,99
41,137,311
41,152,34
41,169,257
41,186,400
41,191,222
41,197,176
42,2,155
42,3,379
42,5,197
42,6,381
42,7,239
42,9,373
42,10,297
42,11,96
42,12,67
42,13,103
42,16,238
42,17,349
42,18,264
42,20,266
42,21,307
42,22,368
42,23,132
42,24,340
42,28,145
42,30,136
42,31,350
42,33,142
42,34,145
42,38,231
42,43,189
42,45,57
42,47,222
42,48,191
42,49,48
42,50,235
42,52,311
42,55,209
42,59,61
42,61,267
42,62,284
42,66,21
42,67,336
42,70,352
42,72,182
42,73,347
42,74,228
42,76,256
42,77,208
42,79,233
42,83,108
42,85,389
42,88,257
42,89,322
42,90,50
42,91,67
42,95,317
42,99,28
42,106,174
42,109,133
42,110,242
42,113,21
42,115,166
42,119,186
42,126,363
42,128,211
42,130,28
42,133,191
42,141,110
42,147,16
42,155,187
42,159,311
42,173,88
42,180,206
42,190,212
42,196,293
42,200,378
43,1,80
43,6,42
43,7,86
43,10,221
43,11,161
43,12,105
43,14,96
43,15,186
43,16,159
43,20,124
43,21,156
43,22,121
43,26,125
43,28,398
43,29,330
43,31,309
43,33,383
43,34,320
43,35,91
43,37,159
43,38,347
43,39,130
43,40,251
43,42,189
43,45,194
43,48,365
43,49,276
43,52,205
43,53,393
43,59,242
43,62,100
43,69,371
43,70,56
43,71,212
43,76,372
43,79,257
43,80,207
43,82,236
43,83,353
43,89,60
43,93,219
43,96,353
43,99,79
43,100,209
43,104,56
43,106,45
43,113,62
43,117,247
43,118,272
43,121,188
43,128,332
43,137,325
43,139,162
43,140,160
43,149,85
43,152,304
43,154,391
43,157,43
43,169,379
43,170,326
43,174,144
43,176,224
43,185,383
43,198,137
44,3,78
44,5,318
44,7,316
44,8,382
44,10,184
44,12,203
44,14,261
44,15,58
44,16,243
44,19,146
44,21,91
44,23,274
44,24,337
44,25,145
44,27,350
44,28,20
44,30,119
44,31,339
44,33,390
44,35,176
44,39,297
44,40,390
44,41,179
44,46,50
44,48,196
44,50,235
44,51,145
44,53,284
44,57,267
44,60,251
44,61,349
44,65,190
44,67,307
44,72,383
44,75,305
44,76,379
44,80,160
44,83,79
44,90,3
44,94,40
44,100,76
44,102,148
44,103,369
44,106,338
44,109,139
44,112,341
44,124,284
44,130,343
44,137,246
44,138,362
44,141,184
44,142,2
44,146,264
44,150,23
44,151,118
44,152,29
44,166,64
44,169,311
44,172,187
44,175,347
44,183,166
44,184,336
44,187,107
44,189,265
44,192,70
44,198,319
45,3,338
45,4,177
45,6,166
45,7,269
45,9,354
45,11,353
45,12,209
45,13,152
45,14,373
45,15,336
45,17,111
45,18,29
45,19,71
45,22,349
45,26,135
45,27,176
45,28,156
45,33,339
45,35,181
45,36,21
45,38,20
45,39,120
45,42,57
45,43,194
45,47,228
45,48,244
45,51,174
45,52,323
45,53,230
45,54,251
45,57,302
45,59,298
45,62,310
45,65,310
45,68,255
45,70,314
45,72,8
45,73,230
45,83,185
45,84,148
45,88,82
45,89,257
45,91,77
45,96,17
45,102,363
45,109,275
45,110,382
45,120,135
45,127,82
45,133,30
45,140,7
45,144,169
45,153,186
45,157,338
45,158,270
45,160,288
45,168,384
45,179,45
45,183,343
45,186,183
45,191,252
45,193,291
45,195,165
46,3,208
46,4,2
46,6,316
46,9,66
46,11,119
46,13,286
46,14,88
46,17,182
46,18,296
46,19,48
46,22,105
46,24,288
46,25,33
46,27,82
46,30,175
46,31,286
46,32,48
46,33,234
46,35,264
46,36,356
46,38,298
46,39,145
46,40,239
46,44,50
46,47,333
46,50,253
46,51,216
46,52,126
46,53,149
46,54,281
46,57,254
46,61,357
46,62,63
46,66,353
46,68,188
46,72,187
46,73,354
46,74,177
46,77,319
46,78,221
46,82,169
46,84,29
46,87,51
46,90,335
46,92,389
46,102,328
46,110,190
46,111,187
46,112,189
46,120,266
46,123,191
46,124,327
46,126,222
46,127,65
46,129,115
46,136,214
46,140,31
46,154,61
46,155,272
46,159,375
46,162,174
46,165,203
46,168,325
46,172,390
46,174,332
46,176,138
46,183,142
46,196,383
46,197,209
46,199,398
47,2,16
47,3,181
47,6,90
47,9,231
47,10,312
47,12,388
47,17,175
47,19,324
47,20,46
47,21,60
47,23,340
47,24,119
47,26,288
47,27,36
47,28,135
47,30,387
47,34,75
47,35,24
47,36,379
47,39,363
47,40,345
47,42,222
47,45,228
47,46,333
47,48,386
47,50,345
47,51,237
47,52,147
47,54,220
47,55,378
47,56,292
47,57,179
47,58,397
47,59,272
47,60,135
47,62,239
47,63,382
47,65,237
47,69,18
47,71,340
47,74,37
47,76,204
47,78,363
47,79,146
47,82,287
47,88,180
47,94,182
47,95,83
47,98,335
47,102,153
47,106,311
47,113,105
47,118,142
47,132,350
47,137,251
47,139,164
47,143,349
47,144,40
47,146,195
47,148,278
47,151,305
47,164,337
47,167,317
47,169,90
47,180,101
47,189,57
47,191,20
47,198,394
48,7,218
48,8,293
48,9,71
48,10,227
48,14,125
48,15,342
48,16,326
48,22,183
48,24,225
48,28,70
48,29,91
48,31,6
48,33,30
48,34,188
48,35,297
48,36,226
48,38,356
48,39,174
48,40,322
48,42,191
48,43,365
48,44,196
48,45,244
48,47,386
48,49,383
48,51,195
48,54,326
48,56,229
48,58,330
48,59,363
48,60,147
48,61,71
48,64,229
48,68,336
48,69,85
48,70,355
48,72,126
48,78,223
48,79,196
48,81,248
48,82,294
48,85,328
48,86,73
48,88,161
48,94,121
48,96,70
48,100,50
48,102,161
48,105,200
48,110,1
48,113,170
48,121,169
48,124,64
48,125,78
48,128,347
48,130,379
48,133,287
48,134,320
48,136,17
48,141,173
48,142,399
48,145,275
48,150,160
48,171,83
48,179,343
48,186,53
48,188,358
48,190,31
49,2,368
49,5,40
49,6,118
49,7,31
49,9,23
49,10,132
49,11,201
49,12,68
49,13,111
49,14,270
49,24,321
49,25,274
49,27,142
49,28,383
49,30,248
49,34,367
49,35,358
49,36,364
49,37,93
49,42,48
49,43,276
49,48,383
49,54,389
49,55,194
49,58,320
49,59,344
49,60,154
49,62,308
49,66,116
49,69,195
49,73,298
49,74,362
49,76,116
49,78,125
49,84,212
49,91,194
49,93,381
49,94,371
49,97,317
49,100,86
49,101,10
49,102,56
49,105,67
49,110,303
49,116,186
49,118,121
49,120,51
49,123,25
49,135,243
49,138,101
49,153,353
49,157,107
49,170,363
49,171,232
49,172,146
49,185,48
49,188,81
49,195,84
50,1,77
50,2,211
50,4,166
50,9,244
50,10,353
50,11,24
50,13,219
50,14,124
50,15,272
50,20,52
50,24,82
50,25,174
50,26,295
50,27,327
50,29,379
50,31,298
50,34,130
50,36,158
50,38,43
50,40,90
50,42,235
50,44,235
50,46,253
50,47,345
50,52,211
50,54,173
50,55,116
50,57,225
50,58,136
50,60,125
50,62,355
50,63,343
50,64,197
50,66,149
50,67,113
50,68,16
50,70,347
50,72,65
50,78,369
50,79,39
50,82,35
50,83,330
50,84,287
50,93,275
50,96,119
50,97,27
50,102,283
50,106,111
50,108,204
50,109,325
50,110,198
50,115,345
50,124,315
50,125,136
50,126,153
50,132,201
50,134,395
50,137,374
50,146,319
50,147,8
50,150,383
50,154,62
50,160,274
50,172,230
50,177,178
50,182,344
50,186,238
50,200,284
51,1,377
51,2,332
51,3,264
51,7,72
51,8,273
51,9,154
51,10,115
51,17,301
51,21,366
51,23,58
51,25,306
51,26,173
51,27,285
51,29,59
51,30,1
51,31,268
51,35,29
51,38,264
51,40,215
51,44,145
51,45,174
51,46,216
51,47,237
51,48,195
51,54,378
51,56,353
51,58,77
51,60,180
51,61,327
51,63,240
51,65,141
51,70,212
51,74,256
51,82,183
51,85,274
51,86,341
51,87,301
51,88,353
51,89,13
51,90,188
51,93,28
51,95,1
51,96,198
51,98,187
51,103,96
51,105,107
51,107,149
51,108,37
51,112,144
51,116,361
51,121,292
51,123,214
51,132,35
51,138,57
51,139,62
51,142,164
51,148,113
51,168,361
51,171,91
51,172,53
51,182,354
51,183,178
51,185,207
52,2,61
52,6,144
52,8,27
52,9,118
52,10,44
52,17,275
52,20,209
52,22,194
52,23,216
52,24,211
52,26,91
52,28,269
52,30,389
52,34,387
52,35,100
52,38,391
52,39,131
52,40,44
52,42,311
52,43,205
52,45,323
52,46,126
52,47,147
52,50,211
52,53,76
52,55,366
52,57,344
52,58,210
52,61,147
52,62,299
52,63,167
52,66,126
52,67,327
52,72,133
52,73,269
52,74,293
52,80,196
52,85,366
52,91,95
52,93,5
52,97,142
52,101,166
52,110,376
52,114,149
52,116,179
52,129,256
52,135,272
52,136,72
52,141,323
52,146,63
52,150,216
52,151,270
52,163,169
52,169,90
52,179,238
53,2,269
53,3,125
53,6,240
53,8,205
53,9,89
53,10,199
53,13,242
53,17,15
53,18,155
53,19,317
53,21,251
53,22,214
53,24,261
53,25,276
53,28,145
53,31,322
53,33,177
53,34,354
53,35,30
53,36,290
53,38,269
53,43,393
53,44,284
53,45,230
53,46,149
53,52,76
53,55,309
53,58,319
53,60,335
53,63,243
53,66,6
53,70,49
53,77,167
53,78,225
53,80,259
53,81,170
53,84,348
53,92,156
53,97,381
53,98,260
53,99,21
53,100,106
53,103,8
53,108,17
53,109,6
53,117,319
53,119,317
53,126,285
53,129,326
53,130,51
53,133,127
53,134,230
53,135,362
53,138,248
53,140,369
53,141,303
53,143,121
53,145,363
53,163,39
53,165,136
53,166,329
53,170,114
53,193,12
53,196,384
54,5,235
54,9,260
54,13,249
54,14,160
54,15,268
54,16,12
54,17,160
54,19,76
54,21,233
54,22,146
54,24,151
54,26,389
54,27,223
54,29,74
54,30,366
54,32,250
54,34,253
54,35,189
54,36,393
54,39,25
54,40,268
54,45,251
54,46,281
54,47,220
54,48,326
54,49,389
54,50,173
54,51,378
54,55,220
54,56,284
54,62,264
54,66,396
54,69,368
54,71,316
54,75,399
54,77,230
54,80,94
54,87,136
54,91,369
54,93,111
54,99,73
54,109,159
54,115,187
54,121,112
54,122,315
54,139,69
54,147,134
54,148,99
54,150,288
54,152,228
54,159,364
54,171,186
54,175,321
54,179,134
54,180,182
54,184,315
54,191,49
54,195,238
54,196,193
55,2,355
55,3,102
55,4,28
55,6,53
55,7,269
55,10,121
55,15,154
55,18,81
55,19,302
55,20,184
55,21,49
55,22,333
55,23,170
55,28,307
55,32,20
55,35,254
55,36,353
55,38,317
55,39,160
55,42,209
55,47,378
55,49,194
55,50,116
55,52,366
55,53,309
55,54,220
55,56,199
55,58,284
55,69,72
55,71,178
55,72,317
55,73,208
55,74,236
55,80,397
55,84,168
55,86,357
55,90,73
55,94,360
55,98,216
55,101,69
55,103,291
55,106,297
55,112,212
55,113,81
55,119,51
55,129,143
55,138,346
55,154,338
55,156,28
55,158,345
55,173,385
55,176,381
55,181,341
55,190,397
55,191,337
55,193,278
55,200,297
56,1,294
56,6,286
56,7,171
56,8,108
56,9,232
56,10,232
56,11,150
56,13,25
56,17,198
56,19,228
56,20,134
56,21,208
56,23,187
56,24,202
56,28,249
56,30,308
56,31,183
56,32,168
56,33,23
56,34,319
56,36,209
56,38,263
56,39,5
56,47,292
56,48,229
56,51,353
56,54,284
56,55,199
56,58,296
56,59,54
56,61,185
56,63,306
56,64,137
56,65,258
56,67,311
56,68,35
56,69,142
56,74,218
56,75,372
56,76,344
56,77,331
56,78,12
56,79,215
56,80,119
56,81,251
56,84,354
56,88,107
56,92,396
56,94,105
56,95,150
56,103,61
56,106,290
56,111,187
56,112,298
56,117,125
56,120,302
56,122,95
56,125,312
56,131,12
56,136,258
56,139,390
56,145,198
56,153,45
56,155,354
56,158,239
56,170,203
56,172,190
56,173,272
56,175,284
56,177,106
56,195,378
56,200,147
57,2,399
57,4,305
57,6,288
57,10,216
57,11,260
57,12,20
57,16,199
57,18,294
57,21,73
57,24,297
57,25,5
57,28,285
57,35,385
57,37,16
57,38,344
57,39,373
57,40,247
57,41,196
57,44,267
57,45,302
57,46,254
57,47,179
57,50,225
57,52,344
57,60,2
57,64,106
57,66,143
57,67,35
57,69,382
57,74,56
57,75,106
57,76,158
57,77,342
57,78,361
57,80,31
57,87,174
57,90,112
57,92,188
57,93,93
57,96,341
57,99,344
57,105,132
57,112,191
57,116,86
57,124,209
57,125,260
57,129,25
57,131,392
57,134,299
57,139,390
57,144,220
57,148,104
57,151,270
57,154,86
57,156,182
57,160,176
57,164,380
57,181,243
57,197,295
57,198,248
58,2,245
58,4,310
58,7,228
58,8,4
58,9,120
58,10,224
58,11,47
58,12,246
58,15,60
58,18,115
58,21,180
58,27,125
58,30,297
58,32,276
58,33,268
58,36,352
58,47,397
58,48,330
58,49,320
58,50,136
58,51,77
58,52,210
58,53,319
58,55,284
58,56,296
58,59,350
58,60,253
58,64,247
58,67,34
58,73,28
58,74,204
58,77,127
58,79,265
58,82,339
58,84,70
58,87,347
58,89,217
58,92,63
58,97,116
58,100,343
58,102,378
58,105,118
58,112,206
58,114,10
58,115,38
58,121,228
58,124,183
58,125,109
58,126,339
58,127,193
58,136,80
58,137,261
58,140,309
58,157,122
58,163,31
58,167,129
58,176,310
58,177,319
58,180,174
58,182,220
58,196,289
59,1,159
59,2,117
59,4,47
59,6,183
59,8,25
59,11,159
59,12,382
59,13,333
59,20,293
59,25,211
59,27,185
59,28,132
59,29,309
59,32,4
59,33,324
59,34,170
59,36,7
59,38,350
59,42,61
59,43,242
59,45,298
59,47,272
59,48,363
59,49,344
59,56,54
59,58,350
59,60,290
59,64,270
59,68,122
59,73,160
59,74,320
59,76,93
59,77,208
59,85,252
59,87,6
59,89,171
59,91,355
59,94,117
59,100,13
59,106,55
59,107,222
59,114,189
59,125,356
59,130,182
59,136,264
59,143,27
59,154,365
59,156,399
59,174,390
59,180,285
59,183,243
59,186,230
59,189,357
60,4,94
60,6,190
60,7,374
60,10,387
60,12,124
60,16,218
60,20,270
60,23,188
60,26,42
60,28,292
60,29,15
60,30,22
60,32,157
60,33,165
60,34,313
60,41,267
60,44,251
60,47,135
60,48,147
60,49,154
60,50,125
60,51,180
60,53,335
60,57,2
60,58,253
60,59,290
60,63,158
60,64,323
60,65,340
60,68,136
60,69,29
60,70,111
60,71,98
60,73,141
60,75,175
60,77,299
60,79,92
60,82,155
60,85,281
60,87,208
60,89,281
60,93,249
60,98,212
60,99,83
60,100,200
60,101,284
60,102,126
60,105,293
60,106,396
60,108,319
60,110,278
60,112,324
60,115,264
60,116,18
60,118,45
60,126,43
60,127,225
60,134,88
60,141,87
60,142,378
60,148,288
60,162,119
60,184,199
60,185,238
60,190,142
60,194,205
60,197,204
61,3,196
61,8,6
61,12,230
61,15,201
61,16,95
61,17,73
61,18,205
61,19,265
61,22,166
61,25,13
61,26,39
61,29,51
61,30,370
61,31,98
61,35,267
61,36,4
61,37,343
61,38,364
61,42,267
61,44,349
61,46,357
61,48,71
61,51,327
61,52,147
61,56,185
61,64,245
61,70,123
61,78,370
61,80,146
61,81,214
61,86,38
61,92,25
61,94,18
61,96,294
61,97,139
61,98,198
61,99,238
61,100,351
61,101,30
61,108,342
61,119,167
61,120,50
61,126,323
61,127,292
61,133,200
61,145,67
61,146,17
61,157,47
61,162,282
61,167,136
61,168,297
