source,target,weight
1,2,294
1,3,20
1,5,199
1,6,151
1,7,202
1,8,256
1,10,380
1,11,286
1,12,384
1,13,209
1,14,274
1,17,354
1,18,289
1,19,51
1,22,243
1,23,47
1,24,339
1,26,10
1,29,186
1,30,357
1,34,110
1,35,124
1,36,195
1,37,305
1,38,5
1,39,33
1,40,179
1,43,1
1,46,114
1,48,363
1,50,360
1,52,248
1,53,104
1,55,107
1,57,397
1,58,341
1,60,369
1,63,135
1,64,253
1,66,318
1,70,300
1,72,189
1,75,256
1,76,37
1,82,312
1,83,348
1,90,278
1,93,188
1,95,91
1,103,54
1,105,283
1,110,382
1,114,242
1,123,75
1,124,97
1,127,120
1,131,313
1,133,322
1,138,382
1,141,324
1,142,276
1,147,27
1,157,182
1,168,254
1,172,163
1,181,193
1,182,36
1,185,355
1,186,274
1,192,338
2,1,294
2,3,158
2,4,325
2,5,152
2,7,50
2,8,316
2,10,323
2,11,4
2,12,252
2,13,2
2,14,122
2,15,364
2,16,118
2,17,378
2,18,181
2,19,54
2,22,148
2,23,360
2,25,373
2,27,156
2,28,165
2,30,54
2,31,163
2,33,161
2,37,225
2,39,255
2,42,297
2,43,121
2,47,390
2,48,383
2,49,86
2,52,320
2,54,227
2,55,327
2,58,322
2,60,263
2,61,19
2,64,238
2,68,67
2,71,265
2,72,352
2,74,114
2,75,174
2,77,374
2,79,169
2,80,23
2,81,350
2,83,182
2,93,102
2,94,298
2,98,276
2,100,114
2,101,63
2,102,121
2,104,115
2,105,167
2,106,312
2,107,76
2,109,327
2,110,381
2,131,284
2,132,102
2,133,235
2,137,188
2,139,317
2,141,272
2,146,129
2,147,93
2,153,55
2,154,102
2,157,345
2,161,78
2,165,329
2,167,46
2,175,270
2,178,357
2,192,84
2,195,24
3,1,20
3,2,158
3,4,73
3,5,34
3,7,20
3,9,291
3,16,311
3,17,369
3,18,61
3,19,154
3,20,142
3,22,367
3,23,310
3,24,210
3,25,56
3,26,167
3,27,226
3,28,383
3,31,378
3,32,239
3,33,161
3,35,160
3,36,100
3,38,17
3,40,316
3,41,34
3,43,258
3,44,260
3,45,210
3,47,283
3,56,44
3,57,65
3,64,93
3,69,391
3,71,342
3,72,183
3,73,65
3,78,320
3,87,263
3,89,47
3,90,233
3,93,394
3,96,50
3,97,255
3,99,169
3,110,348
3,112,260
3,114,222
3,116,326
3,117,37
3,124,155
3,125,66
3,139,265
3,144,344
3,147,276
3,150,116
3,151,68
3,159,94
3,163,79
3,164,260
3,167,194
3,173,50
3,185,58
3,196,59
3,200,163
4,2,325
4,3,73
4,5,286
4,6,50
4,7,5
4,8,274
4,9,89
4,10,172
4,11,210
4,12,276
4,13,190
4,14,151
4,15,61
4,16,179
4,17,34
4,19,91
4,20,67
4,22,3
4,24,348
4,25,352
4,26,257
4,28,174
4,30,104
4,32,324
4,34,139
4,35,197
4,36,310
4,37,357
4,39,229
4,40,67
4,42,122
4,43,126
4,45,98
4,46,400
4,47,219
4,49,232
4,51,9
4,52,310
4,54,198
4,55,261
4,56,217
4,61,209
4,63,137
4,65,64
4,70,150
4,71,13
4,72,235
4,74,93
4,75,20
4,81,218
4,84,55
4,86,318
4,87,223
4,88,276
4,97,345
4,98,314
4,104,200
4,106,249
4,109,7
4,111,344
4,122,38
4,124,245
4,139,171
4,140,229
4,150,214
4,180,225
5,1,199
5,2,152
5,3,34
5,4,286
5,7,152
5,8,316
5,10,273
5,12,103
5,13,172
5,15,140
5,19,11
5,20,284
5,21,95
5,22,351
5,24,244
5,25,299
5,27,316
5,28,248
5,29,24
5,30,235
5,33,16
5,34,259
5,36,189
5,37,358
5,38,298
5,40,361
5,41,62
5,42,95
5,44,152
5,46,364
5,48,345
5,49,223
5,50,45
5,51,153
5,53,37
5,57,68
5,58,149
5,59,202
5,61,210
5,63,288
5,65,142
5,70,388
5,71,49
5,76,135
5,78,312
5,81,243
5,85,50
5,87,50
5,88,317
5,92,198
5,96,268
5,97,141
5,102,174
5,105,224
5,108,210
5,109,73
5,114,326
5,115,226
5,116,196
5,125,343
5,127,108
5,145,352
5,149,1
5,157,52
5,161,221
5,162,124
5,165,359
5,170,22
5,180,116
5,184,94
5,189,213
5,192,232
5,193,59
5,195,284
5,199,327
5,200,207
6,1,151
6,4,50
6,7,325
6,8,179
6,9,96
6,11,376
6,12,17
6,13,335
6,14,201
6,15,80
6,16,89
6,17,310
6,19,88
6,20,154
6,22,31
6,23,264
6,24,168
6,25,394
6,26,147
6,28,261
6,29,197
6,31,175
6,32,338
6,33,250
6,34,182
6,35,254
6,36,186
6,38,214
6,40,121
6,41,158
6,43,86
6,47,208
6,48,344
6,49,359
6,50,225
6,51,309
6,52,170
6,56,142
6,57,369
6,60,9
6,61,147
6,62,31
6,63,264
6,64,110
6,66,7
6,67,109
6,71,347
6,72,375
6,75,191
6,79,380
6,81,163
6,85,16
6,86,344
6,99,268
6,104,334
6,105,249
6,109,56
6,116,91
6,117,361
6,122,353
6,127,191
6,130,362
6,131,337
6,136,11
6,138,13
6,139,322
6,145,278
6,153,8
6,157,172
6,160,153
6,161,299
6,163,391
6,164,158
6,167,173
6,169,11
6,174,263
6,178,338
6,179,261
6,180,346
6,187,83
7,1,202
7,2,50
7,3,20
7,4,5
7,5,152
7,6,325
7,9,201
7,10,328
7,15,115
7,17,160
7,18,20
7,19,3
7,20,189
7,21,63
7,22,9
7,24,366
7,26,86
7,28,110
7,29,273
7,32,249
7,34,304
7,37,167
7,38,44
7,39,234
7,41,14
7,43,238
7,44,232
7,46,121
7,47,236
7,48,78
7,49,118
7,52,142
7,54,52
7,55,25
7,57,49
7,58,254
7,59,215
7,62,171
7,63,116
7,69,25
7,82,338
7,84,167
7,85,370
7,93,301
7,98,210
7,100,204
7,102,209
7,104,41
7,108,82
7,112,41
7,119,115
7,120,396
7,125,263
7,140,126
7,149,76
7,156,245
7,157,98
7,158,230
7,170,10
7,174,51
7,181,242
7,182,317
8,1,256
8,2,316
8,4,274
8,5,316
8,6,179
8,9,150
8,11,103
8,12,308
8,14,139
8,15,196
8,16,254
8,18,49
8,20,177
8,22,295
8,23,255
8,24,44
8,27,372
8,28,84
8,32,131
8,34,119
8,35,225
8,37,148
8,38,159
8,39,238
8,40,311
8,41,399
8,44,239
8,46,128
8,48,142
8,49,72
8,50,3
8,52,104
8,53,42
8,54,176
8,55,328
8,56,89
8,57,34
8,58,228
8,59,197
8,61,361
8,63,28
8,70,78
8,72,388
8,74,183
8,77,44
8,78,209
8,83,69
8,86,263
8,95,20
8,96,336
8,97,255
8,99,61
8,107,45
8,110,166
8,114,369
8,115,58
8,116,37
8,117,82
8,125,295
8,126,318
8,128,46
8,131,344
8,134,224
8,135,263
8,136,152
8,138,105
8,142,247
8,156,386
8,159,186
8,167,138
8,171,37
8,176,83
8,185,287
9,3,291
9,4,89
9,6,96
9,7,201
9,8,150
9,10,367
9,11,168
9,12,121
9,13,131
9,14,92
9,15,335
9,16,268
9,17,95
9,18,105
9,19,176
9,20,42
9,21,78
9,22,381
9,23,86
9,24,202
9,26,154
9,27,106
9,28,308
9,29,306
9,30,148
9,31,93
9,32,352
9,33,334
9,34,103
9,35,169
9,37,53
9,38,332
9,39,380
9,40,280
9,41,359
9,42,138
9,43,49
9,44,159
9,45,261
9,47,367
9,52,195
9,53,238
9,54,41
9,61,234
9,62,51
9,66,332
9,68,325
9,75,175
9,76,127
9,79,52
9,80,2
9,83,324
9,89,110
9,90,133
9,98,181
9,99,289
9,106,390
9,107,274
9,108,263
9,114,355
9,116,169
9,121,14
9,128,31
9,130,186
9,142,111
9,144,268
9,146,110
9,160,251
9,167,172
9,168,223
9,170,236
9,176,284
9,177,51
9,180,207
9,191,330
9,192,107
10,1,380
10,2,323
10,4,172
10,5,273
10,7,328
10,9,367
10,11,339
10,12,79
10,14,244
10,16,297
10,18,106
10,19,271
10,22,59
10,23,380
10,24,68
10,25,277
10,26,335
10,28,335
10,29,53
10,30,374
10,32,239
10,33,364
10,35,200
10,36,369
10,38,57
10,40,352
10,41,176
10,44,85
10,45,219
10,47,165
10,50,363
10,55,315
10,56,183
10,57,140
10,60,275
10,61,376
10,62,129
10,64,369
10,65,102
10,67,57
10,68,310
10,69,170
10,70,320
10,72,71
10,73,300
10,75,33
10,79,119
10,80,327
10,82,38
10,85,224
10,86,342
10,89,88
10,90,86
10,94,179
10,96,255
10,100,241
10,101,210
10,105,294
10,106,298
10,109,289
10,113,361
10,115,230
10,118,175
10,121,96
10,124,280
10,127,65
10,132,247
10,134,218
10,143,205
10,146,2
10,149,225
10,150,366
10,158,86
10,160,269
10,170,326
10,172,9
10,175,311
10,182,239
11,1,286
11,2,4
11,4,210
11,6,376
11,8,103
11,9,168
11,10,339
11,12,239
11,14,202
11,16,185
11,18,5
11,19,164
11,20,99
11,23,376
11,24,274
11,27,395
11,28,280
11,29,12
11,30,222
11,31,28
11,32,396
11,34,167
11,38,248
11,45,238
11,52,349
11,54,198
11,55,364
11,57,273
11,59,65
11,62,109
11,63,104
11,64,223
11,66,164
11,69,134
11,72,382
11,75,196
11,77,191
11,82,87
11,83,266
11,86,190
11,88,77
11,91,245
11,95,26
11,97,373
11,103,257
11,108,81
11,109,109
11,110,13
11,111,14
11,118,268
11,121,307
11,122,10
11,125,275
11,129,270
11,131,115
11,135,236
11,137,221
11,142,297
11,145,186
11,150,203
11,153,218
11,168,278
11,175,290
11,187,163
11,190,85
12,1,384
12,2,252
12,4,276
12,5,103
12,6,17
12,8,308
12,9,121
12,10,79
12,11,239
12,13,285
12,15,10
12,16,221
12,18,147
12,19,353
12,20,394
12,21,131
12,24,5
12,25,95
12,26,205
12,27,374
12,29,355
12,31,222
12,36,132
12,41,23
12,43,274
12,45,22
12,46,201
12,47,285
12,48,396
12,49,322
12,50,52
12,55,173
12,56,126
12,59,318
12,64,393
12,68,244
12,76,229
12,78,325
12,83,102
12,84,269
12,85,378
12,86,245
12,88,47
12,89,96
12,93,64
12,94,244
12,95,315
12,96,237
12,97,218
12,102,76
12,105,199
12,108,351
12,109,42
12,112,238
12,114,286
12,115,212
12,122,148
12,126,383
12,131,364
12,132,373
12,136,17
12,141,341
12,156,249
12,161,112
12,164,374
12,166,76
12,170,327
12,171,289
12,183,119
12,192,60
12,193,77
12,197,238
13,1,209
13,2,2
13,4,190
13,5,172
13,6,335
13,9,131
13,12,285
13,14,10
13,16,120
13,17,280
13,18,195
13,20,292
13,21,362
13,25,301
13,27,269
13,29,92
13,30,290
13,31,100
13,34,113
13,36,1
13,37,140
13,39,372
13,41,234
13,42,159
13,44,130
13,45,59
13,48,297
13,49,269
13,53,178
13,55,179
13,64,14
13,65,285
13,69,122
13,75,233
13,79,276
13,85,268
13,88,20
13,91,48
13,93,53
13,96,122
13,98,115
13,99,162
13,101,82
13,106,146
13,111,299
13,114,392
13,116,122
13,119,353
13,120,269
13,126,400
13,127,293
13,135,86
13,136,2
13,140,166
13,146,267
13,151,95
13,156,327
13,158,34
13,160,362
13,167,12
13,169,94
13,172,268
13,173,98
13,177,124
13,179,74
13,180,195
13,181,251
13,191,354
13,197,116
13,198,251
14,1,274
14,2,122
14,4,151
14,6,201
14,8,139
14,9,92
14,10,244
14,11,202
14,13,10
14,18,26
14,20,259
14,21,263
14,22,337
14,23,240
14,24,291
14,25,326
14,26,149
14,27,57
14,29,338
14,32,260
14,33,221
14,35,118
14,36,192
14,37,224
14,38,394
14,39,82
14,44,388
14,45,397
14,47,288
14,48,162
14,49,194
14,50,23
14,51,199
14,53,269
14,55,155
14,57,84
14,59,66
14,60,186
14,64,195
14,67,299
14,68,30
14,69,291
14,71,120
14,77,70
14,81,199
14,83,82
14,84,179
14,86,375
14,87,347
14,88,77
14,92,175
14,97,385
14,98,262
14,99,172
14,101,310
14,102,376
14,104,27
14,107,103
14,111,387
14,118,179
14,128,281
14,131,45
14,143,360
14,144,99
14,145,102
14,151,228
14,152,214
14,160,37
14,163,20
14,176,153
14,180,250
14,182,340
14,187,276
14,195,253
15,2,364
15,4,61
15,5,140
15,6,80
15,7,115
15,8,196
15,9,335
15,12,10
15,16,42
15,17,63
15,21,45
15,22,310
15,23,256
15,29,215
15,30,203
15,31,10
15,34,38
15,35,22
15,36,188
15,37,267
15,39,124
15,41,162
15,42,350
15,43,267
15,44,10
15,45,137
15,47,69
15,48,168
15,51,214
15,52,388
15,54,338
15,55,385
15,56,293
15,58,307
15,59,337
15,60,305
15,61,280
15,63,357
15,66,202
15,67,176
15,69,37
15,78,268
15,80,106
15,85,3
15,87,179
15,88,287
15,96,162
15,97,94
15,98,353
15,105,172
15,106,301
15,107,82
15,113,194
15,115,374
15,116,334
15,118,230
15,119,124
15,121,294
15,127,313
15,132,154
15,136,63
15,138,358
15,145,136
15,148,71
15,149,398
15,151,273
15,159,304
15,164,122
15,172,391
15,176,353
15,178,192
15,184,250
15,192,8
16,2,118
16,3,311
16,4,179
16,6,89
16,8,254
16,9,268
16,10,297
16,11,185
16,12,221
16,13,120
16,15,42
16,24,101
16,25,393
16,26,199
16,29,299
16,30,265
16,32,320
16,33,264
16,34,215
16,35,60
16,36,259
16,37,373
16,39,232
16,40,274
16,41,11
16,42,215
16,43,48
16,44,37
16,47,367
16,50,240
16,52,177
16,56,308
16,58,149
16,60,35
16,61,149
16,65,144
16,67,271
16,68,58
16,74,144
16,79,3
16,82,171
16,83,125
16,84,95
16,90,379
16,91,124
16,96,114
16,100,290
16,101,131
16,102,111
16,105,106
16,108,101
16,110,228
16,111,71
16,115,2
16,117,370
16,137,244
16,154,71
16,155,55
16,174,32
16,177,177
16,183,126
16,184,224
16,187,164
16,188,384
16,197,155
16,198,202
17,1,354
17,2,378
17,3,369
17,4,34
17,6,310
17,7,160
17,9,95
17,13,280
17,15,63
17,19,95
17,20,193
17,21,21
17,24,374
17,27,6
17,28,132
17,29,40
17,31,247
17,33,397
17,35,22
17,36,395
17,37,355
17,39,84
17,40,164
17,41,169
17,42,240
17,43,160
17,44,141
17,48,392
17,54,234
17,55,156
17,58,50
17,61,344
17,65,266
17,69,196
17,71,199
17,74,135
17,75,119
17,77,252
17,80,71
17,81,169
17,82,197
17,83,363
17,84,398
17,88,46
17,91,347
17,92,79
17,95,1
17,97,133
17,104,167
17,105,246
17,107,203
17,109,40
17,113,380
17,116,384
17,122,226
17,123,271
17,125,169
17,132,362
17,133,222
17,134,305
17,137,293
17,143,188
17,150,185
17,159,149
17,163,395
17,165,180
17,171,97
17,178,375
17,179,218
17,186,322
18,1,289
18,2,181
18,3,61
18,7,20
18,8,49
18,9,105
18,10,106
18,11,5
18,12,147
18,13,195
18,14,26
18,20,358
18,21,216
18,22,67
18,23,107
18,24,301
18,25,322
18,27,158
18,28,178
18,29,193
18,31,243
18,32,189
18,33,293
18,34,69
18,35,199
18,36,240
18,39,181
18,40,18
18,41,273
18,44,26
18,47,166
18,48,39
18,49,97
18,50,177
18,52,356
18,53,275
18,54,34
18,55,19
18,57,110
18,59,146
18,62,63
18,65,377
18,70,116
18,77,191
18,78,135
18,79,82
18,82,186
18,85,81
18,91,357
18,95,225
18,100,171
18,101,295
18,106,142
18,109,2
18,114,15
18,117,196
18,118,74
18,122,322
18,123,364
18,124,259
18,128,359
18,129,288
18,130,77
18,131,77
18,137,130
18,142,257
18,145,282
18,158,55
18,161,101
18,168,177
18,169,108
18,171,87
18,184,189
18,189,270
18,191,335
18,195,156
18,196,45
18,200,76
19,1,51
19,2,54
19,3,154
19,4,91
19,5,11
19,6,88
19,7,3
19,9,176
19,10,271
19,11,164
19,12,353
19,17,95
19,21,213
19,23,289
19,24,72
19,26,219
19,28,53
19,31,241
19,32,127
19,33,149
19,35,99
19,38,272
19,40,146
19,42,285
19,43,193
19,45,313
19,46,47
19,47,247
19,48,23
19,49,232
19,50,4
19,51,261
19,52,338
19,54,32
19,56,351
19,62,150
19,63,380
19,64,333
19,70,358
19,71,384
19,72,175
19,73,45
19,79,187
19,82,210
19,84,387
19,85,380
19,86,85
19,87,198
19,90,228
19,92,298
19,93,281
19,95,324
19,103,268
19,105,133
19,110,25
19,111,46
19,115,74
19,144,31
19,145,331
19,149,392
19,164,290
19,168,194
19,170,88
19,184,142
19,186,391
19,193,116
19,198,151
20,3,142
20,4,67
20,5,284
20,6,154
20,7,189
20,8,177
20,9,42
20,11,99
20,12,394
20,13,292
20,14,259
20,17,193
20,18,358
20,21,125
20,22,337
20,25,42
20,26,32
20,28,114
20,31,207
20,32,385
20,34,299
20,37,124
20,38,109
20,46,38
20,50,396
20,51,80
20,53,189
20,55,313
20,56,307
20,59,219
20,65,33
20,67,240
20,68,297
20,72,271
20,76,312
20,79,142
20,80,308
20,82,343
20,84,392
20,86,274
20,90,254
20,92,152
20,94,340
20,97,43
20,98,136
20,104,196
20,105,216
20,111,91
20,112,300
20,113,137
20,120,276
20,126,381
20,129,2
20,131,191
20,134,340
20,149,79
20,151,214
20,157,244
20,158,179
20,163,17
20,166,26
20,177,232
20,185,362
20,194,152
20,196,388
20,197,194
20,198,281
21,5,95
21,7,63
21,9,78
21,12,131
21,13,362
21,14,263
21,15,45
21,17,21
21,18,216
21,19,213
21,20,125
21,23,244
21,24,146
21,27,144
21,29,30
21,30,112
21,31,115
21,32,238
21,34,327
21,35,285
21,37,41
21,41,396
21,43,101
21,44,388
21,52,25
21,55,251
21,56,28
21,59,273
21,63,98
21,64,64
21,65,361
21,72,322
21,73,265
21,74,21
21,80,138
21,81,375
21,85,121
21,86,244
21,89,276
21,92,257
21,95,330
21,97,364
21,111,86
21,115,95
21,116,202
21,121,269
21,127,51
21,133,290
21,134,314
21,137,198
21,148,161
21,149,349
21,154,258
21,162,6
21,166,301
21,172,316
21,176,15
21,179,260
21,182,355
21,193,319
21,198,158
22,1,243
22,2,148
22,3,367
22,4,3
22,5,351
22,6,31
22,7,9
22,8,295
22,9,381
22,10,59
22,14,337
22,15,310
22,18,67
22,20,337
22,23,132
22,24,348
22,25,246
22,26,228
22,27,86
22,28,262
22,29,399
22,32,143
22,33,391
22,34,27
22,36,50
22,37,99
22,39,352
22,40,203
22,46,147
22,47,31
22,50,153
22,51,16
22,53,397
22,54,272
22,56,387
22,57,192
22,59,334
22,60,243
22,67,262
22,71,72
22,72,115
22,76,152
22,77,181
22,80,236
22,81,220
22,82,75
22,93,278
22,94,139
22,95,119
22,100,334
22,101,268
22,102,174
22,103,391
22,111,298
22,112,279
22,119,106
22,121,277
22,125,388
22,126,211
22,127,134
22,129,290
22,132,223
22,141,169
22,143,194
22,146,3
22,148,55
22,153,38
22,161,208
22,162,36
22,164,359
22,165,40
22,173,21
22,199,38
23,1,47
23,2,360
23,3,310
23,6,264
23,8,255
23,9,86
23,10,380
23,11,376
23,14,240
23,15,256
23,18,107
23,19,289
23,21,244
23,22,132
23,25,16
23,26,287
23,27,391
23,28,294
23,30,234
23,31,189
23,32,45
23,36,200
23,37,209
23,38,327
23,41,373
23,42,140
23,44,197
23,45,21
23,46,347
23,51,357
23,52,29
23,57,150
23,59,391
23,60,350
23,61,251
23,62,249
23,64,279
23,65,34
23,71,76
23,74,267
23,79,165
23,84,369
23,85,354
23,86,194
23,89,5
23,92,150
23,98,55
23,102,110
23,103,212
23,104,320
23,105,109
23,109,40
23,110,145
23,116,300
23,118,74
23,121,350
23,133,248
23,134,395
23,137,71
23,138,316
23,140,262
23,142,66
23,144,7
23,146,124
23,147,45
23,155,70
23,157,301
23,159,9
23,163,198
23,168,262
23,175,202
23,177,376
23,188,155
24,1,339
24,3,210
24,4,348
24,5,244
24,6,168
24,7,366
24,8,44
24,9,202
24,10,68
24,11,274
24,12,5
24,14,291
24,16,101
24,17,374
24,18,301
24,19,72
24,21,146
24,22,348
24,25,139
24,26,155
24,27,248
24,30,78
24,31,42
24,32,331
24,33,2
24,37,233
24,38,104
24,39,227
24,41,168
24,42,375
24,46,77
24,47,151
24,48,239
24,49,397
24,51,192
24,53,343
24,60,347
24,61,83
24,62,382
24,63,139
24,66,203
24,67,72
24,68,152
24,69,55
24,78,274
24,82,203
24,83,204
24,84,60
24,87,96
24,92,19
24,97,186
24,99,110
24,101,182
24,103,260
24,111,25
24,112,269
24,118,161
24,125,53
24,132,133
24,133,217
24,141,296
24,144,383
24,145,167
24,146,376
24,154,168
24,159,18
24,162,24
24,165,201
24,176,264
24,181,274
24,187,317
24,200,112
25,2,373
25,3,56
25,4,352
25,5,299
25,6,394
25,10,277
25,12,95
25,13,301
25,14,326
25,16,393
25,18,322
25,20,42
25,22,246
25,23,16
25,24,139
25,26,124
25,27,281
25,30,31
25,34,121
25,36,348
25,37,78
25,38,58
25,39,320
25,40,360
25,42,218
25,44,130
25,45,384
25,46,213
25,47,69
25,48,400
25,49,24
25,50,245
25,53,83
25,55,54
25,56,54
25,58,226
25,63,45
25,64,347
25,69,117
25,71,73
25,73,210
25,78,141
25,80,330
25,83,339
25,92,372
25,94,178
25,95,83
25,99,239
25,100,148
25,101,138
25,104,263
25,110,24
25,111,58
25,114,283
25,123,190
25,128,40
25,130,238
25,134,314
25,140,386
25,151,52
25,153,233
25,166,268
25,169,108
25,170,395
25,181,91
25,183,35
25,189,12
25,192,202
26,1,10
26,3,167
26,4,257
26,6,147
26,7,86
26,9,154
26,10,335
26,12,205
26,14,149
26,16,199
26,19,219
26,20,32
26,22,228
26,23,287
26,24,155
26,25,124
26,27,5
26,28,163
26,30,273
26,32,227
26,33,310
26,34,375
26,35,5
26,36,316
26,38,117
26,39,230
26,41,382
26,42,165
26,43,174
26,48,253
26,49,42
26,51,123
26,53,371
26,55,81
26,56,110
26,61,153
26,64,164
26,65,90
26,67,334
26,68,349
26,69,392
26,73,316
26,75,50
26,80,273
26,81,266
26,83,24
26,99,241
26,109,125
26,111,142
26,118,225
26,119,26
26,127,376
26,129,19
26,133,183
26,135,133
26,136,17
26,137,20
26,142,351
26,145,180
26,149,111
26,151,145
26,154,247
26,157,159
26,158,381
26,164,285
26,165,247
26,166,150
26,187,269
27,2,156
27,3,226
27,5,316
27,8,372
27,9,106
27,11,395
27,12,374
27,13,269
27,14,57
27,17,6
27,18,158
27,21,144
27,22,86
27,23,391
27,24,248
27,25,281
27,26,5
27,28,150
27,31,54
27,32,168
27,33,307
27,34,161
27,35,313
27,36,38
27,37,296
27,38,62
27,39,141
27,40,64
27,46,234
27,47,58
27,50,322
27,52,1
27,54,203
27,55,108
27,57,152
27,58,279
27,62,138
27,63,179
27,68,288
27,69,123
27,71,118
27,72,219
27,73,73
27,78,141
27,86,177
27,89,154
27,100,354
27,104,396
27,107,225
27,108,392
27,115,219
27,116,187
27,118,216
27,119,129
27,121,241
27,122,313
27,123,307
27,124,304
27,129,150
27,131,351
27,132,243
27,137,245
27,138,262
27,142,293
27,145,370
27,146,284
27,149,312
27,150,306
27,155,292
27,156,160
27,162,59
27,166,289
27,170,88
27,175,277
27,189,36
27,190,327
28,2,165
28,3,383
28,4,174
28,5,248
28,6,261
28,7,110
28,8,84
28,9,308
28,10,335
28,11,280
28,17,132
28,18,178
28,19,53
28,20,114
28,22,262
28,23,294
28,26,163
28,27,150
28,29,96
28,30,15
28,31,262
28,33,151
28,34,147
28,38,282
28,39,270
28,41,81
28,42,108
28,43,89
28,44,368
28,45,275
28,48,151
28,49,52
28,50,274
28,54,355
28,55,267
28,58,309
28,59,256
28,60,95
28,61,56
28,64,62
28,67,345
28,71,54
28,74,156
28,79,374
28,80,186
28,83,23
28,86,324
28,88,21
28,89,203
28,94,331
28,96,383
28,108,284
28,110,224
28,111,331
28,118,317
28,119,192
28,120,157
28,124,285
28,127,210
28,136,345
28,148,125
28,150,169
28,152,186
28,159,194
28,162,385
28,168,251
28,173,192
28,178,158
28,181,164
28,183,388
28,194,19
29,1,186
29,5,24
29,6,197
29,7,273
29,9,306
29,10,53
29,11,12
29,12,355
29,13,92
29,14,338
29,15,215
29,16,299
29,17,40
29,18,193
29,21,30
29,22,399
29,28,96
29,30,213
29,33,256
29,36,57
29,37,163
29,38,381
29,39,19
29,40,280
29,41,255
29,42,245
29,43,205
29,44,25
29,47,273
29,49,291
29,50,142
29,51,330
29,53,293
29,56,253
29,57,363
29,58,3
29,59,340
29,61,266
29,65,252
29,67,33
29,68,19
29,69,374
29,73,65
29,77,238
29,78,175
29,80,103
29,83,104
29,84,282
29,87,383
29,88,243
29,90,20
29,91,135
29,96,339
29,99,369
29,100,92
29,103,72
29,104,16
29,109,338
29,112,72
29,114,156
29,116,354
29,117,341
29,122,391
29,127,367
29,128,59
29,132,325
29,142,116
29,154,12
29,158,26
29,168,374
29,173,298
29,176,399
29,180,179
29,182,144
29,189,29
29,196,345
29,197,146
29,198,351
30,1,357
30,2,54
30,4,104
30,5,235
30,9,148
30,10,374
30,11,222
30,13,290
30,15,203
30,16,265
30,21,112
30,23,234
30,24,78
30,25,31
30,26,273
30,28,15
30,29,213
30,31,369
30,32,366
30,35,66
30,37,146
30,38,377
30,39,57
30,40,240
30,42,188
30,43,155
30,47,198
30,48,271
30,49,240
30,52,9
30,53,56
30,54,19
30,58,128
30,61,338
30,62,104
30,63,345
30,65,272
30,66,287
30,67,9
30,68,257
30,69,190
30,71,396
30,74,60
30,78,221
30,82,156
30,88,345
30,92,116
30,97,49
30,99,78
30,101,132
30,104,43
30,114,105
30,115,247
30,118,271
30,125,180
30,139,251
30,161,252
30,163,370
30,165,335
30,172,355
30,177,22
30,187,233
30,188,216
30,189,112
30,190,356
30,194,398
31,2,163
31,3,378
31,6,175
31,9,93
31,11,28
31,12,222
31,13,100
31,15,10
31,17,247
31,18,243
31,19,241
31,20,207
31,21,115
31,23,189
31,24,42
31,27,54
31,28,262
31,30,369
31,32,287
31,33,141
31,34,351
31,36,188
31,38,329
31,42,41
31,43,177
31,44,332
31,45,292
31,46,16
31,47,67
31,51,276
31,52,310
31,53,101
31,58,131
31,59,120
31,60,227
31,61,156
31,63,195
31,64,68
31,66,61
31,69,9
31,70,248
31,76,336
31,79,296
31,80,58
31,81,251
31,83,324
31,87,76
31,89,75
31,92,239
31,96,338
31,106,382
31,110,271
31,113,317
31,116,267
31,119,159
31,126,172
31,127,5
31,134,259
31,137,29
31,141,50
31,153,288
31,154,282
31,167,352
31,170,252
31,174,29
31,175,216
31,176,39
31,179,199
31,183,292
31,189,204
32,3,239
32,4,324
32,6,338
32,7,249
32,8,131
32,9,352
32,10,239
32,11,396
32,14,260
32,16,320
32,18,189
32,19,127
32,20,385
32,21,238
32,22,143
32,23,45
32,24,331
32,26,227
32,27,168
32,30,366
32,31,287
32,33,339
32,37,283
32,41,234
32,48,8
32,49,82
32,50,114
32,51,215
32,52,205
32,53,46
32,57,269
32,60,271
32,62,36
32,64,49
32,65,98
32,66,121
32,67,136
32,73,257
32,74,61
32,75,128
32,81,373
32,83,219
32,84,113
32,93,324
32,96,128
32,98,3
32,101,253
32,107,39
32,113,135
32,115,375
32,118,226
32,125,380
32,127,242
32,136,374
32,140,46
32,149,169
32,156,243
32,158,366
32,162,219
32,163,298
32,182,84
32,185,120
32,186,23
32,190,156
33,2,161
33,3,161
33,5,16
33,6,250
33,9,334
33,10,364
33,14,221
33,16,264
33,17,397
33,18,293
33,19,149
33,22,391
33,24,2
33,26,310
33,27,307
33,28,151
33,29,256
33,31,141
33,32,339
33,34,118
33,36,165
33,37,220
33,38,370
33,40,327
33,41,81
33,42,332
33,44,172
33,46,242
33,48,264
33,49,2
33,51,144
33,52,373
33,54,1
33,57,52
33,62,393
33,63,64
33,65,90
33,68,149
33,71,55
33,72,311
33,73,110
33,74,381
33,78,174
33,79,21
33,85,275
33,87,182
33,88,114
33,92,44
33,93,292
33,95,46
33,99,10
33,104,10
33,105,387
33,112,205
33,118,8
33,120,352
33,130,123
33,138,14
33,148,352
33,157,146
33,163,102
33,172,162
33,175,255
33,179,362
33,181,199
33,183,396
33,188,351
33,193,358
33,194,358
33,196,200
33,197,372
33,200,120
34,1,110
34,4,139
34,5,259
34,6,182
34,7,304
34,8,119
34,9,103
34,11,167
34,13,113
34,15,38
34,16,215
34,18,69
34,20,299
34,21,327
34,22,27
34,25,121
34,26,375
34,27,161
34,28,147
34,31,351
34,33,118
34,35,372
34,36,160
34,39,136
34,40,96
34,41,340
34,45,252
34,48,9
34,49,72
34,56,141
34,61,56
34,63,375
34,64,335
34,66,92
34,71,109
34,75,249
34,80,202
34,83,281
34,88,76
34,90,100
34,96,234
34,117,145
34,122,109
34,123,65
34,126,61
34,135,323
34,137,13
34,138,166
34,143,79
34,155,108
34,158,216
34,162,213
34,165,68
34,173,164
34,181,294
34,182,76
34,183,148
34,190,346
34,192,80
34,194,382
34,197,182
34,200,188
35,1,124
35,3,160
35,4,197
35,6,254
35,8,225
35,9,169
35,10,200
35,14,118
35,15,22
35,16,60
35,17,22
35,18,199
35,19,99
35,21,285
35,26,5
35,27,313
35,30,66
35,34,372
35,36,232
35,39,223
35,43,139
35,44,224
35,45,288
35,47,126
35,48,35
35,50,216
35,51,239
35,54,88
35,56,270
35,57,347
35,64,279
35,70,19
35,76,99
35,77,50
35,80,203
35,82,239
35,85,329
35,87,298
35,89,120
35,92,339
35,95,114
35,100,67
35,101,131
35,102,160
35,105,178
35,109,339
35,111,231
35,117,190
35,119,123
35,123,286
35,126,215
35,130,181
35,135,78
35,143,255
35,154,224
35,159,262
35,160,154
35,162,30
35,163,240
35,169,47
35,171,391
35,172,6
35,181,195
35,183,363
35,185,254
35,198,341
36,1,195
36,3,100
36,4,310
36,5,189
36,6,186
36,10,369
36,12,132
36,13,1
36,14,192
36,15,188
36,16,259
36,17,395
36,18,240
36,22,50
36,23,200
36,25,348
36,26,316
36,27,38
36,29,57
36,31,188
36,33,165
36,34,160
36,35,232
36,37,157
36,40,106
36,42,6
36,43,268
36,44,284
36,45,229
36,46,306
36,47,214
36,48,5
36,50,20
36,53,25
36,56,334
36,62,302
36,66,371
36,68,384
36,70,226
36,71,255
36,72,138
36,79,355
36,82,361
36,84,119
36,87,305
36,89,212
36,90,371
36,93,257
36,96,400
36,103,57
36,110,180
36,121,84
36,131,82
36,134,304
36,145,398
36,158,249
36,161,370
36,165,127
36,166,77
36,185,128
36,186,127
36,197,280
37,1,305
37,2,225
37,4,357
37,5,358
37,7,167
37,8,148
37,9,53
37,13,140
37,14,224
37,15,267
37,16,373
37,17,355
37,20,124
37,21,41
37,22,99
37,23,209
37,24,233
37,25,78
37,27,296
37,29,163
37,30,146
37,32,283
37,33,220
37,36,157
37,38,291
37,42,135
37,45,263
37,46,223
37,48,83
37,52,263
37,53,208
37,56,233
37,58,61
37,63,33
37,66,62
37,68,260
37,69,7
37,71,307
37,75,323
37,76,347
37,77,233
37,78,387
37,82,199
37,94,224
37,95,265
37,101,354
37,103,19
37,107,109
37,115,36
37,121,197
37,124,226
37,127,26
37,130,114
37,132,342
37,134,105
37,135,244
37,140,62
37,150,370
37,152,136
37,161,285
37,163,58
37,185,361
37,191,256
38,1,5
38,3,17
38,5,298
38,6,214
38,7,44
38,8,159
38,9,332
38,10,57
38,11,248
38,14,394
38,19,272
38,20,109
38,23,327
38,24,104
38,25,58
38,26,117
38,27,62
38,28,282
38,29,381
38,30,377
38,31,329
38,33,370
38,37,291
38,39,282
38,40,53
38,43,295
38,44,361
38,45,143
38,46,273
38,49,57
38,52,61
38,53,75
38,56,11
38,58,279
38,61,317
38,65,365
38,66,307
38,67,248
38,70,176
38,74,168
38,80,374
38,83,387
38,85,382
38,87,275
38,88,94
38,91,115
38,92,220
38,94,278
38,96,82
38,98,242
38,101,112
38,102,196
38,105,25
38,107,34
38,109,151
38,114,18
38,118,218
38,128,80
38,133,177
38,136,72
38,140,390
38,149,83
38,153,173
38,156,56
38,161,367
38,186,367
38,192,188
38,196,179
39,1,33
39,2,255
39,4,229
39,7,234
39,8,238
39,9,380
39,13,372
39,14,82
39,15,124
39,16,232
39,17,84
39,18,181
39,22,352
39,24,227
39,25,320
39,26,230
39,27,141
39,28,270
39,29,19
39,30,57
39,34,136
39,35,223
39,38,282
39,40,280
39,41,56
39,43,46
39,45,203
39,48,233
39,49,30
39,52,247
39,54,239
39,55,313
39,58,207
39,60,103
39,62,19
39,68,109
39,69,100
39,70,398
39,73,50
39,74,187
39,75,262
39,76,225
39,77,123
39,78,151
39,82,305
39,85,60
39,86,44
39,87,138
39,92,207
39,97,14
39,102,11
39,104,85
39,105,109
39,107,19
39,108,171
39,117,258
39,123,354
39,124,228
39,127,165
39,134,77
39,139,225
39,141,68
39,156,65
39,157,270
39,159,52
39,160,186
39,161,290
39,165,81
39,166,166
39,175,86
39,176,141
39,181,384
39,190,387
39,199,24
40,1,179
40,3,316
40,4,67
40,5,361
40,6,121
40,8,311
40,9,280
40,10,352
40,16,274
40,17,164
40,18,18
40,19,146
40,22,203
40,25,360
40,27,64
40,29,280
40,30,240
40,33,327
40,34,96
40,36,106
40,38,53
40,39,280
40,41,175
40,43,170
40,44,282
40,45,400
40,46,61
40,47,340
40,48,338
40,50,95
40,51,5
40,53,257
40,55,220
40,60,217
40,61,361
40,63,1
40,66,311
40,67,300
40,68,377
40,70,391
40,74,25
40,76,4
40,80,309
40,82,192
40,85,226
40,86,226
40,87,307
40,88,373
40,89,118
40,90,81
40,91,91
40,96,360
40,97,206
40,102,74
40,113,183
40,115,179
40,119,358
40,120,28
40,140,281
40,143,367
40,147,293
40,148,244
40,151,59
40,158,339
40,160,164
40,171,335
40,173,81
40,187,3
40,189,377
40,191,62
40,195,31
41,3,34
41,5,62
41,6,158
41,7,14
41,8,399
41,9,359
41,10,176
41,12,23
41,13,234
41,15,162
41,16,11
41,17,169
41,18,273
41,21,396
41,23,373
41,24,168
41,26,382
41,28,81
41,29,255
41,32,234
41,33,81
41,34,340
41,39,56
41,40,175
41,44,91
41,45,176
41,47,3
41,48,116
41,51,151
41,52,53
41,54,325
41,55,187
41,57,53
41,59,172
41,61,155
41,65,195
41,67,33
41,68,312
41,70,313
41,78,221
41,83,276
41,84,329
41,98,157
41,99,262
41,105,90
41,108,346
41,109,50
41,119,128
41,124,257
41,125,145
41,130,93
41,132,316
41,139,18
41,140,115
41,143,66
41,151,92
41,153,53
41,160,165
41,164,363
41,167,298
41,169,374
41,178,161
41,179,275
41,180,153
41,200,259
42,2,297
42,4,122
42,5,95
42,9,138
42,13,159
42,15,350
42,16,215
42,17,240
42,19,285
42,23,140
42,24,375
42,25,218
42,26,165
42,28,108
42,29,245
42,30,188
42,31,41
42,33,332
42,36,6
42,37,135
42,43,364
42,45,361
42,46,300
42,48,109
42,49,16
42,50,213
42,52,180
42,53,389
42,61,342
42,66,121
42,67,156
42,68,152
42,70,147
42,72,253
42,74,312
42,78,20
42,82,302
42,84,382
42,85,395
42,86,331
42,87,216
42,89,174
42,91,312
42,92,368
42,97,385
42,98,45
42,100,103
42,103,5
42,105,153
42,111,87
42,114,5
42,120,80
42,122,353
42,127,103
42,129,107
42,133,356
42,137,305
42,155,223
42,158,304
42,159,272
42,168,139
42,169,303
42,172,278
42,175,263
42,176,379
42,177,382
42,180,350
42,184,356
42,191,257
42,194,2
43,1,1
43,2,121
43,3,258
43,4,126
43,6,86
43,7,238
43,9,49
43,12,274
43,15,267
43,16,48
43,17,160
43,19,193
43,21,101
43,26,174
43,28,89
43,29,205
43,30,155
43,31,177
43,35,139
43,36,268
43,38,295
43,39,46
43,40,170
43,42,364
43,46,26
43,47,173
43,48,148
43,49,106
43,50,193
43,51,217
43,53,354
43,54,85
43,55,350
43,58,97
43,59,75
43,61,337
43,62,279
43,65,335
43,68,304
43,70,244
43,71,130
43,74,257
43,76,47
43,78,303
43,83,143
43,85,188
43,91,192
43,95,375
43,101,204
43,102,20
43,105,62
43,106,306
43,107,360
43,110,171
43,111,220
43,121,30
43,129,7
43,133,22
43,135,310
43,136,152
43,137,218
43,140,393
43,148,161
43,155,38
43,156,84
43,158,326
43,159,80
43,162,330
43,174,328
43,177,301
43,180,240
43,184,266
43,193,254
44,3,260
44,5,152
44,7,232
44,8,239
44,9,159
44,10,85
44,13,130
44,14,388
44,15,10
44,16,37
44,17,141
44,18,26
44,21,388
44,23,197
44,25,130
44,28,368
44,29,25
44,31,332
44,33,172
44,35,224
44,36,284
44,38,361
44,40,282
44,41,91
44,54,159
44,57,170
44,59,369
44,60,380
44,62,6
44,63,368
44,64,83
44,69,285
44,70,309
44,72,54
44,74,289
44,78,72
44,79,369
44,80,243
44,81,298
44,85,69
44,90,59
44,91,285
44,99,363
44,104,1
44,112,302
44,113,10
44,115,357
44,116,343
44,122,119
44,125,293
44,129,258
44,138,233
44,147,184
44,149,187
44,151,259
44,152,253
44,166,385
44,169,101
44,171,208
44,175,228
45,3,210
45,4,98
45,9,261
45,10,219
45,11,238
45,12,22
45,13,59
45,14,397
45,15,137
45,19,313
45,23,21
45,25,384
45,28,275
45,31,292
45,34,252
45,35,288
45,36,229
45,37,263
45,38,143
45,39,203
45,40,400
45,41,176
45,42,361
45,46,57
45,50,271
45,53,89
45,56,341
45,57,93
45,58,140
45,60,226
45,61,94
45,64,39
45,65,353
45,68,233
45,69,363
45,70,87
45,71,226
45,72,117
45,74,225
45,76,137
45,77,2
45,79,91
45,81,185
45,82,53
45,83,123
45,84,384
45,85,353
45,93,357
45,100,186
45,102,31
45,113,38
45,115,83
45,116,332
45,117,107
45,125,312
45,129,104
45,133,367
45,136,284
45,142,341
45,143,381
45,144,220
45,155,42
45,157,12
45,167,320
45,186,46
45,197,160
45,200,236
46,1,114
46,4,400
46,5,364
46,7,121
46,8,128
46,12,201
46,19,47
46,20,38
46,22,147
46,23,347
46,24,77
46,25,213
46,27,234
46,31,16
46,33,242
46,36,306
46,37,223
46,38,273
46,40,61
46,42,300
46,43,26
46,45,57
46,47,292
46,49,327
46,50,116
46,51,170
46,52,150
46,53,98
46,54,199
46,56,70
46,59,229
46,60,367
46,62,30
46,63,272
46,64,156
46,65,293
46,67,13
46,73,376
46,74,28
46,75,289
46,83,149
46,87,240
46,90,277
46,94,246
46,98,160
46,101,6
46,106,64
46,110,362
46,118,270
46,119,309
46,120,206
46,123,297
46,127,241
46,130,200
46,132,91
46,150,72
46,163,207
46,164,81
46,166,53
46,172,163
46,174,136
46,180,115
46,182,47
46,184,11
46,199,187
47,2,390
47,3,283
47,4,219
47,6,208
47,7,236
47,9,367
47,10,165
47,12,285
47,14,288
47,15,69
47,16,367
47,18,166
47,19,247
47,22,31
47,24,151
47,25,69
47,27,58
47,29,273
47,30,198
47,31,67
47,35,126
47,36,214
47,40,340
47,41,3
47,43,173
47,46,292
47,49,388
47,52,157
47,54,190
47,56,15
47,57,131
47,58,259
47,59,301
47,61,259
47,62,377
47,64,248
47,65,191
47,70,125
47,72,170
47,74,275
47,76,57
47,79,17
47,81,370
47,94,200
47,95,275
47,106,171
47,109,1
47,112,7
47,120,206
47,121,93
47,125,139
47,126,79
47,137,129
47,139,67
47,141,106
47,142,25
47,146,263
47,147,193
47,148,77
47,151,274
47,153,18
47,157,247
47,168,278
47,169,148
47,177,210
47,181,319
47,182,180
47,183,173
48,1,363
48,2,383
48,5,345
48,6,344
48,7,78
48,8,142
48,12,396
48,13,297
48,14,162
48,15,168
48,17,392
48,18,39
48,19,23
48,24,239
48,25,400
48,26,253
48,28,151
48,30,271
48,32,8
48,33,264
48,34,9
48,35,35
48,36,5
48,37,83
48,39,233
48,40,338
48,41,116
48,42,109
48,43,148
48,50,355
48,55,247
48,58,111
48,59,317
48,60,348
48,64,32
48,65,373
48,66,70
48,67,60
48,71,72
48,80,184
48,87,73
48,89,173
48,90,31
48,93,127
48,100,70
48,101,94
48,107,273
48,111,3
48,114,361
48,121,14
48,133,28
48,134,18
48,135,135
48,143,364
48,151,117
48,153,380
48,160,49
48,162,188
48,166,231
48,167,139
48,171,130
48,179,154
48,195,292
49,2,86
49,4,232
49,5,223
49,6,359
49,7,118
49,8,72
49,12,322
49,13,269
49,14,194
49,18,97
49,19,232
49,24,397
49,25,24
49,26,42
49,28,52
49,29,291
49,30,240
49,32,82
49,33,2
49,34,72
49,38,57
49,39,30
49,42,16
49,43,106
49,46,327
49,47,388
49,50,311
49,51,70
49,55,368
49,56,220
49,57,332
49,59,183
49,60,62
49,62,55
49,65,120
49,70,154
49,74,170
49,75,311
49,79,161
49,80,35
49,84,108
49,85,114
49,90,205
49,97,96
49,104,295
49,106,202
49,109,8
49,111,328
49,114,141
49,117,95
49,121,183
49,125,100
49,130,371
49,140,217
49,142,167
49,143,56
49,158,161
49,165,382
49,176,138
49,182,273
49,187,189
49,191,346
50,1,360
50,5,45
50,6,225
50,8,3
50,10,363
50,12,52
50,14,23
50,16,240
50,18,177
50,19,4
50,20,396
50,22,153
50,25,245
50,27,322
50,28,274
50,29,142
50,32,114
50,35,216
50,36,20
50,40,95
50,42,213
50,43,193
50,45,271
50,46,116
50,48,355
50,49,311
50,51,294
50,52,106
50,55,369
50,56,218
50,57,266
50,60,73
50,62,244
50,63,309
50,70,318
50,71,261
50,72,344
50,75,145
50,76,181
50,79,6
50,83,143
50,84,27
50,87,176
50,88,316
50,90,344
50,92,201
50,98,168
50,99,337
50,101,51
50,103,236
50,106,27
50,114,379
50,115,20
50,116,206
50,117,312
50,120,28
50,124,280
50,125,109
50,130,160
50,142,95
50,144,400
50,151,42
50,158,284
50,159,87
50,162,72
50,163,296
50,166,337
50,171,232
50,181,375
50,190,47
51,4,9
51,5,153
51,6,309
51,14,199
51,15,214
51,19,261
51,20,80
51,22,16
51,23,357
51,24,192
51,26,123
51,29,330
51,31,276
51,32,215
51,33,144
51,35,239
51,40,5
51,41,151
51,43,217
51,46,170
51,49,70
51,50,294
51,52,176
51,57,4
51,60,218
51,61,217
51,63,259
51,65,286
51,66,232
51,70,321
51,71,74
51,75,318
51,77,11
51,78,345
51,82,175
51,83,394
51,93,378
51,95,217
51,96,257
51,97,27
51,101,94
51,106,398
51,107,55
51,108,273
51,109,331
51,117,6
51,123,194
51,126,176
51,129,397
51,133,345
51,134,335
51,135,237
51,138,379
51,140,381
51,143,321
51,147,204
51,158,84
51,165,137
51,166,4
51,178,350
52,1,248
52,2,320
52,4,310
52,6,170
52,7,142
52,8,104
52,9,195
52,11,349
52,15,388
52,16,177
52,18,356
52,19,338
52,21,25
52,23,29
52,27,1
52,30,9
52,31,310
52,32,205
52,33,373
52,37,263
52,38,61
52,39,247
52,41,53
52,42,180
52,46,150
52,47,157
52,50,106
52,51,176
52,55,165
52,60,305
52,63,281
52,64,173
52,69,198
52,71,102
52,75,197
52,76,218
52,77,300
52,79,382
52,86,337
52,88,54
52,89,253
52,91,279
52,93,254
52,94,300
52,95,367
52,103,257
52,116,303
52,119,52
52,120,187
52,129,346
52,135,156
52,137,65
52,138,203
52,144,246
52,150,229
52,155,47
52,159,353
52,163,226
52,164,72
52,170,304
52,172,288
52,184,44
52,187,198
52,191,368
52,198,342
53,1,104
53,5,37
53,8,42
53,9,238
53,13,178
53,14,269
53,18,275
53,20,189
53,22,397
53,24,343
53,25,83
53,26,371
53,29,293
53,30,56
53,31,101
53,32,46
53,36,25
53,37,208
53,38,75
53,40,257
53,42,389
53,43,354
53,45,89
53,46,98
53,54,15
53,56,224
53,58,391
53,60,104
53,64,26
53,65,236
53,66,373
53,71,327
53,72,226
53,73,344
53,75,64
53,79,37
53,82,213
53,84,360
53,86,334
53,88,252
53,92,20
53,94,233
53,101,19
53,102,338
53,106,355
53,107,295
53,118,390
53,120,59
53,126,235
53,128,256
53,130,97
53,133,241
53,138,148
53,139,166
53,144,322
53,146,138
53,152,252
53,154,104
53,157,23
53,164,397
53,170,93
53,172,379
53,176,395
53,181,260
53,187,123
53,193,393
54,2,227
54,4,198
54,7,52
54,8,176
54,9,41
54,11,198
54,15,338
54,17,234
54,18,34
54,19,32
54,22,272
54,27,203
54,28,355
54,30,19
54,33,1
54,35,88
54,39,239
54,41,325
54,43,85
54,44,159
54,46,199
54,47,190
54,53,15
54,56,266
54,57,175
54,58,344
54,62,251
54,63,169
54,65,199
54,66,291
54,67,58
54,69,211
54,73,233
54,74,287
54,76,105
54,78,223
54,83,343
54,89,305
54,92,64
54,95,117
54,99,358
54,102,346
54,103,38
54,108,12
54,110,189
54,117,218
54,124,140
54,129,131
54,131,29
54,147,320
54,156,194
54,157,232
54,160,133
54,173,357
54,182,278
54,195,251
54,199,299
55,1,107
55,2,327
55,4,261
55,7,25
55,8,328
55,10,315
55,11,364
55,12,173
55,13,179
55,14,155
55,15,385
55,17,156
55,18,19
55,20,313
55,21,251
55,25,54
55,26,81
55,27,108
55,28,267
55,39,313
55,40,220
55,41,187
55,43,350
55,48,247
55,49,368
55,50,369
55,52,165
55,57,180
55,58,14
55,59,274
55,61,250
55,62,61
55,63,4
55,67,120
55,68,265
55,70,106
55,73,392
55,79,386
55,81,47
55,83,9
55,85,21
55,86,145
55,90,282
55,91,163
55,93,391
55,94,169
55,97,273
55,98,181
55,106,302
55,121,319
55,131,38
55,133,96
55,134,178
55,137,393
55,141,263
55,157,61
55,160,241
55,166,378
55,186,342
55,192,35
55,193,155
55,194,132
55,195,181
56,3,44
56,4,217
56,6,142
56,8,89
56,10,183
56,12,126
56,15,293
56,16,308
56,19,351
56,20,307
56,21,28
56,22,387
56,25,54
56,26,110
56,29,253
56,34,141
56,35,270
56,36,334
56,37,233
56,38,11
56,45,341
56,46,70
56,47,15
56,49,220
56,50,218
56,53,224
56,54,266
56,57,214
56,59,163
56,60,253
56,61,293
56,65,53
56,68,389
56,72,82
56,73,209
56,74,169
56,77,389
56,78,239
56,81,315
56,85,125
56,89,386
56,90,371
56,92,227
56,94,103
56,99,277
56,102,267
56,103,281
56,104,158
56,105,346
56,107,27
56,114,361
56,120,71
56,122,364
56,123,336
56,124,383
56,125,390
56,127,303
56,130,13
56,131,365
56,132,318
56,139,206
56,146,83
56,147,264
56,148,139
56,155,6
56,159,169
56,163,286
56,172,275
56,185,90
56,189,185
56,197,197
57,1,397
57,3,65
57,5,68
57,6,369
57,7,49
57,8,34
57,10,140
57,11,273
57,14,84
57,18,110
57,22,192
57,23,150
57,27,152
57,29,363
57,32,269
57,33,52
57,35,347
57,41,53
57,44,170
57,45,93
57,47,131
57,49,332
57,50,266
57,51,4
57,54,175
57,55,180
57,56,214
57,59,156
57,60,148
57,61,317
57,63,246
57,65,399
57,66,59
57,67,379
57,69,215
57,74,156
57,78,55
57,80,226
57,82,63
57,83,365
57,86,167
57,87,184
57,88,184
57,91,119
57,98,205
57,99,267
57,106,286
57,108,308
57,109,55
57,112,65
57,113,252
57,134,182
57,139,114
57,141,321
57,144,144
57,147,167
57,150,87
57,151,196
57,155,270
57,165,146
57,168,193
57,169,81
57,170,128
57,174,292
57,175,180
57,184,276
57,188,231
57,194,108
57,198,175
57,199,249
57,200,145
58,1,341
58,2,322
58,5,149
58,7,254
58,8,228
58,15,307
58,16,149
58,17,50
58,25,226
58,27,279
58,28,309
58,29,3
58,30,128
58,31,131
58,37,61
58,38,279
58,39,207
58,43,97
58,45,140
58,47,259
58,48,111
58,53,391
58,54,344
58,55,14
58,59,93
58,60,296
58,62,348
58,63,273
58,64,383
58,72,86
58,74,132
58,83,217
58,85,134
58,101,381
58,102,395
58,106,276
58,107,300
58,108,261
58,114,10
58,135,214
58,141,324
58,142,366
58,151,10
58,154,73
58,161,176
58,165,118
58,169,157
58,179,185
58,180,1
58,189,177
58,190,159
58,192,246
58,196,115
59,5,202
59,7,215
59,8,197
59,11,65
59,12,318
59,14,66
59,15,337
59,18,146
59,20,219
59,21,273
59,22,334
59,23,391
59,28,256
59,29,340
59,31,120
59,41,172
59,43,75
59,44,369
59,46,229
59,47,301
59,48,317
59,49,183
59,55,274
59,56,163
59,57,156
59,58,93
59,62,181
59,64,162
59,65,328
59,66,196
59,67,181
59,70,254
59,71,4
59,73,137
59,75,197
59,76,94
59,77,303
59,78,265
59,81,179
59,82,83
59,86,37
59,88,158
59,90,150
59,91,136
59,93,306
59,96,395
59,98,211
59,108,279
59,110,15
59,112,175
59,113,233
59,123,280
59,128,14
59,130,347
59,131,98
59,143,349
59,147,160
59,152,192
59,167,143
59,170,222
59,178,106
59,183,225
59,187,238
59,190,289
60,1,369
60,2,263
60,6,9
60,10,275
60,14,186
60,15,305
60,16,35
60,22,243
60,23,350
60,24,347
60,28,95
60,31,227
60,32,271
60,39,103
60,40,217
60,44,380
60,45,226
60,46,367
60,48,348
60,49,62
60,50,73
60,51,218
60,52,305
60,53,104
60,56,253
60,57,148
60,58,296
60,61,72
60,63,154
60,64,294
60,67,196
60,68,389
60,69,127
60,75,33
60,76,144
60,77,247
60,79,224
60,81,71
60,82,312
60,86,229
60,89,318
60,90,182
60,91,171
60,93,186
60,99,314
60,100,122
60,103,268
60,105,258
