source,target,weight
1,2,47
1,3,109
1,4,27
1,5,158
1,7,41
1,8,353
1,10,210
1,11,337
1,12,325
1,13,153
1,14,388
1,16,146
1,20,186
1,21,35
1,22,188
1,23,107
1,24,107
1,26,276
1,27,145
1,29,241
1,30,190
1,32,84
1,34,287
1,35,177
1,36,226
1,38,191
1,39,210
1,41,312
1,42,95
1,47,120
1,48,131
1,49,162
1,50,326
1,51,124
1,52,155
1,55,312
1,56,47
1,58,289
1,59,204
1,61,385
1,64,57
1,67,246
1,69,137
1,70,169
1,76,281
1,78,322
1,81,178
1,83,189
1,84,263
1,85,224
1,88,392
1,89,84
1,91,318
1,92,210
1,93,338
1,94,141
1,97,133
1,98,344
1,99,213
1,101,215
1,104,313
1,106,178
1,108,145
1,112,345
1,113,369
1,121,150
1,122,217
1,123,55
1,125,388
1,126,359
1,129,281
1,131,302
1,132,112
1,134,181
1,140,341
1,142,355
1,143,186
1,144,137
1,145,168
1,147,257
1,150,50
1,151,50
1,153,167
1,154,329
1,155,328
1,158,352
1,159,5
1,161,300
1,163,201
1,165,283
1,167,202
1,168,255
1,169,349
1,172,99
1,173,127
1,176,203
1,177,274
1,180,361
1,181,316
1,182,41
1,183,72
1,185,281
1,186,47
1,189,229
1,190,211
1,194,175
1,198,192
2,1,47
2,3,115
2,5,228
2,6,20
2,9,362
2,11,235
2,12,12
2,13,125
2,16,323
2,19,246
2,20,266
2,21,82
2,22,62
2,23,212
2,24,118
2,25,111
2,27,122
2,28,106
2,29,225
2,31,256
2,32,282
2,33,385
2,35,239
2,37,365
2,40,225
2,41,349
2,42,70
2,43,195
2,44,158
2,45,309
2,46,180
2,48,379
2,50,136
2,51,261
2,53,367
2,54,161
2,57,324
2,58,230
2,59,212
2,60,51
2,61,347
2,64,9
2,65,349
2,67,31
2,70,124
2,71,145
2,74,181
2,75,280
2,78,286
2,80,260
2,82,397
2,84,332
2,85,193
2,86,307
2,87,154
2,88,333
2,90,173
2,91,212
2,92,262
2,93,212
2,94,147
2,95,7
2,98,58
2,101,218
2,103,149
2,104,252
2,107,53
2,108,73
2,109,290
2,110,29
2,112,105
2,113,93
2,116,363
2,120,66
2,124,335
2,128,19
2,129,379
2,131,194
2,136,81
2,141,217
2,142,78
2,143,215
2,144,306
2,147,278
2,149,396
2,150,112
2,158,124
2,165,203
2,169,145
2,171,100
2,174,192
2,175,250
2,179,279
2,182,313
2,183,228
2,184,159
2,185,201
2,187,163
2,188,126
2,192,59
2,200,347
3,1,109
3,2,115
3,4,116
3,5,182
3,6,131
3,7,319
3,8,287
3,9,397
3,11,86
3,14,395
3,16,292
3,18,314
3,21,65
3,22,247
3,24,388
3,26,277
3,27,57
3,30,75
3,31,102
3,32,241
3,33,108
3,34,235
3,36,293
3,37,44
3,38,115
3,42,163
3,44,54
3,45,356
3,49,129
3,51,216
3,52,319
3,54,368
3,55,195
3,57,192
3,59,322
3,60,127
3,61,88
3,62,105
3,63,186
3,65,278
3,66,1
3,67,174
3,68,198
3,69,147
3,70,330
3,71,369
3,72,237
3,73,95
3,75,88
3,76,271
3,77,261
3,78,114
3,79,199
3,82,82
3,83,383
3,84,134
3,86,241
3,87,60
3,88,43
3,89,361
3,90,37
3,92,288
3,93,173
3,95,210
3,96,341
3,97,400
3,99,375
3,100,6
3,102,326
3,103,190
3,105,109
3,107,376
3,108,354
3,112,166
3,114,242
3,115,8
3,118,148
3,119,343
3,122,165
3,124,131
3,125,174
3,126,291
3,131,361
3,132,27
3,134,245
3,135,330
3,136,371
3,138,351
3,143,263
3,145,126
3,149,327
3,150,398
3,151,302
3,152,94
3,157,322
3,158,160
3,160,335
3,161,302
3,165,145
3,166,266
3,167,233
3,170,95
3,173,34
3,175,383
3,176,258
3,178,307
3,180,292
3,186,88
3,187,235
3,188,380
3,189,393
3,190,302
3,191,372
3,193,149
3,194,59
3,196,100
3,198,104
3,199,221
3,200,384
4,1,27
4,3,116
4,6,273
4,7,373
4,8,317
4,9,342
4,10,105
4,11,127
4,14,155
4,15,347
4,17,87
4,18,32
4,21,59
4,24,86
4,25,105
4,26,163
4,28,72
4,29,60
4,30,336
4,31,325
4,32,37
4,33,342
4,34,363
4,35,315
4,36,76
4,37,361
4,38,366
4,39,7
4,41,84
4,43,130
4,45,384
4,47,351
4,53,262
4,55,359
4,56,376
4,57,321
4,61,296
4,62,260
4,63,168
4,64,276
4,65,400
4,66,91
4,67,270
4,68,337
4,71,212
4,72,348
4,73,21
4,74,95
4,75,348
4,76,184
4,77,338
4,78,13
4,80,199
4,84,378
4,86,400
4,87,318
4,88,62
4,89,312
4,90,81
4,91,68
4,92,335
4,93,196
4,94,257
4,96,107
4,97,176
4,98,351
4,99,329
4,101,71
4,102,207
4,103,341
4,105,29
4,106,95
4,107,386
4,108,359
4,111,35
4,112,357
4,114,209
4,120,331
4,121,26
4,122,96
4,123,32
4,124,98
4,125,269
4,127,84
4,128,53
4,129,380
4,132,253
4,135,306
4,137,185
4,140,205
4,142,336
4,143,228
4,144,358
4,145,176
4,155,241
4,156,177
4,157,383
4,159,53
4,160,295
4,162,45
4,163,180
4,165,84
4,166,109
4,167,1
4,168,393
4,169,151
4,172,150
4,173,399
4,175,386
4,178,27
4,179,115
4,180,255
4,186,14
4,188,110
4,189,144
4,193,100
4,198,119
5,1,158
5,2,228
5,3,182
5,7,184
5,8,153
5,9,124
5,10,346
5,11,51
5,12,132
5,13,213
5,16,34
5,18,130
5,19,51
5,20,1
5,21,237
5,23,84
5,26,117
5,29,106
5,30,255
5,31,227
5,32,310
5,33,267
5,34,179
5,36,376
5,37,297
5,38,181
5,39,287
5,40,148
5,42,338
5,43,258
5,44,85
5,45,297
5,47,114
5,48,111
5,49,100
5,50,110
5,51,349
5,53,108
5,55,113
5,56,115
5,58,333
5,60,315
5,63,362
5,65,75
5,67,197
5,68,199
5,69,179
5,70,311
5,71,295
5,74,81
5,77,92
5,78,277
5,81,123
5,82,389
5,83,383
5,84,87
5,85,24
5,86,41
5,87,359
5,89,13
5,90,70
5,92,334
5,93,233
5,94,200
5,95,230
5,98,79
5,99,311
5,100,312
5,103,226
5,104,166
5,105,365
5,106,88
5,107,261
5,108,55
5,109,97
5,110,355
5,111,270
5,113,300
5,114,394
5,122,182
5,124,295
5,125,158
5,128,32
5,133,72
5,134,272
5,135,305
5,141,130
5,152,212
5,154,94
5,156,358
5,158,40
5,161,316
5,163,316
5,166,338
5,167,326
5,168,221
5,171,210
5,172,220
5,178,43
5,179,12
5,181,193
5,182,203
5,189,322
5,190,125
5,192,145
5,198,258
5,199,283
6,2,20
6,3,131
6,4,273
6,7,321
6,8,81
6,10,167
6,11,275
6,13,190
6,14,116
6,15,173
6,16,381
6,17,210
6,20,207
6,23,282
6,25,222
6,27,144
6,28,247
6,34,315
6,35,346
6,36,63
6,37,173
6,38,231
6,39,77
6,40,20
6,41,329
6,42,133
6,43,229
6,44,9
6,46,208
6,47,157
6,50,119
6,51,250
6,53,79
6,54,229
6,55,363
6,56,69
6,57,134
6,59,400
6,60,247
6,62,67
6,63,126
6,64,36
6,65,31
6,66,190
6,68,188
6,70,344
6,72,122
6,74,8
6,75,42
6,78,113
6,80,135
6,81,298
6,82,260
6,83,44
6,84,199
6,85,139
6,88,9
6,89,362
6,91,209
6,92,334
6,93,252
6,95,319
6,97,102
6,98,95
6,99,139
6,102,79
6,104,295
6,105,84
6,106,391
6,107,390
6,108,314
6,109,314
6,111,13
6,113,303
6,114,286
6,115,64
6,116,351
6,120,8
6,121,28
6,122,139
6,124,284
6,125,260
6,127,364
6,129,286
6,133,385
6,134,254
6,136,63
6,137,208
6,139,387
6,140,268
6,147,363
6,148,72
6,149,257
6,152,375
6,153,258
6,156,153
6,157,58
6,159,158
6,161,342
6,166,197
6,167,353
6,177,391
6,184,347
6,189,156
6,192,299
6,197,3
6,199,212
6,200,40
7,1,41
7,3,319
7,4,373
7,5,184
7,6,321
7,8,220
7,9,271
7,10,331
7,12,185
7,13,227
7,15,9
7,16,186
7,17,268
7,18,125
7,20,22
7,22,280
7,25,104
7,27,175
7,29,111
7,30,136
7,32,17
7,33,364
7,39,101
7,41,155
7,44,156
7,46,186
7,47,327
7,50,214
7,51,324
7,52,316
7,53,243
7,54,283
7,55,232
7,58,397
7,59,203
7,60,314
7,62,210
7,63,236
7,64,38
7,65,252
7,66,173
7,67,45
7,68,210
7,70,148
7,72,251
7,75,18
7,77,69
7,78,212
7,81,98
7,82,249
7,84,256
7,87,328
7,91,388
7,92,371
7,93,387
7,94,319
7,96,353
7,98,70
7,101,114
7,102,269
7,103,390
7,104,211
7,106,364
7,109,119
7,110,137
7,111,219
7,112,266
7,113,168
7,118,153
7,120,280
7,121,36
7,122,384
7,124,177
7,127,25
7,128,206
7,129,98
7,130,362
7,132,300
7,133,338
7,134,6
7,138,274
7,139,48
7,141,305
7,143,250
7,144,245
7,148,6
7,157,112
7,160,75
7,161,24
7,162,217
7,164,248
7,167,97
7,168,31
7,171,295
7,174,221
7,176,363
7,178,200
7,179,77
7,185,362
7,191,269
7,194,157
7,195,142
7,198,165
8,1,353
8,3,287
8,4,317
8,5,153
8,6,81
8,7,220
8,9,279
8,10,268
8,11,122
8,12,71
8,13,167
8,15,150
8,17,210
8,18,249
8,20,240
8,22,233
8,23,138
8,24,178
8,25,207
8,26,146
8,27,281
8,28,365
8,30,3
8,31,114
8,32,193
8,34,278
8,36,241
8,37,112
8,38,19
8,40,301
8,41,111
8,42,365
8,43,7
8,44,383
8,45,219
8,46,387
8,47,391
8,48,181
8,49,112
8,50,252
8,52,17
8,55,375
8,58,256
8,60,389
8,61,265
8,63,41
8,66,240
8,68,252
8,69,309
8,70,316
8,71,199
8,72,224
8,75,62
8,76,299
8,79,35
8,80,148
8,81,12
8,82,206
8,84,8
8,85,201
8,87,282
8,89,175
8,91,172
8,93,146
8,95,145
8,96,291
8,97,57
8,98,166
8,99,355
8,101,189
8,103,74
8,104,397
8,106,90
8,107,36
8,109,178
8,110,10
8,111,33
8,114,291
8,115,192
8,117,92
8,118,132
8,119,275
8,120,248
8,122,185
8,123,398
8,124,79
8,126,329
8,127,324
8,128,363
8,129,349
8,132,54
8,136,207
8,137,372
8,140,104
8,142,209
8,145,105
8,146,140
8,148,129
8,151,398
8,152,57
8,153,143
8,156,349
8,158,114
8,159,269
8,166,259
8,167,136
8,172,86
8,173,59
8,174,202
8,177,156
8,178,238
8,184,250
8,189,332
8,191,136
9,2,362
9,3,397
9,4,342
9,5,124
9,7,271
9,8,279
9,10,305
9,12,155
9,13,114
9,14,365
9,16,328
9,17,338
9,18,184
9,19,350
9,20,162
9,21,234
9,22,367
9,24,140
9,25,115
9,26,3
9,27,304
9,28,261
9,29,141
9,30,313
9,31,256
9,33,311
9,34,201
9,35,318
9,36,147
9,37,253
9,40,266
9,41,25
9,43,212
9,44,75
9,45,192
9,47,340
9,48,47
9,49,333
9,52,346
9,53,44
9,55,360
9,56,358
9,60,332
9,61,60
9,63,352
9,64,153
9,65,160
9,66,205
9,67,73
9,68,131
9,69,358
9,70,87
9,72,251
9,73,284
9,75,129
9,77,220
9,79,310
9,80,45
9,84,267
9,85,271
9,87,342
9,89,6
9,91,372
9,92,262
9,93,54
9,94,128
9,95,352
9,96,208
9,97,28
9,100,25
9,101,84
9,102,156
9,103,159
9,104,51
9,105,91
9,107,38
9,109,21
9,112,147
9,114,24
9,115,366
9,118,74
9,119,9
9,120,10
9,121,99
9,123,245
9,125,388
9,126,232
9,127,379
9,130,343
9,131,301
9,134,141
9,135,16
9,137,152
9,138,375
9,139,338
9,141,273
9,142,132
9,144,98
9,148,360
9,150,233
9,154,331
9,156,63
9,157,48
9,159,55
9,161,363
9,165,91
9,167,110
9,170,133
9,171,224
9,173,226
9,177,270
9,180,101
9,181,399
9,182,88
9,188,86
9,189,146
9,193,13
9,194,204
9,199,10
10,1,210
10,4,105
10,5,346
10,6,167
10,7,331
10,8,268
10,9,305
10,11,8
10,12,335
10,13,72
10,14,231
10,17,15
10,19,345
10,20,19
10,22,206
10,23,143
10,25,308
10,26,335
10,29,316
10,30,322
10,31,226
10,32,50
10,33,363
10,36,231
10,38,157
10,39,60
10,41,133
10,45,303
10,46,376
10,49,139
10,50,269
10,52,35
10,54,116
10,55,141
10,56,33
10,57,218
10,58,88
10,60,392
10,61,242
10,68,223
10,69,114
10,70,105
10,72,281
10,74,33
10,75,207
10,76,310
10,77,55
10,78,139
10,80,357
10,81,386
10,83,71
10,84,278
10,85,201
10,87,235
10,89,77
10,90,70
10,91,221
10,95,26
10,96,244
10,98,172
10,99,374
10,103,82
10,105,242
10,106,344
10,108,210
10,110,380
10,111,82
10,113,125
10,114,291
10,115,238
10,118,389
10,119,399
10,120,395
10,121,240
10,126,159
10,127,269
10,129,228
10,132,248
10,133,358
10,135,396
10,137,229
10,139,384
10,141,205
10,144,59
10,146,344
10,148,114
10,150,1
10,153,296
10,157,153
10,158,334
10,159,15
10,160,311
10,162,60
10,163,235
10,164,160
10,169,317
10,170,202
10,172,131
10,173,286
10,174,65
10,177,217
10,178,202
10,184,44
10,185,386
10,186,44
10,188,165
10,190,41
10,192,271
10,198,195
11,1,337
11,2,235
11,3,86
11,4,127
11,5,51
11,6,275
11,8,122
11,10,8
11,12,331
11,14,13
11,17,151
11,18,133
11,19,116
11,20,314
11,22,177
11,24,394
11,25,280
11,26,171
11,27,330
11,28,158
11,29,33
11,31,180
11,33,50
11,34,310
11,35,239
11,38,293
11,40,323
11,41,111
11,42,400
11,44,252
11,45,204
11,46,333
11,47,119
11,50,334
11,51,37
11,52,76
11,53,318
11,55,113
11,56,51
11,58,37
11,60,231
11,61,135
11,62,313
11,64,63
11,65,180
11,66,133
11,67,252
11,69,239
11,71,12
11,73,203
11,74,355
11,75,386
11,78,36
11,79,300
11,80,77
11,81,185
11,83,264
11,84,151
11,86,132
11,92,244
11,93,286
11,95,44
11,98,268
11,99,133
11,100,391
11,102,87
11,104,112
11,105,85
11,106,305
11,107,390
11,108,68
11,109,390
11,112,339
11,113,49
11,114,97
11,115,30
11,116,193
11,118,396
11,120,29
11,123,172
11,124,367
11,126,56
11,127,18
11,129,288
11,132,285
11,133,318
11,134,44
11,136,334
11,137,46
11,138,63
11,140,50
11,141,175
11,142,66
11,143,215
11,146,324
11,147,214
11,148,128
11,149,327
11,151,104
11,152,85
11,154,141
11,159,66
11,160,352
11,161,268
11,163,136
11,165,38
11,166,345
11,167,37
11,171,310
11,172,384
11,174,281
11,184,382
11,190,191
11,191,367
11,192,50
11,197,26
11,198,57
12,1,325
12,2,12
12,5,132
12,7,185
12,8,71
12,9,155
12,10,335
12,11,331
12,14,360
12,15,193
12,17,237
12,18,168
12,19,167
12,20,93
12,21,203
12,22,232
12,24,79
12,25,247
12,28,397
12,31,278
12,32,381
12,34,143
12,40,340
12,43,263
12,45,259
12,46,190
12,47,293
12,48,273
12,52,58
12,53,149
12,55,288
12,57,95
12,58,46
12,59,81
12,60,141
12,61,256
12,62,294
12,63,166
12,64,317
12,66,52
12,67,35
12,68,354
12,69,271
12,71,208
12,72,97
12,75,243
12,76,225
12,77,284
12,78,81
12,79,355
12,80,57
12,85,213
12,86,266
12,89,178
12,90,216
12,92,171
12,93,208
12,94,137
12,96,32
12,97,330
12,100,142
12,101,380
12,103,172
12,104,20
12,105,271
12,106,341
12,107,38
12,108,372
12,109,137
12,110,123
12,112,53
12,115,253
12,117,182
12,118,312
12,121,251
12,122,32
12,125,306
12,128,115
12,129,174
12,131,256
12,133,203
12,134,385
12,136,166
12,138,264
12,139,151
12,141,354
12,144,393
12,147,390
12,148,88
12,150,336
12,152,349
12,154,80
12,155,164
12,156,244
12,157,304
12,158,324
12,160,235
12,164,195
12,165,391
12,166,136
12,167,388
12,168,4
12,169,388
12,172,241
12,173,305
12,177,331
12,183,53
12,186,316
12,189,297
12,192,297
12,193,153
12,195,243
12,198,201
12,199,28
12,200,380
13,1,153
13,2,125
13,5,213
13,6,190
13,7,227
13,8,167
13,9,114
13,10,72
13,14,275
13,15,129
13,16,198
13,17,357
13,18,222
13,19,347
13,20,1
13,21,155
13,22,13
13,23,368
13,24,384
13,25,221
13,26,211
13,27,104
13,28,313
13,30,36
13,31,288
13,32,191
13,36,99
13,38,121
13,39,17
13,40,368
13,41,11
13,44,60
13,46,363
13,48,367
13,49,70
13,50,286
13,52,101
13,55,141
13,56,141
13,57,260
13,59,338
13,60,119
13,62,46
13,63,346
13,64,387
13,65,328
13,66,142
13,68,359
13,69,203
13,72,314
13,74,281
13,77,166
13,78,347
13,79,365
13,80,29
13,84,167
13,85,315
13,86,283
13,87,349
13,88,351
13,90,61
13,91,243
13,92,289
13,93,131
13,94,349
13,97,351
13,98,364
13,101,227
13,103,187
13,104,162
13,109,345
13,111,110
13,114,299
13,116,200
13,117,58
13,118,280
13,119,76
13,122,395
13,123,366
13,125,293
13,126,288
13,128,120
13,130,324
13,131,32
13,136,61
13,139,25
13,141,148
13,142,165
13,144,270
13,145,348
13,146,215
13,150,382
13,151,194
13,152,118
13,153,312
13,154,127
13,159,135
13,163,257
13,168,349
13,170,206
13,174,80
13,176,46
13,178,222
13,182,184
13,183,297
13,184,233
13,186,33
13,187,192
13,190,252
13,191,3
13,192,398
13,195,165
14,1,388
14,3,395
14,4,155
14,6,116
14,9,365
14,10,231
14,11,13
14,12,360
14,13,275
14,15,2
14,16,157
14,17,258
14,19,394
14,21,325
14,22,390
14,23,225
14,24,129
14,25,84
14,27,235
14,28,291
14,29,272
14,35,58
14,36,122
14,37,161
14,38,89
14,40,335
14,42,324
14,46,32
14,49,41
14,50,390
14,54,151
14,55,258
14,56,309
14,58,277
14,59,225
14,60,33
14,62,198
14,63,208
14,64,225
14,66,193
14,70,206
14,71,288
14,72,227
14,76,383
14,77,134
14,78,138
14,79,282
14,80,227
14,81,377
14,82,44
14,84,40
14,85,134
14,87,383
14,89,218
14,91,109
14,92,249
14,93,9
14,96,259
14,97,93
14,101,365
14,102,48
14,103,278
14,105,69
14,106,117
14,107,18
14,108,310
14,110,154
14,112,22
14,117,173
14,120,260
14,121,42
14,122,277
14,123,187
14,125,39
14,126,144
14,127,185
14,129,364
14,130,380
14,132,118
14,136,211
14,139,125
14,142,384
14,144,102
14,145,193
14,146,240
14,148,162
14,150,133
14,153,4
14,156,223
14,157,126
14,159,102
14,161,173
14,170,168
14,172,128
14,173,373
14,175,184
14,177,130
14,178,359
14,179,357
14,182,207
14,184,184
14,187,310
14,188,245
14,189,216
14,195,283
14,196,247
14,197,281
14,198,343
15,4,347
15,6,173
15,7,9
15,8,150
15,12,193
15,13,129
15,14,2
15,16,296
15,17,53
15,18,187
15,21,25
15,23,56
15,24,283
15,25,351
15,26,215
15,27,256
15,28,293
15,29,400
15,31,391
15,32,378
15,33,355
15,34,151
15,36,297
15,38,213
15,39,59
15,40,118
15,41,76
15,42,274
15,44,8
15,45,22
15,46,295
15,49,222
15,50,167
15,51,343
15,55,126
15,56,194
15,57,138
15,58,245
15,59,111
15,60,29
15,62,224
15,64,347
15,65,322
15,66,145
15,68,144
15,69,265
15,70,344
15,71,374
15,73,256
15,74,322
15,76,153
15,78,350
15,80,84
15,81,225
15,82,97
15,83,74
15,86,276
15,87,54
15,88,139
15,89,129
15,90,30
15,93,174
15,94,234
15,96,50
15,97,237
15,99,113
15,100,367
15,101,321
15,106,9
15,107,288
15,108,96
15,110,186
15,112,375
15,114,88
15,115,274
15,117,373
15,119,388
15,121,192
15,124,303
15,125,180
15,127,285
15,129,103
15,130,383
15,131,362
15,133,84
15,136,180
15,142,17
15,143,27
15,144,333
15,145,176
15,147,341
15,148,360
15,149,300
15,152,10
15,155,191
15,156,240
15,162,395
15,165,80
15,170,333
15,173,223
15,174,291
15,175,393
15,177,396
15,180,11
15,184,294
15,185,190
15,188,384
15,194,313
15,195,226
15,196,140
16,1,146
16,2,323
16,3,292
16,5,34
16,6,381
16,7,186
16,9,328
16,13,198
16,14,157
16,15,296
16,17,224
16,18,353
16,19,55
16,20,238
16,23,74
16,24,46
16,26,306
16,27,20
16,28,286
16,29,349
16,30,355
16,31,151
16,32,201
16,33,291
16,34,364
16,36,218
16,37,289
16,38,296
16,39,283
16,40,385
16,43,323
16,44,288
16,46,332
16,47,165
16,50,387
16,51,121
16,52,127
16,53,276
16,54,90
16,55,277
16,59,177
16,60,10
16,62,380
16,63,111
16,65,101
16,70,226
16,71,280
16,72,236
16,77,398
16,78,359
16,79,361
16,80,347
16,81,28
16,82,324
16,83,281
16,84,297
16,86,187
16,87,293
16,89,239
16,90,340
16,91,167
16,92,30
16,93,397
16,94,228
16,97,64
16,100,208
16,104,347
16,105,168
16,108,31
16,109,278
16,110,128
16,111,340
16,112,147
16,116,268
16,118,202
16,119,2
16,124,393
16,126,161
16,129,262
16,130,225
16,131,61
16,132,88
16,135,193
16,136,285
16,138,240
16,142,234
16,143,381
16,145,238
16,148,199
16,150,298
16,157,224
16,159,313
16,160,152
16,162,156
16,164,72
16,165,368
16,166,327
16,167,314
16,168,338
16,170,54
16,172,8
16,174,67
16,175,204
16,176,189
16,178,311
16,179,380
16,185,350
16,187,354
16,191,25
16,192,241
16,193,276
16,196,239
16,200,59
17,4,87
17,6,210
17,7,268
17,8,210
17,9,338
17,10,15
17,11,151
17,12,237
17,13,357
17,14,258
17,15,53
17,16,224
17,21,363
17,23,286
17,25,218
17,27,259
17,28,131
17,29,398
17,30,378
17,31,367
17,32,212
17,33,347
17,36,225
17,42,52
17,43,115
17,45,106
17,46,310
17,48,287
17,50,398
17,51,365
17,53,171
17,54,271
17,55,350
17,57,118
17,59,327
17,61,198
17,63,70
17,64,209
17,65,289
17,67,393
17,68,33
17,69,393
17,70,96
17,71,393
17,72,59
17,73,179
17,74,254
17,76,150
17,77,165
17,78,385
17,79,103
17,80,69
17,82,292
17,83,220
17,84,164
17,85,231
17,87,23
17,89,149
17,90,169
17,93,108
17,97,4
17,100,151
17,101,276
17,102,279
17,104,279
17,106,256
17,108,359
17,110,398
17,111,91
17,113,152
17,114,351
17,115,79
17,116,44
17,118,281
17,119,324
17,133,222
17,134,56
17,136,314
17,137,220
17,139,11
17,146,247
17,147,352
17,151,121
17,152,282
17,153,1
17,154,62
17,158,279
17,160,338
17,161,182
17,162,75
17,164,314
17,165,167
17,168,121
17,170,15
17,171,163
17,174,197
17,177,177
17,178,266
17,182,40
17,185,370
17,187,285
17,189,138
17,190,33
17,194,391
17,195,275
17,198,14
18,3,314
18,4,32
18,5,130
18,7,125
18,8,249
18,9,184
18,11,133
18,12,168
18,13,222
18,15,187
18,16,353
18,20,179
18,22,200
18,25,369
18,26,304
18,28,142
18,29,263
18,30,305
18,32,237
18,33,315
18,34,209
18,35,95
18,36,16
18,38,248
18,39,49
18,40,367
18,41,334
18,42,64
18,44,280
18,46,118
18,47,344
18,48,80
18,50,229
18,51,186
18,52,233
18,53,96
18,54,148
18,56,395
18,57,322
18,60,64
18,61,216
18,62,211
18,66,106
18,67,264
18,69,130
18,71,375
18,72,304
18,73,230
18,75,253
18,76,249
18,77,226
18,78,106
18,79,309
18,80,140
18,81,202
18,83,49
18,86,87
18,87,141
18,89,345
18,90,13
18,91,56
18,93,120
18,96,383
18,97,210
18,98,170
18,102,390
18,103,17
18,104,313
18,105,21
18,107,281
18,108,100
18,111,92
18,112,360
18,114,392
18,115,268
18,116,192
18,117,275
18,118,219
18,119,18
18,120,64
18,130,291
18,132,131
18,135,310
18,137,171
18,141,308
18,142,233
18,145,26
18,146,111
18,147,156
18,149,398
18,150,328
18,158,46
18,160,127
18,161,195
18,162,147
18,163,384
18,168,40
18,169,132
18,170,349
18,171,48
18,173,386
18,179,380
18,181,99
18,182,306
18,184,253
18,185,258
18,188,38
18,189,90
18,191,125
18,192,198
18,194,368
18,200,188
19,2,246
19,5,51
19,9,350
19,10,345
19,11,116
19,12,167
19,13,347
19,14,394
19,16,55
19,20,375
19,21,77
19,22,349
19,23,386
19,24,253
19,25,69
19,26,148
19,31,341
19,32,104
19,33,360
19,34,228
19,35,285
19,38,55
19,39,120
19,42,207
19,43,134
19,44,10
19,46,123
19,47,143
19,50,262
19,51,138
19,54,227
19,55,148
19,56,47
19,58,200
19,59,83
19,60,52
19,61,53
19,62,211
19,65,223
19,67,218
19,70,2
19,73,241
19,75,320
19,76,236
19,77,113
19,79,224
19,80,366
19,82,336
19,83,334
19,84,15
19,85,228
19,86,365
19,88,136
19,92,153
19,93,206
19,94,250
19,96,23
19,98,285
19,100,273
19,101,355
19,102,117
19,106,301
19,107,320
19,110,185
19,112,73
19,113,385
19,114,182
19,116,30
19,117,387
19,118,59
19,120,240
19,121,36
19,122,293
19,123,120
19,125,178
19,127,356
19,128,296
19,133,85
19,137,111
19,139,324
19,140,215
19,142,181
19,143,74
19,144,193
19,146,184
19,150,324
19,151,121
19,158,138
19,159,157
19,160,288
19,161,98
19,168,393
19,169,56
19,170,79
19,172,164
19,173,176
19,174,162
19,176,4
19,179,372
19,180,261
19,181,223
19,184,211
19,186,104
19,187,121
19,194,395
19,200,299
20,1,186
20,2,266
20,5,1
20,6,207
20,7,22
20,8,240
20,9,162
20,10,19
20,11,314
20,12,93
20,13,1
20,16,238
20,18,179
20,19,375
20,21,149
20,24,149
20,25,50
20,27,311
20,29,24
20,30,129
20,31,128
20,34,255
20,36,53
20,37,319
20,39,131
20,40,188
20,43,95
20,45,217
20,48,396
20,49,134
20,50,257
20,51,119
20,52,309
20,53,123
20,54,231
20,55,96
20,56,318
20,57,52
20,59,146
20,60,64
20,62,367
20,63,381
20,64,46
20,65,133
20,67,145
20,68,259
20,69,344
20,70,101
20,71,313
20,72,380
20,73,268
20,75,341
20,76,75
20,77,399
20,79,132
20,81,144
20,82,394
20,83,371
20,89,215
20,90,91
20,94,343
20,95,288
20,96,326
20,99,73
20,100,228
20,101,290
20,102,300
20,103,119
20,104,105
20,105,231
20,106,280
20,109,302
20,110,344
20,112,280
20,114,173
20,119,393
20,121,287
20,122,207
20,123,113
20,124,380
20,126,318
20,131,157
20,133,347
20,134,286
20,135,267
20,136,284
20,138,198
20,139,263
20,142,324
20,143,4
20,144,99
20,145,49
20,146,80
20,148,54
20,150,47
20,152,211
20,153,181
20,155,287
20,157,287
20,158,360
20,163,172
20,164,241
20,165,35
20,167,393
20,168,207
20,170,66
20,174,7
20,175,25
20,176,146
20,179,50
20,180,371
20,184,144
20,189,203
20,193,349
20,196,294
20,197,265
20,198,259
20,200,168
21,1,35
21,2,82
21,3,65
21,4,59
21,5,237
21,9,234
21,12,203
21,13,155
21,14,325
21,15,25
21,17,363
21,19,77
21,20,149
21,22,353
21,23,153
21,24,32
21,25,192
21,26,264
21,28,214
21,29,9
21,30,62
21,34,39
21,37,85
21,39,356
21,41,180
21,43,367
21,44,254
21,48,175
21,50,189
21,51,68
21,52,141
21,53,197
21,54,297
21,55,252
21,57,335
21,58,6
21,59,287
21,60,212
21,61,335
21,62,326
21,63,385
21,64,126
21,65,196
21,66,331
21,67,373
21,69,47
21,71,32
21,72,366
21,74,96
21,75,173
21,77,258
21,78,123
21,79,242
21,80,133
21,81,326
21,82,168
21,85,278
21,86,34
21,87,5
21,89,288
21,90,100
21,91,323
21,92,368
21,93,392
21,94,256
21,97,234
21,99,100
21,102,168
21,104,121
21,105,248
21,106,351
21,107,44
21,108,329
21,113,327
21,114,287
21,115,88
21,116,148
21,118,345
21,119,307
21,120,55
21,122,216
21,123,7
21,124,391
21,126,310
21,130,43
21,132,132
21,142,4
21,143,58
21,145,125
21,147,103
21,148,23
21,153,265
21,154,183
21,155,76
21,156,189
21,158,338
21,159,59
21,161,34
21,163,400
21,165,302
21,166,24
21,168,195
21,171,151
21,172,239
21,173,168
21,177,274
21,182,72
21,183,10
21,186,324
21,189,121
21,190,154
21,192,127
21,196,27
21,198,192
21,200,241
22,1,188
22,2,62
22,3,247
22,7,280
22,8,233
22,9,367
22,10,206
22,11,177
22,12,232
22,13,13
22,14,390
22,18,200
22,19,349
22,21,353
22,23,399
22,26,346
22,27,114
22,28,95
22,30,83
22,31,55
22,33,218
22,35,104
22,36,184
22,37,230
22,38,306
22,42,243
22,43,214
22,44,120
22,45,125
22,46,211
22,47,280
22,48,357
22,49,26
22,51,189
22,52,148
22,53,179
22,54,214
22,55,131
22,57,68
22,58,394
22,60,98
22,61,268
22,62,230
22,63,69
22,64,331
22,65,97
22,66,215
22,67,248
22,68,307
22,69,285
22,70,375
22,73,269
22,75,4
22,77,89
22,78,385
22,81,17
22,82,284
22,83,236
22,84,133
22,85,336
22,86,322
22,90,34
22,92,173
22,93,82
22,94,200
22,95,118
22,96,237
22,98,98
22,99,232
22,100,312
22,101,249
22,106,217
22,107,163
22,109,255
22,110,377
22,111,357
22,112,297
22,114,326
22,117,47
22,118,200
22,121,53
22,122,311
22,125,247
22,126,199
22,128,11
22,131,131
22,132,285
22,133,110
22,134,162
22,135,145
22,140,202
22,141,194
22,142,51
22,144,284
22,151,355
22,153,311
22,156,201
22,165,34
22,166,225
22,169,210
22,170,384
22,176,42
22,177,159
22,180,238
22,184,54
22,188,324
22,189,65
22,192,363
22,196,69
22,199,11
23,1,107
23,2,212
23,5,84
23,6,282
23,8,138
23,10,143
23,13,368
23,14,225
23,15,56
23,16,74
23,17,286
23,19,386
23,21,153
23,22,399
23,27,350
23,29,244
23,30,23
23,31,268
23,32,396
23,33,379
23,35,137
23,39,321
23,42,163
23,43,399
23,44,161
23,45,310
23,46,308
23,47,21
23,49,302
23,50,7
23,51,295
23,52,300
23,53,395
23,54,93
23,56,317
23,57,232
23,59,367
23,60,120
23,64,278
23,65,361
23,66,391
23,67,232
23,68,79
23,70,62
23,72,296
23,73,394
23,74,42
23,76,106
23,78,299
23,80,118
23,81,385
23,82,235
23,86,203
23,88,209
23,89,342
23,90,148
23,93,304
23,94,106
23,95,151
23,96,30
23,98,211
23,100,270
23,101,68
23,102,398
23,103,201
23,105,153
23,106,360
23,108,75
23,110,270
23,111,202
23,113,377
23,114,200
23,115,183
23,117,312
23,119,247
23,120,379
23,123,26
23,125,366
23,126,246
23,128,50
23,129,247
23,132,329
23,133,220
23,134,164
23,135,112
23,138,58
23,140,288
23,141,210
23,142,233
23,143,97
23,144,253
23,145,378
23,146,7
23,147,294
23,148,352
23,155,217
23,156,276
23,162,265
23,164,376
23,168,156
23,169,384
23,175,185
23,181,212
23,188,283
23,198,139
23,199,381
24,1,107
24,2,118
24,3,388
24,4,86
24,8,178
24,9,140
24,11,394
24,12,79
24,13,384
24,14,129
24,15,283
24,16,46
24,19,253
24,20,149
24,21,32
24,25,53
24,26,139
24,28,291
24,29,285
24,31,114
24,32,305
24,33,290
24,34,122
24,35,334
24,36,325
24,37,201
24,38,64
24,39,164
24,40,392
24,41,87
24,44,340
24,45,92
24,46,397
24,47,345
24,48,298
24,54,67
24,55,15
24,57,163
24,58,226
24,60,151
24,62,187
24,63,32
24,64,302
24,65,394
24,68,217
24,69,160
24,70,249
24,71,125
24,72,397
24,73,20
24,74,388
24,79,232
24,80,37
24,81,69
24,83,14
24,84,348
24,85,119
24,86,173
24,87,318
24,88,371
24,89,289
24,90,79
24,93,227
24,94,109
24,95,240
24,98,210
24,99,370
24,102,3
24,103,23
24,104,94
24,105,11
24,107,340
24,108,214
24,110,303
24,112,380
24,114,220
24,115,176
24,116,224
24,117,235
24,118,204
24,119,177
24,121,103
24,122,212
24,125,341
24,127,139
24,129,11
24,131,226
24,133,95
24,137,154
24,138,320
24,139,166
24,141,289
24,144,105
24,145,358
24,147,105
24,148,1
24,149,35
24,150,341
24,151,353
24,152,119
24,156,329
24,162,182
24,163,394
24,164,52
24,166,134
24,167,212
24,168,393
24,169,187
24,171,63
24,176,359
24,179,357
24,181,17
24,183,46
24,185,24
24,194,242
24,195,69
25,2,111
25,4,105
25,6,222
25,7,104
25,8,207
25,9,115
25,10,308
25,11,280
25,12,247
25,13,221
25,14,84
25,15,351
25,17,218
25,18,369
25,19,69
25,20,50
25,21,192
25,24,53
25,26,226
25,27,34
25,30,264
25,31,340
25,33,242
25,34,301
25,35,295
25,36,39
25,37,112
25,38,58
25,40,157
25,41,146
25,42,376
25,45,74
25,47,36
25,48,62
25,50,354
25,51,48
25,53,226
25,54,260
25,56,283
25,60,373
25,62,344
25,63,64
25,64,104
25,66,111
25,68,246
25,69,188
25,70,167
25,71,150
25,73,47
25,74,166
25,76,250
25,77,363
25,78,51
25,80,127
25,81,369
25,82,273
25,85,120
25,86,16
25,87,226
25,89,389
25,91,364
25,92,396
25,95,164
25,96,344
25,100,322
25,101,365
25,102,34
25,104,379
25,105,42
25,106,8
25,108,376
25,109,248
25,110,88
25,112,282
25,113,213
25,115,286
25,116,138
25,117,270
25,124,42
25,125,156
25,126,5
25,130,119
25,131,209
25,133,110
25,135,347
25,137,330
25,140,355
25,141,273
25,142,38
25,145,262
25,148,360
25,150,269
25,152,18
25,153,20
25,154,284
25,156,289
25,157,310
25,158,398
25,163,263
25,164,54
25,166,57
25,167,231
25,170,138
25,172,250
25,173,87
25,174,270
25,175,246
25,178,271
25,179,22
25,185,167
25,187,240
25,190,61
25,194,24
25,198,340
25,200,99
26,1,276
26,3,277
26,4,163
26,5,117
26,8,146
26,9,3
26,10,335
26,11,171
26,13,211
26,15,215
26,16,306
26,18,304
26,19,148
26,21,264
26,22,346
26,24,139
26,25,226
26,27,111
26,28,1
26,29,9
26,32,337
26,33,101
26,35,217
26,36,259
26,37,171
26,39,38
26,42,35
26,43,395
26,44,220
26,45,42
26,46,226
26,48,304
26,49,249
26,51,79
26,52,253
26,53,154
26,54,48
26,55,245
26,56,184
26,59,300
26,60,248
26,61,373
26,62,263
26,63,357
26,64,292
26,65,341
26,68,42
26,70,180
26,72,70
26,73,69
26,75,229
26,77,79
26,78,315
26,80,207
26,83,267
26,84,317
26,86,305
26,89,362
26,90,203
26,91,92
26,92,315
26,93,211
26,94,113
26,95,180
26,96,83
26,97,25
26,100,277
26,102,311
26,103,163
26,106,269
26,107,65
26,108,325
26,109,53
26,112,184
26,113,101
26,115,203
26,117,200
26,118,155
26,121,390
26,122,190
26,123,298
26,124,177
26,125,37
26,126,38
26,127,258
26,128,59
26,136,166
26,138,140
26,139,176
26,140,60
26,141,98
26,143,186
26,145,14
26,151,338
26,155,298
26,159,24
26,163,390
26,165,282
26,166,146
26,167,280
26,173,244
26,175,32
26,178,81
26,181,206
26,186,211
26,188,83
26,191,386
26,195,139
26,198,95
26,199,75
26,200,77
27,1,145
27,2,122
27,3,57
27,6,144
27,7,175
27,8,281
27,9,304
27,11,330
27,13,104
27,14,235
27,15,256
27,16,20
27,17,259
27,20,311
27,22,114
27,23,350
27,25,34
27,26,111
27,32,368
27,34,129
27,37,328
27,38,155
27,39,365
27,40,219
27,41,255
27,42,359
27,43,186
27,45,204
27,46,38
27,47,350
27,48,241
27,49,68
27,51,62
27,52,354
27,53,155
27,56,157
27,58,303
27,59,333
27,60,5
27,62,239
27,63,234
27,64,269
27,67,108
27,68,92
27,69,136
27,71,29
27,72,377
27,73,71
27,74,14
27,75,48
27,76,103
27,77,141
27,81,85
27,84,101
27,85,221
27,86,22
27,90,96
27,91,304
27,92,233
27,93,293
27,95,202
27,97,152
27,99,94
27,102,54
27,104,295
27,105,270
27,107,355
27,108,252
27,109,336
27,116,172
27,118,92
27,119,290
27,122,372
27,123,22
27,124,302
27,125,90
27,126,313
27,127,369
27,128,325
27,130,69
27,132,225
27,136,102
27,137,142
27,138,171
27,140,217
27,145,186
27,146,247
27,151,379
27,154,390
27,158,396
27,160,38
27,161,274
27,164,388
27,169,164
27,172,242
27,179,306
27,180,340
27,181,359
27,184,322
27,186,101
27,188,348
27,191,128
27,193,344
27,194,299
27,196,389
27,200,284
28,2,106
28,4,72
28,6,247
28,8,365
28,9,261
28,11,158
28,12,397
28,13,313
28,14,291
28,15,293
28,16,286
28,17,131
28,18,142
28,21,214
28,22,95
28,24,291
28,26,1
28,29,29
28,30,365
28,31,106
28,32,295
28,33,278
28,34,294
28,35,39
28,36,228
28,37,64
28,39,84
28,41,54
28,42,162
28,44,295
28,47,75
28,48,184
28,51,249
28,52,22
28,53,284
28,54,158
28,56,105
28,57,177
28,58,215
28,59,131
28,62,364
28,63,257
28,65,109
28,66,41
28,67,81
28,69,24
28,71,212
28,72,364
28,73,210
28,74,196
28,75,31
28,76,304
28,77,307
28,79,47
28,82,48
28,83,142
28,85,200
28,86,49
28,87,176
28,89,168
28,90,38
28,92,113
28,93,383
28,97,111
28,98,277
28,99,187
28,100,264
28,102,399
28,103,377
28,106,55
28,107,143
28,109,305
28,111,225
28,113,380
28,116,272
28,118,317
28,120,144
28,121,222
28,122,94
28,124,196
28,126,98
28,127,206
28,128,395
28,129,278
28,131,166
28,134,218
28,136,217
28,137,131
28,139,112
28,140,116
28,142,161
28,144,130
28,148,115
28,149,259
28,151,275
28,153,190
28,154,269
28,158,160
28,161,16
28,162,145
28,164,331
28,165,164
28,166,17
28,167,62
28,172,315
28,173,131
28,175,56
28,176,275
28,178,283
28,180,367
28,181,381
28,184,110
28,188,218
28,192,252
28,193,200
28,194,396
28,196,397
29,1,241
29,2,225
29,4,60
29,5,106
29,7,111
29,9,141
29,10,316
29,11,33
29,14,272
29,15,400
29,16,349
29,17,398
29,18,263
29,20,24
29,21,9
29,23,244
29,24,285
29,26,9
29,28,29
29,30,120
29,32,110
29,33,3
29,35,194
29,36,254
29,37,281
29,38,299
29,39,299
29,40,81
29,42,62
29,45,101
29,47,48
29,49,35
29,50,337
29,52,388
29,53,400
29,56,36
29,57,364
29,63,78
29,66,363
29,68,130
29,71,332
29,72,171
29,73,54
29,74,344
29,75,324
29,79,240
29,81,146
29,82,201
29,84,70
29,85,359
29,86,218
29,87,187
29,88,108
29,90,356
29,91,330
29,92,5
29,93,356
29,98,389
29,100,340
29,102,148
29,103,357
29,104,323
29,105,313
29,106,29
29,107,248
29,108,328
29,110,333
29,112,202
29,113,368
29,114,361
29,115,90
29,117,320
29,118,153
29,119,342
29,120,264
29,122,316
29,124,240
29,125,63
29,127,386
29,128,342
29,129,80
29,137,131
29,138,321
29,145,360
29,146,41
29,147,106
29,148,83
29,151,359
29,153,53
29,156,320
29,158,243
29,159,322
29,160,271
29,161,86
29,164,165
29,167,104
29,168,221
29,172,111
29,183,184
29,185,46
29,187,142
29,188,350
29,192,103
29,200,9
30,1,190
30,3,75
30,4,336
30,5,255
30,7,136
30,8,3
30,9,313
30,10,322
30,13,36
30,16,355
30,17,378
30,18,305
30,20,129
30,21,62
30,22,83
30,23,23
30,25,264
30,28,365
30,29,120
30,32,221
30,33,128
30,35,283
30,36,51
30,37,287
30,40,388
30,41,196
30,45,66
30,46,214
30,47,85
30,48,207
30,50,351
30,51,166
30,52,330
30,53,226
30,55,272
30,56,102
30,57,131
30,62,66
30,63,264
30,65,26
30,66,278
30,67,343
30,69,217
30,70,365
30,72,138
30,74,130
30,77,123
30,78,259
30,79,222
30,81,25
30,82,341
30,83,22
30,91,231
30,92,154
30,93,159
30,94,346
30,97,389
30,99,332
30,100,259
30,101,284
30,102,269
30,103,80
30,104,11
30,105,126
30,106,163
30,108,369
30,111,304
30,113,345
30,114,236
30,116,245
30,119,269
30,120,346
30,121,138
30,122,380
30,124,329
30,126,69
30,134,265
30,137,382
30,138,347
30,139,329
30,140,101
30,142,345
30,148,110
30,151,73
30,153,169
30,154,127
30,158,258
30,162,33
30,163,66
30,169,99
30,170,304
30,172,336
30,175,347
30,181,96
30,183,301
30,185,213
30,186,242
30,190,96
30,193,10
30,199,165
31,2,256
31,3,102
31,4,325
31,5,227
31,8,114
31,9,256
31,10,226
31,11,180
31,12,278
31,13,288
31,15,391
31,16,151
31,17,367
31,19,341
31,20,128
31,22,55
31,23,268
31,24,114
31,25,340
31,28,106
31,32,295
31,33,129
31,35,106
31,36,332
31,41,161
31,42,1
31,43,237
31,44,380
31,45,127
31,47,77
31,48,245
31,49,138
31,50,212
31,52,328
31,53,19
31,54,64
31,55,262
31,57,70
31,59,47
31,60,125
31,61,184
31,63,37
31,64,244
31,66,331
31,67,252
31,68,249
31,69,9
31,71,148
31,72,9
31,73,134
31,74,81
31,75,62
31,76,377
31,77,34
31,78,378
31,81,141
31,82,368
31,84,25
31,85,257
31,89,23
31,90,89
31,92,137
31,95,171
31,96,190
31,103,270
31,106,234
31,107,164
31,108,15
31,109,18
31,110,212
31,111,208
31,112,275
31,113,347
31,115,53
31,116,387
31,118,176
31,121,218
31,122,47
31,124,122
31,127,375
31,129,277
31,131,45
31,133,116
31,134,225
31,137,89
31,138,287
31,142,111
31,143,190
31,144,100
31,145,186
31,146,103
31,149,36
31,151,338
31,154,301
31,155,240
31,157,379
31,160,54
31,164,56
31,166,42
31,167,111
31,169,242
31,178,316
31,180,393
31,181,99
31,183,122
31,186,340
31,188,390
31,192,374
31,195,208
31,196,228
31,200,260
32,1,84
32,2,282
32,3,241
32,4,37
32,5,310
32,7,17
32,8,193
32,10,50
32,12,381
32,13,191
32,15,378
32,16,201
32,17,212
32,18,237
32,19,104
32,23,396
32,24,305
32,26,337
32,27,368
32,28,295
32,29,110
32,30,221
32,31,295
32,35,299
32,38,80
32,39,373
32,42,46
32,43,184
32,44,368
32,45,305
32,47,330
32,48,304
32,49,125
32,53,180
32,54,153
32,56,129
32,61,256
32,62,329
32,64,380
32,65,116
32,68,355
32,69,13
32,70,205
32,71,66
32,72,385
32,75,69
32,76,211
32,77,345
32,78,70
32,80,144
32,81,391
32,83,196
32,85,27
32,86,180
32,87,384
32,88,188
32,89,167
32,90,239
32,92,332
32,93,150
32,95,155
32,97,368
32,99,139
32,100,25
32,101,228
32,103,385
32,104,286
32,106,70
32,108,187
32,109,355
32,110,100
32,111,104
32,112,69
32,113,300
32,114,131
32,115,352
32,116,264
32,117,21
32,119,276
32,121,265
32,122,77
32,124,110
32,126,1
32,128,95
32,131,243
32,135,364
32,138,340
32,140,45
32,142,144
32,143,18
32,144,149
32,146,1
32,147,306
32,151,297
32,153,44
32,154,288
32,155,90
32,156,237
32,158,291
32,166,192
32,168,3
32,169,216
32,171,124
32,172,185
32,174,138
32,175,239
32,177,133
32,186,317
32,189,387
32,190,223
32,191,136
32,193,294
32,197,230
32,199,331
33,2,385
33,3,108
33,4,342
33,5,267
33,7,364
33,9,311
33,10,363
33,11,50
33,15,355
33,16,291
33,17,347
33,18,315
33,19,360
33,22,218
33,23,379
33,24,290
33,25,242
33,26,101
33,28,278
33,29,3
33,30,128
33,31,129
33,34,356
33,35,218
33,36,395
33,37,135
33,40,93
33,41,393
33,42,140
33,43,278
33,45,18
33,47,254
33,48,57
33,49,186
33,52,311
33,56,20
33,58,191
33,60,204
33,61,96
33,62,27
33,64,244
33,65,186
33,66,38
33,67,63
33,68,162
33,70,280
33,72,293
33,73,247
33,74,39
33,76,366
33,77,396
33,79,350
33,80,18
33,83,349
33,86,160
33,87,141
33,88,167
33,89,397
33,91,344
33,92,198
33,93,166
33,94,237
33,95,292
33,106,23
33,107,148
33,108,241
33,109,21
33,111,110
33,112,151
33,113,389
33,115,204
33,117,143
33,121,162
33,122,159
33,123,367
33,128,75
33,129,361
33,130,341
33,133,17
33,134,31
33,135,291
33,136,386
33,143,38
33,144,20
33,145,339
33,151,4
33,152,5
33,158,200
33,160,253
33,161,138
33,162,313
33,163,45
33,164,222
33,168,238
33,174,272
33,179,6
33,180,24
33,181,266
33,183,120
33,184,49
33,186,15
33,187,68
33,191,336
33,195,165
33,200,36
34,1,287
34,3,235
34,4,363
34,5,179
34,6,315
34,8,278
34,9,201
34,11,310
34,12,143
34,15,151
34,16,364
34,18,209
34,19,228
34,20,255
34,21,39
34,24,122
34,25,301
34,27,129
34,28,294
34,33,356
34,35,384
34,39,96
34,40,133
34,44,360
34,45,73
34,46,297
34,48,226
34,49,344
34,52,172
34,54,157
34,56,177
34,59,395
34,61,225
34,62,177
34,64,379
34,66,369
34,67,176
34,68,40
34,69,160
34,70,116
34,71,60
34,72,316
34,73,125
34,75,239
34,76,17
34,77,67
34,78,341
34,79,358
34,84,14
34,85,175
34,86,117
34,87,156
34,88,137
34,92,222
34,93,376
34,94,47
34,95,18
34,96,216
34,97,215
34,98,160
34,99,241
34,100,195
34,101,146
34,103,153
34,104,166
34,105,96
34,106,70
34,107,364
34,109,248
34,110,21
34,113,130
34,114,299
34,116,351
34,118,381
34,119,161
34,121,298
34,122,323
34,125,313
34,126,7
34,128,24
34,129,32
34,132,156
34,133,304
34,134,72
34,135,314
34,137,360
34,138,367
34,140,60
34,145,171
34,147,68
34,148,380
34,152,234
34,153,387
34,154,29
34,155,282
34,157,138
34,158,253
34,162,207
34,163,120
34,164,269
34,174,5
34,177,245
34,178,222
34,181,94
34,186,53
34,187,152
34,188,335
34,198,158
34,200,55
35,1,177
35,2,239
35,4,315
35,6,346
35,9,318
35,11,239
35,14,58
35,18,95
35,19,285
35,22,104
35,23,137
35,24,334
35,25,295
35,26,217
35,28,39
35,29,194
35,30,283
35,31,106
35,32,299
35,33,218
35,34,384
35,36,194
35,37,259
35,38,385
35,39,145
35,40,257
35,42,311
35,43,389
35,44,390
35,45,226
35,47,365
35,48,306
35,51,26
35,52,126
35,53,328
35,54,171
35,56,248
35,57,145
35,58,107
35,59,142
35,60,18
35,61,245
35,62,157
35,64,275
35,65,196
35,67,357
35,70,227
35,73,139
35,76,390
35,78,296
35,79,41
35,80,270
35,82,252
35,83,362
35,85,32
35,89,287
35,91,29
35,93,75
35,94,397
35,96,326
35,104,82
35,107,243
35,108,63
35,112,115
35,115,30
35,118,300
35,119,295
35,123,222
35,124,43
35,126,33
35,130,157
35,131,68
35,132,313
35,134,343
35,135,266
35,137,348
35,138,164
35,141,152
35,142,373
35,143,77
35,145,334
35,146,144
35,147,13
35,148,307
35,150,287
35,151,232
35,153,114
35,154,5
35,156,104
35,159,353
35,160,385
35,161,244
35,172,368
35,175,336
35,181,285
35,182,215
35,184,348
35,187,354
35,191,245
35,195,103
35,197,22
35,199,302
36,1,226
36,3,293
36,4,76
36,5,376
36,6,63
36,8,241
36,9,147
36,10,231
36,13,99
36,14,122
36,15,297
36,16,218
36,17,225
36,18,16
36,20,53
36,22,184
36,24,325
36,25,39
36,26,259
36,28,228
36,29,254
36,30,51
36,31,332
36,33,395
36,35,194
36,37,253
36,38,399
36,39,126
36,40,68
36,41,31
36,42,313
36,43,231
36,44,374
36,45,389
36,46,151
36,47,92
36,50,245
36,53,134
36,55,15
36,58,361
36,59,49
36,61,345
36,64,104
36,65,126
36,66,116
36,67,322
36,68,225
36,70,37
36,72,304
36,73,181
36,74,195
36,77,150
36,80,253
36,81,81
36,83,4
36,91,143
36,92,92
36,93,39
36,94,65
36,95,275
36,99,12
36,100,80
36,101,377
36,102,164
36,104,127
36,105,129
36,106,110
36,107,200
36,108,124
36,109,245
36,110,294
36,114,387
36,115,284
36,117,139
36,118,332
36,119,362
36,121,69
36,122,19
36,123,234
36,124,195
36,128,262
36,131,308
36,132,56
36,133,395
36,139,78
36,140,253
36,145,389
36,146,374
36,151,297
36,152,233
36,153,182
36,154,11
36,158,177
36,159,74
36,162,246
36,164,342
36,165,315
36,168,72
36,172,273
36,174,271
36,177,161
36,179,100
36,184,179
36,185,174
36,189,55
36,192,275
36,193,388
36,194,236
36,199,344
36,200,124
37,2,365
37,3,44
37,4,361
37,5,297
37,6,173
37,8,112
37,9,253
37,14,161
37,16,289
37,20,319
37,21,85
37,22,230
37,24,201
37,25,112
37,26,171
37,27,328
37,28,64
37,29,281
37,30,287
37,33,135
37,35,259
37,36,253
37,39,155
37,40,173
37,42,70
37,44,340
37,48,35
37,50,320
37,51,71
37,52,58
37,53,386
37,54,355
37,55,391
37,57,73
37,58,199
37,61,323
37,62,289
37,64,228
37,65,6
37,66,375
37,67,150
37,68,213
37,69,276
37,70,179
37,75,84
37,76,40
37,77,130
37,80,158
37,81,148
37,83,262
37,88,230
37,90,79
37,91,37
37,93,338
37,95,313
37,96,35
37,100,67
37,101,311
37,102,44
37,103,294
37,107,72
37,110,397
37,112,333
37,116,365
37,119,184
37,122,376
37,124,171
37,125,191
37,126,187
37,127,66
37,129,51
37,131,132
37,133,17
37,134,255
37,135,66
37,137,60
37,138,97
