source,target,weight
1,2,199
1,3,83
1,6,18
1,7,165
1,8,206
1,10,28
1,11,300
1,12,126
1,13,273
1,14,71
1,15,65
1,16,290
1,17,310
1,18,5
1,19,300
1,20,358
1,22,228
1,23,247
1,24,297
1,26,323
1,28,182
1,29,139
1,30,188
1,32,209
1,34,273
1,36,390
1,37,259
1,39,247
1,42,349
1,44,211
1,45,198
1,47,158
1,48,145
1,55,371
1,56,77
1,59,296
1,62,336
1,63,121
1,69,264
1,70,12
1,78,379
1,81,163
1,84,298
1,85,129
1,89,88
1,93,19
1,97,37
1,100,357
1,102,96
1,107,388
1,111,320
1,116,306
1,119,260
1,123,229
1,125,250
1,126,179
1,128,202
1,133,139
1,135,132
1,136,361
1,137,381
1,142,148
1,146,114
1,149,134
1,150,315
1,158,188
1,172,211
1,173,126
1,188,154
1,191,162
2,1,199
2,3,286
2,4,151
2,5,149
2,6,18
2,7,223
2,8,287
2,9,249
2,11,57
2,12,360
2,13,334
2,14,305
2,16,394
2,17,326
2,18,140
2,19,164
2,20,369
2,23,142
2,24,29
2,25,217
2,26,130
2,28,102
2,31,46
2,32,363
2,35,236
2,38,24
2,39,368
2,40,235
2,42,325
2,43,185
2,44,15
2,46,208
2,47,177
2,48,74
2,51,269
2,53,10
2,54,167
2,55,238
2,56,6
2,58,299
2,63,294
2,64,168
2,66,200
2,67,267
2,69,237
2,73,108
2,75,79
2,80,381
2,81,135
2,82,392
2,83,400
2,84,88
2,88,57
2,89,265
2,94,94
2,95,164
2,96,355
2,99,53
2,101,74
2,102,123
2,104,355
2,112,338
2,113,369
2,119,14
2,127,102
2,130,107
2,134,169
2,136,244
2,137,73
2,139,238
2,141,214
2,154,170
2,159,110
2,160,338
2,161,147
2,163,384
2,177,19
2,185,142
2,191,183
2,193,15
3,1,83
3,2,286
3,4,271
3,5,14
3,6,264
3,8,169
3,9,252
3,12,127
3,15,263
3,16,288
3,17,288
3,18,384
3,19,357
3,20,39
3,21,379
3,22,373
3,23,248
3,24,151
3,26,368
3,28,244
3,29,86
3,30,273
3,31,96
3,33,35
3,36,394
3,37,260
3,38,301
3,40,198
3,42,342
3,43,105
3,44,133
3,46,391
3,48,127
3,49,399
3,50,278
3,52,170
3,53,160
3,54,25
3,57,217
3,58,239
3,59,322
3,61,54
3,62,301
3,64,81
3,68,65
3,70,195
3,71,215
3,72,330
3,73,145
3,74,213
3,76,126
3,77,159
3,83,183
3,84,4
3,88,306
3,89,48
3,93,229
3,94,40
3,102,331
3,104,21
3,108,15
3,109,198
3,110,185
3,112,331
3,120,9
3,123,331
3,129,200
3,130,207
3,132,31
3,133,279
3,134,164
3,138,2
3,139,98
3,144,373
3,148,248
3,161,173
3,162,323
3,171,215
3,172,87
3,175,381
3,178,36
3,184,262
3,190,333
3,192,349
3,193,162
3,200,195
4,2,151
4,3,271
4,5,323
4,6,127
4,8,249
4,9,51
4,11,250
4,13,89
4,15,370
4,16,284
4,17,234
4,19,28
4,23,118
4,25,49
4,27,127
4,28,235
4,33,69
4,35,112
4,36,188
4,37,156
4,38,109
4,39,97
4,40,89
4,42,94
4,43,325
4,44,86
4,47,370
4,49,6
4,50,333
4,52,370
4,53,145
4,55,368
4,58,25
4,61,37
4,63,79
4,64,246
4,66,351
4,69,40
4,70,288
4,74,268
4,75,26
4,77,233
4,79,275
4,82,32
4,83,371
4,84,60
4,90,49
4,91,330
4,92,34
4,93,229
4,94,200
4,95,276
4,96,125
4,98,287
4,99,132
4,101,123
4,105,220
4,110,164
4,118,295
4,123,349
4,125,90
4,127,231
4,128,307
4,133,349
4,137,254
4,142,50
4,143,96
4,147,369
4,153,317
4,159,159
4,160,298
4,161,262
4,168,294
4,172,172
4,173,212
4,175,348
4,176,146
4,178,195
4,190,55
4,199,91
5,2,149
5,3,14
5,4,323
5,7,134
5,9,273
5,10,34
5,11,285
5,13,166
5,14,79
5,15,346
5,16,17
5,17,380
5,18,34
5,20,280
5,23,1
5,24,79
5,25,146
5,27,373
5,28,293
5,31,205
5,32,236
5,33,169
5,34,291
5,35,253
5,38,181
5,39,280
5,40,118
5,41,370
5,45,114
5,46,87
5,47,400
5,48,182
5,49,266
5,50,137
5,52,72
5,55,162
5,58,74
5,59,341
5,60,78
5,62,226
5,65,26
5,69,17
5,73,103
5,77,365
5,78,280
5,79,18
5,80,87
5,81,215
5,84,69
5,85,340
5,86,266
5,87,366
5,94,133
5,95,336
5,96,181
5,97,195
5,100,391
5,103,50
5,106,243
5,107,337
5,109,381
5,112,230
5,113,294
5,116,232
5,124,138
5,128,135
5,129,5
5,137,223
5,150,65
5,151,89
5,152,370
5,160,201
5,162,114
5,163,258
5,164,193
5,168,108
5,170,69
5,181,274
5,187,51
5,190,67
5,192,31
5,194,257
5,196,247
6,1,18
6,2,18
6,3,264
6,4,127
6,7,269
6,8,270
6,9,354
6,10,248
6,12,99
6,14,36
6,15,366
6,18,156
6,19,367
6,20,299
6,21,109
6,22,54
6,23,63
6,24,57
6,28,178
6,29,378
6,30,384
6,31,241
6,34,188
6,36,353
6,38,187
6,39,114
6,41,120
6,44,80
6,45,282
6,46,155
6,48,62
6,49,142
6,51,232
6,55,380
6,57,252
6,59,260
6,60,163
6,61,347
6,62,320
6,63,130
6,66,142
6,68,13
6,69,315
6,70,150
6,71,351
6,72,251
6,77,396
6,79,80
6,82,240
6,88,18
6,90,380
6,92,364
6,98,1
6,99,152
6,104,36
6,108,114
6,110,151
6,112,63
6,113,259
6,117,10
6,120,287
6,121,171
6,122,22
6,123,261
6,125,43
6,126,36
6,131,154
6,132,101
6,134,337
6,135,228
6,141,270
6,152,9
6,153,144
6,156,265
6,160,203
6,161,185
6,164,333
6,166,133
6,167,377
6,170,239
6,171,351
6,173,157
6,179,173
6,186,228
6,187,183
6,195,345
6,196,103
6,200,28
7,1,165
7,2,223
7,5,134
7,6,269
7,10,188
7,11,353
7,13,287
7,15,263
7,17,158
7,19,122
7,20,312
7,22,275
7,23,373
7,24,169
7,27,262
7,31,219
7,33,177
7,36,245
7,39,2
7,41,291
7,42,226
7,43,90
7,46,98
7,48,354
7,49,395
7,50,161
7,51,134
7,52,30
7,53,180
7,54,9
7,55,100
7,57,348
7,58,29
7,59,180
7,63,291
7,64,144
7,66,286
7,80,302
7,81,218
7,82,238
7,83,320
7,85,14
7,86,230
7,92,302
7,93,309
7,96,207
7,99,312
7,104,368
7,107,140
7,109,209
7,110,245
7,112,82
7,118,18
7,119,286
7,121,182
7,122,125
7,127,42
7,130,18
7,143,83
7,145,89
7,149,310
7,156,56
7,158,96
7,171,136
7,178,379
7,179,265
7,180,289
7,183,248
7,187,285
7,193,65
7,196,210
7,198,267
8,1,206
8,2,287
8,3,169
8,4,249
8,6,270
8,13,311
8,14,368
8,18,63
8,22,66
8,23,236
8,24,218
8,26,337
8,27,68
8,28,350
8,30,297
8,31,76
8,33,258
8,34,334
8,35,32
8,38,101
8,41,192
8,42,208
8,43,212
8,44,347
8,45,386
8,46,329
8,47,345
8,48,314
8,49,271
8,50,282
8,54,94
8,56,229
8,58,7
8,59,257
8,60,279
8,61,84
8,62,203
8,63,78
8,66,350
8,67,92
8,68,57
8,78,283
8,80,240
8,82,39
8,85,88
8,89,57
8,97,238
8,98,28
8,99,312
8,100,190
8,103,292
8,107,26
8,108,355
8,109,36
8,111,279
8,120,284
8,130,347
8,131,218
8,137,380
8,142,167
8,146,283
8,157,398
8,159,201
8,166,83
8,183,6
8,188,112
8,192,321
8,193,328
8,195,319
9,2,249
9,3,252
9,4,51
9,5,273
9,6,354
9,10,180
9,11,314
9,12,115
9,13,366
9,16,75
9,17,155
9,18,27
9,19,92
9,21,309
9,22,250
9,23,347
9,24,393
9,25,29
9,26,293
9,27,398
9,28,247
9,29,57
9,30,25
9,33,364
9,34,154
9,35,272
9,36,395
9,37,308
9,38,200
9,40,248
9,41,191
9,42,151
9,43,15
9,44,349
9,45,370
9,46,145
9,47,141
9,48,5
9,50,127
9,52,251
9,53,205
9,55,235
9,56,1
9,58,134
9,59,191
9,60,203
9,61,202
9,64,353
9,75,253
9,77,357
9,79,321
9,81,78
9,83,341
9,88,240
9,90,113
9,97,340
9,98,346
9,100,311
9,101,62
9,104,111
9,105,194
9,107,84
9,111,44
9,112,296
9,114,186
9,115,15
9,124,259
9,129,381
9,133,188
9,134,371
9,139,289
9,142,41
9,146,310
9,150,376
9,152,322
9,154,79
9,157,134
9,161,283
9,165,279
9,169,221
9,170,272
9,172,219
9,173,368
9,179,231
9,180,103
9,187,18
9,188,281
9,190,192
9,195,287
10,1,28
10,5,34
10,6,248
10,7,188
10,9,180
10,11,270
10,12,63
10,13,56
10,14,114
10,16,300
10,17,221
10,18,116
10,20,285
10,21,74
10,22,171
10,24,302
10,25,165
10,26,16
10,28,368
10,30,307
10,31,227
10,32,192
10,34,70
10,35,372
10,36,139
10,37,155
10,39,120
10,40,215
10,42,225
10,44,87
10,45,74
10,46,380
10,47,316
10,48,350
10,50,41
10,51,20
10,54,319
10,55,142
10,57,324
10,59,45
10,60,131
10,61,244
10,63,63
10,66,18
10,70,276
10,72,302
10,77,237
10,82,223
10,83,41
10,84,221
10,89,83
10,90,216
10,92,312
10,93,306
10,96,396
10,100,319
10,101,313
10,104,8
10,106,186
10,107,329
10,115,152
10,118,293
10,119,203
10,120,183
10,123,99
10,127,69
10,128,5
10,130,337
10,131,379
10,133,147
10,137,137
10,143,173
10,149,19
10,150,335
10,155,84
10,164,317
10,171,262
10,173,72
10,178,237
10,182,367
10,194,31
10,197,230
10,199,197
11,1,300
11,2,57
11,4,250
11,5,285
11,7,353
11,9,314
11,10,270
11,12,44
11,13,99
11,15,85
11,16,19
11,17,373
11,19,65
11,20,289
11,22,23
11,23,45
11,24,329
11,25,311
11,29,73
11,31,113
11,32,159
11,35,131
11,36,139
11,37,60
11,39,53
11,40,248
11,41,120
11,43,301
11,44,109
11,46,337
11,47,167
11,48,87
11,49,156
11,50,304
11,52,261
11,60,135
11,61,356
11,62,175
11,65,395
11,66,251
11,68,184
11,69,172
11,70,308
11,71,164
11,73,103
11,74,375
11,75,191
11,76,118
11,77,18
11,78,268
11,81,21
11,82,218
11,83,97
11,84,157
11,85,90
11,86,147
11,89,343
11,90,38
11,92,65
11,97,142
11,100,74
11,102,126
11,103,375
11,121,110
11,123,394
11,126,90
11,127,111
11,131,201
11,132,201
11,135,364
11,146,350
11,149,108
11,150,193
11,151,359
11,152,221
11,159,378
11,173,186
11,177,225
11,186,341
11,187,340
11,190,378
11,191,390
11,192,93
11,200,233
12,1,126
12,2,360
12,3,127
12,6,99
12,9,115
12,10,63
12,11,44
12,15,19
12,17,70
12,18,18
12,19,117
12,20,114
12,21,323
12,22,320
12,23,366
12,27,260
12,29,81
12,31,50
12,32,249
12,37,289
12,38,258
12,40,191
12,42,139
12,43,226
12,45,362
12,47,207
12,48,231
12,49,135
12,50,207
12,53,290
12,54,166
12,55,200
12,57,185
12,59,112
12,60,350
12,61,230
12,62,222
12,64,333
12,65,158
12,70,238
12,72,270
12,74,130
12,78,321
12,79,363
12,80,257
12,84,271
12,85,286
12,87,278
12,90,81
12,93,84
12,94,273
12,95,41
12,96,19
12,102,263
12,103,55
12,105,220
12,115,85
12,116,70
12,119,178
12,122,151
12,123,169
12,126,133
12,133,322
12,138,299
12,143,162
12,145,120
12,147,366
12,149,335
12,152,4
12,153,222
12,154,39
12,169,130
12,176,235
12,179,3
12,187,353
12,189,247
12,193,94
12,200,59
13,1,273
13,2,334
13,4,89
13,5,166
13,7,287
13,8,311
13,9,366
13,10,56
13,11,99
13,14,105
13,15,395
13,16,364
13,21,106
13,22,65
13,23,300
13,24,224
13,26,181
13,27,126
13,29,276
13,30,225
13,31,153
13,33,234
13,35,384
13,36,271
13,37,241
13,38,295
13,39,302
13,42,274
13,45,280
13,46,296
13,49,39
13,51,362
13,54,85
13,55,117
13,56,266
13,57,80
13,59,75
13,61,304
13,64,241
13,66,378
13,67,246
13,71,1
13,72,77
13,73,378
13,74,270
13,75,246
13,76,262
13,79,377
13,84,103
13,86,226
13,88,232
13,89,265
13,91,233
13,92,351
13,94,364
13,98,379
13,99,185
13,104,291
13,106,237
13,110,89
13,113,55
13,115,257
13,123,334
13,124,380
13,132,398
13,133,373
13,134,178
13,137,265
13,140,260
13,142,217
13,147,294
13,153,86
13,158,14
13,159,371
13,168,358
13,169,117
13,170,296
13,181,197
13,185,191
13,189,306
13,193,270
13,197,144
14,1,71
14,2,305
14,5,79
14,6,36
14,8,368
14,10,114
14,13,105
14,15,342
14,16,277
14,17,2
14,18,349
14,23,231
14,24,119
14,25,101
14,29,274
14,30,248
14,31,73
14,33,21
14,34,299
14,35,214
14,37,359
14,38,352
14,39,304
14,40,164
14,42,164
14,43,90
14,44,317
14,48,48
14,49,59
14,51,85
14,52,36
14,53,141
14,54,134
14,56,88
14,58,353
14,61,72
14,63,104
14,69,183
14,70,312
14,74,122
14,76,285
14,78,163
14,80,267
14,83,127
14,88,380
14,90,382
14,91,78
14,93,227
14,94,362
14,95,327
14,97,201
14,98,342
14,110,236
14,111,20
14,115,38
14,116,37
14,122,338
14,124,145
14,128,214
14,130,90
14,138,145
14,139,131
14,141,396
14,143,113
14,147,123
14,155,208
14,157,44
14,161,9
14,162,382
14,165,368
14,181,150
14,186,320
14,194,321
14,197,141
14,198,312
15,1,65
15,3,263
15,4,370
15,5,346
15,6,366
15,7,263
15,11,85
15,12,19
15,13,395
15,14,342
15,16,283
15,17,166
15,18,259
15,20,152
15,21,5
15,24,81
15,27,170
15,28,36
15,29,236
15,33,386
15,34,310
15,35,315
15,36,127
15,37,121
15,39,230
15,40,360
15,42,22
15,43,204
15,44,310
15,45,205
15,47,40
15,52,92
15,53,220
15,56,287
15,57,227
15,58,189
15,59,43
15,60,276
15,62,337
15,66,95
15,67,31
15,69,133
15,70,317
15,72,284
15,73,200
15,74,356
15,75,244
15,76,231
15,80,245
15,81,288
15,82,171
15,83,166
15,84,233
15,88,143
15,93,99
15,94,229
15,97,313
15,101,274
15,102,88
15,105,30
15,107,168
15,108,284
15,111,279
15,113,208
15,116,13
15,117,28
15,128,255
15,135,90
15,143,304
15,153,273
15,158,50
15,161,164
15,166,148
15,172,230
15,176,338
15,180,272
15,190,73
15,197,270
15,199,72
16,1,290
16,2,394
16,3,288
16,4,284
16,5,17
16,9,75
16,10,300
16,11,19
16,13,364
16,14,277
16,15,283
16,18,174
16,19,66
16,20,379
16,22,1
16,23,367
16,24,63
16,25,397
16,27,126
16,28,116
16,29,393
16,32,400
16,33,323
16,34,39
16,35,51
16,36,394
16,38,230
16,39,380
16,41,115
16,43,136
16,44,14
16,45,299
16,46,107
16,47,297
16,48,365
16,49,266
16,51,321
16,52,324
16,53,244
16,55,275
16,56,62
16,59,169
16,64,313
16,65,89
16,72,380
16,73,114
16,74,365
16,76,140
16,77,221
16,79,223
16,80,294
16,82,365
16,83,342
16,85,328
16,86,351
16,89,331
16,94,38
16,96,18
16,100,395
16,101,52
16,104,2
16,105,385
16,107,332
16,110,284
16,113,27
16,117,299
16,120,267
16,123,36
16,124,278
16,125,73
16,127,233
16,130,316
16,132,50
16,138,31
16,149,206
16,156,41
16,158,278
16,159,113
16,160,389
16,161,22
16,164,16
16,165,236
16,188,47
16,190,13
16,194,341
17,1,310
17,2,326
17,3,288
17,4,234
17,5,380
17,7,158
17,9,155
17,10,221
17,11,373
17,12,70
17,14,2
17,15,166
17,19,125
17,20,183
17,21,117
17,22,145
17,25,102
17,26,6
17,27,351
17,29,18
17,30,90
17,31,380
17,33,151
17,34,376
17,35,366
17,37,374
17,40,260
17,41,116
17,43,385
17,46,385
17,47,301
17,48,266
17,49,228
17,50,350
17,51,301
17,55,133
17,56,276
17,58,206
17,62,146
17,65,69
17,67,345
17,69,125
17,74,358
17,75,125
17,78,222
17,82,394
17,83,318
17,86,188
17,88,315
17,90,152
17,92,95
17,97,84
17,98,143
17,99,38
17,100,396
17,101,60
17,108,329
17,117,15
17,121,370
17,126,184
17,129,108
17,133,336
17,138,110
17,141,202
17,143,177
17,146,86
17,152,151
17,153,133
17,154,51
17,159,186
17,166,116
17,169,379
17,173,76
17,174,334
17,175,348
17,181,362
17,188,206
17,193,294
17,197,167
17,198,211
18,1,5
18,2,140
18,3,384
18,5,34
18,6,156
18,8,63
18,9,27
18,10,116
18,12,18
18,14,349
18,15,259
18,16,174
18,19,269
18,20,4
18,21,295
18,22,382
18,23,325
18,24,96
18,25,259
18,26,57
18,28,177
18,30,366
18,31,6
18,32,181
18,33,394
18,34,336
18,35,250
18,36,260
18,37,126
18,39,240
18,40,16
18,44,303
18,46,214
18,48,126
18,50,176
18,51,311
18,52,71
18,53,139
18,56,224
18,64,120
18,66,93
18,67,308
18,69,69
18,71,304
18,73,233
18,75,149
18,77,389
18,78,104
18,81,265
18,82,332
18,86,104
18,92,255
18,96,26
18,97,390
18,99,99
18,106,185
18,107,305
18,109,160
18,110,342
18,116,276
18,117,294
18,119,366
18,123,146
18,136,172
18,138,330
18,141,152
18,144,20
18,145,108
18,150,239
18,151,235
18,163,184
18,181,180
18,185,381
18,187,237
19,1,300
19,2,164
19,3,357
19,4,28
19,6,367
19,7,122
19,9,92
19,11,65
19,12,117
19,16,66
19,17,125
19,18,269
19,20,273
19,21,224
19,22,20
19,23,265
19,24,145
19,25,142
19,26,76
19,27,187
19,28,4
19,29,119
19,30,71
19,32,84
19,34,383
19,36,318
19,37,105
19,38,16
19,39,366
19,41,108
19,42,198
19,43,65
19,45,331
19,49,281
19,51,148
19,52,351
19,53,87
19,55,87
19,56,44
19,60,74
19,63,266
19,66,318
19,67,344
19,69,254
19,73,146
19,74,206
19,75,5
19,81,366
19,83,120
19,87,4
19,88,239
19,98,283
19,102,145
19,103,243
19,104,81
19,105,72
19,112,198
19,118,106
19,122,256
19,138,345
19,139,324
19,148,309
19,151,101
19,158,181
19,167,145
19,170,157
19,179,387
19,180,350
19,187,334
19,189,59
19,190,84
19,195,20
19,199,272
19,200,391
20,1,358
20,2,369
20,3,39
20,5,280
20,6,299
20,7,312
20,10,285
20,11,289
20,12,114
20,15,152
20,16,379
20,17,183
20,18,4
20,19,273
20,21,66
20,22,311
20,24,25
20,25,169
20,26,334
20,27,280
20,29,105
20,30,61
20,31,268
20,32,389
20,33,309
20,34,145
20,35,92
20,36,70
20,37,100
20,38,13
20,39,386
20,41,269
20,43,13
20,44,161
20,46,29
20,47,282
20,48,167
20,49,184
20,50,111
20,51,8
20,52,100
20,53,375
20,54,318
20,56,175
20,57,215
20,60,289
20,61,89
20,65,384
20,66,303
20,69,226
20,72,13
20,79,382
20,81,96
20,82,185
20,86,111
20,90,274
20,91,119
20,96,355
20,100,97
20,107,253
20,111,81
20,116,368
20,119,324
20,122,315
20,130,271
20,132,73
20,137,217
20,144,191
20,148,82
20,149,6
20,154,389
20,162,188
20,170,70
20,176,15
20,190,220
21,3,379
21,6,109
21,9,309
21,10,74
21,12,323
21,13,106
21,15,5
21,17,117
21,18,295
21,19,224
21,20,66
21,22,81
21,23,107
21,25,223
21,26,112
21,28,208
21,30,237
21,33,173
21,34,83
21,37,325
21,38,79
21,39,128
21,40,190
21,41,188
21,42,255
21,43,381
21,45,257
21,46,346
21,47,242
21,49,162
21,51,196
21,52,341
21,55,91
21,57,132
21,58,387
21,59,382
21,60,353
21,61,210
21,62,204
21,63,122
21,64,329
21,67,347
21,68,236
21,70,292
21,71,54
21,72,100
21,73,200
21,76,153
21,77,254
21,80,154
21,81,137
21,88,284
21,89,297
21,90,74
21,91,231
21,94,273
21,96,328
21,106,337
21,113,293
21,120,69
21,121,130
21,125,213
21,127,155
21,129,134
21,136,371
21,139,170
21,140,327
21,143,35
21,145,284
21,149,137
21,156,1
21,161,193
21,162,363
21,165,359
21,171,56
21,176,160
21,183,302
21,188,395
21,190,228
21,195,367
21,196,5
21,197,60
22,1,228
22,3,373
22,6,54
22,7,275
22,8,66
22,9,250
22,10,171
22,11,23
22,12,320
22,13,65
22,16,1
22,17,145
22,18,382
22,19,20
22,20,311
22,21,81
22,23,100
22,24,356
22,25,390
22,26,47
22,27,307
22,29,285
22,31,218
22,32,57
22,33,319
22,38,180
22,40,169
22,42,118
22,46,57
22,47,193
22,49,336
22,50,137
22,51,170
22,52,45
22,55,389
22,57,190
22,59,120
22,61,224
22,64,214
22,67,61
22,70,46
22,71,244
22,75,123
22,76,164
22,77,257
22,78,329
22,84,354
22,85,159
22,87,358
22,88,101
22,89,138
22,99,200
22,101,94
22,103,250
22,107,63
22,110,255
22,114,327
22,115,277
22,116,115
22,121,13
22,124,233
22,134,130
22,136,173
22,144,122
22,145,387
22,148,398
22,149,335
22,152,276
22,160,386
22,165,108
22,167,306
22,169,328
22,170,210
22,175,271
22,178,268
22,180,193
22,183,177
22,184,318
22,188,282
22,192,261
22,197,42
22,198,397
23,1,247
23,2,142
23,3,248
23,4,118
23,5,1
23,6,63
23,7,373
23,8,236
23,9,347
23,11,45
23,12,366
23,13,300
23,14,231
23,16,367
23,18,325
23,19,265
23,21,107
23,22,100
23,26,308
23,28,167
23,29,21
23,30,226
23,31,353
23,32,165
23,33,383
23,36,397
23,37,79
23,39,398
23,41,257
23,43,161
23,44,179
23,46,396
23,47,184
23,48,221
23,49,134
23,53,174
23,54,309
23,55,145
23,57,104
23,59,314
23,60,114
23,61,309
23,62,228
23,64,284
23,65,189
23,66,278
23,67,245
23,69,311
23,71,82
23,76,364
23,77,4
23,79,100
23,80,194
23,82,8
23,83,244
23,85,384
23,87,290
23,88,175
23,93,21
23,100,248
23,101,193
23,103,108
23,104,297
23,110,375
23,114,83
23,119,353
23,120,217
23,121,243
23,122,101
23,124,337
23,125,263
23,130,309
23,131,345
23,137,129
23,138,88
23,140,247
23,141,194
23,142,33
23,146,298
23,147,167
23,156,100
23,165,138
23,176,169
23,182,38
23,183,389
23,187,85
23,188,230
23,192,40
23,197,179
24,1,297
24,2,29
24,3,151
24,5,79
24,6,57
24,7,169
24,8,218
24,9,393
24,10,302
24,11,329
24,13,224
24,14,119
24,15,81
24,16,63
24,18,96
24,19,145
24,20,25
24,22,356
24,25,17
24,27,301
24,29,34
24,30,10
24,31,292
24,33,328
24,34,198
24,35,152
24,37,340
24,38,79
24,39,259
24,40,268
24,41,329
24,42,260
24,43,43
24,46,227
24,52,387
24,58,149
24,59,95
24,60,266
24,62,72
24,63,100
24,65,111
24,66,227
24,68,208
24,69,308
24,71,398
24,77,325
24,81,188
24,82,6
24,85,68
24,87,276
24,89,3
24,90,104
24,95,1
24,96,332
24,102,377
24,103,131
24,106,155
24,114,10
24,120,32
24,125,339
24,126,206
24,129,82
24,131,323
24,142,150
24,144,210
24,147,128
24,158,133
24,160,249
24,163,178
24,165,322
24,167,168
24,171,173
24,174,287
24,177,217
24,183,317
24,192,75
24,193,169
24,194,23
24,198,399
25,2,217
25,4,49
25,5,146
25,9,29
25,10,165
25,11,311
25,14,101
25,16,397
25,17,102
25,18,259
25,19,142
25,20,169
25,21,223
25,22,390
25,24,17
25,27,92
25,28,50
25,29,120
25,30,369
25,32,191
25,33,4
25,34,69
25,37,275
25,38,217
25,39,122
25,40,261
25,43,11
25,44,107
25,45,261
25,46,178
25,50,205
25,52,137
25,54,369
25,55,358
25,56,178
25,58,8
25,60,386
25,61,269
25,63,256
25,64,318
25,65,54
25,67,385
25,73,355
25,75,22
25,79,316
25,80,77
25,81,105
25,82,169
25,83,97
25,85,53
25,86,339
25,87,360
25,90,375
25,91,320
25,94,284
25,98,99
25,103,135
25,104,223
25,107,374
25,110,303
25,111,1
25,114,85
25,116,346
25,121,372
25,123,192
25,130,258
25,135,168
25,140,393
25,145,86
25,149,239
25,158,16
25,170,266
25,175,307
25,176,279
25,179,340
25,182,361
25,196,322
25,197,363
26,1,323
26,2,130
26,3,368
26,8,337
26,9,293
26,10,16
26,13,181
26,17,6
26,18,57
26,19,76
26,20,334
26,21,112
26,22,47
26,23,308
26,27,129
26,28,84
26,29,382
26,32,224
26,33,316
26,34,224
26,35,315
26,36,115
26,37,42
26,38,85
26,39,212
26,40,368
26,41,195
26,42,374
26,47,314
26,49,123
26,50,108
26,54,82
26,55,189
26,57,379
26,58,298
26,62,266
26,64,351
26,67,37
26,68,97
26,70,140
26,72,353
26,74,236
26,75,220
26,76,322
26,77,234
26,84,153
26,86,203
26,94,161
26,101,372
26,103,48
26,108,296
26,111,324
26,113,353
26,115,367
26,116,261
26,123,315
26,124,311
26,126,55
26,133,310
26,136,137
26,141,77
26,143,177
26,146,360
26,149,235
26,152,229
26,157,302
26,160,129
26,163,160
26,169,72
26,170,17
26,174,80
26,184,4
26,193,149
26,199,286
26,200,390
27,4,127
27,5,373
27,7,262
27,8,68
27,9,398
27,12,260
27,13,126
27,15,170
27,16,126
27,17,351
27,19,187
27,20,280
27,22,307
27,24,301
27,25,92
27,26,129
27,28,101
27,31,96
27,32,63
27,34,198
27,35,166
27,36,251
27,38,40
27,39,27
27,40,143
27,41,225
27,44,393
27,46,380
27,47,44
27,48,67
27,50,359
27,51,225
27,53,37
27,54,168
27,55,321
27,57,245
27,58,99
27,60,363
27,61,81
27,64,288
27,65,341
27,68,273
27,70,311
27,73,166
27,74,364
27,75,32
27,77,318
27,79,161
27,80,291
27,81,144
27,83,216
27,84,120
27,85,56
27,86,140
27,93,88
27,97,353
27,100,306
27,104,370
27,105,221
27,106,278
27,110,18
27,112,135
27,113,50
27,115,204
27,116,304
27,118,115
27,121,122
27,125,33
27,126,333
27,134,300
27,136,376
27,142,63
27,145,38
27,149,7
27,151,341
27,152,347
27,153,20
27,155,177
27,161,12
27,162,288
27,165,229
27,172,151
27,173,197
27,176,204
27,183,235
27,185,185
27,195,365
27,198,135
28,1,182
28,2,102
28,3,244
28,4,235
28,5,293
28,6,178
28,8,350
28,9,247
28,10,368
28,15,36
28,16,116
28,18,177
28,19,4
28,21,208
28,23,167
28,25,50
28,26,84
28,27,101
28,30,167
28,31,353
28,32,286
28,35,391
28,36,256
28,37,7
28,38,339
28,39,319
28,40,156
28,42,280
28,44,319
28,45,400
28,46,172
28,47,1
28,49,93
28,50,20
28,52,139
28,54,365
28,57,338
28,60,11
28,61,375
28,63,205
28,64,136
28,65,346
28,67,400
28,71,111
28,72,71
28,77,187
28,79,351
28,81,97
28,82,305
28,84,362
28,86,309
28,88,10
28,89,85
28,94,384
28,95,22
28,100,81
28,101,284
28,103,329
28,104,275
28,108,45
28,111,15
28,118,53
28,119,234
28,122,27
28,127,89
28,128,53
28,129,235
28,134,4
28,136,302
28,140,300
28,148,133
28,158,16
28,161,107
28,167,349
28,172,33
28,173,262
28,175,237
28,179,260
28,181,185
28,182,126
28,184,357
28,185,349
28,188,27
28,190,238
29,1,139
29,3,86
29,6,378
29,9,57
29,11,73
29,12,81
29,13,276
29,14,274
29,15,236
29,16,393
29,17,18
29,19,119
29,20,105
29,22,285
29,23,21
29,24,34
29,25,120
29,26,382
29,30,86
29,31,122
29,32,129
29,33,183
29,34,170
29,36,174
29,37,313
29,38,374
29,40,129
29,42,25
29,44,215
29,48,7
29,49,159
29,50,284
29,51,21
29,52,17
29,53,331
29,57,400
29,59,85
29,60,217
29,61,12
29,62,154
29,67,336
29,68,290
29,69,279
29,70,180
29,71,131
29,72,188
29,73,374
29,76,304
29,79,95
29,80,44
29,82,141
29,89,23
29,91,165
29,92,156
29,93,175
29,94,285
29,100,189
29,102,223
29,103,121
29,106,135
29,107,150
29,110,33
29,118,76
29,121,70
29,123,315
29,132,203
29,143,16
29,151,227
29,153,29
29,155,191
29,158,139
29,161,343
29,164,167
29,165,356
29,173,365
29,174,350
29,176,86
29,184,58
29,186,239
29,188,400
29,198,240
30,1,188
30,3,273
30,6,384
30,8,297
30,9,25
30,10,307
30,13,225
30,14,248
30,17,90
30,18,366
30,19,71
30,20,61
30,21,237
30,23,226
30,24,10
30,25,369
30,28,167
30,29,86
30,31,354
30,32,399
30,33,332
30,35,158
30,37,140
30,38,152
30,42,286
30,43,143
30,44,50
30,45,399
30,46,393
30,49,65
30,50,338
30,51,92
30,55,277
30,56,37
30,57,388
30,58,160
30,60,291
30,61,353
30,62,52
30,63,277
30,65,269
30,68,277
30,69,28
30,74,392
30,80,4
30,81,63
30,85,310
30,86,184
30,87,266
30,91,244
30,93,289
30,96,75
30,102,29
30,103,124
30,107,30
30,110,359
30,112,96
30,113,55
30,114,2
30,115,316
30,118,192
30,119,7
30,122,45
30,136,400
30,139,187
30,140,156
30,150,20
30,155,146
30,157,321
30,158,11
30,162,308
30,165,361
30,181,99
30,183,354
30,184,28
30,189,202
30,195,171
30,198,34
31,2,46
31,3,96
31,5,205
31,6,241
31,7,219
31,8,76
31,10,227
31,11,113
31,12,50
31,13,153
31,14,73
31,17,380
31,18,6
31,20,268
31,22,218
31,23,353
31,24,292
31,27,96
31,28,353
31,29,122
31,30,354
31,32,334
31,34,363
31,35,6
31,36,8
31,38,136
31,40,134
31,41,368
31,44,174
31,45,26
31,50,322
31,52,238
31,55,317
31,56,347
31,57,377
31,59,234
31,60,280
31,61,240
31,64,214
31,65,317
31,68,338
31,69,380
31,70,306
31,71,280
31,75,186
31,77,173
31,78,83
31,79,51
31,82,313
31,91,259
31,92,191
31,93,112
31,95,96
31,97,190
31,100,387
31,108,347
31,109,214
31,110,116
31,118,73
31,126,230
31,131,349
31,136,169
31,137,207
31,145,139
31,149,31
31,150,81
31,151,233
31,153,169
31,156,364
31,162,4
31,164,330
31,166,59
31,167,231
31,171,330
31,174,16
31,177,141
31,178,330
31,186,140
31,187,27
32,1,209
32,2,363
32,5,236
32,10,192
32,11,159
32,12,249
32,16,400
32,18,181
32,19,84
32,20,389
32,22,57
32,23,165
32,25,191
32,26,224
32,27,63
32,28,286
32,29,129
32,30,399
32,31,334
32,33,195
32,34,174
32,35,131
32,39,88
32,40,313
32,41,305
32,42,213
32,43,178
32,45,354
32,46,357
32,47,122
32,48,397
32,49,247
32,50,177
32,51,291
32,52,363
32,53,273
32,56,270
32,57,169
32,60,272
32,62,318
32,63,259
32,66,303
32,69,156
32,72,357
32,73,189
32,74,371
32,76,92
32,77,53
32,79,99
32,84,280
32,85,68
32,86,40
32,90,98
32,93,320
32,98,293
32,100,385
32,112,386
32,113,167
32,117,169
32,119,290
32,120,186
32,121,191
32,123,234
32,124,312
32,125,39
32,135,169
32,141,271
32,145,118
32,146,350
32,152,241
32,155,307
32,156,231
32,161,300
32,170,52
32,173,316
32,174,374
32,188,298
32,194,3
33,3,35
33,4,69
33,5,169
33,7,177
33,8,258
33,9,364
33,13,234
33,14,21
33,15,386
33,16,323
33,17,151
33,18,394
33,20,309
33,21,173
33,22,319
33,23,383
33,24,328
33,25,4
33,26,316
33,29,183
33,30,332
33,32,195
33,35,193
33,37,358
33,38,175
33,39,310
33,40,167
33,42,323
33,44,28
33,45,35
33,46,227
33,47,158
33,48,390
33,49,308
33,50,236
33,51,400
33,55,29
33,56,238
33,60,182
33,61,193
33,62,282
33,65,20
33,67,23
33,71,103
33,72,357
33,74,311
33,76,127
33,77,106
33,79,170
33,80,345
33,84,135
33,86,359
33,91,227
33,92,150
33,93,370
33,96,124
33,97,103
33,100,365
33,102,393
33,104,159
33,106,174
33,108,299
33,110,21
33,117,86
33,122,341
33,124,147
33,134,177
33,139,261
33,148,361
33,162,151
33,167,224
33,169,19
33,170,11
33,172,160
33,176,305
33,177,53
33,190,232
34,1,273
34,5,291
34,6,188
34,8,334
34,9,154
34,10,70
34,14,299
34,15,310
34,16,39
34,17,376
34,18,336
34,19,383
34,20,145
34,21,83
34,24,198
34,25,69
34,26,224
34,27,198
34,29,170
34,31,363
34,32,174
34,35,288
34,36,337
34,38,239
34,41,367
34,42,361
34,44,279
34,47,219
34,49,13
34,50,83
34,52,43
34,53,379
34,54,254
34,57,124
34,58,248
34,62,98
34,64,389
34,65,290
34,66,114
34,67,44
34,70,275
34,71,160
34,74,242
34,77,10
34,81,146
34,82,28
34,84,340
34,87,36
34,88,98
34,89,353
34,93,99
34,95,240
34,96,366
34,98,293
34,102,257
34,105,349
34,106,65
34,107,338
34,114,17
34,117,346
34,128,315
34,134,376
34,136,311
34,137,291
34,156,212
34,157,130
34,174,335
34,176,340
34,181,153
34,182,64
34,200,197
35,2,236
35,4,112
35,5,253
35,8,32
35,9,272
35,10,372
35,11,131
35,13,384
35,14,214
35,15,315
35,16,51
35,17,366
35,18,250
35,20,92
35,24,152
35,26,315
35,27,166
35,28,391
35,30,158
35,31,6
35,32,131
35,33,193
35,34,288
35,36,260
35,37,375
35,38,249
35,39,349
35,42,219
35,43,192
35,44,332
35,45,381
35,46,63
35,47,108
35,48,106
35,49,228
35,51,228
35,52,145
35,54,249
35,55,311
35,56,280
35,59,359
35,61,53
35,62,398
35,66,180
35,67,315
35,73,139
35,77,166
35,78,7
35,81,400
35,88,43
35,89,175
35,95,315
35,97,17
35,100,154
35,109,151
35,111,60
35,115,386
35,117,48
35,118,395
35,125,102
35,130,154
35,132,343
35,133,346
35,134,370
35,135,8
35,142,69
35,147,315
35,149,36
35,150,81
35,153,248
35,161,338
35,164,219
35,165,329
35,166,162
35,171,292
35,178,174
35,181,162
35,184,167
35,192,386
35,193,287
35,194,255
35,199,9
36,1,390
36,3,394
36,4,188
36,6,353
36,7,245
36,9,395
36,10,139
36,11,139
36,13,271
36,15,127
36,16,394
36,18,260
36,19,318
36,20,70
36,23,397
36,26,115
36,27,251
36,28,256
36,29,174
36,31,8
36,34,337
36,35,260
36,37,253
36,38,106
36,39,274
36,40,62
36,42,118
36,43,7
36,45,295
36,46,397
36,48,181
36,50,301
36,51,148
36,52,141
36,54,268
36,56,60
36,61,330
36,62,36
36,64,23
36,69,364
36,73,73
36,74,290
36,75,163
36,76,87
36,83,316
36,86,393
36,87,5
36,89,165
36,90,3
36,92,349
36,93,247
36,94,312
36,96,89
36,98,362
36,99,396
36,103,30
36,107,71
36,111,168
36,112,213
36,113,341
36,115,39
36,116,261
36,118,224
36,119,265
36,120,152
36,121,113
36,124,262
36,126,306
36,128,154
36,129,182
36,135,86
36,139,206
36,140,184
36,146,178
36,148,18
36,153,335
36,156,387
36,157,132
36,163,166
36,164,66
36,167,26
36,168,293
36,173,43
36,175,254
36,176,33
36,194,128
36,195,51
37,1,259
37,3,260
37,4,156
37,9,308
37,10,155
37,11,60
37,12,289
37,13,241
37,14,359
37,15,121
37,17,374
37,18,126
37,19,105
37,20,100
37,21,325
37,23,79
37,24,340
37,25,275
37,26,42
37,28,7
37,29,313
37,30,140
37,33,358
37,35,375
37,36,253
37,40,373
37,41,267
37,45,293
37,47,316
37,49,329
37,52,255
37,53,185
37,54,239
37,55,309
37,57,305
37,58,284
37,59,245
37,62,240
37,63,14
37,64,320
37,65,89
37,68,294
37,71,128
37,72,391
37,73,363
37,75,319
37,78,343
37,79,204
37,80,108
37,82,261
37,86,398
37,87,26
37,88,257
37,93,335
37,99,330
37,101,206
37,102,164
37,104,65
37,106,192
37,107,265
37,109,19
37,110,88
37,115,278
37,117,153
37,120,103
37,121,287
37,124,215
37,125,45
37,133,6
37,135,129
37,140,248
37,143,325
37,147,395
37,148,145
37,150,46
37,151,49
37,157,61
37,159,275
37,166,165
37,178,67
37,180,109
37,181,245
37,182,283
37,186,8
37,190,146
37,192,218
37,193,213
37,194,222
37,195,81
37,199,384
38,2,24
38,3,301
38,4,109
38,5,181
38,6,187
38,8,101
38,9,200
38,12,258
38,13,295
38,14,352
38,16,230
38,19,16
38,20,13
38,21,79
38,22,180
38,24,79
38,25,217
38,26,85
38,27,40
38,28,339
38,29,374
38,30,152
38,31,136
38,33,175
38,34,239
38,35,249
38,36,106
38,39,112
38,40,65
38,41,327
38,42,299
38,43,65
38,46,199
38,48,307
38,51,225
38,52,361
38,53,158
38,54,58
38,56,393
38,57,17
38,59,67
38,64,372
38,65,295
38,66,258
38,67,125
38,68,229
38,69,300
38,72,197
38,73,90
38,75,232
38,76,320
38,80,294
38,83,80
38,87,76
38,91,24
38,92,154
38,93,131
38,96,370
38,99,170
38,104,232
38,108,309
38,109,89
38,113,296
38,115,162
38,116,71
38,117,318
38,118,88
38,120,163
38,129,361
38,130,123
38,132,357
38,133,195
38,134,40
38,137,48
38,140,364
38,141,309
38,142,239
38,151,176
38,154,24
38,160,11
38,161,256
38,162,314
38,164,75
38,165,253
38,173,359
38,175,127
38,176,161
38,180,119
38,182,329
38,185,175
38,188,223
38,189,18
38,193,175
38,194,317
38,196,284
39,1,247
39,2,368
39,4,97
39,5,280
39,6,114
39,7,2
39,10,120
39,11,53
39,13,302
39,14,304
39,15,230
39,16,380
39,18,240
39,19,366
39,20,386
39,21,128
39,23,398
39,24,259
39,25,122
39,26,212
39,27,27
39,28,319
39,32,88
39,33,310
39,35,349
39,36,274
39,38,112
39,40,4
39,42,176
39,43,340
39,44,339
39,45,332
39,48,130
39,49,37
39,50,278
39,51,32
39,52,119
39,53,377
39,56,136
39,58,251
39,59,199
39,60,130
39,63,341
39,65,227
39,70,375
39,72,111
39,73,260
39,74,77
39,76,274
39,78,325
39,85,82
39,89,375
39,91,238
39,92,174
39,94,143
39,98,183
39,99,37
39,105,165
39,106,266
39,107,75
39,113,328
39,115,20
39,119,248
39,122,352
39,125,256
39,128,136
39,129,27
39,135,304
39,144,374
39,147,201
39,155,368
39,159,12
39,164,353
39,167,80
39,170,300
39,171,343
39,179,384
39,180,340
39,183,121
39,186,106
39,187,45
39,194,82
39,197,117
40,2,235
40,3,198
40,4,89
40,5,118
40,9,248
40,10,215
40,11,248
40,12,191
40,14,164
40,15,360
40,17,260
40,18,16
40,21,190
40,22,169
40,24,268
40,25,261
40,26,368
40,27,143
40,28,156
40,29,129
40,31,134
40,32,313
40,33,167
40,36,62
40,37,373
40,38,65
40,39,4
40,41,268
40,42,276
40,43,147
40,44,71
40,45,310
40,46,299
40,47,93
40,48,161
40,53,57
40,54,237
40,56,149
40,58,286
40,62,100
40,63,224
40,64,148
40,65,230
40,66,83
40,69,9
40,70,94
40,72,46
40,73,313
40,74,175
40,75,362
40,76,166
40,78,153
40,79,314
40,81,40
40,84,380
40,85,376
40,86,369
40,91,118
40,93,390
40,96,221
40,102,75
40,109,369
40,110,209
40,114,298
40,120,173
40,125,130
40,127,69
40,133,126
40,134,314
40,136,386
40,139,353
40,148,382
40,151,350
40,160,52
40,162,54
40,166,249
40,168,92
40,169,200
40,186,320
40,187,11
40,196,177
41,5,370
41,6,120
41,7,291
41,8,192
41,9,191
41,11,120
41,16,115
41,17,116
41,19,108
41,20,269
41,21,188
41,23,257
41,24,329
41,26,195
41,27,225
41,31,368
41,32,305
41,34,367
41,37,267
41,38,327
41,40,268
41,43,256
41,44,373
41,47,36
41,48,345
41,49,272
41,50,263
41,53,117
41,55,3
41,57,303
41,58,285
41,59,146
41,63,142
41,64,231
41,68,282
41,70,241
41,72,102
41,74,217
41,75,317
41,77,56
41,79,236
41,84,204
41,85,153
41,89,17
41,91,202
41,93,248
41,97,222
41,105,98
41,107,392
41,108,207
41,110,236
41,114,288
41,115,44
41,119,62
41,123,168
41,127,328
41,129,225
41,132,249
41,139,99
41,140,257
41,144,263
41,148,299
41,152,397
41,153,339
41,162,139
41,163,223
41,164,35
41,166,194
41,167,80
41,169,90
41,175,145
41,178,6
41,184,357
41,187,29
41,191,400
41,192,231
41,200,237
42,1,349
42,2,325
42,3,342
42,4,94
42,7,226
42,8,208
42,9,151
42,10,225
42,12,139
42,13,274
42,14,164
42,15,22
42,19,198
42,21,255
42,22,118
42,24,260
42,26,374
42,28,280
42,29,25
42,30,286
42,32,213
42,33,323
42,34,361
42,35,219
42,36,118
42,38,299
42,39,176
42,40,276
42,44,383
42,46,12
42,48,220
42,49,132
42,51,287
42,56,147
42,57,211
42,59,227
42,60,307
42,61,155
42,63,394
42,64,383
42,66,51
42,67,246
42,69,280
42,74,288
42,75,72
42,78,191
42,79,180
42,80,52
42,81,152
42,86,212
42,88,271
42,90,376
42,92,94
42,93,21
42,105,261
42,106,248
42,109,383
42,111,264
42,114,11
42,117,208
42,118,106
42,128,341
42,132,293
42,134,210
42,136,349
42,137,48
42,142,217
42,144,98
42,153,366
42,154,12
42,160,40
42,165,14
42,166,54
42,170,122
42,171,360
42,172,163
42,175,175
42,184,13
42,191,400
42,192,169
42,196,303
42,199,40
43,2,185
43,3,105
43,4,325
43,7,90
43,8,212
43,9,15
43,11,301
43,12,226
43,14,90
43,15,204
43,16,136
43,17,385
43,19,65
43,20,13
43,21,381
43,23,161
43,24,43
43,25,11
43,30,143
43,32,178
43,35,192
43,36,7
43,38,65
43,39,340
43,40,147
43,41,256
43,44,133
43,45,72
43,47,206
43,49,171
43,51,328
43,52,397
43,53,245
43,54,68
43,55,326
43,58,391
43,60,179
43,61,57
43,62,74
43,71,13
43,73,377
43,74,353
43,76,119
43,79,295
43,81,370
43,85,371
43,87,369
43,89,6
43,90,41
43,92,9
43,98,136
43,100,387
43,101,105
43,102,248
43,103,121
43,111,2
43,113,185
43,115,228
43,116,130
43,118,215
43,120,269
43,121,186
43,126,343
43,127,18
43,129,196
43,131,11
43,133,357
43,137,153
43,139,364
43,141,209
43,145,383
43,147,257
43,149,107
43,152,110
43,161,59
43,162,143
43,164,59
43,173,304
43,177,360
43,180,117
43,182,393
43,189,157
43,198,124
44,1,211
44,2,15
44,3,133
44,4,86
44,6,80
44,8,347
44,9,349
44,10,87
44,11,109
44,14,317
44,15,310
44,16,14
44,18,303
44,20,161
44,23,179
44,25,107
44,27,393
44,28,319
44,29,215
44,30,50
44,31,174
44,33,28
44,34,279
44,35,332
44,39,339
44,40,71
44,41,373
44,42,383
44,43,133
44,45,103
44,47,355
44,51,15
44,52,340
44,54,219
44,56,349
44,59,186
44,60,171
44,63,246
44,67,293
44,68,155
44,70,368
44,73,293
44,75,110
44,78,262
44,89,214
44,93,151
44,95,306
44,99,383
44,100,342
44,101,119
44,102,386
44,103,393
44,105,97
44,111,242
44,112,120
44,113,116
44,114,56
44,118,68
44,121,258
44,126,393
44,127,313
44,133,197
44,135,222
44,138,238
44,140,72
44,144,289
44,147,378
44,154,7
44,155,323
44,156,223
44,158,97
44,169,263
44,172,350
44,173,358
44,175,21
44,179,311
44,190,228
45,1,198
45,5,114
45,6,282
45,8,386
45,9,370
45,10,74
45,12,362
45,13,280
45,15,205
45,16,299
45,19,331
45,21,257
45,25,261
45,28,400
45,30,399
45,31,26
45,32,354
45,33,35
45,35,381
45,36,295
45,37,293
45,39,332
45,40,310
45,43,72
45,44,103
45,47,309
45,48,55
45,49,28
45,50,267
45,51,222
45,53,73
45,54,43
45,56,222
45,60,231
45,61,121
45,63,120
45,66,87
45,67,216
45,69,103
45,71,185
45,72,276
45,73,238
45,75,370
45,80,73
45,82,259
45,84,330
45,86,321
45,87,112
45,92,235
45,95,76
45,98,218
45,99,250
45,102,79
45,104,333
45,105,372
45,110,249
45,113,2
45,114,144
45,117,125
45,121,365
45,122,290
45,123,171
45,125,391
45,130,331
45,131,68
45,137,302
45,142,180
45,144,337
45,145,349
45,147,270
45,150,127
45,153,269
45,159,398
45,168,356
45,169,376
45,182,11
45,185,173
45,186,388
45,188,350
45,193,228
45,194,163
45,195,22
45,198,345
46,2,208
46,3,391
46,5,87
46,6,155
46,7,98
46,8,329
46,9,145
46,10,380
46,11,337
46,13,296
46,16,107
46,17,385
46,18,214
46,20,29
46,21,346
46,22,57
46,23,396
46,24,227
46,25,178
46,27,380
46,28,172
46,30,393
46,32,357
46,33,227
46,35,63
46,36,397
46,38,199
46,40,299
46,42,12
46,47,317
46,48,129
46,50,28
46,52,13
46,53,22
46,54,334
46,55,177
46,56,287
46,57,98
46,58,239
46,59,112
46,63,315
46,65,350
46,69,68
46,71,153
46,72,109
46,73,338
46,74,139
46,78,48
46,80,43
46,82,296
46,84,397
46,86,156
46,88,56
46,93,243
46,95,351
46,97,28
46,101,206
46,102,282
46,103,295
46,104,49
46,112,307
46,115,369
46,116,196
46,117,224
46,119,286
46,120,329
46,124,274
46,126,258
46,134,269
46,135,182
46,142,368
46,143,75
46,149,372
46,152,61
46,155,185
46,159,91
46,161,67
46,167,13
46,172,139
46,174,195
46,180,360
46,181,372
46,189,281
46,193,271
46,200,193
47,1,158
47,2,177
47,4,370
47,5,400
47,8,345
47,9,141
47,10,316
47,11,167
47,12,207
47,15,40
47,16,297
47,17,301
47,20,282
47,21,242
47,22,193
47,23,184
47,26,314
47,27,44
47,28,1
47,32,122
47,33,158
47,34,219
47,35,108
47,37,316
47,40,93
47,41,36
47,43,206
47,44,355
47,45,309
47,46,317
47,51,11
47,52,324
47,53,198
47,54,332
47,57,64
47,58,17
47,59,14
47,63,370
47,65,183
47,67,128
47,70,132
47,71,252
47,73,91
47,78,355
47,80,226
47,82,105
47,84,85
47,86,18
47,87,303
47,91,54
47,92,163
47,96,254
47,99,165
47,100,283
47,111,86
47,115,103
47,116,15
47,119,25
47,120,257
47,121,71
47,123,318
47,128,303
47,129,155
47,130,51
47,137,218
47,140,301
47,141,31
47,143,68
47,146,334
47,163,227
47,164,325
47,167,248
47,177,382
47,186,324
47,191,247
47,192,347
48,1,145
48,2,74
48,3,127
48,5,182
48,6,62
48,7,354
48,8,314
48,9,5
48,10,350
48,11,87
48,12,231
48,14,48
48,16,365
48,17,266
48,18,126
48,20,167
48,23,221
48,27,67
48,29,7
48,32,397
48,33,390
48,35,106
48,36,181
48,38,307
48,39,130
48,40,161
48,41,345
48,42,220
48,45,55
48,46,129
48,50,97
48,51,78
48,54,276
48,57,321
48,62,349
48,63,334
48,64,37
48,65,288
48,66,76
48,67,3
48,68,193
48,69,363
48,70,353
48,72,204
48,76,245
48,77,267
48,78,385
48,82,32
48,84,335
48,86,20
48,87,119
48,88,14
48,89,350
48,90,103
48,91,200
48,94,250
48,96,344
48,99,36
48,100,241
48,101,183
48,105,235
48,107,60
48,116,44
48,119,11
48,121,326
48,123,246
48,128,211
48,132,262
48,133,279
48,139,39
48,142,288
48,148,142
48,160,302
48,161,341
48,166,116
48,167,201
48,168,242
48,169,179
48,174,289
48,182,252
48,183,105
48,186,241
48,198,196
49,3,399
49,4,6
49,5,266
49,6,142
49,7,395
49,8,271
49,11,156
49,12,135
49,13,39
49,14,59
49,16,266
49,17,228
49,19,281
49,20,184
49,21,162
49,22,336
49,23,134
49,26,123
49,28,93
49,29,159
49,30,65
49,32,247
49,33,308
49,34,13
49,35,228
49,37,329
49,39,37
49,41,272
49,42,132
49,43,171
49,45,28
49,50,93
49,51,350
49,55,205
49,56,42
49,58,10
49,62,288
49,63,6
49,64,219
49,65,384
49,71,98
49,75,159
49,76,58
49,78,258
49,79,189
49,80,165
49,82,351
49,83,360
49,84,213
49,85,67
49,86,24
49,88,1
49,90,365
49,91,158
49,92,238
49,101,194
49,106,326
49,107,97
49,109,236
49,111,121
49,115,50
49,122,141
49,125,399
49,127,210
49,137,292
49,139,306
49,144,186
49,146,306
49,149,351
49,151,295
49,154,265
49,156,140
49,160,288
49,168,236
49,170,346
49,171,3
49,174,144
49,180,274
49,187,298
49,195,386
50,3,278
50,4,333
50,5,137
50,7,161
50,8,282
50,9,127
50,10,41
50,11,304
50,12,207
50,17,350
50,18,176
50,20,111
50,22,137
50,25,205
50,26,108
50,27,359
50,28,20
50,29,284
50,30,338
50,31,322
50,32,177
50,33,236
50,34,83
50,36,301
50,39,278
50,41,263
50,45,267
50,46,28
50,48,97
50,49,93
50,52,329
50,53,27
50,56,334
50,58,170
50,59,22
50,60,359
50,64,269
50,65,303
50,66,192
50,67,273
50,69,117
50,70,33
50,74,33
50,75,343
50,76,214
50,77,188
50,82,367
50,83,289
50,87,46
50,95,223
50,98,52
50,101,103
50,107,15
50,108,189
50,112,208
50,119,282
50,122,51
50,124,228
50,126,162
50,128,315
50,129,391
50,134,397
50,138,219
50,139,144
50,143,286
50,148,87
50,149,248
50,150,399
50,151,182
50,156,210
50,158,262
50,160,10
50,167,14
50,170,387
50,176,223
50,180,5
50,188,2
50,198,344
51,2,269
51,6,232
51,7,134
51,10,20
51,13,362
51,14,85
51,16,321
51,17,301
51,18,311
51,19,148
51,20,8
51,21,196
51,22,170
51,27,225
51,29,21
51,30,92
51,32,291
51,33,400
51,35,228
51,36,148
51,38,225
51,39,32
51,42,287
51,43,328
51,44,15
51,45,222
51,47,11
51,48,78
51,49,350
51,52,92
51,58,128
51,59,55
51,61,139
51,62,79
51,63,253
51,64,1
51,66,156
51,68,359
51,70,206
51,71,154
51,72,105
51,75,328
51,76,200
51,77,104
51,78,159
51,81,356
51,83,6
