source,target,weight
1,2,54
1,3,344
1,4,399
1,5,36
1,6,209
1,8,103
1,9,142
1,10,181
1,12,12
1,13,38
1,14,65
1,16,53
1,18,18
1,19,199
1,21,78
1,22,212
1,23,193
1,24,161
1,25,250
1,26,153
1,27,115
1,28,57
1,29,147
1,31,187
1,32,332
1,33,391
1,34,364
1,36,125
1,37,395
1,38,196
1,39,367
1,40,164
1,42,397
1,44,397
1,45,165
1,46,369
1,49,88
1,50,118
1,51,211
1,52,296
1,53,7
1,54,161
1,55,393
1,58,196
1,59,362
1,60,225
1,62,111
1,63,371
1,65,91
1,69,28
1,72,184
1,75,76
1,76,183
1,77,225
1,79,79
1,82,218
1,85,266
1,88,181
1,94,143
1,95,177
1,96,63
1,97,294
1,99,358
1,101,44
1,105,384
1,108,290
1,110,113
1,112,113
1,115,38
1,117,100
1,118,28
1,120,300
1,123,105
1,125,350
1,126,34
1,131,296
1,134,225
1,135,92
1,138,302
1,140,288
1,145,303
1,152,189
1,154,329
1,155,26
1,158,272
1,159,44
1,163,355
1,172,181
1,173,222
1,183,20
1,190,212
1,196,315
2,1,54
2,3,150
2,4,204
2,5,60
2,8,395
2,9,275
2,10,303
2,11,139
2,12,262
2,13,65
2,14,57
2,15,167
2,16,310
2,17,92
2,18,145
2,19,106
2,20,195
2,21,338
2,22,218
2,23,14
2,24,186
2,26,112
2,27,208
2,29,2
2,32,385
2,33,205
2,34,176
2,36,17
2,39,130
2,41,200
2,42,213
2,44,161
2,45,36
2,49,97
2,50,354
2,51,110
2,53,191
2,54,216
2,55,39
2,57,247
2,59,50
2,61,77
2,63,306
2,65,370
2,66,76
2,67,179
2,70,92
2,71,9
2,73,360
2,74,225
2,79,143
2,80,32
2,81,219
2,82,38
2,86,42
2,93,242
2,95,208
2,96,332
2,98,44
2,101,291
2,102,254
2,103,356
2,104,285
2,105,236
2,106,294
2,107,270
2,111,1
2,113,122
2,115,238
2,125,233
2,126,248
2,128,45
2,136,73
2,137,398
2,140,245
2,143,88
2,146,299
2,147,387
2,154,172
2,157,312
2,164,77
2,167,360
2,170,273
2,173,172
2,175,330
2,181,302
2,192,146
2,197,349
2,199,28
3,1,344
3,2,150
3,4,60
3,6,309
3,7,167
3,8,116
3,9,58
3,14,85
3,15,263
3,16,102
3,17,293
3,18,151
3,19,77
3,20,23
3,21,374
3,25,373
3,27,292
3,28,350
3,30,166
3,31,187
3,32,86
3,34,67
3,35,224
3,37,345
3,38,75
3,39,107
3,40,212
3,41,233
3,42,81
3,44,281
3,46,264
3,49,237
3,51,89
3,52,50
3,54,72
3,55,356
3,63,382
3,65,184
3,67,130
3,70,33
3,71,175
3,76,81
3,77,72
3,80,47
3,85,40
3,86,133
3,88,388
3,92,70
3,95,32
3,97,96
3,98,334
3,99,279
3,101,195
3,102,106
3,103,44
3,105,266
3,106,212
3,107,289
3,109,133
3,111,229
3,116,274
3,121,370
3,122,147
3,123,387
3,124,255
3,126,287
3,127,243
3,129,221
3,135,215
3,136,209
3,137,66
3,138,319
3,142,260
3,143,128
3,144,167
3,147,21
3,148,54
3,149,186
3,158,174
3,163,148
3,164,37
3,169,310
3,170,245
3,171,356
3,173,350
3,174,112
3,175,52
3,183,181
3,184,40
3,187,171
3,192,205
3,193,302
3,195,308
3,197,184
3,199,31
4,1,399
4,2,204
4,3,60
4,5,365
4,6,364
4,9,295
4,10,156
4,11,66
4,12,143
4,13,26
4,15,42
4,17,83
4,22,200
4,26,382
4,30,312
4,31,88
4,32,229
4,33,266
4,34,134
4,35,340
4,36,21
4,38,223
4,39,164
4,40,100
4,42,22
4,43,200
4,44,127
4,45,174
4,46,127
4,48,211
4,49,260
4,50,301
4,51,341
4,52,197
4,53,116
4,55,399
4,56,48
4,57,394
4,58,323
4,59,248
4,60,103
4,61,46
4,63,23
4,64,24
4,65,72
4,68,87
4,70,102
4,71,344
4,72,263
4,73,381
4,75,284
4,77,286
4,79,189
4,80,119
4,81,13
4,84,315
4,85,181
4,87,97
4,88,254
4,91,205
4,94,165
4,95,308
4,97,396
4,100,49
4,101,397
4,102,122
4,103,77
4,106,375
4,108,69
4,109,138
4,110,53
4,112,12
4,127,83
4,131,34
4,134,49
4,135,213
4,141,184
4,143,48
4,147,192
4,148,161
4,149,345
4,151,129
4,152,229
4,155,140
4,160,369
4,161,46
4,163,97
4,167,303
4,177,342
4,179,252
4,188,171
4,194,231
4,196,400
4,200,384
5,1,36
5,2,60
5,4,365
5,6,264
5,7,166
5,9,397
5,10,345
5,11,336
5,12,235
5,13,389
5,14,364
5,15,236
5,17,147
5,18,276
5,19,37
5,20,261
5,21,80
5,22,29
5,23,201
5,26,19
5,28,138
5,29,233
5,30,131
5,31,238
5,33,7
5,34,49
5,35,169
5,36,371
5,37,336
5,38,90
5,39,227
5,40,270
5,41,31
5,44,380
5,46,320
5,47,253
5,48,102
5,51,78
5,52,170
5,53,185
5,56,184
5,57,77
5,58,297
5,60,72
5,61,198
5,63,109
5,64,198
5,65,99
5,69,117
5,70,127
5,71,393
5,72,352
5,73,297
5,75,208
5,79,119
5,80,97
5,82,147
5,83,349
5,87,244
5,92,274
5,94,383
5,101,17
5,102,167
5,105,96
5,109,136
5,112,363
5,113,203
5,114,244
5,115,78
5,117,63
5,121,13
5,127,69
5,130,385
5,132,175
5,134,387
5,140,130
5,141,223
5,149,75
5,162,376
5,163,221
5,168,106
5,179,121
5,180,32
5,189,206
5,191,356
5,192,124
5,199,157
6,1,209
6,3,309
6,4,364
6,5,264
6,7,25
6,8,202
6,10,264
6,11,253
6,12,275
6,15,351
6,17,20
6,19,92
6,23,282
6,24,186
6,27,114
6,28,389
6,29,190
6,31,9
6,33,387
6,35,208
6,36,56
6,37,177
6,38,142
6,39,170
6,40,15
6,41,294
6,42,158
6,45,19
6,46,387
6,47,374
6,48,228
6,50,277
6,51,231
6,53,122
6,55,172
6,57,263
6,58,167
6,59,83
6,61,171
6,62,363
6,63,208
6,67,265
6,68,59
6,69,379
6,71,122
6,72,13
6,73,397
6,74,169
6,75,139
6,78,229
6,83,318
6,90,384
6,91,345
6,92,81
6,97,213
6,98,124
6,99,288
6,101,156
6,102,312
6,104,244
6,105,251
6,106,114
6,110,161
6,113,233
6,115,282
6,121,335
6,128,362
6,130,24
6,132,347
6,135,244
6,137,299
6,138,183
6,140,73
6,144,108
6,145,377
6,149,225
6,155,348
6,156,317
6,168,263
6,179,104
6,184,70
6,188,371
6,189,8
6,196,13
6,197,252
6,199,6
7,3,167
7,5,166
7,6,25
7,8,130
7,9,32
7,10,144
7,11,356
7,12,58
7,13,115
7,14,17
7,15,346
7,16,195
7,17,135
7,20,170
7,21,315
7,22,193
7,24,340
7,27,267
7,28,131
7,29,45
7,30,93
7,31,198
7,35,66
7,36,54
7,38,36
7,43,324
7,44,145
7,45,146
7,46,256
7,47,117
7,48,165
7,49,154
7,50,399
7,51,370
7,52,171
7,53,42
7,54,371
7,55,378
7,57,132
7,60,51
7,61,204
7,63,10
7,64,187
7,66,229
7,67,118
7,69,368
7,70,314
7,71,279
7,72,114
7,74,256
7,82,290
7,86,17
7,87,333
7,88,291
7,89,49
7,90,336
7,92,283
7,101,311
7,103,182
7,105,59
7,107,11
7,109,6
7,114,31
7,116,329
7,118,217
7,119,67
7,120,364
7,125,224
7,126,161
7,134,334
7,138,386
7,140,216
7,144,209
7,148,331
7,152,125
7,153,116
7,155,70
7,157,65
7,162,21
7,166,234
7,170,339
7,171,54
7,174,303
7,175,124
7,181,200
7,182,35
7,198,369
7,200,344
8,1,103
8,2,395
8,3,116
8,6,202
8,7,130
8,9,339
8,10,327
8,12,321
8,15,287
8,19,311
8,21,162
8,22,93
8,23,390
8,25,74
8,30,51
8,31,164
8,35,5
8,37,67
8,40,29
8,42,164
8,44,295
8,45,142
8,46,100
8,47,115
8,48,169
8,49,306
8,50,36
8,52,151
8,55,117
8,57,224
8,59,352
8,60,93
8,61,69
8,63,284
8,65,193
8,66,105
8,68,206
8,69,241
8,70,24
8,72,295
8,73,297
8,75,362
8,77,133
8,78,30
8,79,302
8,80,146
8,82,206
8,90,160
8,92,129
8,95,198
8,98,12
8,99,179
8,100,186
8,102,74
8,108,182
8,112,304
8,114,388
8,118,181
8,126,320
8,128,250
8,135,193
8,139,359
8,143,209
8,144,340
8,145,63
8,146,99
8,152,158
8,153,112
8,154,387
8,157,69
8,159,25
8,160,360
8,167,144
8,170,144
8,171,263
8,173,295
8,176,266
8,177,128
8,178,377
8,179,376
8,189,92
8,192,28
8,194,225
8,195,106
8,196,252
8,199,290
9,1,142
9,2,275
9,3,58
9,4,295
9,5,397
9,7,32
9,8,339
9,10,239
9,11,146
9,14,370
9,15,195
9,16,168
9,17,109
9,18,236
9,20,70
9,21,293
9,24,389
9,25,20
9,27,206
9,32,210
9,33,310
9,34,195
9,35,77
9,38,376
9,39,234
9,40,10
9,46,115
9,50,81
9,51,146
9,53,289
9,54,264
9,55,396
9,56,7
9,58,254
9,60,245
9,61,72
9,62,33
9,63,273
9,66,336
9,67,372
9,68,323
9,73,186
9,75,285
9,78,59
9,79,331
9,82,174
9,83,331
9,86,299
9,88,203
9,93,291
9,98,155
9,99,36
9,100,49
9,101,230
9,105,293
9,106,327
9,109,354
9,110,141
9,113,198
9,116,140
9,117,181
9,119,299
9,122,370
9,123,380
9,125,320
9,126,45
9,127,353
9,129,73
9,131,161
9,132,128
9,135,69
9,139,352
9,140,272
9,142,35
9,143,31
9,146,249
9,149,169
9,155,159
9,164,31
9,166,221
9,168,132
9,170,10
9,171,266
9,173,247
9,176,169
9,190,258
9,193,52
9,195,42
10,1,181
10,2,303
10,4,156
10,5,345
10,6,264
10,7,144
10,8,327
10,9,239
10,11,9
10,13,49
10,15,223
10,16,172
10,17,217
10,24,340
10,26,389
10,28,251
10,30,369
10,31,41
10,32,290
10,33,116
10,34,66
10,35,284
10,40,136
10,41,389
10,43,36
10,44,23
10,46,208
10,49,216
10,50,141
10,51,169
10,53,133
10,54,351
10,55,133
10,56,392
10,57,159
10,60,303
10,61,384
10,62,363
10,63,176
10,65,301
10,66,109
10,68,245
10,70,95
10,71,333
10,74,400
10,75,272
10,77,122
10,82,208
10,85,372
10,86,220
10,89,24
10,91,373
10,96,320
10,97,137
10,98,249
10,99,264
10,100,43
10,101,268
10,105,222
10,107,18
10,112,238
10,114,172
10,115,356
10,121,384
10,123,222
10,124,230
10,125,247
10,130,135
10,132,44
10,145,382
10,152,238
10,154,384
10,160,242
10,161,241
10,164,365
10,169,289
10,172,165
10,178,318
10,179,255
10,180,175
10,182,231
10,188,353
10,189,305
10,190,136
10,191,126
10,195,230
10,197,130
10,200,206
11,2,139
11,4,66
11,5,336
11,6,253
11,7,356
11,9,146
11,10,9
11,12,44
11,14,315
11,15,154
11,16,321
11,19,3
11,20,75
11,21,17
11,22,97
11,23,217
11,25,385
11,26,346
11,27,88
11,28,47
11,30,156
11,32,50
11,34,187
11,37,227
11,38,341
11,39,223
11,40,314
11,41,106
11,42,217
11,44,308
11,46,372
11,48,318
11,49,265
11,50,40
11,51,78
11,52,213
11,53,138
11,54,276
11,56,101
11,57,371
11,59,203
11,61,79
11,64,185
11,65,321
11,69,187
11,72,106
11,73,357
11,74,124
11,80,320
11,84,114
11,85,148
11,87,220
11,91,385
11,92,280
11,93,113
11,94,190
11,95,340
11,96,159
11,98,64
11,104,390
11,106,249
11,107,144
11,108,43
11,109,142
11,113,201
11,115,309
11,119,305
11,120,133
11,124,9
11,127,202
11,129,299
11,131,342
11,132,103
11,138,241
11,139,213
11,143,266
11,147,296
11,152,235
11,158,132
11,164,135
11,165,171
11,167,326
11,170,399
11,178,365
11,179,326
11,181,106
11,184,30
11,187,64
11,189,87
11,192,165
11,193,78
12,1,12
12,2,262
12,4,143
12,5,235
12,6,275
12,7,58
12,8,321
12,11,44
12,13,7
12,14,7
12,15,26
12,16,66
12,17,22
12,19,188
12,21,188
12,22,76
12,23,211
12,27,211
12,28,263
12,30,157
12,32,38
12,34,373
12,35,160
12,36,321
12,38,400
12,40,302
12,41,198
12,42,264
12,43,118
12,44,73
12,45,184
12,46,91
12,47,303
12,48,323
12,49,56
12,52,252
12,54,100
12,56,246
12,57,378
12,59,376
12,61,20
12,64,400
12,68,282
12,70,30
12,75,247
12,77,45
12,78,312
12,81,242
12,82,287
12,85,289
12,88,391
12,89,194
12,90,169
12,91,292
12,92,149
12,93,186
12,94,394
12,96,110
12,98,218
12,102,256
12,103,150
12,107,56
12,116,23
12,122,66
12,125,197
12,126,153
12,129,45
12,130,393
12,133,42
12,134,202
12,138,151
12,140,128
12,142,184
12,144,367
12,145,238
12,147,246
12,150,3
12,155,326
12,157,302
12,159,174
12,160,335
12,161,159
12,164,214
12,169,107
12,171,194
12,173,68
12,175,141
12,180,359
12,186,144
12,191,367
12,192,306
12,199,181
12,200,157
13,1,38
13,2,65
13,4,26
13,5,389
13,7,115
13,10,49
13,12,7
13,16,201
13,17,18
13,18,146
13,19,230
13,20,38
13,21,398
13,22,154
13,23,330
13,24,6
13,25,166
13,26,34
13,27,141
13,30,29
13,34,101
13,35,208
13,36,231
13,37,84
13,38,63
13,39,337
13,42,138
13,43,39
13,45,354
13,46,260
13,47,297
13,50,45
13,51,177
13,52,87
13,53,366
13,56,226
13,57,336
13,59,279
13,60,24
13,62,326
13,66,44
13,68,349
13,69,244
13,70,15
13,71,122
13,72,19
13,74,76
13,75,374
13,76,38
13,77,349
13,80,333
13,83,65
13,84,87
13,88,254
13,92,88
13,94,195
13,98,8
13,99,112
13,100,387
13,102,133
13,104,311
13,105,241
13,107,386
13,110,301
13,119,278
13,120,273
13,124,11
13,127,85
13,133,370
13,135,335
13,137,135
13,138,20
13,142,119
13,153,378
13,157,70
13,166,178
13,180,283
13,183,146
13,185,108
13,186,394
13,187,308
13,188,25
13,190,369
13,191,319
13,197,390
14,1,65
14,2,57
14,3,85
14,5,364
14,7,17
14,9,370
14,11,315
14,12,7
14,16,225
14,17,94
14,18,355
14,19,180
14,22,186
14,23,308
14,26,139
14,27,349
14,28,136
14,29,39
14,30,114
14,33,12
14,36,396
14,42,315
14,43,127
14,47,242
14,48,338
14,49,25
14,50,313
14,51,310
14,54,364
14,56,196
14,57,19
14,59,315
14,60,321
14,61,299
14,63,44
14,65,293
14,68,288
14,69,161
14,70,127
14,71,390
14,73,400
14,79,211
14,80,331
14,81,190
14,83,167
14,86,22
14,88,304
14,89,18
14,90,60
14,95,273
14,96,132
14,97,377
14,99,99
14,100,278
14,103,300
14,104,212
14,108,275
14,109,170
14,111,63
14,114,176
14,115,174
14,116,251
14,118,20
14,123,392
14,125,358
14,127,387
14,131,149
14,136,320
14,140,278
14,141,373
14,143,391
14,146,115
14,152,69
14,155,344
14,156,346
14,158,316
14,160,390
14,164,110
14,165,355
14,174,59
14,179,345
14,182,329
14,189,384
14,190,187
14,193,395
14,195,182
15,2,167
15,3,263
15,4,42
15,5,236
15,6,351
15,7,346
15,8,287
15,9,195
15,10,223
15,11,154
15,12,26
15,17,271
15,18,125
15,19,354
15,20,270
15,22,141
15,24,8
15,25,326
15,26,97
15,27,304
15,30,343
15,32,246
15,33,105
15,36,187
15,37,31
15,38,67
15,39,92
15,42,236
15,43,256
15,44,111
15,45,360
15,49,41
15,56,345
15,58,309
15,61,347
15,64,205
15,65,147
15,66,117
15,67,207
15,69,200
15,72,394
15,73,24
15,75,301
15,79,110
15,81,297
15,82,240
15,84,114
15,85,78
15,87,156
15,89,334
15,100,178
15,101,243
15,106,166
15,108,217
15,109,280
15,110,163
15,116,291
15,118,253
15,119,291
15,122,51
15,123,319
15,129,370
15,131,285
15,135,269
15,141,186
15,143,254
15,147,360
15,154,7
15,157,213
15,164,387
15,165,283
15,171,275
15,173,42
15,177,9
15,178,228
15,188,201
15,191,200
15,193,76
16,1,53
16,2,310
16,3,102
16,7,195
16,9,168
16,10,172
16,11,321
16,12,66
16,13,201
16,14,225
16,19,151
16,21,150
16,23,22
16,25,209
16,26,383
16,27,331
16,28,222
16,29,24
16,30,224
16,31,257
16,32,3
16,34,329
16,35,84
16,37,180
16,38,381
16,39,148
16,40,245
16,41,218
16,43,172
16,46,109
16,48,63
16,50,155
16,51,202
16,52,348
16,53,46
16,54,140
16,55,315
16,57,333
16,58,22
16,59,37
16,61,250
16,62,133
16,66,376
16,67,316
16,68,40
16,69,267
16,73,266
16,74,111
16,75,359
16,77,153
16,78,241
16,79,234
16,81,317
16,83,195
16,85,391
16,86,96
16,87,326
16,88,321
16,91,224
16,92,355
16,95,115
16,96,369
16,97,374
16,98,86
16,103,268
16,108,71
16,110,49
16,114,38
16,116,15
16,117,257
16,123,255
16,125,241
16,127,370
16,128,377
16,131,107
16,134,241
16,142,337
16,148,202
16,149,380
16,151,80
16,158,83
16,161,202
16,162,145
16,163,29
16,166,360
16,170,308
16,171,228
16,172,55
16,176,209
16,177,107
16,179,104
16,187,40
16,189,31
16,193,281
16,195,126
16,197,205
17,2,92
17,3,293
17,4,83
17,5,147
17,6,20
17,7,135
17,9,109
17,10,217
17,12,22
17,13,18
17,14,94
17,15,271
17,18,315
17,19,277
17,20,6
17,21,383
17,22,124
17,23,103
17,24,24
17,25,29
17,28,166
17,29,7
17,31,247
17,34,164
17,35,5
17,37,188
17,39,318
17,40,36
17,41,254
17,42,400
17,43,241
17,45,278
17,46,205
17,48,163
17,51,45
17,52,139
17,53,204
17,54,177
17,56,199
17,60,304
17,61,125
17,62,162
17,63,302
17,65,214
17,67,352
17,69,283
17,70,98
17,73,180
17,75,256
17,76,228
17,77,22
17,80,30
17,81,229
17,82,318
17,83,89
17,87,212
17,89,101
17,90,256
17,92,209
17,94,64
17,99,238
17,102,3
17,105,227
17,107,29
17,111,326
17,113,306
17,121,88
17,125,48
17,126,135
17,135,50
17,139,220
17,140,2
17,141,356
17,143,245
17,152,57
17,153,135
17,155,400
17,156,17
17,158,356
17,160,55
17,162,75
17,165,246
17,166,389
17,167,167
17,173,211
17,188,238
17,191,27
17,193,168
17,200,359
18,1,18
18,2,145
18,3,151
18,5,276
18,9,236
18,13,146
18,14,355
18,15,125
18,17,315
18,19,194
18,20,83
18,22,120
18,25,162
18,26,253
18,29,383
18,30,27
18,31,383
18,32,169
18,33,127
18,34,39
18,37,166
18,40,105
18,41,305
18,43,131
18,44,151
18,45,282
18,46,317
18,47,319
18,48,224
18,49,8
18,51,380
18,54,331
18,56,308
18,58,314
18,60,274
18,62,146
18,63,385
18,66,334
18,67,311
18,68,285
18,70,208
18,72,29
18,73,55
18,76,222
18,77,208
18,80,333
18,81,135
18,82,344
18,86,369
18,88,55
18,90,374
18,91,125
18,98,36
18,102,277
18,106,62
18,110,307
18,111,180
18,115,201
18,121,120
18,129,259
18,130,50
18,131,382
18,134,231
18,136,84
18,138,189
18,139,150
18,140,55
18,148,96
18,157,344
18,163,48
18,164,35
18,165,103
18,167,110
18,170,205
18,173,255
18,180,95
18,182,77
18,183,378
18,184,217
18,185,275
18,192,122
18,199,157
19,1,199
19,2,106
19,3,77
19,5,37
19,6,92
19,8,311
19,11,3
19,12,188
19,13,230
19,14,180
19,15,354
19,16,151
19,17,277
19,18,194
19,20,135
19,21,89
19,22,75
19,24,1
19,27,166
19,28,39
19,29,34
19,32,83
19,33,5
19,37,278
19,38,327
19,39,29
19,40,79
19,43,240
19,44,234
19,46,103
19,48,47
19,49,70
19,50,376
19,51,75
19,54,274
19,55,36
19,56,293
19,57,70
19,59,116
19,61,92
19,62,289
19,64,314
19,65,65
19,68,275
19,69,307
19,72,63
19,74,373
19,75,224
19,76,385
19,80,162
19,83,73
19,85,141
19,87,173
19,89,51
19,92,99
19,93,246
19,94,101
19,98,310
19,101,41
19,104,331
19,105,96
19,106,334
19,109,394
19,110,364
19,111,356
19,121,360
19,131,158
19,133,22
19,136,394
19,137,69
19,139,5
19,144,22
19,163,47
19,165,197
19,167,88
19,172,232
19,174,344
19,180,128
19,181,383
19,183,320
19,188,89
19,189,349
19,192,329
19,195,358
19,196,277
19,200,73
20,2,195
20,3,23
20,5,261
20,7,170
20,9,70
20,11,75
20,13,38
20,15,270
20,17,6
20,18,83
20,19,135
20,21,141
20,22,386
20,23,293
20,24,162
20,25,268
20,27,106
20,29,145
20,30,329
20,33,344
20,34,381
20,35,117
20,39,78
20,40,257
20,41,99
20,42,360
20,44,283
20,45,198
20,47,53
20,50,168
20,53,209
20,54,308
20,55,95
20,56,285
20,57,31
20,58,296
20,59,218
20,61,46
20,63,174
20,65,164
20,66,98
20,68,367
20,70,179
20,76,140
20,77,93
20,79,150
20,81,207
20,82,138
20,84,34
20,85,114
20,86,152
20,87,158
20,89,46
20,90,350
20,91,71
20,95,107
20,97,74
20,99,286
20,102,188
20,106,235
20,112,51
20,115,279
20,116,280
20,119,110
20,122,295
20,125,52
20,131,29
20,134,225
20,135,397
20,138,333
20,148,225
20,150,223
20,152,345
20,154,6
20,156,59
20,159,120
20,165,53
20,176,23
20,178,273
20,183,201
20,189,310
20,195,239
20,199,135
21,1,78
21,2,338
21,3,374
21,5,80
21,7,315
21,8,162
21,9,293
21,11,17
21,12,188
21,13,398
21,16,150
21,17,383
21,19,89
21,20,141
21,23,287
21,24,93
21,25,8
21,28,321
21,29,125
21,30,242
21,31,72
21,32,25
21,34,397
21,35,354
21,36,333
21,37,46
21,40,394
21,43,33
21,44,382
21,45,275
21,47,22
21,48,199
21,49,298
21,50,322
21,52,266
21,53,242
21,54,160
21,55,103
21,56,220
21,57,319
21,58,362
21,59,302
21,62,377
21,65,80
21,69,8
21,71,152
21,78,103
21,79,40
21,80,256
21,81,162
21,82,354
21,84,212
21,86,116
21,89,357
21,93,283
21,94,226
21,98,226
21,100,43
21,105,119
21,109,361
21,113,220
21,124,104
21,128,339
21,132,379
21,133,61
21,135,201
21,137,224
21,138,150
21,140,135
21,156,328
21,157,90
21,160,176
21,161,337
21,163,220
21,175,223
21,176,345
21,200,229
22,1,212
22,2,218
22,4,200
22,5,29
22,7,193
22,8,93
22,11,97
22,12,76
22,13,154
22,14,186
22,15,141
22,17,124
22,18,120
22,19,75
22,20,386
22,23,5
22,24,210
22,25,382
22,27,37
22,30,253
22,31,78
22,33,83
22,34,224
22,35,226
22,37,200
22,41,60
22,42,286
22,44,85
22,48,59
22,49,146
22,50,306
22,51,138
22,52,396
22,53,126
22,54,181
22,55,69
22,56,29
22,57,53
22,59,221
22,62,366
22,64,128
22,67,31
22,70,301
22,76,112
22,77,123
22,78,150
22,79,96
22,80,106
22,82,320
22,84,196
22,85,232
22,89,274
22,99,243
22,104,383
22,108,228
22,109,136
22,116,345
22,120,180
22,122,345
22,127,58
22,128,158
22,131,115
22,132,103
22,134,106
22,135,363
22,136,252
22,137,287
22,141,22
22,147,52
22,151,174
22,154,273
22,156,130
22,162,334
22,164,208
22,166,285
22,167,239
22,168,106
22,169,176
22,172,228
22,180,263
22,189,75
22,194,199
22,197,67
22,200,8
23,1,193
23,2,14
23,5,201
23,6,282
23,8,390
23,11,217
23,12,211
23,13,330
23,14,308
23,16,22
23,17,103
23,20,293
23,21,287
23,22,5
23,24,11
23,26,74
23,27,393
23,28,106
23,29,239
23,30,277
23,31,186
23,32,117
23,33,249
23,35,259
23,38,364
23,39,293
23,40,209
23,41,112
23,44,93
23,47,21
23,49,50
23,53,229
23,58,289
23,62,363
23,66,333
23,67,279
23,75,145
23,79,272
23,84,279
23,88,64
23,89,142
23,91,108
23,93,1
23,94,138
23,96,121
23,97,107
23,98,87
23,100,115
23,101,77
23,104,146
23,105,99
23,107,249
23,113,380
23,114,87
23,117,134
23,118,27
23,119,70
23,120,346
23,126,131
23,127,63
23,130,296
23,135,223
23,143,221
23,145,264
23,147,1
23,152,125
23,153,349
23,156,347
23,160,42
23,165,79
23,177,51
23,179,222
23,181,312
23,194,78
24,1,161
24,2,186
24,6,186
24,7,340
24,9,389
24,10,340
24,13,6
24,15,8
24,17,24
24,19,1
24,20,162
24,21,93
24,22,210
24,23,11
24,25,273
24,26,334
24,27,227
24,28,342
24,29,333
24,30,169
24,31,124
24,32,26
24,33,136
24,34,31
24,35,357
24,37,315
24,38,372
24,39,158
24,40,71
24,41,125
24,43,32
24,44,59
24,45,296
24,46,36
24,47,98
24,50,33
24,51,245
24,53,210
24,55,304
24,57,347
24,58,111
24,59,123
24,60,299
24,62,108
24,64,118
24,65,57
24,70,276
24,71,262
24,74,149
24,76,58
24,78,380
24,80,235
24,82,48
24,83,332
24,88,196
24,90,137
24,91,124
24,92,174
24,95,234
24,98,282
24,105,8
24,108,160
24,110,253
24,116,164
24,118,177
24,121,289
24,125,329
24,126,396
24,127,163
24,129,288
24,130,261
24,137,367
24,138,397
24,140,244
24,141,105
24,142,344
24,144,52
24,146,82
24,150,226
24,153,128
24,157,172
24,161,245
24,163,299
24,167,32
24,168,31
24,169,85
24,170,357
24,175,69
24,177,100
24,182,27
24,184,1
24,185,320
24,190,297
24,198,169
25,1,250
25,3,373
25,8,74
25,9,20
25,11,385
25,13,166
25,15,326
25,16,209
25,17,29
25,18,162
25,20,268
25,21,8
25,22,382
25,24,273
25,26,343
25,28,61
25,31,397
25,32,43
25,33,240
25,36,400
25,37,85
25,39,274
25,40,8
25,41,237
25,42,204
25,43,229
25,45,311
25,47,113
25,48,296
25,52,188
25,54,228
25,56,209
25,57,316
25,59,339
25,60,171
25,63,296
25,65,180
25,66,174
25,68,2
25,69,309
25,71,82
25,73,130
25,78,244
25,80,48
25,81,374
25,82,398
25,83,291
25,84,56
25,86,97
25,87,197
25,88,297
25,89,335
25,94,327
25,95,68
25,96,141
25,97,383
25,98,308
25,99,315
25,101,118
25,102,173
25,103,329
25,106,286
25,107,145
25,108,56
25,110,191
25,111,165
25,118,376
25,123,93
25,131,72
25,136,9
25,137,155
25,139,172
25,144,81
25,146,218
25,150,195
25,153,31
25,157,219
25,161,318
25,164,378
25,167,385
25,172,48
25,178,49
25,186,54
25,187,49
25,191,331
25,198,29
26,1,153
26,2,112
26,4,382
26,5,19
26,10,389
26,11,346
26,13,34
26,14,139
26,15,97
26,16,383
26,18,253
26,23,74
26,24,334
26,25,343
26,27,316
26,29,195
26,30,40
26,32,235
26,33,69
26,36,85
26,38,258
26,40,246
26,41,215
26,43,175
26,44,344
26,45,238
26,46,277
26,47,92
26,48,141
26,49,276
26,51,203
26,52,382
26,54,186
26,57,104
26,58,329
26,59,322
26,60,16
26,61,278
26,64,381
26,65,396
26,66,229
26,67,41
26,68,5
26,69,37
26,70,319
26,71,50
26,73,326
26,74,76
26,75,205
26,76,234
26,78,366
26,80,88
26,81,52
26,82,279
26,90,168
26,91,6
26,93,9
26,95,194
26,98,228
26,101,277
26,103,104
26,106,17
26,110,358
26,113,77
26,115,358
26,117,37
26,120,349
26,124,70
26,128,398
26,138,225
26,141,325
26,148,200
26,150,322
26,154,301
26,165,357
26,182,131
26,183,379
26,185,322
26,187,169
26,188,109
26,189,86
26,190,133
26,191,37
26,195,228
26,196,318
26,198,277
27,1,115
27,2,208
27,3,292
27,6,114
27,7,267
27,9,206
27,11,88
27,12,211
27,13,141
27,14,349
27,15,304
27,16,331
27,19,166
27,20,106
27,22,37
27,23,393
27,24,227
27,26,316
27,28,252
27,29,351
27,33,72
27,36,301
27,37,283
27,39,336
27,40,246
27,41,161
27,42,395
27,43,338
27,44,213
27,46,166
27,49,384
27,50,124
27,51,143
27,52,231
27,54,309
27,56,338
27,60,130
27,63,27
27,64,370
27,65,133
27,72,180
27,75,335
27,77,333
27,78,290
27,83,345
27,87,261
27,91,249
27,97,372
27,98,36
27,100,159
27,101,50
27,102,295
27,106,271
27,107,193
27,109,327
27,110,319
27,112,96
27,115,321
27,119,131
27,120,296
27,121,113
27,124,195
27,128,287
27,129,150
27,130,178
27,139,90
27,141,167
27,144,274
27,149,102
27,151,191
27,152,1
27,156,235
27,157,31
27,158,384
27,162,45
27,163,234
27,165,131
27,166,26
27,167,154
27,175,347
27,188,131
28,1,57
28,3,350
28,5,138
28,6,389
28,7,131
28,10,251
28,11,47
28,12,263
28,14,136
28,16,222
28,17,166
28,19,39
28,21,321
28,23,106
28,24,342
28,25,61
28,27,252
28,29,111
28,32,99
28,34,193
28,37,119
28,39,283
28,40,321
28,41,36
28,42,345
28,46,360
28,48,353
28,50,89
28,51,397
28,52,346
28,55,41
28,57,53
28,59,181
28,60,353
28,63,184
28,64,400
28,67,110
28,68,315
28,76,314
28,77,324
28,82,264
28,85,246
28,86,363
28,87,357
28,89,393
28,94,53
28,104,323
28,109,269
28,117,258
28,119,194
28,123,66
28,124,16
28,128,372
28,129,161
28,135,75
28,137,294
28,138,112
28,146,183
28,148,351
28,149,246
28,150,225
28,152,322
28,155,365
28,158,163
28,159,145
28,161,114
28,167,236
28,169,299
28,187,239
28,188,79
28,195,214
28,198,131
29,1,147
29,2,2
29,5,233
29,6,190
29,7,45
29,14,39
29,16,24
29,17,7
29,18,383
29,19,34
29,20,145
29,21,125
29,23,239
29,24,333
29,26,195
29,27,351
29,28,111
29,30,59
29,31,75
29,33,334
29,34,183
29,37,150
29,42,132
29,43,42
29,44,302
29,45,323
29,46,368
29,47,101
29,48,223
29,50,142
29,51,164
29,53,120
29,54,293
29,55,329
29,56,161
29,60,245
29,61,113
29,62,202
29,65,26
29,66,352
29,67,73
29,68,273
29,69,200
29,71,115
29,72,368
29,74,129
29,75,38
29,77,68
29,79,352
29,83,394
29,88,127
29,90,202
29,92,117
29,97,120
29,98,236
29,99,367
29,103,115
29,115,337
29,119,338
29,122,152
29,123,344
29,127,19
29,128,226
29,132,273
29,133,280
29,135,335
29,143,136
29,146,103
29,147,308
29,148,44
29,150,33
29,155,235
29,158,21
29,161,64
29,163,269
29,180,72
29,182,132
29,183,94
29,192,58
29,195,382
30,3,166
30,4,312
30,5,131
30,7,93
30,8,51
30,10,369
30,11,156
30,12,157
30,13,29
30,14,114
30,15,343
30,16,224
30,18,27
30,20,329
30,21,242
30,22,253
30,23,277
30,24,169
30,26,40
30,29,59
30,31,209
30,35,189
30,36,124
30,37,94
30,39,75
30,40,231
30,41,379
30,42,277
30,45,34
30,47,122
30,48,267
30,49,314
30,50,394
30,52,329
30,53,55
30,59,38
30,61,234
30,64,73
30,69,164
30,70,61
30,72,9
30,73,66
30,76,380
30,78,194
30,79,40
30,88,240
30,89,378
30,97,182
30,100,392
30,101,23
30,102,310
30,111,156
30,114,122
30,117,118
30,120,69
30,125,300
30,126,178
30,130,243
30,132,322
30,136,386
30,137,185
30,141,10
30,148,145
30,150,25
30,156,155
30,157,281
30,158,45
30,168,68
30,170,11
30,176,330
30,181,312
30,182,251
30,185,176
30,186,164
30,189,167
30,190,331
31,1,187
31,3,187
31,4,88
31,5,238
31,6,9
31,7,198
31,8,164
31,10,41
31,16,257
31,17,247
31,18,383
31,21,72
31,22,78
31,23,186
31,24,124
31,25,397
31,29,75
31,30,209
31,32,220
31,37,173
31,40,39
31,41,32
31,43,384
31,45,74
31,46,17
31,47,202
31,48,175
31,49,97
31,51,284
31,53,371
31,55,379
31,56,28
31,60,372
31,61,135
31,64,128
31,66,298
31,67,35
31,72,294
31,73,291
31,74,335
31,76,209
31,77,135
31,78,273
31,79,168
31,80,322
31,85,361
31,86,202
31,91,23
31,99,339
31,100,140
31,103,243
31,109,21
31,112,309
31,113,206
31,115,10
31,117,17
31,118,321
31,119,237
31,121,257
31,124,138
31,129,195
31,132,83
31,138,259
31,145,107
31,147,227
31,152,69
31,154,276
31,155,45
31,156,31
31,173,109
31,175,348
31,191,38
31,193,254
31,195,270
31,196,172
31,198,246
31,199,104
32,1,332
32,2,385
32,3,86
32,4,229
32,9,210
32,10,290
32,11,50
32,12,38
32,15,246
32,16,3
32,18,169
32,19,83
32,21,25
32,23,117
32,24,26
32,25,43
32,26,235
32,28,99
32,31,220
32,33,218
32,34,126
32,35,292
32,36,222
32,37,198
32,38,135
32,41,154
32,42,6
32,44,321
32,45,156
32,46,217
32,48,338
32,49,112
32,50,38
32,52,137
32,53,165
32,55,369
32,58,311
32,60,176
32,63,31
32,65,370
32,69,77
32,73,6
32,75,109
32,76,75
32,79,388
32,87,106
32,88,391
32,89,328
32,90,235
32,94,289
32,95,292
32,98,21
32,100,297
32,103,113
32,106,74
32,107,248
32,111,314
32,113,112
32,114,229
32,115,247
32,119,16
32,123,175
32,126,93
32,132,174
32,136,74
32,137,38
32,139,119
32,141,70
32,149,219
32,154,178
32,156,194
32,157,285
32,158,25
32,166,315
32,176,129
32,182,198
32,187,382
32,196,356
32,197,71
33,1,391
33,2,205
33,4,266
33,5,7
33,6,387
33,9,310
33,10,116
33,14,12
33,15,105
33,18,127
33,19,5
33,20,344
33,22,83
33,23,249
33,24,136
33,25,240
33,26,69
33,27,72
33,29,334
33,32,218
33,34,14
33,35,165
33,36,92
33,37,137
33,39,186
33,41,150
33,42,228
33,43,176
33,45,33
33,46,139
33,47,378
33,48,100
33,49,132
33,50,150
33,51,356
33,52,327
33,53,184
33,55,99
33,56,271
33,58,213
33,59,287
33,61,43
33,63,194
33,65,160
33,68,59
33,70,230
33,72,394
33,74,376
33,76,373
33,77,272
33,78,384
33,80,276
33,81,36
33,82,81
33,83,68
33,87,144
33,96,23
33,99,15
33,100,158
33,104,88
33,107,306
33,108,316
33,109,50
33,113,21
33,116,1
33,118,382
33,120,276
33,124,304
33,128,61
33,130,196
33,134,283
33,138,69
33,144,71
33,147,12
33,148,22
33,151,144
33,152,176
33,153,239
33,154,209
33,155,375
33,156,138
33,161,310
33,165,190
33,167,65
33,176,169
33,178,157
33,183,4
33,188,309
33,194,116
34,1,364
34,2,176
34,3,67
34,4,134
34,5,49
34,9,195
34,10,66
34,11,187
34,12,373
34,13,101
34,16,329
34,17,164
34,18,39
34,20,381
34,21,397
34,22,224
34,24,31
34,28,193
34,29,183
34,32,126
34,33,14
34,36,186
34,37,19
34,41,154
34,43,362
34,44,213
34,45,212
34,46,264
34,47,148
34,50,321
34,51,183
34,53,116
34,54,314
34,55,126
34,56,145
34,62,351
34,63,177
34,64,298
34,67,136
34,70,11
34,71,120
34,72,54
34,75,341
34,76,183
34,80,67
34,81,142
34,82,290
34,83,167
34,84,20
34,85,40
34,90,29
34,92,37
34,93,319
34,103,14
34,106,179
34,107,269
34,108,22
34,109,391
34,110,316
34,114,90
34,117,110
34,121,216
34,125,289
34,127,27
34,148,227
34,152,382
34,153,177
34,154,247
34,159,392
34,178,144
34,182,106
34,194,190
34,195,210
34,197,167
34,199,120
34,200,136
35,3,224
35,4,340
35,5,169
35,6,208
35,7,66
35,8,5
35,9,77
35,10,284
35,12,160
35,13,208
35,16,84
35,17,5
35,20,117
35,21,354
35,22,226
35,23,259
35,24,357
35,30,189
35,32,292
35,33,165
35,36,184
35,38,208
35,39,294
35,41,29
35,42,343
35,46,149
35,47,346
35,48,80
35,49,154
35,51,318
35,52,356
35,53,311
35,54,85
35,56,301
35,57,268
35,58,156
35,60,341
35,62,67
35,63,361
35,64,308
35,66,200
35,67,314
35,71,121
35,72,123
35,73,282
35,74,193
35,75,49
35,77,150
35,79,176
35,80,114
35,81,34
35,84,113
35,85,105
35,86,358
35,88,369
35,91,85
35,92,397
35,94,383
35,96,338
35,99,367
35,100,75
35,101,317
35,102,312
35,104,210
35,116,22
35,117,36
35,118,291
35,119,170
35,122,149
35,123,378
35,124,322
35,133,150
35,141,298
35,142,137
35,146,66
35,151,204
35,157,112
35,158,39
35,159,198
35,164,384
35,166,368
35,168,196
35,172,295
35,175,271
35,181,51
35,185,129
35,191,173
35,193,304
35,194,338
35,196,32
36,1,125
36,2,17
36,4,21
36,5,371
36,6,56
36,7,54
36,12,321
36,13,231
36,14,396
36,15,187
36,21,333
36,25,400
36,26,85
36,27,301
36,30,124
36,32,222
36,33,92
36,34,186
36,35,184
36,37,233
36,38,132
36,43,37
36,44,20
36,45,277
36,46,313
36,47,305
36,48,10
36,50,267
36,51,239
36,52,28
36,54,7
36,55,68
36,58,355
36,59,82
36,60,285
36,61,233
36,63,335
36,64,390
36,65,363
36,67,59
36,68,26
36,70,123
36,72,68
36,74,285
36,77,297
36,79,195
36,80,267
36,82,82
36,83,29
36,84,182
36,86,232
36,89,210
36,92,193
36,100,72
36,107,86
36,110,111
36,112,385
36,115,346
36,122,149
36,123,38
36,127,38
36,128,263
36,131,347
36,135,40
36,138,321
36,139,335
36,142,52
36,144,158
36,149,17
36,151,51
36,153,100
36,157,101
36,158,345
36,169,353
36,170,229
36,171,82
36,176,364
36,179,346
36,180,100
36,182,368
36,183,356
36,193,351
36,195,56
37,1,395
37,3,345
37,5,336
37,6,177
37,8,67
37,11,227
37,13,84
37,15,31
37,16,180
37,17,188
37,18,166
37,19,278
37,21,46
37,22,200
37,24,315
37,25,85
37,27,283
37,28,119
37,29,150
37,30,94
37,31,173
37,32,198
37,33,137
37,34,19
37,36,233
37,38,30
37,39,228
37,42,183
37,43,357
37,44,54
37,45,29
37,46,224
37,47,88
37,48,124
37,50,268
37,51,383
37,52,231
37,53,151
37,54,90
37,55,39
37,56,78
37,58,199
37,60,239
37,63,185
37,64,382
37,65,81
37,68,141
37,69,108
37,70,37
37,74,126
37,76,230
37,78,303
37,79,213
37,80,275
37,81,16
37,82,4
37,83,316
37,84,264
37,85,148
37,87,31
37,91,219
37,94,243
37,99,201
37,104,197
37,106,339
37,108,233
37,109,236
37,117,24
37,118,68
37,120,149
37,121,392
37,124,51
37,128,298
37,135,193
37,136,286
37,141,78
37,145,357
37,147,32
37,150,394
37,162,25
37,172,235
37,174,181
37,176,227
37,179,24
37,180,373
37,181,387
37,185,187
37,186,60
37,195,219
37,199,335
38,1,196
38,3,75
38,4,223
38,5,90
38,6,142
38,7,36
38,9,376
38,11,341
38,12,400
38,13,63
38,15,67
38,16,381
38,19,327
38,23,364
38,24,372
38,26,258
38,32,135
38,35,208
38,36,132
38,37,30
38,39,148
38,41,76
38,43,72
38,45,357
38,46,112
38,47,336
38,48,147
38,49,334
38,50,80
38,52,329
38,55,248
38,57,9
38,58,107
38,59,301
38,60,125
38,61,327
38,62,323
38,63,286
38,64,55
38,66,285
38,69,165
38,70,58
38,74,166
38,75,263
38,80,141
38,81,272
38,82,124
38,84,192
38,87,230
38,88,158
38,89,20
38,91,292
38,93,128
38,96,56
38,97,111
38,100,312
38,104,210
38,105,274
38,110,209
38,111,263
38,123,148
38,128,68
38,129,32
38,130,323
38,131,176
38,133,361
38,134,169
38,137,163
38,142,171
38,143,199
38,147,39
38,150,11
38,152,152
38,153,317
38,155,22
38,157,69
38,164,155
38,166,20
38,168,80
38,173,95
38,175,104
38,176,344
38,181,244
38,183,26
38,186,158
38,191,342
38,192,56
38,198,86
38,200,75
39,1,367
39,2,130
39,3,107
39,4,164
39,5,227
39,6,170
39,9,234
39,11,223
39,13,337
39,15,92
39,16,148
39,17,318
39,19,29
39,20,78
39,23,293
39,24,158
39,25,274
39,27,336
39,28,283
39,30,75
39,33,186
39,35,294
39,37,228
39,38,148
39,40,214
39,41,10
39,42,266
39,44,360
39,45,32
39,47,396
39,48,52
39,49,393
39,50,281
39,52,61
39,53,94
39,56,212
39,58,150
39,59,347
39,64,69
39,66,165
39,68,251
39,69,79
39,70,177
39,71,310
39,72,308
39,73,374
39,77,143
39,78,9
39,80,245
39,83,51
39,87,169
39,88,225
39,89,166
39,91,210
39,93,28
39,94,35
39,98,58
39,104,246
39,105,349
39,106,102
39,107,282
39,114,289
39,119,100
39,120,114
39,122,378
39,123,53
39,127,331
39,130,162
39,134,74
39,135,163
39,136,98
39,141,368
39,142,4
39,143,382
39,147,89
39,148,270
39,149,220
39,153,134
39,160,145
39,161,305
39,163,256
39,166,259
39,175,215
39,177,399
39,198,289
39,200,302
40,1,164
40,3,212
40,4,100
40,5,270
40,6,15
40,8,29
40,9,10
40,10,136
40,11,314
40,12,302
40,16,245
40,17,36
40,18,105
40,19,79
40,20,257
40,21,394
40,23,209
40,24,71
40,25,8
40,26,246
40,27,246
40,28,321
40,30,231
40,31,39
40,39,214
40,41,393
40,45,55
40,46,152
40,48,75
40,50,124
40,51,203
40,55,143
40,56,26
40,57,116
40,58,8
40,60,304
40,61,339
40,62,15
40,63,119
40,64,312
40,65,196
40,66,145
40,70,246
40,74,399
40,75,337
40,77,117
40,79,244
40,84,210
40,86,182
40,90,104
40,94,131
40,99,167
40,104,266
40,106,318
40,107,343
40,112,80
40,114,208
40,116,172
40,120,143
40,121,292
40,124,201
40,130,394
40,132,120
40,136,154
40,141,146
40,142,174
40,143,197
40,154,184
40,155,89
40,158,150
40,160,113
40,163,381
40,168,135
40,169,181
40,175,108
40,178,92
40,180,395
40,186,314
40,188,342
40,198,274
40,199,306
41,2,200
41,3,233
41,5,31
41,6,294
41,10,389
41,11,106
41,12,198
41,16,218
41,17,254
41,18,305
41,20,99
41,22,60
41,23,112
41,24,125
41,25,237
41,26,215
41,27,161
41,28,36
41,30,379
41,31,32
41,32,154
41,33,150
41,34,154
41,35,29
41,38,76
41,39,10
41,40,393
41,42,32
41,43,334
41,45,108
41,46,241
41,47,58
41,50,59
41,52,31
41,55,129
41,57,13
41,59,54
41,62,162
41,63,100
41,64,155
41,66,90
41,68,200
41,69,366
41,71,318
41,72,318
41,73,255
41,74,244
41,77,164
41,80,295
41,87,241
41,93,191
41,94,208
41,95,280
41,96,198
41,97,334
41,99,69
41,102,138
41,108,26
41,114,88
41,117,5
41,118,105
41,124,326
41,126,185
41,128,6
41,131,345
41,136,271
41,137,120
41,138,226
41,139,299
41,141,183
41,145,304
41,151,193
41,154,11
41,155,15
41,156,9
41,159,53
41,164,397
41,170,384
41,180,258
41,186,57
41,193,376
42,1,397
42,2,213
42,3,81
42,4,22
42,6,158
42,8,164
42,11,217
42,12,264
42,13,138
42,14,315
42,15,236
42,17,400
42,20,360
42,22,286
42,25,204
42,27,395
42,28,345
42,29,132
42,30,277
42,32,6
42,33,228
42,35,343
42,37,183
42,39,266
42,41,32
42,45,267
42,47,234
42,48,320
42,49,347
42,51,351
42,52,62
42,54,285
42,58,89
42,59,179
42,60,169
42,62,259
42,63,204
42,65,80
42,66,72
42,67,273
42,73,205
42,75,95
42,79,130
42,81,226
42,82,325
42,86,282
42,88,114
42,90,185
42,92,296
42,93,39
42,95,1
42,97,57
42,98,29
42,100,143
42,103,156
42,107,251
42,109,93
42,110,169
42,111,355
42,112,109
42,113,329
42,116,222
42,117,268
42,121,230
42,126,121
42,127,223
42,128,360
42,130,18
42,132,297
42,133,235
42,142,32
42,148,108
42,154,118
42,155,119
42,158,254
42,161,44
42,165,174
42,172,255
42,179,185
42,186,35
42,187,279
42,188,115
42,193,321
43,4,200
43,7,324
43,10,36
43,12,118
43,13,39
43,14,127
43,15,256
43,16,172
43,17,241
43,18,131
43,19,240
43,21,33
43,24,32
43,25,229
43,26,175
43,27,338
43,29,42
43,31,384
43,33,176
43,34,362
43,36,37
43,37,357
43,38,72
43,41,334
43,44,91
43,45,64
43,48,98
43,49,275
43,52,306
43,53,236
43,55,181
43,56,333
43,57,382
43,58,96
43,60,335
43,64,176
43,65,30
43,66,302
43,69,199
43,71,324
43,73,69
43,75,53
43,76,213
43,80,275
43,81,290
43,83,51
43,89,385
43,90,211
43,91,162
43,94,395
43,95,71
43,97,390
43,101,70
43,111,318
43,113,74
43,114,164
43,115,311
43,117,314
43,123,265
43,124,132
43,132,90
43,135,304
43,139,135
43,140,125
43,142,29
43,143,100
43,145,37
43,150,286
43,155,143
43,158,49
43,159,295
43,164,167
43,167,384
43,172,239
43,177,257
43,181,376
43,194,83
43,195,21
43,197,309
43,200,390
44,1,397
44,2,161
44,3,281
44,4,127
44,5,380
44,7,145
44,8,295
44,10,23
44,11,308
44,12,73
44,15,111
44,18,151
44,19,234
44,20,283
44,21,382
44,22,85
44,23,93
44,24,59
44,26,344
44,27,213
44,29,302
44,32,321
44,34,213
44,36,20
44,37,54
44,39,360
44,43,91
44,45,31
44,46,298
44,47,307
44,48,203
44,50,396
44,52,113
44,53,399
44,56,59
44,57,153
44,58,393
44,60,221
44,62,60
44,63,108
44,66,311
44,67,59
44,69,212
44,72,223
44,73,368
44,74,171
44,78,104
44,82,290
44,88,142
44,90,170
44,92,2
44,93,110
44,94,384
44,95,257
44,97,73
44,100,261
44,103,213
44,104,28
44,105,57
44,108,27
44,109,122
44,110,276
44,112,130
44,118,66
44,122,207
44,127,145
44,130,153
44,132,285
44,134,281
44,136,208
44,139,85
44,142,343
44,150,213
44,151,164
44,152,173
44,153,145
44,159,308
44,164,79
44,165,229
44,170,314
44,174,19
44,177,280
44,180,345
44,181,67
44,183,262
44,197,125
44,200,33
45,1,165
45,2,36
45,4,174
45,6,19
45,7,146
45,8,142
45,12,184
45,13,354
45,15,360
45,17,278
45,18,282
45,20,198
45,21,275
45,24,296
45,25,311
45,26,238
45,29,323
45,30,34
45,31,74
45,32,156
45,33,33
45,34,212
45,36,277
45,37,29
45,38,357
45,39,32
45,40,55
45,41,108
45,42,267
45,43,64
45,44,31
45,46,16
45,47,292
45,48,79
45,49,242
45,50,200
45,51,216
45,54,73
45,59,348
45,60,332
45,61,27
45,62,371
45,63,174
45,64,344
45,65,384
45,66,53
45,68,177
45,69,307
45,74,376
45,76,11
45,78,88
45,84,259
45,87,251
45,91,61
45,93,300
45,104,217
45,107,44
45,108,284
45,111,182
45,113,30
45,116,225
45,120,225
45,122,287
45,123,384
45,125,254
45,126,254
45,128,248
45,129,270
45,130,322
45,133,254
45,136,352
45,139,148
45,141,181
45,142,232
45,144,388
45,147,74
45,154,39
45,158,112
45,159,15
45,160,358
45,161,125
45,165,167
45,166,146
45,169,102
45,175,75
45,180,142
45,184,96
45,185,325
45,186,85
45,194,224
45,195,334
45,199,90
46,1,369
46,3,264
46,4,127
46,5,320
46,6,387
46,7,256
46,8,100
46,9,115
46,10,208
46,11,372
46,12,91
46,13,260
46,16,109
46,17,205
46,18,317
46,19,103
46,24,36
46,26,277
46,27,166
46,28,360
46,29,368
46,31,17
46,32,217
46,33,139
46,34,264
46,35,149
46,36,313
46,37,224
46,38,112
46,40,152
46,41,241
46,44,298
46,45,16
46,47,253
46,48,272
46,49,72
46,50,218
46,52,81
46,54,278
46,58,120
46,60,143
46,62,208
46,64,79
46,68,303
46,70,66
46,71,28
46,72,61
46,74,105
46,76,350
46,78,97
46,79,351
46,81,179
46,82,7
46,83,386
46,86,327
46,92,351
46,93,386
46,94,353
46,95,226
46,97,275
46,100,356
46,101,88
46,105,24
46,108,144
46,109,377
46,112,254
46,113,36
46,116,224
46,117,63
46,122,294
46,126,300
46,128,64
46,131,98
46,133,250
46,134,229
46,143,214
46,145,92
46,146,377
46,151,203
46,155,147
46,158,235
46,161,47
46,162,323
46,164,44
46,166,163
46,168,75
46,170,35
46,174,131
46,178,380
46,184,124
46,197,166
47,5,253
47,6,374
47,7,117
47,8,115
47,12,303
47,13,297
47,14,242
47,18,319
47,20,53
47,21,22
47,23,21
47,24,98
47,25,113
47,26,92
47,29,101
47,30,122
47,31,202
47,33,378
47,34,148
47,35,346
47,36,305
47,37,88
47,38,336
47,39,396
47,41,58
47,42,234
47,44,307
47,45,292
47,46,253
47,48,40
47,49,51
47,50,47
47,51,360
47,53,100
47,54,41
47,55,14
47,58,151
47,62,59
47,63,320
47,64,31
47,66,192
47,69,185
47,70,333
47,72,204
47,74,238
47,78,355
47,85,74
47,90,286
47,92,290
47,94,56
47,96,111
47,97,48
47,98,154
47,99,247
47,103,40
47,104,31
47,114,163
47,115,265
47,116,365
47,122,103
47,125,64
47,127,169
47,132,130
47,134,374
47,136,376
47,152,129
47,153,273
47,154,117
47,157,395
47,158,386
47,171,52
47,174,321
47,179,181
47,181,245
47,182,25
47,191,5
47,196,106
48,4,211
48,5,102
48,6,228
48,7,165
48,8,169
48,11,318
48,12,323
48,14,338
48,16,63
48,17,163
48,18,224
48,19,47
48,21,199
48,22,59
48,25,296
48,26,141
48,28,353
48,29,223
48,30,267
48,31,175
48,32,338
48,33,100
48,35,80
48,36,10
48,37,124
48,38,147
48,39,52
48,40,75
48,42,320
48,43,98
48,44,203
48,45,79
48,46,272
48,47,40
48,50,321
48,52,210
48,54,356
48,55,41
48,56,12
48,57,245
48,58,385
48,59,230
48,61,177
48,62,9
48,63,136
48,64,20
48,65,306
48,69,248
48,71,313
48,72,322
48,73,132
48,77,47
48,78,228
48,79,306
48,80,15
48,81,361
48,82,190
48,83,357
48,84,356
48,85,193
48,86,183
48,87,7
48,89,24
48,91,317
48,92,106
48,93,287
48,98,398
48,102,170
48,106,22
48,110,126
48,111,285
48,112,25
48,115,43
48,116,26
48,127,400
48,139,78
48,151,136
48,155,202
48,160,252
48,162,392
