source,target,weight
1,2,176
1,3,352
1,4,279
1,5,383
1,6,191
1,7,74
1,9,50
1,10,182
1,14,273
1,15,201
1,17,210
1,19,254
1,20,310
1,26,340
1,31,75
1,38,394
1,39,146
1,42,24
1,44,237
1,46,291
1,47,382
1,52,352
1,53,231
1,65,208
1,88,140
1,97,264
1,99,232
1,104,166
1,129,315
1,161,398
1,173,82
1,197,174
2,1,176
2,3,54
2,6,154
2,7,392
2,11,182
2,12,365
2,15,42
2,16,8
2,19,390
2,21,5
2,22,64
2,24,105
2,25,208
2,31,235
2,43,49
2,54,237
2,59,303
2,63,158
2,85,374
2,91,302
2,101,148
2,124,389
2,135,63
2,138,30
2,152,105
2,153,264
3,1,352
3,2,54
3,4,33
3,5,303
3,8,123
3,9,260
3,10,133
3,12,68
3,14,102
3,15,180
3,17,4
3,18,46
3,21,18
3,23,262
3,28,323
3,32,120
3,37,270
3,45,87
3,49,362
3,50,344
3,52,245
3,53,59
3,55,114
3,59,242
3,64,392
3,70,194
3,80,61
3,99,203
3,101,74
3,116,125
3,118,50
3,119,299
3,123,175
3,125,31
3,143,307
3,148,20
3,162,339
4,1,279
4,3,33
4,5,144
4,6,70
4,8,234
4,9,124
4,10,341
4,12,127
4,13,248
4,14,367
4,15,141
4,16,152
4,18,383
4,22,9
4,24,237
4,27,124
4,31,116
4,33,288
4,35,218
4,37,178
4,40,88
4,45,223
4,57,313
4,78,239
4,80,193
4,88,119
4,90,277
4,93,113
4,103,281
4,109,320
4,111,347
4,132,80
4,143,393
4,150,285
4,179,361
4,180,399
4,199,35
5,1,383
5,3,303
5,4,144
5,6,99
5,7,130
5,8,131
5,9,83
5,10,276
5,11,329
5,13,265
5,15,44
5,16,151
5,17,61
5,19,333
5,22,166
5,23,73
5,24,91
5,25,40
5,27,331
5,32,21
5,34,162
5,37,113
5,41,322
5,43,194
5,58,254
5,64,112
5,67,299
5,71,311
5,72,341
5,84,111
5,105,239
5,112,372
5,140,48
5,151,66
5,157,286
6,1,191
6,2,154
6,4,70
6,5,99
6,7,134
6,8,376
6,9,42
6,11,38
6,12,38
6,13,340
6,14,213
6,15,190
6,19,76
6,21,247
6,22,97
6,26,363
6,29,357
6,33,392
6,34,159
6,35,181
6,38,374
6,56,343
6,58,143
6,76,133
6,82,335
6,84,213
6,104,240
6,120,267
6,137,260
6,145,182
6,175,182
6,200,290
7,1,74
7,2,392
7,5,130
7,6,134
7,8,78
7,9,341
7,10,5
7,11,368
7,12,342
7,13,57
7,14,39
7,18,217
7,20,72
7,22,369
7,23,50
7,24,105
7,27,176
7,28,146
7,36,73
7,37,109
7,38,182
7,39,102
7,40,379
7,42,355
7,47,44
7,48,244
7,58,107
7,60,364
7,62,45
7,63,155
7,65,39
7,73,123
7,76,275
7,77,203
7,115,289
7,124,213
7,125,77
7,152,89
8,3,123
8,4,234
8,5,131
8,6,376
8,7,78
8,9,330
8,10,381
8,11,191
8,12,332
8,15,257
8,17,196
8,19,372
8,20,272
8,22,46
8,24,348
8,25,134
8,26,268
8,29,19
8,35,171
8,36,215
8,42,98
8,45,139
8,50,166
8,56,354
8,57,331
8,61,72
8,63,241
8,66,362
8,83,43
8,96,87
8,97,62
8,105,35
8,106,237
8,119,371
8,121,341
8,125,229
8,151,44
8,153,295
8,162,231
8,166,302
8,187,375
9,1,50
9,3,260
9,4,124
9,5,83
9,6,42
9,7,341
9,8,330
9,11,355
9,12,216
9,14,326
9,16,355
9,18,301
9,19,215
9,21,186
9,26,278
9,28,244
9,31,152
9,32,61
9,36,374
9,42,293
9,49,124
9,51,244
9,54,125
9,74,245
9,76,323
9,86,165
9,88,292
9,95,228
9,98,6
9,102,281
9,110,332
9,113,92
9,122,154
9,139,262
9,142,218
9,146,26
9,147,54
9,151,95
9,162,306
9,171,381
10,1,182
10,3,133
10,4,341
10,5,276
10,7,5
10,8,381
10,11,223
10,13,141
10,14,238
10,15,10
10,16,217
10,17,369
10,18,380
10,19,307
10,20,94
10,21,331
10,23,128
10,24,60
10,27,321
10,30,247
10,32,254
10,33,182
10,34,3
10,35,365
10,38,363
10,41,18
10,45,202
10,48,347
10,66,246
10,69,385
10,74,39
10,75,89
10,90,149
10,91,249
10,107,40
10,114,208
10,123,15
10,135,262
10,136,114
10,163,32
10,168,264
10,198,118
11,2,182
11,5,329
11,6,38
11,7,368
11,8,191
11,9,355
11,10,223
11,12,109
11,13,55
11,14,249
11,15,310
11,17,192
11,19,396
11,20,172
11,21,132
11,24,70
11,26,127
11,27,199
11,31,315
11,32,35
11,34,72
11,35,31
11,37,352
11,40,318
11,41,44
11,45,384
11,54,191
11,64,148
11,77,126
11,86,146
11,91,108
11,117,238
11,123,68
11,159,237
11,165,342
11,172,240
11,200,226
12,2,365
12,3,68
12,4,127
12,6,38
12,7,342
12,8,332
12,9,216
12,11,109
12,14,363
12,16,316
12,17,240
12,22,64
12,26,39
12,29,365
12,33,99
12,37,316
12,39,345
12,40,163
12,43,116
12,44,15
12,49,253
12,52,301
12,57,113
12,60,288
12,67,323
12,87,152
12,97,355
12,108,10
12,111,319
12,121,302
12,136,351
12,154,94
12,179,305
13,4,248
13,5,265
13,6,340
13,7,57
13,10,141
13,11,55
13,14,235
13,16,139
13,17,18
13,23,94
13,25,361
13,27,64
13,28,370
13,29,239
13,43,138
13,45,331
13,50,159
13,52,398
13,55,193
13,61,211
13,62,201
13,78,373
13,79,250
13,81,8
13,83,301
13,90,333
13,95,360
13,106,235
13,112,119
13,134,208
13,146,68
13,162,115
13,192,372
14,1,273
14,3,102
14,4,367
14,6,213
14,7,39
14,9,326
14,10,238
14,11,249
14,12,363
14,13,235
14,16,307
14,17,368
14,21,375
14,23,221
14,24,318
14,27,237
14,28,357
14,34,21
14,36,341
14,40,96
14,41,264
14,42,331
14,46,126
14,50,367
14,53,97
14,55,139
14,61,391
14,65,59
14,84,338
14,86,376
14,87,364
14,98,361
14,153,349
14,166,33
14,170,294
14,191,259
15,1,201
15,2,42
15,3,180
15,4,141
15,5,44
15,6,190
15,8,257
15,10,10
15,11,310
15,18,234
15,20,89
15,30,268
15,36,36
15,38,269
15,42,58
15,43,176
15,53,6
15,56,237
15,58,109
15,62,149
15,67,153
15,71,312
15,75,159
15,87,300
15,88,135
15,92,175
15,102,162
15,108,46
15,112,80
15,118,72
15,126,259
15,129,300
15,132,53
15,147,373
15,163,313
15,190,192
16,2,8
16,4,152
16,5,151
16,9,355
16,10,217
16,12,316
16,13,139
16,14,307
16,18,176
16,20,125
16,23,148
16,24,86
16,27,111
16,28,169
16,30,46
16,33,22
16,35,335
16,47,156
16,50,196
16,51,396
16,55,356
16,59,254
16,60,308
16,64,289
16,73,35
16,74,25
16,75,101
16,83,279
16,90,86
16,92,121
16,103,298
16,138,12
16,160,93
16,185,56
16,194,126
16,195,250
16,196,130
17,1,210
17,3,4
17,5,61
17,8,196
17,10,369
17,11,192
17,12,240
17,13,18
17,14,368
17,19,56
17,23,98
17,24,100
17,25,177
17,27,102
17,28,378
17,30,204
17,32,199
17,43,256
17,46,226
17,53,142
17,54,92
17,57,339
17,58,64
17,59,337
17,62,346
17,64,396
17,66,29
17,79,32
17,80,329
17,100,192
17,101,140
17,132,134
17,133,278
17,149,294
17,153,368
17,154,259
17,158,115
17,183,125
17,189,194
18,3,46
18,4,383
18,7,217
18,9,301
18,10,380
18,15,234
18,16,176
18,19,302
18,21,63
18,23,109
18,25,70
18,29,138
18,33,9
18,50,377
18,51,116
18,59,368
18,61,186
18,68,81
18,71,346
18,80,348
18,95,45
18,97,152
18,100,196
18,107,381
18,115,175
18,117,300
18,130,267
18,131,356
18,142,385
18,154,231
18,161,53
18,167,247
18,182,275
18,185,52
19,1,254
19,2,390
19,5,333
19,6,76
19,8,372
19,9,215
19,10,307
19,11,396
19,17,56
19,18,302
19,20,87
19,22,223
19,30,160
19,32,316
19,36,387
19,40,68
19,49,383
19,57,381
19,59,363
19,60,21
19,67,246
19,72,99
19,87,325
19,89,237
19,108,310
19,111,67
19,115,325
19,122,367
19,126,302
19,140,317
19,156,380
19,189,164
20,1,310
20,7,72
20,8,272
20,10,94
20,11,172
20,15,89
20,16,125
20,19,87
20,21,317
20,24,116
20,25,55
20,27,248
20,29,128
20,30,235
20,32,311
20,33,124
20,34,92
20,38,3
20,39,219
20,47,212
20,48,56
20,49,180
20,51,159
20,53,89
20,58,188
20,63,249
20,67,358
20,85,157
20,90,281
20,94,111
20,118,199
20,127,279
20,131,374
20,136,182
20,139,240
20,152,130
20,165,180
20,170,286
20,179,32
21,2,5
21,3,18
21,6,247
21,9,186
21,10,331
21,11,132
21,14,375
21,18,63
21,20,317
21,26,62
21,30,299
21,33,378
21,36,170
21,37,364
21,38,9
21,39,261
21,41,245
21,46,361
21,48,168
21,55,361
21,57,171
21,63,362
21,64,3
21,67,304
21,70,389
21,72,209
21,79,271
21,81,109
21,84,21
21,97,57
21,118,108
21,121,26
21,133,166
21,142,151
21,170,72
21,184,154
21,196,178
22,2,64
22,4,9
22,5,166
22,6,97
22,7,369
22,8,46
22,12,64
22,19,223
22,23,2
22,27,104
22,29,139
22,32,378
22,35,135
22,45,272
22,47,69
22,49,305
22,50,325
22,54,322
22,61,164
22,69,370
22,70,205
22,77,265
22,78,140
22,79,329
22,85,341
22,93,120
22,95,166
22,105,373
22,118,176
22,124,138
22,126,385
22,160,352
23,3,262
23,5,73
23,7,50
23,10,128
23,13,94
23,14,221
23,16,148
23,17,98
23,18,109
23,22,2
23,25,93
23,29,265
23,33,310
23,36,295
23,37,136
23,39,138
23,44,295
23,49,21
23,52,296
23,56,376
23,87,328
23,98,18
23,102,263
23,116,344
23,117,176
23,126,297
23,136,47
23,138,324
23,141,79
23,142,267
23,154,352
23,158,133
23,160,379
23,166,168
23,174,320
23,186,113
24,2,105
24,4,237
24,5,91
24,7,105
24,8,348
24,10,60
24,11,70
24,14,318
24,16,86
24,17,100
24,20,116
24,28,196
24,29,297
24,31,376
24,36,138
24,39,85
24,40,14
24,44,378
24,54,148
24,65,38
24,66,282
24,68,94
24,75,36
24,81,122
24,85,238
24,86,318
24,94,368
24,112,318
24,115,199
24,119,139
24,125,23
24,127,39
24,128,121
24,131,119
24,143,276
24,148,196
24,154,77
24,166,327
24,170,327
24,186,327
25,2,208
25,5,40
25,8,134
25,13,361
25,17,177
25,18,70
25,20,55
25,23,93
25,26,54
25,28,326
25,29,114
25,31,296
25,46,337
25,51,47
25,52,172
25,53,365
25,61,224
25,66,133
25,68,338
25,70,263
25,74,324
25,76,111
25,77,393
25,80,9
25,84,191
25,91,228
25,94,151
25,96,252
25,98,229
25,105,169
25,107,399
25,108,295
25,124,377
25,128,326
25,131,212
25,133,314
25,135,198
25,169,173
25,182,222
26,1,340
26,6,363
26,8,268
26,9,278
26,11,127
26,12,39
26,21,62
26,25,54
26,28,6
26,29,290
26,32,229
26,34,308
26,38,21
26,43,149
26,44,372
26,47,69
26,48,381
26,49,322
26,57,378
26,63,236
26,66,214
26,67,185
26,77,68
26,84,238
26,93,212
26,112,363
26,114,355
26,123,313
26,143,72
26,155,178
26,171,38
26,186,63
27,4,124
27,5,331
27,7,176
27,10,321
27,11,199
27,13,64
27,14,237
27,16,111
27,17,102
27,20,248
27,22,104
27,30,210
27,32,36
27,35,192
27,40,321
27,44,283
27,45,124
27,55,89
27,60,192
27,61,99
27,68,142
27,79,178
27,80,353
27,85,83
27,87,52
27,97,94
27,100,202
27,102,36
27,103,223
27,109,383
27,111,371
27,113,340
27,168,396
27,199,2
27,200,203
28,3,323
28,7,146
28,9,244
28,13,370
28,14,357
28,16,169
28,17,378
28,24,196
28,25,326
28,26,6
28,31,330
28,35,164
28,36,180
28,37,42
28,42,152
28,46,379
28,48,288
28,50,148
28,56,368
28,60,201
28,63,164
28,65,285
28,69,83
28,70,242
28,77,255
28,86,177
28,89,325
28,95,50
28,104,135
28,109,20
28,133,73
28,134,218
28,156,268
28,173,328
29,6,357
29,8,19
29,12,365
29,13,239
29,18,138
29,20,128
29,22,139
29,23,265
29,24,297
29,25,114
29,26,290
29,30,192
29,32,9
29,33,114
29,34,38
29,36,386
29,38,301
29,41,252
29,44,209
29,45,54
29,51,288
29,59,216
29,68,181
29,74,160
29,78,334
29,81,101
29,97,372
29,102,152
29,127,347
29,137,17
29,155,327
29,184,301
29,186,212
30,10,247
30,15,268
30,16,46
30,17,204
30,19,160
30,20,235
30,21,299
30,27,210
30,29,192
30,31,356
30,37,374
30,38,266
30,39,120
30,40,211
30,46,208
30,47,393
30,53,233
30,54,335
30,57,296
30,58,383
30,69,182
30,82,4
30,103,284
30,107,380
30,113,381
30,139,309
30,149,22
30,151,13
30,199,359
31,1,75
31,2,235
31,4,116
31,9,152
31,11,315
31,24,376
31,25,296
31,28,330
31,30,356
31,33,254
31,34,324
31,39,115
31,41,161
31,42,388
31,47,43
31,48,158
31,51,364
31,56,344
31,58,83
31,60,338
31,65,133
31,75,195
31,80,108
31,86,270
31,90,50
31,93,371
31,99,133
31,105,256
31,108,32
31,133,218
31,144,298
31,146,259
31,157,260
31,158,275
31,175,74
32,3,120
32,5,21
32,9,61
32,10,254
32,11,35
32,17,199
32,19,316
32,20,311
32,22,378
32,26,229
32,27,36
32,29,9
32,33,91
32,34,281
32,35,261
32,42,195
32,43,352
32,44,316
32,47,149
32,59,183
32,62,287
32,64,106
32,76,20
32,77,165
32,79,135
32,90,394
32,98,226
32,100,211
32,106,331
32,114,388
32,144,248
32,145,300
32,150,40
32,165,291
32,166,116
32,169,244
32,170,51
32,176,168
32,183,9
33,4,288
33,6,392
33,10,182
33,12,99
33,16,22
33,18,9
33,20,124
33,21,378
33,23,310
33,29,114
33,31,254
33,32,91
33,35,334
33,46,261
33,47,21
33,48,169
33,50,348
33,59,248
33,60,81
33,65,66
33,70,312
33,84,71
33,85,117
33,99,392
33,100,366
33,101,83
33,103,367
33,104,379
33,106,124
33,120,88
33,148,38
33,168,283
33,171,332
33,174,171
33,175,288
33,180,224
34,5,162
34,6,159
34,10,3
34,11,72
34,14,21
34,20,92
34,26,308
34,29,38
34,31,324
34,32,281
34,41,385
34,50,43
34,51,341
34,52,44
34,59,279
34,60,164
34,71,380
34,72,239
34,103,96
34,136,17
34,151,383
34,162,25
34,170,345
34,175,51
34,177,109
35,4,218
35,6,181
35,8,171
35,10,365
35,11,31
35,16,335
35,22,135
35,27,192
35,28,164
35,32,261
35,33,334
35,38,191
35,40,331
35,41,22
35,43,215
35,44,327
35,50,216
35,56,35
35,66,181
35,73,246
35,89,80
35,93,150
35,117,184
35,122,396
35,141,260
35,157,203
35,158,36
35,163,289
35,174,228
36,7,73
36,8,215
36,9,374
36,14,341
36,15,36
36,19,387
36,21,170
36,23,295
36,24,138
36,28,180
36,29,386
36,40,40
36,43,181
36,44,201
36,45,148
36,81,56
36,90,19
36,130,194
36,191,244
37,3,270
37,4,178
37,5,113
37,7,109
37,11,352
37,12,316
37,21,364
37,23,136
37,28,42
37,30,374
37,38,213
37,39,28
37,47,126
37,55,149
37,68,235
37,72,314
37,74,37
37,82,400
37,86,23
37,92,331
37,98,156
37,104,223
37,108,9
37,155,148
37,158,303
37,182,233
37,183,331
37,195,8
38,1,394
38,6,374
38,7,182
38,10,363
38,15,269
38,20,3
38,21,9
38,26,21
38,29,301
38,30,266
38,35,191
38,37,213
38,45,22
38,48,272
38,57,292
38,62,300
38,64,102
38,82,44
38,89,194
38,92,16
38,97,316
38,110,287
38,133,375
38,145,67
38,148,300
38,160,125
38,180,57
38,185,38
38,191,264
39,1,146
39,7,102
39,12,345
39,20,219
39,21,261
39,23,138
39,24,85
39,30,120
39,31,115
39,37,28
39,41,371
39,46,308
39,48,63
39,49,11
39,58,367
39,59,312
39,62,70
39,72,47
39,80,182
39,84,144
39,122,367
39,129,246
39,136,384
39,138,103
39,139,135
39,167,212
39,186,197
39,194,349
39,198,300
40,4,88
40,7,379
40,11,318
40,12,163
40,14,96
40,19,68
40,24,14
40,27,321
40,30,211
40,35,331
40,36,40
40,43,62
40,44,294
40,57,112
40,62,348
40,63,278
40,69,88
40,71,371
40,82,375
40,112,319
40,166,94
40,181,72
41,5,322
41,10,18
41,11,44
41,14,264
41,21,245
41,29,252
41,31,161
41,34,385
41,35,22
41,39,371
41,43,96
41,46,341
41,48,354
41,51,66
41,60,184
41,61,382
41,73,79
41,80,70
41,81,123
41,95,119
41,96,30
41,98,395
41,99,89
41,125,275
41,137,342
41,139,83
41,151,392
41,188,237
42,1,24
42,7,355
42,8,98
42,9,293
42,14,331
42,15,58
42,28,152
42,31,388
42,32,195
42,44,256
42,49,298
42,65,338
42,67,53
42,81,9
42,82,271
42,87,205
42,97,177
42,129,329
42,138,245
42,140,22
42,151,17
42,159,92
42,171,324
42,176,63
43,2,49
43,5,194
43,12,116
43,13,138
43,15,176
43,17,256
43,26,149
43,32,352
43,35,215
43,36,181
43,40,62
43,41,96
43,45,111
43,56,388
43,75,97
43,94,351
43,118,179
43,123,230
43,135,383
43,162,259
43,178,341
43,191,229
43,200,299
44,1,237
44,12,15
44,23,295
44,24,378
44,26,372
44,27,283
44,29,209
44,32,316
44,35,327
44,36,201
44,40,294
44,42,256
44,53,335
44,54,334
44,61,295
44,62,191
44,70,81
44,75,105
44,78,269
44,82,53
44,86,271
44,94,24
44,107,335
44,113,162
44,123,133
44,134,141
44,141,202
44,146,240
44,162,391
44,174,50
44,179,176
45,3,87
45,4,223
45,8,139
45,10,202
45,11,384
45,13,331
45,22,272
45,27,124
45,29,54
45,36,148
45,38,22
45,43,111
45,53,265
45,56,35
45,63,190
45,64,252
45,74,54
45,77,133
45,82,204
45,93,370
45,96,16
45,154,374
45,157,24
45,173,400
45,176,105
45,189,145
45,193,107
45,199,313
46,1,291
46,14,126
46,17,226
46,21,361
46,25,337
46,28,379
46,30,208
46,33,261
46,39,308
46,41,341
46,47,386
46,52,176
46,55,220
46,61,78
46,62,76
46,63,109
46,75,69
46,92,298
46,99,139
46,128,85
46,139,27
46,149,272
46,157,293
46,190,50
47,1,382
47,7,44
47,16,156
47,20,212
47,22,69
47,26,69
47,30,393
47,31,43
47,32,149
47,33,21
47,37,126
47,46,386
47,49,15
47,51,357
47,66,309
47,67,65
47,78,216
47,87,118
47,88,330
47,95,267
47,110,56
47,128,217
47,147,287
47,167,129
47,179,381
48,7,244
48,10,347
48,20,56
48,21,168
48,26,381
48,28,288
48,31,158
48,33,169
48,38,272
48,39,63
48,41,354
48,56,322
48,70,168
48,78,309
48,80,289
48,85,239
48,87,224
48,90,371
48,99,55
48,106,126
48,114,72
48,116,14
48,127,21
48,128,356
48,137,379
48,148,116
48,149,120
48,150,265
48,162,273
48,163,17
48,194,253
49,3,362
49,9,124
49,12,253
49,19,383
49,20,180
49,22,305
49,23,21
49,26,322
49,39,11
49,42,298
49,47,15
49,53,102
49,54,229
49,56,182
49,57,204
49,73,106
49,96,222
49,100,140
49,101,267
49,105,59
49,132,265
49,133,93
49,183,311
49,184,160
50,3,344
50,8,166
50,13,159
50,14,367
50,16,196
50,18,377
50,22,325
50,28,148
50,33,348
50,34,43
50,35,216
50,60,117
50,66,15
50,73,92
50,77,171
50,90,89
50,94,317
50,96,219
50,98,41
50,107,49
50,109,158
50,114,220
50,117,392
50,129,242
50,143,341
50,173,317
51,9,244
51,16,396
51,18,116
51,20,159
51,25,47
51,29,288
51,31,364
51,34,341
51,41,66
51,47,357
51,54,10
51,55,67
51,60,264
51,70,136
51,75,146
51,79,6
51,83,57
51,84,231
51,89,228
51,91,245
51,101,362
51,107,174
51,113,16
51,115,96
51,133,91
51,136,368
51,159,103
51,169,181
52,1,352
52,3,245
52,12,301
52,13,398
52,23,296
52,25,172
52,34,44
52,46,176
52,53,277
52,58,208
52,68,170
52,69,237
52,85,289
52,94,236
52,110,128
52,116,186
52,120,217
52,134,328
52,137,83
52,166,58
52,199,116
53,1,231
53,3,59
53,14,97
53,15,6
53,17,142
53,20,89
53,25,365
53,30,233
53,44,335
53,45,265
53,49,102
53,52,277
53,69,11
53,73,352
53,74,214
53,101,390
53,104,160
53,118,93
53,122,345
53,127,205
53,131,384
53,134,162
53,150,39
53,159,219
53,164,326
53,167,283
53,178,371
54,2,237
54,9,125
54,11,191
54,17,92
54,22,322
54,24,148
54,30,335
54,44,334
54,49,229
54,51,10
54,55,275
54,59,270
54,65,305
54,70,97
54,76,113
54,79,229
54,109,379
54,117,48
54,150,124
54,183,75
54,192,161
55,3,114
55,13,193
55,14,139
55,16,356
55,21,361
55,27,89
55,37,149
55,46,220
55,51,67
55,54,275
55,58,176
55,61,76
55,62,289
55,66,254
55,69,278
55,89,231
55,91,338
55,96,397
55,105,334
55,115,305
55,120,362
55,121,306
55,124,259
55,125,177
55,136,368
55,169,210
55,172,352
55,190,390
55,197,103
55,199,347
56,6,343
56,8,354
56,15,237
56,23,376
56,28,368
56,31,344
56,35,35
56,43,388
56,45,35
56,48,322
56,49,182
56,63,377
56,76,393
56,79,298
56,82,167
56,85,341
56,100,272
56,108,213
56,121,72
56,127,215
56,135,121
56,139,321
56,140,64
56,142,38
56,144,260
57,4,313
57,8,331
57,12,113
57,17,339
57,19,381
57,21,171
57,26,378
57,30,296
57,38,292
57,40,112
57,49,204
57,63,33
57,68,208
57,69,361
57,71,267
57,89,238
57,95,76
57,116,275
57,118,352
57,123,334
57,134,157
57,138,82
57,149,351
57,152,183
57,160,225
57,161,15
57,163,238
57,185,50
57,193,48
58,5,254
58,6,143
58,7,107
58,15,109
58,17,64
58,20,188
58,30,383
58,31,83
58,39,367
58,52,208
58,55,176
58,65,228
58,68,306
58,76,343
58,103,203
58,106,11
58,111,324
58,125,224
58,140,11
58,143,384
58,162,40
58,165,192
58,167,179
58,182,61
58,198,18
59,2,303
59,3,242
59,16,254
59,17,337
59,18,368
59,19,363
59,29,216
59,32,183
59,33,248
59,34,279
59,39,312
59,54,270
59,75,251
59,80,257
59,89,18
59,93,119
59,117,200
59,120,73
59,127,298
59,170,128
59,185,97
59,192,114
60,7,364
60,12,288
60,16,308
60,19,21
60,27,192
60,28,201
60,31,338
60,33,81
60,34,164
60,41,184
60,50,117
60,51,264
60,61,169
60,68,10
60,69,373
60,74,243
60,75,258
60,76,365
60,89,291
60,96,152
60,134,102
60,141,57
60,146,80
60,149,30
60,153,358
60,187,227
61,8,72
61,13,211
61,14,391
61,18,186
61,22,164
61,25,224
61,27,99
61,41,382
61,44,295
61,46,78
61,55,76
61,60,169
61,65,72
61,71,376
61,72,275
61,78,397
61,83,275
61,93,283
61,94,129
61,99,17
61,105,261
61,110,137
61,135,46
61,146,48
61,184,134
61,196,369
62,7,45
62,13,201
62,15,149
62,17,346
62,32,287
62,38,300
62,39,70
62,40,348
62,44,191
62,46,76
62,55,289
62,64,144
62,71,277
62,73,356
62,74,64
62,81,371
62,83,91
62,92,51
62,110,75
62,116,2
62,119,44
62,124,340
62,126,234
62,133,176
62,147,335
62,159,294
62,160,25
62,169,197
63,2,158
63,7,155
63,8,241
63,20,249
63,21,362
63,26,236
63,28,164
63,40,278
63,45,190
63,46,109
63,56,377
63,57,33
63,70,350
63,72,17
63,76,139
63,81,62
63,83,360
63,86,172
63,88,242
63,102,19
63,109,303
63,118,176
63,168,395
63,173,82
63,175,392
63,187,122
63,188,385
64,3,392
64,5,112
64,11,148
64,16,289
64,17,396
64,21,3
64,32,106
64,38,102
64,45,252
64,62,144
64,66,15
64,71,280
64,79,335
64,83,400
64,84,305
64,115,90
64,147,178
64,164,75
64,172,68
65,1,208
65,7,39
65,14,59
65,24,38
65,28,285
65,31,133
65,33,66
65,42,338
65,54,305
65,58,228
65,61,72
65,67,301
65,71,43
65,74,302
65,82,108
65,87,375
65,126,256
65,152,224
65,163,79
65,171,280
65,175,245
65,194,17
66,8,362
66,10,246
66,17,29
66,24,282
66,25,133
66,26,214
66,35,181
66,47,309
66,50,15
66,55,254
66,64,15
66,67,190
66,69,162
66,72,292
66,73,318
66,79,311
66,84,76
66,91,251
66,101,278
66,103,239
66,109,383
66,146,302
66,168,127
66,179,291
66,183,69
66,195,310
66,196,375
67,5,299
67,12,323
67,15,153
67,19,246
67,20,358
67,21,304
67,26,185
67,42,53
67,47,65
67,65,301
67,66,190
67,68,167
67,69,223
67,71,190
67,76,196
67,79,4
67,88,189
67,92,151
67,94,10
67,95,134
67,107,213
67,120,123
67,176,164
67,182,323
67,197,10
68,18,81
68,24,94
68,25,338
68,27,142
68,29,181
68,37,235
68,52,170
68,57,208
68,58,306
68,60,10
68,67,167
68,73,280
68,75,294
68,84,364
68,91,243
68,93,201
68,96,289
68,97,232
68,101,40
68,102,254
68,120,255
68,130,365
68,137,21
68,138,186
68,140,294
68,156,313
68,164,238
68,166,153
68,200,277
69,10,385
69,22,370
69,28,83
69,30,182
69,40,88
69,52,237
69,53,11
69,55,278
69,57,361
69,60,373
69,66,162
69,67,223
69,70,314
69,71,140
69,73,130
69,85,245
69,90,198
69,94,364
69,104,122
69,111,388
69,143,160
69,166,394
69,167,311
69,175,263
69,195,82
69,198,237
70,3,194
70,21,389
70,22,205
70,25,263
70,28,242
70,33,312
70,44,81
70,48,168
70,51,136
70,54,97
70,63,350
70,69,314
70,80,327
70,81,15
70,104,352
70,106,305
70,107,187
70,112,325
70,114,4
70,119,227
70,120,366
70,121,320
70,168,163
70,190,42
71,5,311
71,15,312
71,18,346
71,34,380
71,40,371
71,57,267
71,61,376
71,62,277
71,64,280
71,65,43
71,67,190
71,69,140
71,85,17
71,86,30
71,88,336
71,96,107
71,110,389
71,114,386
71,119,252
71,122,86
71,168,77
71,169,83
71,173,61
71,179,353
72,5,341
72,19,99
72,21,209
72,34,239
72,37,314
72,39,47
72,61,275
72,63,17
72,66,292
72,81,396
72,83,127
72,88,313
72,92,384
72,93,286
72,94,69
72,98,331
72,99,378
72,108,22
72,109,55
72,113,128
72,125,358
72,137,163
72,156,156
72,167,357
72,169,155
73,7,123
73,16,35
73,35,246
73,41,79
73,49,106
73,50,92
73,53,352
73,62,356
73,66,318
73,68,280
73,69,130
73,83,198
73,85,158
73,87,132
73,92,26
73,93,40
73,106,167
73,115,255
73,126,200
73,136,111
73,139,394
73,141,21
73,179,368
73,200,269
74,9,245
74,10,39
74,16,25
74,25,324
74,29,160
74,37,37
74,45,54
74,53,214
74,60,243
74,62,64
74,65,302
74,89,2
74,91,182
74,102,235
74,122,382
74,148,89
74,157,295
74,172,269
74,173,234
74,192,139
74,193,354
75,10,89
75,15,159
75,16,101
75,24,36
75,31,195
75,43,97
75,44,105
75,46,69
75,51,146
75,59,251
75,60,258
75,68,294
75,81,204
75,86,52
75,107,382
75,112,228
75,116,194
75,129,396
75,132,112
75,145,183
75,167,34
76,6,133
76,7,275
76,9,323
76,25,111
76,32,20
76,54,113
76,56,393
76,58,343
76,60,365
76,63,139
76,67,196
76,77,89
76,83,390
76,110,300
76,121,39
76,124,172
76,141,145
76,145,355
76,155,48
76,174,154
76,178,72
76,179,153
77,7,203
77,11,126
77,22,265
77,25,393
77,26,68
77,28,255
77,32,165
77,45,133
77,50,171
77,76,89
77,82,191
77,89,159
77,113,172
77,123,229
77,138,147
77,159,250
77,177,233
77,178,54
77,186,236
78,4,239
78,13,373
78,22,140
78,29,334
78,44,269
78,47,216
78,48,309
78,61,397
78,89,132
78,92,242
78,100,187
78,102,191
78,108,77
78,122,14
78,124,4
78,138,248
78,148,20
78,173,117
78,188,122
78,191,398
79,13,250
79,17,32
79,21,271
79,22,329
79,27,178
79,32,135
79,51,6
79,54,229
79,56,298
79,64,335
79,66,311
79,67,4
79,88,87
79,104,87
79,133,199
79,137,290
79,171,313
79,191,286
79,194,277
79,200,186
80,3,61
80,4,193
80,17,329
80,18,348
80,25,9
80,27,353
80,31,108
80,39,182
80,41,70
80,48,289
80,59,257
80,70,327
80,93,87
80,98,125
80,119,43
80,129,167
80,155,339
80,178,335
80,181,154
80,182,393
81,13,8
81,21,109
81,24,122
81,29,101
81,36,56
81,41,123
81,42,9
81,62,371
81,63,62
81,70,15
81,72,396
81,75,204
81,98,267
81,102,340
81,111,214
81,133,341
81,156,151
81,159,178
81,160,58
81,166,13
81,176,305
81,182,1
81,187,198
82,6,335
82,30,4
82,37,400
82,38,44
82,40,375
82,42,271
82,44,53
82,45,204
82,56,167
82,65,108
82,77,191
82,91,184
82,100,93
82,111,136
82,117,9
82,120,123
82,125,398
82,133,50
82,142,383
82,144,129
83,8,43
83,13,301
83,16,279
83,51,57
83,61,275
83,62,91
83,63,360
83,64,400
83,72,127
83,73,198
83,76,390
83,97,38
83,113,57
83,116,233
83,117,36
83,129,64
83,137,6
83,155,89
83,190,149
84,5,111
84,6,213
84,14,338
84,21,21
84,25,191
84,26,238
84,33,71
84,39,144
84,51,231
84,64,305
84,66,76
84,68,364
84,92,122
84,107,308
84,113,332
84,115,233
84,128,374
84,140,235
84,148,261
85,2,374
85,20,157
85,22,341
85,24,238
85,27,83
85,33,117
85,48,239
85,52,289
85,56,341
85,69,245
85,71,17
85,73,158
85,119,352
85,132,236
85,140,42
85,150,361
85,163,172
85,199,20
86,9,165
86,11,146
86,14,376
86,24,318
86,28,177
86,31,270
86,37,23
86,44,271
86,63,172
86,71,30
86,75,52
86,102,59
86,104,390
86,106,189
86,109,98
86,110,9
86,128,264
86,135,325
86,161,63
86,186,204
86,189,211
86,198,198
87,12,152
87,14,364
87,15,300
87,19,325
87,23,328
87,27,52
87,42,205
87,47,118
87,48,224
87,65,375
87,73,132
87,98,233
87,137,239
87,145,159
87,154,246
87,156,176
87,175,17
87,182,164
87,185,102
87,193,56
88,1,140
88,4,119
88,9,292
88,15,135
88,47,330
88,63,242
88,67,189
88,71,336
88,72,313
88,79,87
88,101,108
88,118,385
88,138,350
88,149,382
88,165,168
88,176,78
89,19,237
89,28,325
89,35,80
89,38,194
89,51,228
89,55,231
89,57,238
89,59,18
89,60,291
89,74,2
89,77,159
89,78,132
89,97,360
89,103,96
89,106,325
89,108,160
89,120,23
89,131,298
89,140,399
89,153,93
89,167,171
89,187,276
89,198,297
90,4,277
90,10,149
90,13,333
90,16,86
90,20,281
90,31,50
90,32,394
90,36,19
90,48,371
90,50,89
90,69,198
90,94,139
90,95,122
90,105,53
90,119,118
90,132,75
90,165,132
90,173,359
90,182,210
90,196,278
91,2,302
91,10,249
91,11,108
91,25,228
91,51,245
91,55,338
91,66,251
91,68,243
91,74,182
91,82,184
91,103,75
91,123,337
91,130,41
91,146,209
91,150,394
92,15,175
92,16,121
92,37,331
92,38,16
92,46,298
92,62,51
92,67,151
92,72,384
92,73,26
92,78,242
92,84,122
92,99,4
92,111,285
92,117,222
92,128,16
92,144,149
92,159,128
92,190,279
93,4,113
93,22,120
93,26,212
93,31,371
93,35,150
93,45,370
93,59,119
93,61,283
93,68,201
93,72,286
93,73,40
93,80,87
93,96,250
93,100,226
93,108,83
93,111,59
93,119,41
93,142,302
93,149,95
93,164,269
93,171,106
93,177,44
93,180,229
94,20,111
94,24,368
94,25,151
94,43,351
94,44,24
94,50,317
94,52,236
94,61,129
94,67,10
94,69,364
94,72,69
94,90,139
94,100,92
94,106,163
94,113,335
94,114,366
94,120,62
94,130,199
94,152,272
94,161,127
94,170,151
94,187,182
95,9,228
95,13,360
95,18,45
95,22,166
95,28,50
95,41,119
95,47,267
95,57,76
95,67,134
95,90,122
95,100,220
95,109,79
95,115,155
95,116,15
95,128,7
95,129,349
95,131,200
95,144,31
95,191,76
96,8,87
96,25,252
96,41,30
96,45,16
96,49,222
96,50,219
96,55,397
96,60,152
96,68,289
96,71,107
96,93,250
96,101,383
96,112,222
96,118,275
96,122,330
96,124,194
96,126,362
96,130,12
96,132,161
96,141,337
96,145,158
96,163,135
96,184,141
96,187,240
96,197,196
97,1,264
97,8,62
97,12,355
97,18,152
97,21,57
97,27,94
97,29,372
97,38,316
97,42,177
97,68,232
97,83,38
97,89,360
97,99,29
97,104,13
97,105,347
97,109,36
97,114,315
97,136,148
97,139,236
97,147,143
97,148,15
97,185,51
97,197,161
98,9,6
98,14,361
98,23,18
98,25,229
98,32,226
98,37,156
98,41,395
98,50,41
98,72,331
98,80,125
98,81,267
98,87,233
98,101,210
98,121,20
98,129,233
98,132,230
98,138,400
98,157,300
98,181,384
98,200,29
99,1,232
99,3,203
99,31,133
99,33,392
99,41,89
99,46,139
99,48,55
99,61,17
99,72,378
99,92,4
99,97,29
99,114,100
99,130,4
99,131,105
99,143,56
99,151,53
99,194,373
99,198,186
100,17,192
100,18,196
100,27,202
100,32,211
100,33,366
100,49,140
100,56,272
100,78,187
100,82,93
100,93,226
100,94,92
100,95,220
100,103,56
100,104,87
100,111,269
100,112,295
100,115,93
100,122,26
100,134,239
100,137,334
100,158,43
100,163,173
100,175,134
100,196,65
101,2,148
101,3,74
101,17,140
101,33,83
101,49,267
101,51,362
101,53,390
101,66,278
101,68,40
101,88,108
101,96,383
101,98,210
101,103,11
101,122,363
101,141,253
101,176,148
101,184,78
101,185,65
101,197,138
102,9,281
102,15,162
102,23,263
102,27,36
102,29,152
102,63,19
102,68,254
102,74,235
102,78,191
102,81,340
102,86,59
102,106,258
102,110,102
102,117,32
102,119,134
102,122,52
102,138,138
102,143,172
102,152,249
102,185,368
102,189,148
103,4,281
103,16,298
103,27,223
103,30,284
103,33,367
103,34,96
103,58,203
103,66,239
103,89,96
103,91,75
103,100,56
103,101,11
103,132,293
103,150,131
103,171,198
103,180,317
103,188,140
104,1,166
104,6,240
104,28,135
104,33,379
104,37,223
104,53,160
104,69,122
104,70,352
104,79,87
104,86,390
104,97,13
104,100,87
104,126,189
104,136,70
104,144,64
104,197,143
105,5,239
105,8,35
105,22,373
105,25,169
105,31,256
105,49,59
105,55,334
105,61,261
105,90,53
105,97,347
105,116,69
105,121,162
105,126,363
105,127,81
105,149,394
105,157,310
105,159,273
105,164,353
105,167,263
105,184,104
106,8,237
106,13,235
106,32,331
106,33,124
106,48,126
106,58,11
106,70,305
106,73,167
106,86,189
106,89,325
106,94,163
106,102,258
106,114,166
106,129,92
106,130,28
106,143,211
106,153,31
106,159,217
106,182,372
106,191,143
107,10,40
107,18,381
107,25,399
107,30,380
107,44,335
107,50,49
107,51,174
107,67,213
107,70,187
107,75,382
107,84,308
107,112,4
107,127,136
107,129,151
107,147,106
107,151,199
107,174,206
107,180,126
107,186,88
107,190,185
107,193,308
108,12,10
108,15,46
108,19,310
108,25,295
108,31,32
108,37,9
108,56,213
108,72,22
108,78,77
108,89,160
108,93,83
108,167,269
108,169,282
108,171,353
109,4,320
109,27,383
109,28,20
109,50,158
109,54,379
109,63,303
109,66,383
109,72,55
109,86,98
109,95,79
109,97,36
109,110,86
109,121,357
109,144,173
109,181,98
109,183,125
110,9,332
110,38,287
110,47,56
110,52,128
110,61,137
110,62,75
110,71,389
110,76,300
110,86,9
110,102,102
110,109,86
110,117,290
110,119,361
110,134,335
110,145,118
110,146,200
110,147,362
110,177,262
111,4,347
111,12,319
111,19,67
111,27,371
111,58,324
111,69,388
111,81,214
111,82,136
111,92,285
111,93,59
111,100,269
111,114,222
111,134,50
111,155,113
111,161,3
111,172,230
112,5,372
112,13,119
112,15,80
112,24,318
112,26,363
112,40,319
112,70,325
112,75,228
112,96,222
112,100,295
112,107,4
112,113,29
112,128,266
112,137,41
112,142,7
112,152,355
112,168,390
112,185,312
112,190,144
113,9,92
113,27,340
113,30,381
113,44,162
113,51,16
113,72,128
113,77,172
113,83,57
113,84,332
113,94,335
113,112,29
113,120,364
113,128,171
113,135,136
113,147,244
113,151,229
113,165,206
113,171,248
113,172,318
113,177,17
114,10,208
114,26,355
114,32,388
114,48,72
114,50,220
114,70,4
114,71,386
114,94,366
114,97,315
114,99,100
114,106,166
114,111,222
114,118,154
114,135,269
114,140,13
114,159,303
114,177,31
114,183,390
115,7,289
115,18,175
115,19,325
115,24,199
115,51,96
115,55,305
115,64,90
115,73,255
115,84,233
115,95,155
115,100,93
115,116,147
115,123,295
115,126,261
115,157,320
115,172,334
115,179,74
115,192,185
115,194,399
115,200,143
116,3,125
116,23,344
116,48,14
116,52,186
116,57,275
116,62,2
116,75,194
116,83,233
116,95,15
116,105,69
116,115,147
116,136,79
116,144,196
116,161,336
117,11,238
117,18,300
117,23,176
117,35,184
117,50,392
117,54,48
117,59,200
117,82,9
117,83,36
117,92,222
117,102,32
117,110,290
117,155,212
117,164,100
117,170,286
117,199,387
118,3,50
118,15,72
118,20,199
118,21,108
118,22,176
118,43,179
118,53,93
118,57,352
118,63,176
118,88,385
118,96,275
118,114,154
118,121,22
118,124,54
118,161,191
118,168,143
118,183,77
118,188,371
119,3,299
119,8,371
119,24,139
119,62,44
119,70,227
119,71,252
119,80,43
119,85,352
119,90,118
119,93,41
119,102,134
119,110,361
119,130,67
119,141,281
119,149,32
119,153,361
119,169,283
119,194,235
119,195,48
120,6,267
120,33,88
120,52,217
120,55,362
120,59,73
120,67,123
120,68,255
120,70,366
120,82,123
120,89,23
120,94,62
120,113,364
120,124,71
120,127,310
120,164,2
120,177,33
120,188,174
121,8,341
121,12,302
121,21,26
121,55,306
121,56,72
121,70,320
121,76,39
121,98,20
121,105,162
121,109,357
121,118,22
121,125,46
121,127,226
121,158,374
121,174,72
121,175,282
121,183,119
122,9,154
122,19,367
122,35,396
122,39,367
122,53,345
122,71,86
122,74,382
122,78,14
122,96,330
122,100,26
122,101,363
122,102,52
122,123,273
122,142,89
122,147,332
122,163,131
122,196,181
122,200,303
123,3,175
123,10,15
123,11,68
123,26,313
123,43,230
123,44,133
123,57,334
123,77,229
123,91,337
123,115,295
123,122,273
123,128,139
123,134,250
123,142,266
123,147,142
123,173,10
123,174,54
123,175,138
123,176,255
123,191,308
124,2,389
124,7,213
124,22,138
124,25,377
124,55,259
124,62,340
124,76,172
124,78,4
124,96,194
124,118,54
124,120,71
124,158,400
124,177,44
124,180,399
124,181,195
124,199,123
125,3,31
125,7,77
125,8,229
125,24,23
125,41,275
125,55,177
125,58,224
125,72,358
125,82,398
125,121,46
125,126,355
125,132,315
125,141,150
125,150,115
125,153,173
125,154,77
125,155,63
125,174,154
125,191,47
126,15,259
126,19,302
126,22,385
126,23,297
126,62,234
126,65,256
126,73,200
126,96,362
126,104,189
126,105,363
126,115,261
126,125,355
126,131,36
126,135,328
126,140,203
126,145,287
126,169,318
126,181,239
126,186,109
127,20,279
127,24,39
127,29,347
127,48,21
127,53,205
127,56,215
127,59,298
127,105,81
127,107,136
127,120,310
127,121,226
127,131,83
127,135,189
127,139,361
127,161,149
127,180,287
127,197,235
128,24,121
128,25,326
128,46,85
128,47,217
128,48,356
128,84,374
128,86,264
128,92,16
128,95,7
128,112,266
128,113,171
128,123,139
128,130,37
128,141,324
128,152,95
128,155,396
128,158,171
128,178,72
128,190,9
128,196,24
129,1,315
129,15,300
129,39,246
129,42,329
129,50,242
129,75,396
129,80,167
129,83,64
129,95,349
129,98,233
129,106,92
129,107,151
129,149,131
129,157,92
129,162,394
129,171,324
129,179,359
129,192,395
130,18,267
130,36,194
130,68,365
130,91,41
130,94,199
130,96,12
130,99,4
130,106,28
130,119,67
130,128,37
130,131,73
130,132,329
130,140,353
130,146,9
130,164,63
130,186,168
130,188,214
130,190,154
131,18,356
131,20,374
131,24,119
131,25,212
131,53,384
131,89,298
131,95,200
131,99,105
131,126,36
131,127,83
131,130,73
131,144,318
131,150,334
131,157,361
131,161,340
131,187,18
131,188,130
132,4,80
132,15,53
132,17,134
132,49,265
132,75,112
132,85,236
132,90,75
132,96,161
132,98,230
132,103,293
132,125,315
132,130,329
132,152,144
132,156,46
132,193,188
132,198,377
132,199,329
133,17,278
133,21,166
133,25,314
133,28,73
133,31,218
133,38,375
133,49,93
133,51,91
133,62,176
133,79,199
133,81,341
133,82,50
133,141,79
133,157,101
133,166,297
133,181,55
133,189,178
134,13,208
134,28,218
134,44,141
134,52,328
134,53,162
134,57,157
134,60,102
134,100,239
134,110,335
134,111,50
134,123,250
134,151,29
134,175,87
134,187,202
134,199,289
135,2,63
135,10,262
135,25,198
135,43,383
135,56,121
135,61,46
135,86,325
135,113,136
135,114,269
135,126,328
135,127,189
135,147,89
135,148,106
135,159,265
135,160,313
135,176,237
136,10,114
136,12,351
136,20,182
136,23,47
136,34,17
136,39,384
136,51,368
136,55,368
136,73,111
136,97,148
136,104,70
136,116,79
136,148,306
136,158,180
136,163,336
136,168,150
136,189,29
136,194,384
137,6,260
137,29,17
137,41,342
137,48,379
137,52,83
137,68,21
137,72,163
137,79,290
137,83,6
137,87,239
137,100,334
137,112,41
137,139,9
137,142,16
137,146,308
137,168,286
138,2,30
138,16,12
138,23,324
138,39,103
138,42,245
138,57,82
138,68,186
138,77,147
138,78,248
138,88,350
138,98,400
138,102,138
138,156,353
138,179,167
139,9,262
139,20,240
139,30,309
139,39,135
139,41,83
139,46,27
139,56,321
139,73,394
139,97,236
139,127,361
139,137,9
139,154,46
139,162,232
139,180,268
139,190,36
140,5,48
140,19,317
140,42,22
140,56,64
140,58,11
140,68,294
140,84,235
140,85,42
140,89,399
140,114,13
140,126,203
140,130,353
140,142,30
140,148,336
140,154,119
140,161,322
140,165,47
140,172,159
140,178,260
140,183,156
140,184,360
140,189,41
141,23,79
141,35,260
141,44,202
141,60,57
141,73,21
141,76,145
141,96,337
141,101,253
141,119,281
141,125,150
141,128,324
141,133,79
141,150,387
141,165,267
141,172,71
141,186,325
141,192,112
141,200,253
142,9,218
142,18,385
142,21,151
142,23,267
142,56,38
142,82,383
142,93,302
142,112,7
142,122,89
142,123,266
142,137,16
142,140,30
142,160,151
143,3,307
143,4,393
143,24,276
143,26,72
143,50,341
143,58,384
143,69,160
143,99,56
143,102,172
143,106,211
143,145,308
143,160,238
143,180,106
144,31,298
144,32,248
144,56,260
144,82,129
144,92,149
144,95,31
144,104,64
144,109,173
144,116,196
144,131,318
144,155,374
144,172,227
144,193,346
144,194,105
145,6,182
145,32,300
145,38,67
145,75,183
145,76,355
145,87,159
145,96,158
145,110,118
145,126,287
145,143,308
145,152,181
145,170,225
145,191,307
146,9,26
146,13,68
146,31,259
146,44,240
146,60,80
146,61,48
146,66,302
146,91,209
146,110,200
146,130,9
146,137,308
146,149,382
146,156,83
146,178,210
146,198,35
147,9,54
147,15,373
147,47,287
147,62,335
147,64,178
147,97,143
147,107,106
147,110,362
147,113,244
147,122,332
147,123,142
147,135,89
147,164,381
147,169,21
147,181,140
148,3,20
148,24,196
148,33,38
148,38,300
148,48,116
148,74,89
148,78,20
148,84,261
148,97,15
148,135,106
148,136,306
148,140,336
148,164,365
148,170,169
148,172,5
148,176,356
148,177,77
148,187,226
149,17,294
149,30,22
149,46,272
149,48,120
149,57,351
149,60,30
149,88,382
149,93,95
149,105,394
149,119,32
149,129,131
149,146,382
149,153,2
149,169,188
150,4,285
150,32,40
150,48,265
150,53,39
150,54,124
150,85,361
150,91,394
150,103,131
150,125,115
150,131,334
150,141,387
150,151,95
150,156,313
150,182,22
150,189,175
150,192,379
151,5,66
151,8,44
151,9,95
151,30,13
151,34,383
151,41,392
151,42,17
151,99,53
151,107,199
151,113,229
151,134,29
151,150,95
151,152,191
151,158,280
151,174,288
152,2,105
152,7,89
152,20,130
152,57,183
152,65,224
152,94,272
152,102,249
152,112,355
152,128,95
152,132,144
152,145,181
152,151,191
152,153,47
152,154,4
152,160,61
152,167,337
152,172,122
152,190,31
153,2,264
153,8,295
153,14,349
153,17,368
153,60,358
153,89,93
153,106,31
153,119,361
153,125,173
153,149,2
153,152,47
153,154,360
154,12,94
154,17,259
154,18,231
154,23,352
154,24,77
154,45,374
154,87,246
154,125,77
154,139,46
154,140,119
154,152,4
154,153,360
154,162,391
154,165,268
154,173,293
154,181,152
154,195,395
155,26,178
155,29,327
155,37,148
155,76,48
155,80,339
155,83,89
155,111,113
155,117,212
155,125,63
155,128,396
155,144,374
155,170,110
155,184,278
155,197,30
156,19,380
156,28,268
156,68,313
156,72,156
156,81,151
156,87,176
156,132,46
156,138,353
156,146,83
156,150,313
156,158,219
156,182,35
156,191,109
157,5,286
157,31,260
157,35,203
157,45,24
157,46,293
157,74,295
157,98,300
157,105,310
157,115,320
157,129,92
157,131,361
157,133,101
157,176,255
158,17,115
158,23,133
158,31,275
158,35,36
158,37,303
158,100,43
158,121,374
158,124,400
158,128,171
158,136,180
158,151,280
158,156,219
158,163,256
158,166,128
158,193,92
159,11,237
159,42,92
159,51,103
159,53,219
159,62,294
159,77,250
159,81,178
159,92,128
159,105,273
159,106,217
159,114,303
159,135,265
159,160,178
159,188,351
159,189,46
160,16,93
160,22,352
160,23,379
160,38,125
160,57,225
160,62,25
160,81,58
160,135,313
160,142,151
160,143,238
160,152,61
160,159,178
160,164,397
160,178,183
160,181,170
161,1,398
161,18,53
161,57,15
161,86,63
161,94,127
161,111,3
161,116,336
161,118,191
161,127,149
161,131,340
161,140,322
162,3,339
162,8,231
162,9,306
162,13,115
162,34,25
162,43,259
162,44,391
162,48,273
162,58,40
162,129,394
162,139,232
162,154,391
162,164,66
162,173,127
163,10,32
163,15,313
163,35,289
163,48,17
163,57,238
163,65,79
163,85,172
163,96,135
163,100,173
163,122,131
163,136,336
163,158,256
163,171,174
163,174,184
163,185,139
164,53,326
164,64,75
164,68,238
164,93,269
164,105,353
164,117,100
164,120,2
164,130,63
164,147,381
164,148,365
164,160,397
164,162,66
164,178,150
165,11,342
165,20,180
165,32,291
165,58,192
165,88,168
165,90,132
165,113,206
165,140,47
165,141,267
165,154,268
166,8,302
166,14,33
166,23,168
166,24,327
166,32,116
166,40,94
166,52,58
166,68,153
166,69,394
166,81,13
166,133,297
166,158,128
166,178,369
166,184,339
166,195,138
166,199,258
167,18,247
167,39,212
167,47,129
167,53,283
167,58,179
167,69,311
167,72,357
167,75,34
167,89,171
167,105,263
167,108,269
167,152,337
167,193,367
168,10,264
168,27,396
168,33,283
168,63,395
168,66,127
168,70,163
168,71,77
168,112,390
168,118,143
168,136,150
168,137,286
168,188,130
168,193,193
168,198,335
169,25,173
169,32,244
169,51,181
169,55,210
169,62,197
169,71,83
169,72,155
169,108,282
169,119,283
169,126,318
169,147,21
169,149,188
169,185,31
169,192,292
170,14,294
170,20,286
170,21,72
170,24,327
170,32,51
170,34,345
170,59,128
170,94,151
170,117,286
170,145,225
170,148,169
170,155,110
170,192,337
171,9,381
171,26,38
171,33,332
171,42,324
171,65,280
171,79,313
171,93,106
171,103,198
171,108,353
171,113,248
171,129,324
171,163,174
171,177,148
171,195,49
171,200,316
172,11,240
172,55,352
172,64,68
172,74,269
172,111,230
172,113,318
172,115,334
172,140,159
172,141,71
172,144,227
172,148,5
172,152,122
172,181,370
172,186,64
173,1,82
