source,target,weight
1,2,354
1,3,192
1,4,194
1,5,19
1,6,355
1,7,159
1,9,38
1,11,69
1,12,300
1,13,261
1,15,350
1,16,228
1,17,348
1,18,342
1,21,343
1,24,301
1,26,252
1,27,68
1,28,40
1,30,322
1,31,371
1,32,289
1,33,278
1,36,84
1,37,164
1,38,169
1,39,132
1,40,144
1,41,48
1,46,145
1,49,95
1,50,37
1,51,379
1,52,205
1,53,389
1,55,24
1,56,238
1,57,223
1,58,312
1,59,133
1,62,97
1,63,71
1,65,329
1,66,186
1,67,25
1,70,161
1,71,2
1,72,5
1,73,193
1,75,63
1,76,238
1,77,182
1,80,83
1,81,384
1,82,249
1,84,386
1,85,345
1,91,69
1,95,170
1,98,5
1,102,131
1,107,295
1,108,388
1,109,156
1,112,334
1,114,77
1,115,170
1,117,276
1,118,42
1,121,345
1,128,241
1,135,192
1,138,328
1,142,241
1,144,389
1,148,38
1,149,316
1,150,158
1,151,394
1,154,113
1,159,57
1,160,38
1,163,271
1,168,382
1,170,309
1,172,55
1,177,343
1,178,35
1,179,26
1,183,59
1,185,130
1,192,195
1,193,21
1,195,70
1,196,227
1,198,159
1,200,230
2,1,354
2,3,207
2,5,333
2,6,12
2,7,18
2,10,362
2,12,236
2,14,365
2,15,298
2,16,196
2,18,317
2,20,130
2,21,229
2,22,82
2,24,267
2,25,42
2,26,44
2,28,100
2,29,188
2,30,244
2,31,364
2,32,116
2,33,311
2,34,385
2,36,160
2,37,145
2,38,233
2,39,333
2,40,21
2,42,175
2,46,43
2,48,15
2,49,153
2,50,351
2,52,151
2,53,168
2,54,212
2,55,49
2,60,332
2,62,325
2,64,35
2,65,315
2,67,83
2,69,231
2,71,86
2,72,93
2,75,15
2,77,79
2,81,7
2,83,267
2,85,233
2,88,160
2,89,143
2,93,257
2,94,84
2,101,209
2,103,347
2,110,274
2,112,59
2,114,75
2,115,348
2,116,134
2,120,261
2,123,149
2,130,361
2,132,9
2,135,313
2,139,101
2,140,244
2,141,71
2,143,380
2,145,306
2,148,389
2,153,390
2,168,255
2,171,295
2,173,218
2,174,167
2,178,116
2,185,21
2,186,208
2,187,254
2,189,213
2,191,52
2,193,26
2,196,276
2,198,65
3,1,192
3,2,207
3,4,45
3,5,249
3,6,350
3,9,109
3,11,242
3,12,121
3,13,152
3,14,160
3,15,160
3,16,377
3,18,259
3,19,382
3,22,236
3,23,227
3,24,304
3,25,202
3,26,224
3,28,152
3,31,400
3,32,152
3,33,69
3,34,143
3,35,342
3,38,159
3,39,61
3,40,270
3,41,182
3,42,256
3,43,270
3,44,228
3,46,63
3,48,246
3,49,102
3,54,64
3,56,222
3,58,377
3,59,226
3,62,153
3,63,59
3,65,139
3,67,271
3,68,11
3,70,51
3,74,349
3,75,14
3,79,147
3,80,236
3,83,292
3,84,285
3,85,399
3,86,17
3,87,311
3,89,231
3,91,391
3,92,20
3,96,260
3,97,1
3,98,376
3,99,179
3,109,387
3,114,212
3,115,306
3,128,155
3,134,19
3,135,300
3,136,196
3,137,119
3,142,90
3,143,7
3,147,187
3,152,215
3,155,309
3,158,104
3,160,317
3,162,340
3,169,238
3,170,201
3,172,101
3,180,258
3,188,201
3,191,140
3,200,373
4,1,194
4,3,45
4,5,115
4,8,366
4,9,160
4,10,153
4,11,235
4,13,108
4,14,267
4,15,15
4,16,279
4,18,19
4,21,55
4,23,192
4,24,398
4,25,388
4,26,84
4,27,152
4,28,383
4,29,12
4,30,221
4,31,339
4,32,146
4,34,206
4,35,148
4,36,260
4,37,158
4,39,46
4,41,339
4,43,186
4,44,378
4,45,341
4,47,63
4,48,76
4,49,9
4,50,36
4,51,1
4,52,270
4,56,338
4,59,397
4,60,229
4,62,133
4,67,24
4,68,10
4,69,225
4,71,50
4,72,358
4,73,219
4,74,26
4,76,130
4,82,106
4,84,400
4,90,350
4,97,232
4,98,157
4,99,360
4,103,304
4,107,381
4,109,120
4,114,89
4,119,329
4,120,221
4,123,192
4,127,275
4,128,312
4,131,262
4,136,397
4,139,343
4,142,148
4,143,210
4,146,186
4,152,180
4,154,52
4,156,227
4,158,118
4,160,95
4,161,154
4,166,340
4,168,303
4,175,349
4,180,6
4,181,218
4,185,191
4,194,342
5,1,19
5,2,333
5,3,249
5,4,115
5,6,317
5,8,24
5,9,389
5,10,211
5,11,94
5,12,258
5,14,266
5,17,135
5,18,209
5,19,394
5,20,54
5,21,290
5,22,312
5,26,247
5,29,341
5,30,317
5,31,205
5,32,45
5,33,243
5,34,100
5,36,217
5,37,302
5,39,222
5,40,96
5,41,225
5,42,41
5,43,263
5,44,382
5,45,133
5,46,228
5,48,129
5,51,166
5,52,276
5,53,27
5,55,313
5,58,361
5,59,366
5,63,199
5,64,303
5,67,192
5,68,272
5,69,84
5,73,81
5,75,21
5,76,217
5,80,387
5,81,100
5,83,255
5,84,8
5,88,336
5,89,165
5,91,238
5,93,125
5,96,205
5,97,156
5,99,188
5,100,394
5,102,317
5,103,105
5,106,255
5,107,348
5,108,192
5,110,344
5,114,137
5,120,95
5,124,239
5,125,104
5,127,261
5,130,260
5,132,130
5,134,222
5,135,100
5,136,128
5,137,143
5,138,40
5,142,116
5,147,173
5,148,105
5,150,73
5,152,119
5,153,373
5,156,266
5,158,31
5,159,123
5,166,332
5,169,162
5,174,399
5,176,386
5,178,154
5,180,310
5,184,384
5,195,228
5,200,282
6,1,355
6,2,12
6,3,350
6,5,317
6,7,189
6,11,160
6,12,283
6,15,132
6,16,123
6,17,17
6,18,126
6,19,64
6,23,124
6,24,154
6,25,20
6,27,41
6,29,151
6,30,247
6,31,280
6,32,68
6,33,138
6,34,27
6,35,320
6,37,196
6,38,263
6,39,222
6,40,280
6,41,344
6,42,373
6,44,354
6,46,270
6,47,370
6,49,87
6,50,16
6,51,226
6,53,176
6,54,366
6,56,61
6,58,130
6,59,42
6,61,16
6,62,100
6,65,90
6,66,90
6,69,240
6,71,54
6,80,137
6,82,312
6,84,58
6,85,195
6,86,9
6,89,162
6,90,264
6,93,49
6,96,66
6,103,4
6,106,113
6,108,12
6,109,150
6,112,298
6,120,183
6,122,13
6,124,314
6,127,217
6,133,65
6,137,33
6,141,245
6,143,30
6,151,375
6,156,378
6,157,176
6,162,369
6,164,341
6,165,117
6,169,165
6,170,196
6,171,341
6,179,210
6,184,256
6,193,320
6,194,228
6,195,46
6,197,210
6,198,322
6,199,64
7,1,159
7,2,18
7,6,189
7,8,363
7,9,237
7,11,345
7,14,3
7,15,358
7,16,361
7,18,246
7,19,10
7,20,108
7,22,319
7,23,112
7,25,273
7,26,133
7,28,163
7,29,89
7,30,215
7,31,284
7,32,339
7,35,250
7,36,126
7,38,70
7,39,399
7,41,298
7,42,166
7,43,289
7,45,344
7,47,70
7,48,213
7,49,40
7,50,318
7,52,203
7,54,91
7,55,380
7,56,160
7,57,11
7,58,28
7,59,112
7,61,395
7,62,44
7,63,162
7,64,146
7,66,192
7,67,302
7,68,365
7,71,147
7,72,121
7,74,156
7,75,237
7,78,340
7,79,209
7,80,360
7,81,284
7,84,285
7,86,42
7,87,267
7,89,255
7,90,151
7,91,349
7,92,54
7,93,341
7,94,149
7,98,334
7,99,258
7,101,32
7,104,114
7,107,88
7,110,46
7,116,89
7,118,25
7,130,249
7,133,206
7,139,238
7,140,32
7,144,375
7,146,394
7,148,149
7,152,262
7,153,31
7,154,266
7,155,59
7,166,345
7,173,79
7,184,131
7,189,384
7,190,24
7,194,296
7,197,143
7,198,325
7,199,101
8,4,366
8,5,24
8,7,363
8,9,156
8,10,338
8,11,53
8,12,172
8,14,270
8,15,88
8,17,10
8,18,313
8,19,312
8,20,209
8,23,336
8,24,302
8,25,241
8,26,105
8,27,233
8,28,130
8,29,293
8,30,362
8,31,24
8,32,21
8,33,255
8,38,34
8,43,67
8,45,17
8,52,87
8,55,239
8,57,268
8,59,283
8,62,271
8,63,83
8,64,109
8,66,179
8,68,255
8,70,122
8,74,166
8,75,205
8,77,15
8,81,81
8,82,275
8,84,90
8,85,130
8,87,370
8,88,108
8,89,326
8,90,297
8,91,239
8,93,198
8,95,393
8,101,2
8,102,189
8,105,111
8,106,6
8,110,22
8,111,55
8,112,161
8,117,366
8,119,158
8,124,208
8,128,279
8,129,280
8,133,248
8,137,58
8,145,96
8,150,273
8,155,204
8,156,112
8,157,123
8,159,43
8,161,44
8,169,146
8,171,19
8,175,391
8,197,211
8,198,268
9,1,38
9,3,109
9,4,160
9,5,389
9,7,237
9,8,156
9,10,16
9,12,176
9,13,372
9,17,144
9,19,373
9,20,167
9,21,267
9,24,266
9,25,33
9,28,77
9,29,318
9,32,25
9,33,241
9,34,286
9,35,215
9,36,153
9,37,144
9,38,168
9,40,308
9,41,389
9,43,141
9,45,26
9,46,27
9,47,127
9,49,17
9,50,97
9,51,230
9,55,342
9,57,376
9,59,71
9,60,397
9,63,339
9,65,33
9,67,157
9,68,204
9,70,77
9,74,249
9,75,341
9,76,289
9,79,117
9,81,26
9,82,136
9,84,226
9,85,308
9,87,68
9,88,206
9,91,116
9,92,154
9,93,259
9,96,150
9,101,9
9,102,58
9,104,216
9,107,30
9,108,375
9,109,282
9,114,277
9,115,144
9,117,375
9,123,194
9,124,268
9,127,174
9,128,388
9,129,58
9,130,115
9,131,23
9,132,197
9,133,271
9,136,337
9,139,101
9,140,190
9,148,330
9,149,48
9,152,267
9,162,388
9,164,48
9,169,130
9,170,37
9,180,16
9,188,384
9,196,247
10,2,362
10,4,153
10,5,211
10,8,338
10,9,16
10,11,289
10,12,57
10,13,397
10,15,104
10,17,319
10,19,221
10,20,239
10,21,232
10,22,125
10,23,284
10,24,170
10,26,23
10,27,384
10,34,315
10,35,369
10,36,64
10,37,142
10,39,213
10,41,268
10,42,236
10,44,312
10,45,333
10,46,299
10,47,172
10,48,313
10,49,53
10,51,281
10,52,369
10,54,186
10,55,335
10,57,390
10,58,95
10,59,149
10,61,266
10,62,35
10,64,150
10,66,179
10,67,117
10,68,18
10,69,105
10,70,255
10,71,349
10,72,163
10,75,275
10,77,40
10,78,252
10,81,8
10,83,14
10,85,85
10,86,302
10,87,246
10,92,396
10,93,199
10,94,288
10,95,2
10,96,65
10,97,365
10,99,224
10,100,85
10,101,321
10,109,305
10,111,89
10,113,185
10,114,67
10,118,305
10,122,118
10,125,274
10,127,309
10,132,393
10,133,344
10,134,177
10,135,332
10,139,67
10,142,355
10,143,250
10,146,395
10,152,172
10,153,328
10,158,118
10,166,41
10,167,309
10,168,384
10,169,21
10,171,200
10,174,248
10,175,84
10,178,242
10,184,377
10,187,214
10,189,12
10,196,138
10,199,36
11,1,69
11,3,242
11,4,235
11,5,94
11,6,160
11,7,345
11,8,53
11,10,289
11,12,89
11,13,8
11,14,11
11,17,298
11,20,359
11,22,332
11,23,346
11,24,155
11,25,196
11,28,267
11,29,202
11,30,111
11,31,91
11,36,234
11,38,131
11,39,24
11,41,269
11,42,32
11,43,150
11,44,102
11,45,111
11,46,263
11,47,219
11,48,43
11,50,243
11,52,315
11,53,160
11,54,226
11,55,295
11,57,271
11,58,40
11,60,177
11,61,95
11,65,249
11,66,97
11,70,349
11,71,180
11,73,248
11,74,269
11,77,143
11,78,129
11,80,276
11,81,315
11,82,316
11,86,50
11,87,368
11,88,63
11,90,362
11,91,289
11,93,184
11,94,178
11,98,104
11,101,78
11,106,347
11,109,363
11,110,317
11,115,165
11,119,301
11,121,363
11,123,340
11,129,246
11,133,1
11,135,127
11,138,202
11,141,156
11,142,154
11,144,37
11,149,97
11,150,7
11,152,19
11,153,222
11,154,138
11,158,179
11,160,97
11,165,286
11,168,320
11,175,24
11,179,83
11,182,303
11,184,139
11,186,25
11,187,131
11,189,340
11,193,180
11,194,314
11,196,323
12,1,300
12,2,236
12,3,121
12,5,258
12,6,283
12,8,172
12,9,176
12,10,57
12,11,89
12,13,376
12,15,94
12,16,201
12,17,9
12,18,93
12,19,274
12,20,154
12,21,143
12,23,145
12,26,181
12,27,244
12,31,349
12,35,242
12,36,69
12,39,318
12,40,184
12,41,154
12,42,311
12,43,32
12,44,118
12,45,282
12,46,236
12,47,346
12,48,329
12,50,217
12,51,82
12,52,7
12,53,368
12,54,308
12,55,108
12,56,15
12,60,91
12,62,298
12,66,13
12,67,215
12,68,130
12,69,177
12,70,197
12,71,361
12,72,27
12,73,112
12,75,146
12,77,199
12,78,376
12,83,327
12,85,373
12,90,395
12,94,267
12,100,328
12,104,259
12,105,260
12,108,254
12,113,42
12,116,8
12,119,115
12,131,161
12,133,10
12,134,19
12,136,113
12,140,211
12,141,15
12,144,309
12,148,118
12,149,303
12,156,187
12,158,4
12,159,258
12,161,330
12,169,113
12,171,206
12,174,259
12,175,281
12,176,351
12,179,339
12,180,325
12,183,35
12,184,264
12,186,355
12,192,28
12,193,178
12,194,286
13,1,261
13,3,152
13,4,108
13,9,372
13,10,397
13,11,8
13,12,376
13,16,65
13,17,304
13,18,188
13,19,219
13,20,181
13,21,134
13,23,77
13,24,397
13,27,40
13,28,364
13,29,281
13,30,66
13,31,1
13,32,180
13,33,238
13,34,353
13,35,268
13,38,45
13,39,45
13,41,54
13,42,265
13,43,22
13,45,172
13,46,100
13,47,248
13,52,398
13,53,216
13,56,151
13,57,325
13,59,9
13,63,11
13,66,325
13,67,81
13,68,267
13,73,234
13,74,127
13,75,222
13,76,242
13,78,400
13,79,327
13,83,9
13,90,377
13,91,292
13,93,329
13,94,359
13,97,331
13,98,252
13,99,180
13,100,67
13,101,398
13,103,248
13,104,102
13,109,143
13,110,385
13,113,293
13,115,397
13,118,238
13,119,134
13,122,60
13,125,175
13,131,293
13,134,173
13,136,174
13,137,351
13,140,54
13,143,158
13,158,391
13,161,277
13,162,183
13,170,230
13,172,305
13,177,395
13,183,180
13,199,216
13,200,271
14,2,365
14,3,160
14,4,267
14,5,266
14,7,3
14,8,270
14,11,11
14,16,356
14,17,106
14,18,230
14,22,88
14,23,124
14,24,156
14,25,87
14,26,187
14,27,368
14,32,81
14,34,8
14,38,377
14,39,379
14,40,272
14,41,374
14,43,201
14,44,278
14,45,42
14,46,32
14,49,292
14,51,202
14,52,291
14,53,207
14,56,107
14,57,337
14,58,28
14,59,395
14,60,241
14,62,234
14,63,63
14,64,223
14,65,237
14,67,358
14,72,365
14,74,222
14,75,386
14,76,343
14,77,32
14,78,229
14,79,391
14,80,306
14,81,120
14,86,365
14,91,74
14,93,95
14,94,220
14,95,239
14,96,259
14,99,393
14,101,388
14,106,130
14,112,26
14,116,273
14,121,357
14,123,118
14,126,330
14,127,225
14,129,300
14,131,234
14,133,69
14,138,191
14,139,135
14,140,272
14,142,282
14,143,363
14,144,222
14,145,124
14,149,45
14,151,277
14,164,84
14,167,372
14,172,246
14,176,281
14,193,105
14,196,167
14,198,194
15,1,350
15,2,298
15,3,160
15,4,15
15,6,132
15,7,358
15,8,88
15,10,104
15,12,94
15,16,59
15,17,307
15,19,291
15,20,4
15,21,304
15,23,193
15,24,353
15,26,301
15,27,187
15,28,349
15,29,139
15,30,124
15,34,297
15,35,213
15,36,186
15,38,55
15,39,40
15,41,332
15,44,142
15,47,67
15,48,345
15,49,42
15,50,222
15,52,131
15,54,337
15,56,113
15,57,58
15,58,362
15,62,243
15,64,70
15,68,253
15,70,32
15,71,143
15,72,357
15,76,376
15,77,390
15,78,389
15,83,49
15,84,219
15,87,244
15,88,378
15,89,364
15,91,238
15,96,121
15,100,41
15,101,258
15,102,66
15,103,202
15,105,390
15,109,63
15,112,201
15,114,222
15,116,80
15,119,20
15,120,35
15,122,158
15,123,346
15,128,63
15,131,36
15,132,149
15,134,314
15,137,98
15,143,234
15,145,359
15,146,376
15,149,389
15,151,86
15,154,126
15,158,296
15,162,203
15,165,37
15,182,399
15,183,132
15,190,155
15,197,120
15,198,22
16,1,228
16,2,196
16,3,377
16,4,279
16,6,123
16,7,361
16,12,201
16,13,65
16,14,356
16,15,59
16,17,53
16,19,283
16,21,193
16,23,333
16,27,97
16,29,300
16,30,126
16,31,128
16,34,391
16,35,238
16,38,121
16,40,183
16,42,69
16,43,265
16,44,183
16,45,349
16,46,234
16,48,376
16,50,306
16,53,204
16,54,83
16,55,204
16,56,307
16,57,196
16,61,159
16,63,264
16,65,400
16,66,78
16,68,122
16,72,155
16,73,267
16,74,111
16,75,232
16,76,368
16,77,398
16,79,226
16,80,259
16,81,294
16,82,15
16,85,291
16,87,391
16,88,91
16,90,169
16,91,214
16,96,153
16,98,169
16,99,164
16,101,210
16,103,37
16,105,53
16,108,128
16,109,279
16,110,76
16,111,99
16,120,10
16,130,305
16,134,329
16,141,69
16,146,217
16,148,20
16,151,315
16,152,171
16,154,298
16,155,18
16,156,31
16,160,389
16,162,12
16,168,86
16,170,139
16,173,126
16,175,335
16,177,198
16,178,67
16,187,357
16,190,258
16,192,129
17,1,348
17,5,135
17,6,17
17,8,10
17,9,144
17,10,319
17,11,298
17,12,9
17,13,304
17,14,106
17,15,307
17,16,53
17,19,317
17,21,269
17,22,138
17,23,28
17,24,183
17,26,398
17,29,98
17,30,87
17,31,39
17,32,28
17,33,131
17,34,343
17,35,320
17,36,141
17,37,23
17,38,258
17,39,280
17,40,173
17,42,365
17,43,245
17,44,234
17,45,249
17,49,397
17,50,296
17,51,228
17,55,15
17,57,13
17,58,67
17,59,53
17,61,59
17,62,106
17,63,375
17,64,371
17,65,360
17,67,105
17,68,54
17,69,392
17,70,379
17,73,297
17,74,306
17,76,323
17,78,317
17,80,202
17,81,290
17,83,58
17,86,380
17,87,131
17,91,219
17,92,32
17,94,219
17,97,298
17,98,288
17,99,163
17,101,36
17,105,249
17,107,222
17,108,31
17,109,193
17,111,380
17,112,1
17,114,12
17,117,332
17,118,85
17,123,121
17,124,181
17,126,330
17,127,36
17,128,250
17,130,242
17,132,20
17,139,145
17,145,266
17,146,383
17,149,313
17,155,286
17,157,76
17,159,244
17,164,270
17,167,334
17,169,146
17,171,349
17,177,200
17,179,283
17,184,116
17,187,280
17,188,246
17,200,183
18,1,342
18,2,317
18,3,259
18,4,19
18,5,209
18,6,126
18,7,246
18,8,313
18,12,93
18,13,188
18,14,230
18,19,30
18,22,156
18,23,141
18,24,187
18,25,194
18,26,111
18,27,220
18,32,175
18,35,38
18,36,243
18,37,102
18,39,95
18,40,244
18,42,280
18,44,310
18,46,20
18,48,239
18,50,59
18,51,241
18,52,99
18,54,117
18,56,96
18,58,256
18,59,112
18,60,294
18,63,30
18,66,378
18,68,255
18,69,256
18,71,47
18,72,39
18,73,335
18,74,89
18,76,65
18,78,78
18,79,306
18,84,207
18,85,232
18,87,119
18,89,296
18,90,25
18,92,381
18,94,67
18,96,102
18,103,243
18,104,79
18,106,22
18,108,298
18,111,58
18,116,1
18,117,208
18,118,310
18,121,277
18,124,296
18,131,254
18,132,278
18,135,282
18,140,62
18,144,200
18,150,121
18,161,175
18,162,356
18,163,29
18,167,293
18,172,163
18,175,182
18,187,44
18,190,184
18,197,276
19,3,382
19,5,394
19,6,64
19,7,10
19,8,312
19,9,373
19,10,221
19,12,274
19,13,219
19,15,291
19,16,283
19,17,317
19,18,30
19,20,206
19,21,105
19,22,141
19,23,345
19,25,328
19,27,178
19,28,52
19,29,331
19,30,107
19,31,288
19,32,349
19,33,303
19,34,146
19,35,28
19,37,38
19,38,136
19,43,59
19,44,264
19,46,341
19,47,43
19,48,154
19,49,167
19,51,368
19,52,6
19,54,387
19,55,298
19,58,159
19,60,354
19,63,93
19,64,102
19,66,94
19,69,12
19,70,207
19,71,239
19,74,352
19,75,61
19,78,322
19,79,57
19,81,135
19,82,276
19,83,160
19,84,237
19,85,19
19,86,78
19,91,50
19,94,79
19,96,272
19,97,339
19,98,31
19,101,100
19,103,200
19,104,348
19,107,244
19,114,48
19,117,356
19,119,168
19,120,315
19,122,343
19,124,95
19,126,354
19,127,196
19,133,158
19,135,117
19,139,258
19,140,144
19,142,295
19,145,183
19,148,33
19,150,155
19,151,382
19,153,189
19,154,323
19,156,132
19,157,70
19,159,320
19,161,12
19,162,304
19,163,323
19,166,68
19,167,24
19,168,214
19,175,184
19,182,130
19,189,121
19,190,155
19,191,384
19,193,246
19,195,239
19,196,246
19,197,344
20,2,130
20,5,54
20,7,108
20,8,209
20,9,167
20,10,239
20,11,359
20,12,154
20,13,181
20,15,4
20,19,206
20,21,293
20,22,133
20,24,104
20,25,57
20,26,204
20,27,264
20,28,56
20,29,9
20,31,285
20,32,271
20,33,23
20,34,170
20,35,90
20,36,170
20,37,349
20,38,64
20,39,311
20,40,22
20,41,290
20,43,300
20,44,147
20,45,130
20,46,331
20,50,310
20,51,67
20,52,189
20,53,44
20,54,278
20,55,213
20,56,226
20,57,252
20,58,21
20,60,268
20,61,318
20,62,4
20,63,338
20,67,191
20,68,91
20,69,165
20,70,356
20,71,393
20,72,222
20,73,288
20,74,177
20,81,135
20,82,30
20,83,277
20,88,366
20,89,97
20,90,108
20,91,106
20,92,239
20,93,175
20,95,237
20,99,83
20,107,206
20,111,264
20,112,150
20,114,165
20,117,42
20,121,78
20,126,138
20,127,26
20,130,291
20,132,15
20,134,293
20,140,317
20,143,236
20,144,205
20,145,25
20,146,89
20,150,242
20,154,122
20,156,32
20,159,287
20,160,113
20,161,10
20,166,399
20,170,232
20,177,98
20,179,358
20,184,311
20,185,23
20,188,330
20,194,68
21,1,343
21,2,229
21,4,55
21,5,290
21,9,267
21,10,232
21,12,143
21,13,134
21,15,304
21,16,193
21,17,269
21,19,105
21,20,293
21,22,276
21,23,73
21,24,46
21,25,166
21,28,272
21,32,322
21,34,230
21,36,308
21,37,206
21,38,183
21,40,94
21,41,260
21,42,48
21,45,160
21,47,155
21,49,391
21,53,311
21,58,160
21,60,82
21,62,59
21,63,249
21,64,9
21,69,308
21,71,70
21,72,118
21,74,200
21,77,124
21,79,166
21,82,349
21,84,365
21,85,74
21,88,202
21,89,205
21,90,380
21,97,400
21,98,135
21,102,36
21,104,6
21,108,13
21,110,303
21,113,390
21,115,121
21,117,61
21,118,126
21,120,103
21,125,378
21,126,127
21,132,312
21,133,361
21,135,43
21,137,196
21,147,52
21,150,274
21,151,190
21,154,222
21,156,179
21,159,39
21,160,124
21,162,229
21,167,62
21,168,381
21,170,229
21,173,112
21,176,145
21,179,365
21,184,67
21,187,106
21,195,22
21,197,207
21,198,290
21,200,171
22,2,82
22,3,236
22,5,312
22,7,319
22,10,125
22,11,332
22,14,88
22,17,138
22,18,156
22,19,141
22,20,133
22,21,276
22,23,69
22,24,354
22,25,349
22,27,236
22,28,277
22,30,68
22,32,228
22,33,327
22,34,209
22,35,328
22,36,360
22,37,395
22,40,54
22,42,330
22,43,81
22,46,17
22,47,271
22,48,330
22,49,95
22,50,326
22,52,84
22,55,349
22,57,396
22,58,61
22,59,42
22,60,107
22,62,110
22,64,5
22,65,216
22,66,348
22,71,230
22,73,168
22,76,170
22,77,24
22,79,200
22,81,262
22,82,86
22,83,221
22,85,186
22,87,109
22,89,319
22,90,19
22,92,238
22,94,88
22,97,308
22,99,267
22,100,358
22,106,377
22,107,184
22,108,397
22,112,375
22,113,230
22,114,224
22,115,342
22,116,1
22,117,254
22,119,315
22,122,174
22,123,221
22,124,114
22,130,290
22,134,341
22,141,378
22,143,272
22,148,58
22,149,253
22,150,169
22,151,198
22,156,337
22,158,295
22,164,69
22,166,206
22,169,142
22,173,352
22,174,309
22,175,273
22,188,280
22,191,154
22,192,192
22,198,115
22,199,368
23,3,227
23,4,192
23,6,124
23,7,112
23,8,336
23,10,284
23,11,346
23,12,145
23,13,77
23,14,124
23,15,193
23,16,333
23,17,28
23,18,141
23,19,345
23,21,73
23,22,69
23,25,222
23,26,17
23,30,12
23,32,144
23,33,67
23,35,264
23,37,3
23,40,21
23,41,366
23,42,392
23,44,273
23,46,209
23,47,231
23,48,132
23,49,354
23,51,232
23,53,153
23,54,74
23,55,395
23,58,113
23,59,256
23,60,330
23,61,376
23,63,47
23,68,108
23,69,33
23,70,155
23,71,45
23,72,240
23,74,239
23,76,291
23,78,361
23,88,91
23,89,343
23,90,142
23,92,4
23,94,274
23,102,315
23,103,83
23,104,211
23,106,342
23,109,215
23,111,4
23,114,47
23,117,81
23,120,379
23,124,177
23,125,2
23,126,365
23,127,322
23,128,34
23,129,300
23,137,378
23,138,221
23,142,166
23,143,101
23,144,72
23,151,372
23,152,334
23,153,380
23,154,221
23,155,36
23,157,320
23,159,56
23,163,262
23,172,265
23,174,204
23,177,111
23,178,107
23,180,272
23,181,103
23,182,36
23,185,335
23,199,8
24,1,301
24,2,267
24,3,304
24,4,398
24,6,154
24,8,302
24,9,266
24,10,170
24,11,155
24,13,397
24,14,156
24,15,353
24,17,183
24,18,187
24,20,104
24,21,46
24,22,354
24,25,150
24,26,180
24,28,205
24,29,28
24,30,90
24,34,399
24,35,296
24,40,244
24,41,220
24,45,332
24,48,242
24,49,141
24,50,85
24,51,146
24,52,82
24,53,319
24,54,1
24,55,199
24,56,70
24,57,314
24,60,90
24,62,181
24,63,20
24,64,272
24,65,270
24,67,99
24,68,90
24,70,303
24,71,108
24,72,116
24,73,265
24,74,152
24,78,131
24,79,249
24,80,229
24,83,332
24,84,152
24,85,343
24,89,182
24,90,121
24,91,2
24,93,365
24,94,224
24,98,93
24,99,353
24,100,149
24,104,30
24,108,318
24,109,123
24,110,6
24,112,329
24,115,204
24,117,356
24,118,338
24,123,312
24,124,381
24,128,324
24,129,369
24,132,126
24,134,360
24,143,304
24,147,278
24,154,226
24,158,238
24,160,294
24,164,92
24,165,264
24,170,83
24,171,139
24,176,2
24,177,383
24,178,36
24,180,217
24,184,326
24,198,366
24,200,283
25,2,42
25,3,202
25,4,388
25,6,20
25,7,273
25,8,241
25,9,33
25,11,196
25,14,87
25,18,194
25,19,328
25,20,57
25,21,166
25,22,349
25,23,222
25,24,150
25,27,394
25,28,320
25,29,242
25,30,243
25,31,392
25,33,207
25,34,254
25,35,302
25,38,232
25,39,347
25,41,316
25,43,9
25,44,333
25,45,92
25,49,309
25,51,144
25,53,16
25,54,399
25,55,153
25,56,306
25,57,128
25,59,97
25,60,82
25,61,25
25,62,176
25,63,201
25,64,258
25,66,273
25,67,151
25,70,118
25,72,46
25,73,348
25,75,215
25,76,383
25,78,176
25,80,269
25,81,365
25,84,182
25,85,15
25,87,278
25,88,190
25,89,342
25,93,34
25,94,81
25,95,115
25,96,339
25,97,318
25,100,357
25,104,112
25,105,45
25,107,57
25,110,91
25,111,250
25,113,4
25,121,361
25,130,71
25,131,253
25,135,324
25,138,287
25,141,321
25,145,51
25,148,304
25,149,181
25,153,389
25,154,37
25,155,144
25,169,9
25,171,317
25,172,53
25,173,289
25,174,237
25,177,194
25,178,114
25,180,72
25,181,354
25,191,275
25,192,159
25,195,195
26,1,252
26,2,44
26,3,224
26,4,84
26,5,247
26,7,133
26,8,105
26,10,23
26,12,181
26,14,187
26,15,301
26,17,398
26,18,111
26,20,204
26,23,17
26,24,180
26,27,382
26,28,357
26,29,293
26,30,312
26,31,143
26,32,400
26,33,84
26,34,115
26,35,330
26,36,295
26,37,17
26,38,232
26,41,212
26,42,255
26,43,374
26,44,288
26,45,292
26,46,41
26,49,269
26,50,225
26,51,40
26,52,126
26,55,18
26,56,258
26,57,179
26,58,43
26,60,236
26,61,49
26,66,288
26,69,294
26,70,212
26,71,273
26,72,397
26,75,101
26,79,32
26,80,276
26,81,335
26,83,222
26,85,149
26,86,42
26,89,314
26,92,314
26,93,134
26,95,324
26,97,117
26,99,15
26,100,54
26,101,200
26,103,276
26,105,110
26,106,53
26,110,321
26,116,238
26,119,262
26,123,3
26,124,125
26,130,357
26,131,223
26,132,305
26,134,50
26,137,371
26,138,115
26,139,163
26,142,208
26,143,344
26,146,231
26,149,340
26,150,85
26,151,82
26,154,233
26,157,168
26,160,107
26,163,331
26,167,107
26,169,152
26,173,185
26,174,78
26,177,238
26,182,310
26,183,309
26,190,392
26,196,325
26,200,345
27,1,68
27,4,152
27,6,41
27,8,233
27,10,384
27,12,244
27,13,40
27,14,368
27,15,187
27,16,97
27,18,220
27,19,178
27,20,264
27,22,236
27,25,394
27,26,382
27,28,310
27,29,61
27,30,345
27,31,197
27,35,112
27,36,183
27,37,169
27,38,387
27,39,75
27,40,240
27,41,373
27,43,263
27,44,108
27,45,337
27,50,43
27,51,304
27,52,57
27,54,153
27,56,157
27,57,33
27,58,38
27,60,7
27,63,125
27,64,371
27,66,29
27,68,168
27,69,271
27,70,231
27,71,70
27,72,352
27,74,333
27,75,279
27,78,313
27,79,312
27,80,219
27,85,172
27,88,344
27,89,68
27,90,109
27,91,305
27,95,291
27,100,183
27,102,128
27,103,191
27,104,159
27,105,377
27,106,304
27,107,261
27,108,167
27,109,321
27,112,77
27,118,291
27,119,356
27,120,326
27,125,262
27,128,296
27,136,226
27,139,124
27,141,73
27,147,106
27,161,218
27,163,90
27,171,302
27,181,25
27,186,228
27,193,87
27,196,285
27,199,162
28,1,40
28,2,100
28,3,152
28,4,383
28,7,163
28,8,130
28,9,77
28,11,267
28,13,364
28,15,349
28,19,52
28,20,56
28,21,272
28,22,277
28,24,205
28,25,320
28,26,357
28,27,310
28,30,156
28,31,272
28,32,33
28,33,189
28,34,17
28,37,130
28,38,360
28,39,340
28,40,175
28,41,358
28,42,360
28,43,337
28,46,354
28,47,117
28,48,219
28,49,118
28,51,291
28,53,311
28,55,112
28,56,124
28,58,284
28,60,78
28,62,306
28,63,244
28,64,45
28,67,29
28,68,151
28,69,312
28,72,27
28,73,3
28,74,371
28,75,247
28,76,331
28,78,375
28,79,22
28,81,24
28,83,105
28,84,36
28,85,252
28,87,266
28,90,218
28,93,269
28,94,380
28,95,274
28,98,67
28,101,190
28,103,234
28,105,387
28,106,31
28,108,45
28,109,326
28,113,368
28,114,238
28,115,386
28,116,106
28,122,294
28,131,32
28,138,275
28,140,72
28,141,20
28,146,112
28,148,241
28,149,119
28,152,345
28,157,179
28,161,364
28,165,301
28,168,308
28,169,62
28,171,65
28,173,259
28,189,151
28,192,199
28,194,125
29,2,188
29,4,12
29,5,341
29,6,151
29,7,89
29,8,293
29,9,318
29,11,202
29,13,281
29,15,139
29,16,300
29,17,98
29,19,331
29,20,9
29,24,28
29,25,242
29,26,293
29,27,61
29,30,343
29,31,369
29,32,374
29,33,197
29,36,354
29,37,154
29,39,373
29,40,258
29,41,335
29,42,265
29,43,225
29,44,164
29,45,17
29,46,31
29,48,364
29,49,239
29,51,138
29,54,292
29,55,100
29,56,351
29,58,263
29,60,145
29,66,384
29,67,30
29,68,358
29,73,242
29,76,354
29,77,311
29,78,263
29,79,342
29,81,270
29,82,60
29,88,203
29,93,200
29,94,231
29,99,322
29,100,157
29,101,14
29,102,388
29,103,258
29,104,137
29,105,145
29,106,315
29,108,386
29,111,112
29,115,95
29,117,339
29,123,268
29,129,155
29,134,66
29,135,68
29,138,373
29,141,37
29,147,230
29,149,264
29,150,368
29,157,301
29,164,46
29,165,356
29,168,5
29,169,360
29,170,246
29,183,249
29,187,76
29,193,280
29,195,370
30,1,322
30,2,244
30,4,221
30,5,317
30,6,247
30,7,215
30,8,362
30,11,111
30,13,66
30,15,124
30,16,126
30,17,87
30,19,107
30,22,68
30,23,12
30,24,90
30,25,243
30,26,312
30,27,345
30,28,156
30,29,343
30,31,156
30,33,368
30,35,197
30,36,107
30,37,208
30,38,399
30,39,153
30,40,104
30,42,58
30,43,391
30,44,340
30,46,389
30,47,37
30,48,167
30,50,48
30,51,228
30,52,399
30,55,195
30,56,190
30,57,249
30,58,232
30,59,362
30,61,313
30,64,139
30,65,283
30,68,149
30,69,51
30,74,159
30,76,378
30,77,236
30,78,53
30,79,176
30,81,57
30,83,330
30,85,259
30,86,379
30,87,77
30,88,308
30,90,110
30,92,83
30,93,325
30,94,73
30,95,324
30,97,202
30,98,153
30,100,231
30,101,187
30,102,37
30,107,85
30,111,5
30,112,147
30,113,115
30,119,360
30,121,280
30,123,184
30,124,241
30,127,196
30,132,17
30,134,137
30,135,365
30,138,119
30,143,365
30,144,389
30,147,352
30,148,105
30,149,73
30,155,3
30,167,166
30,168,61
30,172,44
30,177,113
30,181,177
30,182,134
30,185,100
30,186,225
30,200,57
31,1,371
31,2,364
31,3,400
31,4,339
31,5,205
31,6,280
31,7,284
31,8,24
31,11,91
31,12,349
31,13,1
31,16,128
31,17,39
31,19,288
31,20,285
31,25,392
31,26,143
31,27,197
31,28,272
31,29,369
31,30,156
31,32,165
31,33,334
31,35,362
31,36,374
31,37,155
31,38,326
31,39,176
31,40,306
31,41,320
31,42,37
31,44,137
31,45,174
31,47,164
31,48,275
31,50,107
31,51,395
31,52,308
31,54,279
31,56,38
31,58,147
31,59,391
31,62,67
31,63,77
31,65,370
31,66,131
31,71,99
31,73,165
31,74,302
31,75,271
31,77,269
31,79,62
31,82,61
31,83,154
31,84,179
31,87,149
31,88,7
31,95,275
31,97,374
31,98,340
31,100,234
31,105,76
31,106,185
31,108,70
31,110,353
31,112,328
31,113,225
31,116,387
31,118,372
31,121,218
31,125,254
31,129,215
31,131,296
31,132,167
31,133,69
31,137,6
31,139,77
31,147,15
31,150,262
31,154,389
31,157,30
31,161,68
31,162,303
31,164,86
31,165,63
31,170,334
31,174,17
31,175,379
31,179,362
31,182,27
31,183,397
31,186,344
31,188,34
31,194,321
31,200,196
32,1,289
32,2,116
32,3,152
32,4,146
32,5,45
32,6,68
32,7,339
32,8,21
32,9,25
32,13,180
32,14,81
32,17,28
32,18,175
32,19,349
32,20,271
32,21,322
32,22,228
32,23,144
32,26,400
32,28,33
32,29,374
32,31,165
32,33,232
32,34,129
32,35,205
32,36,122
32,37,381
32,39,171
32,40,5
32,42,340
32,45,243
32,46,75
32,47,35
32,48,43
32,49,263
32,50,191
32,52,286
32,56,340
32,58,283
32,60,55
32,64,354
32,66,156
32,67,310
32,69,234
32,70,260
32,71,21
32,73,65
32,74,70
32,76,295
32,77,299
32,78,217
32,79,255
32,86,195
32,90,146
32,91,399
32,92,162
32,98,376
32,100,383
32,103,299
32,105,313
32,106,347
32,108,79
32,109,325
32,113,135
32,114,310
32,119,330
32,120,303
32,121,282
32,122,152
32,125,346
32,126,330
32,130,221
32,133,356
32,138,339
32,143,334
32,152,306
32,157,145
32,160,49
32,166,399
32,168,13
32,173,184
32,185,274
32,188,229
32,189,137
32,196,222
33,1,278
33,2,311
33,3,69
33,5,243
33,6,138
33,8,255
33,9,241
33,13,238
33,17,131
33,19,303
33,20,23
33,22,327
33,23,67
33,25,207
33,26,84
33,28,189
33,29,197
33,30,368
33,31,334
33,32,232
33,34,370
33,36,115
33,37,61
33,38,190
33,39,268
33,41,362
33,44,138
33,46,127
33,47,84
33,48,164
33,50,390
33,52,193
33,54,277
33,55,33
33,56,322
33,57,378
33,59,353
33,64,262
33,67,288
33,69,58
33,71,251
33,72,310
33,73,160
33,74,75
33,75,125
33,77,98
33,79,73
33,82,159
33,84,311
33,85,133
33,87,373
33,91,261
33,92,268
33,94,262
33,97,5
33,98,348
33,100,299
33,102,9
33,105,242
33,108,303
33,111,361
33,113,26
33,116,334
33,117,320
33,121,247
33,127,376
33,128,360
33,129,24
33,130,334
33,132,30
33,133,190
33,138,383
33,140,350
33,146,220
33,147,182
33,149,198
33,157,119
33,160,344
33,165,32
33,166,144
33,167,302
33,169,388
33,174,256
33,175,90
33,176,88
33,180,31
33,183,49
33,189,191
33,199,362
34,2,385
34,3,143
34,4,206
34,5,100
34,6,27
34,9,286
34,10,315
34,13,353
34,14,8
34,15,297
34,16,391
34,17,343
34,19,146
34,20,170
34,21,230
34,22,209
34,24,399
34,25,254
34,26,115
34,28,17
34,32,129
34,33,370
34,37,107
34,38,156
34,39,214
34,40,150
34,43,195
34,45,335
34,46,369
34,47,349
34,49,246
34,50,180
34,51,375
34,52,113
34,54,216
34,55,350
34,56,333
34,58,268
34,60,105
34,61,303
34,62,318
34,63,318
34,64,329
34,65,55
34,66,4
34,67,195
34,68,253
34,69,13
34,72,277
34,75,312
34,76,61
34,77,7
34,80,237
34,81,62
34,87,118
34,88,228
34,90,235
34,96,293
34,97,252
34,99,53
34,100,235
34,101,220
34,104,347
34,105,246
34,107,318
34,109,25
34,110,132
34,111,127
34,112,79
34,113,316
34,114,165
34,117,365
34,121,389
34,124,97
34,125,334
34,131,148
34,135,31
34,137,371
34,139,314
34,140,48
34,141,363
34,142,245
34,150,58
34,151,265
34,154,69
34,157,26
34,159,104
34,161,190
34,163,273
34,167,55
34,171,109
34,172,78
34,173,193
34,174,268
34,181,321
34,183,208
34,184,357
34,187,227
34,188,392
34,193,306
34,197,165
34,199,308
35,3,342
35,4,148
35,6,320
35,7,250
35,9,215
35,10,369
35,12,242
35,13,268
35,15,213
35,16,238
35,17,320
35,18,38
35,19,28
35,20,90
35,22,328
35,23,264
35,24,296
35,25,302
35,26,330
35,27,112
35,30,197
35,31,362
35,32,205
35,36,374
35,38,361
35,39,184
35,40,183
35,41,141
35,42,318
35,43,63
35,45,150
35,47,238
35,49,374
35,50,29
35,51,155
35,52,227
35,53,392
35,54,234
35,55,113
35,56,378
35,57,130
35,59,4
35,60,78
35,61,70
35,65,286
35,66,96
35,69,21
35,70,40
35,71,232
35,72,279
35,74,155
35,75,114
35,76,396
35,85,211
35,88,281
35,89,327
35,90,45
35,96,27
35,98,140
35,101,348
35,105,189
35,106,14
35,108,200
35,109,339
35,110,204
35,111,333
35,115,103
35,116,99
35,119,270
35,120,36
35,122,292
35,125,267
35,126,65
35,135,69
35,137,215
35,138,92
35,141,348
35,143,250
35,147,287
35,148,32
35,151,127
35,152,268
35,164,220
35,166,251
35,168,294
35,171,381
35,173,153
35,174,247
35,197,32
35,199,363
36,1,84
36,2,160
36,4,260
36,5,217
36,7,126
36,9,153
36,10,64
36,11,234
36,12,69
36,15,186
36,17,141
36,18,243
36,20,170
36,21,308
36,22,360
36,26,295
36,27,183
36,29,354
36,30,107
36,31,374
36,32,122
36,33,115
36,35,374
36,37,330
36,38,385
36,39,115
36,40,302
36,44,380
36,45,275
36,46,376
36,47,383
36,48,147
36,50,210
36,51,126
36,52,150
36,53,252
36,54,228
36,55,153
36,56,145
36,57,175
36,58,356
36,64,11
36,66,76
36,67,58
36,68,385
36,69,314
36,73,77
36,74,264
36,76,364
36,77,327
36,78,218
36,79,92
36,81,180
36,82,108
36,83,301
36,87,138
36,90,22
36,91,71
36,95,166
36,97,252
36,104,295
36,106,86
36,112,57
36,114,189
36,117,127
36,120,331
36,121,141
36,124,394
36,129,335
36,130,335
36,131,207
36,136,298
36,143,224
36,146,330
36,149,232
36,158,278
36,162,9
36,164,312
36,166,207
36,167,36
36,169,327
36,177,323
36,181,9
36,185,314
36,188,322
36,194,236
36,196,224
36,197,202
36,200,400
37,1,164
37,2,145
37,4,158
37,5,302
37,6,196
37,9,144
37,10,142
37,17,23
37,18,102
37,19,38
37,20,349
37,21,206
37,22,395
37,23,3
37,26,17
37,27,169
37,28,130
37,29,154
37,30,208
37,31,155
37,32,381
37,33,61
37,34,107
37,36,330
37,38,398
37,41,380
37,42,267
37,43,292
37,46,124
37,47,13
37,48,109
37,49,131
37,50,288
37,52,47
37,53,57
37,57,310
37,59,197
37,60,231
37,61,354
37,63,79
37,65,169
37,67,292
37,69,237
37,71,257
37,72,389
37,73,199
37,74,310
37,76,266
37,77,289
37,81,112
37,82,366
37,84,292
37,87,23
37,89,217
37,90,229
37,92,210
37,105,57
37,108,251
37,110,162
37,112,385
37,116,328
37,118,124
37,120,147
37,121,260
37,122,135
37,137,87
37,138,189
37,139,171
37,143,272
37,145,292
37,150,262
37,157,89
37,171,139
37,174,230
37,179,261
37,184,392
37,185,346
37,187,10
37,193,241
37,194,55
37,199,400
38,1,169
38,2,233
38,3,159
38,6,263
38,7,70
38,8,34
38,9,168
38,11,131
38,13,45
38,14,377
38,15,55
38,16,121
38,17,258
38,19,136
38,20,64
38,21,183
38,25,232
38,26,232
38,27,387
38,28,360
38,30,399
38,31,326
38,33,190
38,34,156
38,35,361
38,36,385
38,37,398
38,41,195
38,44,275
38,46,11
38,48,315
38,49,278
38,50,218
38,51,125
38,52,400
38,53,24
38,54,6
38,56,255
38,61,59
38,62,83
38,63,310
38,64,215
38,65,305
38,66,233
38,70,284
38,71,388
38,72,390
38,73,166
38,74,89
38,76,328
38,77,151
38,78,253
38,79,136
38,82,231
38,83,54
38,86,176
38,87,346
38,90,310
38,93,283
38,94,215
38,95,135
38,97,215
38,99,7
38,101,51
38,104,390
38,109,394
38,111,325
38,113,283
38,119,229
38,121,2
38,124,192
38,125,9
38,127,388
38,128,207
38,130,280
38,133,335
38,137,105
38,138,214
38,147,72
38,161,78
38,169,340
38,170,245
38,172,240
38,173,101
38,176,291
38,184,16
38,186,371
38,191,306
39,1,132
39,2,333
39,3,61
39,4,46
39,5,222
39,6,222
39,7,399
39,10,213
39,11,24
39,12,318
39,13,45
39,14,379
39,15,40
39,17,280
39,18,95
39,20,311
39,25,347
39,27,75
39,28,340
39,29,373
39,30,153
39,31,176
39,32,171
39,33,268
39,34,214
39,35,184
39,36,115
39,40,368
39,41,282
39,42,74
39,45,40
39,46,52
39,47,371
39,48,79
39,49,193
39,50,25
39,51,284
39,52,14
39,53,157
39,54,69
39,55,380
39,57,338
39,58,53
39,60,117
39,61,133
39,62,87
39,63,90
39,65,322
39,66,123
39,69,399
39,74,275
39,77,175
39,78,283
39,82,377
39,84,291
39,86,81
39,89,254
39,90,140
39,93,104
39,95,386
39,97,47
39,98,187
39,99,188
39,102,278
39,104,359
39,105,258
39,107,230
39,108,351
39,115,330
39,120,306
39,123,199
39,126,119
39,127,139
39,128,48
39,131,110
39,133,328
39,134,43
39,136,376
39,143,331
39,144,238
39,146,385
39,151,232
39,153,373
39,159,46
39,163,255
39,165,207
39,169,335
39,170,315
39,172,146
39,174,251
39,178,151
39,181,73
39,184,23
39,187,356
39,188,187
39,189,343
39,190,337
39,193,307
39,194,41
40,1,144
40,2,21
40,3,270
40,5,96
40,6,280
40,9,308
40,12,184
40,14,272
40,16,183
40,17,173
40,18,244
40,20,22
40,21,94
40,22,54
40,23,21
40,24,244
40,27,240
40,28,175
40,29,258
40,30,104
40,31,306
40,32,5
40,34,150
40,35,183
40,36,302
40,39,368
40,42,379
40,43,260
40,45,231
40,49,41
40,51,171
40,53,230
40,56,247
40,57,79
40,59,358
40,63,18
40,65,11
40,66,18
40,67,341
40,68,103
40,69,222
40,71,151
40,72,82
40,73,36
40,75,25
40,76,358
40,81,145
40,82,259
40,86,76
40,89,14
40,90,219
40,96,93
40,97,135
40,98,88
40,100,171
40,101,288
40,102,53
40,105,58
40,110,264
40,112,92
40,115,133
40,116,263
40,119,156
40,122,353
40,125,325
40,126,239
40,129,334
40,130,68
40,135,312
40,139,235
40,141,70
40,144,363
40,150,78
40,153,66
40,156,177
40,157,282
40,165,300
40,166,252
40,168,237
40,181,89
40,184,123
40,185,250
40,186,12
40,191,334
40,193,302
40,194,142
40,195,317
40,198,343
41,1,48
41,3,182
41,4,339
41,5,225
41,6,344
41,7,298
41,9,389
41,10,268
41,11,269
41,12,154
41,13,54
41,14,374
41,15,332
41,20,290
41,21,260
41,23,366
41,24,220
41,25,316
41,26,212
41,27,373
41,28,358
41,29,335
41,31,320
41,33,362
41,35,141
41,37,380
41,38,195
41,39,282
41,42,40
41,45,385
41,46,23
41,47,373
41,49,198
41,52,193
41,53,213
41,54,221
41,57,393
41,60,9
41,61,106
41,62,378
41,63,323
41,64,53
41,65,21
41,66,283
41,68,155
41,69,98
41,71,16
41,72,341
41,73,357
41,75,244
41,78,61
41,81,53
41,82,99
41,83,288
41,84,239
41,88,148
41,89,177
41,92,213
41,94,240
41,96,233
41,99,301
41,102,334
41,103,381
41,105,71
41,106,1
41,107,188
41,109,151
41,112,127
41,120,287
41,124,218
41,125,391
41,126,90
41,134,213
41,137,184
41,142,146
41,143,63
41,144,367
41,147,71
41,148,247
41,151,346
41,153,307
41,159,14
41,162,220
41,170,18
41,172,294
41,173,20
41,177,269
41,184,204
41,191,276
41,195,295
41,197,335
42,2,175
42,3,256
42,5,41
42,6,373
42,7,166
42,10,236
42,11,32
42,12,311
42,13,265
42,16,69
42,17,365
42,18,280
42,21,48
42,22,330
42,23,392
42,26,255
42,28,360
42,29,265
42,30,58
42,31,37
42,32,340
42,35,318
42,37,267
42,39,74
42,40,379
42,41,40
42,43,78
42,44,300
42,45,376
42,47,11
42,48,331
42,49,356
42,51,271
42,52,199
42,53,209
42,56,382
42,57,282
42,58,48
42,59,315
42,60,272
42,61,343
42,62,347
42,66,81
42,69,358
42,70,4
42,71,140
42,74,288
42,76,40
42,77,165
42,78,193
42,81,116
42,83,364
42,86,271
42,88,74
42,89,319
42,90,362
42,95,21
42,100,102
42,102,18
42,106,139
42,107,219
42,108,375
42,109,382
42,113,355
42,117,343
42,118,187
42,120,213
42,122,169
42,124,348
42,126,131
42,132,273
42,133,23
42,140,103
42,147,211
42,151,263
42,154,15
42,156,207
42,157,257
42,159,165
42,162,299
42,166,129
42,167,266
42,171,29
42,173,342
42,176,338
42,182,22
42,189,19
42,190,203
42,191,231
43,3,270
43,4,186
43,5,263
43,7,289
43,8,67
43,9,141
43,11,150
43,12,32
43,13,22
43,14,201
43,16,265
43,17,245
43,19,59
43,20,300
43,22,81
43,25,9
43,26,374
43,27,263
43,28,337
43,29,225
43,30,391
43,34,195
43,35,63
43,37,292
43,40,260
43,42,78
43,44,243
43,45,361
43,47,390
43,48,157
43,49,30
43,50,122
43,51,97
43,53,105
43,54,246
43,58,259
43,59,195
43,61,334
43,62,306
43,63,203
43,67,3
43,71,31
43,72,109
43,75,91
43,77,367
43,80,86
43,81,207
43,83,342
43,84,44
43,86,119
43,87,93
43,90,216
43,91,179
43,93,369
43,94,81
43,96,374
43,101,94
43,104,287
43,105,264
43,106,376
43,107,62
43,109,192
43,112,64
43,113,73
43,114,112
43,116,245
43,118,165
43,123,119
43,124,116
43,135,6
43,139,330
43,145,118
43,149,151
43,155,371
43,160,227
43,162,400
43,164,82
43,167,14
43,170,4
43,173,184
43,178,201
43,189,309
43,192,159
43,198,278
43,199,256
44,3,228
44,4,378
44,5,382
44,6,354
44,10,312
44,11,102
44,12,118
44,14,278
44,15,142
44,16,183
44,17,234
44,18,310
44,19,264
44,20,147
44,23,273
44,25,333
44,26,288
44,27,108
44,29,164
44,30,340
44,31,137
44,33,138
44,36,380
44,38,275
44,42,300
44,43,243
44,45,193
44,48,122
44,50,69
44,51,17
44,52,57
44,54,176
44,56,320
44,58,257
44,59,329
44,61,62
44,62,114
44,64,226
44,65,145
44,66,88
44,67,187
44,69,41
44,70,184
44,73,58
44,75,19
44,76,15
44,78,173
44,82,396
44,86,360
44,87,313
44,88,61
44,90,331
44,96,252
44,97,160
44,99,22
44,101,253
44,107,329
44,109,66
44,110,16
44,111,301
44,113,132
44,115,3
44,118,305
44,119,327
44,133,343
44,134,65
44,138,202
44,139,77
44,140,300
44,141,130
44,143,351
44,144,298
44,146,39
44,147,328
44,148,164
44,150,277
44,151,228
44,152,356
44,159,152
44,169,238
44,179,241
44,180,371
44,182,262
45,4,341
45,5,133
45,7,344
45,8,17
45,9,26
45,10,333
45,11,111
45,12,282
45,13,172
45,14,42
45,16,349
45,17,249
45,20,130
45,21,160
45,24,332
45,25,92
45,26,292
45,27,337
45,29,17
45,31,174
45,32,243
45,34,335
45,35,150
45,36,275
45,39,40
45,40,231
45,41,385
45,42,376
45,43,361
45,44,193
45,46,103
45,47,349
45,49,184
45,53,17
45,54,338
45,55,28
45,56,66
45,57,238
45,58,47
45,60,96
45,63,112
45,64,291
45,66,268
45,67,64
45,68,314
45,72,237
45,73,143
45,75,206
45,76,78
45,77,206
45,80,339
45,82,73
45,84,379
45,85,310
45,86,4
45,96,285
45,98,349
45,99,295
45,103,81
45,104,363
45,114,37
45,116,209
45,118,245
45,119,228
45,121,214
45,123,318
45,125,335
45,128,221
45,129,88
45,130,47
45,143,283
45,146,18
45,148,334
45,152,395
45,156,64
45,157,319
45,162,343
45,163,221
45,173,71
45,175,290
45,177,198
45,179,355
45,181,192
45,185,44
45,186,88
45,187,287
45,191,46
45,192,209
45,195,11
46,1,145
46,2,43
46,3,63
46,5,228
46,6,270
46,9,27
46,10,299
46,11,263
46,12,236
46,13,100
46,14,32
46,16,234
46,18,20
46,19,341
46,20,331
46,22,17
46,23,209
46,26,41
46,28,354
46,29,31
46,30,389
46,32,75
46,33,127
46,34,369
46,36,376
46,37,124
46,38,11
46,39,52
46,41,23
46,45,103
46,47,321
46,48,270
46,49,152
