source,target,weight
1,2,394
1,3,273
1,4,354
1,5,95
1,7,215
1,8,307
1,10,132
1,11,297
1,12,211
1,13,25
1,14,162
1,15,286
1,16,47
1,17,187
1,18,288
1,19,321
1,20,170
1,21,107
1,22,58
1,23,278
1,24,106
1,25,170
1,29,287
1,30,218
1,31,335
1,32,396
1,33,361
1,34,311
1,35,61
1,36,286
1,37,73
1,39,126
1,44,381
1,47,47
1,51,36
1,55,155
1,57,114
1,58,48
1,59,199
1,61,79
1,62,376
1,63,245
1,64,96
1,65,54
1,68,276
1,70,34
1,72,234
1,73,228
1,75,294
1,77,283
1,78,290
1,80,243
1,82,41
1,85,314
1,87,355
1,88,338
1,95,41
1,100,364
1,102,132
1,104,271
1,105,247
1,106,288
1,109,82
1,110,292
1,114,82
1,115,397
1,119,35
1,121,185
1,122,63
1,127,99
1,132,21
1,135,242
1,141,379
1,144,102
1,146,371
1,149,70
1,150,96
1,152,307
1,156,135
1,158,346
1,162,334
1,163,323
1,166,85
1,167,347
1,173,325
1,175,144
1,177,324
1,182,400
1,184,225
1,190,210
1,192,163
1,194,104
2,1,394
2,3,158
2,4,343
2,5,315
2,6,262
2,9,12
2,10,228
2,12,302
2,15,145
2,16,228
2,17,382
2,18,337
2,19,156
2,20,29
2,21,379
2,22,24
2,23,105
2,24,382
2,25,237
2,26,288
2,27,10
2,28,260
2,29,280
2,30,301
2,31,90
2,32,131
2,33,162
2,35,260
2,36,364
2,38,26
2,39,248
2,40,60
2,41,88
2,42,8
2,43,24
2,44,175
2,46,94
2,47,90
2,48,177
2,49,226
2,50,97
2,52,263
2,53,213
2,54,339
2,55,13
2,57,28
2,59,214
2,60,360
2,62,122
2,64,93
2,65,269
2,66,299
2,68,37
2,69,358
2,72,310
2,73,5
2,77,319
2,79,13
2,80,10
2,82,326
2,83,384
2,86,47
2,87,381
2,90,188
2,91,299
2,94,155
2,98,169
2,100,215
2,101,316
2,103,82
2,104,132
2,105,84
2,106,5
2,107,209
2,108,23
2,110,198
2,114,208
2,116,206
2,118,153
2,126,348
2,127,256
2,130,57
2,132,246
2,133,366
2,136,138
2,137,205
2,139,70
2,140,191
2,141,283
2,144,321
2,157,396
2,159,240
2,160,336
2,164,325
2,170,198
2,172,398
2,179,35
2,196,77
2,198,190
3,1,273
3,2,158
3,4,285
3,7,349
3,8,312
3,9,226
3,10,399
3,11,62
3,13,343
3,14,373
3,15,75
3,16,132
3,17,350
3,20,334
3,21,82
3,24,17
3,25,36
3,26,188
3,27,220
3,28,244
3,29,25
3,30,86
3,38,273
3,39,169
3,40,26
3,41,395
3,42,378
3,44,168
3,45,293
3,47,266
3,48,268
3,49,84
3,50,142
3,51,346
3,53,211
3,54,170
3,57,371
3,58,312
3,59,284
3,61,255
3,62,320
3,64,233
3,66,380
3,68,207
3,70,36
3,71,89
3,72,207
3,73,299
3,74,73
3,75,236
3,76,365
3,77,353
3,78,200
3,80,159
3,81,399
3,85,279
3,86,340
3,87,194
3,91,280
3,92,15
3,94,40
3,97,85
3,98,85
3,99,148
3,100,271
3,101,13
3,103,38
3,104,116
3,107,37
3,109,265
3,110,18
3,111,231
3,112,78
3,113,38
3,114,242
3,120,88
3,125,233
3,132,363
3,133,64
3,134,130
3,137,201
3,140,238
3,143,251
3,144,163
3,145,187
3,147,142
3,150,297
3,151,163
3,152,305
3,155,76
3,159,209
3,160,288
3,161,338
3,166,306
3,167,30
3,168,67
3,171,243
3,174,134
3,177,202
3,179,73
3,184,273
3,187,63
3,190,85
3,194,30
3,195,387
3,198,2
4,1,354
4,2,343
4,3,285
4,5,354
4,6,46
4,7,258
4,8,336
4,10,123
4,11,65
4,13,184
4,15,346
4,20,25
4,23,349
4,24,355
4,26,344
4,29,155
4,30,122
4,31,299
4,32,287
4,34,381
4,35,320
4,37,101
4,39,318
4,42,78
4,43,156
4,45,64
4,46,372
4,47,3
4,48,144
4,49,72
4,50,26
4,51,255
4,54,363
4,56,123
4,57,36
4,58,61
4,61,382
4,62,185
4,64,66
4,66,363
4,67,355
4,68,112
4,69,103
4,71,171
4,76,50
4,77,326
4,78,93
4,80,378
4,81,47
4,82,69
4,84,276
4,85,133
4,86,272
4,88,392
4,92,221
4,95,186
4,99,249
4,103,231
4,104,172
4,108,112
4,116,114
4,118,27
4,120,101
4,121,272
4,123,309
4,130,310
4,133,98
4,136,262
4,138,169
4,139,84
4,148,386
4,149,105
4,151,382
4,157,91
4,160,278
4,168,31
4,170,86
4,173,17
4,175,1
4,180,304
4,186,50
4,188,92
4,189,226
4,190,394
4,191,322
4,192,73
4,194,165
4,199,11
5,1,95
5,2,315
5,4,354
5,6,243
5,9,393
5,10,142
5,11,58
5,12,79
5,13,177
5,15,109
5,16,393
5,17,98
5,18,265
5,19,249
5,21,335
5,22,153
5,24,17
5,29,196
5,30,32
5,31,340
5,33,91
5,35,122
5,36,258
5,38,393
5,39,111
5,41,86
5,42,91
5,43,59
5,44,44
5,46,382
5,47,19
5,49,35
5,50,263
5,52,81
5,54,238
5,55,386
5,57,307
5,58,265
5,62,83
5,64,379
5,67,174
5,69,156
5,70,198
5,72,359
5,73,132
5,74,268
5,76,212
5,79,275
5,80,349
5,81,268
5,82,289
5,85,19
5,86,40
5,88,279
5,90,207
5,91,297
5,94,11
5,98,259
5,101,210
5,102,267
5,104,162
5,105,311
5,109,228
5,111,213
5,114,100
5,116,79
5,123,82
5,125,226
5,127,354
5,132,287
5,134,72
5,135,356
5,137,369
5,138,207
5,141,194
5,146,161
5,158,191
5,160,134
5,165,348
5,168,60
5,169,197
5,173,149
5,176,387
5,178,115
5,185,302
5,186,259
5,189,81
5,196,137
5,197,219
6,2,262
6,4,46
6,5,243
6,7,374
6,9,42
6,10,272
6,11,15
6,12,245
6,13,361
6,14,134
6,15,142
6,16,183
6,20,223
6,21,261
6,22,115
6,26,231
6,27,311
6,28,132
6,30,284
6,31,310
6,33,146
6,34,308
6,35,62
6,36,92
6,37,171
6,38,54
6,39,366
6,40,222
6,43,63
6,44,170
6,45,313
6,47,262
6,48,384
6,49,341
6,51,52
6,52,200
6,55,215
6,61,124
6,62,389
6,63,247
6,67,271
6,68,208
6,69,82
6,71,296
6,72,133
6,73,325
6,76,224
6,79,307
6,87,6
6,88,65
6,93,122
6,94,144
6,95,155
6,98,62
6,99,394
6,100,289
6,102,326
6,104,76
6,106,31
6,108,129
6,109,372
6,123,369
6,125,151
6,126,353
6,127,299
6,131,304
6,133,163
6,134,54
6,135,178
6,142,190
6,146,163
6,152,296
6,153,296
6,154,248
6,155,273
6,157,251
6,160,134
6,162,281
6,163,390
6,166,162
6,171,70
6,173,225
6,174,305
6,176,62
6,177,173
6,178,184
6,179,280
6,184,394
6,186,216
6,189,204
6,190,368
6,191,278
6,194,393
6,195,241
6,198,238
7,1,215
7,3,349
7,4,258
7,6,374
7,8,377
7,9,48
7,12,29
7,13,18
7,14,29
7,15,222
7,17,189
7,18,196
7,19,175
7,20,398
7,21,127
7,22,273
7,23,102
7,25,318
7,26,216
7,27,129
7,28,108
7,29,94
7,30,394
7,32,395
7,33,389
7,37,218
7,38,60
7,41,201
7,43,54
7,45,368
7,46,193
7,47,262
7,48,275
7,50,204
7,52,273
7,53,309
7,55,179
7,56,33
7,58,28
7,59,180
7,60,218
7,63,231
7,65,238
7,66,279
7,68,106
7,70,7
7,72,50
7,80,365
7,81,89
7,83,88
7,86,388
7,87,216
7,89,111
7,90,117
7,91,364
7,92,158
7,94,16
7,95,267
7,97,57
7,100,382
7,101,245
7,103,365
7,106,87
7,110,185
7,111,332
7,112,111
7,116,64
7,117,206
7,118,261
7,125,146
7,127,305
7,128,17
7,130,318
7,134,300
7,140,393
7,147,30
7,152,57
7,161,242
7,162,314
7,165,59
7,167,99
7,169,398
7,170,244
7,172,145
7,173,51
7,181,316
7,182,248
7,183,153
7,185,262
7,188,263
7,193,243
7,196,71
7,198,293
8,1,307
8,3,312
8,4,336
8,7,377
8,10,79
8,11,107
8,14,279
8,15,351
8,16,171
8,19,343
8,20,272
8,21,161
8,22,156
8,24,301
8,25,119
8,26,144
8,27,184
8,28,228
8,29,288
8,30,13
8,31,96
8,32,232
8,33,317
8,34,353
8,35,275
8,36,131
8,37,283
8,38,133
8,41,312
8,45,347
8,48,388
8,49,368
8,50,220
8,51,163
8,52,247
8,54,178
8,56,393
8,57,139
8,58,312
8,59,278
8,60,362
8,62,392
8,63,157
8,64,139
8,65,133
8,68,31
8,69,227
8,71,170
8,72,229
8,73,166
8,74,64
8,76,341
8,77,142
8,78,61
8,79,86
8,80,64
8,83,356
8,84,111
8,85,127
8,86,117
8,87,328
8,90,255
8,94,240
8,95,288
8,97,160
8,101,216
8,103,10
8,105,219
8,108,309
8,113,238
8,116,178
8,118,212
8,121,396
8,126,325
8,127,269
8,128,257
8,129,306
8,133,217
8,135,108
8,136,256
8,138,52
8,139,37
8,141,345
8,142,161
8,144,223
8,150,285
8,156,269
8,159,228
8,160,264
8,162,322
8,168,388
8,170,379
8,173,274
8,174,261
8,180,201
8,181,357
8,185,311
8,186,376
8,187,383
8,188,381
8,191,68
8,195,313
8,198,279
9,2,12
9,3,226
9,5,393
9,6,42
9,7,48
9,10,323
9,11,361
9,12,102
9,13,106
9,14,252
9,16,390
9,17,69
9,18,145
9,19,209
9,20,8
9,23,322
9,24,226
9,25,44
9,28,87
9,29,19
9,31,363
9,32,370
9,33,383
9,34,256
9,35,323
9,36,25
9,38,154
9,39,174
9,42,323
9,44,273
9,45,98
9,46,78
9,48,346
9,49,35
9,51,56
9,52,179
9,53,140
9,54,184
9,55,239
9,56,34
9,57,85
9,58,47
9,60,182
9,61,310
9,63,50
9,64,212
9,66,211
9,67,253
9,68,153
9,69,252
9,70,27
9,71,28
9,75,186
9,77,50
9,78,375
9,80,95
9,81,75
9,83,356
9,87,194
9,88,121
9,89,180
9,93,87
9,94,15
9,95,89
9,96,311
9,99,156
9,100,186
9,101,135
9,102,57
9,104,256
9,105,2
9,111,229
9,112,287
9,117,348
9,118,354
9,120,10
9,121,312
9,122,362
9,123,207
9,124,208
9,133,209
9,134,346
9,142,267
9,147,268
9,151,55
9,157,360
9,158,281
9,161,120
9,162,64
9,170,220
9,178,207
9,180,144
9,185,237
9,191,95
9,193,148
9,194,302
9,195,210
9,197,137
9,199,139
10,1,132
10,2,228
10,3,399
10,4,123
10,5,142
10,6,272
10,8,79
10,9,323
10,13,215
10,14,399
10,16,336
10,17,308
10,18,274
10,22,181
10,23,186
10,24,172
10,25,241
10,26,175
10,27,247
10,28,30
10,30,227
10,34,39
10,35,105
10,36,241
10,37,70
10,39,191
10,40,226
10,41,183
10,43,96
10,45,331
10,46,166
10,47,58
10,49,101
10,53,209
10,54,64
10,56,238
10,57,274
10,59,147
10,64,163
10,65,78
10,67,306
10,68,266
10,71,126
10,74,393
10,75,60
10,76,160
10,78,374
10,80,166
10,81,66
10,82,330
10,84,146
10,86,349
10,87,279
10,89,122
10,90,213
10,91,71
10,98,269
10,99,151
10,100,380
10,101,332
10,106,285
10,107,231
10,108,51
10,109,248
10,110,115
10,112,97
10,115,388
10,116,378
10,117,398
10,118,190
10,122,28
10,126,389
10,127,38
10,128,13
10,132,176
10,135,192
10,138,182
10,146,45
10,147,129
10,149,12
10,150,289
10,151,69
10,152,49
10,156,2
10,159,100
10,165,371
10,170,250
10,172,375
10,173,352
10,176,267
10,182,240
10,184,184
10,186,161
10,187,39
10,193,67
10,195,266
10,199,266
11,1,297
11,3,62
11,4,65
11,5,58
11,6,15
11,8,107
11,9,361
11,15,69
11,16,54
11,17,16
11,19,293
11,21,156
11,27,269
11,35,195
11,39,265
11,43,232
11,46,98
11,49,61
11,50,76
11,51,1
11,53,309
11,54,199
11,55,210
11,58,363
11,59,89
11,63,266
11,67,6
11,68,31
11,70,132
11,71,17
11,73,251
11,75,91
11,76,261
11,80,103
11,84,377
11,85,242
11,87,376
11,89,28
11,90,296
11,92,231
11,93,144
11,94,340
11,96,120
11,99,166
11,100,304
11,101,109
11,102,280
11,104,299
11,115,340
11,116,364
11,118,302
11,119,398
11,120,195
11,122,129
11,124,275
11,127,111
11,129,17
11,133,347
11,138,165
11,139,206
11,140,111
11,144,222
11,145,250
11,147,208
11,150,208
11,156,134
11,159,351
11,161,369
11,164,171
11,165,163
11,166,362
11,170,143
11,172,92
11,177,159
11,180,159
11,184,159
11,197,73
12,1,211
12,2,302
12,5,79
12,6,245
12,7,29
12,9,102
12,15,345
12,17,396
12,18,187
12,20,148
12,24,305
12,25,61
12,26,296
12,27,109
12,28,163
12,30,349
12,32,337
12,33,373
12,34,88
12,37,226
12,38,224
12,39,58
12,40,231
12,41,346
12,42,340
12,43,60
12,44,183
12,47,381
12,49,207
12,51,77
12,54,354
12,55,318
12,56,383
12,57,34
12,58,386
12,61,138
12,64,270
12,65,183
12,67,139
12,68,309
12,69,14
12,70,198
12,71,218
12,73,24
12,77,243
12,79,4
12,80,196
12,85,116
12,86,344
12,88,54
12,89,371
12,90,330
12,91,238
12,94,327
12,97,189
12,98,276
12,99,68
12,101,126
12,104,4
12,107,53
12,109,102
12,110,153
12,112,250
12,114,76
12,116,66
12,119,320
12,120,203
12,121,344
12,123,141
12,126,10
12,132,309
12,133,176
12,134,240
12,135,281
12,136,8
12,137,192
12,138,58
12,139,105
12,142,305
12,144,322
12,147,6
12,151,135
12,155,79
12,159,278
12,164,154
12,167,148
12,168,164
12,173,357
12,182,240
12,183,78
13,1,25
13,3,343
13,4,184
13,5,177
13,6,361
13,7,18
13,9,106
13,10,215
13,17,222
13,18,181
13,19,34
13,21,387
13,23,400
13,24,1
13,26,65
13,27,328
13,28,81
13,29,355
13,30,74
13,31,159
13,32,50
13,35,117
13,36,10
13,37,311
13,39,152
13,41,316
13,46,294
13,47,228
13,48,393
13,49,191
13,52,316
13,54,301
13,57,370
13,59,107
13,60,42
13,61,286
13,62,1
13,63,60
13,64,136
13,66,239
13,67,72
13,68,157
13,71,242
13,72,311
13,75,263
13,76,340
13,77,350
13,78,310
13,80,302
13,83,99
13,84,146
13,85,62
13,86,231
13,87,221
13,88,377
13,90,32
13,92,290
13,95,200
13,96,115
13,97,186
13,102,97
13,104,52
13,107,245
13,111,153
13,112,149
13,115,220
13,121,38
13,122,375
13,126,371
13,128,335
13,129,195
13,130,42
13,132,164
13,140,399
13,141,262
13,147,124
13,149,395
13,151,34
13,155,10
13,156,5
13,167,38
13,168,273
13,169,184
13,172,307
13,176,23
13,178,355
13,180,202
13,181,37
13,185,169
13,190,77
13,194,244
13,197,245
13,199,272
14,1,162
14,3,373
14,6,134
14,7,29
14,8,279
14,9,252
14,10,399
14,15,75
14,16,318
14,18,275
14,19,356
14,20,218
14,23,298
14,25,45
14,26,335
14,27,197
14,28,249
14,29,154
14,30,202
14,31,66
14,32,321
14,33,371
14,34,231
14,36,306
14,37,162
14,40,364
14,41,189
14,42,230
14,44,27
14,45,375
14,48,233
14,49,32
14,51,216
14,52,399
14,54,158
14,55,169
14,56,49
14,60,126
14,61,327
14,64,327
14,65,114
14,66,51
14,68,158
14,69,357
14,70,33
14,71,395
14,73,170
14,74,139
14,75,261
14,76,73
14,79,185
14,80,230
14,81,309
14,82,265
14,83,252
14,84,326
14,85,282
14,86,186
14,88,285
14,90,57
14,92,286
14,95,241
14,101,119
14,103,82
14,105,211
14,107,246
14,108,237
14,110,52
14,112,249
14,114,209
14,117,253
14,120,250
14,121,130
14,122,350
14,126,136
14,127,273
14,128,99
14,129,268
14,132,147
14,133,291
14,134,204
14,136,237
14,137,72
14,138,271
14,139,396
14,140,123
14,145,364
14,148,181
14,149,287
14,150,257
14,154,161
14,158,248
14,160,207
14,161,159
14,169,88
14,170,238
14,176,16
14,181,330
14,184,105
14,187,60
14,188,147
14,195,202
14,198,190
14,199,156
14,200,393
15,1,286
15,2,145
15,3,75
15,4,346
15,5,109
15,6,142
15,7,222
15,8,351
15,11,69
15,12,345
15,14,75
15,16,11
15,17,286
15,19,253
15,20,140
15,21,1
15,23,221
15,24,87
15,25,119
15,26,51
15,27,100
15,28,245
15,31,38
15,32,19
15,33,210
15,35,246
15,36,71
15,37,311
15,38,80
15,40,350
15,41,26
15,43,170
15,44,144
15,45,289
15,46,185
15,47,157
15,48,155
15,49,36
15,50,250
15,51,16
15,52,331
15,55,203
15,57,284
15,58,149
15,59,291
15,60,363
15,64,382
15,65,106
15,66,341
15,67,236
15,68,117
15,69,222
15,73,235
15,74,13
15,75,16
15,76,317
15,77,1
15,78,168
15,79,231
15,80,70
15,81,266
15,82,104
15,85,337
15,86,105
15,88,126
15,89,100
15,90,28
15,92,375
15,96,115
15,97,351
15,100,355
15,101,231
15,102,374
15,103,208
15,108,179
15,111,97
15,113,113
15,117,89
15,120,12
15,121,58
15,124,91
15,128,292
15,130,275
15,133,186
15,137,310
15,139,107
15,140,18
15,152,31
15,153,165
15,156,379
15,158,344
15,159,325
15,163,175
15,164,330
15,165,385
15,166,310
15,169,230
15,175,115
15,181,82
15,183,142
15,187,398
15,191,325
15,192,73
15,195,274
15,197,308
16,1,47
16,2,228
16,3,132
16,5,393
16,6,183
16,8,171
16,9,390
16,10,336
16,11,54
16,14,318
16,15,11
16,17,19
16,18,307
16,19,21
16,20,224
16,21,326
16,23,365
16,24,187
16,26,234
16,28,267
16,29,68
16,30,210
16,32,393
16,33,211
16,34,16
16,36,365
16,37,339
16,38,351
16,39,266
16,40,97
16,42,382
16,43,343
16,44,73
16,45,174
16,46,187
16,47,274
16,49,340
16,50,51
16,51,91
16,52,12
16,53,29
16,56,392
16,57,36
16,59,81
16,60,338
16,61,171
16,62,307
16,63,196
16,64,80
16,65,43
16,67,142
16,69,90
16,70,387
16,71,370
16,72,369
16,74,377
16,75,334
16,76,148
16,77,128
16,78,376
16,79,239
16,80,5
16,81,163
16,82,55
16,83,275
16,84,347
16,85,399
16,90,51
16,92,70
16,96,116
16,98,165
16,100,289
16,101,246
16,102,211
16,104,267
16,105,74
16,107,348
16,108,135
16,110,144
16,111,193
16,112,285
16,113,301
16,114,199
16,115,108
16,116,353
16,119,234
16,120,143
16,126,88
16,131,384
16,133,346
16,136,290
16,140,54
16,144,351
16,145,215
16,147,61
16,148,69
16,149,300
16,152,205
16,154,168
16,156,223
16,159,201
16,161,147
16,166,348
16,167,242
16,173,48
16,177,329
16,180,250
16,183,110
16,184,119
16,185,120
16,196,198
16,197,152
16,199,145
17,1,187
17,2,382
17,3,350
17,5,98
17,7,189
17,9,69
17,10,308
17,11,16
17,12,396
17,13,222
17,15,286
17,16,19
17,18,164
17,19,224
17,20,73
17,23,250
17,24,99
17,25,179
17,26,106
17,27,315
17,28,35
17,31,69
17,34,113
17,35,180
17,36,118
17,37,85
17,39,383
17,40,308
17,43,334
17,45,160
17,46,318
17,47,144
17,48,329
17,49,20
17,50,33
17,51,261
17,52,395
17,53,368
17,54,101
17,55,205
17,56,291
17,57,131
17,58,73
17,59,294
17,60,211
17,61,331
17,62,322
17,63,399
17,65,171
17,67,13
17,68,121
17,69,241
17,70,149
17,72,182
17,76,253
17,78,354
17,79,324
17,81,57
17,83,273
17,84,96
17,85,110
17,87,54
17,88,296
17,90,367
17,91,178
17,94,392
17,95,134
17,96,336
17,97,56
17,98,339
17,102,212
17,105,312
17,107,30
17,108,357
17,109,280
17,110,391
17,111,119
17,113,255
17,114,171
17,116,333
17,117,348
17,119,120
17,121,256
17,122,340
17,123,374
17,124,294
17,126,390
17,136,120
17,137,282
17,138,157
17,139,44
17,142,203
17,143,312
17,147,232
17,148,115
17,149,142
17,150,23
17,152,288
17,154,200
17,159,119
17,162,332
17,163,233
17,174,119
17,176,355
17,178,376
17,180,151
17,184,244
17,185,230
17,193,150
17,197,121
17,198,10
18,1,288
18,2,337
18,5,265
18,7,196
18,9,145
18,10,274
18,12,187
18,13,181
18,14,275
18,16,307
18,17,164
18,21,142
18,22,187
18,23,67
18,24,203
18,26,234
18,27,6
18,29,167
18,31,170
18,32,208
18,33,93
18,34,385
18,36,172
18,37,158
18,38,372
18,40,3
18,41,65
18,43,282
18,44,143
18,45,99
18,46,329
18,47,392
18,51,373
18,52,55
18,53,187
18,54,9
18,57,230
18,58,154
18,60,291
18,63,381
18,64,220
18,66,187
18,67,110
18,68,167
18,69,370
18,70,316
18,71,371
18,74,200
18,75,294
18,76,181
18,78,105
18,81,249
18,84,6
18,85,110
18,86,249
18,87,145
18,89,102
18,93,396
18,95,244
18,97,341
18,99,167
18,100,48
18,102,33
18,103,49
18,104,286
18,105,224
18,111,189
18,117,181
18,119,227
18,120,241
18,121,297
18,125,148
18,126,199
18,130,358
18,132,107
18,133,77
18,134,186
18,137,177
18,141,173
18,144,167
18,152,135
18,153,358
18,156,336
18,160,319
18,162,162
18,163,363
18,165,75
18,166,185
18,169,168
18,180,42
18,182,166
18,191,212
18,192,215
18,194,284
18,195,391
18,198,132
19,1,321
19,2,156
19,5,249
19,7,175
19,8,343
19,9,209
19,11,293
19,13,34
19,14,356
19,15,253
19,16,21
19,17,224
19,20,309
19,22,326
19,24,248
19,25,44
19,27,383
19,29,90
19,30,361
19,31,341
19,32,12
19,34,317
19,35,75
19,36,399
19,37,364
19,44,221
19,45,342
19,46,212
19,47,300
19,48,300
19,49,107
19,50,325
19,51,197
19,53,252
19,54,187
19,55,368
19,56,133
19,57,295
19,59,73
19,60,161
19,61,25
19,62,293
19,64,269
19,65,139
19,66,217
19,68,85
19,69,254
19,71,292
19,72,342
19,73,190
19,74,16
19,76,104
19,77,102
19,78,140
19,81,382
19,82,153
19,84,151
19,86,247
19,87,183
19,88,386
19,90,122
19,91,52
19,92,70
19,94,355
19,96,341
19,97,381
19,98,34
19,101,186
19,105,304
19,106,198
19,110,57
19,111,55
19,114,350
19,115,98
19,117,7
19,119,65
19,122,137
19,130,189
19,134,323
19,136,38
19,137,180
19,138,263
19,144,345
19,145,67
19,146,163
19,150,110
19,151,351
19,152,323
19,153,112
19,154,380
19,158,9
19,160,248
19,161,123
19,163,180
19,166,170
19,167,180
19,176,273
19,181,75
19,189,175
19,190,177
20,1,170
20,2,29
20,3,334
20,4,25
20,6,223
20,7,398
20,8,272
20,9,8
20,12,148
20,14,218
20,15,140
20,16,224
20,17,73
20,19,309
20,21,324
20,22,358
20,23,190
20,24,397
20,25,93
20,26,153
20,27,54
20,28,351
20,30,179
20,31,244
20,35,33
20,36,157
20,37,142
20,38,44
20,40,39
20,42,363
20,44,181
20,46,313
20,47,53
20,48,268
20,50,249
20,51,334
20,53,282
20,55,103
20,57,237
20,58,224
20,59,222
20,60,261
20,63,143
20,64,97
20,65,386
20,66,292
20,67,184
20,68,168
20,69,196
20,71,212
20,72,391
20,74,8
20,75,165
20,76,366
20,77,83
20,78,257
20,86,381
20,88,335
20,93,206
20,94,313
20,95,243
20,96,333
20,100,307
20,102,109
20,103,358
20,112,163
20,119,364
20,123,349
20,126,11
20,127,336
20,129,270
20,137,37
20,141,302
20,143,172
20,146,78
20,147,170
20,149,7
20,150,185
20,151,84
20,154,271
20,157,264
20,158,223
20,159,385
20,162,356
20,163,170
20,168,329
20,170,113
20,172,110
20,174,142
20,179,233
20,182,341
20,196,88
20,200,91
21,1,107
21,2,379
21,3,82
21,5,335
21,6,261
21,7,127
21,8,161
21,11,156
21,13,387
21,15,1
21,16,326
21,18,142
21,20,324
21,22,19
21,23,278
21,25,276
21,26,300
21,27,321
21,28,136
21,29,394
21,30,321
21,31,328
21,32,312
21,33,117
21,35,343
21,37,35
21,38,343
21,39,231
21,40,291
21,41,143
21,42,43
21,43,388
21,44,263
21,45,109
21,46,232
21,47,160
21,48,47
21,49,40
21,51,176
21,53,155
21,54,148
21,55,225
21,56,69
21,57,341
21,59,299
21,60,107
21,61,45
21,62,28
21,64,236
21,68,331
21,70,165
21,73,282
21,75,95
21,76,379
21,81,291
21,82,199
21,83,81
21,84,340
21,85,60
21,88,180
21,92,193
21,93,173
21,94,97
21,95,77
21,97,86
21,101,269
21,108,258
21,115,211
21,116,261
21,119,25
21,120,267
21,121,20
21,122,94
21,124,374
21,125,83
21,126,186
21,127,28
21,128,300
21,130,313
21,131,239
21,138,231
21,139,378
21,140,145
21,143,28
21,144,371
21,146,276
21,148,189
21,157,265
21,158,341
21,159,390
21,165,96
21,167,143
21,168,45
21,169,241
21,170,77
21,174,18
21,176,121
21,183,216
21,186,86
21,188,218
21,190,233
21,195,216
21,196,43
21,198,81
21,199,341
22,1,58
22,2,24
22,5,153
22,6,115
22,7,273
22,8,156
22,10,181
22,18,187
22,19,326
22,20,358
22,21,19
22,25,156
22,26,65
22,27,348
22,28,282
22,32,249
22,33,92
22,34,184
22,35,130
22,36,93
22,38,360
22,39,192
22,41,6
22,43,126
22,45,84
22,46,110
22,47,284
22,48,271
22,51,55
22,52,256
22,54,25
22,56,198
22,58,119
22,60,144
22,61,103
22,63,94
22,64,211
22,65,307
22,66,185
22,67,287
22,68,200
22,69,209
22,70,5
22,72,19
22,74,343
22,79,298
22,80,19
22,82,195
22,84,375
22,85,227
22,86,237
22,87,346
22,89,100
22,90,165
22,91,361
22,92,303
22,93,36
22,94,298
22,99,168
22,100,69
22,103,265
22,105,155
22,106,235
22,107,34
22,109,345
22,110,267
22,112,179
22,117,58
22,118,170
22,120,359
22,121,34
22,122,67
22,124,125
22,125,322
22,126,6
22,129,274
22,133,44
22,134,15
22,138,17
22,140,387
22,142,44
22,149,221
22,152,357
22,158,30
22,161,205
22,163,202
22,169,167
22,170,389
22,172,275
22,188,358
22,190,219
22,191,399
22,195,68
22,200,50
23,1,278
23,2,105
23,4,349
23,7,102
23,9,322
23,10,186
23,13,400
23,14,298
23,15,221
23,16,365
23,17,250
23,18,67
23,20,190
23,21,278
23,25,35
23,26,34
23,30,205
23,32,186
23,33,129
23,34,295
23,36,252
23,40,254
23,43,257
23,44,112
23,47,239
23,49,330
23,50,141
23,51,38
23,52,181
23,54,278
23,55,85
23,56,180
23,57,258
23,58,360
23,59,133
23,60,65
23,61,22
23,62,247
23,63,225
23,64,307
23,65,365
23,67,291
23,69,55
23,70,155
23,76,78
23,77,349
23,81,384
23,87,275
23,88,186
23,91,315
23,93,160
23,94,73
23,95,127
23,97,25
23,105,135
23,106,394
23,107,278
23,108,286
23,109,262
23,111,297
23,112,248
23,113,122
23,114,74
23,115,245
23,117,357
23,118,64
23,121,294
23,122,65
23,123,134
23,125,284
23,126,93
23,132,212
23,133,65
23,136,181
23,141,102
23,145,19
23,148,320
23,154,275
23,156,123
23,159,280
23,163,152
23,165,363
23,168,103
23,176,331
23,179,18
23,181,197
23,183,111
23,187,35
23,193,212
23,194,299
23,196,51
23,200,348
24,1,106
24,2,382
24,3,17
24,4,355
24,5,17
24,8,301
24,9,226
24,10,172
24,12,305
24,13,1
24,15,87
24,16,187
24,17,99
24,18,203
24,19,248
24,20,397
24,25,219
24,26,8
24,27,77
24,28,186
24,29,359
24,30,64
24,32,157
24,33,325
24,36,255
24,39,272
24,41,169
24,42,328
24,43,190
24,46,130
24,47,349
24,48,357
24,49,16
24,51,331
24,52,26
24,53,264
24,54,33
24,55,26
24,56,130
24,57,43
24,58,201
24,59,230
24,60,288
24,63,325
24,64,29
24,65,108
24,66,212
24,67,91
24,68,394
24,69,323
24,70,151
24,71,74
24,72,165
24,73,125
24,77,261
24,80,362
24,81,185
24,82,100
24,84,347
24,85,51
24,86,351
24,89,289
24,91,127
24,95,390
24,99,279
24,100,262
24,104,350
24,105,243
24,106,41
24,110,89
24,111,136
24,113,24
24,117,364
24,120,93
24,121,6
24,123,254
24,128,171
24,133,202
24,135,39
24,140,5
24,141,237
24,142,7
24,143,91
24,144,55
24,145,169
24,146,232
24,147,45
24,151,306
24,157,350
24,158,289
24,160,96
24,164,91
24,166,369
24,172,384
24,175,214
24,176,180
24,179,262
24,180,392
24,184,138
24,189,161
24,193,18
24,195,365
24,198,95
24,200,39
25,1,170
25,2,237
25,3,36
25,7,318
25,8,119
25,9,44
25,10,241
25,12,61
25,14,45
25,15,119
25,17,179
25,19,44
25,20,93
25,21,276
25,22,156
25,23,35
25,24,219
25,27,308
25,29,14
25,31,79
25,32,105
25,33,4
25,34,277
25,35,155
25,37,84
25,38,376
25,40,227
25,42,148
25,43,75
25,44,250
25,46,126
25,47,318
25,48,105
25,49,187
25,50,29
25,51,235
25,52,197
25,53,136
25,55,224
25,57,239
25,58,380
25,59,15
25,62,253
25,63,186
25,65,134
25,66,189
25,68,100
25,69,243
25,72,109
25,73,276
25,75,8
25,76,298
25,81,29
25,82,246
25,83,398
25,84,271
25,85,134
25,87,369
25,88,179
25,89,239
25,90,173
25,91,61
25,93,104
25,96,84
25,97,372
25,99,374
25,101,279
25,103,336
25,104,157
25,105,89
25,109,222
25,110,87
25,111,195
25,113,142
25,115,247
25,117,381
25,118,95
25,120,168
25,123,330
25,126,211
25,128,11
25,130,376
25,134,257
25,135,229
25,136,180
25,137,69
25,143,55
25,145,115
25,148,198
25,152,98
25,153,255
25,155,327
25,157,319
25,165,317
25,167,271
25,169,22
25,173,58
25,181,272
25,182,334
25,189,340
25,195,399
26,2,288
26,3,188
26,4,344
26,6,231
26,7,216
26,8,144
26,10,175
26,12,296
26,13,65
26,14,335
26,15,51
26,16,234
26,17,106
26,18,234
26,20,153
26,21,300
26,22,65
26,23,34
26,24,8
26,27,305
26,28,320
26,29,89
26,30,266
26,31,83
26,35,142
26,37,371
26,38,221
26,39,379
26,41,324
26,42,295
26,44,149
26,45,290
26,47,375
26,48,300
26,50,357
26,51,176
26,53,12
26,55,233
26,56,77
26,60,264
26,61,267
26,62,348
26,64,150
26,65,267
26,69,80
26,70,135
26,71,224
26,72,234
26,73,208
26,75,12
26,76,247
26,77,116
26,78,22
26,79,35
26,81,154
26,82,12
26,83,287
26,84,337
26,86,164
26,87,380
26,89,396
26,92,257
26,94,84
26,96,173
26,97,302
26,100,116
26,101,394
26,103,108
26,104,194
26,106,6
26,107,100
26,108,60
26,109,145
26,110,291
26,114,102
26,117,274
26,118,117
26,121,275
26,122,182
26,130,96
26,136,71
26,139,284
26,141,101
26,142,399
26,145,121
26,148,332
26,151,392
26,154,115
26,155,125
26,162,116
26,165,301
26,169,274
26,175,5
26,180,115
26,184,343
26,185,249
26,186,347
26,187,122
26,192,114
26,200,118
27,2,10
27,3,220
27,6,311
27,7,129
27,8,184
27,10,247
27,11,269
27,12,109
27,13,328
27,14,197
27,15,100
27,17,315
27,18,6
27,19,383
27,20,54
27,21,321
27,22,348
27,24,77
27,25,308
27,26,305
27,29,384
27,30,310
27,31,134
27,32,25
27,33,234
27,35,79
27,38,394
27,39,384
27,40,201
27,41,39
27,42,361
27,43,92
27,44,282
27,48,102
27,49,123
27,50,89
27,51,260
27,52,173
27,53,99
27,56,242
27,57,288
27,60,260
27,62,23
27,63,206
27,65,283
27,66,83
27,67,125
27,68,207
27,71,278
27,72,313
27,73,168
27,75,399
27,77,367
27,78,358
27,80,236
27,81,394
27,83,346
27,85,55
27,88,122
27,89,341
27,90,11
27,97,295
27,100,297
27,101,277
27,102,237
27,104,126
27,108,56
27,110,183
27,112,26
27,113,290
27,114,110
27,115,76
27,119,17
27,123,141
27,124,251
27,127,295
27,128,207
27,129,370
27,130,395
27,133,118
27,134,229
27,135,22
27,137,307
27,138,74
27,140,276
27,143,157
27,144,391
27,150,116
27,151,257
27,155,117
27,156,287
27,161,371
27,163,269
27,169,100
27,171,247
27,191,10
27,193,200
27,198,226
28,2,260
28,3,244
28,6,132
28,7,108
28,8,228
28,9,87
28,10,30
28,12,163
28,13,81
28,14,249
28,15,245
28,16,267
28,17,35
28,20,351
28,21,136
28,22,282
28,24,186
28,26,320
28,29,95
28,30,267
28,31,345
28,34,379
28,37,267
28,38,135
28,40,82
28,41,365
28,42,228
28,43,202
28,44,180
28,48,14
28,49,130
28,50,148
28,51,341
28,52,297
28,54,53
28,55,366
28,56,151
28,59,183
28,60,345
28,61,219
28,62,29
28,63,38
28,64,115
28,65,222
28,66,382
28,68,208
28,69,54
28,70,350
28,72,122
28,73,119
28,74,307
28,76,291
28,77,11
28,78,178
28,79,288
28,80,57
28,83,112
28,84,268
28,89,225
28,93,395
28,95,269
28,96,373
28,98,172
28,100,399
28,101,238
28,103,135
28,104,397
28,105,183
28,106,162
28,108,164
28,109,41
28,111,122
28,112,246
28,115,13
28,118,316
28,120,346
28,121,204
28,122,44
28,123,110
28,125,107
28,126,379
28,128,130
28,129,175
28,130,130
28,132,83
28,136,187
28,138,122
28,139,250
28,142,351
28,144,288
28,149,262
28,154,29
28,155,1
28,156,156
28,157,259
28,158,168
28,159,395
28,162,88
28,164,361
28,167,104
28,170,38
28,171,301
28,180,192
28,192,158
28,193,42
28,196,173
29,1,287
29,2,280
29,3,25
29,4,155
29,5,196
29,7,94
29,8,288
29,9,19
29,13,355
29,14,154
29,16,68
29,18,167
29,19,90
29,21,394
29,24,359
29,25,14
29,26,89
29,27,384
29,28,95
29,31,118
29,32,392
29,36,257
29,37,75
29,40,117
29,42,378
29,43,316
29,46,140
29,47,325
29,50,59
29,54,227
29,55,10
29,56,89
29,57,161
29,58,149
29,59,312
29,60,288
29,62,317
29,63,346
29,64,146
29,66,206
29,67,124
29,68,290
29,70,328
29,76,113
29,77,86
29,79,171
29,80,17
29,82,144
29,83,150
29,88,335
29,92,346
29,93,172
29,94,235
29,96,342
29,97,106
29,98,391
29,99,78
29,101,192
29,103,31
29,104,336
29,106,277
29,109,185
29,113,291
29,114,187
29,115,166
29,117,30
29,118,224
29,122,386
29,124,164
29,125,90
29,127,99
29,128,256
29,130,280
29,132,94
29,133,395
29,137,367
29,140,275
29,141,222
29,143,149
29,145,249
29,146,252
29,152,215
29,153,158
29,154,159
29,155,229
29,160,178
29,164,398
29,166,141
29,172,358
29,176,233
29,183,11
29,184,184
29,188,196
29,190,47
29,193,325
29,194,68
29,200,119
30,1,218
30,2,301
30,3,86
30,4,122
30,5,32
30,6,284
30,7,394
30,8,13
30,10,227
30,12,349
30,13,74
30,14,202
30,16,210
30,19,361
30,20,179
30,21,321
30,23,205
30,24,64
30,26,266
30,27,310
30,28,267
30,31,393
30,32,101
30,34,37
30,35,53
30,36,160
30,38,272
30,39,219
30,41,280
30,42,242
30,43,146
30,44,66
30,45,99
30,46,195
30,49,54
30,50,250
30,51,395
30,55,366
30,56,125
30,58,12
30,59,226
30,61,60
30,62,113
30,63,25
30,65,317
30,69,22
30,70,395
30,71,239
30,72,114
30,73,356
30,75,337
30,76,87
30,77,37
30,79,178
30,80,87
30,82,197
30,85,322
30,86,27
30,87,288
30,89,156
30,94,36
30,95,178
30,96,304
30,97,93
30,98,99
30,99,265
30,101,220
30,102,170
30,103,125
30,104,164
30,105,234
30,109,36
30,112,29
30,113,60
30,116,142
30,117,110
30,118,64
30,119,222
30,121,275
30,123,400
30,127,31
30,130,284
30,134,132
30,135,121
30,138,4
30,139,172
30,142,361
30,144,34
30,145,127
30,146,173
30,147,341
30,150,390
30,152,104
30,157,266
30,159,232
30,160,296
30,161,381
30,163,134
30,165,392
30,168,42
30,170,339
30,171,247
30,173,257
30,174,79
30,182,202
30,189,174
30,191,58
30,193,252
30,196,5
31,1,335
31,2,90
31,4,299
31,5,340
31,6,310
31,8,96
31,9,363
31,13,159
31,14,66
31,15,38
31,17,69
31,18,170
31,19,341
31,20,244
31,21,328
31,25,79
31,26,83
31,27,134
31,28,345
31,29,118
31,30,393
31,32,176
31,34,281
31,37,160
31,38,386
31,39,16
31,40,159
31,41,245
31,45,220
31,46,52
31,47,99
31,48,146
31,49,383
31,51,139
31,52,347
31,53,92
31,54,40
31,56,298
31,57,363
31,58,41
31,60,66
31,61,325
31,63,222
31,64,259
31,65,335
31,66,366
31,70,400
31,72,87
31,73,14
31,74,335
31,75,343
31,76,258
31,77,139
31,78,390
31,83,327
31,84,279
31,88,370
31,89,264
31,92,262
31,93,269
31,95,400
31,96,101
31,97,385
31,98,114
31,99,231
31,100,144
31,102,252
31,105,131
31,118,173
31,119,364
31,121,245
31,123,36
31,124,145
31,126,182
31,129,257
31,130,176
31,131,50
31,140,170
31,142,78
31,146,359
31,152,157
31,155,28
31,158,385
31,163,63
31,166,389
31,167,260
31,169,247
31,171,136
31,174,35
31,175,76
31,176,288
31,179,115
31,184,24
31,186,318
31,189,7
31,190,319
31,194,324
31,197,130
32,1,396
32,2,131
32,4,287
32,7,395
32,8,232
32,9,370
32,12,337
32,13,50
32,14,321
32,15,19
32,16,393
32,18,208
32,19,12
32,21,312
32,22,249
32,23,186
32,24,157
32,25,105
32,27,25
32,29,392
32,30,101
32,31,176
32,33,332
32,34,149
32,35,166
32,37,115
32,38,90
32,39,174
32,42,212
32,43,276
32,44,181
32,45,29
32,46,317
32,48,81
32,49,279
32,53,47
32,54,183
32,57,380
32,60,311
32,61,167
32,63,333
32,64,48
32,65,215
32,66,134
32,67,362
32,68,361
32,69,41
32,70,60
32,71,264
32,72,361
32,73,104
32,74,348
32,75,224
32,76,321
32,78,132
32,79,103
32,80,320
32,81,349
32,88,142
32,89,354
32,95,121
32,99,232
32,102,228
32,106,117
32,107,101
32,109,49
32,111,303
32,113,43
32,114,102
32,118,215
32,119,30
32,120,220
32,121,70
32,124,300
32,125,208
32,126,110
32,129,312
32,131,21
32,132,231
32,134,122
32,136,256
32,138,147
32,139,327
32,142,56
32,149,228
32,154,321
32,155,16
32,156,337
32,162,159
32,165,54
32,168,368
32,172,171
32,181,164
32,183,379
32,193,340
33,1,361
33,2,162
33,5,91
33,6,146
33,7,389
33,8,317
33,9,383
33,12,373
33,14,371
33,15,210
33,16,211
33,18,93
33,21,117
33,22,92
33,23,129
33,24,325
33,25,4
33,27,234
33,32,332
33,35,158
33,36,297
33,37,123
33,38,65
33,39,36
33,40,129
33,43,104
33,44,165
33,45,148
33,46,110
33,47,286
33,48,142
33,49,202
33,50,206
33,51,202
33,53,50
33,54,77
33,55,388
33,56,223
33,58,363
33,59,354
33,60,132
33,61,228
33,62,125
33,63,111
33,64,365
33,65,223
33,66,269
33,67,230
33,68,217
33,70,176
33,72,96
33,73,100
33,74,68
33,75,231
33,77,188
33,78,302
33,79,101
33,83,263
33,84,301
33,86,131
33,87,124
33,94,169
33,95,322
33,96,251
33,103,313
33,105,89
33,110,272
33,112,255
33,118,164
33,119,37
33,120,244
33,123,205
33,126,144
33,129,80
33,131,393
33,132,145
33,133,152
33,135,300
33,136,71
33,137,96
33,141,224
33,143,339
33,153,100
33,155,381
33,158,193
33,161,45
33,162,237
33,164,293
33,167,312
33,168,238
33,172,176
33,177,174
33,181,186
33,185,315
33,188,283
33,189,387
33,192,230
33,194,253
34,1,311
34,4,381
34,6,308
34,8,353
34,9,256
34,10,39
34,12,88
34,14,231
34,16,16
34,17,113
34,18,385
34,19,317
34,22,184
34,23,295
34,25,277
34,28,379
34,30,37
34,31,281
34,32,149
34,35,400
34,36,328
34,37,194
34,38,83
34,39,322
34,41,350
34,42,57
34,43,369
34,45,198
34,46,58
34,47,231
34,48,57
34,50,141
34,52,15
34,54,363
34,55,279
34,58,227
34,59,262
34,67,91
34,68,297
34,70,324
34,74,115
34,75,341
34,76,172
34,77,218
34,78,327
34,79,70
34,80,64
34,81,70
34,88,20
34,89,248
34,90,253
34,91,174
34,93,191
34,94,281
34,97,363
34,98,134
34,99,145
34,102,253
34,104,136
34,105,89
34,106,152
34,108,154
34,109,261
34,111,53
34,113,54
34,115,391
34,118,194
34,119,306
34,122,32
34,123,111
34,126,145
34,127,152
34,128,264
34,129,73
34,131,307
34,132,72
34,135,203
34,140,109
34,146,302
34,148,255
34,151,176
34,152,285
34,156,346
34,160,40
34,161,304
34,162,220
34,163,48
34,164,156
34,165,155
34,170,131
34,172,61
34,175,18
34,176,114
34,179,27
34,184,24
34,190,304
34,194,48
34,196,334
34,197,122
34,200,354
35,1,61
35,2,260
35,4,320
35,5,122
35,6,62
35,8,275
35,9,323
35,10,105
35,11,195
35,13,117
35,15,246
35,17,180
35,19,75
35,20,33
35,21,343
35,22,130
35,25,155
35,26,142
35,27,79
35,30,53
35,32,166
35,33,158
35,34,400
35,41,165
35,42,197
35,43,29
35,44,386
35,45,143
35,46,379
35,48,54
35,49,143
35,50,389
35,52,178
35,53,345
35,55,172
35,56,360
35,57,271
35,58,51
35,59,324
35,60,218
35,61,318
35,63,23
35,65,294
35,66,116
35,67,234
35,68,351
35,71,137
35,72,181
35,75,391
35,76,371
35,79,191
35,82,309
35,83,278
35,84,39
35,88,359
35,89,51
35,93,237
35,98,196
35,102,100
35,104,32
35,105,35
35,108,13
35,110,205
35,115,239
35,116,26
35,117,189
35,119,324
35,123,197
35,124,199
35,125,373
35,126,150
35,130,122
35,134,151
35,135,377
35,136,86
35,143,45
35,145,291
35,147,388
35,156,87
35,159,272
35,164,311
35,166,375
35,169,255
35,170,231
35,173,133
35,175,22
35,183,342
35,186,137
35,187,270
35,188,97
35,190,148
35,191,13
35,192,36
35,195,240
35,197,61
35,198,336
36,1,286
36,2,364
36,5,258
36,6,92
36,8,131
36,9,25
36,10,241
36,13,10
36,14,306
36,15,71
36,16,365
36,17,118
36,18,172
36,19,399
36,20,157
36,22,93
36,23,252
36,24,255
36,29,257
36,30,160
36,33,297
36,34,328
36,40,317
36,44,291
36,46,320
36,47,14
36,49,211
36,50,329
36,51,93
36,52,269
36,53,233
36,54,395
36,55,107
36,56,399
36,57,50
36,58,334
36,59,215
36,60,5
36,61,209
36,62,284
36,63,216
36,65,366
36,66,110
36,67,178
36,68,396
36,69,318
36,72,304
36,73,24
36,74,82
36,79,228
36,84,65
36,85,129
36,88,101
36,89,304
36,92,290
36,97,155
36,98,57
36,100,96
36,101,92
36,103,12
36,104,381
36,105,119
36,106,320
36,107,225
36,108,151
36,109,2
36,110,239
36,113,45
36,114,44
36,116,347
36,118,294
36,121,142
36,131,49
36,132,332
36,135,359
36,137,172
36,141,156
36,147,130
36,150,379
36,152,350
36,154,21
36,156,145
36,158,60
36,162,395
36,164,58
36,169,195
36,171,319
36,177,268
36,180,110
36,182,32
36,187,67
36,193,280
36,199,233
37,1,73
37,4,101
37,6,171
37,7,218
37,8,283
37,10,70
37,12,226
37,13,311
37,14,162
37,15,311
37,16,339
37,17,85
37,18,158
37,19,364
37,20,142
37,21,35
37,25,84
37,26,371
37,28,267
37,29,75
37,31,160
37,32,115
37,33,123
37,34,194
37,39,378
37,41,94
37,42,342
37,43,369
37,44,324
37,46,274
37,47,203
37,48,178
37,49,148
37,51,332
37,52,143
37,55,53
37,57,58
37,58,154
37,59,101
37,61,227
37,63,251
37,65,350
37,66,320
37,67,161
37,68,322
37,71,22
37,72,319
37,73,167
37,74,206
37,75,321
37,76,9
37,77,301
37,78,133
37,81,339
37,87,159
37,88,328
37,90,347
37,94,284
37,96,98
37,97,220
37,98,42
37,99,259
37,100,352
37,105,310
37,111,167
37,112,115
37,113,310
37,120,4
37,122,392
37,123,167
37,126,107
37,127,184
37,128,349
37,129,373
37,132,322
37,136,376
37,141,342
37,143,97
37,145,93
37,147,36
37,149,392
37,150,310
37,151,364
37,155,224
37,157,262
37,158,294
37,164,35
37,168,244
37,170,225
37,171,20
37,175,382
37,178,299
37,181,264
37,185,333
37,188,268
37,189,54
37,195,352
37,196,221
37,197,25
37,198,277
38,2,26
38,3,273
38,5,393
38,6,54
38,7,60
38,8,133
38,9,154
38,12,224
38,15,80
38,16,351
38,18,372
38,20,44
38,21,343
38,22,360
38,25,376
38,26,221
38,27,394
38,28,135
38,30,272
38,31,386
38,32,90
38,33,65
38,34,83
38,40,255
38,41,336
38,45,301
38,46,270
38,47,199
38,49,157
38,50,27
38,52,142
38,53,381
38,56,315
38,57,281
38,58,12
38,59,206
38,61,136
38,62,158
38,65,96
38,66,116
38,67,368
38,69,194
38,71,31
38,72,132
38,73,90
38,74,86
38,75,189
38,77,264
38,78,287
38,79,378
38,80,232
38,82,94
38,83,51
38,86,291
38,87,285
38,88,181
38,91,58
38,92,336
38,94,45
38,95,172
38,96,186
38,97,4
38,98,339
38,100,69
38,102,307
38,103,222
38,104,281
38,105,3
38,106,137
38,108,74
38,110,365
38,114,123
38,119,51
38,121,12
38,123,290
38,127,60
38,129,167
38,132,159
38,136,43
38,141,92
38,145,363
38,146,325
38,148,370
38,151,390
38,153,341
38,155,369
38,164,388
38,165,384
38,167,214
38,170,18
38,173,115
38,177,35
38,187,293
38,189,316
38,194,372
38,196,305
38,200,385
39,1,126
39,2,248
39,3,169
39,4,318
39,5,111
39,6,366
39,9,174
39,10,191
39,11,265
39,12,58
39,13,152
39,16,266
39,17,383
39,21,231
39,22,192
39,24,272
39,26,379
39,27,384
39,30,219
39,31,16
39,32,174
39,33,36
39,34,322
39,37,378
39,44,338
39,45,150
39,46,246
39,48,73
39,49,14
39,54,117
39,56,107
39,57,7
39,58,149
39,59,148
39,60,247
39,61,223
39,63,196
39,65,50
39,66,259
39,67,290
39,68,10
39,70,10
39,71,65
39,74,325
39,75,306
39,77,235
39,79,40
39,82,285
39,83,22
39,86,72
39,87,316
39,88,85
39,89,33
39,90,50
39,91,60
39,92,48
39,94,366
39,96,175
39,97,189
39,99,129
39,100,326
39,105,262
39,107,168
39,108,155
39,110,110
39,111,8
39,113,390
39,115,205
39,116,375
39,118,360
39,119,156
39,120,265
39,122,227
39,127,189
39,128,82
39,132,90
39,137,352
39,141,204
39,144,181
39,145,62
39,146,4
39,149,193
39,152,178
39,155,164
39,160,226
39,165,359
39,174,87
39,179,151
39,180,350
39,181,139
39,194,156
39,198,73
39,200,358
40,2,60
40,3,26
40,6,222
40,10,226
40,12,231
40,14,364
40,15,350
40,16,97
40,17,308
40,18,3
40,20,39
40,21,291
40,23,254
40,25,227
40,27,201
40,28,82
40,29,117
40,31,159
40,33,129
40,36,317
40,38,255
40,41,8
40,42,321
40,44,75
40,46,148
40,47,163
40,48,338
40,52,358
40,53,321
40,54,9
40,55,76
40,56,84
40,58,387
40,64,62
40,69,54
40,71,106
40,72,395
40,74,387
40,75,149
40,76,377
40,77,301
40,81,72
40,83,382
40,86,300
40,87,33
40,88,333
40,89,231
40,93,162
40,96,73
40,97,352
40,99,164
40,100,331
40,105,53
40,108,391
40,115,337
40,116,298
40,117,3
40,122,361
40,123,129
40,124,370
40,127,305
40,129,78
40,130,242
40,132,188
40,135,325
40,136,244
40,138,96
40,139,338
40,141,143
40,145,135
40,152,14
40,154,230
40,155,8
40,166,263
40,168,362
40,171,242
40,173,259
40,175,174
40,176,135
40,184,107
40,185,207
40,189,65
40,190,156
40,194,374
40,195,306
40,200,169
41,2,88
41,3,395
41,5,86
41,7,201
41,8,312
41,10,183
41,12,346
41,13,316
41,14,189
41,15,26
41,18,65
41,21,143
41,22,6
41,24,169
41,26,324
41,27,39
41,28,365
41,30,280
41,31,245
41,34,350
41,35,165
41,37,94
41,38,336
41,40,8
41,42,141
41,45,67
41,49,206
41,50,397
41,52,277
41,53,165
41,54,398
41,55,177
41,58,250
41,62,335
41,63,2
41,65,106
41,66,4
41,68,234
41,69,35
41,70,147
41,73,266
41,74,304
41,77,333
41,78,7
41,79,294
41,80,268
41,81,174
41,83,196
41,84,221
41,85,342
41,88,358
41,89,134
41,90,363
41,91,20
41,93,383
41,94,86
41,95,218
41,96,60
41,97,338
41,98,262
41,100,324
41,102,204
41,104,187
41,105,147
41,109,17
41,112,295
41,114,182
41,115,250
41,116,186
41,118,327
41,121,378
41,124,161
41,128,66
41,129,143
41,131,202
41,135,299
41,139,17
41,140,368
41,143,181
41,148,127
41,149,59
41,152,31
41,156,132
41,159,104
41,161,395
41,165,48
41,168,114
41,174,17
41,175,322
41,176,245
41,179,265
41,181,67
41,182,96
41,185,184
41,186,98
42,2,8
42,3,378
42,4,78
42,5,91
42,9,323
42,12,340
42,14,230
42,16,382
42,20,363
42,21,43
42,24,328
42,25,148
42,26,295
42,27,361
42,28,228
42,29,378
42,30,242
42,32,212
42,34,57
42,35,197
42,37,342
42,40,321
42,41,141
42,43,104
42,44,32
42,47,229
42,48,288
42,49,299
42,50,265
42,51,216
42,52,391
42,57,146
42,58,277
42,59,332
42,60,152
42,61,276
42,62,164
42,63,238
42,67,188
42,68,384
42,70,192
42,74,242
42,78,158
42,80,126
42,81,244
42,82,101
42,83,399
42,87,353
42,89,167
42,90,203
42,91,194
42,93,298
42,94,333
42,95,184
42,96,119
42,103,169
42,105,204
42,106,133
42,107,96
42,108,121
42,111,153
42,113,321
42,117,160
42,121,77
42,126,164
