source,target,weight
1,2,73
1,3,49
1,4,399
1,6,69
1,8,363
1,9,307
1,11,37
1,13,216
1,18,203
1,19,379
1,21,324
1,22,398
1,24,356
1,27,206
1,29,187
1,38,317
1,41,54
1,44,300
1,46,32
1,49,233
1,52,369
1,53,369
1,56,217
1,57,64
1,65,4
1,66,346
1,67,193
1,69,400
1,71,258
1,82,174
1,83,273
1,87,65
1,92,88
1,93,365
1,94,130
1,98,97
1,103,290
1,110,246
1,113,154
1,119,220
1,120,93
1,140,381
1,144,200
1,147,284
1,150,346
1,156,399
1,167,339
1,171,83
1,176,389
1,181,169
1,187,353
1,189,202
1,199,281
1,200,31
2,1,73
2,4,321
2,5,234
2,8,131
2,10,90
2,11,6
2,12,231
2,14,247
2,16,312
2,17,121
2,18,48
2,19,369
2,20,240
2,22,184
2,24,150
2,25,303
2,27,256
2,28,126
2,30,111
2,31,35
2,32,359
2,33,349
2,34,356
2,36,140
2,37,107
2,39,320
2,40,11
2,52,85
2,55,174
2,59,362
2,60,259
2,64,65
2,66,74
2,69,18
2,72,72
2,73,274
2,74,357
2,88,260
2,93,144
2,99,71
2,101,120
2,103,168
2,114,191
2,116,243
2,121,300
2,123,58
2,142,53
2,144,156
2,146,120
2,149,264
2,150,221
2,151,150
2,152,190
2,154,327
2,181,269
2,183,63
2,190,275
2,192,363
3,1,49
3,4,221
3,5,252
3,6,144
3,7,236
3,8,340
3,10,183
3,11,161
3,12,373
3,13,140
3,14,30
3,17,144
3,19,299
3,20,117
3,21,346
3,22,181
3,23,90
3,25,87
3,27,224
3,28,172
3,31,37
3,32,42
3,33,259
3,34,161
3,35,340
3,39,288
3,40,108
3,43,36
3,46,72
3,47,143
3,48,281
3,50,122
3,53,13
3,54,399
3,55,265
3,63,41
3,64,313
3,68,318
3,72,315
3,73,111
3,75,238
3,78,229
3,80,135
3,82,397
3,83,36
3,88,59
3,95,366
3,102,58
3,105,135
3,108,262
3,113,237
3,116,313
3,119,193
3,122,174
3,125,60
3,128,150
3,133,329
3,135,54
3,136,371
3,146,125
3,157,36
3,160,128
3,161,267
3,167,263
3,169,81
3,178,207
3,192,168
4,1,399
4,2,321
4,3,221
4,5,304
4,7,199
4,10,365
4,11,313
4,12,277
4,13,321
4,15,205
4,17,303
4,18,74
4,19,150
4,22,76
4,24,30
4,25,248
4,26,16
4,28,108
4,30,80
4,31,289
4,33,142
4,37,229
4,38,279
4,40,4
4,46,363
4,49,203
4,52,391
4,53,197
4,54,84
4,56,79
4,60,200
4,63,259
4,65,91
4,67,197
4,70,269
4,83,96
4,84,378
4,89,148
4,97,356
4,104,99
4,105,386
4,128,341
4,133,172
4,155,18
4,161,140
4,163,359
4,167,243
4,169,278
4,185,101
4,189,30
5,2,234
5,3,252
5,4,304
5,6,272
5,7,71
5,8,47
5,10,375
5,12,229
5,13,47
5,14,29
5,15,65
5,16,181
5,17,287
5,18,10
5,19,268
5,21,193
5,22,306
5,23,333
5,24,16
5,25,53
5,26,136
5,27,73
5,30,121
5,31,6
5,32,23
5,35,131
5,41,105
5,42,47
5,43,193
5,46,89
5,47,215
5,49,266
5,50,126
5,52,284
5,59,203
5,63,199
5,66,324
5,69,62
5,70,374
5,71,14
5,77,248
5,78,141
5,79,213
5,82,231
5,84,371
5,96,349
5,103,4
5,104,318
5,109,190
5,112,57
5,129,275
5,132,67
5,141,241
5,149,356
5,153,182
5,165,119
5,169,91
5,189,185
5,199,75
6,1,69
6,3,144
6,5,272
6,9,316
6,10,22
6,11,335
6,12,182
6,13,100
6,14,254
6,15,339
6,16,47
6,17,34
6,18,277
6,19,380
6,21,76
6,23,385
6,24,38
6,25,261
6,26,99
6,27,281
6,29,71
6,30,369
6,33,159
6,35,378
6,36,78
6,39,103
6,51,133
6,52,392
6,57,366
6,58,335
6,65,115
6,73,197
6,78,238
6,79,308
6,81,139
6,83,363
6,85,169
6,86,336
6,90,264
6,93,350
6,95,79
6,97,376
6,99,96
6,108,174
6,122,126
6,125,259
6,141,206
6,167,85
6,170,76
6,178,302
6,179,387
6,180,80
6,196,309
7,3,236
7,4,199
7,5,71
7,8,43
7,9,316
7,10,393
7,11,358
7,12,351
7,13,254
7,15,174
7,16,9
7,18,193
7,19,88
7,20,74
7,21,116
7,22,45
7,24,147
7,25,270
7,26,293
7,27,236
7,30,215
7,31,200
7,32,10
7,44,199
7,47,377
7,48,277
7,49,262
7,53,94
7,54,20
7,58,20
7,59,97
7,61,272
7,62,11
7,71,71
7,72,244
7,73,58
7,76,183
7,77,202
7,83,173
7,84,335
7,98,83
7,108,97
7,110,296
7,120,301
7,138,267
7,147,171
7,153,333
7,154,63
7,156,10
7,163,94
7,166,163
7,170,247
7,176,12
7,188,43
8,1,363
8,2,131
8,3,340
8,5,47
8,7,43
8,9,305
8,11,54
8,12,36
8,14,138
8,15,4
8,16,82
8,19,362
8,23,388
8,24,138
8,25,106
8,30,342
8,31,168
8,34,179
8,36,362
8,37,318
8,38,224
8,41,161
8,43,244
8,45,134
8,51,127
8,53,20
8,54,104
8,55,82
8,56,198
8,59,239
8,61,58
8,62,124
8,63,24
8,66,281
8,70,61
8,71,240
8,72,19
8,75,302
8,77,288
8,78,314
8,81,36
8,84,299
8,85,309
8,95,33
8,99,152
8,103,280
8,111,49
8,114,87
8,120,349
8,125,32
8,126,52
8,133,25
8,137,266
8,139,281
8,151,91
8,152,97
8,158,345
8,161,194
8,162,52
8,165,4
8,174,319
8,175,243
8,178,185
8,179,300
8,183,115
8,187,156
8,192,226
9,1,307
9,6,316
9,7,316
9,8,305
9,10,166
9,12,306
9,13,226
9,14,59
9,15,354
9,16,137
9,17,217
9,18,235
9,19,26
9,20,303
9,21,170
9,22,144
9,23,256
9,27,169
9,28,91
9,29,24
9,34,105
9,37,210
9,38,70
9,39,259
9,41,127
9,42,338
9,43,391
9,44,241
9,45,311
9,49,309
9,50,71
9,51,125
9,63,11
9,64,116
9,66,296
9,67,30
9,74,228
9,75,323
9,79,71
9,83,155
9,87,33
9,89,25
9,99,356
9,109,36
9,114,327
9,121,265
9,127,268
9,129,207
9,134,226
9,145,349
9,150,346
9,155,116
9,161,326
9,170,55
9,176,341
9,189,92
9,199,80
10,2,90
10,3,183
10,4,365
10,5,375
10,6,22
10,7,393
10,9,166
10,11,391
10,13,1
10,15,88
10,16,68
10,17,283
10,18,246
10,21,18
10,23,246
10,25,145
10,26,327
10,28,170
10,29,137
10,32,202
10,33,248
10,34,215
10,35,253
10,36,40
10,37,340
10,38,144
10,42,119
10,43,133
10,46,111
10,48,225
10,51,255
10,55,45
10,56,392
10,62,154
10,63,336
10,64,257
10,67,299
10,71,278
10,75,173
10,76,130
10,77,258
10,82,223
10,83,45
10,88,336
10,89,38
10,94,227
10,98,192
10,101,51
10,104,373
10,111,252
10,129,338
10,133,124
10,141,255
10,157,380
10,171,45
10,184,192
11,1,37
11,2,6
11,3,161
11,4,313
11,6,335
11,7,358
11,8,54
11,10,391
11,12,17
11,13,400
11,16,169
11,17,158
11,18,113
11,19,117
11,22,243
11,23,258
11,24,91
11,27,310
11,28,163
11,31,47
11,32,220
11,34,9
11,39,208
11,40,54
11,42,337
11,43,285
11,45,60
11,46,231
11,48,37
11,49,38
11,57,45
11,59,346
11,62,378
11,65,236
11,67,228
11,73,5
11,75,87
11,77,171
11,78,156
11,81,189
11,88,205
11,94,350
11,100,218
11,103,118
11,107,259
11,119,279
11,120,136
11,134,386
11,144,378
11,147,175
11,155,12
11,159,399
11,162,349
11,181,271
11,184,20
11,191,144
11,197,114
12,2,231
12,3,373
12,4,277
12,5,229
12,6,182
12,7,351
12,8,36
12,9,306
12,11,17
12,15,242
12,19,199
12,20,88
12,21,131
12,22,4
12,24,48
12,25,198
12,26,11
12,28,14
12,29,273
12,30,90
12,32,351
12,34,301
12,35,139
12,38,50
12,40,156
12,42,177
12,45,344
12,49,257
12,56,12
12,58,292
12,59,297
12,60,371
12,63,21
12,64,380
12,66,243
12,68,389
12,69,318
12,71,353
12,79,164
12,87,317
12,92,249
12,103,182
12,116,268
12,127,384
12,135,248
12,139,352
12,147,28
12,156,51
12,163,359
12,177,346
12,191,79
13,1,216
13,3,140
13,4,321
13,5,47
13,6,100
13,7,254
13,9,226
13,10,1
13,11,400
13,14,400
13,17,230
13,18,332
13,20,70
13,22,92
13,23,210
13,25,362
13,26,133
13,28,210
13,29,324
13,32,44
13,33,4
13,35,56
13,39,357
13,48,122
13,50,17
13,57,375
13,58,21
13,68,18
13,71,273
13,75,54
13,77,279
13,80,130
13,81,27
13,86,174
13,95,340
13,97,121
13,106,19
13,109,82
13,110,39
13,115,348
13,118,390
13,130,317
13,142,196
13,145,171
13,153,346
13,157,183
13,163,356
13,169,246
13,182,177
13,184,150
13,190,378
13,191,142
14,2,247
14,3,30
14,5,29
14,6,254
14,8,138
14,9,59
14,13,400
14,20,389
14,22,24
14,23,315
14,25,309
14,26,128
14,29,124
14,30,33
14,31,143
14,33,309
14,36,294
14,38,33
14,39,53
14,40,181
14,41,316
14,42,263
14,45,290
14,48,161
14,49,175
14,51,200
14,55,362
14,57,337
14,63,116
14,68,18
14,75,80
14,78,116
14,80,381
14,81,176
14,83,155
14,99,229
14,102,318
14,104,160
14,105,270
14,108,243
14,113,205
14,114,67
14,128,346
14,129,42
14,133,195
14,136,386
14,141,96
14,149,299
14,163,105
14,164,329
14,166,283
14,168,74
14,169,119
14,170,81
14,179,345
14,187,89
14,191,224
14,196,174
15,4,205
15,5,65
15,6,339
15,7,174
15,8,4
15,9,354
15,10,88
15,12,242
15,16,298
15,17,352
15,18,298
15,19,88
15,20,44
15,22,67
15,23,218
15,24,350
15,25,372
15,26,151
15,27,262
15,28,397
15,29,348
15,31,103
15,34,37
15,36,245
15,37,2
15,40,103
15,41,63
15,42,112
15,44,386
15,45,91
15,48,318
15,51,355
15,52,47
15,54,268
15,55,4
15,57,101
15,60,66
15,61,400
15,66,359
15,68,124
15,85,101
15,90,221
15,92,332
15,94,6
15,97,105
15,100,134
15,102,391
15,109,218
15,113,390
15,114,400
15,115,307
15,119,84
15,121,292
15,127,207
15,129,98
15,142,177
15,143,353
15,150,310
15,156,342
15,169,191
15,172,255
15,179,269
15,182,71
15,193,295
15,198,345
15,199,277
16,2,312
16,5,181
16,6,47
16,7,9
16,8,82
16,9,137
16,10,68
16,11,169
16,15,298
16,17,209
16,18,282
16,21,296
16,22,223
16,23,373
16,26,176
16,27,379
16,30,197
16,31,169
16,32,55
16,34,99
16,35,33
16,39,17
16,44,55
16,46,175
16,49,353
16,50,167
16,51,336
16,54,140
16,55,292
16,56,117
16,59,380
16,60,174
16,63,352
16,78,10
16,80,19
16,91,321
16,93,116
16,99,71
16,105,190
16,122,29
16,127,23
16,143,396
16,147,51
16,155,163
16,156,341
16,171,171
16,174,156
16,175,196
16,177,359
16,178,199
16,182,148
16,198,16
17,2,121
17,3,144
17,4,303
17,5,287
17,6,34
17,9,217
17,10,283
17,11,158
17,13,230
17,15,352
17,16,209
17,19,224
17,20,78
17,21,303
17,22,169
17,23,59
17,28,315
17,30,338
17,31,226
17,33,228
17,35,43
17,37,80
17,38,396
17,42,50
17,43,260
17,44,26
17,46,341
17,47,389
17,48,133
17,56,242
17,58,38
17,70,80
17,81,347
17,84,46
17,92,234
17,94,10
17,95,372
17,97,220
17,102,263
17,103,19
17,105,176
17,106,314
17,116,382
17,117,388
17,128,205
17,132,301
17,137,58
17,141,326
17,145,232
17,146,194
17,156,187
17,158,329
17,159,23
17,166,214
17,189,69
17,199,329
17,200,284
18,1,203
18,2,48
18,4,74
18,5,10
18,6,277
18,7,193
18,9,235
18,10,246
18,11,113
18,13,332
18,15,298
18,16,282
18,19,197
18,21,199
18,22,33
18,23,7
18,24,10
18,25,5
18,27,77
18,28,66
18,31,55
18,32,397
18,34,324
18,39,73
18,42,313
18,43,207
18,52,100
18,60,219
18,62,327
18,65,163
18,66,112
18,73,223
18,76,308
18,77,84
18,78,24
18,89,77
18,93,298
18,95,353
18,106,243
18,112,323
18,115,244
18,124,116
18,149,97
18,151,63
18,158,55
18,162,187
18,172,107
18,175,287
18,182,353
19,1,379
19,2,369
19,3,299
19,4,150
19,5,268
19,6,380
19,7,88
19,8,362
19,9,26
19,11,117
19,12,199
19,15,88
19,17,224
19,18,197
19,20,124
19,21,292
19,23,342
19,24,90
19,25,27
19,26,328
19,28,182
19,29,369
19,30,126
19,32,111
19,34,323
19,35,151
19,38,344
19,40,387
19,42,130
19,45,334
19,48,136
19,49,222
19,51,42
19,56,148
19,57,240
19,59,58
19,60,327
19,63,395
19,65,28
19,69,129
19,75,306
19,79,330
19,86,215
19,87,138
19,88,273
19,104,197
19,105,74
19,116,35
19,118,255
19,120,397
19,122,270
19,125,24
19,127,265
19,130,379
19,131,242
19,135,108
19,141,38
19,148,274
19,157,388
19,162,399
19,168,370
19,169,227
19,174,278
19,186,31
19,190,214
20,2,240
20,3,117
20,7,74
20,9,303
20,12,88
20,13,70
20,14,389
20,15,44
20,17,78
20,19,124
20,21,140
20,24,76
20,25,182
20,28,370
20,33,16
20,34,254
20,36,131
20,38,47
20,40,370
20,41,243
20,44,31
20,45,282
20,46,376
20,47,399
20,50,256
20,53,95
20,54,330
20,55,2
20,62,204
20,66,202
20,67,29
20,68,310
20,73,217
20,74,126
20,78,198
20,88,166
20,93,350
20,98,176
20,117,311
20,118,229
20,119,68
20,128,227
20,131,105
20,155,227
20,159,181
20,175,316
20,179,347
20,189,7
21,1,324
21,3,346
21,5,193
21,6,76
21,7,116
21,9,170
21,10,18
21,12,131
21,16,296
21,17,303
21,18,199
21,19,292
21,20,140
21,22,63
21,23,139
21,24,347
21,26,134
21,28,274
21,29,159
21,30,5
21,31,222
21,33,359
21,34,196
21,35,204
21,36,11
21,37,287
21,38,345
21,39,244
21,42,72
21,45,389
21,46,22
21,47,313
21,52,292
21,55,86
21,66,155
21,67,16
21,75,170
21,80,270
21,82,184
21,89,256
21,93,65
21,99,237
21,105,140
21,112,319
21,114,318
21,117,179
21,126,333
21,140,357
21,148,24
21,151,57
21,158,14
21,170,288
21,171,399
21,192,204
21,195,131
22,1,398
22,2,184
22,3,181
22,4,76
22,5,306
22,7,45
22,9,144
22,11,243
22,12,4
22,13,92
22,14,24
22,15,67
22,16,223
22,17,169
22,18,33
22,21,63
22,23,110
22,24,67
22,25,355
22,28,395
22,29,243
22,31,262
22,34,374
22,36,378
22,37,218
22,39,165
22,40,299
22,43,324
22,47,243
22,48,277
22,57,188
22,61,293
22,62,328
22,66,333
22,67,160
22,70,342
22,74,120
22,75,391
22,80,126
22,84,141
22,85,73
22,86,318
22,90,13
22,92,378
22,96,55
22,97,303
22,98,286
22,129,230
22,145,101
22,146,217
22,152,186
22,154,316
22,155,309
22,162,104
22,164,358
22,166,65
22,167,203
22,172,129
22,175,316
22,178,231
22,198,351
23,3,90
23,5,333
23,6,385
23,8,388
23,9,256
23,10,246
23,11,258
23,13,210
23,14,315
23,15,218
23,16,373
23,17,59
23,18,7
23,19,342
23,21,139
23,22,110
23,27,57
23,28,272
23,29,276
23,33,108
23,36,162
23,37,115
23,40,35
23,41,331
23,44,280
23,45,64
23,46,147
23,52,79
23,53,4
23,54,324
23,55,364
23,58,332
23,59,151
23,60,121
23,64,189
23,65,58
23,67,43
23,72,382
23,73,322
23,75,292
23,76,259
23,80,208
23,86,276
23,91,40
23,99,349
23,100,135
23,123,263
23,129,207
23,143,398
23,153,379
23,154,37
23,162,131
23,173,63
23,177,206
23,181,221
23,188,364
23,193,145
23,196,360
23,199,181
24,1,356
24,2,150
24,4,30
24,5,16
24,6,38
24,7,147
24,8,138
24,11,91
24,12,48
24,15,350
24,18,10
24,19,90
24,20,76
24,21,347
24,22,67
24,27,127
24,28,89
24,29,340
24,30,62
24,34,23
24,35,69
24,36,205
24,37,308
24,42,181
24,44,234
24,45,286
24,50,95
24,53,280
24,54,196
24,61,87
24,65,196
24,66,395
24,70,253
24,77,38
24,79,341
24,85,144
24,93,312
24,109,159
24,115,249
24,116,323
24,117,332
24,119,315
24,123,50
24,124,176
24,126,349
24,142,192
24,151,180
24,159,65
24,167,222
24,172,386
25,2,303
25,3,87
25,4,248
25,5,53
25,6,261
25,7,270
25,8,106
25,10,145
25,12,198
25,13,362
25,14,309
25,15,372
25,18,5
25,19,27
25,20,182
25,22,355
25,29,400
25,30,85
25,31,230
25,35,50
25,36,157
25,37,175
25,39,351
25,40,142
25,42,337
25,43,312
25,46,70
25,47,384
25,48,251
25,52,349
25,55,349
25,57,117
25,59,400
25,60,56
25,64,397
25,67,251
25,68,34
25,69,103
25,76,38
25,80,151
25,82,94
25,84,356
25,89,262
25,90,392
25,92,238
25,96,79
25,109,107
25,111,89
25,113,73
25,114,307
25,130,110
25,131,178
25,134,300
25,153,147
25,159,240
25,160,154
25,172,329
25,178,135
25,187,108
25,200,261
26,4,16
26,5,136
26,6,99
26,7,293
26,10,327
26,12,11
26,13,133
26,14,128
26,15,151
26,16,176
26,19,328
26,21,134
26,27,154
26,29,280
26,30,215
26,32,108
26,33,149
26,34,381
26,36,102
26,37,302
26,38,293
26,39,261
26,40,75
26,41,154
26,43,282
26,44,39
26,45,188
26,51,271
26,53,363
26,56,278
26,58,117
26,60,141
26,64,306
26,66,2
26,70,289
26,77,108
26,85,304
26,93,383
26,102,229
26,112,322
26,114,71
26,119,98
26,120,279
26,128,188
26,129,124
26,131,122
26,134,198
26,154,114
26,158,119
26,168,179
26,176,70
26,180,243
26,196,40
27,1,206
27,2,256
27,3,224
27,5,73
27,6,281
27,7,236
27,9,169
27,11,310
27,15,262
27,16,379
27,18,77
27,23,57
27,24,127
27,26,154
27,28,114
27,30,344
27,36,346
27,37,91
27,38,62
27,40,116
27,41,70
27,44,24
27,47,316
27,49,399
27,50,89
27,51,372
27,52,237
27,54,196
27,56,19
27,57,287
27,63,36
27,70,231
27,80,19
27,81,388
27,89,116
27,101,30
27,105,112
27,114,351
27,115,58
27,121,225
27,124,232
27,137,235
27,149,220
27,169,334
27,181,45
27,182,181
27,186,176
27,188,105
27,196,376
28,2,126
28,3,172
28,4,108
28,9,91
28,10,170
28,11,163
28,12,14
28,13,210
28,15,397
28,17,315
28,18,66
28,19,182
28,20,370
28,21,274
28,22,395
28,23,272
28,24,89
28,27,114
28,32,41
28,33,11
28,34,309
28,35,285
28,36,56
28,42,180
28,43,398
28,44,205
28,46,161
28,53,196
28,54,112
28,55,81
28,58,266
28,59,354
28,64,321
28,65,122
28,70,22
28,75,337
28,85,50
28,88,339
28,90,275
28,91,91
28,97,354
28,99,254
28,106,385
28,110,179
28,115,62
28,123,182
28,132,396
28,148,96
28,158,14
28,160,288
28,162,269
28,181,31
28,195,322
29,1,187
29,6,71
29,9,24
29,10,137
29,12,273
29,13,324
29,14,124
29,15,348
29,19,369
29,21,159
29,22,243
29,23,276
29,24,340
29,25,400
29,26,280
29,30,377
29,31,137
29,32,35
29,37,320
29,38,139
29,39,382
29,40,363
29,43,90
29,44,301
29,46,93
29,47,337
29,48,353
29,49,55
29,51,71
29,53,6
29,58,344
29,61,95
29,71,159
29,74,273
29,76,151
29,79,24
29,83,153
29,86,175
29,87,178
29,92,171
29,96,256
29,106,52
29,107,183
29,115,276
29,116,35
29,118,307
29,126,258
29,129,170
29,130,295
29,132,204
29,153,188
29,156,134
29,158,354
29,163,166
29,167,38
29,168,363
29,175,316
29,178,170
29,183,130
29,185,205
29,191,331
29,196,174
30,2,111
30,4,80
30,5,121
30,6,369
30,7,215
30,8,342
30,12,90
30,14,33
30,16,197
30,17,338
30,19,126
30,21,5
30,24,62
30,25,85
30,26,215
30,27,344
30,29,377
30,31,309
30,32,224
30,33,82
30,34,209
30,36,191
30,37,117
30,41,294
30,44,183
30,46,117
30,49,32
30,53,89
30,57,128
30,59,130
30,61,82
30,63,44
30,67,386
30,68,330
30,71,66
30,88,328
30,93,341
30,98,214
30,101,93
30,102,7
30,109,295
30,111,46
30,112,120
30,117,200
30,118,168
30,130,35
30,132,340
30,142,143
30,148,201
30,150,217
30,160,186
30,170,357
31,2,35
31,3,37
31,4,289
31,5,6
31,7,200
31,8,168
31,11,47
31,14,143
31,15,103
31,16,169
31,17,226
31,18,55
31,21,222
31,22,262
31,25,230
31,29,137
31,30,309
31,33,382
31,36,177
31,37,6
31,40,39
31,43,211
31,45,198
31,47,211
31,50,182
31,57,396
31,58,41
31,62,234
31,69,173
31,74,350
31,79,144
31,85,227
31,88,248
31,92,192
31,96,190
31,100,382
31,103,349
31,104,61
31,105,144
31,107,204
31,108,91
31,120,207
31,131,376
31,140,62
31,146,185
31,153,81
31,160,30
31,162,236
31,164,247
31,173,138
31,174,249
31,194,105
32,2,359
32,3,42
32,5,23
32,7,10
32,10,202
32,11,220
32,12,351
32,13,44
32,16,55
32,18,397
32,19,111
32,26,108
32,28,41
32,29,35
32,30,224
32,34,2
32,35,19
32,37,383
32,38,143
32,42,375
32,44,165
32,47,221
32,48,16
32,50,251
32,54,39
32,55,340
32,56,197
32,58,274
32,63,71
32,64,353
32,70,104
32,73,7
32,80,15
32,86,57
32,88,210
32,97,129
32,100,260
32,110,367
32,112,131
32,133,54
32,136,57
32,145,174
32,146,234
32,157,400
32,165,314
32,166,224
32,171,156
32,179,237
32,180,339
32,184,176
32,186,263
32,191,218
32,197,109
33,2,349
33,3,259
33,4,142
33,6,159
33,10,248
33,13,4
33,14,309
33,17,228
33,20,16
33,21,359
33,23,108
33,26,149
33,28,11
33,30,82
33,31,382
33,35,25
33,38,353
33,41,35
33,42,150
33,43,248
33,46,113
33,47,94
33,58,42
33,60,351
33,71,122
33,73,73
33,74,281
33,79,328
33,85,66
33,87,381
33,92,90
33,96,80
33,101,30
33,105,191
33,108,363
33,125,3
33,128,193
33,132,53
33,135,207
33,143,343
33,164,67
33,176,34
33,178,242
33,188,247
33,194,343
34,2,356
34,3,161
34,8,179
34,9,105
34,10,215
34,11,9
34,12,301
34,15,37
34,16,99
34,18,324
34,19,323
34,20,254
34,21,196
34,22,374
34,24,23
34,26,381
34,28,309
34,30,209
34,32,2
34,36,16
34,37,244
34,46,378
34,50,127
34,63,108
34,70,178
34,72,14
34,75,151
34,83,240
34,110,218
34,126,291
34,131,127
34,147,91
34,154,73
34,176,359
35,3,340
35,5,131
35,6,378
35,10,253
35,12,139
35,13,56
35,16,33
35,17,43
35,19,151
35,21,204
35,24,69
35,25,50
35,28,285
35,32,19
35,33,25
35,37,20
35,39,298
35,41,25
35,42,223
35,45,265
35,47,259
35,48,265
35,49,304
35,50,72
35,54,212
35,55,296
35,60,270
35,67,196
35,69,301
35,72,292
35,73,58
35,74,89
35,75,276
35,79,258
35,86,256
35,88,147
35,91,215
35,106,64
35,111,295
35,112,195
35,119,54
35,129,302
35,131,78
35,154,119
35,155,248
35,159,30
35,165,219
35,166,65
35,190,300
36,2,140
36,6,78
36,8,362
36,10,40
36,14,294
36,15,245
36,20,131
36,21,11
36,22,378
36,23,162
36,24,205
36,25,157
36,26,102
36,27,346
36,28,56
36,30,191
36,31,177
36,34,16
36,38,336
36,40,225
36,42,263
36,43,66
36,48,242
36,49,242
36,50,285
36,51,196
36,52,30
36,54,265
36,55,269
36,56,115
36,59,161
36,61,121
36,65,110
36,66,102
36,69,334
36,76,26
36,77,32
36,78,255
36,84,295
36,86,51
36,89,377
36,94,171
36,98,286
36,105,273
36,108,326
36,109,87
36,116,213
36,119,127
36,124,68
36,127,190
36,129,172
36,135,5
36,136,395
36,144,28
36,158,149
36,189,251
37,2,107
37,4,229
37,8,318
37,9,210
37,10,340
37,15,2
37,17,80
37,21,287
37,22,218
37,23,115
37,24,308
37,25,175
37,26,302
37,27,91
37,29,320
37,30,117
37,31,6
37,32,383
37,34,244
37,35,20
37,39,214
37,44,392
37,45,4
37,51,69
37,54,78
37,58,292
37,60,49
37,62,141
37,69,268
37,72,237
37,84,246
37,89,204
37,90,384
37,92,362
37,94,94
37,95,46
37,98,393
37,101,291
37,104,227
37,113,398
37,118,204
37,125,302
37,130,214
37,134,232
37,136,295
37,138,76
37,139,235
37,142,89
37,144,172
37,145,194
37,158,378
37,166,314
37,197,226
38,1,317
38,4,279
38,8,224
38,9,70
38,10,144
38,12,50
38,14,33
38,17,396
38,19,344
38,20,47
38,21,345
38,26,293
38,27,62
38,29,139
38,32,143
38,33,353
38,36,336
38,41,356
38,42,71
38,44,343
38,45,40
38,61,24
38,69,177
38,70,127
38,76,331
38,77,260
38,78,213
38,80,53
38,84,308
38,87,329
38,92,313
38,94,233
38,100,108
38,107,44
38,112,80
38,120,389
38,137,81
38,139,146
38,142,174
38,171,150
38,182,26
38,193,372
38,196,395
39,2,320
39,3,288
39,6,103
39,9,259
39,11,208
39,13,357
39,14,53
39,16,17
39,18,73
39,21,244
39,22,165
39,25,351
39,26,261
39,29,382
39,35,298
39,37,214
39,41,259
39,42,102
39,43,272
39,46,34
39,47,397
39,49,389
39,51,98
39,56,185
39,57,32
39,58,85
39,59,226
39,61,10
39,62,366
39,70,125
39,71,10
39,72,177
39,73,191
39,76,254
39,81,18
39,83,69
39,93,59
39,95,365
39,106,114
39,110,24
39,114,173
39,119,53
39,122,191
39,128,193
39,136,60
39,139,355
39,140,274
39,141,316
39,142,109
39,163,358
39,173,188
39,180,374
39,183,70
39,190,286
40,2,11
40,3,108
40,4,4
40,11,54
40,12,156
40,14,181
40,15,103
40,19,387
40,20,370
40,22,299
40,23,35
40,25,142
40,26,75
40,27,116
40,29,363
40,31,39
40,36,225
40,41,223
40,45,17
40,48,235
40,52,216
40,53,222
40,56,233
40,71,183
40,72,353
40,76,278
40,77,90
40,79,353
40,84,243
40,86,279
40,89,377
40,94,399
40,95,383
40,105,213
40,106,198
40,117,129
40,120,115
40,122,202
40,123,94
40,149,54
40,158,235
40,161,64
40,177,264
40,182,243
41,1,54
41,5,105
41,8,161
41,9,127
41,14,316
41,15,63
41,20,243
41,23,331
41,26,154
41,27,70
41,30,294
41,33,35
41,35,25
41,38,356
41,39,259
41,40,223
41,42,194
41,44,174
41,47,307
41,50,258
41,52,374
41,53,20
41,66,38
41,72,275
41,81,340
41,83,170
41,85,385
41,90,207
41,92,136
41,94,197
41,95,10
41,97,169
41,100,53
41,104,207
41,106,97
41,140,25
41,143,398
41,147,191
41,149,80
41,161,378
41,164,171
41,165,66
41,168,153
41,187,92
42,5,47
42,9,338
42,10,119
42,11,337
42,12,177
42,14,263
42,15,112
42,17,50
42,18,313
42,19,130
42,21,72
42,24,181
42,25,337
42,28,180
42,32,375
42,33,150
42,35,223
42,36,263
42,38,71
42,39,102
42,41,194
42,43,208
42,44,64
42,47,295
42,48,277
42,50,234
42,53,14
42,57,309
42,58,43
42,64,138
42,68,19
42,76,287
42,78,298
42,79,122
42,90,195
42,92,329
42,96,273
42,100,264
42,103,50
42,104,152
42,111,348
42,116,93
42,124,365
42,125,328
42,133,253
42,134,190
42,144,184
42,153,237
42,160,271
42,164,105
42,170,136
42,176,129
43,3,36
43,5,193
43,8,244
43,9,391
43,10,133
43,11,285
43,17,260
43,18,207
43,22,324
43,25,312
43,26,282
43,28,398
43,29,90
43,31,211
43,33,248
43,36,66
43,39,272
43,42,208
43,45,62
43,48,203
43,49,309
43,50,15
43,54,154
43,55,37
43,59,139
43,64,367
43,66,61
43,72,98
43,73,135
43,78,339
43,80,214
43,81,231
43,82,28
43,83,373
43,89,234
43,92,293
43,95,146
43,97,270
43,100,76
43,102,80
43,106,158
43,107,132
43,112,346
43,115,233
43,116,28
43,117,160
43,119,20
43,121,175
43,122,223
43,127,189
43,145,45
43,158,239
43,164,215
43,166,140
43,169,323
43,183,141
43,196,164
44,1,300
44,7,199
44,9,241
44,15,386
44,16,55
44,17,26
44,20,31
44,23,280
44,24,234
44,26,39
44,27,24
44,28,205
44,29,301
44,30,183
44,32,165
44,37,392
44,38,343
44,41,174
44,42,64
44,47,82
44,48,340
44,49,259
44,51,275
44,54,248
44,62,104
44,66,234
44,70,243
44,72,156
44,74,315
44,77,58
44,80,285
44,83,269
44,85,105
44,88,7
44,91,175
44,95,111
44,98,117
44,99,125
44,102,152
44,112,168
44,116,311
44,117,334
44,128,230
44,131,104
44,132,110
44,133,392
44,137,85
44,138,105
44,139,251
44,143,284
44,146,363
44,148,26
44,157,275
44,186,17
44,188,123
44,189,295
45,8,134
45,9,311
45,11,60
45,12,344
45,14,290
45,15,91
45,19,334
45,20,282
45,21,389
45,23,64
45,24,286
45,26,188
45,31,198
45,35,265
45,37,4
45,38,40
45,40,17
45,43,62
45,48,350
45,52,72
45,56,372
45,60,224
45,62,54
45,66,279
45,68,208
45,78,113
45,81,274
45,84,131
45,85,19
45,96,64
45,102,235
45,103,167
45,116,252
45,117,392
45,140,52
45,146,212
45,149,210
45,178,134
45,188,93
45,192,102
45,193,326
45,194,277
46,1,32
46,3,72
46,4,363
46,5,89
46,10,111
46,11,231
46,16,175
46,17,341
46,20,376
46,21,22
46,23,147
46,25,70
46,28,161
46,29,93
46,30,117
46,33,113
46,34,378
46,39,34
46,47,166
46,51,397
46,53,203
46,54,385
46,55,333
46,57,21
46,59,37
46,62,333
46,63,338
46,64,227
46,65,216
46,69,339
46,72,245
46,75,379
46,76,66
46,80,250
46,85,376
46,86,78
46,104,141
46,118,220
46,122,143
46,125,15
46,139,118
46,143,361
46,145,149
46,148,248
46,163,13
46,165,78
46,170,383
46,175,158
46,182,190
46,190,25
46,193,202
46,196,305
47,3,143
47,5,215
47,7,377
47,17,389
47,20,399
47,21,313
47,22,243
47,25,384
47,27,316
47,29,337
47,31,211
47,32,221
47,33,94
47,35,259
47,39,397
47,41,307
47,42,295
47,44,82
47,46,166
47,50,135
47,53,132
47,61,137
47,62,248
47,63,56
47,68,169
47,71,149
47,76,376
47,84,231
47,88,191
47,90,67
47,98,226
47,103,120
47,110,334
47,111,104
47,117,25
47,124,324
47,134,268
47,136,358
47,141,112
47,142,305
47,149,170
47,152,129
47,169,313
47,179,132
47,190,34
47,198,265
47,200,359
48,3,281
48,7,277
48,10,225
48,11,37
48,13,122
48,14,161
48,15,318
48,17,133
48,19,136
48,22,277
48,25,251
48,29,353
48,32,16
48,35,265
48,36,242
48,40,235
48,42,277
48,43,203
48,44,340
48,45,350
48,51,353
48,52,31
48,56,4
48,57,371
48,58,279
48,59,191
48,60,260
48,61,238
48,64,209
48,65,271
48,66,337
48,67,169
48,68,385
48,69,41
48,70,263
48,71,217
48,75,302
48,78,239
48,82,72
48,83,155
48,84,144
48,94,265
48,104,46
48,105,119
48,109,139
48,123,315
48,142,189
48,143,34
48,145,195
48,147,185
48,151,156
48,153,381
48,159,359
48,177,299
48,181,72
48,182,242
48,185,51
48,188,33
48,198,156
48,200,291
49,1,233
49,4,203
49,5,266
49,7,262
49,9,309
49,11,38
49,12,257
49,14,175
49,16,353
49,19,222
49,27,399
49,29,55
49,30,32
49,35,304
49,36,242
49,39,389
49,43,309
49,44,259
49,51,183
49,52,356
49,62,372
49,64,260
49,70,271
49,75,10
49,77,159
49,78,170
49,82,259
49,87,51
49,94,261
49,107,46
49,116,377
49,119,102
49,121,397
49,124,332
49,129,364
49,137,49
49,138,49
49,139,145
49,140,234
49,151,80
49,163,129
50,3,122
50,5,126
50,9,71
50,13,17
50,16,167
50,20,256
50,24,95
50,27,89
50,31,182
50,32,251
50,34,127
50,35,72
50,36,285
50,41,258
50,42,234
50,43,15
50,47,135
50,56,330
50,57,172
50,63,82
50,64,107
50,67,289
50,76,382
50,79,292
50,80,56
50,82,74
50,86,110
50,87,2
50,100,87
50,107,20
50,111,301
50,114,365
50,117,400
50,118,245
50,123,347
50,127,168
50,128,336
50,129,79
50,133,203
50,136,282
50,144,397
50,159,243
50,160,69
50,162,366
50,167,83
50,174,287
50,193,358
51,6,133
51,8,127
51,9,125
51,10,255
51,14,200
51,15,355
51,16,336
51,19,42
51,26,271
51,27,372
51,29,71
51,36,196
51,37,69
51,39,98
51,44,275
51,46,397
51,48,353
51,49,183
51,52,47
51,53,186
51,56,164
51,57,60
51,58,31
51,62,53
51,64,306
51,70,76
51,73,48
51,74,264
51,77,146
51,81,398
51,85,79
51,86,48
51,95,384
51,104,13
51,113,224
51,118,392
51,125,83
51,128,74
51,140,316
51,154,224
51,155,396
51,162,177
51,174,392
51,177,364
51,178,107
51,196,358
52,1,369
52,2,85
52,4,391
52,5,284
52,6,392
52,15,47
52,18,100
52,21,292
52,23,79
52,25,349
52,27,237
52,36,30
52,40,216
52,41,374
52,45,72
52,48,31
52,49,356
52,51,47
52,58,182
52,60,341
52,62,191
52,65,384
52,71,39
52,72,131
52,73,43
52,78,385
52,83,315
52,85,218
52,90,208
52,91,60
52,99,390
52,110,316
52,112,344
52,113,292
52,115,388
52,118,302
52,130,265
52,141,190
52,150,339
52,154,327
52,163,293
52,166,158
52,168,247
52,171,9
52,174,251
52,176,8
52,187,224
53,1,369
53,3,13
53,4,197
53,7,94
53,8,20
53,20,95
53,23,4
53,24,280
53,26,363
53,28,196
53,29,6
53,30,89
53,40,222
53,41,20
53,42,14
53,46,203
53,47,132
53,51,186
53,61,114
53,62,170
53,65,131
53,68,263
53,69,351
53,72,335
53,74,264
53,77,370
53,80,227
53,93,208
53,95,397
53,96,24
53,100,374
53,107,95
53,118,7
53,123,113
53,124,157
53,125,151
53,129,234
53,131,6
53,134,256
53,136,275
53,138,186
53,142,106
53,151,166
53,152,64
53,158,94
53,160,102
53,164,259
53,169,221
53,176,45
53,199,1
53,200,288
54,3,399
54,4,84
54,7,20
54,8,104
54,15,268
54,16,140
54,20,330
54,23,324
54,24,196
54,27,196
54,28,112
54,32,39
54,35,212
54,36,265
54,37,78
54,43,154
54,44,248
54,46,385
54,56,280
54,60,334
54,61,237
54,62,350
54,76,109
54,77,74
54,79,194
54,82,316
54,86,252
54,87,121
54,89,378
54,91,387
54,96,61
54,103,134
54,107,69
54,110,377
54,112,128
54,124,351
54,125,125
54,134,261
54,137,176
54,168,260
54,176,326
54,180,198
54,184,4
54,194,234
55,2,174
55,3,265
55,8,82
55,10,45
55,14,362
55,15,4
55,16,292
55,20,2
55,21,86
55,23,364
55,25,349
55,28,81
55,32,340
55,35,296
55,36,269
55,43,37
55,46,333
55,63,81
55,64,287
55,65,102
55,70,87
55,74,328
55,76,183
55,85,309
55,86,259
55,89,292
55,93,317
55,109,150
55,111,284
55,112,76
55,113,284
55,117,231
55,120,200
55,126,24
55,127,314
55,128,272
55,134,14
55,135,209
55,142,303
55,154,254
55,166,354
55,177,239
55,178,29
55,188,195
55,189,9
55,193,86
56,1,217
56,4,79
56,8,198
56,10,392
56,12,12
56,16,117
56,17,242
56,19,148
56,26,278
56,27,19
56,32,197
56,36,115
56,39,185
56,40,233
56,45,372
56,48,4
56,50,330
56,51,164
56,54,280
56,57,213
56,61,335
56,67,132
56,69,293
56,71,264
56,74,70
56,80,78
56,85,226
56,88,121
56,89,220
56,91,182
56,97,265
56,105,343
56,111,280
56,114,166
56,117,293
56,129,65
56,135,388
56,145,194
56,150,122
56,152,374
56,153,155
56,161,21
56,165,358
56,166,397
57,1,64
57,6,366
57,11,45
57,13,375
57,14,337
57,15,101
57,19,240
57,22,188
57,25,117
57,27,287
57,30,128
57,31,396
57,39,32
57,42,309
57,46,21
57,48,371
57,50,172
57,51,60
57,56,213
57,59,87
57,61,98
57,62,392
57,65,75
57,69,232
57,72,102
57,76,140
57,85,193
57,91,367
57,92,287
57,93,5
57,95,264
57,109,367
57,110,327
57,111,153
57,113,160
57,116,123
57,121,7
57,124,89
57,136,79
57,137,51
57,143,100
57,149,39
57,150,161
57,155,142
57,157,228
57,161,298
57,168,192
57,174,312
57,184,198
58,6,335
58,7,20
58,12,292
58,13,21
58,17,38
58,23,332
58,26,117
58,28,266
58,29,344
58,31,41
58,32,274
58,33,42
58,37,292
58,39,85
58,42,43
58,48,279
58,51,31
58,52,182
58,62,391
58,67,323
58,68,139
58,77,301
58,81,127
58,82,358
58,83,212
58,94,112
58,95,199
58,99,123
58,100,275
58,108,363
58,113,293
58,114,320
58,116,370
58,118,236
58,121,252
58,138,357
58,139,18
58,150,323
58,151,230
58,183,320
58,185,75
58,186,129
59,2,362
59,5,203
59,7,97
59,8,239
59,11,346
59,12,297
59,16,380
59,19,58
59,23,151
59,25,400
59,28,354
59,30,130
59,36,161
59,39,226
59,43,139
59,46,37
59,48,191
59,57,87
59,61,376
59,62,400
59,65,272
59,68,226
59,69,342
59,81,184
59,86,195
59,90,163
59,98,183
59,101,269
59,108,381
59,112,85
59,120,134
59,121,193
59,133,52
59,139,286
59,144,225
59,147,55
59,149,158
59,152,3
59,159,320
59,171,55
59,185,243
59,192,349
59,194,126
59,200,399
60,2,259
60,4,200
60,12,371
60,15,66
60,16,174
60,18,219
60,19,327
60,23,121
60,25,56
60,26,141
60,33,351
60,35,270
60,37,49
60,45,224
60,48,260
60,52,341
60,54,334
60,62,78
60,66,373
60,67,54
60,68,10
60,69,231
60,72,198
60,74,178
60,79,308
60,80,288
60,81,203
60,82,146
60,87,37
60,91,129
60,92,13
60,95,361
60,97,162
60,102,177
60,109,396
60,114,397
60,116,130
60,118,88
60,121,118
60,125,273
60,126,353
60,128,340
60,140,117
60,147,252
60,170,198
60,177,202
60,187,192
61,7,272
61,8,58
61,15,400
61,22,293
61,24,87
61,29,95
61,30,82
61,36,121
61,38,24
61,39,10
61,47,137
61,48,238
61,53,114
61,54,237
61,56,335
61,57,98
61,59,376
61,65,190
61,70,351
61,71,189
61,72,2
61,74,128
61,76,296
61,77,214
61,79,203
61,80,278
61,87,98
61,89,207
61,91,202
61,93,223
61,95,325
61,100,120
61,102,342
61,104,281
61,107,11
61,111,380
61,136,63
61,142,383
61,151,347
61,153,393
61,161,206
61,166,114
61,169,269
61,171,72
61,173,70
61,193,385
62,7,11
62,8,124
62,10,154
62,11,378
62,18,327
62,20,204
62,22,328
62,31,234
62,37,141
62,39,366
62,44,104
62,45,54
62,46,333
62,47,248
62,49,372
62,51,53
62,52,191
62,53,170
62,54,350
62,57,392
62,58,391
62,59,400
62,60,78
62,63,311
62,64,168
62,68,69
62,69,378
62,74,389
62,75,214
62,88,337
62,89,233
62,96,213
62,98,364
62,102,158
62,108,261
62,111,248
62,113,19
62,117,112
62,126,265
62,134,169
62,135,335
62,143,208
62,145,359
62,153,291
62,178,44
62,182,76
62,185,301
62,190,306
62,194,147
62,195,113
62,197,185
63,3,41
63,4,259
63,5,199
63,8,24
63,9,11
63,10,336
63,12,21
63,14,116
63,16,352
63,19,395
63,27,36
63,30,44
63,32,71
63,34,108
63,46,338
63,47,56
63,50,82
63,55,81
63,62,311
63,68,240
63,70,332
63,82,263
63,88,234
63,90,46
63,101,244
63,102,156
63,104,282
63,105,334
63,106,318
63,118,349
63,119,173
63,129,151
63,135,285
63,136,79
63,137,398
63,141,36
63,143,1
63,155,69
63,160,5
63,165,94
63,167,325
63,173,186
63,175,382
63,176,65
63,178,93
63,180,62
63,185,364
63,192,88
63,193,397
63,200,322
64,2,65
64,3,313
64,9,116
64,10,257
64,12,380
64,23,189
64,25,397
64,26,306
64,28,321
64,32,353
64,42,138
64,43,367
64,46,227
64,48,209
64,49,260
64,50,107
64,51,306
64,55,287
64,62,168
64,65,316
64,67,337
64,71,222
64,77,343
64,78,12
64,84,29
64,96,305
64,99,106
64,109,259
64,115,298
64,116,179
64,119,391
64,122,148
64,125,373
64,135,392
64,137,19
64,140,308
64,143,264
64,165,127
64,176,388
64,177,274
64,178,92
64,196,253
64,198,170
65,1,4
65,4,91
65,6,115
65,11,236
65,18,163
65,19,28
65,23,58
65,24,196
65,28,122
65,36,110
65,46,216
65,48,271
65,52,384
65,53,131
65,55,102
65,57,75
65,59,272
65,61,190
65,64,316
65,69,396
65,73,95
65,74,378
65,75,30
65,82,171
65,85,231
65,87,297
65,94,150
65,97,335
65,101,52
65,110,332
65,118,9
65,123,392
65,128,23
65,153,306
65,169,59
65,172,370
65,182,231
65,183,370
66,1,346
66,2,74
66,5,324
66,8,281
66,9,296
66,12,243
66,15,359
66,18,112
66,20,202
66,21,155
66,22,333
66,24,395
66,26,2
66,36,102
66,41,38
66,43,61
66,44,234
66,45,279
66,48,337
66,60,373
66,70,266
66,78,317
66,81,40
66,82,288
66,86,154
66,89,184
66,90,94
66,91,86
66,93,85
66,96,347
66,98,372
66,101,379
66,103,302
66,105,86
66,109,131
66,111,312
66,114,319
66,121,12
66,125,377
66,132,106
66,143,23
66,148,52
66,149,328
66,152,10
66,156,327
66,159,212
67,1,193
67,4,197
67,9,30
67,10,299
67,11,228
67,20,29
67,21,16
67,22,160
67,23,43
67,25,251
67,30,386
67,35,196
67,48,169
67,50,289
67,56,132
67,58,323
67,60,54
67,64,337
67,75,159
67,80,246
67,96,353
67,99,28
67,100,394
67,111,304
67,112,312
67,116,25
67,132,149
67,133,270
67,136,158
67,139,113
67,141,148
67,144,350
67,155,166
67,165,221
67,167,174
67,173,376
67,196,293
68,3,318
68,12,389
68,13,18
68,14,18
68,15,124
68,20,310
68,25,34
68,30,330
68,42,19
68,45,208
68,47,169
68,48,385
68,53,263
68,58,139
68,59,226
68,60,10
68,62,69
68,63,240
68,69,140
68,74,184
68,78,117
68,79,303
68,83,365
68,87,366
68,92,7
68,95,296
68,97,58
68,99,12
68,102,370
68,105,217
68,108,376
68,133,207
68,148,131
68,173,367
68,176,284
68,181,127
68,187,198
68,189,268
68,195,136
68,199,190
69,1,400
69,2,18
69,5,62
69,12,318
69,19,129
69,25,103
69,31,173
69,35,301
69,36,334
69,37,268
69,38,177
69,46,339
69,48,41
69,53,351
69,56,293
69,57,232
69,59,342
69,60,231
69,62,378
69,65,396
69,68,140
69,73,274
69,79,84
69,80,99
69,81,251
69,87,73
69,90,136
69,94,133
69,95,141
69,96,106
69,101,246
69,102,313
69,103,190
69,104,217
69,106,386
69,115,220
69,126,74
69,139,144
69,152,192
69,153,285
69,157,317
69,164,28
69,165,58
69,168,246
69,171,259
70,4,269
70,5,374
70,8,61
70,17,80
70,22,342
70,24,253
70,26,289
70,27,231
70,28,22
70,32,104
70,34,178
70,38,127
70,39,125
70,44,243
70,48,263
70,49,271
70,51,76
70,55,87
70,61,351
70,63,332
70,66,266
70,71,55
70,73,299
70,78,317
70,79,188
70,83,280
70,84,101
70,85,372
70,87,115
70,91,203
70,93,351
70,94,50
70,101,182
70,104,79
70,107,34
70,112,212
70,123,235
70,132,328
70,135,321
70,139,67
70,147,293
70,164,368
70,174,164
70,179,33
70,186,335
70,190,30
71,1,258
71,5,14
71,7,71
71,8,240
71,10,278
71,12,353
71,13,273
71,29,159
71,30,66
71,33,122
71,39,10
71,40,183
71,47,149
71,48,217
71,52,39
71,56,264
71,61,189
71,64,222
71,70,55
71,72,159
71,73,49
71,79,4
71,84,114
71,89,292
71,98,22
71,99,79
71,100,42
71,105,40
71,108,75
71,118,193
71,121,307
71,123,380
71,125,168
71,131,69
71,132,97
71,134,293
71,138,101
71,150,56
71,162,65
71,179,311
71,186,164
71,191,295
71,192,113
72,2,72
72,3,315
72,7,244
72,8,19
72,23,382
72,34,14
72,35,292
72,37,237
72,39,177
72,40,353
72,41,275
72,43,98
72,44,156
72,46,245
72,52,131
72,53,335
72,57,102
72,60,198
72,61,2
72,71,159
72,77,49
72,81,156
72,83,59
72,98,63
72,104,76
72,107,387
72,117,199
72,124,45
72,126,11
72,130,141
72,135,29
72,137,371
72,138,57
72,144,215
72,148,220
72,151,279
72,154,31
72,155,253
72,158,82
72,171,323
73,2,274
73,3,111
73,6,197
73,7,58
73,11,5
73,18,223
73,20,217
73,23,322
73,32,7
73,33,73
73,35,58
73,39,191
73,43,135
73,51,48
73,52,43
73,65,95
73,69,274
73,70,299
73,71,49
73,74,38
73,76,343
73,81,181
73,96,58
73,103,172
73,118,176
73,119,358
73,120,100
73,123,80
73,126,186
73,130,266
73,142,254
73,143,231
73,155,124
73,164,234
73,166,284
73,180,391
73,188,266
73,191,256
73,196,204
74,2,357
74,9,228
74,20,126
74,22,120
74,29,273
74,31,350
74,33,281
74,35,89
74,44,315
74,51,264
74,53,264
74,55,328
74,56,70
74,60,178
74,61,128
74,62,389
74,65,378
74,68,184
74,73,38
74,76,66
74,79,258
74,80,73
74,86,173
74,96,177
74,99,184
74,100,297
74,102,326
74,110,346
74,111,337
74,117,353
74,119,257
74,122,230
74,128,188
74,130,33
74,140,40
74,142,111
74,157,89
74,158,172
74,164,399
74,169,277
74,172,348
74,174,370
74,185,286
74,188,97
75,3,238
75,8,302
75,9,323
75,10,173
75,11,87
75,13,54
75,14,80
75,19,306
75,21,170
75,22,391
75,23,292
75,28,337
75,34,151
75,35,276
75,46,379
75,48,302
75,49,10
75,62,214
75,65,30
75,67,159
75,82,120
75,90,370
75,97,119
75,98,158
75,100,253
75,101,320
75,103,86
75,106,393
75,115,28
75,120,179
75,131,162
75,137,246
75,138,156
75,153,82
75,156,388
75,160,343
75,166,123
75,173,53
75,180,145
75,182,223
75,183,271
75,200,301
76,7,183
76,10,130
76,18,308
76,23,259
76,25,38
76,29,151
76,36,26
76,38,331
76,39,254
76,40,278
76,42,287
76,46,66
76,47,376
76,50,382
76,54,109
76,55,183
76,57,140
76,61,296
76,73,343
76,74,66
76,77,317
76,80,33
76,82,81
76,88,168
76,91,297
76,92,64
76,97,17
76,98,357
76,106,272
76,123,4
76,127,274
76,138,254
76,146,305
76,148,140
76,166,233
76,170,337
76,176,244
76,178,101
76,179,95
76,180,54
76,187,102
77,5,248
77,7,202
77,8,288
77,10,258
77,11,171
77,13,279
77,18,84
77,24,38
77,26,108
77,36,32
77,38,260
77,40,90
77,44,58
77,49,159
77,51,146
77,53,370
77,54,74
77,58,301
77,61,214
77,64,343
77,72,49
77,76,317
77,78,173
77,90,313
77,91,303
77,93,213
77,94,88
77,95,187
77,99,318
77,124,277
77,131,201
77,157,18
77,160,114
77,165,346
77,169,379
77,180,3
77,194,274
77,196,310
78,3,229
78,5,141
78,6,238
78,8,314
78,11,156
78,14,116
78,16,10
78,18,24
78,20,198
78,36,255
78,38,213
78,42,298
78,43,339
78,45,113
78,48,239
78,49,170
78,52,385
78,64,12
78,66,317
78,68,117
78,70,317
78,77,173
78,90,196
78,91,5
78,99,122
78,101,274
78,103,44
78,108,46
78,110,156
78,119,75
78,127,234
78,133,235
78,139,385
78,141,93
78,145,178
78,150,335
78,163,26
78,164,379
78,172,187
78,182,160
78,185,333
78,193,153
78,198,399
79,5,213
79,6,308
79,9,71
79,12,164
79,19,330
79,24,341
79,29,24
79,31,144
79,33,328
79,35,258
79,40,353
79,42,122
79,50,292
79,54,194
79,60,308
79,61,203
79,68,303
79,69,84
79,70,188
79,71,4
79,74,258
79,81,152
79,84,271
79,86,388
79,89,151
79,90,339
79,91,247
79,94,163
79,96,284
79,98,321
79,99,32
79,102,353
79,106,140
79,107,10
79,108,279
79,113,186
79,127,294
79,132,87
79,135,270
79,136,229
79,146,170
79,151,326
79,154,135
79,161,187
79,167,325
79,170,228
79,181,150
79,192,330
80,3,135
80,13,130
80,14,381
80,16,19
80,21,270
80,22,126
80,23,208
80,25,151
80,27,19
80,32,15
80,38,53
80,43,214
80,44,285
80,46,250
80,50,56
80,53,227
80,56,78
80,60,288
80,61,278
80,67,246
80,69,99
80,74,73
80,76,33
80,82,66
80,84,73
80,85,92
80,90,334
80,94,68
80,100,170
80,107,212
80,108,125
80,109,332
80,114,118
80,115,198
80,124,56
80,139,234
80,143,155
80,144,146
80,145,311
80,155,208
80,156,279
80,179,164
81,6,139
81,8,36
81,11,189
81,13,27
81,14,176
81,17,347
81,27,388
81,39,18
81,41,340
81,43,231
81,45,274
81,51,398
81,58,127
81,59,184
81,60,203
81,66,40
81,69,251
81,72,156
81,73,181
81,79,152
81,88,27
81,92,287
81,93,94
81,96,333
81,97,109
81,98,189
81,99,384
81,101,262
81,102,397
81,104,231
81,120,363
81,123,243
81,133,357
81,139,171
81,146,236
81,149,156
81,150,100
81,153,192
81,163,337
81,167,56
81,175,204
81,176,68
81,190,12
81,196,217
81,200,265
82,1,174
82,3,397
82,5,231
82,10,223
82,21,184
82,25,94
82,43,28
82,48,72
82,49,259
82,50,74
82,54,316
82,58,358
82,60,146
82,63,263
82,65,171
82,66,288
82,75,120
82,76,81
82,80,66
82,86,316
82,88,28
82,91,383
82,94,113
82,96,161
82,101,345
82,121,150
82,129,91
82,132,251
82,134,339
82,135,391
82,142,32
82,162,18
82,165,171
82,174,319
82,187,7
82,192,18
82,196,196
82,197,229
82,198,275
83,1,273
83,3,36
83,4,96
83,6,363
83,7,173
