source,target,weight
1,2,347
1,3,219
1,4,150
1,5,160
1,6,47
1,7,333
1,9,214
1,10,94
1,12,120
1,15,112
1,18,263
1,19,238
1,20,246
1,22,349
1,23,48
1,25,48
1,27,138
1,28,77
1,32,335
1,33,315
1,35,135
1,37,249
1,38,252
1,39,108
1,40,201
1,42,105
1,43,160
1,45,337
1,47,166
1,48,9
1,49,84
1,50,101
1,54,329
1,55,324
1,56,101
1,57,258
1,58,78
1,59,164
1,61,302
1,62,257
1,63,294
1,65,175
1,67,184
1,68,190
1,70,283
1,71,96
1,72,386
1,73,265
1,75,33
1,76,339
1,79,135
1,81,335
1,84,171
1,85,360
1,87,229
1,89,293
1,94,143
1,95,232
1,97,316
1,100,289
1,103,337
1,104,196
1,105,152
1,110,309
1,113,275
1,115,280
1,117,228
1,119,210
1,122,141
1,124,87
1,125,338
1,127,167
1,128,318
1,129,274
1,130,324
1,131,11
1,133,184
1,139,322
1,142,47
1,144,45
1,145,239
1,147,247
1,148,138
1,151,35
1,152,73
1,153,204
1,154,124
1,156,268
1,158,23
1,162,91
1,163,112
1,164,269
1,166,39
1,171,105
1,174,54
1,186,96
1,189,200
1,193,346
1,195,19
1,196,188
1,200,175
2,1,347
2,3,123
2,4,66
2,6,115
2,7,288
2,8,225
2,10,355
2,11,48
2,12,156
2,13,229
2,16,265
2,17,115
2,18,259
2,19,21
2,20,85
2,22,358
2,23,273
2,24,9
2,25,242
2,26,392
2,30,125
2,31,86
2,34,389
2,38,183
2,39,254
2,41,255
2,42,293
2,44,340
2,45,301
2,46,31
2,48,163
2,49,251
2,50,251
2,51,143
2,52,184
2,53,83
2,56,91
2,60,316
2,61,351
2,64,300
2,67,365
2,68,159
2,70,12
2,71,297
2,73,361
2,74,24
2,76,280
2,77,82
2,78,202
2,79,4
2,80,305
2,81,239
2,82,138
2,83,12
2,84,175
2,86,30
2,88,97
2,91,288
2,92,211
2,95,53
2,98,60
2,99,128
2,104,201
2,105,144
2,106,381
2,107,225
2,109,145
2,110,119
2,112,168
2,113,31
2,114,81
2,115,236
2,116,207
2,118,137
2,120,329
2,122,398
2,123,73
2,124,82
2,125,187
2,127,65
2,128,205
2,131,303
2,133,4
2,135,336
2,156,99
2,158,323
2,163,158
2,165,80
2,166,192
2,170,370
2,172,250
2,173,87
2,175,143
2,178,98
2,180,352
2,184,274
2,187,377
2,188,68
2,189,337
2,190,144
2,192,251
2,193,167
2,194,364
2,195,378
2,197,381
2,198,272
2,199,225
3,1,219
3,2,123
3,5,257
3,9,91
3,10,332
3,11,389
3,13,87
3,14,141
3,16,345
3,17,291
3,19,326
3,20,171
3,22,382
3,23,100
3,26,249
3,29,357
3,31,189
3,32,10
3,33,287
3,35,239
3,38,196
3,39,211
3,41,91
3,43,142
3,44,305
3,46,273
3,47,392
3,48,228
3,49,129
3,50,167
3,52,143
3,53,282
3,54,18
3,56,8
3,57,367
3,58,278
3,60,212
3,62,165
3,63,30
3,64,248
3,65,238
3,66,305
3,70,382
3,73,232
3,74,206
3,75,27
3,76,31
3,77,184
3,80,331
3,83,383
3,84,137
3,86,329
3,88,272
3,90,90
3,91,73
3,92,359
3,94,44
3,97,142
3,99,210
3,100,111
3,101,304
3,102,291
3,111,137
3,112,312
3,115,92
3,116,70
3,119,356
3,120,207
3,123,15
3,124,47
3,127,338
3,128,284
3,131,73
3,132,215
3,133,167
3,143,394
3,144,2
3,147,354
3,150,143
3,151,133
3,155,3
3,159,34
3,160,251
3,164,209
3,170,168
3,171,151
3,175,33
3,177,54
3,178,349
3,179,258
3,184,254
3,188,178
3,191,103
3,192,271
3,195,56
3,197,223
3,200,294
4,1,150
4,2,66
4,5,182
4,6,335
4,7,186
4,8,61
4,11,218
4,17,75
4,18,393
4,20,361
4,21,95
4,22,380
4,23,245
4,24,246
4,25,73
4,26,316
4,29,131
4,30,399
4,31,165
4,32,289
4,33,60
4,34,385
4,37,42
4,38,317
4,39,322
4,44,188
4,45,365
4,46,234
4,47,221
4,48,133
4,49,251
4,50,389
4,51,340
4,52,396
4,53,352
4,55,393
4,58,284
4,59,387
4,60,125
4,61,295
4,62,295
4,63,374
4,64,313
4,65,235
4,67,202
4,69,58
4,70,207
4,72,179
4,76,192
4,77,399
4,79,7
4,80,353
4,81,259
4,82,193
4,83,353
4,84,309
4,86,342
4,87,235
4,90,394
4,91,140
4,93,303
4,94,194
4,95,383
4,96,239
4,100,114
4,101,332
4,104,165
4,106,346
4,107,245
4,110,192
4,113,149
4,114,210
4,115,112
4,117,343
4,118,373
4,124,139
4,127,84
4,130,361
4,133,36
4,135,49
4,136,348
4,140,287
4,143,33
4,146,107
4,149,59
4,152,248
4,154,222
4,157,322
4,159,239
4,162,193
4,164,334
4,169,302
4,171,349
4,172,336
4,174,32
4,175,331
4,176,37
4,180,84
4,182,139
4,184,242
4,188,85
4,192,232
4,196,390
4,199,379
5,1,160
5,3,257
5,4,182
5,6,63
5,7,28
5,8,105
5,10,370
5,12,119
5,13,212
5,15,303
5,16,185
5,18,235
5,19,199
5,21,180
5,23,17
5,24,109
5,26,359
5,27,337
5,28,245
5,29,89
5,30,15
5,32,37
5,34,72
5,35,292
5,36,32
5,37,37
5,38,190
5,40,4
5,41,333
5,42,278
5,44,28
5,45,383
5,46,111
5,49,376
5,51,394
5,53,386
5,56,378
5,57,21
5,58,44
5,59,59
5,60,333
5,61,188
5,62,335
5,63,181
5,64,128
5,65,261
5,68,355
5,69,211
5,70,322
5,71,110
5,73,46
5,74,132
5,75,290
5,76,65
5,77,22
5,79,107
5,84,69
5,85,244
5,86,72
5,87,300
5,89,65
5,90,395
5,91,349
5,92,367
5,95,137
5,96,95
5,97,290
5,98,309
5,99,150
5,102,130
5,105,41
5,106,95
5,108,205
5,109,296
5,111,357
5,112,153
5,113,114
5,114,262
5,115,95
5,116,381
5,117,164
5,121,88
5,124,393
5,125,134
5,126,35
5,131,315
5,132,111
5,135,211
5,137,330
5,138,99
5,144,73
5,146,98
5,151,88
5,152,104
5,153,23
5,154,347
5,155,107
5,156,298
5,157,17
5,159,16
5,161,201
5,163,198
5,166,354
5,169,271
5,171,221
5,173,270
5,174,326
5,176,139
5,177,277
5,181,212
5,182,353
5,183,205
5,187,72
5,188,264
5,190,76
5,196,179
6,1,47
6,2,115
6,4,335
6,5,63
6,8,56
6,9,195
6,10,253
6,13,123
6,14,248
6,15,250
6,17,86
6,18,34
6,19,388
6,24,66
6,25,238
6,26,356
6,28,230
6,29,256
6,31,13
6,32,303
6,33,369
6,35,70
6,36,167
6,37,280
6,39,159
6,41,82
6,43,103
6,45,374
6,48,265
6,50,209
6,55,150
6,57,322
6,59,211
6,60,348
6,63,271
6,65,105
6,68,76
6,71,217
6,72,63
6,73,337
6,74,248
6,75,355
6,76,351
6,77,94
6,78,254
6,79,193
6,80,272
6,83,396
6,88,124
6,89,222
6,91,385
6,93,340
6,95,85
6,96,76
6,99,45
6,100,396
6,101,301
6,104,152
6,108,389
6,110,5
6,112,130
6,114,6
6,115,251
6,116,128
6,118,112
6,119,374
6,120,295
6,123,10
6,124,249
6,125,277
6,128,149
6,129,314
6,130,73
6,131,159
6,133,190
6,136,304
6,137,351
6,138,246
6,140,361
6,141,350
6,159,258
6,161,187
6,162,350
6,168,110
6,169,183
6,170,214
6,171,229
6,173,170
6,176,314
6,178,6
6,187,208
6,190,20
6,199,359
7,1,333
7,2,288
7,4,186
7,5,28
7,8,299
7,10,43
7,11,253
7,12,339
7,13,272
7,14,196
7,15,116
7,18,160
7,19,193
7,20,251
7,21,321
7,22,338
7,24,53
7,26,251
7,28,242
7,30,165
7,31,65
7,32,280
7,33,237
7,34,5
7,37,333
7,38,24
7,39,307
7,40,237
7,41,184
7,45,345
7,47,285
7,48,16
7,49,366
7,52,346
7,53,220
7,54,395
7,55,220
7,58,281
7,59,141
7,60,113
7,61,183
7,62,203
7,63,237
7,65,18
7,68,33
7,70,282
7,71,280
7,72,380
7,73,156
7,74,210
7,75,135
7,76,242
7,77,77
7,78,361
7,81,176
7,82,93
7,83,26
7,85,20
7,86,31
7,92,187
7,93,201
7,95,353
7,96,168
7,104,333
7,105,16
7,106,159
7,108,293
7,114,264
7,115,323
7,117,259
7,118,386
7,120,249
7,121,127
7,122,223
7,125,379
7,126,312
7,128,22
7,131,261
7,134,250
7,135,398
7,140,78
7,141,298
7,145,320
7,151,74
7,152,5
7,153,384
7,160,211
7,162,81
7,166,187
7,167,389
7,169,326
7,172,205
7,173,45
7,175,136
7,176,74
7,177,229
7,187,138
7,191,236
7,196,393
7,199,152
8,2,225
8,4,61
8,5,105
8,6,56
8,7,299
8,9,111
8,10,115
8,12,180
8,13,148
8,15,66
8,16,156
8,17,13
8,18,257
8,19,190
8,20,270
8,23,6
8,25,134
8,27,6
8,28,305
8,31,105
8,32,341
8,33,219
8,34,339
8,35,293
8,36,394
8,37,24
8,38,221
8,39,316
8,40,151
8,41,257
8,44,253
8,45,208
8,46,220
8,47,35
8,48,165
8,49,47
8,50,278
8,51,349
8,52,245
8,53,232
8,54,287
8,55,376
8,57,325
8,58,359
8,59,233
8,60,47
8,63,162
8,64,357
8,65,74
8,66,59
8,67,247
8,69,172
8,70,218
8,71,90
8,74,243
8,76,197
8,77,22
8,79,374
8,80,60
8,82,252
8,83,381
8,85,84
8,86,65
8,90,211
8,94,275
8,95,303
8,96,55
8,97,388
8,98,297
8,102,376
8,104,62
8,110,198
8,112,224
8,114,79
8,115,198
8,116,160
8,118,285
8,119,169
8,122,32
8,123,375
8,125,167
8,126,355
8,128,265
8,130,50
8,133,213
8,134,383
8,139,328
8,140,96
8,144,148
8,147,315
8,152,364
8,154,269
8,155,165
8,157,155
8,159,183
8,160,131
8,161,253
8,166,286
8,167,291
8,168,95
8,169,29
8,172,26
8,176,12
8,185,64
8,187,230
8,200,222
9,1,214
9,3,91
9,6,195
9,8,111
9,10,390
9,11,399
9,12,221
9,13,50
9,15,238
9,16,193
9,17,234
9,18,390
9,20,162
9,21,174
9,22,235
9,24,341
9,25,358
9,27,83
9,28,101
9,29,200
9,32,371
9,33,257
9,36,212
9,37,54
9,38,221
9,40,190
9,41,127
9,42,347
9,43,253
9,44,97
9,45,341
9,46,258
9,47,298
9,48,266
9,49,297
9,51,214
9,52,222
9,53,96
9,54,85
9,55,391
9,56,151
9,57,92
9,59,277
9,60,241
9,64,373
9,65,290
9,66,97
9,67,281
9,70,90
9,72,368
9,74,355
9,75,168
9,76,83
9,77,95
9,79,314
9,83,364
9,84,4
9,86,319
9,87,381
9,91,48
9,94,230
9,95,223
9,96,11
9,97,339
9,99,270
9,103,251
9,104,399
9,105,30
9,106,367
9,107,91
9,109,383
9,110,59
9,111,134
9,114,106
9,115,370
9,117,70
9,120,307
9,122,11
9,128,49
9,134,390
9,135,97
9,137,315
9,138,99
9,139,129
9,140,308
9,143,162
9,146,79
9,147,8
9,150,359
9,155,73
9,160,356
9,161,211
9,162,33
9,167,374
9,170,349
9,174,197
9,175,317
9,179,204
9,180,194
9,181,360
9,182,303
9,188,236
9,190,370
9,195,85
10,1,94
10,2,355
10,3,332
10,5,370
10,6,253
10,7,43
10,8,115
10,9,390
10,11,27
10,12,250
10,13,56
10,14,273
10,16,188
10,19,106
10,20,84
10,21,246
10,23,119
10,24,297
10,26,193
10,27,381
10,30,22
10,33,90
10,34,205
10,36,400
10,37,10
10,40,168
10,42,231
10,43,3
10,45,393
10,46,144
10,47,124
10,50,320
10,51,297
10,52,369
10,53,175
10,54,193
10,56,147
10,57,233
10,59,353
10,60,269
10,61,66
10,62,65
10,63,291
10,64,199
10,65,372
10,66,76
10,68,31
10,69,79
10,70,153
10,71,294
10,72,141
10,73,384
10,75,343
10,77,83
10,81,239
10,82,208
10,85,201
10,87,9
10,88,185
10,89,356
10,90,114
10,91,113
10,92,377
10,93,238
10,94,182
10,96,5
10,97,40
10,98,248
10,99,146
10,101,330
10,102,193
10,105,2
10,109,48
10,113,338
10,116,148
10,117,117
10,118,302
10,122,105
10,123,49
10,125,14
10,126,130
10,127,188
10,128,390
10,129,27
10,132,245
10,133,132
10,134,358
10,136,59
10,147,374
10,148,118
10,149,204
10,153,291
10,154,54
10,155,357
10,156,267
10,159,328
10,160,278
10,170,285
10,171,156
10,172,167
10,173,20
10,176,42
10,177,218
10,181,316
10,183,53
10,187,255
10,193,368
10,196,272
10,197,175
11,2,48
11,3,389
11,4,218
11,7,253
11,9,399
11,10,27
11,13,12
11,14,42
11,15,72
11,17,223
11,18,226
11,19,81
11,20,312
11,21,291
11,22,211
11,24,17
11,25,361
11,26,201
11,27,156
11,29,338
11,30,258
11,31,263
11,32,115
11,35,108
11,36,75
11,39,224
11,40,316
11,41,131
11,42,272
11,44,98
11,48,57
11,50,24
11,52,116
11,53,188
11,54,263
11,55,100
11,57,323
11,58,255
11,60,210
11,62,334
11,63,81
11,64,110
11,65,39
11,66,145
11,68,207
11,69,324
11,70,336
11,72,57
11,73,381
11,75,75
11,76,180
11,77,312
11,80,373
11,81,65
11,82,297
11,84,382
11,85,193
11,86,326
11,89,365
11,90,342
11,91,117
11,94,155
11,96,376
11,98,135
11,103,49
11,106,193
11,107,262
11,108,384
11,111,218
11,112,287
11,116,204
11,117,30
11,119,366
11,122,105
11,125,108
11,127,256
11,128,30
11,130,255
11,133,23
11,134,388
11,136,79
11,138,260
11,139,282
11,142,146
11,144,59
11,145,166
11,148,305
11,151,380
11,158,160
11,159,121
11,162,84
11,164,106
11,167,290
11,168,372
11,171,358
11,172,93
11,174,206
11,175,287
11,181,329
11,183,81
11,185,258
11,188,96
11,189,171
11,191,61
11,193,210
11,194,274
11,199,353
12,1,120
12,2,156
12,5,119
12,7,339
12,8,180
12,9,221
12,10,250
12,14,83
12,15,140
12,16,391
12,18,275
12,19,322
12,21,7
12,23,244
12,24,282
12,25,138
12,27,30
12,32,385
12,33,125
12,36,328
12,37,94
12,39,216
12,41,225
12,43,9
12,45,2
12,46,183
12,47,152
12,50,109
12,54,120
12,55,300
12,56,288
12,57,390
12,62,166
12,64,245
12,65,193
12,71,365
12,72,278
12,73,265
12,74,18
12,75,294
12,77,167
12,78,184
12,80,400
12,82,163
12,86,354
12,87,162
12,88,233
12,89,63
12,94,299
12,96,149
12,98,375
12,99,386
12,101,262
12,102,154
12,104,249
12,105,284
12,106,340
12,111,123
12,113,128
12,115,90
12,116,287
12,119,327
12,120,333
12,121,341
12,122,353
12,126,193
12,129,149
12,130,57
12,132,7
12,137,51
12,146,297
12,149,71
12,152,103
12,155,395
12,157,391
12,159,94
12,164,4
12,166,188
12,169,366
12,170,241
12,174,207
12,175,239
12,178,318
12,182,319
12,183,375
12,184,351
12,185,249
12,187,338
12,189,160
12,191,163
12,192,151
12,193,197
13,2,229
13,3,87
13,5,212
13,6,123
13,7,272
13,8,148
13,9,50
13,10,56
13,11,12
13,14,374
13,15,313
13,22,315
13,23,34
13,25,15
13,26,207
13,28,331
13,29,211
13,30,21
13,31,200
13,33,345
13,34,169
13,35,269
13,36,26
13,40,306
13,41,56
13,42,223
13,43,337
13,44,49
13,45,138
13,46,265
13,47,135
13,48,386
13,49,106
13,51,349
13,53,258
13,55,45
13,56,91
13,58,249
13,59,364
13,60,245
13,62,173
13,64,239
13,65,168
13,67,385
13,68,365
13,70,78
13,71,343
13,72,14
13,73,223
13,75,248
13,76,1
13,77,98
13,78,107
13,79,143
13,80,267
13,81,360
13,82,255
13,83,104
13,85,49
13,86,134
13,87,305
13,88,167
13,90,249
13,91,238
13,94,257
13,95,352
13,96,126
13,98,110
13,99,197
13,103,251
13,104,360
13,108,268
13,109,395
13,111,346
13,112,228
13,113,235
13,115,280
13,116,95
13,117,124
13,119,178
13,120,86
13,122,42
13,124,20
13,126,400
13,127,43
13,131,126
13,132,37
13,134,311
13,137,304
13,142,126
13,144,277
13,145,130
13,146,183
13,148,104
13,149,335
13,152,66
13,156,351
13,158,362
13,161,138
13,162,392
13,165,346
13,168,95
13,170,121
13,171,294
13,172,268
13,178,34
13,183,355
13,187,98
13,189,4
13,190,292
13,192,265
13,193,344
13,196,103
13,197,73
14,3,141
14,6,248
14,7,196
14,10,273
14,11,42
14,12,83
14,13,374
14,15,281
14,16,346
14,17,289
14,20,351
14,21,43
14,23,194
14,24,262
14,25,315
14,27,281
14,28,275
14,29,269
14,30,196
14,32,78
14,33,278
14,36,346
14,37,329
14,38,340
14,39,166
14,42,299
14,44,85
14,48,381
14,49,152
14,50,63
14,51,68
14,52,242
14,53,387
14,55,80
14,56,256
14,59,5
14,60,42
14,62,334
14,63,275
14,64,370
14,65,7
14,66,156
14,67,96
14,70,51
14,72,393
14,73,117
14,74,134
14,75,198
14,76,395
14,79,79
14,81,274
14,82,332
14,84,212
14,85,170
14,86,69
14,87,269
14,88,382
14,89,386
14,92,262
14,94,3
14,95,285
14,96,283
14,97,104
14,98,363
14,101,338
14,103,281
14,104,369
14,105,3
14,106,363
14,111,357
14,112,117
14,115,103
14,116,180
14,117,398
14,118,396
14,122,128
14,126,34
14,127,59
14,128,186
14,131,378
14,133,119
14,140,331
14,143,276
14,145,161
14,147,235
14,148,112
14,149,349
14,150,266
14,152,281
14,153,52
14,155,313
14,160,208
14,161,340
14,164,386
14,166,118
14,168,40
14,171,31
14,173,226
14,176,115
14,177,142
14,180,375
14,184,279
14,185,338
14,187,277
14,188,340
14,190,154
14,191,373
14,192,357
14,198,353
15,1,112
15,5,303
15,6,250
15,7,116
15,8,66
15,9,238
15,11,72
15,12,140
15,13,313
15,14,281
15,16,305
15,17,148
15,18,16
15,19,348
15,20,162
15,23,75
15,24,138
15,25,253
15,26,318
15,27,349
15,28,286
15,34,134
15,35,74
15,37,75
15,40,379
15,41,272
15,42,388
15,47,24
15,49,256
15,51,191
15,52,111
15,54,292
15,56,379
15,57,323
15,58,195
15,59,249
15,60,189
15,62,10
15,63,222
15,64,217
15,65,328
15,66,366
15,69,373
15,71,295
15,72,332
15,74,128
15,76,352
15,79,222
15,80,95
15,81,157
15,82,213
15,83,233
15,84,89
15,85,326
15,86,251
15,89,392
15,90,199
15,91,340
15,93,100
15,96,95
15,97,232
15,98,371
15,99,77
15,101,72
15,102,104
15,105,127
15,109,124
15,111,222
15,113,286
15,118,394
15,120,85
15,123,277
15,125,29
15,129,206
15,130,10
15,132,14
15,134,52
15,139,300
15,140,334
15,141,69
15,144,60
15,145,24
15,147,174
15,154,297
15,157,288
15,158,366
15,169,167
15,174,326
15,177,99
15,179,127
15,185,223
15,186,134
15,189,219
15,190,156
15,194,397
16,2,265
16,3,345
16,5,185
16,8,156
16,9,193
16,10,188
16,12,391
16,14,346
16,15,305
16,17,76
16,19,97
16,20,366
16,22,33
16,24,203
16,25,322
16,26,372
16,27,87
16,30,386
16,31,48
16,32,7
16,33,150
16,34,164
16,35,380
16,36,3
16,37,24
16,38,56
16,40,6
16,42,2
16,43,52
16,44,339
16,48,245
16,50,341
16,51,319
16,52,385
16,54,262
16,55,77
16,58,279
16,60,144
16,61,259
16,62,22
16,64,383
16,65,264
16,68,189
16,69,285
16,71,122
16,73,263
16,74,292
16,76,289
16,77,197
16,78,215
16,79,323
16,82,108
16,83,72
16,84,180
16,86,17
16,87,339
16,90,150
16,91,268
16,92,265
16,93,109
16,94,91
16,95,377
16,98,140
16,99,153
16,100,85
16,102,244
16,103,82
16,104,204
16,105,260
16,107,149
16,108,38
16,109,45
16,111,239
16,112,78
16,113,246
16,117,309
16,118,7
16,119,360
16,120,285
16,123,281
16,125,167
16,127,399
16,128,42
16,133,21
16,138,278
16,140,79
16,141,145
16,144,285
16,149,53
16,150,268
16,151,27
16,152,348
16,153,56
16,154,45
16,161,272
16,162,17
16,163,58
16,164,134
16,169,276
16,170,148
16,172,394
16,178,352
16,179,325
16,180,194
16,185,277
16,186,358
16,189,313
16,192,378
16,193,135
16,195,77
16,199,286
16,200,209
17,2,115
17,3,291
17,4,75
17,6,86
17,8,13
17,9,234
17,11,223
17,14,289
17,15,148
17,16,76
17,20,42
17,22,120
17,23,67
17,24,235
17,25,341
17,27,172
17,31,296
17,35,80
17,37,264
17,38,283
17,39,277
17,40,172
17,42,55
17,43,283
17,44,384
17,45,368
17,47,268
17,48,273
17,49,378
17,50,42
17,51,311
17,52,131
17,53,121
17,55,176
17,58,86
17,59,38
17,61,298
17,63,132
17,64,135
17,65,62
17,66,174
17,68,128
17,69,274
17,70,349
17,71,257
17,72,175
17,73,205
17,74,37
17,75,91
17,76,232
17,77,254
17,78,82
17,80,350
17,82,198
17,84,197
17,87,278
17,88,199
17,89,67
17,90,165
17,91,196
17,92,192
17,93,122
17,95,63
17,96,145
17,98,92
17,100,331
17,101,378
17,102,56
17,103,372
17,104,13
17,107,130
17,108,199
17,110,268
17,111,28
17,113,92
17,114,145
17,117,395
17,118,70
17,120,151
17,128,175
17,129,49
17,131,335
17,136,125
17,141,15
17,143,251
17,144,373
17,147,196
17,149,282
17,150,200
17,151,53
17,152,165
17,153,273
17,154,361
17,155,92
17,156,18
17,157,107
17,158,339
17,160,196
17,161,211
17,162,352
17,165,394
17,167,256
17,170,241
17,172,357
17,179,296
17,180,211
17,181,383
17,184,170
17,189,354
17,191,161
17,192,144
17,193,135
17,200,303
18,1,263
18,2,259
18,4,393
18,5,235
18,6,34
18,7,160
18,8,257
18,9,390
18,11,226
18,12,275
18,15,16
18,19,162
18,20,81
18,21,347
18,22,298
18,26,398
18,27,147
18,28,10
18,29,90
18,30,69
18,31,223
18,33,343
18,34,130
18,35,134
18,36,124
18,38,113
18,40,176
18,41,367
18,42,220
18,43,291
18,44,60
18,45,165
18,47,373
18,48,131
18,51,319
18,52,389
18,55,133
18,56,381
18,58,163
18,59,109
18,61,131
18,64,82
18,65,197
18,66,194
18,67,14
18,70,137
18,71,159
18,73,102
18,75,373
18,76,269
18,77,103
18,82,33
18,83,308
18,84,158
18,85,305
18,86,91
18,88,344
18,89,196
18,91,208
18,92,201
18,93,108
18,94,32
18,95,331
18,96,390
18,98,183
18,101,150
18,102,62
18,104,105
18,106,241
18,107,24
18,108,377
18,110,11
18,112,155
18,114,240
18,115,80
18,116,212
18,117,211
18,118,326
18,121,379
18,123,382
18,126,92
18,130,197
18,133,237
18,137,318
18,138,192
18,143,280
18,145,313
18,148,244
18,149,94
18,150,61
18,154,219
18,158,276
18,163,384
18,165,168
18,166,19
18,168,208
18,169,376
18,170,140
18,172,274
18,173,104
18,174,233
18,176,157
18,178,351
18,181,219
18,184,394
18,197,210
19,1,238
19,2,21
19,3,326
19,5,199
19,6,388
19,7,193
19,8,190
19,10,106
19,11,81
19,12,322
19,15,348
19,16,97
19,18,162
19,20,255
19,22,193
19,23,266
19,25,220
19,27,317
19,29,116
19,30,102
19,32,143
19,33,160
19,34,312
19,35,202
19,38,288
19,39,207
19,41,223
19,42,48
19,43,58
19,44,19
19,46,65
19,47,199
19,48,366
19,49,195
19,50,217
19,51,40
19,52,117
19,53,193
19,54,185
19,56,117
19,57,18
19,59,20
19,61,361
19,62,17
19,64,1
19,65,271
19,68,311
19,73,297
19,74,151
19,75,379
19,76,205
19,77,292
19,78,70
19,79,290
19,80,255
19,85,140
19,86,144
19,87,71
19,89,119
19,90,138
19,91,260
19,92,137
19,94,297
19,95,148
19,97,211
19,101,263
19,103,18
19,105,195
19,108,80
19,109,96
19,111,210
19,112,6
19,113,294
19,117,320
19,121,75
19,122,18
19,124,40
19,129,100
19,136,174
19,137,339
19,139,165
19,140,113
19,141,260
19,143,82
19,147,127
19,148,376
19,153,259
19,154,228
19,156,369
19,157,225
19,163,253
19,164,91
19,165,39
19,169,44
19,173,197
19,174,192
19,175,146
19,177,60
19,178,235
19,179,276
19,183,359
19,184,88
19,185,275
19,188,367
19,189,248
19,190,129
19,191,203
19,193,112
20,1,246
20,2,85
20,3,171
20,4,361
20,7,251
20,8,270
20,9,162
20,10,84
20,11,312
20,14,351
20,15,162
20,16,366
20,17,42
20,18,81
20,19,255
20,28,328
20,31,49
20,32,198
20,33,251
20,35,360
20,37,238
20,38,144
20,41,2
20,42,344
20,43,128
20,45,41
20,46,196
20,48,106
20,49,182
20,50,267
20,51,100
20,52,81
20,53,199
20,54,333
20,55,70
20,57,1
20,58,311
20,59,21
20,60,27
20,61,109
20,62,200
20,63,334
20,66,275
20,67,390
20,68,223
20,69,198
20,70,345
20,74,327
20,75,288
20,77,272
20,79,387
20,84,257
20,85,371
20,86,284
20,87,208
20,88,246
20,89,96
20,90,313
20,92,163
20,96,228
20,97,283
20,99,60
20,100,387
20,103,172
20,104,289
20,105,128
20,109,78
20,111,168
20,112,395
20,113,205
20,114,212
20,116,175
20,121,90
20,122,249
20,125,162
20,128,211
20,131,369
20,139,29
20,140,316
20,141,274
20,142,282
20,143,288
20,144,226
20,146,283
20,149,376
20,152,373
20,153,311
20,156,223
20,158,168
20,159,281
20,160,57
20,163,259
20,170,87
20,171,279
20,172,26
20,176,99
20,179,131
20,180,154
20,181,341
20,183,32
20,184,334
20,185,156
20,192,200
20,194,367
20,196,223
20,199,4
21,4,95
21,5,180
21,7,321
21,9,174
21,10,246
21,11,291
21,12,7
21,14,43
21,18,347
21,24,262
21,26,7
21,27,383
21,30,187
21,31,88
21,35,68
21,36,107
21,37,87
21,39,135
21,40,92
21,44,210
21,45,350
21,46,181
21,47,261
21,50,237
21,53,90
21,54,246
21,55,136
21,56,97
21,57,143
21,58,292
21,60,142
21,62,93
21,63,148
21,64,200
21,67,207
21,68,337
21,71,218
21,72,367
21,73,185
21,75,134
21,76,238
21,77,354
21,79,170
21,80,254
21,83,111
21,84,388
21,86,137
21,89,397
21,90,337
21,91,339
21,92,36
21,93,287
21,96,108
21,97,310
21,98,22
21,101,56
21,103,385
21,106,265
21,108,5
21,109,284
21,110,139
21,113,146
21,114,266
21,115,2
21,116,59
21,117,291
21,118,266
21,124,156
21,126,47
21,129,203
21,133,396
21,135,139
21,136,340
21,138,53
21,149,161
21,152,45
21,155,379
21,156,106
21,159,33
21,165,331
21,167,389
21,177,163
21,178,272
21,184,251
21,188,114
21,191,143
21,196,106
21,199,28
22,1,349
22,2,358
22,3,382
22,4,380
22,7,338
22,9,235
22,11,211
22,13,315
22,16,33
22,17,120
22,18,298
22,19,193
22,23,102
22,24,390
22,25,363
22,26,395
22,27,52
22,28,395
22,30,366
22,31,376
22,35,99
22,36,395
22,41,315
22,42,180
22,44,248
22,45,336
22,48,135
22,49,398
22,51,292
22,52,90
22,54,106
22,56,257
22,57,92
22,58,375
22,59,14
22,61,156
22,62,134
22,63,302
22,64,136
22,65,60
22,66,227
22,67,233
22,69,146
22,77,372
22,79,98
22,81,232
22,82,188
22,83,133
22,86,366
22,87,351
22,88,114
22,90,253
22,91,124
22,92,267
22,93,162
22,94,195
22,95,278
22,96,107
22,97,339
22,98,171
22,99,31
22,100,235
22,103,166
22,104,290
22,106,179
22,109,51
22,110,223
22,112,255
22,113,40
22,114,53
22,115,236
22,117,119
22,118,9
22,119,354
22,120,32
22,123,90
22,126,196
22,127,118
22,130,168
22,132,50
22,134,342
22,136,338
22,137,72
22,145,302
22,147,278
22,149,343
22,150,282
22,153,134
22,154,193
22,155,391
22,156,131
22,157,21
22,161,285
22,163,30
22,165,79
22,166,247
22,167,362
22,168,245
22,169,15
22,171,327
22,176,101
22,179,353
22,180,270
22,181,153
22,186,211
22,188,25
22,196,210
22,198,291
22,199,56
23,1,48
23,2,273
23,3,100
23,4,245
23,5,17
23,8,6
23,10,119
23,12,244
23,13,34
23,14,194
23,15,75
23,17,67
23,19,266
23,22,102
23,25,142
23,26,283
23,28,50
23,29,47
23,30,396
23,34,324
23,35,154
23,36,355
23,37,92
23,39,94
23,40,386
23,41,142
23,42,69
23,45,239
23,46,17
23,48,296
23,49,179
23,51,357
23,53,223
23,54,383
23,56,239
23,58,267
23,61,231
23,62,176
23,64,51
23,66,395
23,67,91
23,68,337
23,69,342
23,70,47
23,76,119
23,77,165
23,79,106
23,80,373
23,84,339
23,85,49
23,86,307
23,88,28
23,89,388
23,90,158
23,91,83
23,93,122
23,94,273
23,95,144
23,96,15
23,98,170
23,100,376
23,101,299
23,104,50
23,105,35
23,106,108
23,107,81
23,109,364
23,110,272
23,111,391
23,117,248
23,118,307
23,119,203
23,121,162
23,125,241
23,127,343
23,130,279
23,131,210
23,133,241
23,136,368
23,137,177
23,138,73
23,139,339
23,142,318
23,143,47
23,148,390
23,150,60
23,152,396
23,160,356
23,161,3
23,163,108
23,164,313
23,166,169
23,167,16
23,170,382
23,171,276
23,172,107
23,174,10
23,176,74
23,181,370
23,182,186
23,183,73
23,184,34
23,191,33
23,192,60
23,193,277
23,197,117
23,200,31
24,2,9
24,4,246
24,5,109
24,6,66
24,7,53
24,9,341
24,10,297
24,11,17
24,12,282
24,14,262
24,15,138
24,16,203
24,17,235
24,21,262
24,22,390
24,25,301
24,27,323
24,28,188
24,29,190
24,30,343
24,33,345
24,34,28
24,36,299
24,38,233
24,39,249
24,41,11
24,43,126
24,45,150
24,46,14
24,47,197
24,51,98
24,53,56
24,54,317
24,55,166
24,56,361
24,57,277
24,60,2
24,61,281
24,62,42
24,63,371
24,64,182
24,65,193
24,66,287
24,67,203
24,69,284
24,70,239
24,71,238
24,73,290
24,74,250
24,75,96
24,76,259
24,77,23
24,78,189
24,80,163
24,83,177
24,87,344
24,88,334
24,90,239
24,92,143
24,95,40
24,98,382
24,99,168
24,105,243
24,107,71
24,109,109
24,111,264
24,115,168
24,118,328
24,120,149
24,125,335
24,127,346
24,128,123
24,129,88
24,130,284
24,131,65
24,132,382
24,133,245
24,136,308
24,139,209
24,144,129
24,147,58
24,149,27
24,151,65
24,152,273
24,157,143
24,161,172
24,164,222
24,166,113
24,167,293
24,170,122
24,171,388
24,172,159
24,177,120
24,179,80
24,187,141
24,190,65
24,191,187
24,199,116
25,1,48
25,2,242
25,4,73
25,6,238
25,8,134
25,9,358
25,11,361
25,12,138
25,13,15
25,14,315
25,15,253
25,16,322
25,17,341
25,19,220
25,22,363
25,23,142
25,24,301
25,26,337
25,30,96
25,31,170
25,33,54
25,34,373
25,35,181
25,36,86
25,37,225
25,38,183
25,40,232
25,41,355
25,43,185
25,46,30
25,49,336
25,51,308
25,52,295
25,53,271
25,56,57
25,59,109
25,60,205
25,62,104
25,63,391
25,64,150
25,70,135
25,71,251
25,73,400
25,74,290
25,76,72
25,77,110
25,78,377
25,79,347
25,80,119
25,81,271
25,84,141
25,85,188
25,86,202
25,88,243
25,89,322
25,90,2
25,91,359
25,93,263
25,95,376
25,96,279
25,97,387
25,99,285
25,103,343
25,104,203
25,108,388
25,110,96
25,113,210
25,114,204
25,115,217
25,118,318
25,122,124
25,123,394
25,125,258
25,126,190
25,128,192
25,130,45
25,134,243
25,136,233
25,139,216
25,146,219
25,151,118
25,154,161
25,155,107
25,156,282
25,157,59
25,158,238
25,161,76
25,163,211
25,164,2
25,168,251
25,169,221
25,170,50
25,172,276
25,173,167
25,175,268
25,178,313
25,179,105
25,184,330
25,185,240
25,186,244
25,189,321
25,192,42
25,193,211
25,195,276
25,197,225
25,200,16
26,2,392
26,3,249
26,4,316
26,5,359
26,6,356
26,7,251
26,10,193
26,11,201
26,13,207
26,15,318
26,16,372
26,18,398
26,21,7
26,22,395
26,23,283
26,25,337
26,27,189
26,29,92
26,31,188
26,32,99
26,33,44
26,34,172
26,36,33
26,37,124
26,39,1
26,40,373
26,41,355
26,42,218
26,43,63
26,44,33
26,46,143
26,47,254
26,48,50
26,49,277
26,50,199
26,53,93
26,54,67
26,55,216
26,57,303
26,58,197
26,59,198
26,60,19
26,61,66
26,62,295
26,65,82
26,66,87
26,67,357
26,68,295
26,69,258
26,70,117
26,75,230
26,76,263
26,78,221
26,80,177
26,82,243
26,83,392
26,85,170
26,86,104
26,89,102
26,95,183
26,96,189
26,97,59
26,98,251
26,100,129
26,102,46
26,103,399
26,106,228
26,107,312
26,108,279
26,109,146
26,110,383
26,114,245
26,115,105
26,116,215
26,117,303
26,120,226
26,121,26
26,122,219
26,125,55
26,127,184
26,129,310
26,130,96
26,132,44
26,133,124
26,136,92
26,138,222
26,140,278
26,142,169
26,143,266
26,147,311
26,150,303
26,156,313
26,158,367
26,160,196
26,162,236
26,164,263
26,165,195
26,168,84
26,169,263
26,172,221
26,173,343
26,174,173
26,176,284
26,179,207
26,183,383
26,184,358
26,185,165
26,187,344
26,189,197
26,192,282
26,193,304
26,194,310
26,197,131
26,198,65
27,1,138
27,5,337
27,8,6
27,9,83
27,10,381
27,11,156
27,12,30
27,14,281
27,15,349
27,16,87
27,17,172
27,18,147
27,19,317
27,21,383
27,22,52
27,24,323
27,26,189
27,28,99
27,29,19
27,30,368
27,31,37
27,34,210
27,35,356
27,36,51
27,37,202
27,38,277
27,39,155
27,40,391
27,41,321
27,43,157
27,44,117
27,46,69
27,48,215
27,50,160
27,52,295
27,53,73
27,54,202
27,55,381
27,56,313
27,57,202
27,61,107
27,62,151
27,65,182
27,66,306
27,67,274
27,68,21
27,70,295
27,71,321
27,73,330
27,74,22
27,75,206
27,77,395
27,78,124
27,80,17
27,81,39
27,84,51
27,85,397
27,87,68
27,88,179
27,89,339
27,90,72
27,95,46
27,96,399
27,98,96
27,100,42
27,104,361
27,105,299
27,106,91
27,109,16
27,110,247
27,111,251
27,112,279
27,114,161
27,115,243
27,116,113
27,117,326
27,118,295
27,119,234
27,121,258
27,122,98
27,123,272
27,125,127
27,126,219
27,127,86
27,132,194
27,133,173
27,134,350
27,138,7
27,142,188
27,144,344
27,145,127
27,152,228
27,155,326
27,156,275
27,163,49
27,164,243
27,166,273
27,167,360
27,168,27
27,169,385
27,170,227
27,171,83
27,175,201
27,176,2
27,179,90
27,184,245
27,187,105
27,195,64
27,196,198
28,1,77
28,5,245
28,6,230
28,7,242
28,8,305
28,9,101
28,13,331
28,14,275
28,15,286
28,18,10
28,20,328
28,22,395
28,23,50
28,24,188
28,27,99
28,29,396
28,30,93
28,31,103
28,33,216
28,35,157
28,37,323
28,38,333
28,39,378
28,40,68
28,42,217
28,43,4
28,44,219
28,45,388
28,46,31
28,47,243
28,48,176
28,49,275
28,50,68
28,51,353
28,52,246
28,53,196
28,54,278
28,55,388
28,57,340
28,58,74
28,60,5
28,61,303
28,62,90
28,63,305
28,67,117
28,68,386
28,69,64
28,70,127
28,72,71
28,75,387
28,77,19
28,79,16
28,81,398
28,82,267
28,83,387
28,87,110
28,90,247
28,92,227
28,93,181
28,94,1
28,95,65
28,96,38
28,99,37
28,100,249
28,101,113
28,103,125
28,105,236
28,106,29
28,112,157
28,114,271
28,116,225
28,117,299
28,121,349
28,122,30
28,124,337
28,125,336
28,128,85
28,129,329
28,130,369
28,134,92
28,135,300
28,136,307
28,137,315
28,139,83
28,144,228
28,150,81
28,151,366
28,152,171
28,153,313
28,154,300
28,155,30
28,157,114
28,160,106
28,166,296
28,168,344
28,169,151
28,173,339
28,174,122
28,176,173
28,178,125
28,179,60
28,180,10
28,182,57
28,183,17
28,186,111
28,187,2
28,188,96
28,191,359
28,192,239
28,194,158
28,197,228
28,199,342
29,3,357
29,4,131
29,5,89
29,6,256
29,9,200
29,11,338
29,13,211
29,14,269
29,18,90
29,19,116
29,23,47
29,24,190
29,26,92
29,27,19
29,28,396
29,30,274
29,32,156
29,34,172
29,36,50
29,37,337
29,38,193
29,39,138
29,40,260
29,41,231
29,42,336
29,45,382
29,46,347
29,47,210
29,49,319
29,50,137
29,52,389
29,53,364
29,56,194
29,58,328
29,59,264
29,60,105
29,61,15
29,62,320
29,63,174
29,64,66
29,67,306
29,69,64
29,70,128
29,71,222
29,74,15
29,75,41
29,76,326
29,78,256
29,79,231
29,80,390
29,81,57
29,82,201
29,83,228
29,84,300
29,85,101
29,88,373
29,89,120
29,90,188
29,91,258
29,92,290
29,93,186
29,95,309
29,96,245
29,98,191
29,101,198
29,102,235
29,103,79
29,104,136
29,105,20
29,106,252
29,107,175
29,110,352
29,111,279
29,112,53
29,114,45
29,115,236
29,117,20
29,119,108
29,121,200
29,122,56
29,124,252
29,125,132
29,126,57
29,127,325
29,128,244
29,129,390
29,131,151
29,133,234
29,135,115
29,139,379
29,141,105
29,142,276
29,144,188
29,146,364
29,148,388
29,149,288
29,151,11
29,152,77
29,161,392
29,162,175
29,166,4
29,170,61
29,172,162
29,177,153
29,178,254
29,182,387
29,184,376
29,185,288
29,188,251
29,194,391
29,195,251
30,2,125
30,4,399
30,5,15
30,7,165
30,10,22
30,11,258
30,13,21
30,14,196
30,16,386
30,18,69
30,19,102
30,21,187
30,22,366
30,23,396
30,24,343
30,25,96
30,27,368
30,28,93
30,29,274
30,32,105
30,33,279
30,34,212
30,35,112
30,36,392
30,38,168
30,39,133
30,41,361
30,42,195
30,43,174
30,44,166
30,47,395
30,48,127
30,50,135
30,51,15
30,52,149
30,56,214
30,58,33
30,61,23
30,62,371
30,65,341
30,66,306
30,67,312
30,68,41
30,71,320
30,73,370
30,75,307
30,76,74
30,78,46
30,80,332
30,81,343
30,84,148
30,85,83
30,87,34
30,89,103
30,91,191
30,93,196
30,96,104
30,99,339
30,101,23
30,104,282
30,106,354
30,107,4
30,112,370
30,113,332
30,116,353
30,117,162
30,118,318
30,120,126
30,121,25
30,122,42
30,124,14
30,126,259
30,127,302
30,129,179
30,130,154
30,133,84
30,135,147
30,137,335
30,138,355
30,140,55
30,142,212
30,144,377
30,152,281
30,153,140
30,154,379
30,156,322
30,157,123
30,158,143
30,159,292
30,160,257
30,163,247
30,164,110
30,167,271
30,168,251
30,173,128
30,175,138
30,177,108
30,182,184
30,183,331
30,185,218
30,190,100
30,193,297
31,2,86
31,3,189
31,4,165
31,6,13
31,7,65
31,8,105
31,11,263
31,13,200
31,16,48
31,17,296
31,18,223
31,20,49
31,21,88
31,22,376
31,25,170
31,26,188
31,27,37
31,28,103
31,32,260
31,33,166
31,35,1
31,36,200
31,37,355
31,38,69
31,40,124
31,41,358
31,42,32
31,44,299
31,45,227
31,47,143
31,53,21
31,55,247
31,57,186
31,58,308
31,60,309
31,61,126
31,63,324
31,64,225
31,65,84
31,68,49
31,69,278
31,70,155
31,71,301
31,74,304
31,75,184
31,76,333
31,77,348
31,79,334
31,80,210
31,81,342
31,82,141
31,83,382
31,84,325
31,86,345
31,88,139
31,89,43
31,91,154
31,93,93
31,97,144
31,99,332
31,102,183
31,107,280
31,112,47
31,113,366
31,114,1
31,116,236
31,123,372
31,125,19
31,126,139
31,127,11
31,128,326
31,129,155
31,130,52
31,134,368
31,135,91
31,137,256
31,138,305
31,139,121
31,142,351
31,143,314
31,144,307
31,147,78
31,149,343
31,150,147
31,152,236
31,155,171
31,156,101
31,162,391
31,172,342
31,173,296
31,175,315
31,176,272
31,181,187
31,182,308
31,186,289
31,194,127
31,197,287
31,198,220
31,199,361
32,1,335
32,3,10
32,4,289
32,5,37
32,6,303
32,7,280
32,8,341
32,9,371
32,11,115
32,12,385
32,14,78
32,16,7
32,19,143
32,20,198
32,26,99
32,29,156
32,30,105
32,31,260
32,33,126
32,35,94
32,36,376
32,37,134
32,40,393
32,41,110
32,44,292
32,45,198
32,46,303
32,48,88
32,50,87
32,51,365
32,53,46
32,55,257
32,58,246
32,59,151
32,61,95
32,62,93
32,63,225
32,64,69
32,65,345
32,66,318
32,67,336
32,68,193
32,69,394
32,70,283
32,71,126
32,73,38
32,75,212
32,76,255
32,77,236
32,78,118
32,79,331
32,81,387
32,83,240
32,84,247
32,85,86
32,87,225
32,88,336
32,89,288
32,90,277
32,91,149
32,92,391
32,93,346
32,97,82
32,98,178
32,99,133
32,101,315
32,102,210
32,103,79
32,104,68
32,106,241
32,107,202
32,109,59
32,112,204
32,114,104
32,118,46
32,119,94
32,120,395
32,124,117
32,126,188
32,127,257
32,133,24
32,135,239
32,136,224
32,137,314
32,142,40
32,143,87
32,144,327
32,145,195
32,147,82
32,149,284
32,155,364
32,156,314
32,157,22
32,158,24
32,159,275
32,160,222
32,162,288
32,163,396
32,170,108
32,172,48
32,177,128
32,178,212
32,180,139
32,182,27
32,183,53
32,187,9
32,188,173
32,189,120
32,195,80
33,1,315
33,3,287
33,4,60
33,6,369
33,7,237
33,8,219
33,9,257
33,10,90
33,12,125
33,13,345
33,14,278
33,16,150
33,18,343
33,19,160
33,20,251
33,24,345
33,25,54
33,26,44
33,28,216
33,30,279
33,31,166
33,32,126
33,34,232
33,35,235
33,36,349
33,37,323
33,38,125
33,39,97
33,46,236
33,47,362
33,48,271
33,52,224
33,53,233
33,54,361
33,55,204
33,56,391
33,57,115
33,58,127
33,60,298
33,63,271
33,64,235
33,66,372
33,67,180
33,69,57
33,71,14
33,72,1
33,74,337
33,75,329
33,76,155
33,78,89
33,81,173
33,84,266
33,86,64
33,88,233
33,89,392
33,91,309
33,93,120
33,94,68
33,96,235
33,99,48
33,101,211
33,103,342
33,104,84
33,106,159
33,109,315
33,111,66
33,116,94
33,119,384
33,122,161
33,124,218
33,125,361
33,127,290
33,128,392
33,131,384
33,132,69
33,136,194
33,137,49
33,138,315
33,139,252
33,142,273
33,143,70
33,144,248
33,145,103
33,146,52
33,147,366
33,148,289
33,150,185
33,153,182
33,155,190
33,156,279
33,160,24
33,165,193
33,167,4
33,173,332
33,176,199
33,181,306
33,182,387
33,188,384
33,190,339
33,191,65
33,192,170
33,193,77
33,194,289
33,195,28
33,200,338
34,2,389
34,4,385
34,5,72
34,7,5
34,8,339
34,10,205
34,13,169
34,15,134
34,16,164
34,18,130
34,19,312
34,23,324
34,24,28
34,25,373
34,26,172
34,27,210
34,29,172
34,30,212
34,33,232
34,35,223
34,36,385
34,37,327
34,38,71
34,39,154
34,41,348
34,42,380
34,43,397
34,45,328
34,47,39
34,48,338
34,49,73
34,53,123
34,54,114
34,55,67
34,56,303
34,58,195
34,60,83
34,62,291
34,64,211
34,65,210
34,66,125
34,67,15
34,68,363
34,70,199
34,71,119
34,72,237
34,73,242
34,74,124
34,75,86
34,76,100
34,78,347
34,79,20
34,80,45
34,81,215
34,82,383
34,84,337
34,86,309
34,87,265
34,88,346
34,91,129
34,92,328
34,93,48
34,96,114
34,99,29
34,100,180
34,101,298
34,102,169
34,103,325
34,104,275
34,107,165
34,110,149
34,111,35
34,114,116
34,115,153
34,117,167
34,118,230
34,119,22
34,120,281
34,121,206
34,123,83
34,124,38
34,127,280
34,129,281
34,132,100
34,137,54
34,138,170
34,139,381
34,141,167
34,145,162
34,146,11
34,153,290
34,155,307
34,156,218
34,160,310
34,164,394
34,166,101
34,167,319
34,171,117
34,173,297
34,174,39
34,176,202
34,177,6
34,178,400
34,180,362
34,183,319
34,185,234
34,186,204
34,187,363
34,188,82
34,193,10
34,196,96
34,199,278
35,1,135
35,3,239
35,5,292
35,6,70
35,8,293
35,11,108
35,13,269
35,15,74
35,16,380
35,17,80
35,18,134
35,19,202
35,20,360
35,21,68
35,22,99
35,23,154
35,25,181
35,27,356
35,28,157
35,30,112
35,31,1
35,32,94
35,33,235
35,34,223
35,38,88
35,39,325
35,40,134
35,43,75
35,45,57
35,46,174
35,47,395
35,48,384
35,53,218
35,54,352
35,55,60
35,58,110
35,59,392
35,60,252
35,61,151
35,62,118
35,63,303
35,64,241
35,66,119
35,67,358
35,68,65
35,72,50
35,73,55
35,74,258
35,76,339
35,78,277
35,80,192
35,81,69
35,82,307
35,83,382
35,84,50
35,85,78
35,87,149
35,88,115
35,89,382
35,91,359
35,95,382
35,96,91
35,97,51
35,99,181
35,100,356
35,102,134
35,104,142
35,105,223
35,106,362
35,108,48
35,109,251
35,110,99
35,111,267
35,114,49
35,116,273
35,119,105
35,121,153
35,125,255
35,126,167
35,135,158
35,140,378
35,141,366
35,143,82
35,144,90
35,148,232
35,151,32
35,152,335
35,154,102
35,159,48
35,160,87
35,161,284
35,168,341
35,175,211
35,176,29
35,179,99
35,182,291
35,186,172
35,187,386
35,188,149
35,196,34
36,5,32
36,6,167
36,8,394
36,9,212
36,10,400
36,11,75
36,12,328
36,13,26
36,14,346
36,16,3
36,18,124
36,21,107
36,22,395
36,23,355
36,24,299
36,25,86
36,26,33
36,27,51
36,29,50
36,30,392
36,31,200
36,32,376
36,33,349
36,34,385
36,38,58
36,40,190
36,43,312
36,45,198
36,46,334
36,47,116
36,50,363
36,52,217
36,54,399
36,56,354
36,57,16
36,58,201
36,60,241
36,62,34
36,64,20
36,66,204
36,68,259
36,69,235
36,71,45
36,73,127
36,74,349
36,76,387
36,78,222
36,80,305
36,81,231
36,82,318
36,83,44
36,84,280
36,85,270
36,88,195
36,89,217
36,90,70
36,91,157
36,93,35
36,94,104
36,96,240
36,98,387
36,99,321
36,100,74
36,101,359
36,103,202
36,104,316
36,106,393
36,107,138
36,109,93
36,111,223
36,112,273
36,113,387
36,114,244
36,117,13
36,121,128
36,122,274
36,123,381
36,125,125
36,126,119
36,128,385
36,129,113
36,132,378
36,133,269
36,134,187
36,138,322
36,140,232
36,142,18
36,143,179
36,148,178
36,151,224
36,153,309
36,157,48
36,164,328
36,168,62
36,169,228
36,173,89
36,175,225
36,177,192
36,179,161
36,182,314
36,187,370
36,188,248
36,189,349
36,194,396
36,195,241
37,1,249
37,4,42
37,5,37
37,6,280
37,7,333
37,8,24
37,9,54
37,10,10
37,12,94
37,14,329
37,15,75
37,16,24
37,17,264
37,20,238
37,21,87
37,23,92
37,25,225
37,26,124
37,27,202
37,28,323
37,29,337
37,31,355
37,32,134
37,33,323
37,34,327
37,38,1
37,40,367
37,41,289
37,42,358
37,43,281
37,44,2
37,45,100
37,46,181
37,47,373
37,49,241
37,50,229
37,51,307
37,52,95
37,53,157
37,54,312
37,57,227
37,59,359
37,60,291
37,61,174
37,62,13
37,66,288
37,67,122
37,68,263
37,69,260
37,70,36
37,71,76
37,73,87
37,75,111
37,77,331
37,82,177
37,83,84
37,86,246
37,89,351
37,93,112
37,94,204
37,97,163
37,101,267
37,102,331
37,103,130
37,111,245
37,113,340
37,119,8
37,120,342
37,122,11
37,124,296
37,125,314
37,127,264
37,128,167
37,129,385
37,130,222
37,131,85
37,132,104
37,134,109
37,137,54
37,140,178
37,141,331
37,142,292
37,143,148
37,149,73
37,151,275
37,153,141
37,161,109
37,166,351
37,167,337
37,168,341
37,169,139
37,172,320
37,176,196
37,178,331
37,179,362
37,181,124
37,183,373
37,185,266
37,196,273
37,198,15
37,200,197
38,1,252
38,2,183
38,3,196
38,4,317
38,5,190
38,7,24
38,8,221
38,9,221
38,14,340
38,16,56
38,17,283
38,18,113
38,19,288
38,20,144
38,24,233
38,25,183
38,27,277
38,28,333
38,29,193
38,30,168
38,31,69
38,33,125
38,34,71
38,35,88
38,36,58
38,37,1
38,39,123
38,41,384
38,42,25
38,43,148
38,44,230
38,46,374
38,47,154
38,49,106
38,51,303
38,52,208
38,54,386
38,55,11
38,56,43
38,57,80
38,58,244
38,60,381
38,61,192
38,62,3
38,63,378
38,64,343
38,66,376
38,67,32
38,69,173
38,70,45
38,71,44
38,72,1
38,78,240
38,79,192
38,80,39
38,82,24
38,83,3
38,85,330
38,86,207
38,87,274
38,88,319
38,89,235
38,90,163
38,91,347
38,92,190
38,93,356
38,95,169
38,98,270
38,99,173
38,100,202
38,101,382
38,102,86
38,105,376
38,108,323
38,111,277
38,112,49
38,114,162
38,116,101
38,119,182
38,122,328
38,130,186
38,133,259
38,134,201
38,135,328
38,138,354
38,139,127
38,141,398
38,142,388
38,143,219
38,144,305
38,147,113
38,149,350
38,150,324
38,154,192
38,157,234
38,158,228
38,164,371
38,165,163
38,169,83
38,170,243
38,173,68
38,175,182
38,179,259
38,181,14
38,184,22
38,187,276
38,189,349
38,198,324
39,1,108
39,2,254
39,3,211
39,4,322
39,6,159
39,7,307
39,8,316
39,11,224
39,12,216
39,14,166
39,17,277
39,19,207
39,21,135
39,23,94
39,24,249
39,26,1
39,27,155
39,28,378
39,29,138
39,30,133
39,33,97
39,34,154
39,35,325
39,38,123
39,40,283
39,42,350
39,43,240
39,45,136
39,48,353
39,50,261
39,51,150
39,52,115
39,53,330
39,54,392
39,56,212
39,57,319
39,58,85
39,59,305
39,60,220
39,61,153
39,63,369
39,64,397
39,65,273
39,66,353
39,69,317
39,70,274
39,72,218
39,74,53
39,75,354
39,76,294
39,78,169
39,79,270
39,81,170
39,83,209
39,88,399
39,91,191
39,92,302
39,93,361
39,99,218
39,100,349
39,103,205
39,107,310
