source,target,weight
1,2,320
1,3,210
1,4,41
1,5,215
1,6,326
1,10,4
1,11,385
1,13,246
1,14,309
1,15,99
1,16,253
1,17,8
1,18,307
1,19,15
1,20,269
1,21,197
1,22,286
1,24,61
1,25,279
1,26,8
1,29,188
1,30,101
1,31,251
1,33,75
1,34,285
1,35,38
1,37,232
1,39,45
1,40,255
1,42,102
1,43,135
1,45,246
1,46,164
1,49,360
1,50,1
1,52,303
1,53,336
1,54,250
1,57,87
1,58,310
1,59,123
1,60,123
1,61,179
1,62,394
1,63,173
1,64,212
1,65,193
1,66,367
1,67,249
1,68,11
1,69,155
1,70,17
1,72,173
1,73,91
1,74,358
1,84,58
1,85,196
1,87,225
1,88,78
1,89,52
1,90,373
1,91,97
1,92,152
1,94,369
1,95,295
1,96,78
1,97,266
1,99,2
1,100,25
1,103,295
1,110,153
1,113,169
1,115,174
1,116,218
1,118,190
1,126,41
1,128,84
1,133,344
1,135,372
1,143,133
1,146,50
1,151,352
1,152,311
1,154,109
1,155,66
1,157,395
1,162,304
1,164,188
1,166,61
1,168,256
1,169,213
1,171,267
1,172,270
1,176,307
1,181,374
1,182,91
1,184,324
1,191,237
1,192,52
1,197,15
1,199,197
2,1,320
2,3,309
2,4,182
2,5,147
2,6,247
2,7,96
2,8,148
2,9,369
2,10,90
2,12,128
2,13,350
2,14,88
2,16,19
2,17,28
2,19,282
2,21,212
2,22,48
2,25,88
2,28,60
2,29,372
2,30,220
2,32,392
2,33,235
2,34,1
2,37,276
2,38,138
2,39,23
2,41,24
2,43,353
2,44,88
2,45,215
2,46,158
2,48,241
2,53,173
2,54,83
2,56,152
2,57,97
2,61,105
2,63,365
2,65,53
2,66,217
2,68,166
2,71,248
2,72,322
2,73,34
2,74,192
2,75,257
2,76,317
2,77,216
2,78,50
2,79,113
2,85,118
2,86,326
2,87,34
2,88,235
2,90,395
2,94,92
2,96,390
2,97,373
2,99,197
2,101,289
2,102,60
2,103,235
2,104,370
2,106,132
2,110,321
2,114,362
2,118,111
2,122,329
2,124,287
2,132,142
2,133,18
2,136,248
2,138,92
2,139,93
2,141,134
2,142,121
2,145,32
2,147,167
2,148,49
2,149,143
2,151,242
2,152,132
2,153,277
2,154,270
2,155,62
2,157,236
2,158,55
2,160,190
2,169,115
2,170,400
2,172,233
2,174,168
2,180,24
2,182,276
2,183,270
2,185,146
2,190,232
2,200,182
3,1,210
3,2,309
3,4,371
3,8,190
3,9,188
3,10,331
3,11,13
3,12,137
3,13,181
3,14,6
3,16,387
3,17,277
3,18,8
3,19,352
3,21,337
3,22,168
3,24,313
3,25,246
3,26,56
3,28,172
3,29,239
3,31,329
3,34,244
3,35,347
3,38,185
3,40,366
3,45,172
3,47,304
3,48,258
3,53,120
3,55,310
3,57,144
3,58,244
3,59,389
3,61,372
3,62,127
3,63,387
3,64,20
3,68,19
3,69,113
3,71,295
3,72,137
3,74,327
3,75,113
3,76,5
3,78,81
3,80,359
3,83,340
3,84,289
3,85,133
3,86,205
3,87,137
3,92,385
3,94,59
3,97,259
3,98,400
3,99,255
3,100,301
3,103,121
3,105,291
3,106,390
3,110,175
3,114,125
3,117,25
3,118,153
3,122,375
3,124,166
3,125,312
3,128,368
3,129,173
3,135,241
3,136,107
3,137,324
3,142,201
3,145,31
3,146,337
3,147,348
3,148,89
3,150,175
3,155,376
3,156,399
3,160,215
3,163,265
3,165,17
3,167,184
3,169,342
3,170,106
3,172,148
3,173,329
3,174,161
3,178,110
3,187,238
3,189,161
3,190,353
3,195,147
3,196,116
3,200,220
4,1,41
4,2,182
4,3,371
4,5,295
4,7,192
4,8,370
4,9,37
4,10,56
4,11,35
4,12,396
4,15,315
4,17,56
4,18,340
4,19,120
4,20,211
4,21,113
4,23,222
4,25,175
4,27,117
4,29,382
4,30,273
4,32,68
4,33,345
4,35,37
4,37,209
4,39,355
4,40,257
4,41,397
4,42,120
4,44,172
4,45,272
4,46,314
4,47,11
4,48,176
4,49,111
4,50,18
4,51,273
4,52,44
4,54,213
4,61,10
4,62,86
4,64,273
4,66,329
4,68,172
4,70,200
4,71,243
4,73,351
4,76,122
4,78,169
4,80,7
4,81,260
4,83,116
4,85,144
4,86,112
4,87,99
4,88,295
4,91,399
4,93,215
4,94,350
4,95,393
4,96,227
4,97,75
4,98,217
4,101,249
4,106,169
4,107,202
4,108,179
4,110,292
4,112,289
4,116,98
4,117,322
4,121,311
4,128,387
4,129,3
4,130,197
4,135,287
4,137,109
4,140,370
4,141,94
4,142,63
4,148,21
4,151,58
4,152,249
4,154,219
4,160,127
4,163,198
4,164,118
4,165,91
4,167,137
4,168,248
4,170,289
4,171,68
4,173,99
4,174,316
4,179,277
4,181,111
4,184,171
4,193,106
4,196,253
4,199,137
5,1,215
5,2,147
5,4,295
5,6,100
5,7,86
5,9,399
5,10,57
5,11,101
5,13,47
5,14,120
5,15,395
5,16,244
5,18,318
5,20,133
5,21,39
5,23,131
5,26,383
5,31,3
5,33,199
5,35,88
5,36,241
5,37,270
5,40,128
5,41,236
5,42,217
5,45,207
5,46,126
5,50,360
5,52,112
5,55,101
5,56,249
5,57,140
5,58,94
5,59,221
5,60,345
5,61,124
5,63,136
5,64,41
5,67,256
5,68,339
5,72,385
5,73,58
5,74,278
5,75,174
5,80,94
5,81,71
5,82,18
5,83,258
5,84,246
5,86,311
5,90,262
5,91,110
5,96,151
5,97,87
5,99,138
5,100,192
5,101,69
5,102,270
5,103,14
5,106,84
5,107,184
5,109,368
5,112,130
5,115,80
5,116,153
5,117,318
5,121,215
5,123,282
5,124,324
5,126,362
5,127,262
5,130,242
5,131,59
5,132,315
5,134,310
5,140,15
5,143,369
5,144,115
5,150,400
5,158,209
5,161,85
5,165,322
5,166,28
5,167,400
5,172,316
5,175,73
5,187,227
5,192,111
5,193,378
5,196,390
5,197,377
5,199,83
5,200,371
6,1,326
6,2,247
6,5,100
6,7,17
6,8,339
6,10,46
6,11,211
6,15,144
6,17,5
6,19,258
6,21,40
6,23,47
6,24,286
6,25,281
6,28,173
6,33,162
6,35,37
6,36,196
6,37,212
6,38,174
6,39,53
6,40,257
6,41,219
6,43,212
6,47,296
6,48,103
6,49,375
6,50,10
6,51,210
6,52,276
6,53,136
6,54,225
6,55,165
6,56,202
6,58,373
6,60,210
6,61,263
6,62,176
6,64,246
6,65,162
6,67,21
6,69,248
6,70,95
6,71,54
6,74,46
6,76,29
6,77,218
6,79,110
6,84,237
6,86,117
6,88,75
6,94,32
6,96,266
6,97,322
6,98,39
6,99,111
6,101,260
6,103,55
6,105,226
6,106,119
6,113,214
6,114,160
6,117,345
6,118,262
6,121,79
6,124,188
6,125,265
6,133,215
6,134,263
6,135,144
6,136,199
6,141,255
6,144,220
6,145,35
6,148,24
6,149,207
6,151,193
6,152,112
6,154,387
6,157,264
6,158,254
6,160,13
6,163,217
6,164,400
6,175,118
6,179,67
6,180,306
6,183,271
6,184,20
6,185,308
6,186,301
6,187,190
6,190,198
6,191,312
7,2,96
7,4,192
7,5,86
7,6,17
7,8,371
7,9,207
7,10,385
7,13,37
7,14,237
7,15,14
7,16,135
7,17,99
7,19,212
7,21,123
7,22,83
7,25,314
7,26,303
7,27,227
7,28,65
7,29,237
7,30,118
7,31,265
7,33,251
7,34,286
7,37,7
7,38,234
7,39,192
7,42,308
7,44,337
7,46,148
7,49,314
7,50,300
7,51,225
7,54,190
7,56,287
7,59,306
7,61,31
7,62,325
7,63,275
7,67,185
7,69,44
7,72,54
7,73,106
7,75,260
7,76,157
7,77,63
7,78,278
7,79,129
7,81,245
7,82,117
7,83,30
7,84,287
7,85,233
7,87,98
7,88,198
7,89,170
7,90,316
7,93,51
7,94,13
7,96,194
7,98,261
7,100,20
7,101,34
7,102,240
7,103,126
7,104,57
7,106,329
7,107,85
7,108,347
7,111,268
7,112,176
7,113,301
7,114,129
7,116,69
7,121,208
7,125,41
7,127,255
7,128,154
7,129,9
7,133,263
7,137,276
7,139,212
7,141,317
7,142,118
7,143,117
7,146,303
7,151,254
7,153,389
7,154,263
7,155,2
7,156,66
7,159,217
7,160,273
7,165,146
7,166,239
7,167,239
7,168,353
7,174,149
7,178,328
7,181,232
7,186,223
7,188,107
7,200,398
8,2,148
8,3,190
8,4,370
8,6,339
8,7,371
8,9,379
8,10,345
8,11,273
8,12,46
8,13,387
8,14,386
8,15,169
8,16,213
8,17,20
8,18,105
8,21,259
8,23,278
8,24,361
8,26,237
8,29,216
8,30,104
8,31,54
8,34,262
8,35,297
8,38,194
8,39,333
8,40,99
8,42,296
8,43,316
8,44,158
8,46,215
8,48,237
8,51,219
8,54,330
8,55,76
8,56,134
8,57,373
8,58,239
8,59,172
8,61,319
8,62,378
8,63,33
8,65,60
8,66,178
8,68,348
8,69,119
8,70,17
8,71,283
8,73,376
8,75,55
8,77,368
8,78,362
8,79,200
8,80,63
8,81,338
8,83,267
8,84,39
8,92,113
8,93,319
8,97,20
8,100,282
8,101,292
8,102,58
8,103,223
8,104,75
8,110,289
8,111,300
8,112,255
8,114,20
8,115,116
8,120,158
8,121,12
8,123,234
8,125,41
8,127,123
8,129,287
8,130,274
8,132,154
8,133,349
8,134,296
8,135,319
8,136,199
8,140,134
8,142,167
8,143,173
8,146,14
8,151,154
8,152,215
8,154,369
8,155,114
8,157,72
8,158,232
8,163,337
8,166,159
8,167,201
8,168,110
8,170,260
8,173,252
8,174,105
8,175,355
8,181,111
8,182,29
8,186,28
8,191,259
8,196,248
8,200,218
9,2,369
9,3,188
9,4,37
9,5,399
9,7,207
9,8,379
9,11,245
9,12,93
9,13,14
9,14,302
9,15,140
9,16,131
9,18,156
9,20,177
9,23,382
9,24,5
9,25,213
9,26,305
9,31,184
9,32,152
9,34,163
9,37,92
9,38,239
9,39,193
9,41,66
9,42,342
9,45,256
9,46,389
9,47,179
9,48,99
9,49,296
9,50,100
9,51,383
9,52,83
9,54,319
9,55,140
9,56,177
9,57,280
9,58,157
9,59,9
9,60,2
9,62,242
9,63,384
9,64,352
9,65,141
9,66,241
9,67,195
9,68,357
9,69,181
9,71,158
9,72,59
9,74,105
9,75,206
9,78,10
9,80,290
9,81,251
9,84,368
9,85,164
9,86,197
9,88,35
9,89,237
9,91,91
9,94,241
9,96,153
9,97,194
9,102,299
9,104,9
9,107,275
9,108,67
9,110,310
9,111,308
9,112,225
9,113,120
9,115,159
9,119,52
9,120,98
9,121,146
9,122,106
9,123,64
9,125,395
9,126,103
9,128,16
9,133,342
9,135,312
9,141,115
9,142,86
9,146,45
9,149,366
9,154,229
9,160,4
9,164,249
9,165,289
9,166,230
9,172,27
9,174,351
9,176,179
9,177,108
9,178,36
9,182,65
9,186,18
9,187,114
9,189,236
9,190,125
9,192,39
9,195,396
9,199,16
10,1,4
10,2,90
10,3,331
10,4,56
10,5,57
10,6,46
10,7,385
10,8,345
10,11,328
10,12,395
10,13,194
10,15,5
10,16,369
10,20,159
10,21,68
10,23,68
10,26,330
10,28,226
10,29,55
10,30,3
10,31,197
10,32,389
10,33,256
10,34,174
10,36,86
10,38,141
10,39,124
10,40,378
10,42,360
10,44,4
10,45,23
10,46,255
10,49,171
10,50,348
10,53,211
10,54,181
10,55,240
10,56,341
10,57,30
10,58,94
10,59,379
10,62,123
10,63,280
10,70,65
10,72,70
10,73,100
10,75,133
10,76,43
10,77,40
10,79,126
10,80,357
10,82,242
10,84,192
10,85,68
10,87,248
10,88,189
10,89,318
10,91,321
10,93,334
10,95,302
10,96,355
10,99,316
10,101,323
10,102,158
10,103,358
10,106,371
10,107,190
10,108,40
10,109,275
10,111,397
10,112,305
10,113,36
10,114,47
10,115,373
10,117,155
10,120,369
10,121,255
10,123,29
10,126,29
10,129,386
10,130,207
10,132,393
10,134,181
10,135,3
10,136,177
10,137,83
10,138,203
10,139,108
10,142,32
10,143,177
10,144,168
10,145,39
10,147,377
10,152,263
10,155,289
10,157,108
10,159,253
10,164,33
10,165,369
10,166,230
10,168,224
10,171,148
10,172,371
10,173,88
10,174,257
10,177,342
10,183,46
10,185,24
10,192,105
10,196,99
10,199,222
11,1,385
11,3,13
11,4,35
11,5,101
11,6,211
11,8,273
11,9,245
11,10,328
11,12,232
11,15,165
11,16,277
11,17,264
11,19,27
11,22,75
11,23,342
11,24,160
11,25,42
11,26,126
11,27,172
11,30,166
11,31,250
11,34,390
11,35,96
11,36,189
11,38,36
11,39,69
11,41,361
11,42,353
11,44,374
11,45,57
11,51,205
11,52,246
11,53,266
11,56,322
11,58,335
11,60,297
11,61,57
11,62,339
11,63,135
11,65,67
11,66,58
11,68,333
11,69,27
11,72,66
11,73,382
11,77,295
11,78,356
11,79,392
11,81,164
11,86,239
11,89,265
11,92,306
11,93,59
11,94,74
11,96,275
11,97,160
11,99,69
11,101,119
11,102,187
11,103,20
11,104,54
11,105,50
11,107,393
11,111,251
11,113,58
11,119,342
11,120,24
11,122,29
11,124,387
11,126,12
11,127,231
11,128,364
11,132,347
11,134,279
11,135,360
11,136,128
11,137,293
11,138,234
11,139,223
11,143,156
11,145,269
11,146,394
11,150,144
11,152,102
11,158,288
11,161,334
11,162,54
11,165,63
11,169,378
11,170,324
11,176,17
11,177,263
11,179,393
11,180,303
11,182,1
11,183,400
11,186,163
11,187,79
11,192,48
11,194,29
11,197,358
11,198,134
12,2,128
12,3,137
12,4,396
12,8,46
12,9,93
12,10,395
12,11,232
12,13,227
12,14,116
12,17,397
12,18,179
12,19,334
12,20,356
12,21,384
12,22,115
12,23,148
12,24,395
12,25,359
12,26,398
12,29,181
12,30,140
12,31,151
12,32,231
12,33,187
12,35,288
12,37,242
12,39,266
12,40,332
12,42,124
12,44,287
12,45,49
12,47,340
12,48,308
12,50,80
12,51,398
12,52,127
12,53,303
12,57,400
12,58,71
12,59,131
12,62,326
12,63,110
12,65,191
12,66,125
12,67,27
12,68,75
12,72,188
12,73,273
12,75,316
12,76,116
12,80,70
12,81,9
12,82,300
12,83,283
12,85,57
12,86,222
12,87,386
12,88,1
12,91,243
12,93,173
12,95,274
12,96,59
12,97,396
12,101,222
12,103,226
12,105,40
12,107,16
12,109,118
12,111,377
12,112,93
12,114,240
12,115,391
12,117,75
12,120,250
12,121,39
12,123,97
12,127,285
12,138,33
12,141,107
12,142,96
12,147,174
12,149,267
12,150,183
12,151,99
12,152,50
12,153,157
12,161,342
12,162,360
12,164,202
12,165,280
12,166,186
12,169,6
12,171,31
12,172,22
12,176,13
12,182,252
12,183,261
12,187,159
12,189,182
12,190,351
12,197,193
13,1,246
13,2,350
13,3,181
13,5,47
13,7,37
13,8,387
13,9,14
13,10,194
13,12,227
13,15,125
13,17,255
13,18,342
13,19,152
13,20,317
13,23,256
13,24,337
13,25,96
13,26,189
13,28,139
13,31,59
13,32,208
13,33,186
13,34,251
13,35,190
13,39,311
13,40,30
13,41,366
13,42,82
13,43,242
13,44,134
13,45,169
13,46,55
13,49,295
13,52,307
13,54,126
13,56,184
13,57,371
13,58,273
13,60,156
13,62,231
13,65,341
13,66,360
13,68,145
13,69,16
13,70,106
13,71,100
13,72,162
13,73,75
13,74,32
13,75,164
13,79,170
13,80,387
13,81,309
13,83,54
13,85,362
13,86,98
13,90,400
13,94,151
13,95,330
13,98,199
13,100,124
13,104,383
13,109,135
13,111,227
13,113,74
13,115,36
13,117,110
13,118,143
13,123,307
13,125,194
13,128,180
13,130,45
13,135,252
13,137,363
13,138,187
13,139,214
13,143,106
13,147,96
13,148,217
13,150,69
13,153,36
13,154,313
13,162,95
13,163,189
13,169,155
13,170,315
13,177,144
13,179,173
13,181,357
13,187,182
13,188,132
13,198,32
13,199,383
13,200,283
14,1,309
14,2,88
14,3,6
14,5,120
14,7,237
14,8,386
14,9,302
14,12,116
14,16,156
14,17,54
14,18,382
14,19,48
14,20,306
14,21,382
14,22,301
14,23,269
14,24,76
14,25,307
14,26,241
14,28,299
14,30,204
14,34,334
14,35,151
14,36,287
14,37,195
14,39,209
14,41,56
14,43,44
14,44,328
14,48,400
14,49,293
14,51,216
14,54,384
14,55,290
14,56,12
14,57,158
14,58,299
14,60,344
14,61,201
14,63,6
14,65,144
14,69,161
14,72,141
14,74,5
14,75,85
14,77,400
14,78,66
14,80,355
14,82,3
14,83,139
14,86,319
14,88,32
14,89,349
14,90,17
14,91,52
14,94,187
14,96,222
14,97,250
14,98,285
14,99,90
14,102,25
14,104,276
14,105,298
14,106,109
14,107,297
14,111,232
14,112,345
14,113,158
14,116,124
14,117,356
14,118,264
14,119,61
14,120,4
14,121,98
14,131,149
14,132,277
14,136,347
14,144,34
14,146,254
14,147,326
14,149,243
14,154,92
14,156,339
14,159,331
14,160,359
14,163,81
14,165,366
14,170,150
14,172,20
14,185,18
14,186,203
14,188,20
14,190,282
14,195,299
14,198,71
15,1,99
15,4,315
15,5,395
15,6,144
15,7,14
15,8,169
15,9,140
15,10,5
15,11,165
15,13,125
15,16,117
15,17,390
15,18,253
15,19,113
15,20,75
15,21,368
15,22,293
15,23,310
15,24,171
15,25,233
15,26,196
15,27,160
15,28,265
15,29,5
15,30,82
15,32,238
15,33,350
15,36,137
15,37,187
15,38,287
15,40,52
15,42,107
15,45,274
15,46,317
15,49,32
15,52,204
15,53,165
15,55,62
15,56,236
15,57,120
15,58,204
15,59,269
15,60,384
15,61,318
15,63,396
15,65,174
15,67,162
15,70,237
15,71,306
15,72,367
15,73,193
15,74,320
15,75,24
15,78,316
15,79,113
15,81,175
15,91,395
15,93,233
15,95,160
15,96,264
15,97,229
15,103,9
15,104,165
15,107,208
15,108,290
15,109,178
15,113,235
15,114,341
15,115,350
15,116,335
15,119,204
15,126,70
15,128,266
15,134,253
15,139,253
15,141,389
15,142,56
15,147,317
15,154,357
15,157,276
15,161,341
15,162,305
15,170,189
15,172,139
15,178,238
15,185,183
15,186,311
15,194,28
15,197,254
15,200,261
16,1,253
16,2,19
16,3,387
16,5,244
16,7,135
16,8,213
16,9,131
16,10,369
16,11,277
16,14,156
16,15,117
16,17,174
16,22,313
16,24,268
16,27,135
16,28,374
16,30,19
16,31,240
16,32,339
16,33,271
16,37,55
16,39,127
16,40,258
16,41,378
16,42,20
16,43,147
16,47,378
16,48,304
16,50,181
16,53,114
16,54,82
16,55,158
16,58,75
16,59,187
16,60,359
16,61,300
16,63,271
16,64,298
16,65,259
16,66,221
16,69,245
16,70,102
16,71,153
16,72,363
16,73,248
16,74,29
16,75,29
16,77,307
16,78,104
16,80,166
16,81,366
16,84,152
16,85,19
16,86,242
16,88,120
16,89,75
16,95,154
16,96,5
16,98,41
16,100,170
16,101,76
16,102,381
16,103,217
16,104,356
16,105,394
16,109,140
16,113,159
16,114,396
16,115,241
16,116,44
16,118,43
16,119,340
16,120,157
16,123,113
16,124,304
16,125,257
16,126,102
16,127,114
16,128,100
16,131,170
16,132,313
16,135,13
16,136,127
16,139,13
16,141,1
16,142,259
16,144,112
16,146,300
16,152,342
16,154,47
16,155,175
16,157,169
16,158,300
16,160,185
16,164,325
16,165,266
16,168,231
16,170,100
16,171,299
16,172,225
16,178,354
16,182,266
16,189,348
16,198,396
16,199,329
17,1,8
17,2,28
17,3,277
17,4,56
17,6,5
17,7,99
17,8,20
17,11,264
17,12,397
17,13,255
17,14,54
17,15,390
17,16,174
17,18,283
17,19,123
17,20,397
17,21,324
17,22,38
17,23,125
17,24,54
17,27,59
17,28,392
17,29,79
17,30,135
17,31,189
17,32,337
17,33,54
17,34,320
17,35,215
17,36,136
17,39,150
17,41,351
17,42,314
17,43,316
17,45,299
17,46,265
17,48,50
17,50,354
17,51,111
17,54,8
17,57,241
17,58,67
17,59,139
17,60,81
17,61,338
17,62,78
17,63,199
17,64,337
17,65,77
17,66,267
17,67,52
17,68,307
17,69,282
17,70,117
17,73,59
17,74,303
17,75,136
17,76,350
17,77,165
17,78,87
17,79,169
17,80,232
17,81,294
17,82,324
17,87,258
17,88,321
17,89,331
17,90,9
17,91,173
17,93,79
17,94,131
17,98,253
17,101,393
17,103,181
17,104,77
17,105,182
17,108,247
17,109,45
17,110,323
17,113,176
17,115,173
17,117,233
17,121,121
17,123,328
17,124,117
17,125,357
17,127,142
17,128,13
17,132,345
17,139,137
17,142,53
17,143,163
17,150,160
17,153,363
17,154,271
17,156,271
17,159,32
17,160,307
17,161,132
17,163,392
17,164,200
17,166,60
17,172,184
17,173,180
17,176,335
17,183,183
17,186,295
17,197,254
17,199,103
17,200,227
18,1,307
18,3,8
18,4,340
18,5,318
18,8,105
18,9,156
18,12,179
18,13,342
18,14,382
18,15,253
18,17,283
18,19,16
18,20,340
18,22,347
18,24,177
18,25,318
18,26,126
18,27,217
18,28,354
18,29,168
18,30,203
18,31,33
18,32,23
18,33,239
18,35,268
18,36,57
18,37,363
18,38,145
18,39,312
18,40,275
18,42,310
18,43,40
18,47,244
18,49,313
18,51,148
18,52,66
18,53,223
18,54,169
18,55,343
18,56,317
18,58,318
18,59,213
18,61,219
18,62,107
18,65,327
18,67,254
18,68,306
18,69,187
18,70,55
18,71,347
18,74,195
18,76,215
18,77,361
18,79,192
18,85,22
18,86,280
18,88,271
18,94,105
18,96,248
18,97,232
18,100,175
18,101,261
18,102,86
18,103,254
18,105,169
18,113,338
18,114,363
18,115,127
18,116,207
18,117,318
18,118,50
18,122,44
18,124,303
18,126,189
18,131,354
18,133,388
18,135,218
18,138,24
18,140,238
18,142,2
18,143,124
18,145,343
18,148,331
18,151,310
18,152,267
18,153,67
18,158,246
18,163,365
18,164,228
18,169,9
18,171,13
18,172,129
18,174,98
18,175,106
18,181,221
18,183,206
18,184,366
18,188,331
18,189,346
18,191,12
18,192,360
19,1,15
19,2,282
19,3,352
19,4,120
19,6,258
19,7,212
19,11,27
19,12,334
19,13,152
19,14,48
19,15,113
19,17,123
19,18,16
19,20,91
19,21,64
19,22,323
19,23,178
19,27,260
19,28,270
19,31,240
19,32,356
19,33,222
19,34,314
19,36,186
19,37,115
19,38,20
19,40,165
19,41,367
19,42,340
19,45,92
19,46,126
19,48,101
19,49,269
19,52,226
19,53,217
19,55,352
19,57,105
19,58,162
19,59,262
19,60,243
19,61,241
19,62,130
19,63,163
19,65,38
19,67,273
19,68,278
19,69,394
19,70,256
19,71,268
19,72,392
19,73,237
19,74,119
19,75,322
19,76,177
19,77,384
19,80,118
19,82,123
19,84,68
19,85,30
19,87,228
19,89,351
19,92,296
19,93,97
19,96,342
19,99,322
19,100,253
19,102,265
19,104,258
19,105,319
19,107,385
19,108,87
19,109,377
19,110,1
19,111,399
19,112,293
19,116,302
19,119,220
19,123,221
19,124,322
19,125,232
19,126,197
19,128,54
19,131,38
19,134,277
19,136,153
19,137,368
19,139,358
19,140,63
19,142,146
19,145,226
19,148,59
19,149,141
19,151,328
19,152,119
19,156,104
19,157,78
19,160,275
19,162,173
19,163,86
19,170,82
19,181,207
19,184,41
19,192,2
19,195,35
19,196,287
19,197,101
19,198,31
20,1,269
20,4,211
20,5,133
20,9,177
20,10,159
20,12,356
20,13,317
20,14,306
20,15,75
20,17,397
20,18,340
20,19,91
20,21,370
20,25,273
20,26,385
20,27,69
20,28,24
20,29,7
20,30,88
20,31,353
20,32,264
20,34,99
20,36,389
20,38,216
20,39,136
20,41,54
20,42,326
20,43,304
20,44,131
20,47,278
20,50,317
20,51,247
20,52,217
20,53,307
20,54,343
20,55,20
20,56,325
20,61,77
20,62,218
20,63,261
20,64,38
20,66,110
20,67,164
20,69,96
20,70,330
20,72,203
20,73,352
20,75,167
20,76,151
20,77,236
20,78,339
20,80,68
20,81,14
20,83,365
20,84,364
20,86,37
20,88,88
20,89,224
20,90,322
20,91,69
20,92,257
20,93,366
20,94,206
20,97,291
20,100,297
20,103,214
20,105,19
20,106,271
20,107,129
20,109,356
20,110,180
20,111,290
20,112,183
20,117,147
20,119,3
20,121,294
20,122,25
20,123,11
20,124,378
20,125,67
20,127,175
20,130,151
20,132,315
20,134,35
20,139,137
20,143,165
20,146,211
20,147,164
20,148,262
20,149,365
20,154,328
20,160,199
20,162,239
20,165,135
20,166,4
20,169,275
20,170,160
20,171,44
20,172,133
20,173,51
20,177,327
20,180,360
20,182,290
20,183,386
20,185,175
20,187,93
20,190,53
20,194,69
20,197,15
20,198,150
20,199,5
21,1,197
21,2,212
21,3,337
21,4,113
21,5,39
21,6,40
21,7,123
21,8,259
21,10,68
21,12,384
21,14,382
21,15,368
21,17,324
21,19,64
21,20,370
21,22,4
21,23,35
21,24,194
21,26,161
21,28,127
21,29,125
21,30,364
21,32,355
21,33,69
21,35,144
21,36,119
21,38,230
21,39,38
21,40,302
21,41,317
21,42,73
21,43,92
21,46,219
21,47,222
21,48,262
21,49,118
21,50,399
21,51,52
21,52,332
21,55,379
21,56,160
21,57,279
21,58,171
21,60,74
21,61,248
21,63,237
21,64,265
21,67,32
21,68,191
21,69,230
21,70,258
21,71,257
21,73,345
21,74,334
21,76,227
21,77,11
21,78,197
21,79,254
21,80,44
21,86,319
21,87,259
21,88,100
21,89,163
21,92,77
21,93,305
21,94,126
21,95,235
21,96,281
21,97,194
21,99,353
21,102,394
21,103,108
21,104,20
21,105,257
21,106,383
21,108,286
21,109,42
21,110,27
21,113,247
21,114,330
21,115,253
21,116,294
21,119,108
21,120,5
21,122,353
21,123,268
21,128,80
21,130,215
21,133,251
21,136,27
21,137,235
21,138,190
21,143,244
21,146,391
21,151,195
21,153,42
21,154,75
21,155,38
21,160,83
21,171,69
21,174,272
21,176,392
21,181,133
21,182,342
21,187,246
21,191,65
21,193,399
21,197,178
21,199,211
22,1,286
22,2,48
22,3,168
22,7,83
22,11,75
22,12,115
22,14,301
22,15,293
22,16,313
22,17,38
22,18,347
22,19,323
22,21,4
22,23,360
22,25,341
22,26,377
22,28,346
22,29,361
22,30,95
22,32,262
22,33,183
22,34,182
22,36,190
22,37,140
22,38,110
22,40,115
22,41,246
22,44,52
22,46,295
22,47,210
22,48,125
22,49,389
22,50,24
22,51,263
22,52,312
22,55,371
22,56,338
22,57,170
22,58,122
22,60,349
22,61,322
22,64,138
22,65,82
22,66,100
22,67,316
22,68,291
22,71,79
22,72,56
22,76,220
22,77,107
22,78,127
22,81,228
22,82,174
22,83,120
22,86,358
22,87,145
22,88,299
22,89,235
22,91,162
22,92,289
22,93,282
22,97,152
22,98,342
22,100,377
22,103,123
22,104,4
22,105,149
22,108,217
22,109,152
22,113,238
22,114,74
22,116,63
22,117,108
22,118,265
22,120,213
22,123,344
22,124,176
22,125,97
22,126,369
22,131,262
22,134,70
22,135,312
22,136,126
22,138,141
22,142,360
22,146,109
22,148,5
22,149,176
22,151,152
22,152,218
22,153,296
22,155,339
22,157,168
22,163,6
22,165,102
22,166,339
22,168,377
22,176,251
22,180,49
22,182,106
22,184,258
22,185,24
22,187,330
22,188,353
22,189,29
22,190,150
22,195,308
23,4,222
23,5,131
23,6,47
23,8,278
23,9,382
23,10,68
23,11,342
23,12,148
23,13,256
23,14,269
23,15,310
23,17,125
23,19,178
23,21,35
23,22,360
23,25,331
23,27,328
23,30,123
23,31,71
23,33,109
23,35,246
23,37,398
23,38,372
23,39,83
23,42,377
23,44,222
23,45,261
23,47,100
23,48,377
23,50,396
23,53,283
23,54,258
23,55,6
23,56,40
23,57,261
23,60,223
23,61,69
23,63,303
23,65,63
23,68,221
23,70,334
23,71,340
23,72,61
23,73,138
23,74,166
23,77,127
23,78,33
23,81,350
23,84,390
23,86,225
23,88,394
23,89,349
23,90,68
23,92,180
23,97,75
23,99,380
23,100,362
23,102,349
23,104,247
23,113,147
23,116,123
23,119,165
23,122,298
23,125,123
23,126,152
23,127,230
23,128,251
23,132,250
23,134,80
23,137,178
23,138,398
23,140,63
23,143,70
23,144,235
23,146,321
23,150,55
23,152,209
23,153,118
23,154,160
23,156,398
23,160,124
23,161,137
23,165,185
23,166,105
23,167,147
23,168,28
23,172,395
23,179,269
23,183,1
23,185,249
23,189,237
23,192,299
23,195,118
23,197,59
24,1,61
24,3,313
24,6,286
24,8,361
24,9,5
24,11,160
24,12,395
24,13,337
24,14,76
24,15,171
24,16,268
24,17,54
24,18,177
24,21,194
24,29,207
24,31,227
24,33,293
24,34,298
24,35,322
24,36,232
24,37,122
24,42,360
24,43,271
24,44,331
24,46,200
24,47,234
24,48,262
24,49,353
24,51,209
24,53,319
24,56,315
24,58,11
24,60,219
24,62,365
24,65,268
24,66,199
24,68,273
24,70,28
24,71,163
24,72,58
24,73,315
24,74,345
24,75,184
24,76,217
24,78,183
24,79,321
24,81,257
24,83,324
24,85,388
24,87,88
24,88,213
24,89,120
24,91,397
24,93,163
24,94,5
24,97,221
24,101,311
24,103,286
24,106,330
24,107,84
24,109,323
24,110,114
24,111,310
24,113,319
24,116,289
24,117,199
24,119,118
24,124,399
24,130,350
24,131,76
24,133,22
24,135,219
24,142,395
24,144,142
24,145,393
24,148,361
24,154,142
24,158,348
24,164,103
24,168,33
24,169,269
24,172,259
24,173,265
24,174,335
24,175,45
24,178,129
24,180,396
24,191,67
24,195,393
25,1,279
25,2,88
25,3,246
25,4,175
25,6,281
25,7,314
25,9,213
25,11,42
25,12,359
25,13,96
25,14,307
25,15,233
25,18,318
25,20,273
25,22,341
25,23,331
25,26,306
25,27,160
25,29,82
25,30,62
25,31,166
25,33,206
25,34,50
25,35,165
25,37,93
25,38,188
25,40,301
25,43,4
25,44,319
25,45,370
25,46,87
25,47,203
25,48,210
25,49,396
25,50,253
25,51,380
25,52,13
25,54,372
25,55,336
25,58,195
25,59,323
25,62,81
25,63,199
25,64,175
25,65,239
25,66,47
25,67,332
25,68,72
25,69,282
25,70,67
25,71,61
25,76,270
25,78,34
25,80,221
25,82,196
25,84,40
25,88,212
25,90,180
25,91,73
25,93,287
25,94,54
25,98,395
25,99,328
25,100,109
25,106,228
25,110,259
25,113,284
25,114,82
25,115,33
25,117,378
25,118,133
25,119,218
25,120,394
25,121,111
25,123,8
25,124,37
25,125,301
25,126,350
25,130,362
25,133,199
25,134,269
25,135,111
25,136,3
25,138,216
25,140,252
25,143,150
25,144,133
25,146,344
25,147,371
25,148,261
25,150,244
25,153,165
25,154,78
25,158,9
25,160,63
25,161,8
25,164,381
25,170,306
25,173,280
25,174,355
25,175,221
25,178,25
25,182,56
25,183,9
25,189,287
25,195,372
25,196,182
26,1,8
26,3,56
26,5,383
26,7,303
26,8,237
26,9,305
26,10,330
26,11,126
26,12,398
26,13,189
26,14,241
26,15,196
26,18,126
26,20,385
26,21,161
26,22,377
26,25,306
26,27,104
26,28,195
26,29,162
26,30,291
26,31,294
26,32,373
26,33,271
26,34,17
26,36,287
26,38,254
26,39,348
26,40,192
26,41,254
26,43,106
26,44,230
26,45,35
26,46,166
26,49,386
26,50,373
26,52,237
26,53,221
26,54,73
26,55,70
26,56,15
26,58,10
26,59,162
26,61,346
26,63,197
26,64,62
26,65,250
26,66,40
26,67,29
26,68,279
26,69,294
26,70,201
26,73,320
26,74,81
26,76,251
26,79,115
26,81,172
26,83,6
26,85,331
26,87,142
26,88,127
26,90,86
26,91,173
26,95,280
26,96,210
26,98,195
26,99,368
26,100,272
26,101,392
26,104,78
26,105,339
26,106,243
26,107,136
26,108,10
26,110,355
26,111,173
26,112,1
26,114,273
26,115,397
26,117,200
26,118,348
26,120,54
26,122,184
26,123,156
26,125,71
26,127,63
26,132,227
26,133,330
26,135,65
26,136,246
26,140,380
26,145,295
26,147,261
26,148,53
26,150,252
26,154,332
26,156,287
26,160,288
26,166,256
26,167,328
26,169,36
26,172,206
26,174,83
26,175,15
26,177,1
26,179,347
26,180,111
26,182,337
26,185,198
26,188,252
26,189,236
26,191,349
26,192,293
26,200,54
27,4,117
27,7,227
27,11,172
27,15,160
27,16,135
27,17,59
27,18,217
27,19,260
27,20,69
27,23,328
27,25,160
27,26,104
27,28,364
27,29,355
27,30,263
27,31,148
27,33,283
27,35,126
27,37,160
27,39,1
27,40,261
27,41,66
27,43,395
27,47,339
27,48,266
27,51,92
27,52,173
27,53,293
27,54,223
27,55,236
27,56,328
27,58,45
27,59,316
27,61,205
27,62,396
27,64,342
27,65,328
27,66,209
27,68,60
27,69,392
27,72,80
27,73,71
27,75,328
27,76,106
27,77,305
27,79,121
27,80,88
27,84,21
27,87,28
27,88,228
27,89,53
27,91,350
27,92,177
27,93,208
27,96,98
27,99,332
27,100,333
27,102,138
27,105,355
27,107,54
27,108,161
27,112,293
27,115,72
27,120,355
27,126,203
27,129,391
27,134,147
27,135,347
27,139,50
27,142,50
27,143,36
27,144,270
27,146,372
27,150,73
27,152,333
27,153,181
27,155,304
27,157,100
27,166,251
27,172,324
27,173,307
27,176,316
27,177,210
27,179,320
27,182,137
27,184,380
27,185,75
27,194,235
27,197,379
27,198,200
28,2,60
28,3,172
28,6,173
28,7,65
28,10,226
28,13,139
28,14,299
28,15,265
28,16,374
28,17,392
28,18,354
28,19,270
28,20,24
28,21,127
28,22,346
28,26,195
28,27,364
28,29,222
28,30,100
28,31,221
28,32,185
28,34,206
28,35,131
28,36,237
28,40,23
28,41,221
28,42,79
28,43,388
28,44,197
28,45,339
28,46,99
28,47,221
28,50,195
28,52,319
28,54,77
28,55,22
28,56,383
28,58,64
28,60,81
28,62,161
28,63,317
28,66,157
28,67,89
28,68,257
28,69,184
28,70,294
28,71,66
28,72,2
28,76,35
28,77,10
28,78,259
28,80,306
28,81,316
28,82,7
28,85,39
28,87,140
28,88,171
28,89,345
28,90,103
28,91,71
28,93,285
28,96,37
28,98,288
28,99,285
28,100,332
28,102,49
28,103,293
28,105,283
28,108,182
28,109,173
28,110,28
28,113,187
28,116,358
28,118,174
28,123,21
28,125,312
28,126,3
28,130,258
28,141,219
28,144,337
28,146,47
28,147,121
28,148,240
28,150,153
28,151,127
28,155,364
28,159,156
28,162,309
28,163,44
28,168,2
28,169,396
28,171,148
28,172,233
28,173,166
28,175,205
28,177,288
28,180,246
28,182,397
28,183,217
28,187,359
28,193,32
28,195,172
28,200,146
29,1,188
29,2,372
29,3,239
29,4,382
29,7,237
29,8,216
29,10,55
29,12,181
29,15,5
29,17,79
29,18,168
29,20,7
29,21,125
29,22,361
29,24,207
29,25,82
29,26,162
29,27,355
29,28,222
29,32,231
29,33,38
29,34,391
29,35,224
29,37,88
29,38,134
29,40,102
29,41,51
29,42,336
29,43,183
29,45,293
29,46,380
29,48,344
29,49,5
29,53,105
29,55,262
29,61,255
29,64,204
29,65,39
29,66,364
29,68,399
29,71,169
29,72,165
29,73,223
29,74,10
29,75,346
29,76,51
29,77,222
29,80,106
29,84,226
29,85,82
29,86,158
29,87,359
29,88,8
29,89,76
29,92,194
29,93,56
29,95,396
29,98,118
29,102,103
29,103,378
29,104,8
29,105,60
29,108,167
29,111,81
29,113,187
29,114,333
29,116,165
29,119,75
29,123,361
29,125,311
29,129,83
29,131,265
29,132,242
29,133,350
29,138,187
29,139,147
29,140,283
29,146,213
29,149,166
29,153,382
29,155,263
29,156,124
29,159,176
29,161,153
29,163,183
29,165,279
29,171,368
29,173,157
29,174,7
29,175,82
29,176,236
29,181,112
29,182,330
29,183,249
29,185,20
29,188,95
29,190,9
29,198,240
29,199,321
30,1,101
30,2,220
30,4,273
30,7,118
30,8,104
30,10,3
30,11,166
30,12,140
30,14,204
30,15,82
30,16,19
30,17,135
30,18,203
30,20,88
30,21,364
30,22,95
30,23,123
30,25,62
30,26,291
30,27,263
30,28,100
30,31,330
30,32,211
30,34,318
30,35,177
30,36,145
30,37,233
30,38,194
30,39,77
30,41,111
30,43,125
30,44,24
30,45,280
30,47,237
30,48,336
30,49,191
30,51,343
30,53,6
30,55,44
30,56,93
30,58,206
30,59,359
30,60,269
30,61,348
30,63,125
30,64,202
30,65,234
30,66,251
30,68,65
30,69,197
30,70,32
30,73,138
30,74,399
30,75,333
30,76,361
30,78,156
30,79,182
30,81,23
30,82,172
30,83,253
30,86,344
30,89,86
30,90,323
30,91,239
30,94,169
30,96,219
30,97,105
30,99,333
30,100,72
30,101,6
30,103,119
30,106,281
30,107,289
30,109,35
30,111,8
30,113,22
30,114,357
30,116,263
30,117,305
30,119,81
30,120,386
30,123,183
30,125,346
30,127,35
30,129,188
30,130,259
30,131,333
30,132,128
30,134,335
30,135,288
30,139,75
30,140,251
30,141,393
30,142,274
30,144,14
30,145,311
30,148,297
30,150,100
30,155,292
30,156,284
30,161,339
30,166,72
30,170,397
30,176,349
30,179,330
30,182,289
30,183,31
30,186,76
30,190,174
30,193,230
30,198,189
30,199,335
31,1,251
31,3,329
31,5,3
31,7,265
31,8,54
31,9,184
31,10,197
31,11,250
31,12,151
31,13,59
31,16,240
31,17,189
31,18,33
31,19,240
31,20,353
31,23,71
31,24,227
31,25,166
31,26,294
31,27,148
31,28,221
31,30,330
31,34,47
31,35,268
31,36,232
31,37,372
31,38,218
31,39,292
31,40,285
31,43,296
31,45,354
31,48,155
31,49,236
31,50,261
31,52,58
31,54,1
31,55,141
31,56,305
31,57,331
31,58,62
31,60,356
31,61,176
31,62,325
31,64,186
31,65,285
31,67,189
31,70,7
31,71,280
31,72,26
31,75,336
31,76,250
31,77,106
31,79,170
31,80,9
31,81,198
31,83,142
31,85,141
31,88,78
31,91,244
31,92,116
31,93,394
31,94,119
31,95,85
31,96,235
31,97,381
31,107,306
31,108,259
31,109,348
31,114,179
31,123,264
31,126,144
31,127,190
31,128,23
31,129,110
31,134,72
31,139,219
31,140,85
31,144,233
31,145,356
31,148,398
31,150,168
31,152,392
31,154,225
31,157,195
31,167,367
31,169,98
31,170,378
31,178,388
31,179,345
31,188,105
31,189,133
31,192,139
31,193,291
32,2,392
32,4,68
32,9,152
32,10,389
32,12,231
32,13,208
32,15,238
32,16,339
32,17,337
32,18,23
32,19,356
32,20,264
32,21,355
32,22,262
32,26,373
32,28,185
32,29,231
32,30,211
32,34,375
32,35,236
32,36,114
32,39,242
32,41,285
32,42,146
32,44,287
32,45,324
32,46,398
32,49,281
32,50,73
32,51,351
32,55,169
32,57,355
32,58,340
32,59,353
32,65,29
32,66,368
32,70,212
32,77,139
32,79,127
32,80,145
32,84,221
32,86,393
32,89,46
32,92,342
32,95,180
32,98,27
32,100,309
32,102,337
32,108,313
32,109,380
32,115,253
32,116,229
32,117,325
32,118,158
32,122,154
32,123,379
32,127,391
32,128,54
32,129,168
32,134,215
32,136,400
32,137,69
32,138,3
32,140,195
32,144,394
32,145,271
32,149,96
32,150,319
32,152,195
32,153,179
32,154,40
32,155,164
32,157,166
32,158,348
32,159,76
32,161,176
32,164,331
32,165,283
32,168,163
32,170,147
32,173,326
32,174,192
32,177,19
32,178,77
32,183,52
32,184,221
32,186,336
32,193,53
32,194,248
32,195,167
32,196,195
32,197,156
33,1,75
33,2,235
33,4,345
33,5,199
33,6,162
33,7,251
33,10,256
33,12,187
33,13,186
33,15,350
33,16,271
33,17,54
33,18,239
33,19,222
33,21,69
33,22,183
33,23,109
33,24,293
33,25,206
33,26,271
33,27,283
33,29,38
33,34,320
33,35,369
33,36,68
33,37,69
33,39,140
33,40,61
33,42,7
33,43,352
33,46,294
33,47,385
33,50,119
33,52,154
33,54,371
33,57,126
33,58,67
33,59,287
33,61,200
33,65,75
33,66,117
33,69,2
33,70,296
33,71,56
33,73,318
33,74,143
33,76,197
33,78,323
33,81,243
33,84,361
33,86,52
33,87,392
33,88,14
33,89,128
33,90,359
33,92,163
33,93,71
33,94,159
33,95,96
33,96,385
33,97,23
33,99,337
33,100,156
33,102,76
33,104,159
33,108,60
33,109,141
33,110,94
33,111,238
33,112,331
33,113,250
33,115,247
33,117,150
33,118,80
33,119,81
33,127,180
33,129,270
33,130,141
33,131,340
33,136,164
33,139,274
33,140,258
33,143,119
33,145,304
33,149,347
33,155,259
33,166,172
33,167,341
33,172,184
33,176,320
33,179,125
33,180,387
33,182,69
33,191,214
33,192,186
34,1,285
34,2,1
34,3,244
34,7,286
34,8,262
34,9,163
34,10,174
34,11,390
34,13,251
34,14,334
34,17,320
34,19,314
34,20,99
34,22,182
34,24,298
34,25,50
34,26,17
34,28,206
34,29,391
34,30,318
34,31,47
34,32,375
34,33,320
34,36,400
34,37,243
34,38,170
34,39,239
34,40,84
34,42,51
34,44,81
34,45,296
34,47,208
34,49,292
34,51,221
34,52,232
34,53,20
34,58,394
34,59,155
34,60,30
34,61,134
34,62,191
34,63,116
34,64,280
34,66,314
34,67,331
34,68,305
34,69,194
34,72,67
34,73,117
34,74,98
34,75,89
34,76,9
34,77,12
34,79,301
34,81,78
34,82,342
34,83,287
34,85,24
34,86,233
34,87,263
34,88,113
34,89,327
34,90,19
34,94,333
34,96,225
34,97,82
34,98,281
34,103,364
34,104,105
34,105,189
34,106,254
34,108,340
34,112,244
34,113,34
34,114,275
34,116,275
34,117,68
34,121,375
34,123,113
34,124,241
34,125,276
34,126,148
34,127,263
34,133,388
34,134,314
34,136,112
34,137,133
34,138,291
34,140,277
34,141,205
34,142,330
34,143,74
34,144,287
34,145,24
34,148,353
34,149,158
34,150,317
34,152,101
34,154,340
34,161,75
34,169,135
34,180,233
34,192,357
35,1,38
35,3,347
35,4,37
35,5,88
35,6,37
35,8,297
35,11,96
35,12,288
35,13,190
35,14,151
35,17,215
35,18,268
35,21,144
35,23,246
35,24,322
35,25,165
35,27,126
35,28,131
35,29,224
35,30,177
35,31,268
35,32,236
35,33,369
35,36,163
35,38,85
35,42,118
35,44,7
35,47,365
35,48,270
35,49,42
35,50,265
35,52,257
35,53,376
35,54,293
35,55,15
35,56,368
35,57,367
35,60,252
35,61,117
35,62,316
35,63,297
35,64,398
35,70,183
35,73,58
35,75,153
35,76,162
35,78,357
35,80,57
35,81,235
35,82,8
35,85,87
35,86,233
35,90,265
35,91,284
35,92,349
35,93,50
35,95,165
35,98,32
35,102,311
35,103,10
35,107,289
35,108,138
35,109,143
35,112,79
35,115,141
35,116,44
35,119,74
35,122,97
35,124,232
35,129,327
35,133,123
35,135,91
35,138,58
35,139,11
35,143,44
35,145,386
35,149,331
35,150,259
35,151,288
35,158,371
35,164,273
35,168,36
35,170,183
35,183,373
35,187,202
35,188,163
35,189,339
35,190,56
35,194,265
35,197,175
35,198,29
35,199,253
36,5,241
36,6,196
36,10,86
36,11,189
36,14,287
36,15,137
36,17,136
36,18,57
36,19,186
36,20,389
36,21,119
36,22,190
36,24,232
36,26,287
36,28,237
36,30,145
36,31,232
36,32,114
36,33,68
36,34,400
36,35,163
36,38,132
36,39,177
36,43,269
36,45,136
36,46,194
36,51,351
36,53,240
36,56,205
36,58,107
36,59,100
36,60,130
36,61,61
36,62,325
36,63,139
36,64,11
36,67,353
36,68,20
36,69,271
36,70,124
36,71,25
36,73,138
36,75,315
36,78,316
36,80,288
36,82,233
36,83,367
36,84,117
36,88,6
36,90,154
36,94,260
36,97,166
36,98,349
36,101,185
36,104,63
36,106,365
36,112,183
36,115,183
36,117,214
36,118,332
36,120,44
36,122,196
36,124,354
36,125,162
36,129,356
36,130,241
36,131,267
36,132,132
36,133,6
36,139,15
36,141,53
36,143,320
36,146,66
36,147,260
36,148,346
36,149,367
36,151,100
36,152,302
36,153,366
36,154,143
36,157,198
36,161,272
36,164,165
36,168,210
36,169,208
36,179,311
36,180,131
36,187,344
36,192,312
36,194,284
36,198,397
36,199,197
37,1,232
37,2,276
37,4,209
37,5,270
37,6,212
37,7,7
37,9,92
37,12,242
37,14,195
37,15,187
37,16,55
37,18,363
37,19,115
37,22,140
37,23,398
37,24,122
37,25,93
37,27,160
37,29,88
37,30,233
37,31,372
37,33,69
37,34,243
37,38,50
37,39,137
37,40,221
37,41,334
37,43,12
37,44,21
37,45,36
37,46,79
37,47,326
37,48,160
37,49,158
37,51,262
37,52,72
37,55,186
37,56,282
37,57,37
37,59,13
37,60,109
37,61,263
37,63,27
37,64,72
37,65,288
37,67,398
37,69,324
37,72,28
37,73,297
37,74,347
37,76,223
37,78,180
37,79,289
37,80,299
37,84,85
37,85,298
37,86,295
37,87,239
37,90,143
37,92,279
37,93,124
37,94,188
37,95,301
37,96,128
37,97,229
37,98,137
37,101,140
37,102,227
37,104,369
37,105,43
37,106,382
37,107,336
37,110,35
37,111,314
37,115,106
37,117,42
37,119,173
37,122,342
37,125,24
37,129,99
37,130,160
37,131,263
37,133,73
37,135,16
37,137,283
37,138,106
37,142,165
37,146,93
37,149,130
37,152,85
37,153,108
37,156,237
37,157,175
37,158,278
37,159,120
37,162,319
37,165,24
37,173,58
37,178,292
37,181,394
37,184,119
37,186,167
37,188,396
37,192,51
37,193,148
37,195,294
37,200,218
38,2,138
38,3,185
38,6,174
38,7,234
38,8,194
38,9,239
38,10,141
38,11,36
38,15,287
38,18,145
38,19,20
38,20,216
38,21,230
38,22,110
38,23,372
38,25,188
38,26,254
38,29,134
38,30,194
38,31,218
38,34,170
38,35,85
38,36,132
38,37,50
38,41,81
38,42,302
38,43,168
38,44,372
38,47,252
38,48,135
38,49,142
38,50,9
38,51,84
38,54,183
38,55,237
38,56,359
38,57,263
38,59,206
38,60,166
38,63,1
38,64,25
38,65,210
38,66,47
38,68,51
38,74,146
38,76,182
38,77,312
38,81,256
38,82,263
38,83,351
38,85,119
38,88,201
38,91,50
38,97,226
38,98,348
38,100,182
38,102,158
38,104,193
38,105,201
38,108,35
38,110,242
38,113,366
38,115,252
38,116,303
38,126,280
38,127,367
38,130,242
38,132,372
38,134,344
38,137,277
38,140,387
38,143,292
38,146,247
38,147,160
38,148,300
38,149,297
38,152,61
38,156,299
38,157,388
38,159,38
38,160,345
38,162,57
38,173,219
38,174,227
38,178,10
38,181,155
38,188,333
38,190,343
38,193,115
38,197,128
38,198,353
39,1,45
39,2,23
39,4,355
39,6,53
39,7,192
39,8,333
39,9,193
39,10,124
39,11,69
39,12,266
39,13,311
39,14,209
39,16,127
39,17,150
39,18,312
39,20,136
39,21,38
39,23,83
39,26,348
39,27,1
39,30,77
39,31,292
39,32,242
39,33,140
39,34,239
39,36,177
39,37,137
39,40,249
39,41,282
39,42,217
39,43,306
39,45,377
39,47,246
39,49,386
39,50,170
39,55,336
39,57,298
39,59,93
39,63,368
39,65,146
39,66,250
39,67,176
39,69,39
39,70,29
39,72,150
39,74,320
39,75,132
39,76,231
39,77,266
39,78,128
39,79,73
39,80,66
39,81,192
39,82,303
39,83,150
39,85,3
39,91,263
39,92,166
39,95,296
39,96,273
39,97,188
39,98,93
39,99,366
39,103,196
39,105,51
39,108,93
39,110,386
39,111,250
39,112,218
39,113,136
39,115,62
39,116,262
39,118,393
39,119,366
39,120,45
39,121,3
39,124,122
39,130,134
39,131,57
39,132,367
39,134,146
39,136,191
39,138,21
39,140,345
39,141,6
39,142,204
39,144,363
39,149,46
39,150,138
39,157,308
39,158,297
39,160,39
39,165,384
39,167,65
39,172,104
39,174,188
39,175,259
39,176,172
39,179,74
39,184,220
39,185,196
39,189,130
39,191,223
39,192,394
39,194,277
39,195,90
40,1,255
40,3,366
40,4,257
40,5,128
40,6,257
40,8,99
40,10,378
40,12,332
40,13,30
40,15,52
40,16,258
40,18,275
40,19,165
40,21,302
40,22,115
40,25,301
40,26,192
40,27,261
40,28,23
40,29,102
40,31,285
40,33,61
40,34,84
40,37,221
40,39,249
40,41,379
40,43,166
40,44,262
40,45,343
40,46,68
40,48,359
40,49,9
40,50,376
40,53,164
40,54,242
40,55,370
40,56,109
40,59,358
40,60,323
40,62,63
40,64,135
40,65,215
40,66,326
40,68,363
40,69,270
40,71,348
40,73,363
40,74,313
40,78,341
40,79,318
40,81,323
40,82,149
40,84,283
40,87,240
40,92,65
40,95,381
40,100,383
40,101,107
40,107,248
40,110,27
40,111,49
40,112,332
40,114,330
40,115,313
40,119,394
40,120,51
40,124,264
40,127,300
40,128,253
40,131,47
40,132,26
40,133,78
40,134,18
40,136,180
40,137,387
40,138,72
40,140,189
40,141,275
40,144,115
40,145,239
40,146,40
40,147,344
40,148,281
40,149,9
40,152,240
40,155,233
40,157,117
40,158,14
40,160,84
40,165,123
40,166,114
40,167,231
40,170,258
40,172,69
40,183,244
40,184,43
40,187,177
40,194,169
40,199,281
41,2,24
41,4,397
41,5,236
41,6,219
41,9,66
41,11,361
41,13,366
41,14,56
41,16,378
41,17,351
41,19,367
41,20,54
41,21,317
41,22,246
41,26,254
41,27,66
41,28,221
41,29,51
41,30,111
41,32,285
41,37,334
41,38,81
41,39,282
41,40,379
41,43,312
41,47,4
41,48,241
41,52,327
41,53,201
41,54,310
41,55,273
41,56,106
41,57,350
41,58,3
41,59,117
41,61,370
41,62,40
41,66,124
41,67,389
41,68,399
41,69,98
