source,target,weight
1,2,25
1,3,272
1,4,243
1,6,282
1,7,252
1,8,14
1,10,293
1,12,282
1,13,380
1,14,130
1,15,51
1,16,234
1,17,76
1,19,23
1,20,128
1,21,306
1,23,25
1,24,26
1,26,379
1,27,372
1,32,371
1,33,345
1,37,10
1,38,188
1,40,245
1,41,136
1,43,204
1,44,389
1,45,345
1,47,289
1,52,122
1,53,382
1,54,255
1,56,382
1,57,143
1,58,140
1,59,33
1,62,145
1,65,205
1,66,325
1,67,123
1,68,66
1,69,352
1,70,276
1,71,323
1,74,353
1,75,226
1,77,359
1,78,220
1,79,226
1,80,184
1,82,23
1,84,24
1,85,306
1,86,368
1,87,382
1,89,302
1,91,388
1,92,171
1,94,37
1,95,389
1,98,8
1,99,186
1,100,303
1,102,201
1,104,182
1,105,335
1,106,357
1,107,241
1,108,27
1,110,370
1,111,350
1,112,383
1,115,90
1,116,128
1,119,266
1,120,262
1,122,88
1,123,133
1,125,180
1,131,358
1,132,182
1,134,383
1,137,242
1,138,72
1,139,129
1,146,223
1,147,55
1,148,396
1,149,156
1,150,110
1,151,89
1,154,58
1,158,157
1,162,99
1,164,7
1,169,132
1,171,293
1,179,199
1,180,107
1,183,230
1,184,255
1,185,225
1,188,273
1,190,233
1,192,197
1,193,21
1,199,236
1,200,390
2,1,25
2,4,110
2,5,16
2,6,50
2,8,200
2,9,257
2,10,380
2,11,380
2,12,363
2,13,39
2,15,399
2,16,316
2,18,179
2,19,9
2,20,381
2,21,329
2,25,321
2,26,376
2,27,26
2,28,8
2,29,75
2,30,55
2,31,151
2,32,200
2,34,393
2,35,19
2,36,245
2,37,280
2,38,75
2,39,320
2,40,93
2,42,279
2,43,398
2,45,102
2,46,252
2,48,360
2,51,214
2,52,36
2,53,77
2,57,362
2,60,386
2,63,286
2,64,353
2,65,305
2,67,68
2,68,128
2,70,229
2,71,133
2,72,329
2,73,47
2,75,353
2,77,275
2,80,98
2,81,288
2,83,371
2,86,213
2,88,318
2,89,366
2,90,241
2,91,267
2,92,61
2,93,166
2,94,174
2,95,209
2,96,316
2,98,241
2,100,70
2,101,146
2,103,177
2,104,118
2,105,177
2,106,246
2,107,264
2,109,238
2,110,382
2,112,225
2,113,110
2,116,235
2,117,378
2,118,43
2,119,8
2,121,347
2,123,49
2,124,104
2,127,159
2,129,61
2,130,226
2,131,395
2,132,387
2,133,100
2,134,221
2,135,236
2,136,95
2,138,143
2,141,99
2,142,217
2,143,86
2,144,76
2,145,377
2,148,392
2,157,70
2,158,246
2,159,383
2,160,209
2,165,145
2,166,197
2,167,252
2,170,276
2,173,36
2,174,94
2,176,78
2,182,216
2,184,117
2,189,306
2,190,201
2,191,205
2,193,342
2,200,264
3,1,272
3,4,379
3,5,207
3,6,349
3,8,177
3,9,155
3,10,332
3,11,234
3,12,263
3,14,60
3,15,262
3,16,52
3,17,338
3,18,174
3,21,52
3,23,250
3,24,209
3,25,329
3,26,203
3,27,163
3,28,184
3,29,296
3,30,346
3,31,54
3,33,237
3,35,282
3,36,265
3,37,378
3,38,86
3,40,1
3,41,341
3,43,357
3,44,114
3,46,218
3,48,209
3,50,322
3,51,263
3,52,319
3,54,7
3,56,59
3,59,1
3,60,181
3,61,155
3,62,346
3,63,176
3,66,195
3,67,149
3,70,160
3,72,385
3,73,76
3,74,108
3,75,181
3,76,236
3,78,219
3,80,175
3,81,301
3,83,30
3,84,55
3,85,133
3,86,84
3,90,258
3,91,114
3,92,53
3,94,335
3,95,10
3,96,74
3,98,227
3,99,34
3,101,151
3,102,375
3,104,178
3,105,6
3,106,136
3,107,304
3,108,332
3,110,298
3,112,181
3,114,52
3,118,257
3,120,184
3,123,277
3,125,262
3,126,396
3,128,220
3,130,111
3,131,166
3,134,167
3,135,244
3,137,74
3,140,177
3,142,64
3,144,171
3,145,268
3,146,26
3,147,272
3,149,202
3,157,322
3,158,45
3,163,298
3,164,396
3,167,119
3,173,364
3,178,371
3,179,4
3,186,153
3,187,363
3,190,395
3,191,63
3,192,140
3,195,135
3,196,71
4,1,243
4,2,110
4,3,379
4,5,172
4,6,400
4,7,209
4,11,141
4,12,308
4,14,260
4,17,320
4,18,183
4,19,305
4,20,161
4,21,62
4,23,195
4,24,254
4,25,371
4,26,301
4,27,30
4,28,23
4,29,136
4,30,250
4,33,372
4,34,29
4,35,87
4,36,197
4,37,69
4,40,55
4,41,11
4,42,157
4,43,174
4,46,339
4,47,343
4,49,315
4,51,197
4,52,212
4,53,269
4,55,66
4,56,377
4,57,290
4,58,46
4,59,314
4,60,181
4,61,173
4,65,200
4,66,95
4,67,113
4,68,308
4,70,207
4,72,66
4,74,176
4,75,36
4,77,85
4,78,315
4,86,372
4,87,163
4,88,195
4,89,234
4,90,239
4,95,339
4,97,221
4,99,236
4,100,136
4,102,106
4,103,40
4,104,140
4,105,303
4,108,117
4,111,107
4,112,216
4,115,132
4,117,390
4,118,372
4,119,68
4,121,332
4,123,36
4,124,264
4,125,295
4,126,16
4,132,264
4,133,350
4,134,377
4,135,63
4,136,72
4,138,294
4,139,387
4,141,107
4,142,182
4,143,241
4,145,195
4,146,384
4,155,219
4,156,17
4,158,17
4,159,379
4,162,39
4,163,378
4,166,218
4,170,337
4,171,140
4,173,106
4,175,150
4,182,189
4,185,67
4,191,98
4,194,67
4,196,190
4,199,158
5,2,16
5,3,207
5,4,172
5,6,173
5,7,355
5,9,119
5,10,316
5,11,83
5,12,293
5,13,351
5,14,36
5,15,19
5,16,372
5,18,389
5,19,290
5,22,299
5,24,238
5,25,344
5,26,50
5,28,143
5,32,65
5,33,95
5,36,237
5,37,279
5,39,87
5,40,318
5,43,145
5,45,163
5,46,266
5,49,291
5,52,75
5,53,267
5,54,302
5,55,66
5,56,266
5,57,212
5,59,267
5,60,38
5,61,300
5,62,241
5,64,39
5,68,198
5,69,228
5,71,10
5,72,391
5,73,241
5,77,258
5,78,117
5,81,320
5,82,262
5,83,11
5,84,118
5,88,245
5,89,193
5,90,389
5,91,16
5,94,353
5,95,356
5,96,332
5,97,329
5,98,131
5,99,131
5,100,131
5,101,34
5,102,100
5,103,395
5,104,331
5,105,134
5,107,140
5,109,319
5,110,122
5,113,204
5,115,171
5,117,350
5,118,74
5,119,173
5,120,48
5,126,255
5,127,48
5,128,218
5,130,168
5,133,298
5,134,243
5,135,47
5,136,96
5,138,58
5,139,100
5,145,188
5,148,201
5,151,316
5,153,14
5,154,344
5,155,229
5,158,349
5,159,337
5,161,396
5,163,327
5,166,322
5,169,39
5,172,128
5,178,149
5,180,63
5,185,115
5,188,82
5,195,331
5,197,112
5,199,273
6,1,282
6,2,50
6,3,349
6,4,400
6,5,173
6,7,128
6,8,81
6,10,223
6,12,209
6,14,67
6,16,184
6,17,158
6,18,397
6,20,84
6,21,390
6,25,352
6,26,291
6,27,110
6,28,171
6,30,181
6,31,256
6,33,291
6,35,342
6,36,89
6,37,162
6,39,136
6,40,155
6,43,130
6,44,246
6,45,345
6,46,171
6,47,24
6,48,262
6,49,249
6,51,282
6,52,61
6,54,141
6,55,268
6,56,105
6,57,390
6,59,268
6,60,91
6,61,294
6,64,91
6,65,27
6,66,52
6,69,360
6,70,250
6,71,308
6,73,185
6,77,8
6,78,311
6,80,273
6,81,30
6,82,213
6,83,252
6,86,36
6,87,92
6,88,308
6,89,286
6,90,276
6,91,390
6,92,360
6,93,356
6,95,344
6,96,179
6,97,163
6,98,356
6,102,37
6,103,5
6,110,317
6,112,85
6,115,258
6,116,195
6,119,241
6,120,153
6,121,259
6,123,253
6,124,279
6,127,185
6,128,389
6,130,54
6,135,300
6,138,379
6,139,126
6,141,57
6,142,60
6,143,322
6,144,300
6,145,319
6,149,383
6,152,55
6,156,363
6,157,6
6,161,357
6,164,77
6,165,385
6,168,230
6,172,169
6,173,240
6,174,4
6,176,61
6,178,292
6,179,346
6,180,91
6,190,288
6,196,366
6,199,31
6,200,38
7,1,252
7,4,209
7,5,355
7,6,128
7,14,237
7,15,163
7,17,180
7,19,106
7,20,328
7,21,170
7,22,75
7,23,237
7,24,135
7,25,120
7,26,260
7,28,171
7,29,174
7,30,297
7,31,157
7,32,97
7,33,348
7,34,98
7,35,128
7,36,333
7,37,161
7,39,33
7,41,188
7,42,150
7,43,364
7,44,119
7,45,348
7,47,141
7,48,346
7,49,32
7,53,74
7,55,210
7,57,97
7,60,217
7,65,335
7,66,343
7,68,299
7,69,327
7,70,272
7,71,132
7,72,299
7,73,363
7,74,97
7,77,268
7,78,189
7,80,158
7,82,88
7,83,73
7,84,6
7,86,172
7,87,339
7,91,155
7,93,96
7,94,81
7,95,31
7,96,176
7,97,380
7,99,392
7,100,72
7,103,398
7,104,36
7,105,179
7,107,105
7,109,235
7,112,33
7,114,247
7,116,120
7,117,112
7,118,307
7,121,348
7,122,146
7,124,325
7,126,314
7,127,309
7,128,82
7,129,291
7,131,304
7,133,295
7,135,7
7,144,144
7,146,4
7,152,352
7,154,139
7,159,387
7,163,127
7,168,225
7,172,59
7,174,343
7,176,301
7,177,253
7,181,25
7,182,361
7,187,223
7,192,148
7,195,58
7,196,72
7,197,69
7,200,303
8,1,14
8,2,200
8,3,177
8,6,81
8,9,277
8,12,97
8,13,359
8,15,11
8,16,254
8,17,397
8,18,256
8,19,374
8,22,96
8,23,270
8,26,314
8,27,359
8,28,23
8,29,400
8,30,80
8,31,114
8,34,60
8,35,230
8,37,269
8,38,178
8,39,330
8,40,271
8,42,191
8,43,287
8,44,172
8,45,73
8,46,74
8,48,276
8,49,216
8,50,74
8,51,269
8,54,127
8,56,59
8,57,63
8,58,339
8,59,40
8,60,345
8,62,323
8,63,286
8,64,234
8,65,50
8,66,334
8,67,1
8,68,100
8,69,246
8,71,85
8,73,18
8,74,310
8,75,331
8,76,361
8,77,25
8,79,276
8,80,257
8,82,217
8,83,58
8,85,378
8,86,12
8,87,213
8,88,280
8,90,397
8,91,151
8,92,6
8,95,132
8,96,115
8,97,375
8,99,29
8,100,138
8,101,395
8,104,309
8,106,287
8,107,53
8,108,58
8,112,264
8,113,313
8,114,129
8,115,14
8,116,127
8,118,193
8,121,151
8,122,154
8,124,7
8,125,137
8,129,389
8,135,230
8,137,398
8,138,99
8,139,360
8,141,132
8,142,54
8,143,392
8,144,400
8,145,316
8,147,206
8,149,259
8,150,317
8,151,65
8,153,237
8,160,298
8,162,360
8,164,87
8,166,219
8,168,250
8,171,363
8,174,79
8,175,109
8,176,167
8,178,257
8,180,90
8,182,33
8,183,111
8,184,312
8,186,161
8,187,54
8,189,217
8,190,306
8,195,37
8,197,155
8,198,159
8,199,112
9,2,257
9,3,155
9,5,119
9,8,277
9,10,277
9,14,169
9,15,156
9,20,115
9,21,274
9,22,398
9,25,166
9,27,329
9,29,287
9,30,60
9,31,305
9,33,228
9,34,400
9,36,73
9,37,362
9,38,2
9,40,314
9,41,307
9,42,148
9,45,234
9,46,24
9,48,316
9,49,395
9,50,151
9,52,306
9,54,161
9,55,351
9,56,171
9,57,163
9,58,263
9,60,146
9,61,182
9,63,81
9,64,46
9,65,389
9,66,209
9,68,288
9,69,149
9,72,397
9,73,162
9,76,54
9,78,120
9,80,297
9,81,299
9,85,35
9,86,44
9,88,277
9,89,265
9,90,212
9,92,202
9,93,269
9,97,210
9,98,365
9,100,224
9,101,5
9,102,326
9,103,130
9,104,362
9,105,131
9,106,70
9,108,316
9,109,362
9,112,46
9,114,83
9,115,297
9,116,300
9,117,184
9,118,198
9,120,1
9,123,60
9,125,11
9,126,235
9,127,37
9,130,148
9,131,64
9,133,223
9,137,330
9,139,28
9,140,393
9,142,80
9,148,94
9,150,77
9,151,161
9,152,324
9,156,184
9,159,355
9,162,265
9,163,391
9,167,332
9,168,398
9,169,94
9,171,186
9,172,391
9,173,54
9,174,293
9,178,218
9,181,245
9,184,392
9,185,261
9,195,133
9,199,10
9,200,109
10,1,293
10,2,380
10,3,332
10,5,316
10,6,223
10,9,277
10,12,371
10,13,209
10,14,365
10,16,285
10,17,246
10,18,25
10,19,195
10,20,315
10,24,221
10,25,71
10,26,309
10,27,322
10,28,393
10,31,116
10,32,168
10,37,157
10,38,350
10,40,48
10,41,177
10,43,98
10,44,145
10,45,195
10,47,187
10,49,135
10,50,216
10,53,382
10,55,368
10,56,274
10,58,89
10,59,357
10,60,183
10,61,2
10,62,136
10,69,267
10,70,229
10,71,119
10,74,343
10,76,56
10,80,19
10,81,72
10,82,380
10,84,52
10,85,105
10,86,3
10,87,176
10,89,182
10,90,335
10,91,65
10,92,148
10,94,164
10,98,101
10,99,246
10,100,235
10,102,363
10,103,140
10,105,307
10,106,342
10,107,136
10,109,139
10,112,356
10,114,89
10,115,135
10,117,112
10,118,251
10,120,53
10,121,84
10,122,36
10,125,274
10,127,151
10,129,398
10,130,267
10,132,170
10,136,192
10,138,6
10,139,202
10,140,71
10,141,17
10,142,366
10,146,283
10,151,196
10,152,398
10,153,128
10,154,207
10,159,42
10,162,337
10,163,400
10,167,329
10,169,211
10,180,158
10,184,324
10,191,202
10,193,308
10,198,266
10,200,286
11,2,380
11,3,234
11,4,141
11,5,83
11,12,233
11,13,265
11,14,310
11,15,34
11,16,388
11,21,31
11,22,195
11,23,32
11,26,253
11,30,317
11,31,378
11,32,169
11,33,335
11,35,58
11,37,290
11,39,227
11,43,148
11,44,326
11,45,314
11,46,91
11,47,39
11,48,218
11,49,21
11,50,152
11,51,194
11,53,266
11,54,340
11,58,156
11,60,36
11,61,306
11,62,64
11,63,359
11,64,368
11,65,221
11,68,272
11,69,93
11,70,195
11,73,305
11,75,375
11,76,337
11,78,393
11,79,36
11,80,343
11,81,83
11,82,142
11,83,92
11,85,151
11,88,81
11,89,59
11,91,165
11,93,37
11,94,226
11,95,216
11,96,188
11,100,241
11,101,357
11,102,1
11,103,344
11,104,316
11,105,254
11,106,82
11,107,391
11,108,379
11,111,293
11,113,177
11,114,89
11,116,158
11,118,32
11,119,318
11,120,303
11,121,86
11,123,152
11,124,302
11,125,88
11,134,269
11,136,268
11,137,220
11,139,246
11,140,144
11,141,223
11,142,87
11,143,243
11,147,109
11,152,226
11,155,137
11,156,191
11,159,305
11,162,260
11,165,31
11,172,221
11,177,105
11,178,267
11,181,318
11,182,109
11,184,17
11,186,90
11,188,52
11,189,382
11,192,25
11,196,20
11,198,346
11,199,41
12,1,282
12,2,363
12,3,263
12,4,308
12,5,293
12,6,209
12,8,97
12,10,371
12,11,233
12,13,326
12,15,86
12,16,184
12,17,135
12,20,284
12,21,223
12,22,244
12,23,172
12,24,238
12,25,103
12,27,287
12,28,258
12,33,383
12,34,277
12,35,199
12,38,243
12,39,20
12,40,208
12,41,394
12,42,23
12,43,156
12,44,314
12,45,190
12,46,25
12,47,40
12,49,219
12,50,281
12,51,97
12,53,24
12,55,326
12,56,43
12,58,33
12,59,118
12,60,157
12,61,267
12,62,10
12,63,54
12,64,147
12,66,143
12,67,387
12,70,168
12,73,187
12,74,254
12,75,384
12,76,283
12,78,273
12,82,229
12,83,369
12,84,194
12,86,257
12,87,9
12,88,241
12,89,351
12,91,117
12,93,245
12,94,202
12,97,120
12,100,132
12,101,234
12,102,41
12,109,338
12,110,244
12,115,330
12,118,128
12,119,214
12,120,231
12,122,198
12,125,63
12,126,309
12,127,224
12,129,175
12,131,172
12,132,257
12,134,254
12,135,242
12,137,220
12,139,138
12,140,90
12,141,377
12,143,84
12,144,274
12,147,271
12,149,154
12,152,46
12,153,307
12,161,184
12,164,243
12,165,315
12,168,284
12,169,2
12,172,122
12,173,123
12,174,307
12,180,307
12,186,35
12,188,257
12,190,228
12,192,130
12,195,280
13,1,380
13,2,39
13,5,351
13,8,359
13,10,209
13,11,265
13,12,326
13,17,65
13,18,188
13,19,58
13,25,283
13,26,127
13,27,193
13,28,219
13,29,277
13,30,150
13,32,68
13,33,101
13,34,265
13,35,124
13,36,318
13,38,138
13,39,93
13,41,12
13,42,70
13,43,199
13,44,27
13,45,347
13,48,344
13,50,214
13,51,223
13,52,110
13,54,281
13,55,203
13,56,397
13,57,258
13,58,214
13,60,4
13,63,113
13,65,194
13,66,340
13,67,276
13,69,245
13,71,120
13,72,331
13,74,131
13,75,343
13,77,349
13,78,59
13,81,14
13,82,315
13,83,375
13,85,242
13,86,108
13,88,263
13,90,270
13,91,16
13,92,210
13,94,236
13,98,181
13,99,34
13,100,105
13,107,74
13,109,187
13,111,374
13,112,94
13,114,140
13,116,98
13,118,295
13,119,190
13,122,125
13,125,26
13,126,73
13,128,122
13,133,178
13,136,243
13,138,231
13,139,262
13,146,144
13,147,219
13,148,157
13,149,95
13,151,83
13,153,167
13,156,262
13,158,208
13,161,247
13,163,175
13,164,67
13,165,202
13,170,171
13,172,226
13,179,30
13,187,301
13,189,345
13,191,294
13,192,330
13,197,306
13,199,14
13,200,76
14,1,130
14,3,60
14,4,260
14,5,36
14,6,67
14,7,237
14,9,169
14,10,365
14,11,310
14,16,388
14,17,389
14,21,19
14,23,383
14,24,278
14,25,341
14,29,356
14,30,169
14,31,264
14,33,128
14,34,235
14,35,377
14,36,246
14,38,86
14,40,307
14,44,18
14,45,77
14,46,62
14,47,98
14,49,6
14,50,32
14,51,200
14,53,352
14,54,381
14,57,320
14,59,266
14,60,7
14,61,154
14,63,352
14,65,390
14,67,93
14,68,336
14,69,397
14,71,18
14,72,399
14,73,113
14,74,56
14,76,348
14,77,321
14,80,308
14,84,203
14,85,13
14,87,356
14,88,70
14,89,162
14,90,371
14,93,173
14,95,83
14,96,160
14,97,159
14,98,58
14,100,222
14,102,288
14,103,222
14,104,206
14,106,31
14,107,160
14,110,370
14,118,256
14,119,313
14,121,187
14,122,253
14,124,166
14,126,95
14,127,21
14,129,122
14,132,291
14,133,245
14,134,98
14,135,243
14,136,130
14,137,37
14,138,57
14,141,384
14,142,49
14,143,55
14,144,74
14,148,198
14,149,251
14,150,210
14,151,78
14,152,333
14,155,268
14,161,342
14,162,69
14,163,362
14,164,8
14,165,62
14,169,232
14,173,193
14,175,219
14,177,311
14,179,382
14,180,76
14,181,103
14,182,335
14,184,286
14,185,339
14,186,178
14,187,52
14,188,383
14,190,3
14,197,225
14,199,246
14,200,245
15,1,51
15,2,399
15,3,262
15,5,19
15,7,163
15,8,11
15,9,156
15,11,34
15,12,86
15,16,336
15,17,171
15,22,15
15,23,198
15,24,361
15,25,20
15,26,78
15,27,210
15,28,41
15,29,12
15,30,10
15,31,336
15,32,297
15,33,233
15,34,385
15,37,346
15,39,87
15,40,124
15,41,298
15,42,235
15,43,269
15,48,130
15,50,62
15,51,232
15,53,48
15,54,376
15,56,125
15,57,106
15,58,336
15,59,4
15,60,183
15,61,363
15,63,81
15,65,233
15,66,293
15,67,242
15,68,341
15,69,5
15,70,63
15,71,217
15,75,141
15,77,304
15,79,31
15,80,275
15,81,11
15,82,329
15,83,248
15,84,50
15,85,14
15,86,286
15,87,198
15,88,27
15,90,343
15,94,357
15,97,286
15,98,58
15,99,200
15,103,17
15,104,94
15,105,243
15,106,119
15,107,10
15,108,196
15,109,4
15,111,157
15,112,198
15,119,114
15,120,70
15,124,289
15,126,162
15,127,15
15,128,192
15,133,54
15,135,72
15,136,152
15,139,117
15,140,378
15,141,364
15,142,341
15,145,13
15,148,116
15,150,378
15,152,200
15,153,299
15,156,289
15,159,296
15,161,31
15,162,296
15,164,88
15,168,128
15,170,58
15,172,20
15,173,113
15,176,376
15,180,302
15,181,374
15,182,283
15,184,250
15,191,60
15,193,156
15,196,394
15,198,37
15,200,167
16,1,234
16,2,316
16,3,52
16,5,372
16,6,184
16,8,254
16,10,285
16,11,388
16,12,184
16,14,388
16,15,336
16,18,117
16,21,261
16,22,133
16,23,217
16,24,49
16,26,276
16,28,33
16,29,246
16,33,265
16,35,378
16,38,112
16,39,137
16,41,183
16,42,271
16,44,163
16,45,15
16,46,134
16,47,288
16,49,126
16,50,219
16,51,200
16,52,350
16,56,29
16,57,89
16,58,5
16,59,167
16,60,235
16,61,393
16,62,390
16,64,133
16,65,306
16,66,222
16,67,394
16,68,352
16,69,106
16,70,28
16,71,373
16,73,242
16,74,82
16,78,302
16,79,120
16,80,189
16,81,59
16,82,259
16,83,124
16,86,23
16,87,149
16,88,221
16,89,195
16,90,229
16,91,369
16,93,374
16,95,263
16,96,354
16,97,383
16,99,53
16,100,372
16,101,138
16,102,100
16,103,227
16,104,95
16,105,140
16,108,300
16,111,258
16,112,293
16,114,12
16,117,266
16,119,21
16,126,122
16,127,151
16,128,36
16,130,188
16,131,144
16,134,296
16,136,321
16,140,204
16,142,19
16,144,342
16,146,18
16,147,379
16,159,80
16,160,263
16,161,12
16,165,105
16,169,235
16,171,125
16,176,17
16,182,89
16,184,179
16,192,84
16,193,159
16,194,49
16,197,136
16,199,217
17,1,76
17,3,338
17,4,320
17,6,158
17,7,180
17,8,397
17,10,246
17,12,135
17,13,65
17,14,389
17,15,171
17,18,242
17,19,284
17,20,272
17,22,23
17,24,193
17,26,89
17,27,292
17,28,60
17,29,100
17,30,223
17,31,378
17,32,154
17,37,23
17,38,179
17,39,359
17,40,296
17,41,55
17,42,257
17,43,372
17,44,62
17,45,244
17,46,188
17,47,253
17,50,377
17,52,200
17,53,113
17,54,191
17,55,59
17,56,23
17,57,60
17,58,263
17,60,225
17,61,214
17,62,377
17,63,180
17,65,312
17,68,379
17,70,92
17,72,103
17,73,107
17,74,352
17,78,52
17,79,391
17,81,370
17,83,292
17,84,266
17,87,377
17,88,346
17,89,136
17,91,6
17,95,224
17,98,122
17,99,243
17,102,145
17,104,266
17,106,242
17,108,82
17,111,49
17,113,135
17,114,50
17,116,256
17,118,329
17,120,175
17,121,246
17,123,198
17,137,91
17,139,198
17,140,374
17,143,159
17,146,208
17,147,12
17,151,204
17,152,90
17,155,319
17,158,376
17,161,323
17,162,167
17,166,170
17,167,300
17,170,121
17,171,91
17,175,369
17,179,377
17,181,176
17,182,145
17,188,237
17,189,59
17,190,136
17,193,63
17,194,224
17,198,210
17,200,219
18,2,179
18,3,174
18,4,183
18,5,389
18,6,397
18,8,256
18,10,25
18,13,188
18,16,117
18,17,242
18,20,136
18,21,390
18,22,273
18,23,313
18,24,191
18,25,156
18,29,256
18,33,111
18,35,85
18,36,140
18,38,204
18,39,221
18,40,10
18,41,368
18,42,287
18,46,172
18,47,44
18,50,95
18,51,162
18,52,261
18,53,388
18,56,231
18,58,333
18,59,214
18,61,257
18,62,192
18,63,284
18,65,344
18,66,309
18,68,113
18,69,37
18,71,164
18,73,101
18,74,243
18,75,134
18,76,90
18,77,361
18,78,212
18,79,91
18,80,20
18,81,264
18,82,369
18,84,135
18,86,46
18,87,103
18,92,142
18,96,208
18,97,234
18,98,212
18,101,232
18,102,191
18,103,84
18,104,57
18,105,103
18,106,212
18,108,117
18,109,336
18,111,155
18,112,29
18,115,19
18,117,392
18,118,78
18,119,44
18,120,268
18,121,275
18,122,163
18,123,60
18,126,200
18,127,159
18,128,202
18,129,91
18,131,81
18,132,171
18,136,137
18,139,153
18,141,308
18,143,302
18,146,182
18,147,322
18,148,257
18,149,380
18,150,174
18,151,296
18,152,305
18,154,102
18,157,105
18,158,380
18,160,341
18,161,299
18,165,290
18,166,66
18,168,239
18,169,322
18,171,13
18,172,381
18,174,156
18,182,270
18,183,145
18,187,280
18,189,135
18,191,271
18,192,110
18,193,246
18,194,305
18,200,327
19,1,23
19,2,9
19,4,305
19,5,290
19,7,106
19,8,374
19,10,195
19,13,58
19,17,284
19,20,128
19,21,216
19,24,39
19,25,178
19,27,294
19,28,295
19,29,220
19,30,50
19,31,271
19,32,355
19,33,240
19,34,252
19,35,104
19,36,348
19,38,208
19,41,400
19,42,309
19,43,345
19,44,40
19,45,258
19,47,227
19,48,279
19,51,264
19,52,236
19,53,272
19,55,215
19,58,351
19,59,392
19,60,215
19,61,326
19,62,383
19,63,270
19,64,221
19,65,283
19,67,123
19,70,111
19,71,245
19,74,265
19,76,345
19,77,386
19,79,387
19,81,375
19,82,11
19,85,212
19,87,3
19,88,187
19,89,341
19,90,377
19,91,340
19,92,239
19,93,378
19,94,350
19,95,276
19,98,85
19,100,12
19,102,136
19,103,57
19,106,326
19,107,85
19,108,122
19,109,220
19,110,15
19,111,48
19,112,59
19,113,30
19,114,318
19,115,362
19,117,25
19,118,378
19,119,368
19,121,222
19,123,203
19,126,67
19,128,221
19,129,44
19,131,205
19,133,359
19,146,304
19,157,328
19,159,282
19,160,112
19,162,353
19,167,15
19,172,356
19,174,400
19,176,121
19,180,18
19,183,167
19,185,256
19,190,251
19,192,66
19,194,200
19,195,350
19,199,63
20,1,128
20,2,381
20,4,161
20,6,84
20,7,328
20,9,115
20,10,315
20,12,284
20,17,272
20,18,136
20,19,128
20,21,138
20,22,49
20,24,25
20,26,99
20,29,352
20,30,121
20,31,67
20,32,150
20,33,124
20,34,112
20,35,338
20,36,285
20,39,302
20,42,149
20,43,85
20,45,189
20,46,33
20,47,109
20,48,159
20,49,197
20,51,260
20,52,175
20,54,102
20,55,50
20,56,160
20,60,178
20,63,273
20,64,291
20,65,240
20,68,23
20,69,28
20,71,292
20,72,253
20,73,4
20,75,167
20,77,126
20,79,239
20,80,34
20,83,190
20,84,256
20,86,22
20,87,375
20,89,97
20,90,367
20,91,221
20,92,93
20,93,254
20,94,225
20,95,38
20,98,236
20,100,317
20,104,311
20,106,391
20,107,67
20,109,234
20,110,65
20,111,172
20,113,200
20,114,338
20,116,116
20,117,295
20,119,243
20,124,61
20,126,282
20,128,214
20,130,192
20,131,115
20,132,395
20,135,2
20,136,310
20,138,172
20,139,400
20,141,272
20,146,71
20,148,270
20,155,161
20,156,216
20,157,103
20,159,287
20,160,265
20,163,306
20,167,400
20,171,49
20,172,244
20,175,216
20,177,118
20,191,73
20,193,202
20,194,262
20,196,252
20,199,205
21,1,306
21,2,329
21,3,52
21,4,62
21,6,390
21,7,170
21,9,274
21,11,31
21,12,223
21,14,19
21,16,261
21,18,390
21,19,216
21,20,138
21,23,156
21,24,354
21,26,285
21,27,323
21,30,19
21,31,266
21,32,313
21,33,206
21,35,172
21,37,298
21,42,121
21,44,188
21,45,45
21,46,249
21,51,329
21,52,94
21,53,50
21,54,367
21,55,53
21,56,125
21,58,133
21,61,381
21,62,357
21,64,305
21,65,83
21,67,136
21,68,250
21,70,400
21,71,5
21,72,290
21,76,31
21,78,327
21,79,312
21,80,77
21,81,223
21,82,151
21,84,287
21,87,248
21,89,148
21,98,15
21,99,93
21,100,215
21,101,246
21,103,357
21,106,379
21,107,176
21,108,139
21,110,137
21,115,387
21,117,24
21,120,200
21,122,165
21,123,186
21,124,171
21,127,20
21,128,47
21,129,231
21,131,310
21,132,115
21,135,201
21,143,369
21,144,8
21,145,54
21,146,336
21,151,36
21,152,274
21,153,54
21,154,314
21,157,147
21,158,294
21,165,337
21,167,267
21,175,266
21,177,323
21,180,232
21,185,86
21,187,141
21,189,353
21,192,376
21,195,352
21,197,199
22,5,299
22,7,75
22,8,96
22,9,398
22,11,195
22,12,244
22,15,15
22,16,133
22,17,23
22,18,273
22,20,49
22,23,6
22,24,162
22,26,142
22,30,215
22,31,241
22,32,300
22,33,120
22,34,348
22,35,34
22,36,52
22,37,38
22,38,168
22,43,205
22,45,67
22,47,211
22,48,46
22,49,239
22,50,185
22,52,99
22,55,361
22,56,328
22,57,164
22,59,51
22,60,6
22,62,310
22,64,331
22,65,378
22,67,382
22,68,391
22,70,319
22,71,353
22,72,320
22,73,13
22,74,248
22,76,83
22,77,392
22,80,58
22,81,131
22,82,387
22,84,355
22,87,175
22,89,17
22,91,6
22,92,330
22,93,369
22,94,273
22,97,347
22,98,180
22,99,364
22,100,200
22,101,26
22,102,53
22,103,274
22,106,332
22,110,73
22,112,166
22,114,109
22,115,233
22,117,231
22,121,77
22,124,145
22,125,315
22,127,268
22,128,181
22,130,6
22,134,96
22,135,80
22,136,290
22,137,13
22,140,147
22,143,365
22,144,214
22,145,129
22,146,378
22,147,222
22,148,126
22,149,182
22,151,123
22,152,273
22,153,37
22,159,307
22,162,52
22,164,369
22,166,111
22,169,357
22,171,86
22,172,164
22,175,275
22,176,238
22,178,149
22,182,17
22,184,251
22,186,33
22,188,172
22,192,34
22,196,79
22,199,84
23,1,25
23,3,250
23,4,195
23,7,237
23,8,270
23,11,32
23,12,172
23,14,383
23,15,198
23,16,217
23,18,313
23,21,156
23,22,6
23,24,273
23,25,109
23,26,231
23,27,174
23,29,151
23,31,170
23,33,206
23,35,200
23,37,88
23,39,323
23,43,70
23,44,290
23,45,80
23,48,384
23,50,192
23,52,240
23,53,156
23,54,28
23,55,85
23,56,305
23,57,34
23,58,277
23,59,74
23,60,183
23,61,302
23,63,26
23,65,192
23,67,251
23,68,263
23,69,147
23,70,94
23,71,275
23,72,371
23,73,50
23,76,39
23,79,367
23,80,200
23,81,394
23,82,74
23,83,151
23,84,102
23,85,127
23,86,300
23,87,298
23,88,161
23,91,153
23,92,134
23,93,90
23,95,74
23,96,69
23,101,172
23,102,215
23,103,256
23,104,195
23,106,14
23,110,184
23,111,385
23,113,70
23,114,298
23,116,265
23,119,205
23,122,226
23,123,262
23,124,268
23,125,343
23,126,258
23,127,74
23,128,300
23,129,138
23,130,182
23,134,63
23,136,33
23,143,128
23,147,242
23,149,309
23,152,36
23,157,76
23,158,172
23,159,228
23,161,130
23,162,235
23,163,293
23,164,374
23,166,76
23,167,34
23,168,172
23,169,377
23,179,169
23,190,281
23,191,136
23,197,73
23,198,101
24,1,26
24,3,209
24,4,254
24,5,238
24,7,135
24,10,221
24,12,238
24,14,278
24,15,361
24,16,49
24,17,193
24,18,191
24,19,39
24,20,25
24,21,354
24,22,162
24,23,273
24,25,25
24,28,233
24,29,35
24,30,156
24,32,178
24,34,212
24,35,253
24,36,254
24,38,212
24,39,317
24,41,119
24,42,269
24,43,34
24,44,159
24,52,387
24,53,279
24,54,15
24,55,231
24,56,307
24,58,33
24,59,365
24,60,233
24,62,47
24,63,339
24,67,91
24,70,399
24,71,100
24,72,157
24,74,24
24,75,296
24,77,181
24,78,277
24,81,202
24,82,69
24,83,31
24,84,316
24,85,188
24,86,388
24,87,74
24,88,316
24,89,160
24,93,371
24,95,247
24,96,118
24,100,151
24,101,190
24,102,213
24,106,138
24,110,6
24,111,377
24,112,71
24,116,289
24,118,75
24,120,88
24,122,314
24,123,130
24,124,322
24,125,199
24,127,131
24,128,52
24,131,296
24,132,333
24,136,256
24,138,216
24,141,118
24,142,226
24,143,170
24,144,246
24,147,162
24,150,310
24,151,38
24,154,218
24,158,88
24,159,123
24,160,149
24,162,107
24,164,400
24,167,74
24,171,152
24,172,160
24,174,260
24,175,114
24,177,131
24,179,12
24,188,400
24,189,276
24,196,80
25,2,321
25,3,329
25,4,371
25,5,344
25,6,352
25,7,120
25,9,166
25,10,71
25,12,103
25,13,283
25,14,341
25,15,20
25,18,156
25,19,178
25,23,109
25,24,25
25,26,237
25,28,18
25,29,138
25,30,393
25,31,268
25,32,223
25,33,271
25,34,227
25,35,90
25,37,126
25,38,237
25,40,18
25,42,130
25,43,47
25,47,223
25,48,361
25,49,237
25,50,386
25,51,10
25,52,278
25,53,151
25,59,194
25,60,352
25,62,277
25,63,188
25,67,317
25,68,223
25,70,248
25,72,345
25,73,115
25,76,311
25,77,167
25,81,288
25,82,279
25,85,56
25,86,125
25,87,124
25,88,210
25,92,120
25,93,284
25,101,9
25,104,293
25,105,282
25,106,239
25,107,372
25,108,109
25,110,211
25,112,279
25,115,123
25,116,132
25,117,242
25,119,228
25,122,40
25,124,347
25,130,64
25,132,335
25,133,363
25,139,168
25,140,387
25,141,99
25,142,97
25,149,380
25,151,152
25,152,399
25,155,194
25,157,240
25,159,321
25,164,162
25,165,61
25,166,46
25,167,96
25,169,208
25,170,380
25,171,245
25,173,223
25,174,24
25,177,87
25,180,170
25,182,353
25,187,130
25,188,279
25,192,80
25,194,61
25,198,173
26,1,379
26,2,376
26,3,203
26,4,301
26,5,50
26,6,291
26,7,260
26,8,314
26,10,309
26,11,253
26,13,127
26,15,78
26,16,276
26,17,89
26,20,99
26,21,285
26,22,142
26,23,231
26,25,237
26,27,193
26,28,214
26,29,201
26,30,163
26,32,359
26,33,236
26,36,123
26,39,351
26,40,20
26,41,213
26,43,97
26,44,115
26,45,398
26,46,221
26,48,109
26,49,248
26,51,398
26,52,181
26,53,289
26,54,4
26,55,55
26,57,254
26,61,212
26,62,180
26,63,72
26,64,394
26,65,290
26,66,286
26,67,378
26,68,21
26,70,226
26,71,328
26,72,180
26,73,242
26,75,380
26,76,155
26,77,100
26,79,202
26,80,94
26,81,251
26,84,100
26,85,220
26,87,330
26,88,166
26,89,209
26,90,174
26,91,99
26,92,87
26,93,153
26,94,399
26,97,305
26,98,368
26,99,388
26,101,59
26,103,387
26,107,289
26,109,394
26,115,356
26,117,140
26,118,125
26,119,389
26,121,366
26,123,111
26,124,239
26,126,159
26,127,394
26,128,270
26,130,342
26,132,330
26,134,117
26,135,129
26,138,349
26,141,374
26,143,301
26,147,294
26,148,184
26,150,240
26,152,398
26,153,393
26,154,177
26,165,59
26,167,356
26,169,395
26,171,298
26,173,329
26,175,356
26,176,339
26,181,306
26,182,16
26,184,173
26,185,236
26,186,303
26,187,4
26,188,80
26,189,116
26,190,141
26,194,25
26,195,55
27,1,372
27,2,26
27,3,163
27,4,30
27,6,110
27,8,359
27,9,329
27,10,322
27,12,287
27,13,193
27,15,210
27,17,292
27,19,294
27,21,323
27,23,174
27,26,193
27,28,241
27,29,22
27,30,297
27,34,368
27,35,166
27,38,351
27,40,305
27,41,277
27,42,120
27,43,282
27,45,13
27,47,241
27,48,39
27,49,155
27,55,328
27,56,84
27,57,219
27,58,383
27,59,57
27,60,7
27,63,303
27,64,179
27,65,297
27,66,206
27,67,283
27,69,106
27,70,348
27,71,335
27,72,50
27,73,117
27,74,259
27,75,302
27,77,266
27,81,124
27,82,320
27,83,378
27,84,194
27,86,112
27,88,74
27,89,365
27,90,70
27,91,320
27,92,312
27,93,250
27,95,73
27,97,79
27,98,230
27,99,198
27,103,115
27,105,298
27,108,159
27,109,6
27,110,214
27,111,156
27,114,322
27,116,252
27,117,383
27,120,165
27,121,123
27,123,371
27,125,66
27,126,333
27,138,51
27,140,242
27,142,325
27,145,123
27,147,344
27,149,86
27,155,196
27,158,90
27,161,358
27,162,260
27,163,354
27,168,367
27,169,179
27,170,48
27,175,35
27,178,62
27,181,107
27,185,86
27,187,310
27,188,15
27,194,272
27,195,67
27,200,347
28,2,8
28,3,184
28,4,23
28,5,143
28,6,171
28,7,171
28,8,23
28,10,393
28,12,258
28,13,219
28,15,41
28,16,33
28,17,60
28,19,295
28,24,233
28,25,18
28,26,214
28,27,241
28,29,272
28,30,81
28,32,8
28,34,23
28,36,103
28,37,9
28,38,321
28,39,35
28,40,49
28,44,247
28,49,253
28,50,227
28,53,371
28,55,147
28,57,5
28,58,341
28,59,196
28,61,332
28,64,302
28,66,93
28,69,160
28,70,301
28,71,242
28,73,86
28,75,142
28,76,26
28,77,377
28,78,326
28,79,176
28,80,47
28,83,348
28,85,212
28,86,360
28,88,309
28,90,261
28,91,377
28,93,312
28,94,120
28,95,328
28,105,197
28,108,225
28,109,197
28,110,375
28,112,350
28,113,23
28,114,266
28,117,92
28,118,248
28,120,253
28,122,221
28,124,248
28,125,57
28,126,63
28,128,271
28,130,102
28,132,162
28,134,305
28,135,212
28,136,36
28,137,222
28,139,225
28,140,362
28,143,230
28,144,22
28,145,129
28,147,181
28,152,323
28,154,186
28,156,240
28,162,282
28,165,271
28,167,40
28,169,326
28,172,391
28,173,206
28,175,6
28,176,262
28,179,377
28,188,55
28,189,115
28,191,351
28,194,115
28,196,228
28,197,184
28,198,96
28,199,201
29,2,75
29,3,296
29,4,136
29,7,174
29,8,400
29,9,287
29,13,277
29,14,356
29,15,12
29,16,246
29,17,100
29,18,256
29,19,220
29,20,352
29,23,151
29,24,35
29,25,138
29,26,201
29,27,22
29,28,272
29,30,202
29,31,42
29,32,112
29,34,157
29,36,97
29,37,213
29,40,169
29,41,191
29,42,97
29,45,303
29,47,114
29,49,31
29,50,277
29,51,233
29,52,78
29,53,235
29,54,93
29,56,215
29,61,321
29,62,167
29,65,161
29,66,110
29,67,136
29,69,8
29,70,181
29,74,274
29,75,246
29,77,317
29,79,166
29,80,159
29,81,328
29,83,125
29,84,173
29,85,14
29,86,179
29,87,87
29,89,82
29,90,392
29,91,277
29,95,258
29,96,304
29,97,278
29,99,201
29,101,86
29,102,103
29,104,164
29,105,74
29,107,339
29,108,60
29,109,352
29,110,134
29,112,188
29,113,68
29,114,62
29,117,266
29,118,16
29,120,305
29,125,124
29,126,45
29,127,96
29,128,166
29,129,252
29,134,185
29,137,399
29,139,1
29,141,336
29,143,389
29,144,337
29,147,171
29,148,143
29,150,22
29,151,6
29,156,393
29,158,135
29,160,99
29,163,183
29,166,152
29,167,225
29,170,170
29,171,294
29,174,103
29,180,170
29,181,162
29,182,115
29,185,137
29,189,206
29,200,36
30,2,55
30,3,346
30,4,250
30,6,181
30,7,297
30,8,80
30,9,60
30,11,317
30,13,150
30,14,169
30,15,10
30,17,223
30,19,50
30,20,121
30,21,19
30,22,215
30,24,156
30,25,393
30,26,163
30,27,297
30,28,81
30,29,202
30,31,72
30,32,177
30,33,58
30,34,152
30,35,373
30,36,11
30,38,296
30,39,10
30,40,397
30,41,359
30,42,242
30,43,33
30,46,209
30,48,17
30,49,208
30,50,288
30,53,94
30,54,383
30,55,335
30,56,123
30,57,181
30,61,299
30,62,248
30,63,252
30,64,92
30,67,70
30,69,249
30,70,371
30,71,258
30,72,295
30,73,390
30,74,95
30,75,135
30,76,68
30,77,49
30,78,115
30,79,166
30,82,225
30,83,62
30,84,361
30,85,312
30,87,65
30,88,234
30,90,264
30,91,259
30,94,91
30,96,200
30,97,309
30,98,371
30,99,398
30,100,306
30,101,11
30,102,72
30,103,330
30,105,200
30,106,321
30,107,309
30,108,396
30,110,348
30,113,130
30,119,261
30,120,300
30,121,202
30,122,236
30,123,339
30,124,58
30,128,189
30,133,134
30,134,191
30,135,154
30,136,150
30,138,15
30,140,238
30,141,239
30,143,18
30,148,181
30,151,289
30,152,182
30,154,26
30,155,252
30,156,114
30,157,177
30,159,361
30,163,185
30,164,150
30,166,8
30,170,176
30,179,51
30,183,243
30,184,162
30,187,206
30,194,214
30,195,387
31,2,151
31,3,54
31,6,256
31,7,157
31,8,114
31,9,305
31,10,116
31,11,378
31,14,264
31,15,336
31,17,378
31,19,271
31,20,67
31,21,266
31,22,241
31,23,170
31,25,268
31,29,42
31,30,72
31,32,87
31,33,19
31,34,201
31,39,62
31,41,207
31,43,269
31,44,33
31,45,195
31,47,4
31,48,333
31,50,34
31,51,179
31,52,325
31,53,189
31,55,214
31,56,393
31,57,371
31,58,96
31,59,179
31,62,319
31,63,237
31,64,207
31,65,76
31,66,199
31,67,5
31,68,353
31,69,199
31,70,163
31,71,119
31,73,375
31,74,299
31,75,340
31,77,347
31,78,284
31,79,169
31,80,1
31,82,278
31,85,396
31,89,318
31,90,329
31,93,168
31,98,52
31,101,342
31,102,214
31,103,313
31,108,152
31,109,340
31,112,72
31,113,49
31,114,314
31,115,281
31,117,371
31,118,335
31,120,398
31,123,85
31,125,241
31,126,91
31,128,103
31,130,176
31,131,127
31,132,81
31,133,311
31,135,66
31,140,52
31,141,30
31,144,277
31,145,276
31,147,88
31,150,336
31,153,308
31,160,280
31,165,199
31,166,105
31,170,220
31,172,233
31,175,282
31,178,194
31,182,298
31,183,134
31,184,192
31,185,104
31,186,81
31,192,369
31,194,54
32,1,371
32,2,200
32,5,65
32,7,97
32,10,168
32,11,169
32,13,68
32,15,297
32,17,154
32,19,355
32,20,150
32,21,313
32,22,300
32,24,178
32,25,223
32,26,359
32,28,8
32,29,112
32,30,177
32,31,87
32,34,228
32,35,254
32,36,3
32,38,53
32,39,231
32,40,212
32,42,105
32,43,46
32,44,362
32,47,264
32,48,170
32,50,182
32,51,175
32,52,9
32,53,398
32,54,215
32,56,254
32,57,167
32,58,131
32,59,187
32,60,84
32,61,233
32,62,195
32,63,317
32,64,357
32,65,214
32,66,211
32,67,252
32,68,237
32,69,101
32,70,327
32,71,265
32,72,17
32,73,106
32,74,97
32,76,311
32,78,109
32,79,210
32,83,224
32,84,224
32,90,314
32,92,305
32,94,74
32,97,320
32,99,98
32,100,350
32,103,242
32,105,384
32,107,257
32,110,39
32,112,226
32,113,19
32,114,310
32,115,75
32,120,109
32,123,12
32,125,157
32,127,400
32,129,283
32,132,250
32,135,273
32,137,302
32,139,78
32,144,131
32,146,276
32,147,366
32,151,54
32,155,240
32,156,134
32,158,101
32,160,215
32,170,150
32,172,294
32,173,45
32,174,203
32,176,369
32,177,318
32,180,7
32,181,15
32,184,97
32,187,382
32,189,235
32,193,238
32,194,300
32,198,308
33,1,345
33,3,237
33,4,372
33,5,95
33,6,291
33,7,348
33,9,228
33,11,335
33,12,383
33,13,101
33,14,128
33,15,233
33,16,265
33,18,111
33,19,240
33,20,124
33,21,206
33,22,120
33,23,206
33,25,271
33,26,236
33,30,58
33,31,19
33,34,129
33,36,1
33,38,184
33,39,19
33,42,275
33,43,166
33,44,247
33,45,195
33,49,185
33,50,182
33,51,76
33,52,290
33,53,126
33,54,151
33,55,63
33,57,19
33,59,171
33,60,293
33,62,27
33,63,203
33,67,192
33,69,364
33,71,203
33,73,248
33,75,375
33,76,359
33,77,226
33,78,61
33,80,362
33,81,109
33,83,31
33,84,322
33,85,70
33,87,365
33,88,161
33,89,220
33,92,365
33,95,243
33,98,331
33,99,157
33,102,238
33,105,132
33,107,126
33,108,156
33,109,103
33,112,138
33,115,134
33,117,238
33,118,284
33,119,147
33,120,23
33,121,341
33,123,256
33,125,235
33,126,334
33,135,303
33,138,129
33,141,94
33,142,113
33,145,139
33,149,368
33,154,175
33,155,305
33,157,125
33,159,279
33,160,101
33,163,104
33,165,42
33,167,127
33,168,15
33,169,226
33,171,253
33,172,186
33,177,133
33,178,199
33,184,335
33,186,335
33,189,206
33,192,291
33,196,149
33,199,279
34,2,393
34,4,29
34,7,98
34,8,60
34,9,400
34,12,277
34,13,265
34,14,235
34,15,385
34,19,252
34,20,112
34,22,348
34,24,212
34,25,227
34,27,368
34,28,23
34,29,157
34,30,152
34,31,201
34,32,228
34,33,129
34,36,364
34,37,166
34,38,91
34,39,32
34,40,170
34,41,204
34,42,266
34,43,400
34,47,207
34,48,294
34,50,131
34,51,209
34,52,143
34,55,252
34,56,28
34,60,180
34,62,77
34,65,278
34,67,312
34,68,332
34,70,358
34,73,262
34,74,90
34,75,13
34,76,300
34,78,304
34,79,243
34,80,230
34,81,76
34,82,290
34,83,111
34,84,66
34,85,92
34,87,225
34,89,259
34,92,80
34,97,294
34,99,206
34,100,109
34,101,108
34,102,208
34,104,76
34,106,73
34,108,179
34,109,349
34,110,246
34,112,313
34,113,359
34,116,11
34,118,22
34,119,26
34,122,245
34,123,281
34,127,345
34,128,4
34,130,229
34,132,139
34,137,102
34,138,127
34,140,389
34,141,91
34,143,161
34,144,231
34,145,296
34,147,216
34,150,319
34,153,98
34,154,67
34,157,206
34,160,43
34,161,267
34,163,244
34,164,360
34,165,141
34,170,309
34,173,241
34,176,188
34,177,60
34,178,207
34,179,92
34,185,369
34,186,123
34,187,17
34,189,225
34,196,223
34,197,140
34,198,172
34,200,171
35,2,19
35,3,282
35,4,87
35,6,342
35,7,128
35,8,230
35,11,58
35,12,199
35,13,124
35,14,377
35,16,378
35,18,85
35,19,104
35,20,338
35,21,172
35,22,34
35,23,200
35,24,253
35,25,90
35,27,166
35,30,373
35,32,254
35,36,381
35,38,119
35,41,119
35,43,367
35,44,110
35,45,393
35,47,333
35,48,223
35,49,365
35,51,258
35,54,71
35,55,273
35,57,50
35,58,166
35,60,159
35,61,195
35,62,52
35,63,269
35,64,277
35,65,206
35,66,362
35,68,373
35,69,149
35,72,200
35,74,381
35,75,104
35,76,303
35,78,384
35,79,60
35,81,284
35,82,273
35,83,314
35,85,371
35,86,47
35,89,45
35,91,363
35,95,291
35,97,266
35,98,88
35,101,78
35,104,304
35,106,6
35,107,239
35,109,4
35,110,80
35,111,317
35,112,115
35,114,156
35,115,367
35,116,266
35,120,102
35,121,189
35,122,314
35,124,83
35,126,207
35,127,9
35,130,362
35,131,252
35,133,304
35,140,324
35,142,308
35,143,186
35,144,276
35,150,260
35,152,48
35,154,169
35,155,62
35,156,2
35,157,327
35,158,115
35,160,183
35,162,360
35,163,92
35,166,381
35,167,390
35,168,235
35,173,152
35,176,212
35,177,294
35,182,259
35,186,366
35,187,168
35,194,265
35,196,107
35,198,65
35,199,72
36,2,245
36,3,265
36,4,197
36,5,237
36,6,89
36,7,333
36,9,73
36,13,318
36,14,246
36,18,140
36,19,348
36,20,285
36,22,52
36,24,254
36,26,123
36,28,103
36,29,97
36,30,11
36,32,3
36,33,1
36,34,364
36,35,381
36,37,374
36,38,77
36,39,101
36,44,357
36,45,235
36,48,96
36,49,10
36,50,340
36,52,183
36,53,330
36,55,241
36,56,64
36,57,310
36,58,170
36,60,275
36,61,243
36,63,355
36,64,359
36,67,337
36,70,113
36,71,232
36,72,295
36,73,251
36,74,342
36,79,35
36,80,329
36,81,272
36,84,389
36,85,128
36,86,333
36,88,290
36,89,25
36,91,301
36,92,273
36,96,302
36,97,38
36,100,84
36,104,169
36,105,71
36,106,186
36,108,56
36,110,43
36,112,112
36,117,323
36,119,157
36,122,274
36,124,52
36,126,238
36,130,90
36,133,206
36,134,278
36,135,45
36,141,140
36,144,28
36,146,165
36,148,77
36,149,8
36,151,329
36,153,107
36,155,225
36,159,119
36,160,250
36,165,186
36,166,56
36,172,276
36,174,359
36,176,28
36,177,199
36,178,104
36,182,326
36,183,99
36,184,272
36,185,384
36,188,155
36,189,337
36,192,374
36,195,200
36,196,376
36,197,186
36,199,123
37,1,10
37,2,280
37,3,378
37,4,69
37,5,279
37,6,162
37,7,161
37,8,269
37,9,362
37,10,157
37,11,290
37,15,346
37,17,23
37,21,298
37,22,38
37,23,88
37,25,126
37,28,9
37,29,213
37,34,166
37,36,374
37,39,301
37,40,102
37,41,162
37,42,356
37,45,167
37,46,204
37,47,241
37,48,374
37,49,54
37,50,25
37,55,220
37,56,304
37,58,364
37,59,22
37,61,277
37,64,206
37,65,157
37,66,54
37,67,37
37,70,282
37,72,347
37,74,253
37,75,249
37,76,175
37,77,262
37,79,175
37,80,331
37,81,42
37,82,361
37,84,306
37,85,238
37,89,39
37,90,146
37,91,32
37,92,155
37,94,371
37,96,321
37,97,14
37,99,49
37,100,164
37,103,137
37,105,334
37,107,240
37,108,48
37,109,221
37,111,306
37,117,34
37,120,332
37,121,260
37,122,87
37,123,103
37,124,250
37,126,155
37,129,187
37,132,186
37,133,314
37,134,343
37,140,47
37,144,383
37,146,152
37,149,63
37,156,118
37,160,12
37,163,308
37,164,168
37,166,315
37,171,146
37,173,333
37,174,316
37,178,290
37,180,327
37,184,297
37,185,281
37,186,385
37,191,182
37,196,12
38,1,188
38,2,75
38,3,86
38,8,178
38,9,2
38,10,350
38,12,243
38,13,138
38,14,86
38,16,112
38,17,179
38,18,204
38,19,208
38,22,168
38,24,212
38,25,237
38,27,351
38,28,321
38,30,296
38,32,53
38,33,184
38,34,91
38,35,119
38,36,77
38,40,213
38,41,102
38,43,352
38,46,117
38,47,382
38,50,280
38,52,99
38,55,322
38,56,346
38,57,148
38,58,261
38,59,83
38,60,123
38,62,384
38,63,22
38,64,378
38,65,186
38,66,23
38,68,269
38,69,262
38,71,331
38,72,196
38,74,201
38,75,9
38,76,340
38,78,372
38,79,127
38,80,313
38,81,143
38,82,386
38,83,354
38,84,211
38,86,247
38,90,39
38,91,78
38,93,206
38,95,221
38,97,388
38,100,91
38,101,288
38,103,339
38,106,220
38,107,257
38,109,17
38,114,253
38,117,190
38,118,153
38,119,145
38,120,43
38,123,232
38,126,380
38,130,61
38,132,153
38,133,226
38,139,45
38,140,174
38,145,169
38,146,308
38,147,371
38,149,143
38,153,110
38,156,4
38,157,374
38,158,91
38,159,297
38,163,205
38,170,114
38,175,144
38,176,36
38,177,113
38,183,105
38,184,140
38,189,74
38,191,57
38,192,52
38,193,230
38,194,342
38,196,319
38,200,265
39,2,320
39,5,87
39,6,136
39,7,33
39,8,330
39,11,227
39,12,20
39,13,93
39,15,87
39,16,137
39,17,359
39,18,221
