source,target,weight
1,2,161
1,4,124
1,5,391
1,6,138
1,7,316
1,8,256
1,9,123
1,10,267
1,12,341
1,13,265
1,14,368
1,15,10
1,16,127
1,17,123
1,19,195
1,20,362
1,21,179
1,22,65
1,23,129
1,24,242
1,25,261
1,26,70
1,28,117
1,29,201
1,31,314
1,33,178
1,34,292
1,36,333
1,37,358
1,39,263
1,40,67
1,43,378
1,44,210
1,46,311
1,48,137
1,50,248
1,51,300
1,52,115
1,54,259
1,55,220
1,56,379
1,58,247
1,60,286
1,61,129
1,62,218
1,65,144
1,67,327
1,68,141
1,69,28
1,70,104
1,72,42
1,73,369
1,74,321
1,78,197
1,80,365
1,81,92
1,88,228
1,89,179
1,90,306
1,93,326
1,94,253
1,95,55
1,97,231
1,98,377
1,99,343
1,100,45
1,103,388
1,104,272
1,105,8
1,107,249
1,108,310
1,113,210
1,115,349
1,118,368
1,120,269
1,122,85
1,123,12
1,124,372
1,126,6
1,128,129
1,132,97
1,134,161
1,137,153
1,139,182
1,140,311
1,143,46
1,146,224
1,152,363
1,156,61
1,160,68
1,161,330
1,162,231
1,163,86
1,167,173
1,169,249
1,172,316
1,173,128
1,174,58
1,175,142
1,177,65
1,178,59
1,182,348
1,187,194
1,196,362
1,197,183
1,200,144
2,1,161
2,3,120
2,4,335
2,5,192
2,6,324
2,8,346
2,11,329
2,12,180
2,14,83
2,15,71
2,16,349
2,18,165
2,20,265
2,21,274
2,22,4
2,24,303
2,25,150
2,26,90
2,27,214
2,28,150
2,30,103
2,32,360
2,33,269
2,34,225
2,35,339
2,36,157
2,37,30
2,38,360
2,39,113
2,41,123
2,42,241
2,43,381
2,44,155
2,45,30
2,47,347
2,48,264
2,51,102
2,54,314
2,55,50
2,56,241
2,60,167
2,62,53
2,63,334
2,64,316
2,65,354
2,66,357
2,67,373
2,68,288
2,70,52
2,73,258
2,74,299
2,76,110
2,77,389
2,78,252
2,79,11
2,81,273
2,83,309
2,85,141
2,86,399
2,87,54
2,88,79
2,89,289
2,90,2
2,91,219
2,94,247
2,95,40
2,97,303
2,102,53
2,104,166
2,110,334
2,111,203
2,112,296
2,115,286
2,118,134
2,119,330
2,120,358
2,124,318
2,128,160
2,129,222
2,131,2
2,134,231
2,136,151
2,137,230
2,139,312
2,140,339
2,142,57
2,144,293
2,145,26
2,150,83
2,156,148
2,159,391
2,161,327
2,162,208
2,163,386
2,164,189
2,168,260
2,169,241
2,172,128
2,174,218
2,178,249
2,182,344
2,187,200
2,190,143
2,191,18
2,195,287
3,2,120
3,4,127
3,6,109
3,9,202
3,10,334
3,11,135
3,12,283
3,13,224
3,14,146
3,15,214
3,16,215
3,17,264
3,19,270
3,20,118
3,22,303
3,28,236
3,29,97
3,30,364
3,31,352
3,32,172
3,34,276
3,35,44
3,36,151
3,37,227
3,39,263
3,41,303
3,43,128
3,44,68
3,45,357
3,46,382
3,47,362
3,49,334
3,50,59
3,51,21
3,54,81
3,55,355
3,56,55
3,57,134
3,58,150
3,60,376
3,61,284
3,62,100
3,63,109
3,65,123
3,66,275
3,67,272
3,70,90
3,71,101
3,72,164
3,73,164
3,75,46
3,78,144
3,79,204
3,82,270
3,84,386
3,86,200
3,87,18
3,88,231
3,89,345
3,91,114
3,92,73
3,94,284
3,95,346
3,97,181
3,98,227
3,99,41
3,100,10
3,105,167
3,106,246
3,109,74
3,110,394
3,112,29
3,114,107
3,116,104
3,117,341
3,118,105
3,119,295
3,121,231
3,123,380
3,125,236
3,130,123
3,133,170
3,134,316
3,135,272
3,136,12
3,146,172
3,148,298
3,151,266
3,153,115
3,164,306
3,168,203
3,170,299
3,173,81
3,184,237
3,187,128
3,192,168
4,1,124
4,2,335
4,3,127
4,5,149
4,6,153
4,7,142
4,8,100
4,9,12
4,10,251
4,11,25
4,13,392
4,14,275
4,16,114
4,17,15
4,18,373
4,20,244
4,23,127
4,24,75
4,25,354
4,27,306
4,28,3
4,29,159
4,30,353
4,31,361
4,32,208
4,33,281
4,35,198
4,37,286
4,39,108
4,41,225
4,42,181
4,43,48
4,45,96
4,46,220
4,47,340
4,48,300
4,49,102
4,50,289
4,51,225
4,52,36
4,53,222
4,56,247
4,58,83
4,60,334
4,62,193
4,64,122
4,65,351
4,66,230
4,67,27
4,68,129
4,69,117
4,70,87
4,71,207
4,72,382
4,73,396
4,76,392
4,77,62
4,78,368
4,79,226
4,80,37
4,83,353
4,84,298
4,85,128
4,87,36
4,88,286
4,94,343
4,97,271
4,98,90
4,99,48
4,100,289
4,101,242
4,102,202
4,103,257
4,105,58
4,106,157
4,115,80
4,117,185
4,118,108
4,119,50
4,120,349
4,121,311
4,125,364
4,128,176
4,129,304
4,132,238
4,136,213
4,138,315
4,140,382
4,142,387
4,144,47
4,146,355
4,147,355
4,148,6
4,151,270
4,157,187
4,158,118
4,163,49
4,166,178
4,167,221
4,169,304
4,171,37
4,174,121
4,178,280
4,181,135
4,182,67
4,183,214
4,184,73
4,185,53
4,186,262
4,187,62
4,191,231
4,195,372
4,199,343
5,1,391
5,2,192
5,4,149
5,7,373
5,11,345
5,12,335
5,13,72
5,14,397
5,15,51
5,16,81
5,17,124
5,19,79
5,20,227
5,21,64
5,23,302
5,26,331
5,27,79
5,29,274
5,33,396
5,34,104
5,36,191
5,37,156
5,39,176
5,41,196
5,42,118
5,43,343
5,46,161
5,49,57
5,50,212
5,53,311
5,55,78
5,56,311
5,57,245
5,58,144
5,59,386
5,60,26
5,61,62
5,62,220
5,63,364
5,64,198
5,65,328
5,66,151
5,69,260
5,70,352
5,71,250
5,72,191
5,74,38
5,76,381
5,79,12
5,80,37
5,81,198
5,84,302
5,85,131
5,86,372
5,87,309
5,88,318
5,89,41
5,90,174
5,92,174
5,95,270
5,97,380
5,98,97
5,99,188
5,103,202
5,106,43
5,107,177
5,110,24
5,111,143
5,112,49
5,113,373
5,117,222
5,118,14
5,119,171
5,120,209
5,125,226
5,127,325
5,128,170
5,135,252
5,140,246
5,147,91
5,149,289
5,150,373
5,151,349
5,153,16
5,155,88
5,156,143
5,157,383
5,158,202
5,160,244
5,163,28
5,164,359
5,166,92
5,171,312
5,173,203
5,178,350
5,180,157
5,182,246
5,186,50
5,191,328
5,193,269
5,197,74
6,1,138
6,2,324
6,3,109
6,4,153
6,7,286
6,8,129
6,9,383
6,10,166
6,12,397
6,14,339
6,15,79
6,16,329
6,18,2
6,19,10
6,20,395
6,21,211
6,22,381
6,24,165
6,25,19
6,27,63
6,28,399
6,29,243
6,30,313
6,31,20
6,32,283
6,34,296
6,38,303
6,39,175
6,41,249
6,42,20
6,43,239
6,46,63
6,47,31
6,48,249
6,49,56
6,50,359
6,51,248
6,53,37
6,54,13
6,55,218
6,60,209
6,62,112
6,63,159
6,65,80
6,66,156
6,67,296
6,68,300
6,69,219
6,70,195
6,71,286
6,72,258
6,75,393
6,76,355
6,77,129
6,78,204
6,79,222
6,80,59
6,81,188
6,82,235
6,83,380
6,84,30
6,85,256
6,86,89
6,88,302
6,90,361
6,91,377
6,93,118
6,98,111
6,102,317
6,103,375
6,104,163
6,105,244
6,109,330
6,111,146
6,113,344
6,115,17
6,116,379
6,119,159
6,120,201
6,122,312
6,123,125
6,126,183
6,127,266
6,133,137
6,135,222
6,136,274
6,141,343
6,146,126
6,147,10
6,149,296
6,150,392
6,151,11
6,152,236
6,155,81
6,161,114
6,163,104
6,165,2
6,167,227
6,171,219
6,172,255
6,178,385
6,182,64
6,187,227
6,188,378
6,191,302
6,192,84
6,194,27
6,195,42
7,1,316
7,4,142
7,5,373
7,6,286
7,10,94
7,11,242
7,12,78
7,15,94
7,17,7
7,21,339
7,22,39
7,23,149
7,24,141
7,25,49
7,27,3
7,29,265
7,30,68
7,32,237
7,33,99
7,40,179
7,42,378
7,43,136
7,45,33
7,47,347
7,50,117
7,52,241
7,53,273
7,54,117
7,56,321
7,57,133
7,59,161
7,60,80
7,61,378
7,65,127
7,66,167
7,67,155
7,68,389
7,69,24
7,72,262
7,74,60
7,77,276
7,79,32
7,80,326
7,81,106
7,82,1
7,83,81
7,85,1
7,86,32
7,90,266
7,92,318
7,93,261
7,96,8
7,99,120
7,102,265
7,104,343
7,105,380
7,108,78
7,109,253
7,110,296
7,111,385
7,114,216
7,115,339
7,118,83
7,121,115
7,124,1
7,126,123
7,132,75
7,133,170
7,134,366
7,135,217
7,136,283
7,138,158
7,140,26
7,142,214
7,145,196
7,146,275
7,148,395
7,150,289
7,153,337
7,157,103
7,158,111
7,159,186
7,162,195
7,164,321
7,166,192
7,167,129
7,169,313
7,174,323
7,175,264
7,177,311
7,178,178
7,181,234
7,188,319
7,191,37
7,194,32
7,195,49
7,196,230
7,200,180
8,1,256
8,2,346
8,4,100
8,6,129
8,9,317
8,10,35
8,11,290
8,12,159
8,13,333
8,14,68
8,15,114
8,16,343
8,18,211
8,20,96
8,21,235
8,22,84
8,23,225
8,24,265
8,25,68
8,26,323
8,27,206
8,28,235
8,29,222
8,32,338
8,36,267
8,37,204
8,39,92
8,42,156
8,43,295
8,44,133
8,46,227
8,47,118
8,49,72
8,51,235
8,52,296
8,53,153
8,54,318
8,59,265
8,60,235
8,61,17
8,62,85
8,63,185
8,64,307
8,66,210
8,67,328
8,68,111
8,74,295
8,75,308
8,76,214
8,77,307
8,80,232
8,81,211
8,82,108
8,83,293
8,87,282
8,88,116
8,89,275
8,91,176
8,92,240
8,94,75
8,95,146
8,97,309
8,98,261
8,102,87
8,107,173
8,108,81
8,109,174
8,113,335
8,114,378
8,115,299
8,118,239
8,120,201
8,123,55
8,125,287
8,127,225
8,128,116
8,134,347
8,135,16
8,139,21
8,140,176
8,144,297
8,145,370
8,147,3
8,148,255
8,150,263
8,151,327
8,161,344
8,167,366
8,168,75
8,169,61
8,178,116
8,179,186
8,181,120
8,183,372
8,184,14
8,187,142
8,192,175
8,195,228
8,197,264
8,200,87
9,1,123
9,3,202
9,4,12
9,6,383
9,8,317
9,10,120
9,13,164
9,14,9
9,16,22
9,17,24
9,18,119
9,19,17
9,20,337
9,21,217
9,22,33
9,23,233
9,24,204
9,27,200
9,28,379
9,29,17
9,31,120
9,32,129
9,33,281
9,34,312
9,36,136
9,37,94
9,38,100
9,39,200
9,40,29
9,41,145
9,42,398
9,43,152
9,45,104
9,46,3
9,47,89
9,49,104
9,50,13
9,52,251
9,53,270
9,54,67
9,58,199
9,59,45
9,60,339
9,61,84
9,62,93
9,63,239
9,64,276
9,65,18
9,66,135
9,72,326
9,73,283
9,74,264
9,75,181
9,76,315
9,77,67
9,80,318
9,81,399
9,82,70
9,83,51
9,84,267
9,86,37
9,87,301
9,89,107
9,93,268
9,94,184
9,96,395
9,97,187
9,98,264
9,101,321
9,102,285
9,103,227
9,105,194
9,107,115
9,110,80
9,111,6
9,112,195
9,113,44
9,114,125
9,116,350
9,121,41
9,123,153
9,128,337
9,129,36
9,130,202
9,132,353
9,134,142
9,136,206
9,140,282
9,143,302
9,144,18
9,146,395
9,147,330
9,148,316
9,150,392
9,160,18
9,161,101
9,162,279
9,164,192
9,165,156
9,170,152
9,177,77
9,178,10
9,184,262
9,189,227
9,192,231
9,193,321
10,1,267
10,3,334
10,4,251
10,6,166
10,7,94
10,8,35
10,9,120
10,12,113
10,13,314
10,14,262
10,15,105
10,16,188
10,17,89
10,18,140
10,20,163
10,22,267
10,23,284
10,24,387
10,25,252
10,26,202
10,27,137
10,30,281
10,32,256
10,35,105
10,36,118
10,37,194
10,38,283
10,39,93
10,40,79
10,42,12
10,44,230
10,45,375
10,49,142
10,50,390
10,51,186
10,52,205
10,54,206
10,55,209
10,56,213
10,57,313
10,58,328
10,60,38
10,61,148
10,62,289
10,64,302
10,65,10
10,67,338
10,68,314
10,71,74
10,72,380
10,73,344
10,75,49
10,76,188
10,78,13
10,80,174
10,81,327
10,82,269
10,85,362
10,87,54
10,88,319
10,89,109
10,91,224
10,92,302
10,93,164
10,95,233
10,96,41
10,97,323
10,103,210
10,104,179
10,106,394
10,109,108
10,110,44
10,111,50
10,112,134
10,115,61
10,118,326
10,120,186
10,121,336
10,123,134
10,125,268
10,126,282
10,132,226
10,136,338
10,138,372
10,141,187
10,144,257
10,145,329
10,146,264
10,148,315
10,160,257
10,163,59
10,164,279
10,165,1
10,168,171
10,173,203
10,179,26
10,180,239
10,181,85
10,185,322
10,188,189
10,190,380
10,192,95
10,193,333
10,199,119
10,200,243
11,2,329
11,3,135
11,4,25
11,5,345
11,7,242
11,8,290
11,12,297
11,14,31
11,16,35
11,18,9
11,20,215
11,22,100
11,23,399
11,24,145
11,25,347
11,26,249
11,28,185
11,31,384
11,32,233
11,33,228
11,34,74
11,36,199
11,40,306
11,41,159
11,43,219
11,44,84
11,45,267
11,46,392
11,48,12
11,49,296
11,50,287
11,51,387
11,52,332
11,53,164
11,54,206
11,55,66
11,57,252
11,60,316
11,61,255
11,63,103
11,64,319
11,67,339
11,70,232
11,77,266
11,78,343
11,79,234
11,80,398
11,82,77
11,83,227
11,91,48
11,92,27
11,93,338
11,96,45
11,98,153
11,99,260
11,100,346
11,101,378
11,102,169
11,103,370
11,104,91
11,108,191
11,109,348
11,113,177
11,116,331
11,118,190
11,120,92
11,123,275
11,124,22
11,126,43
11,127,184
11,129,345
11,130,12
11,136,353
11,137,68
11,139,72
11,141,187
11,142,87
11,143,109
11,144,214
11,148,65
11,149,48
11,150,198
11,151,169
11,152,186
11,153,242
11,155,359
11,158,90
11,162,166
11,163,311
11,168,251
11,169,45
11,172,397
11,176,22
11,177,1
11,178,400
11,180,198
11,181,395
11,182,55
11,183,71
11,184,178
11,187,18
11,189,318
11,194,339
11,196,325
11,198,128
12,1,341
12,2,180
12,3,283
12,5,335
12,6,397
12,7,78
12,8,159
12,10,113
12,11,297
12,13,168
12,19,23
12,20,237
12,21,369
12,23,175
12,24,366
12,25,382
12,26,181
12,27,299
12,28,265
12,29,203
12,30,351
12,32,198
12,33,248
12,37,71
12,38,288
12,40,269
12,42,377
12,44,373
12,45,202
12,46,168
12,48,9
12,49,239
12,50,284
12,51,47
12,52,212
12,53,68
12,54,220
12,57,101
12,58,267
12,59,112
12,61,165
12,65,285
12,67,397
12,68,237
12,71,379
12,74,143
12,77,262
12,78,170
12,80,215
12,81,315
12,82,227
12,83,356
12,84,75
12,85,102
12,88,5
12,89,226
12,90,285
12,91,188
12,94,137
12,96,37
12,97,6
12,98,286
12,102,217
12,103,285
12,104,361
12,105,56
12,106,263
12,108,208
12,109,284
12,110,157
12,111,48
12,114,286
12,120,287
12,122,187
12,123,314
12,126,211
12,132,260
12,134,225
12,136,162
12,140,79
12,141,363
12,143,324
12,146,257
12,148,86
12,156,53
12,158,272
12,160,13
12,162,63
12,165,302
12,169,193
12,173,304
12,176,299
12,178,362
12,181,31
12,186,316
12,187,154
12,189,83
12,190,118
12,195,92
12,199,22
13,1,265
13,3,224
13,4,392
13,5,72
13,8,333
13,9,164
13,10,314
13,12,168
13,14,387
13,16,329
13,17,119
13,19,355
13,21,305
13,22,79
13,25,348
13,26,369
13,28,76
13,31,209
13,32,12
13,33,176
13,34,45
13,35,228
13,36,23
13,37,139
13,38,180
13,39,187
13,40,370
13,41,129
13,43,291
13,44,157
13,45,21
13,47,187
13,48,395
13,49,170
13,50,334
13,51,83
13,52,175
13,54,177
13,56,10
13,57,95
13,59,30
13,60,128
13,62,287
13,63,325
13,67,2
13,68,286
13,69,240
13,70,191
13,71,213
13,72,118
13,73,24
13,74,217
13,75,47
13,77,293
13,78,337
13,79,261
13,80,312
13,81,91
13,82,262
13,83,159
13,84,347
13,85,144
13,87,380
13,89,8
13,90,323
13,91,337
13,92,289
13,93,126
13,95,189
13,98,241
13,101,345
13,103,311
13,104,240
13,107,202
13,108,141
13,109,321
13,110,293
13,111,189
13,112,63
13,113,380
13,115,274
13,119,174
13,120,38
13,126,193
13,127,245
13,128,251
13,131,89
13,133,166
13,138,189
13,139,217
13,140,215
13,143,72
13,144,379
13,148,256
13,149,313
13,150,294
13,152,175
13,154,153
13,159,35
13,164,393
13,168,380
13,169,9
13,170,44
13,171,23
13,172,337
13,176,56
13,181,367
13,183,377
13,185,366
13,187,225
13,190,211
13,192,350
13,193,154
13,195,227
13,197,285
13,198,178
14,1,368
14,2,83
14,3,146
14,4,275
14,5,397
14,6,339
14,8,68
14,9,9
14,10,262
14,11,31
14,13,387
14,15,221
14,18,330
14,19,167
14,23,6
14,25,17
14,26,199
14,27,182
14,29,165
14,30,359
14,31,24
14,35,375
14,36,31
14,38,339
14,40,321
14,41,317
14,42,198
14,44,232
14,45,213
14,47,30
14,48,265
14,49,157
14,51,293
14,52,391
14,54,137
14,55,19
14,57,63
14,59,234
14,61,269
14,62,318
14,63,297
14,64,386
14,65,25
14,66,49
14,68,113
14,70,78
14,72,309
14,73,218
14,75,258
14,76,164
14,78,267
14,81,355
14,82,266
14,83,350
14,84,356
14,85,2
14,86,181
14,87,46
14,90,62
14,92,255
14,93,344
14,94,321
14,97,399
14,102,341
14,103,91
14,104,108
14,108,18
14,112,158
14,115,400
14,119,10
14,126,298
14,127,30
14,128,379
14,134,10
14,135,167
14,137,377
14,140,32
14,142,17
14,145,158
14,148,96
14,149,304
14,151,299
14,154,235
14,155,53
14,156,277
14,157,326
14,159,26
14,160,78
14,162,271
14,166,131
14,170,185
14,173,4
14,174,351
14,176,39
14,177,140
14,179,224
14,184,353
14,190,60
14,193,134
14,196,366
15,1,10
15,2,71
15,3,214
15,5,51
15,6,79
15,7,94
15,8,114
15,10,105
15,14,221
15,16,119
15,17,300
15,18,347
15,19,181
15,21,18
15,22,43
15,23,313
15,24,238
15,25,393
15,27,168
15,28,198
15,29,198
15,30,103
15,31,305
15,32,362
15,33,305
15,34,147
15,35,72
15,36,367
15,38,324
15,39,53
15,40,122
15,41,308
15,44,231
15,45,315
15,46,345
15,47,209
15,48,119
15,49,46
15,50,185
15,51,281
15,52,67
15,53,370
15,55,306
15,57,216
15,61,332
15,63,163
15,66,391
15,67,40
15,68,258
15,69,324
15,70,104
15,74,193
15,75,30
15,76,232
15,79,147
15,80,339
15,81,177
15,82,359
15,83,287
15,84,154
15,85,202
15,86,159
15,88,322
15,91,300
15,92,228
15,93,111
15,95,322
15,99,101
15,100,295
15,102,267
15,103,111
15,105,264
15,106,182
15,107,106
15,108,168
15,109,305
15,114,65
15,115,194
15,117,379
15,119,228
15,124,233
15,125,171
15,128,52
15,130,65
15,133,177
15,134,17
15,137,310
15,140,49
15,142,111
15,144,348
15,145,119
15,156,283
15,166,243
15,173,7
15,174,319
15,179,162
15,182,36
15,183,253
15,184,62
15,186,71
15,189,184
15,191,81
15,195,155
15,200,81
16,1,127
16,2,349
16,3,215
16,4,114
16,5,81
16,6,329
16,8,343
16,9,22
16,10,188
16,11,35
16,13,329
16,15,119
16,17,204
16,18,379
16,20,195
16,22,316
16,23,341
16,26,9
16,31,352
16,33,301
16,34,208
16,38,100
16,39,20
16,40,394
16,42,214
16,43,4
16,44,306
16,46,122
16,47,182
16,49,163
16,50,318
16,52,362
16,53,138
16,54,178
16,56,82
16,58,339
16,60,358
16,63,382
16,64,200
16,66,114
16,67,241
16,68,367
16,70,3
16,71,346
16,72,206
16,73,131
16,74,329
16,76,280
16,77,51
16,81,285
16,82,29
16,83,119
16,84,158
16,86,345
16,88,37
16,89,204
16,91,183
16,93,41
16,94,313
16,96,167
16,97,374
16,99,257
16,101,249
16,103,261
16,105,308
16,106,284
16,107,183
16,108,114
16,109,294
16,110,58
16,112,225
16,115,231
16,119,232
16,121,118
16,125,103
16,127,400
16,130,296
16,131,97
16,132,48
16,135,54
16,137,385
16,138,249
16,140,271
16,149,183
16,151,224
16,152,205
16,153,96
16,155,351
16,156,304
16,157,210
16,166,155
16,173,371
16,175,18
16,177,223
16,178,248
16,179,285
16,180,280
16,182,368
16,183,75
16,184,56
16,186,257
16,193,237
16,195,234
16,196,89
16,199,281
17,1,123
17,3,264
17,4,15
17,5,124
17,7,7
17,9,24
17,10,89
17,13,119
17,15,300
17,16,204
17,19,384
17,21,311
17,22,17
17,23,350
17,25,311
17,29,283
17,30,232
17,31,348
17,33,261
17,34,371
17,36,188
17,37,346
17,38,49
17,39,211
17,40,31
17,43,277
17,44,66
17,47,315
17,48,14
17,49,327
17,50,314
17,53,290
17,55,170
17,57,378
17,59,42
17,60,79
17,62,95
17,63,397
17,64,131
17,65,74
17,66,185
17,68,210
17,69,148
17,70,125
17,71,118
17,72,96
17,74,27
17,75,226
17,76,316
17,77,15
17,78,376
17,81,67
17,85,348
17,86,322
17,87,333
17,88,152
17,89,264
17,90,27
17,95,252
17,96,262
17,99,346
17,100,152
17,101,323
17,103,200
17,104,364
17,106,260
17,107,266
17,110,284
17,111,247
17,112,250
17,113,398
17,114,222
17,117,175
17,120,226
17,121,208
17,122,308
17,124,220
17,127,134
17,132,24
17,135,294
17,136,239
17,137,251
17,139,128
17,142,147
17,145,333
17,146,360
17,148,135
17,149,144
17,151,20
17,152,207
17,153,41
17,154,126
17,155,109
17,160,1
17,161,357
17,165,258
17,168,122
17,170,315
17,171,95
17,173,275
17,178,399
17,181,20
17,186,396
17,188,151
17,191,116
17,196,264
18,2,165
18,4,373
18,6,2
18,8,211
18,9,119
18,10,140
18,11,9
18,14,330
18,15,347
18,16,379
18,20,222
18,21,373
18,22,60
18,23,369
18,25,322
18,26,333
18,27,67
18,28,344
18,29,159
18,31,379
18,32,244
18,33,382
18,34,372
18,35,133
18,37,33
18,40,29
18,41,238
18,43,376
18,44,374
18,48,183
18,49,116
18,50,339
18,51,354
18,52,34
18,53,159
18,54,342
18,56,264
18,57,6
18,58,164
18,59,196
18,60,250
18,61,383
18,62,361
18,63,115
18,64,267
18,65,8
18,70,370
18,71,355
18,72,73
18,74,269
18,75,342
18,77,386
18,78,81
18,79,193
18,82,382
18,84,10
18,86,134
18,87,300
18,88,360
18,90,13
18,92,85
18,93,296
18,96,208
18,97,381
18,100,86
18,102,172
18,105,93
18,106,375
18,107,296
18,108,143
18,110,230
18,112,365
18,114,137
18,115,273
18,117,234
18,118,267
18,120,331
18,122,285
18,123,372
18,127,225
18,130,223
18,133,385
18,137,185
18,142,346
18,144,22
18,146,217
18,147,223
18,151,280
18,164,266
18,165,361
18,167,17
18,171,328
18,172,280
18,174,206
18,175,342
18,181,244
18,183,87
18,184,227
18,190,239
18,192,131
18,194,235
18,196,185
18,197,88
19,1,195
19,3,270
19,5,79
19,6,10
19,9,17
19,12,23
19,13,355
19,14,167
19,15,181
19,17,384
19,21,76
19,22,396
19,23,384
19,24,22
19,25,3
19,26,238
19,27,258
19,29,295
19,30,368
19,32,90
19,33,46
19,35,137
19,36,20
19,39,385
19,41,13
19,43,254
19,48,353
19,49,265
19,51,127
19,52,316
19,53,204
19,55,247
19,57,238
19,58,132
19,59,185
19,61,274
19,63,216
19,65,247
19,66,266
19,68,363
19,69,376
19,70,260
19,72,182
19,73,74
19,76,273
19,77,395
19,79,326
19,80,383
19,81,396
19,84,329
19,85,168
19,86,115
19,90,13
19,93,384
19,94,33
19,95,314
19,96,29
19,99,352
19,100,117
19,101,319
19,102,119
19,105,136
19,106,14
19,107,360
19,109,221
19,110,204
19,111,176
19,113,167
19,114,130
19,115,140
19,116,201
19,117,168
19,118,75
19,120,288
19,124,263
19,125,355
19,127,152
19,130,337
19,131,53
19,139,25
19,141,312
19,143,272
19,145,264
19,146,195
19,149,309
19,150,235
19,152,152
19,153,142
19,158,153
19,162,51
19,167,112
19,168,230
19,171,242
19,176,45
19,188,59
19,194,235
19,196,202
19,197,205
19,198,327
19,199,236
20,1,362
20,2,265
20,3,118
20,4,244
20,5,227
20,6,395
20,8,96
20,9,337
20,10,163
20,11,215
20,12,237
20,16,195
20,18,222
20,23,219
20,24,44
20,26,359
20,27,177
20,28,65
20,30,297
20,31,144
20,33,23
20,34,362
20,35,67
20,36,246
20,38,51
20,39,254
20,40,104
20,41,298
20,42,323
20,44,319
20,46,357
20,47,291
20,48,63
20,50,397
20,51,160
20,52,30
20,53,186
20,54,359
20,55,46
20,56,211
20,58,335
20,59,207
20,62,276
20,63,118
20,64,322
20,66,203
20,67,4
20,68,248
20,70,340
20,71,384
20,73,87
20,75,354
20,77,227
20,85,184
20,90,358
20,92,239
20,94,48
20,95,54
20,97,229
20,99,380
20,100,253
20,101,53
20,103,265
20,104,277
20,107,57
20,108,77
20,109,82
20,111,250
20,114,90
20,116,276
20,117,363
20,118,8
20,120,248
20,121,241
20,122,160
20,124,97
20,126,399
20,134,50
20,136,386
20,137,54
20,138,382
20,139,258
20,141,296
20,144,56
20,147,10
20,149,7
20,151,328
20,152,394
20,153,21
20,154,27
20,155,72
20,158,207
20,159,313
20,163,126
20,166,44
20,168,378
20,171,20
20,172,260
20,176,165
20,177,349
20,178,309
20,179,179
20,180,136
20,183,253
20,184,283
20,185,42
20,187,245
20,188,198
20,189,384
20,190,179
20,195,44
20,197,181
20,198,333
20,199,235
21,1,179
21,2,274
21,5,64
21,6,211
21,7,339
21,8,235
21,9,217
21,12,369
21,13,305
21,15,18
21,17,311
21,18,373
21,19,76
21,23,32
21,24,371
21,25,24
21,26,202
21,30,67
21,31,280
21,32,207
21,34,116
21,35,322
21,36,161
21,38,84
21,40,322
21,43,206
21,44,76
21,45,311
21,47,192
21,48,163
21,50,290
21,52,238
21,54,255
21,55,219
21,56,292
21,57,360
21,58,277
21,59,102
21,66,191
21,68,95
21,69,359
21,71,212
21,72,334
21,75,111
21,76,196
21,81,336
21,83,119
21,84,70
21,86,65
21,87,1
21,89,359
21,91,253
21,92,64
21,95,157
21,96,6
21,100,348
21,101,246
21,103,391
21,106,143
21,108,248
21,112,248
21,113,227
21,115,145
21,118,69
21,121,279
21,128,250
21,129,190
21,131,34
21,132,164
21,133,26
21,134,194
21,135,337
21,137,112
21,138,197
21,142,301
21,150,257
21,151,121
21,152,386
21,153,125
21,155,148
21,156,348
21,158,330
21,159,173
21,160,291
21,161,29
21,162,183
21,165,301
21,169,12
21,171,22
21,172,230
21,176,75
21,177,88
21,178,110
21,180,63
21,181,239
21,188,222
21,192,164
21,193,254
21,197,209
21,198,57
21,200,118
22,1,65
22,2,4
22,3,303
22,6,381
22,7,39
22,8,84
22,9,33
22,10,267
22,11,100
22,13,79
22,15,43
22,16,316
22,17,17
22,18,60
22,19,396
22,25,334
22,26,322
22,29,195
22,30,159
22,33,14
22,34,89
22,36,174
22,37,91
22,38,324
22,40,157
22,41,70
22,42,315
22,46,202
22,47,262
22,48,34
22,49,331
22,51,349
22,52,380
22,53,379
22,54,343
22,55,70
22,56,395
22,58,203
22,59,343
22,62,67
22,63,96
22,64,65
22,65,11
22,69,138
22,70,10
22,71,307
22,72,283
22,76,6
22,77,159
22,78,195
22,79,35
22,80,367
22,82,29
22,84,204
22,85,253
22,88,294
22,89,100
22,90,189
22,91,211
22,93,374
22,95,17
22,96,396
22,98,352
22,99,263
22,100,146
22,101,281
22,102,128
22,103,223
22,105,56
22,106,78
22,108,175
22,110,85
22,111,72
22,112,26
22,114,176
22,116,34
22,117,235
22,120,226
22,122,120
22,124,368
22,127,16
22,132,250
22,139,242
22,140,324
22,141,25
22,142,77
22,143,310
22,144,56
22,145,28
22,146,154
22,154,326
22,155,123
22,157,67
22,158,246
22,159,177
22,161,37
22,162,187
22,163,34
22,165,107
22,167,293
22,169,371
22,171,144
22,174,89
22,179,288
22,180,336
22,181,220
22,183,324
22,184,75
22,185,396
22,186,70
22,191,365
22,195,224
22,198,347
22,199,15
22,200,48
23,1,129
23,4,127
23,5,302
23,7,149
23,8,225
23,9,233
23,10,284
23,11,399
23,12,175
23,14,6
23,15,313
23,16,341
23,17,350
23,18,369
23,19,384
23,20,219
23,21,32
23,24,281
23,26,242
23,30,254
23,31,193
23,32,134
23,33,97
23,34,306
23,37,202
23,38,178
23,40,249
23,41,99
23,42,232
23,43,372
23,45,147
23,46,214
23,47,258
23,48,262
23,50,135
23,52,315
23,53,189
23,54,101
23,55,275
23,56,247
23,59,36
23,60,94
23,61,146
23,62,48
23,65,396
23,66,301
23,68,322
23,71,24
23,72,220
23,73,383
23,74,50
23,77,278
23,79,73
23,80,384
23,81,19
23,82,50
23,83,193
23,86,126
23,88,346
23,90,233
23,91,124
23,92,233
23,93,345
23,95,11
23,96,300
23,97,359
23,98,1
23,100,77
23,102,284
23,105,194
23,106,277
23,113,205
23,114,176
23,115,157
23,118,190
23,121,213
23,124,334
23,127,341
23,133,312
23,135,378
23,138,158
23,139,189
23,140,67
23,141,144
23,143,43
23,145,310
23,146,301
23,148,19
23,150,392
23,152,171
23,154,384
23,156,255
23,160,356
23,161,36
23,164,267
23,167,46
23,170,373
23,171,14
23,172,108
23,173,104
23,174,162
23,178,146
23,185,350
23,191,76
23,193,311
23,194,174
23,195,212
23,200,179
24,1,242
24,2,303
24,4,75
24,6,165
24,7,141
24,8,265
24,9,204
24,10,387
24,11,145
24,12,366
24,15,238
24,19,22
24,20,44
24,21,371
24,23,281
24,28,297
24,29,241
24,30,22
24,31,320
24,32,102
24,33,119
24,35,273
24,36,300
24,39,168
24,40,390
24,43,26
24,44,163
24,45,340
24,46,46
24,49,359
24,50,33
24,52,221
24,53,234
24,55,56
24,57,347
24,59,128
24,60,176
24,62,146
24,63,243
24,64,382
24,66,301
24,67,109
24,70,317
24,73,341
24,74,184
24,75,333
24,77,7
24,78,300
24,80,13
24,81,81
24,82,230
24,83,392
24,88,114
24,89,375
24,91,331
24,93,67
24,96,372
24,97,256
24,98,165
24,100,386
24,101,232
24,104,112
24,106,371
24,109,385
24,111,124
24,113,337
24,119,332
24,121,135
24,124,39
24,126,334
24,127,158
24,130,236
24,131,310
24,132,219
24,135,291
24,137,343
24,142,295
24,143,19
24,145,122
24,146,14
24,148,237
24,150,249
24,151,372
24,153,191
24,154,97
24,155,316
24,159,312
24,160,253
24,163,210
24,164,252
24,170,171
24,175,197
24,186,64
24,189,200
24,192,81
24,195,69
24,196,150
24,199,54
25,1,261
25,2,150
25,4,354
25,6,19
25,7,49
25,8,68
25,10,252
25,11,347
25,12,382
25,13,348
25,14,17
25,15,393
25,17,311
25,18,322
25,19,3
25,21,24
25,22,334
25,26,81
25,27,323
25,28,67
25,29,26
25,30,333
25,31,307
25,33,318
25,35,165
25,37,26
25,38,9
25,40,361
25,44,169
25,45,215
25,46,147
25,47,250
25,48,357
25,50,53
25,51,260
25,53,170
25,56,136
25,57,181
25,59,116
25,61,17
25,62,381
25,63,124
25,64,156
25,66,300
25,67,273
25,69,233
25,70,294
25,71,246
25,72,378
25,73,209
25,74,398
25,75,19
25,76,152
25,78,5
25,81,37
25,83,378
25,84,352
25,86,111
25,87,68
25,88,138
25,89,339
25,90,162
25,91,164
25,92,163
25,93,337
25,95,65
25,96,284
25,100,192
25,104,122
25,106,146
25,107,76
25,109,74
25,111,41
25,112,38
25,113,341
25,114,301
25,115,293
25,116,137
25,118,358
25,119,376
25,120,63
25,122,301
25,124,357
25,125,289
25,126,287
25,127,59
25,128,391
25,130,47
25,134,25
25,135,330
25,140,17
25,145,174
25,147,382
25,148,30
25,154,67
25,155,104
25,156,317
25,162,150
25,164,24
25,165,95
25,167,43
25,169,174
25,178,93
25,179,148
25,181,167
25,182,80
25,185,224
25,190,201
25,192,107
26,1,70
26,2,90
26,5,331
26,8,323
26,10,202
26,11,249
26,12,181
26,13,369
26,14,199
26,16,9
26,18,333
26,19,238
26,20,359
26,21,202
26,22,322
26,23,242
26,25,81
26,27,136
26,30,189
26,31,144
26,32,250
26,33,204
26,34,380
26,36,362
26,39,61
26,40,33
26,41,367
26,42,177
26,43,169
26,45,12
26,46,31
26,47,322
26,50,351
26,51,110
26,52,377
26,53,256
26,55,310
26,56,154
26,58,155
26,60,10
26,61,314
26,62,226
26,64,335
26,66,151
26,68,196
26,69,74
26,70,28
26,71,356
26,72,57
26,78,169
26,79,336
26,83,151
26,84,397
26,85,380
26,89,155
26,90,11
26,91,283
26,92,289
26,96,203
26,97,164
26,100,398
26,102,48
26,107,358
26,109,114
26,110,377
26,111,223
26,112,345
26,115,279
26,116,41
26,117,80
26,119,231
26,120,68
26,122,383
26,123,157
26,124,211
26,127,93
26,129,50
26,131,205
26,132,316
26,133,340
26,134,184
26,136,378
26,137,378
26,138,145
26,140,248
26,142,368
26,145,157
26,147,21
26,149,82
26,150,88
26,151,62
26,153,60
26,154,59
26,155,3
26,156,168
26,160,104
26,163,237
26,166,386
26,168,180
26,171,343
26,173,329
26,176,74
26,184,143
26,187,281
26,188,303
26,192,150
26,194,218
26,195,377
27,2,214
27,4,306
27,5,79
27,6,63
27,7,3
27,8,206
27,9,200
27,10,137
27,12,299
27,14,182
27,15,168
27,18,67
27,19,258
27,20,177
27,25,323
27,26,136
27,28,363
27,29,22
27,30,345
27,32,384
27,33,17
27,34,53
27,35,360
27,38,220
27,39,188
27,40,79
27,42,178
27,44,355
27,45,392
27,46,341
27,49,210
27,50,80
27,52,298
27,53,217
27,54,64
27,55,57
27,58,399
27,59,214
27,62,71
27,64,104
27,65,224
27,66,51
27,67,134
27,69,123
27,70,357
27,71,302
27,72,327
27,73,343
27,76,31
27,77,268
27,79,46
27,80,193
27,81,305
27,82,158
27,83,389
27,85,284
27,86,48
27,89,92
27,91,231
27,93,212
27,95,204
27,98,379
27,99,347
27,100,393
27,101,97
27,103,231
27,108,164
27,109,18
27,111,127
27,114,205
27,115,319
27,117,313
27,118,254
27,119,134
27,121,62
27,126,234
27,128,278
27,130,186
27,136,347
27,137,165
27,139,256
27,146,48
27,147,284
27,148,108
27,153,300
27,154,311
27,155,232
27,159,168
27,166,230
27,168,334
27,169,379
27,176,20
27,177,239
27,179,308
27,180,96
27,181,48
27,182,241
27,189,259
27,194,91
27,196,92
27,200,298
28,1,117
28,2,150
28,3,236
28,4,3
28,6,399
28,8,235
28,9,379
28,11,185
28,12,265
28,13,76
28,15,198
28,18,344
28,20,65
28,24,297
28,25,67
28,27,363
28,29,284
28,30,175
28,32,285
28,33,213
28,34,383
28,35,202
28,36,246
28,40,383
28,41,350
28,42,327
28,43,151
28,45,202
28,47,331
28,49,359
28,50,230
28,52,13
28,55,54
28,57,144
28,59,155
28,60,70
28,62,241
28,67,380
28,71,190
28,72,346
28,74,58
28,76,121
28,78,149
28,79,94
28,80,175
28,82,138
28,84,139
28,85,316
28,86,193
28,89,258
28,90,229
28,91,375
28,92,317
28,93,301
28,94,180
28,95,356
28,97,131
28,102,53
28,103,201
28,104,276
28,105,256
28,107,341
28,108,190
28,112,358
28,113,49
28,116,49
28,117,54
28,118,131
28,119,16
28,120,14
28,122,196
28,123,25
28,125,398
28,130,37
28,133,129
28,134,314
28,139,384
28,144,219
28,147,196
28,149,229
28,150,82
28,152,377
28,153,55
28,158,124
28,159,354
28,160,337
28,163,370
28,164,235
28,166,125
28,171,173
28,177,272
28,178,69
28,181,139
28,182,346
28,183,126
28,184,111
28,188,142
28,189,153
28,190,154
28,191,353
28,193,195
28,199,58
29,1,201
29,3,97
29,4,159
29,5,274
29,6,243
29,7,265
29,8,222
29,9,17
29,12,203
29,14,165
29,15,198
29,17,283
29,18,159
29,19,295
29,22,195
29,24,241
29,25,26
29,27,22
29,28,284
29,30,71
29,31,146
29,32,316
29,35,92
29,36,151
29,37,191
29,38,200
29,39,391
29,40,161
29,43,122
29,45,314
29,47,209
29,48,262
29,50,213
29,52,325
29,54,77
29,55,326
29,56,87
29,58,51
29,59,276
29,60,151
29,61,134
29,64,355
29,65,178
29,66,173
29,68,239
29,70,358
29,71,60
29,72,254
29,75,191
29,77,340
29,78,211
29,80,119
29,81,369
29,82,244
29,83,128
29,86,37
29,87,298
29,92,307
29,94,392
29,100,302
29,102,83
29,106,373
29,107,177
29,109,298
29,110,395
29,111,291
29,112,254
29,114,236
29,116,362
29,120,71
29,121,313
29,123,292
29,124,51
29,125,202
29,126,382
29,128,381
29,130,10
29,136,125
29,139,14
29,143,215
29,145,196
29,149,85
29,150,234
29,152,352
29,157,164
29,159,387
29,166,114
29,175,31
29,182,25
29,184,74
29,186,235
29,189,309
29,192,35
29,199,1
30,2,103
30,3,364
30,4,353
30,6,313
30,7,68
30,10,281
30,12,351
30,14,359
30,15,103
30,17,232
30,19,368
30,20,297
30,21,67
30,22,159
30,23,254
30,24,22
30,25,333
30,26,189
30,27,345
30,28,175
30,29,71
30,31,264
30,32,242
30,33,234
30,34,305
30,36,119
30,37,35
30,38,362
30,39,100
30,42,238
30,43,365
30,44,393
30,46,267
30,48,341
30,49,352
30,50,60
30,53,236
30,54,24
30,55,195
30,57,90
30,58,154
30,59,10
30,60,191
30,61,110
30,62,215
30,64,5
30,65,102
30,67,115
30,68,399
30,69,252
30,70,138
30,71,312
30,72,373
30,74,123
30,75,176
30,77,268
30,79,107
30,80,212
30,81,132
30,82,32
30,83,392
30,86,219
30,87,82
30,88,57
30,89,244
30,90,334
30,92,366
30,93,239
30,95,130
30,98,66
30,99,13
30,105,192
30,107,311
30,108,306
30,109,315
30,110,112
30,113,50
30,117,92
30,118,282
30,119,336
30,121,392
30,126,205
30,131,377
30,133,217
30,138,72
30,140,328
30,141,155
30,142,353
30,143,351
30,145,367
30,146,47
30,155,215
30,156,263
30,161,296
30,168,313
30,169,389
30,171,316
30,174,222
30,175,228
30,177,336
30,179,346
30,180,187
30,182,6
30,185,271
30,187,186
30,189,385
30,191,118
30,192,307
30,193,86
30,194,102
31,1,314
31,3,352
31,4,361
31,6,20
31,9,120
31,11,384
31,13,209
31,14,24
31,15,305
31,16,352
31,17,348
31,18,379
31,20,144
31,21,280
31,23,193
31,24,320
31,25,307
31,26,144
31,29,146
31,30,264
31,33,270
31,35,50
31,36,30
31,37,170
31,39,289
31,40,189
31,42,322
31,44,237
31,45,280
31,46,305
31,47,157
31,49,257
31,50,244
31,51,354
31,55,368
31,56,55
31,57,42
31,58,388
31,61,155
31,62,94
31,65,169
31,66,244
31,68,227
31,69,251
31,70,318
31,71,117
31,72,246
31,73,32
31,75,206
31,76,235
31,77,387
31,79,198
31,81,315
31,82,64
31,83,272
31,87,14
31,88,165
31,89,381
31,91,231
31,93,102
31,96,149
31,97,61
31,98,268
31,99,107
31,100,39
31,101,70
31,102,161
31,104,127
31,105,269
31,106,114
31,108,111
31,109,308
31,110,169
31,112,18
31,114,10
31,115,184
31,116,387
31,117,297
31,121,171
31,122,192
31,123,245
31,124,32
31,126,166
31,128,354
31,129,134
31,130,59
31,131,123
31,135,14
31,137,316
31,140,96
31,143,118
31,147,97
31,149,280
31,150,2
31,151,320
31,152,262
31,155,124
31,161,168
31,162,119
31,163,37
31,166,108
31,167,32
31,168,117
31,170,384
31,176,41
31,179,348
31,181,376
31,182,230
31,194,371
31,200,176
32,2,360
32,3,172
32,4,208
32,6,283
32,7,237
32,8,338
32,9,129
32,10,256
32,11,233
32,12,198
32,13,12
32,15,362
32,18,244
32,19,90
32,21,207
32,23,134
32,24,102
32,26,250
32,27,384
32,28,285
32,29,316
32,30,242
32,35,24
32,36,282
32,37,147
32,38,302
32,39,294
32,41,118
32,42,230
32,45,395
32,46,76
32,48,163
32,49,144
32,50,145
32,51,281
32,52,77
32,53,351
32,54,228
32,55,171
32,56,157
32,58,32
32,59,279
32,61,368
32,62,236
32,64,94
32,66,139
32,67,28
32,69,110
32,70,182
32,72,93
32,73,1
32,74,58
32,76,197
32,78,18
32,79,333
32,80,128
32,81,72
32,82,45
32,85,246
32,88,171
32,90,197
32,92,135
32,93,189
32,94,259
32,95,77
32,99,24
32,101,128
32,105,96
32,108,105
32,109,2
32,110,54
32,111,62
32,114,99
32,115,170
32,117,291
32,119,79
32,123,35
32,124,110
32,127,256
32,128,11
32,129,149
32,130,64
32,131,154
32,141,203
32,142,345
32,145,40
32,146,34
32,147,64
32,150,302
32,151,241
32,153,218
32,156,393
32,159,228
32,161,263
32,163,90
32,165,328
32,174,226
32,178,297
32,180,183
32,182,47
32,183,347
32,191,132
32,195,290
32,200,309
33,1,178
33,2,269
33,4,281
33,5,396
33,7,99
33,9,281
33,11,228
33,12,248
33,13,176
33,15,305
33,16,301
33,17,261
33,18,382
33,19,46
33,20,23
33,22,14
33,23,97
33,24,119
33,25,318
33,26,204
33,27,17
33,28,213
33,30,234
33,31,270
33,35,185
33,36,32
33,38,295
33,40,261
33,41,166
33,43,128
33,45,65
33,46,64
33,47,44
33,48,256
33,49,280
33,50,2
33,51,157
33,52,312
33,53,43
33,55,191
33,57,202
33,59,231
33,60,359
33,61,393
33,62,277
33,63,173
33,64,169
33,65,93
33,66,158
33,70,230
33,71,231
33,73,213
33,74,243
33,75,83
33,78,270
33,80,251
33,81,65
33,84,139
33,86,284
33,87,226
33,88,300
33,89,240
33,90,195
33,91,350
33,92,281
33,93,159
33,97,227
33,98,246
33,100,314
33,102,50
33,103,223
33,104,211
33,108,227
33,109,59
33,110,35
33,111,150
33,115,99
33,116,313
33,118,202
33,119,190
33,120,345
33,121,312
33,122,370
33,123,351
33,128,383
33,129,22
33,132,217
33,134,242
33,136,167
33,139,56
33,142,156
33,144,96
33,145,132
33,148,205
33,151,361
33,152,280
33,154,362
33,155,350
33,156,91
33,158,226
33,159,230
33,162,292
33,163,249
33,164,326
33,167,240
33,170,246
33,175,326
33,176,274
33,180,391
33,183,100
33,185,182
33,186,193
33,187,38
33,195,392
33,198,331
33,199,156
34,1,292
34,2,225
34,3,276
34,5,104
34,6,296
34,9,312
34,11,74
34,13,45
34,15,147
34,16,208
34,17,371
34,18,372
34,20,362
34,21,116
34,22,89
34,23,306
34,26,380
34,27,53
34,28,383
34,30,305
34,35,362
34,36,218
34,37,218
34,41,213
34,42,390
34,45,58
34,46,110
34,47,5
34,49,186
34,50,55
34,52,398
34,53,372
34,54,301
34,55,253
34,56,203
34,58,79
34,59,255
34,60,53
34,62,177
34,63,248
34,64,293
34,65,277
34,66,327
34,67,189
34,68,221
34,69,322
34,70,134
34,72,376
34,74,264
34,75,206
34,76,90
34,77,181
34,82,267
34,83,32
34,84,315
34,87,58
34,89,292
34,91,168
34,92,308
34,94,114
34,95,205
34,96,197
34,97,227
34,98,159
34,100,393
34,101,234
34,102,384
34,105,257
34,106,96
34,107,133
34,108,390
34,109,177
34,113,323
34,118,46
34,120,192
34,121,383
34,124,315
34,125,37
34,129,55
34,131,206
34,134,91
34,137,171
34,138,201
34,139,76
34,141,50
34,144,14
34,145,288
34,146,170
34,147,338
34,149,216
34,156,395
34,159,247
34,162,336
34,167,149
34,168,197
34,179,350
34,181,341
34,185,164
34,187,370
34,188,21
34,190,320
34,200,153
35,2,339
35,3,44
35,4,198
35,10,105
35,13,228
35,14,375
35,15,72
35,18,133
35,19,137
35,20,67
35,21,322
35,24,273
35,25,165
35,27,360
35,28,202
35,29,92
35,31,50
35,32,24
35,33,185
35,34,362
35,37,280
35,38,333
35,40,158
35,41,319
35,42,353
35,43,124
35,44,369
35,45,370
35,48,138
35,50,374
35,52,216
35,56,264
35,57,49
35,58,389
35,59,359
35,60,305
35,65,291
35,67,262
35,68,59
35,69,244
35,70,71
35,71,185
35,72,148
35,73,175
35,74,19
35,75,56
35,76,22
35,77,399
35,79,90
35,80,146
35,81,197
35,84,156
35,85,254
35,88,257
35,91,371
35,94,146
35,95,202
35,96,98
35,97,161
35,103,240
35,106,192
35,107,396
35,108,198
35,109,269
35,112,163
35,114,15
35,115,90
35,120,48
35,121,116
35,122,330
35,125,91
35,126,113
35,127,5
35,128,254
35,135,212
35,139,59
35,140,25
35,145,208
35,146,130
35,149,298
35,150,20
35,151,88
35,153,58
35,154,105
35,157,236
35,159,250
35,162,80
35,163,288
35,165,361
35,169,80
35,170,230
35,171,327
35,173,1
35,176,357
35,179,224
35,182,5
35,186,355
35,187,320
35,188,194
35,189,119
35,191,223
35,192,96
35,193,385
35,197,327
35,199,394
36,1,333
36,2,157
36,3,151
36,5,191
36,8,267
36,9,136
36,10,118
36,11,199
36,13,23
36,14,31
36,15,367
36,17,188
36,19,20
36,20,246
36,21,161
36,22,174
36,24,300
36,26,362
36,28,246
36,29,151
36,30,119
36,31,30
36,32,282
36,33,32
36,34,218
36,37,25
36,38,151
36,39,91
36,42,171
36,44,125
36,45,102
36,48,163
36,50,191
36,51,398
36,56,318
36,57,182
36,58,151
36,61,262
36,62,156
36,65,165
36,66,36
36,68,35
36,69,249
36,71,162
36,73,191
36,76,313
36,77,122
36,78,232
36,83,360
36,84,57
36,85,64
36,87,91
36,89,278
36,91,363
36,93,236
36,94,350
36,97,247
36,98,349
36,102,318
36,103,222
36,104,124
36,106,270
36,107,124
36,110,329
36,113,180
36,117,326
36,118,188
36,119,52
36,122,364
36,123,88
36,127,179
36,129,84
36,138,353
36,145,239
36,146,142
36,147,11
36,150,259
36,154,127
36,155,204
36,156,156
36,158,135
36,160,58
36,166,252
36,168,71
36,170,366
36,171,102
36,178,61
36,182,288
36,185,141
36,193,189
36,196,244
37,1,358
37,2,30
37,3,227
37,4,286
37,5,156
37,8,204
37,9,94
37,10,194
37,12,71
37,13,139
37,17,346
37,18,33
37,22,91
37,23,202
37,25,26
37,29,191
37,30,35
37,31,170
37,32,147
37,34,218
37,35,280
37,36,25
37,39,29
37,41,37
37,42,266
37,43,165
37,45,219
37,46,85
37,47,145
37,48,18
37,49,335
37,52,119
37,54,158
37,55,232
37,56,125
37,57,400
37,58,162
37,59,290
37,60,77
37,61,353
37,64,55
37,67,337
37,68,389
37,69,183
37,71,56
37,74,150
37,77,327
37,78,323
37,80,241
37,81,217
37,82,17
37,84,141
37,85,160
37,87,97
37,92,107
37,93,256
37,95,182
37,97,23
37,99,63
37,100,279
37,101,134
37,102,219
37,103,5
37,104,302
37,105,60
37,107,323
37,112,118
37,114,5
37,116,220
37,118,93
37,120,344
37,121,331
37,123,300
37,124,130
37,125,213
37,126,151
37,128,162
37,129,315
37,131,329
37,132,306
37,133,388
37,136,28
37,137,134
37,138,387
37,141,51
37,142,370
37,143,346
37,144,46
37,149,322
37,155,330
37,156,39
37,158,3
37,159,305
37,161,159
37,164,84
37,166,249
37,169,391
37,170,319
37,171,19
37,174,211
37,175,368
37,177,13
37,179,159
37,182,48
37,183,142
37,184,294
37,185,335
37,190,368
37,192,350
37,193,300
37,196,218
37,197,364
37,198,19
38,2,360
38,6,303
38,9,100
38,10,283
38,12,288
38,13,180
38,14,339
38,15,324
38,16,100
38,17,49
38,20,51
38,21,84
38,22,324
38,23,178
38,25,9
38,27,220
38,29,200
38,30,362
38,32,302
38,33,295
38,35,333
38,36,151
38,40,147
38,41,138
38,42,166
38,43,366
38,45,298
38,46,305
38,47,175
38,48,245
38,55,383
38,58,154
38,59,178
38,64,362
38,66,87
38,67,69
38,68,307
38,69,13
38,71,8
38,72,7
38,73,240
38,74,37
38,75,382
38,76,42
38,78,68
38,79,247
38,81,26
38,82,395
38,84,132
38,86,341
38,87,13
38,88,338
38,89,240
38,96,65
38,107,212
38,110,105
38,111,276
38,112,337
38,117,306
38,119,279
38,120,51
38,122,246
38,123,377
38,125,246
38,126,14
38,127,165
38,128,89
38,130,291
38,132,286
38,134,166
38,135,189
38,136,173
38,138,374
38,142,227
38,144,216
38,145,2
38,147,372
38,149,107
38,150,283
38,152,313
38,153,198
38,155,137
38,157,12
38,158,163
38,161,308
38,163,260
38,164,106
38,167,376
38,168,90
38,173,271
38,179,9
38,184,143
38,186,88
38,187,26
38,188,271
38,191,222
38,194,6
38,196,349
38,197,76
38,198,376
39,1,263
39,2,113
39,3,263
39,4,108
39,5,176
39,6,175
39,8,92
39,9,200
39,10,93
39,13,187
39,15,53
39,16,20
39,17,211
39,19,385
39,20,254
39,24,168
39,26,61
39,27,188
39,29,391
39,30,100
39,31,289
39,32,294
39,36,91
39,37,29
39,41,73
39,42,399
39,44,338
39,47,84
39,48,213
39,49,262
39,50,21
39,51,18
39,52,179
39,53,368
39,54,23
39,55,72
39,56,311
39,57,264
39,58,277
39,59,293
39,60,143
39,62,382
39,64,251
39,65,258
39,67,93
39,68,186
39,69,48
39,70,76
39,71,240
39,72,236
39,74,5
39,76,94
39,77,337
39,83,168
39,84,201
39,85,41
39,86,115
39,87,75
39,89,163
39,90,206
39,93,36
39,94,176
39,95,146
39,96,159
39,99,73
39,100,58
39,101,301
39,106,356
39,107,221
39,108,102
39,111,297
39,113,166
39,115,254
39,118,22
39,119,18
39,120,306
39,122,163
39,126,141
39,128,228
39,131,335
39,132,51
