source,target,weight
1,2,133
1,3,282
1,4,111
1,6,33
1,8,349
1,9,234
1,10,234
1,11,276
1,13,297
1,16,265
1,17,9
1,18,291
1,21,309
1,25,197
1,27,11
1,28,348
1,29,183
1,31,204
1,32,328
1,33,17
1,34,212
1,35,256
1,37,51
1,38,151
1,42,58
1,44,178
1,46,264
1,48,317
1,49,238
1,50,153
1,52,221
1,53,174
1,55,25
1,56,68
1,61,272
1,62,12
1,63,273
1,65,319
1,70,203
1,71,3
1,72,330
1,74,128
1,75,284
1,77,79
1,79,4
1,81,130
1,82,348
1,83,35
1,86,35
1,87,337
1,88,301
1,90,30
1,91,87
1,93,368
1,94,21
1,96,366
1,101,70
1,102,95
1,104,189
1,105,121
1,106,247
1,107,355
1,108,126
1,109,234
1,110,243
1,111,300
1,112,24
1,113,309
1,114,248
1,116,105
1,117,76
1,118,26
1,121,321
1,123,62
1,127,327
1,128,277
1,129,261
1,130,255
1,135,296
1,136,9
1,137,20
1,140,341
1,143,77
1,144,394
1,148,71
1,150,21
1,151,270
1,152,77
1,153,121
1,154,380
1,157,70
1,159,137
1,161,45
1,162,313
1,163,318
1,166,80
1,168,59
1,171,136
1,172,107
1,173,195
1,179,343
1,180,108
1,181,256
1,183,186
1,184,347
1,188,173
1,189,134
1,190,109
1,191,399
1,195,121
1,200,9
2,1,133
2,3,181
2,4,214
2,5,16
2,6,45
2,7,110
2,8,394
2,9,222
2,10,3
2,11,204
2,12,380
2,13,167
2,14,146
2,17,132
2,18,186
2,19,104
2,20,155
2,23,325
2,24,32
2,25,107
2,26,128
2,28,261
2,29,281
2,30,155
2,33,113
2,34,246
2,36,58
2,37,206
2,38,230
2,39,81
2,40,387
2,41,206
2,42,120
2,43,127
2,44,226
2,45,273
2,48,327
2,50,300
2,51,307
2,52,355
2,55,347
2,57,188
2,58,169
2,59,135
2,61,58
2,62,45
2,65,386
2,68,111
2,70,3
2,74,80
2,77,36
2,78,261
2,79,87
2,81,184
2,84,288
2,85,367
2,86,327
2,87,375
2,89,351
2,91,247
2,92,397
2,94,308
2,95,337
2,96,296
2,97,214
2,99,119
2,100,70
2,101,361
2,104,188
2,108,12
2,111,294
2,113,29
2,117,365
2,118,117
2,119,400
2,125,355
2,126,277
2,127,281
2,129,176
2,131,35
2,134,370
2,135,70
2,136,120
2,142,5
2,143,114
2,144,38
2,146,219
2,149,255
2,150,221
2,154,226
2,159,146
2,160,266
2,163,177
2,167,30
2,169,34
2,170,115
2,172,205
2,174,135
2,176,281
2,181,223
2,183,337
2,189,128
2,192,5
2,196,394
2,197,15
3,1,282
3,2,181
3,4,243
3,6,304
3,7,325
3,8,209
3,9,337
3,10,156
3,12,25
3,13,315
3,14,336
3,15,26
3,17,195
3,18,2
3,19,338
3,22,67
3,23,232
3,24,305
3,25,375
3,27,389
3,28,368
3,30,225
3,31,302
3,32,275
3,34,96
3,35,161
3,36,356
3,38,138
3,40,368
3,41,208
3,42,248
3,43,323
3,45,185
3,46,276
3,47,329
3,49,59
3,51,145
3,54,123
3,57,240
3,59,283
3,60,330
3,61,75
3,63,370
3,65,170
3,66,25
3,68,104
3,69,1
3,70,384
3,71,129
3,72,96
3,76,48
3,80,71
3,83,71
3,84,347
3,85,330
3,86,385
3,87,348
3,89,54
3,90,219
3,91,207
3,92,124
3,97,298
3,98,139
3,99,273
3,102,336
3,103,80
3,104,309
3,106,148
3,108,305
3,116,98
3,119,165
3,120,246
3,124,391
3,128,20
3,129,346
3,132,268
3,134,158
3,135,48
3,136,136
3,137,393
3,138,176
3,140,225
3,143,150
3,144,161
3,146,240
3,147,140
3,148,80
3,151,269
3,153,349
3,154,32
3,157,18
3,158,67
3,161,95
3,162,180
3,163,213
3,165,312
3,166,106
3,167,296
3,173,215
3,174,167
3,178,71
3,181,163
3,187,88
3,188,17
3,189,68
3,195,5
4,1,111
4,2,214
4,3,243
4,5,62
4,6,325
4,7,116
4,8,66
4,9,283
4,10,212
4,11,2
4,12,321
4,14,216
4,15,142
4,16,181
4,18,89
4,21,189
4,24,246
4,27,98
4,28,361
4,29,92
4,30,264
4,32,94
4,33,226
4,34,108
4,35,67
4,36,287
4,41,71
4,42,330
4,44,86
4,45,360
4,46,285
4,47,45
4,49,279
4,50,109
4,53,371
4,55,311
4,56,68
4,60,118
4,61,108
4,62,56
4,63,321
4,65,199
4,66,341
4,68,373
4,70,239
4,72,1
4,74,335
4,75,107
4,76,66
4,79,163
4,80,225
4,81,213
4,82,356
4,84,365
4,85,165
4,86,187
4,87,359
4,89,51
4,90,44
4,91,210
4,93,161
4,95,221
4,96,389
4,98,380
4,99,362
4,100,39
4,104,74
4,105,379
4,107,152
4,108,30
4,109,192
4,110,352
4,114,377
4,116,163
4,118,343
4,119,265
4,120,157
4,121,328
4,122,267
4,125,270
4,126,138
4,127,388
4,130,188
4,131,156
4,132,351
4,134,153
4,135,108
4,136,338
4,137,300
4,139,207
4,141,379
4,143,240
4,146,137
4,148,72
4,149,154
4,152,335
4,153,76
4,157,383
4,159,370
4,160,230
4,166,171
4,167,2
4,168,15
4,170,227
4,171,158
4,174,58
4,175,360
4,177,156
4,185,288
4,193,273
4,194,291
4,197,109
4,198,328
5,2,16
5,4,62
5,6,297
5,7,334
5,8,116
5,9,400
5,10,229
5,11,101
5,12,391
5,13,228
5,16,18
5,17,234
5,18,309
5,19,294
5,20,124
5,21,336
5,22,142
5,23,169
5,25,236
5,26,250
5,27,39
5,28,328
5,29,387
5,32,103
5,33,361
5,36,379
5,37,179
5,38,8
5,40,241
5,42,366
5,43,141
5,45,191
5,46,321
5,47,258
5,48,355
5,50,378
5,51,205
5,52,309
5,53,24
5,54,57
5,55,367
5,57,246
5,58,121
5,60,156
5,61,220
5,62,60
5,65,165
5,68,156
5,69,65
5,71,22
5,73,247
5,75,125
5,76,52
5,77,208
5,78,129
5,81,284
5,82,318
5,86,95
5,87,158
5,88,87
5,89,205
5,90,327
5,92,104
5,93,101
5,96,311
5,97,219
5,99,121
5,100,201
5,101,169
5,102,114
5,105,257
5,106,386
5,107,342
5,108,204
5,109,366
5,111,47
5,112,127
5,113,328
5,114,22
5,115,333
5,116,102
5,118,260
5,120,233
5,121,300
5,123,298
5,125,22
5,127,289
5,128,284
5,131,202
5,132,71
5,138,335
5,140,144
5,141,159
5,142,158
5,143,373
5,144,94
5,146,71
5,152,384
5,153,258
5,155,151
5,157,158
5,158,366
5,159,313
5,161,42
5,163,67
5,164,196
5,166,331
5,170,198
5,172,213
5,177,171
5,178,314
5,182,377
5,195,281
5,196,117
5,198,398
6,1,33
6,2,45
6,3,304
6,4,325
6,5,297
6,7,146
6,12,302
6,14,141
6,17,88
6,18,310
6,19,140
6,21,179
6,22,11
6,23,341
6,24,167
6,25,303
6,26,394
6,28,81
6,29,322
6,32,146
6,34,179
6,37,114
6,38,107
6,39,20
6,42,137
6,43,73
6,44,132
6,45,224
6,47,171
6,48,38
6,49,50
6,50,152
6,51,362
6,52,143
6,53,325
6,55,302
6,57,238
6,58,3
6,60,154
6,61,67
6,63,170
6,64,317
6,66,55
6,67,148
6,68,20
6,69,375
6,70,168
6,71,101
6,72,102
6,73,359
6,74,394
6,75,353
6,77,21
6,81,338
6,84,134
6,86,249
6,87,340
6,88,105
6,89,119
6,90,294
6,91,131
6,92,1
6,94,393
6,95,23
6,96,381
6,98,345
6,100,332
6,102,237
6,103,312
6,105,400
6,108,27
6,110,178
6,111,135
6,116,254
6,118,31
6,119,218
6,120,285
6,121,23
6,123,163
6,124,347
6,125,164
6,127,23
6,128,374
6,129,256
6,132,264
6,136,105
6,137,316
6,138,338
6,143,25
6,144,142
6,149,165
6,151,173
6,152,77
6,153,344
6,154,72
6,158,374
6,159,95
6,161,294
6,163,154
6,165,315
6,166,65
6,169,283
6,172,283
6,173,194
6,174,78
6,176,289
6,177,4
6,178,269
6,179,253
6,180,235
6,182,273
6,185,108
6,187,179
6,190,239
6,195,246
6,196,303
6,199,197
6,200,219
7,2,110
7,3,325
7,4,116
7,5,334
7,6,146
7,9,331
7,10,165
7,11,170
7,15,260
7,16,216
7,17,196
7,20,271
7,21,319
7,22,180
7,23,157
7,24,154
7,25,363
7,27,74
7,28,191
7,29,58
7,30,101
7,31,214
7,34,195
7,35,193
7,36,267
7,38,74
7,39,210
7,40,223
7,41,244
7,42,107
7,43,301
7,44,295
7,46,51
7,47,41
7,50,183
7,52,29
7,53,350
7,54,379
7,57,63
7,58,155
7,59,216
7,60,155
7,61,86
7,64,395
7,65,202
7,66,151
7,67,366
7,68,392
7,69,318
7,70,231
7,71,388
7,75,166
7,77,176
7,79,252
7,80,135
7,81,178
7,83,40
7,84,92
7,86,108
7,87,360
7,88,388
7,89,58
7,90,159
7,91,295
7,92,43
7,93,186
7,94,142
7,96,170
7,99,243
7,100,82
7,102,320
7,103,229
7,104,391
7,106,256
7,111,69
7,114,239
7,115,125
7,116,219
7,121,211
7,123,276
7,124,126
7,125,80
7,129,56
7,130,346
7,131,138
7,132,46
7,134,364
7,136,354
7,137,248
7,138,376
7,139,312
7,141,265
7,142,125
7,143,45
7,150,353
7,152,249
7,159,319
7,161,56
7,165,355
7,166,396
7,167,44
7,170,210
7,172,89
7,174,181
7,175,216
7,179,285
7,183,44
7,186,9
7,190,173
7,191,143
7,192,389
7,193,156
7,194,268
7,196,238
7,199,280
8,1,349
8,2,394
8,3,209
8,4,66
8,5,116
8,10,57
8,11,367
8,14,101
8,15,121
8,17,359
8,19,163
8,21,356
8,23,96
8,24,108
8,26,107
8,28,69
8,29,207
8,30,395
8,33,37
8,34,181
8,37,363
8,38,70
8,40,225
8,43,367
8,44,342
8,45,368
8,46,289
8,47,314
8,50,7
8,52,239
8,53,220
8,54,259
8,58,249
8,60,46
8,61,220
8,67,19
8,69,63
8,71,166
8,72,102
8,74,279
8,75,289
8,76,320
8,77,342
8,79,296
8,80,358
8,81,259
8,82,16
8,83,114
8,85,69
8,87,130
8,88,326
8,89,27
8,91,337
8,92,132
8,93,193
8,94,310
8,96,187
8,97,362
8,99,55
8,100,47
8,101,312
8,102,153
8,104,116
8,105,290
8,106,89
8,107,176
8,110,341
8,113,120
8,114,287
8,115,244
8,118,1
8,119,214
8,121,260
8,123,242
8,127,388
8,133,51
8,134,108
8,145,254
8,147,185
8,150,149
8,154,305
8,156,356
8,158,393
8,159,109
8,160,126
8,161,41
8,164,118
8,168,69
8,169,154
8,173,70
8,176,329
8,180,20
8,181,368
8,182,286
8,183,122
8,186,325
8,187,196
8,188,58
8,189,343
8,192,264
8,194,122
8,196,73
8,199,357
8,200,305
9,1,234
9,2,222
9,3,337
9,4,283
9,5,400
9,7,331
9,10,317
9,13,75
9,15,19
9,16,30
9,17,106
9,20,294
9,21,206
9,23,253
9,26,227
9,28,43
9,29,75
9,30,111
9,31,130
9,32,220
9,34,363
9,36,274
9,37,279
9,38,8
9,39,288
9,40,46
9,41,30
9,42,124
9,44,135
9,46,396
9,47,219
9,49,1
9,53,283
9,54,224
9,56,60
9,57,205
9,58,23
9,61,374
9,63,107
9,64,112
9,65,336
9,66,200
9,70,256
9,71,299
9,72,82
9,73,163
9,77,335
9,78,298
9,79,340
9,82,73
9,84,381
9,87,27
9,88,239
9,90,94
9,91,352
9,92,183
9,96,36
9,97,78
9,99,307
9,100,211
9,101,161
9,102,122
9,105,27
9,106,278
9,107,339
9,109,260
9,110,230
9,114,85
9,115,379
9,118,232
9,119,244
9,121,196
9,122,138
9,123,204
9,128,191
9,129,258
9,130,252
9,132,235
9,138,87
9,139,361
9,143,303
9,145,62
9,146,89
9,148,300
9,150,330
9,151,5
9,153,271
9,156,52
9,157,3
9,158,241
9,160,341
9,165,141
9,170,38
9,173,98
9,175,11
9,176,12
9,177,259
9,178,157
9,180,308
9,182,14
9,184,55
9,185,131
9,187,171
9,193,135
9,198,323
9,200,98
10,1,234
10,2,3
10,3,156
10,4,212
10,5,229
10,7,165
10,8,57
10,9,317
10,11,295
10,12,131
10,13,250
10,14,99
10,15,214
10,16,38
10,17,334
10,19,380
10,20,118
10,21,301
10,22,278
10,23,273
10,25,215
10,26,202
10,27,325
10,28,209
10,29,347
10,30,168
10,31,46
10,32,124
10,33,199
10,35,60
10,38,341
10,39,169
10,43,240
10,44,394
10,45,132
10,46,295
10,47,12
10,48,391
10,51,98
10,52,275
10,53,160
10,54,103
10,55,382
10,56,72
10,57,49
10,58,286
10,61,257
10,62,32
10,63,289
10,64,365
10,65,222
10,66,350
10,67,138
10,69,241
10,72,322
10,77,384
10,79,346
10,80,289
10,82,161
10,83,116
10,84,212
10,85,380
10,86,206
10,87,299
10,88,269
10,89,147
10,90,263
10,91,123
10,95,324
10,96,11
10,97,6
10,98,305
10,100,166
10,102,340
10,103,277
10,107,128
10,108,98
10,110,82
10,114,146
10,115,245
10,118,71
10,122,40
10,123,203
10,124,14
10,125,201
10,126,163
10,127,202
10,131,77
10,132,122
10,138,240
10,139,327
10,140,348
10,141,367
10,142,152
10,144,381
10,145,66
10,148,256
10,152,92
10,154,43
10,156,167
10,160,152
10,162,119
10,166,141
10,168,206
10,169,165
10,174,261
10,178,337
10,179,387
10,181,397
10,182,393
10,186,378
10,187,329
10,189,237
10,190,201
10,197,33
10,200,368
11,1,276
11,2,204
11,4,2
11,5,101
11,7,170
11,8,367
11,10,295
11,12,381
11,13,78
11,15,163
11,18,219
11,20,314
11,21,187
11,22,375
11,23,21
11,24,154
11,25,340
11,26,161
11,28,356
11,29,196
11,32,341
11,33,379
11,35,281
11,37,297
11,40,273
11,41,216
11,42,110
11,43,53
11,44,205
11,45,279
11,46,128
11,50,111
11,51,176
11,53,218
11,55,46
11,56,314
11,57,177
11,58,28
11,59,263
11,60,164
11,61,32
11,63,310
11,64,252
11,65,278
11,68,137
11,69,393
11,70,207
11,71,202
11,73,40
11,74,177
11,75,47
11,77,381
11,78,397
11,80,380
11,82,169
11,84,232
11,86,246
11,87,270
11,88,324
11,89,13
11,90,101
11,92,21
11,93,163
11,96,300
11,97,288
11,98,301
11,101,50
11,102,49
11,103,38
11,104,332
11,105,148
11,106,181
11,109,54
11,112,90
11,113,24
11,114,218
11,115,142
11,116,282
11,117,4
11,118,169
11,119,43
11,124,52
11,125,159
11,126,217
11,127,98
11,128,117
11,130,268
11,131,391
11,133,281
11,135,360
11,137,95
11,138,89
11,140,8
11,142,349
11,143,82
11,144,284
11,148,92
11,149,187
11,150,34
11,153,262
11,156,84
11,157,254
11,158,348
11,161,393
11,162,174
11,163,169
11,165,183
11,167,176
11,168,275
11,169,135
11,170,355
11,171,314
11,172,271
11,175,270
11,176,341
11,177,304
11,179,292
11,181,189
11,189,73
11,196,249
11,197,130
11,198,219
11,200,111
12,2,380
12,3,25
12,4,321
12,5,391
12,6,302
12,10,131
12,11,381
12,14,336
12,15,378
12,16,200
12,17,289
12,19,178
12,20,304
12,21,7
12,24,328
12,27,278
12,28,47
12,29,14
12,30,93
12,31,19
12,36,172
12,40,57
12,41,87
12,43,2
12,45,15
12,46,73
12,48,393
12,50,92
12,51,260
12,53,211
12,54,8
12,55,50
12,56,360
12,57,348
12,59,121
12,60,343
12,61,84
12,63,144
12,64,67
12,65,99
12,67,331
12,68,81
12,69,291
12,71,31
12,74,33
12,75,121
12,76,183
12,78,179
12,79,82
12,81,291
12,82,286
12,83,143
12,85,52
12,86,373
12,87,257
12,88,216
12,94,346
12,95,356
12,97,93
12,99,233
12,100,136
12,101,57
12,102,289
12,103,92
12,104,195
12,105,79
12,106,282
12,107,376
12,113,377
12,115,244
12,117,97
12,119,161
12,120,342
12,123,127
12,128,23
12,129,196
12,131,345
12,132,139
12,136,194
12,142,161
12,143,60
12,144,63
12,148,29
12,150,183
12,153,5
12,159,191
12,161,134
12,167,303
12,171,276
12,172,288
12,177,315
12,178,305
12,181,139
12,182,248
12,184,245
12,185,133
12,186,300
12,190,181
12,192,38
12,193,279
12,196,14
13,1,297
13,2,167
13,3,315
13,5,228
13,9,75
13,10,250
13,11,78
13,14,212
13,15,15
13,17,199
13,18,19
13,20,79
13,21,61
13,22,13
13,23,23
13,25,31
13,26,291
13,27,255
13,28,197
13,30,292
13,31,76
13,32,29
13,33,385
13,34,105
13,36,243
13,37,338
13,40,208
13,41,116
13,42,347
13,44,376
13,46,147
13,47,18
13,49,265
13,51,27
13,52,325
13,54,158
13,55,270
13,57,153
13,58,49
13,59,279
13,60,140
13,61,179
13,62,267
13,63,342
13,64,350
13,65,193
13,66,331
13,67,386
13,68,141
13,70,60
13,71,22
13,72,342
13,74,339
13,76,318
13,77,154
13,78,393
13,79,91
13,82,400
13,83,336
13,84,198
13,86,333
13,88,275
13,90,334
13,91,370
13,92,309
13,97,260
13,98,185
13,99,319
13,100,265
13,101,105
13,102,98
13,103,203
13,106,132
13,108,317
13,109,55
13,111,310
13,113,340
13,114,145
13,115,107
13,116,25
13,121,259
13,122,271
13,125,294
13,126,41
13,129,80
13,133,114
13,141,63
13,142,153
13,143,81
13,144,42
13,146,231
13,147,393
13,152,262
13,153,292
13,154,342
13,157,167
13,158,400
13,159,173
13,162,146
13,163,276
13,164,315
13,167,335
13,170,290
13,172,102
13,180,99
13,181,183
13,186,292
13,190,175
13,193,394
13,194,223
14,2,146
14,3,336
14,4,216
14,6,141
14,8,101
14,10,99
14,12,336
14,13,212
14,15,328
14,16,52
14,18,35
14,20,15
14,21,14
14,22,54
14,24,100
14,25,72
14,26,175
14,28,21
14,29,216
14,31,44
14,33,329
14,36,114
14,37,323
14,38,348
14,39,191
14,43,228
14,44,314
14,45,184
14,46,277
14,47,326
14,48,300
14,49,387
14,50,305
14,51,102
14,53,115
14,54,100
14,56,244
14,57,184
14,58,346
14,59,180
14,60,380
14,62,280
14,64,182
14,68,291
14,72,297
14,73,75
14,74,194
14,76,163
14,78,178
14,79,46
14,80,222
14,81,385
14,82,238
14,83,129
14,85,354
14,86,197
14,90,274
14,92,309
14,93,388
14,95,50
14,96,347
14,99,99
14,100,134
14,101,63
14,105,79
14,108,68
14,111,49
14,113,46
14,114,109
14,115,6
14,116,132
14,118,48
14,119,259
14,120,391
14,121,273
14,122,383
14,124,215
14,127,138
14,128,315
14,129,18
14,131,19
14,132,145
14,134,335
14,140,187
14,141,388
14,142,138
14,145,341
14,147,122
14,148,294
14,149,371
14,153,84
14,155,93
14,156,101
14,157,214
14,158,82
14,161,126
14,162,205
14,165,310
14,166,253
14,167,315
14,173,22
14,181,296
14,182,255
14,185,350
14,187,388
14,188,242
14,198,86
14,199,31
15,3,26
15,4,142
15,7,260
15,8,121
15,9,19
15,10,214
15,11,163
15,12,378
15,13,15
15,14,328
15,16,350
15,17,143
15,18,45
15,19,391
15,20,171
15,25,199
15,26,112
15,29,342
15,33,169
15,35,284
15,36,96
15,37,339
15,38,97
15,40,104
15,41,241
15,44,120
15,46,360
15,47,389
15,49,381
15,50,117
15,51,175
15,52,392
15,53,371
15,54,92
15,55,41
15,56,225
15,57,382
15,58,230
15,61,258
15,62,231
15,63,377
15,64,118
15,65,396
15,67,249
15,69,85
15,70,144
15,72,108
15,73,237
15,75,119
15,79,221
15,80,393
15,81,271
15,82,158
15,83,231
15,85,192
15,87,9
15,88,102
15,89,364
15,92,228
15,95,350
15,97,186
15,98,95
15,99,27
15,101,78
15,102,182
15,103,65
15,104,202
15,105,370
15,107,109
15,108,291
15,110,180
15,111,309
15,112,335
15,114,280
15,115,164
15,116,342
15,117,146
15,118,387
15,119,236
15,120,190
15,122,247
15,123,73
15,124,351
15,128,361
15,129,233
15,130,108
15,131,347
15,139,70
15,140,247
15,141,60
15,142,209
15,144,309
15,146,371
15,148,204
15,149,82
15,151,369
15,155,42
15,156,392
15,163,286
15,166,346
15,167,374
15,169,386
15,170,169
15,171,84
15,172,341
15,174,112
15,176,28
15,177,13
15,184,246
15,195,181
15,196,322
15,197,32
16,1,265
16,4,181
16,5,18
16,7,216
16,9,30
16,10,38
16,12,200
16,14,52
16,15,350
16,17,375
16,19,189
16,20,344
16,24,344
16,25,111
16,26,380
16,27,19
16,29,235
16,30,3
16,32,83
16,34,200
16,35,187
16,36,71
16,37,14
16,38,233
16,39,112
16,42,246
16,43,274
16,46,140
16,47,199
16,48,51
16,50,278
16,51,328
16,52,328
16,53,330
16,54,253
16,59,114
16,66,102
16,68,15
16,69,86
16,76,247
16,77,124
16,78,137
16,80,27
16,81,284
16,82,349
16,84,91
16,85,109
16,86,310
16,87,36
16,88,312
16,89,270
16,90,82
16,94,89
16,95,4
16,97,397
16,98,244
16,99,98
16,100,304
16,102,116
16,103,164
16,104,265
16,105,294
16,106,81
16,109,135
16,110,147
16,116,293
16,118,166
16,119,162
16,120,29
16,121,89
16,123,11
16,124,102
16,126,31
16,129,78
16,130,269
16,132,341
16,133,25
16,135,238
16,137,82
16,140,365
16,146,151
16,154,39
16,156,202
16,157,25
16,159,177
16,168,356
16,172,23
16,176,13
16,180,276
16,185,308
16,188,175
16,189,87
16,198,373
16,199,366
17,1,9
17,2,132
17,3,195
17,5,234
17,6,88
17,7,196
17,8,359
17,9,106
17,10,334
17,12,289
17,13,199
17,15,143
17,16,375
17,19,116
17,21,65
17,23,238
17,24,71
17,25,305
17,26,93
17,27,162
17,29,182
17,32,248
17,33,284
17,34,94
17,35,339
17,36,54
17,37,368
17,38,182
17,40,263
17,41,153
17,43,113
17,44,63
17,45,266
17,46,117
17,48,50
17,49,275
17,50,267
17,52,288
17,53,42
17,54,331
17,55,168
17,57,70
17,58,214
17,59,341
17,60,377
17,61,103
17,62,90
17,63,93
17,64,53
17,65,97
17,67,15
17,68,261
17,69,354
17,70,57
17,71,113
17,72,332
17,73,207
17,74,38
17,75,226
17,78,42
17,79,54
17,80,85
17,83,281
17,86,102
17,89,121
17,96,14
17,98,293
17,99,292
17,102,400
17,108,359
17,109,37
17,113,141
17,116,59
17,118,369
17,119,96
17,122,385
17,127,377
17,129,231
17,130,241
17,131,55
17,132,326
17,136,191
17,137,286
17,138,384
17,139,325
17,141,157
17,142,222
17,143,186
17,144,38
17,150,174
17,151,134
17,153,36
17,154,8
17,159,2
17,160,328
17,161,185
17,162,167
17,163,68
17,166,214
17,168,140
17,169,33
17,175,47
17,176,303
17,179,201
17,180,267
17,184,153
17,185,81
17,187,43
17,188,236
17,189,216
17,194,361
17,197,323
18,1,291
18,2,186
18,3,2
18,4,89
18,5,309
18,6,310
18,11,219
18,13,19
18,14,35
18,15,45
18,19,46
18,20,3
18,22,208
18,23,285
18,25,129
18,27,301
18,29,13
18,30,161
18,31,204
18,32,386
18,33,117
18,34,9
18,36,236
18,37,345
18,39,240
18,40,358
18,41,128
18,43,394
18,44,102
18,45,353
18,46,225
18,47,13
18,49,288
18,54,36
18,55,200
18,56,177
18,58,71
18,61,342
18,62,288
18,64,341
18,66,97
18,67,95
18,68,300
18,69,168
18,74,258
18,75,222
18,76,322
18,78,33
18,79,149
18,80,154
18,81,306
18,82,292
18,83,228
18,87,48
18,88,152
18,89,316
18,90,213
18,92,61
18,93,260
18,94,365
18,96,45
18,98,389
18,99,367
18,100,206
18,101,290
18,103,203
18,104,358
18,108,236
18,109,132
18,110,204
18,112,86
18,118,239
18,121,309
18,127,36
18,128,331
18,129,91
18,131,196
18,132,387
18,137,45
18,138,363
18,139,27
18,145,248
18,147,167
18,148,242
18,149,36
18,151,73
18,152,193
18,154,255
18,155,17
18,158,195
18,165,342
18,166,183
18,171,195
18,172,56
18,173,298
18,175,101
18,179,75
18,182,85
18,184,287
18,185,265
18,186,132
18,188,4
18,189,43
18,194,178
19,2,104
19,3,338
19,5,294
19,6,140
19,8,163
19,10,380
19,12,178
19,15,391
19,16,189
19,17,116
19,18,46
19,20,22
19,21,342
19,22,65
19,23,262
19,24,124
19,25,262
19,26,390
19,27,14
19,29,186
19,30,250
19,31,94
19,32,353
19,35,390
19,36,237
19,37,137
19,38,187
19,40,355
19,42,391
19,44,167
19,45,377
19,48,26
19,49,229
19,50,349
19,51,73
19,52,378
19,54,349
19,58,396
19,59,121
19,60,99
19,62,311
19,63,276
19,64,213
19,66,184
19,67,200
19,69,316
19,70,90
19,73,18
19,74,262
19,75,334
19,76,173
19,78,203
19,80,304
19,81,255
19,83,309
19,84,161
19,85,183
19,87,335
19,88,327
19,90,397
19,91,328
19,92,367
19,96,305
19,99,270
19,102,39
19,103,36
19,104,363
19,105,253
19,106,334
19,109,165
19,110,283
19,111,69
19,112,3
19,113,17
19,114,28
19,115,347
19,116,341
19,117,329
19,119,270
19,121,319
19,122,178
19,123,102
19,127,241
19,128,188
19,132,163
19,134,99
19,135,131
19,136,103
19,137,200
19,142,222
19,146,31
19,147,216
19,148,254
19,149,238
19,151,186
19,152,156
19,153,180
19,158,10
19,160,175
19,165,272
19,168,206
19,170,236
19,171,135
19,175,118
19,176,122
19,177,118
19,179,278
19,180,242
19,181,62
19,182,238
19,186,209
19,187,103
19,188,312
19,190,207
19,191,280
19,192,42
19,197,324
19,198,277
19,200,390
20,2,155
20,5,124
20,7,271
20,9,294
20,10,118
20,11,314
20,12,304
20,13,79
20,14,15
20,15,171
20,16,344
20,18,3
20,19,22
20,22,343
20,23,400
20,24,174
20,26,263
20,27,306
20,28,179
20,31,355
20,33,82
20,34,117
20,36,317
20,37,393
20,38,179
20,39,91
20,41,219
20,43,284
20,45,113
20,46,384
20,47,128
20,48,57
20,49,345
20,50,255
20,52,295
20,53,345
20,54,312
20,55,177
20,56,18
20,58,83
20,59,285
20,60,59
20,61,80
20,62,270
20,63,172
20,64,137
20,65,112
20,66,177
20,67,71
20,72,50
20,73,5
20,74,129
20,75,325
20,77,248
20,78,49
20,79,131
20,80,302
20,81,371
20,87,206
20,88,369
20,89,344
20,95,323
20,97,249
20,98,178
20,100,89
20,101,226
20,102,159
20,103,322
20,105,244
20,107,308
20,109,260
20,113,355
20,118,189
20,119,81
20,120,26
20,121,117
20,123,347
20,124,46
20,128,277
20,129,321
20,130,13
20,132,223
20,133,299
20,134,356
20,139,58
20,140,326
20,141,89
20,142,37
20,144,358
20,145,289
20,148,106
20,150,25
20,153,310
20,158,46
20,159,247
20,162,378
20,164,293
20,165,83
20,166,209
20,169,43
20,175,195
20,177,360
20,178,173
20,180,66
20,181,88
20,182,197
20,184,276
20,186,90
20,187,293
20,190,7
20,191,46
20,197,18
20,199,292
20,200,260
21,1,309
21,4,189
21,5,336
21,6,179
21,7,319
21,8,356
21,9,206
21,10,301
21,11,187
21,12,7
21,13,61
21,14,14
21,17,65
21,19,342
21,22,6
21,23,256
21,25,65
21,26,364
21,27,206
21,31,36
21,33,298
21,34,29
21,36,369
21,37,262
21,39,50
21,40,11
21,42,30
21,44,50
21,45,321
21,46,138
21,47,332
21,48,151
21,49,123
21,50,178
21,53,350
21,56,381
21,57,281
21,58,84
21,62,387
21,64,78
21,65,278
21,66,146
21,67,247
21,68,220
21,70,141
21,73,221
21,76,329
21,77,199
21,79,133
21,80,250
21,83,341
21,85,178
21,89,4
21,90,305
21,91,125
21,92,309
21,93,191
21,94,103
21,95,66
21,96,387
21,97,136
21,98,345
21,100,190
21,101,298
21,102,172
21,103,289
21,104,340
21,107,185
21,108,396
21,111,221
21,115,356
21,116,263
21,121,286
21,122,303
21,123,20
21,124,28
21,129,286
21,132,20
21,133,43
21,135,342
21,136,159
21,138,89
21,140,383
21,146,167
21,149,262
21,150,271
21,151,372
21,156,143
21,157,209
21,158,386
21,159,68
21,160,67
21,161,124
21,167,320
21,175,230
21,177,277
21,179,191
21,185,218
21,194,176
21,195,231
22,3,67
22,5,142
22,6,11
22,7,180
22,10,278
22,11,375
22,13,13
22,14,54
22,18,208
22,19,65
22,20,343
22,21,6
22,23,233
22,24,100
22,25,65
22,27,216
22,28,233
22,29,10
22,30,39
22,31,104
22,32,16
22,33,254
22,36,186
22,37,202
22,38,275
22,40,344
22,41,399
22,42,54
22,43,231
22,45,399
22,46,297
22,48,259
22,51,243
22,52,333
22,53,58
22,54,28
22,55,186
22,56,215
22,57,106
22,59,208
22,63,241
22,65,396
22,66,171
22,67,327
22,69,82
22,71,83
22,72,340
22,73,288
22,75,169
22,78,305
22,79,103
22,80,354
22,81,111
22,85,192
22,87,183
22,88,163
22,89,228
22,92,391
22,93,45
22,96,354
22,97,324
22,98,96
22,100,206
22,103,37
22,104,239
22,105,214
22,107,50
22,109,237
22,111,8
22,112,118
22,113,217
22,117,1
22,119,338
22,120,92
22,122,296
22,123,28
22,126,131
22,128,154
22,129,254
22,131,367
22,132,4
22,133,320
22,134,126
22,135,211
22,140,42
22,141,347
22,144,269
22,147,346
22,159,302
22,163,169
22,166,91
22,170,90
22,178,347
22,180,289
22,183,225
22,187,52
22,193,167
22,194,325
22,198,31
23,2,325
23,3,232
23,5,169
23,6,341
23,7,157
23,8,96
23,9,253
23,10,273
23,11,21
23,13,23
23,17,238
23,18,285
23,19,262
23,20,400
23,21,256
23,22,233
23,24,334
23,25,381
23,26,1
23,27,66
23,29,182
23,30,28
23,31,50
23,32,117
23,33,234
23,34,355
23,35,116
23,36,339
23,37,254
23,38,365
23,39,26
23,40,247
23,41,308
23,43,254
23,44,183
23,45,145
23,46,38
23,47,114
23,48,22
23,49,66
23,51,315
23,52,377
23,53,139
23,54,331
23,55,313
23,56,232
23,59,38
23,60,222
23,63,208
23,64,189
23,65,183
23,67,47
23,68,354
23,69,218
23,70,234
23,72,119
23,74,2
23,75,19
23,76,247
23,77,212
23,79,31
23,83,74
23,85,216
23,86,253
23,87,382
23,88,230
23,89,400
23,90,69
23,92,211
23,94,222
23,95,164
23,97,41
23,98,342
23,99,256
23,101,109
23,102,371
23,103,289
23,104,399
23,107,383
23,112,311
23,114,353
23,117,24
23,118,296
23,119,50
23,120,367
23,122,53
23,123,368
23,127,38
23,128,215
23,130,227
23,135,246
23,139,301
23,141,182
23,142,44
23,144,311
23,146,149
23,147,169
23,149,370
23,152,202
23,154,23
23,157,229
23,158,252
23,159,359
23,162,102
23,166,388
23,167,225
23,168,130
23,171,177
23,179,363
23,182,368
23,185,10
23,189,351
23,190,145
23,192,277
23,194,365
23,195,329
23,200,374
24,2,32
24,3,305
24,4,246
24,6,167
24,7,154
24,8,108
24,11,154
24,12,328
24,14,100
24,16,344
24,17,71
24,19,124
24,20,174
24,22,100
24,23,334
24,25,298
24,27,391
24,28,361
24,30,385
24,32,281
24,34,70
24,35,375
24,36,372
24,37,285
24,39,28
24,40,350
24,43,170
24,45,264
24,48,160
24,49,377
24,50,306
24,51,256
24,52,297
24,53,210
24,54,356
24,55,359
24,56,72
24,59,55
24,60,23
24,61,51
24,62,106
24,63,243
24,64,148
24,66,80
24,67,302
24,68,79
24,69,293
24,71,14
24,72,112
24,73,317
24,74,30
24,75,203
24,76,180
24,77,221
24,79,42
24,80,210
24,81,278
24,82,274
24,83,297
24,85,27
24,87,284
24,88,40
24,90,188
24,91,370
24,92,357
24,94,208
24,95,374
24,97,250
24,99,134
24,100,348
24,101,176
24,102,356
24,103,357
24,105,240
24,107,12
24,109,101
24,111,296
24,112,130
24,114,177
24,117,66
24,118,339
24,121,205
24,125,189
24,128,246
24,131,92
24,132,265
24,133,3
24,134,170
24,135,57
24,138,211
24,139,257
24,140,211
24,142,56
24,152,253
24,154,43
24,158,332
24,159,6
24,160,182
24,165,78
24,167,287
24,169,167
24,171,339
24,173,290
24,178,276
24,179,60
24,185,86
24,186,271
24,188,80
24,189,197
24,193,343
24,194,181
24,198,274
24,200,339
25,1,197
25,2,107
25,3,375
25,5,236
25,6,303
25,7,363
25,10,215
25,11,340
25,13,31
25,14,72
25,15,199
25,16,111
25,17,305
25,18,129
25,19,262
25,21,65
25,22,65
25,23,381
25,24,298
25,26,379
25,27,117
25,29,152
25,30,48
25,31,149
25,33,111
25,34,113
25,35,348
25,36,100
25,37,177
25,38,275
25,39,118
25,40,121
25,41,188
25,42,135
25,46,183
25,47,400
25,49,395
25,50,293
25,53,279
25,56,313
25,57,24
25,59,11
25,60,61
25,61,223
25,62,295
25,63,164
25,64,56
25,65,260
25,67,363
25,68,367
25,69,370
25,70,338
25,73,45
25,74,351
25,75,172
25,77,323
25,78,118
25,79,92
25,81,395
25,85,363
25,88,152
25,89,43
25,90,208
25,92,224
25,93,46
25,94,163
25,95,255
25,96,219
25,97,165
25,100,87
25,105,346
25,106,216
25,108,361
25,109,174
25,112,390
25,115,10
25,117,323
25,121,300
25,122,2
25,123,337
25,125,281
25,129,343
25,134,6
25,136,279
25,138,326
25,140,126
25,141,347
25,147,192
25,151,120
25,156,229
25,159,387
25,166,391
25,169,289
25,175,399
25,177,385
25,181,100
25,182,78
25,183,284
25,184,15
25,191,269
26,2,128
26,5,250
26,6,394
26,8,107
26,9,227
26,10,202
26,11,161
26,13,291
26,14,175
26,15,112
26,16,380
26,17,93
26,19,390
26,20,263
26,21,364
26,23,1
26,25,379
26,27,312
26,29,134
26,30,392
26,31,289
26,32,145
26,34,15
26,36,276
26,40,162
26,42,338
26,43,115
26,45,101
26,48,29
26,49,115
26,51,180
26,52,31
26,56,204
26,57,135
26,58,329
26,59,373
26,60,395
26,61,169
26,62,251
26,63,46
26,65,41
26,66,145
26,67,129
26,69,60
26,70,245
26,71,352
26,72,336
26,73,396
26,74,72
26,75,389
26,76,345
26,77,201
26,80,341
26,81,207
26,82,29
26,83,326
26,86,172
26,87,191
26,88,267
26,92,400
26,93,270
26,94,320
26,95,31
26,98,140
26,99,101
26,100,260
26,103,82
26,104,220
26,105,400
26,106,127
26,107,378
26,109,219
26,111,3
26,112,148
26,113,395
26,115,256
26,116,111
26,117,189
26,120,192
26,122,303
26,123,41
26,125,227
26,127,125
26,128,349
26,130,266
26,131,315
26,133,90
26,137,250
26,138,239
26,139,295
26,140,281
26,141,102
26,142,336
26,143,34
26,146,90
26,147,108
26,148,360
26,151,269
26,152,386
26,153,133
26,154,70
26,155,172
26,156,321
26,157,339
26,165,80
26,176,117
26,177,332
26,179,333
26,180,161
26,181,137
26,182,341
26,183,240
26,187,319
26,188,290
26,192,345
26,196,383
26,197,208
26,198,212
27,1,11
27,3,389
27,4,98
27,5,39
27,7,74
27,10,325
27,12,278
27,13,255
27,16,19
27,17,162
27,18,301
27,19,14
27,20,306
27,21,206
27,22,216
27,23,66
27,24,391
27,25,117
27,26,312
27,28,383
27,30,323
27,31,217
27,32,34
27,33,137
27,35,282
27,36,64
27,39,150
27,42,357
27,46,331
27,47,376
27,48,252
27,49,296
27,51,46
27,52,274
27,55,365
27,56,59
27,57,361
27,59,355
27,60,98
27,63,183
27,65,25
27,66,64
27,68,73
27,70,386
27,71,187
27,74,359
27,76,178
27,77,280
27,78,104
27,80,306
27,81,356
27,82,43
27,84,15
27,85,219
27,87,312
27,88,48
27,89,41
27,90,115
27,93,174
27,95,336
27,96,23
27,97,154
27,98,202
27,100,115
27,101,147
27,103,209
27,104,351
27,105,378
27,106,97
27,107,70
27,110,230
27,113,219
27,114,86
27,119,249
27,121,400
27,123,120
27,124,272
27,125,128
27,127,248
27,128,155
27,129,194
27,130,29
27,135,280
27,137,360
27,142,331
27,143,289
27,146,359
27,148,66
27,149,89
27,150,252
27,155,123
27,156,52
27,159,116
27,165,83
27,167,22
27,168,44
27,170,314
27,171,42
27,175,389
27,178,216
27,182,376
27,184,268
27,185,88
27,186,224
27,187,393
27,189,157
27,191,340
27,192,210
27,193,179
27,196,144
27,198,185
27,199,116
28,1,348
28,2,261
28,3,368
28,4,361
28,5,328
28,6,81
28,7,191
28,8,69
28,9,43
28,10,209
28,11,356
28,12,47
28,13,197
28,14,21
28,20,179
28,22,233
28,24,361
28,27,383
28,29,211
28,30,42
28,31,359
28,32,294
28,33,308
28,34,170
28,35,189
28,36,66
28,37,30
28,38,187
28,39,147
28,40,30
28,41,396
28,48,336
28,49,372
28,50,198
28,51,29
28,52,117
28,53,269
28,55,72
28,56,363
28,57,135
28,58,210
28,59,305
28,60,393
28,61,92
28,64,91
28,65,358
28,66,74
28,67,253
28,68,59
28,69,244
28,71,104
28,73,44
28,74,245
28,78,311
28,80,44
28,81,240
28,82,114
28,83,294
28,86,166
28,88,271
28,90,343
28,91,61
28,94,282
28,95,12
28,96,32
28,97,158
28,99,314
28,102,201
28,104,52
28,105,27
28,106,388
28,107,248
28,110,332
28,112,288
28,116,265
28,117,198
28,118,212
28,123,62
28,125,182
28,127,255
28,129,209
28,130,133
28,132,390
28,133,386
28,134,44
28,136,152
28,139,115
28,141,392
28,143,262
28,144,292
28,146,117
28,147,249
28,148,313
28,149,210
28,150,258
28,158,374
28,160,210
28,161,251
28,162,17
28,163,253
28,164,343
28,165,386
28,167,386
28,168,197
28,170,382
28,171,216
28,174,131
28,178,260
28,179,7
28,183,121
28,184,396
28,192,384
28,193,103
28,194,58
28,198,84
28,199,249
29,1,183
29,2,281
29,4,92
29,5,387
29,6,322
29,7,58
29,8,207
29,9,75
29,10,347
29,11,196
29,12,14
29,14,216
29,15,342
29,16,235
29,17,182
29,18,13
29,19,186
29,22,10
29,23,182
29,25,152
29,26,134
29,28,211
29,30,290
29,31,301
29,32,286
29,33,259
29,34,309
29,35,33
29,37,301
29,38,199
29,39,142
29,41,237
29,43,253
29,44,119
29,45,250
29,46,336
29,49,77
29,50,168
29,51,356
29,53,145
29,54,40
29,57,19
29,58,292
29,59,151
29,60,139
29,62,367
29,64,115
29,65,173
29,66,140
29,67,312
29,68,375
29,70,331
29,72,322
29,74,172
29,76,136
29,77,166
29,80,166
29,81,313
29,82,129
29,84,225
29,85,135
29,86,232
29,87,133
29,88,291
29,89,203
29,90,16
29,91,19
29,92,9
29,93,156
29,94,209
29,95,93
29,97,157
29,98,300
29,101,65
29,102,112
29,105,55
29,106,144
29,107,55
29,111,77
29,112,29
29,113,313
29,115,309
29,116,87
29,120,187
29,121,382
29,123,150
29,124,151
29,126,209
29,135,61
29,136,342
29,140,386
29,141,27
29,142,295
29,144,390
29,147,225
29,149,237
29,152,180
29,154,128
29,156,88
29,162,1
29,163,325
29,164,147
29,167,377
29,168,46
29,171,24
29,175,398
29,178,71
29,184,28
29,187,108
29,188,302
29,189,42
29,196,112
29,197,350
29,199,304
30,2,155
30,3,225
30,4,264
30,7,101
30,8,395
30,9,111
30,10,168
30,12,93
30,13,292
30,16,3
30,18,161
30,19,250
30,22,39
30,23,28
30,24,385
30,25,48
30,26,392
30,27,323
30,28,42
30,29,290
30,34,36
30,41,231
30,43,231
30,44,273
30,46,318
30,48,183
30,49,101
30,51,369
30,52,313
30,55,28
30,58,131
30,59,208
30,62,293
30,63,70
30,65,224
30,68,49
30,70,308
30,72,345
30,73,206
30,75,327
30,76,135
30,77,33
30,78,113
30,81,212
30,82,16
30,84,341
30,88,398
30,90,294
30,91,358
30,92,197
30,93,301
30,95,345
30,96,183
30,97,48
30,98,81
30,100,84
30,101,140
30,102,346
30,103,152
30,104,280
30,106,134
30,107,79
30,111,161
30,112,278
30,116,331
30,117,148
30,118,41
30,119,207
30,120,5
30,122,2
30,125,156
30,126,114
30,131,114
30,133,241
30,136,280
30,138,350
30,139,87
30,141,337
30,142,60
30,143,375
30,144,46
30,147,349
30,149,156
30,150,229
30,153,394
30,154,119
30,156,325
30,157,184
30,158,145
30,160,136
30,163,249
30,166,216
30,167,243
30,168,51
30,172,186
30,176,223
30,178,89
30,181,385
30,183,227
30,191,233
30,194,42
30,196,342
30,197,323
30,199,319
31,1,204
31,3,302
31,7,214
31,9,130
31,10,46
31,12,19
31,13,76
31,14,44
31,18,204
31,19,94
31,20,355
31,21,36
31,22,104
31,23,50
31,25,149
31,26,289
31,27,217
31,28,359
31,29,301
31,32,43
31,33,236
31,34,92
31,35,362
31,36,116
31,37,275
31,38,172
31,41,177
31,42,295
31,43,316
31,47,161
31,48,109
31,50,364
31,53,163
31,54,248
31,55,138
31,56,247
31,57,241
31,58,129
31,59,278
31,60,127
31,62,310
31,64,263
31,66,298
31,67,378
31,70,397
31,72,350
31,73,243
31,76,379
31,78,386
31,79,97
31,80,94
31,81,61
31,82,355
31,83,388
31,84,88
31,85,267
31,89,193
31,92,184
31,96,360
31,98,233
31,100,175
31,101,173
31,102,46
31,103,180
31,104,184
31,106,77
31,107,338
31,109,394
31,110,12
31,112,229
31,114,233
31,118,268
31,122,66
31,123,150
31,126,334
31,129,351
31,130,125
31,132,226
31,136,322
31,137,378
31,139,353
31,140,368
31,143,124
31,145,387
31,147,326
31,148,159
31,150,119
31,155,147
31,156,275
31,158,128
31,159,176
31,161,169
31,162,339
31,170,223
31,173,12
31,175,232
31,177,189
31,178,340
31,181,283
31,185,386
31,186,195
31,189,96
31,192,371
31,194,94
31,197,301
32,1,328
32,3,275
32,4,94
32,5,103
32,6,146
32,9,220
32,10,124
32,11,341
32,13,29
32,16,83
32,17,248
32,18,386
32,19,353
32,22,16
32,23,117
32,24,281
32,26,145
32,27,34
32,28,294
32,29,286
32,31,43
32,33,91
32,34,122
32,35,262
32,38,267
32,40,375
32,41,96
32,42,121
32,43,215
32,44,311
32,47,396
32,49,213
32,51,109
32,54,241
32,56,100
32,57,27
32,58,193
32,59,313
32,60,188
32,65,371
32,66,207
32,67,380
32,68,240
32,69,272
32,70,1
32,73,106
32,75,76
32,77,320
32,78,174
32,79,259
32,80,202
32,81,242
32,82,172
32,84,116
32,85,349
32,86,56
32,88,209
32,89,172
32,90,205
32,91,300
32,95,315
32,97,223
32,100,78
32,102,69
32,103,306
32,104,221
32,105,4
32,106,250
32,108,369
32,109,30
32,110,178
32,112,200
32,113,172
32,114,243
32,117,134
32,119,331
32,120,86
32,122,314
32,123,133
32,127,160
32,129,223
32,130,163
32,134,396
32,136,293
32,137,277
32,138,282
32,142,184
32,145,225
32,146,279
32,147,241
32,148,25
32,150,216
32,156,23
32,158,82
32,163,215
32,164,166
32,165,220
32,172,139
32,175,187
32,178,70
32,180,247
32,182,231
32,183,280
32,189,249
32,190,182
32,191,366
32,193,228
32,195,285
32,197,77
32,198,209
33,1,17
33,2,113
33,4,226
33,5,361
33,8,37
33,10,199
33,11,379
33,13,385
33,14,329
33,15,169
33,17,284
33,18,117
33,20,82
33,21,298
33,22,254
33,23,234
33,25,111
33,27,137
33,28,308
33,29,259
33,31,236
33,32,91
33,34,122
33,35,228
33,38,118
33,39,20
33,40,182
33,41,110
33,42,205
33,47,264
33,48,265
33,49,167
33,50,130
33,51,60
33,54,181
33,57,376
33,58,56
33,59,350
33,61,230
33,62,3
33,65,291
33,66,36
33,67,59
33,68,171
33,70,11
33,71,244
33,74,224
33,76,131
33,78,215
33,79,247
33,82,101
33,84,175
33,85,361
33,87,316
33,88,86
33,91,108
33,92,85
33,94,392
33,95,322
33,96,83
33,97,278
33,98,20
33,99,331
33,101,373
33,102,232
33,103,299
33,104,11
33,107,278
33,108,384
33,110,17
33,112,127
33,115,15
33,116,279
33,118,11
33,120,197
33,122,255
33,126,212
33,128,210
33,129,226
33,131,61
33,134,352
33,136,2
33,137,35
33,138,168
33,139,137
33,142,106
33,144,279
33,145,337
33,147,332
33,152,111
33,155,117
33,157,172
33,159,225
33,161,211
33,162,97
33,163,37
33,168,131
33,170,358
33,174,94
33,184,364
33,185,149
33,193,92
33,195,185
33,196,139
33,197,345
34,1,212
34,2,246
34,3,96
34,4,108
34,6,179
34,7,195
34,8,181
34,9,363
34,13,105
34,16,200
34,17,94
34,18,9
34,20,117
34,21,29
34,23,355
34,24,70
34,25,113
34,26,15
34,28,170
34,29,309
34,30,36
34,31,92
34,32,122
34,33,122
34,35,249
34,36,186
34,37,151
34,38,367
34,40,363
34,42,378
34,45,45
34,46,345
34,47,233
34,49,98
34,50,372
34,51,10
34,52,145
34,53,396
34,54,59
34,55,111
34,56,67
34,60,173
34,61,218
34,62,32
34,63,277
34,66,134
34,67,317
34,68,147
34,69,143
34,70,92
34,71,126
34,74,89
34,75,15
34,76,383
34,78,340
34,79,18
34,80,256
34,81,252
34,84,285
34,86,145
34,87,298
34,91,197
34,92,192
34,93,233
34,94,339
34,98,320
34,99,354
34,100,246
34,101,2
34,103,344
34,104,196
34,106,380
34,108,97
34,109,214
34,111,339
34,112,100
34,114,39
34,115,269
34,119,82
34,122,77
34,127,99
34,129,222
34,130,333
34,131,320
34,132,312
34,133,80
34,136,172
34,141,4
34,142,210
34,144,26
34,147,201
34,148,48
34,149,163
34,152,18
34,154,174
34,155,39
34,156,96
34,159,395
34,160,347
34,161,243
34,165,277
34,166,68
34,167,318
34,168,126
34,169,110
34,170,320
34,171,295
34,172,10
34,179,79
34,181,313
34,183,290
34,184,97
34,186,230
34,187,195
34,190,352
34,192,243
34,195,226
34,196,386
34,199,171
35,1,256
35,3,161
35,4,67
35,7,193
35,10,60
35,11,281
35,15,284
35,16,187
35,17,339
35,19,390
35,23,116
35,24,375
35,25,348
35,27,282
35,28,189
35,29,33
35,31,362
35,32,262
35,33,228
35,34,249
35,36,35
35,37,94
35,39,139
35,41,244
35,43,230
35,44,327
35,46,81
35,47,356
35,48,196
35,50,183
35,51,60
35,53,350
35,56,396
35,59,15
35,61,269
35,62,38
35,63,362
35,64,65
35,66,180
35,67,13
35,68,122
35,71,335
35,75,21
35,77,60
35,78,90
35,79,304
35,80,146
35,81,129
35,82,225
35,83,281
35,85,336
35,86,243
35,88,335
35,89,344
35,91,158
35,93,378
35,94,210
35,97,156
35,99,365
35,100,154
35,102,99
35,103,91
35,104,28
35,105,390
35,108,100
35,110,144
35,111,123
35,114,117
35,115,187
35,116,49
35,119,324
35,120,351
35,127,214
35,137,30
35,138,155
35,139,247
35,141,127
35,144,368
35,145,130
35,146,142
35,147,177
35,148,97
35,149,210
35,150,348
35,154,59
35,162,142
35,163,233
35,164,393
35,166,320
35,171,280
35,172,74
35,175,316
35,178,237
35,188,272
35,190,191
35,192,126
35,194,317
35,195,240
35,196,115
35,197,315
35,198,274
36,2,58
36,3,356
36,4,287
36,5,379
36,7,267
36,9,274
36,12,172
36,13,243
36,14,114
36,15,96
36,16,71
36,17,54
36,18,236
36,19,237
36,20,317
36,21,369
36,22,186
36,23,339
36,24,372
36,25,100
36,26,276
36,27,64
36,28,66
36,31,116
36,34,186
36,35,35
36,37,228
36,39,368
36,40,261
36,41,160
36,43,241
36,44,270
36,45,263
36,46,315
36,48,93
36,49,18
36,54,388
36,56,67
36,57,23
36,59,86
36,61,376
36,63,153
36,64,320
36,67,167
36,68,308
36,69,376
36,70,53
36,72,153
36,74,220
36,75,127
36,76,227
36,78,64
36,80,374
36,82,268
36,83,219
36,86,257
36,87,216
36,88,145
36,92,297
36,93,207
36,94,314
36,95,171
36,96,195
36,99,293
36,101,13
36,102,357
36,103,384
36,104,377
36,107,297
36,109,361
36,110,274
36,112,197
36,114,107
36,119,8
36,122,56
36,125,368
36,132,104
36,136,54
36,138,141
36,140,335
36,141,78
36,147,229
36,149,31
36,151,147
36,153,321
36,160,29
36,162,245
36,164,279
36,166,263
36,169,238
36,171,277
36,173,338
36,176,265
36,180,252
36,182,11
36,183,215
36,184,102
36,185,178
36,187,95
36,188,106
36,189,223
36,190,23
36,191,225
36,192,163
36,195,193
37,1,51
37,2,206
37,5,179
37,6,114
37,8,363
37,9,279
37,11,297
37,13,338
37,14,323
37,15,339
37,16,14
37,17,368
37,18,345
37,19,137
37,20,393
37,21,262
37,22,202
37,23,254
37,24,285
37,25,177
37,28,30
37,29,301
37,31,275
37,34,151
37,35,94
37,36,228
37,38,262
37,39,132
37,40,193
37,41,68
37,42,210
37,44,239
37,45,84
37,46,109
37,49,75
37,50,66
37,51,173
37,52,218
37,54,2
37,57,347
37,58,303
37,60,341
37,61,383
37,62,83
37,63,267
37,64,318
37,65,125
37,66,77
37,67,91
37,69,115
37,70,165
37,71,335
37,73,93
37,74,379
37,75,318
37,76,116
37,77,397
37,80,32
37,84,345
37,86,1
37,87,236
37,89,382
37,90,335
37,92,133
37,93,140
37,96,348
37,100,199
37,103,42
37,109,87
37,110,269
37,113,311
37,114,337
37,119,62
37,121,397
37,124,187
37,125,59
37,126,6
37,128,376
37,129,191
37,130,295
37,131,359
37,132,225
37,133,15
37,135,168
37,137,249
37,141,182
37,144,272
37,145,111
37,147,142
37,150,54
37,158,60
37,161,185
37,162,276
37,163,167
37,164,352
37,165,253
37,168,297
37,172,288
37,177,47
37,180,329
37,181,363
37,182,19
37,185,248
37,186,145
37,190,285
37,193,344
37,194,323
37,197,218
37,200,116
38,1,151
38,2,230
38,3,138
38,5,8
38,6,107
38,7,74
