source,target,weight
1,2,218
1,3,310
1,4,205
1,5,330
1,6,400
1,8,141
1,9,113
1,11,266
1,12,389
1,13,332
1,14,164
1,15,143
1,16,175
1,17,393
1,18,14
1,19,132
1,21,186
1,22,130
1,23,261
1,24,64
1,25,233
1,27,236
1,28,247
1,29,56
1,32,45
1,33,190
1,36,161
1,38,344
1,39,80
1,40,230
1,42,371
1,43,267
1,44,223
1,45,384
1,46,94
1,47,43
1,48,383
1,49,19
1,50,113
1,51,145
1,53,373
1,54,123
1,57,287
1,58,207
1,63,394
1,64,240
1,65,383
1,66,238
1,67,44
1,68,195
1,70,386
1,72,41
1,73,92
1,74,18
1,75,134
1,76,248
1,77,333
1,78,72
1,79,150
1,81,134
1,82,183
1,83,48
1,87,46
1,89,323
1,90,258
1,91,227
1,92,319
1,95,276
1,96,371
1,102,1
1,107,18
1,109,63
1,111,176
1,117,53
1,119,193
1,123,381
1,124,232
1,127,22
1,128,72
1,130,97
1,139,288
1,141,314
1,145,157
1,147,64
1,148,42
1,151,14
1,152,182
1,153,113
1,156,243
1,157,277
1,158,140
1,161,130
1,163,142
1,165,177
1,170,356
1,172,385
1,173,178
1,174,125
1,176,294
1,177,152
1,179,211
1,189,304
1,190,270
1,192,384
1,194,188
1,197,17
1,199,34
2,1,218
2,3,242
2,4,303
2,7,295
2,9,240
2,10,54
2,11,135
2,13,356
2,15,198
2,16,223
2,17,303
2,18,118
2,20,107
2,21,287
2,22,182
2,23,234
2,24,128
2,26,310
2,27,10
2,28,187
2,29,329
2,30,64
2,31,98
2,33,246
2,36,334
2,37,293
2,38,348
2,41,151
2,42,317
2,43,350
2,44,252
2,45,148
2,46,111
2,48,57
2,49,322
2,50,108
2,51,302
2,53,62
2,54,187
2,55,112
2,56,375
2,57,285
2,58,85
2,60,120
2,62,229
2,63,28
2,64,358
2,65,108
2,67,117
2,68,272
2,70,180
2,71,343
2,72,379
2,74,49
2,75,312
2,76,279
2,78,11
2,83,189
2,85,162
2,86,90
2,87,95
2,88,42
2,89,310
2,90,51
2,91,147
2,93,335
2,95,245
2,96,180
2,98,65
2,100,160
2,101,146
2,102,44
2,103,144
2,105,164
2,107,83
2,108,43
2,109,157
2,111,331
2,113,121
2,115,191
2,118,141
2,119,385
2,126,113
2,129,400
2,137,33
2,138,252
2,139,337
2,142,291
2,145,243
2,148,251
2,150,253
2,155,42
2,157,234
2,161,283
2,164,112
2,167,138
2,168,84
2,169,40
2,171,60
2,173,229
2,181,122
2,182,347
2,183,300
2,184,9
2,185,180
2,188,256
2,190,174
2,191,42
2,192,61
2,193,263
2,194,151
2,197,29
2,199,350
3,1,310
3,2,242
3,4,368
3,5,224
3,6,203
3,7,214
3,8,36
3,11,260
3,12,45
3,13,259
3,14,234
3,15,13
3,16,382
3,17,45
3,18,7
3,20,199
3,22,119
3,29,136
3,33,171
3,35,254
3,36,95
3,39,195
3,40,23
3,41,339
3,42,174
3,44,294
3,45,183
3,48,156
3,52,168
3,53,271
3,54,22
3,55,160
3,56,28
3,57,202
3,58,334
3,60,143
3,61,73
3,62,178
3,63,140
3,66,297
3,68,13
3,69,88
3,70,313
3,71,108
3,72,83
3,73,67
3,76,221
3,77,190
3,78,70
3,79,39
3,80,129
3,81,353
3,83,258
3,85,261
3,88,317
3,94,355
3,96,206
3,97,104
3,98,187
3,99,95
3,103,353
3,104,192
3,108,217
3,110,103
3,112,259
3,114,69
3,115,243
3,117,47
3,118,42
3,120,289
3,125,224
3,127,248
3,138,52
3,139,239
3,140,195
3,146,131
3,150,190
3,151,213
3,154,344
3,158,355
3,159,72
3,164,137
3,172,333
3,173,311
3,174,85
3,175,109
3,181,152
3,182,325
3,185,324
3,190,135
3,192,386
3,196,60
3,198,109
4,1,205
4,2,303
4,3,368
4,5,272
4,6,16
4,7,21
4,10,312
4,11,230
4,13,3
4,14,231
4,15,188
4,16,84
4,17,130
4,18,225
4,19,357
4,20,68
4,21,136
4,23,382
4,25,231
4,26,298
4,27,311
4,31,317
4,32,5
4,35,285
4,36,15
4,37,169
4,38,366
4,39,189
4,40,170
4,41,150
4,42,79
4,43,172
4,44,169
4,46,366
4,48,297
4,49,182
4,55,151
4,56,377
4,58,121
4,59,295
4,60,202
4,62,39
4,65,288
4,66,217
4,68,271
4,69,346
4,73,161
4,77,79
4,78,248
4,79,361
4,81,137
4,84,87
4,85,293
4,87,291
4,88,393
4,90,40
4,94,77
4,96,114
4,100,289
4,101,333
4,102,74
4,103,347
4,104,251
4,106,144
4,108,399
4,111,212
4,112,1
4,113,18
4,115,173
4,116,319
4,118,179
4,121,243
4,122,63
4,124,94
4,128,322
4,130,171
4,131,351
4,132,254
4,133,116
4,134,66
4,135,174
4,137,353
4,140,4
4,141,216
4,143,73
4,144,159
4,146,222
4,150,151
4,153,151
4,155,62
4,156,120
4,157,378
4,159,60
4,161,348
4,165,290
4,170,229
4,172,157
4,173,219
4,174,180
4,175,34
4,185,132
4,186,282
4,188,53
5,1,330
5,3,224
5,4,272
5,6,198
5,8,118
5,10,222
5,11,288
5,12,266
5,14,35
5,15,276
5,16,169
5,17,319
5,19,65
5,20,116
5,21,208
5,22,210
5,24,40
5,25,387
5,26,295
5,27,332
5,28,95
5,30,322
5,31,79
5,32,253
5,33,81
5,34,385
5,37,217
5,39,117
5,40,318
5,41,42
5,42,45
5,46,381
5,47,365
5,48,84
5,50,368
5,51,155
5,52,207
5,54,339
5,58,243
5,59,396
5,61,380
5,65,328
5,66,85
5,67,4
5,68,300
5,69,335
5,70,332
5,72,83
5,73,194
5,74,28
5,76,328
5,78,135
5,79,175
5,80,135
5,82,79
5,85,148
5,87,123
5,88,307
5,90,50
5,92,284
5,93,319
5,95,107
5,96,214
5,99,240
5,100,244
5,101,394
5,102,14
5,105,50
5,109,279
5,112,91
5,113,222
5,114,37
5,117,334
5,119,125
5,121,108
5,122,201
5,123,381
5,124,397
5,125,380
5,138,6
5,141,18
5,142,129
5,144,66
5,149,189
5,152,313
5,156,27
5,157,143
5,158,118
5,163,246
5,166,106
5,167,21
5,172,239
5,179,177
5,180,296
5,185,248
5,191,34
5,195,327
5,197,98
6,1,400
6,3,203
6,4,16
6,5,198
6,8,235
6,9,221
6,10,274
6,12,234
6,13,139
6,15,233
6,16,107
6,20,13
6,21,344
6,23,248
6,25,126
6,27,87
6,29,317
6,31,280
6,33,324
6,35,210
6,36,384
6,37,137
6,38,34
6,40,165
6,41,171
6,42,71
6,46,235
6,48,308
6,49,339
6,50,225
6,51,75
6,52,225
6,53,111
6,58,317
6,59,245
6,60,62
6,61,295
6,63,229
6,65,239
6,67,315
6,70,121
6,71,45
6,73,266
6,75,119
6,77,92
6,78,236
6,79,45
6,80,140
6,83,274
6,84,363
6,87,349
6,88,127
6,89,38
6,90,284
6,92,114
6,93,319
6,94,328
6,95,182
6,97,55
6,99,368
6,100,171
6,102,80
6,105,333
6,107,112
6,116,262
6,120,62
6,122,285
6,130,297
6,133,348
6,135,272
6,138,76
6,140,166
6,141,339
6,142,77
6,145,15
6,147,264
6,148,60
6,150,217
6,152,271
6,154,206
6,157,304
6,158,175
6,161,286
6,162,225
6,167,317
6,169,309
6,172,146
6,173,224
6,174,131
6,176,338
6,177,398
6,183,200
6,185,267
6,187,338
6,189,115
6,193,32
7,2,295
7,3,214
7,4,21
7,9,329
7,10,371
7,12,398
7,16,384
7,17,398
7,18,377
7,19,160
7,20,392
7,21,77
7,23,189
7,24,162
7,25,323
7,26,340
7,29,43
7,30,325
7,33,12
7,36,15
7,37,125
7,42,238
7,44,283
7,45,120
7,46,11
7,47,306
7,49,209
7,52,272
7,53,9
7,57,224
7,59,12
7,63,21
7,64,93
7,66,339
7,67,146
7,68,63
7,71,208
7,73,76
7,74,181
7,75,278
7,76,229
7,77,359
7,78,165
7,80,84
7,81,27
7,82,369
7,83,228
7,84,381
7,85,356
7,86,210
7,87,216
7,88,114
7,91,389
7,93,365
7,95,180
7,96,9
7,99,166
7,100,153
7,101,263
7,102,94
7,104,322
7,106,398
7,108,375
7,109,210
7,113,112
7,114,150
7,116,184
7,119,101
7,120,8
7,121,62
7,122,90
7,123,72
7,125,13
7,126,221
7,129,331
7,130,83
7,134,82
7,137,312
7,139,365
7,143,16
7,146,345
7,147,158
7,150,266
7,155,286
7,158,314
7,163,29
7,164,16
7,167,364
7,170,125
7,173,299
7,177,14
7,178,107
7,179,32
7,180,267
7,183,291
7,184,196
7,187,56
7,188,16
7,191,312
7,193,311
7,196,143
7,197,216
8,1,141
8,3,36
8,5,118
8,6,235
8,9,300
8,10,18
8,11,101
8,12,254
8,13,20
8,14,112
8,15,214
8,16,264
8,19,359
8,22,40
8,24,204
8,25,7
8,27,294
8,30,128
8,31,180
8,32,301
8,33,58
8,34,296
8,36,378
8,37,345
8,38,336
8,40,154
8,41,255
8,42,155
8,43,288
8,46,253
8,50,124
8,53,322
8,55,386
8,58,136
8,59,318
8,60,61
8,61,129
8,63,379
8,65,118
8,66,77
8,69,98
8,72,322
8,73,188
8,74,15
8,75,29
8,76,329
8,78,21
8,79,297
8,81,321
8,82,267
8,83,293
8,88,78
8,89,165
8,92,51
8,96,111
8,97,126
8,98,20
8,99,361
8,100,363
8,101,218
8,102,274
8,103,107
8,104,205
8,105,180
8,108,294
8,111,390
8,112,70
8,113,75
8,115,125
8,116,96
8,119,165
8,123,189
8,128,295
8,129,62
8,137,119
8,140,183
8,143,1
8,145,180
8,148,395
8,154,356
8,156,393
8,158,39
8,162,287
8,164,126
8,170,148
8,186,25
8,188,234
8,190,252
8,193,209
8,195,2
9,1,113
9,2,240
9,6,221
9,7,329
9,8,300
9,10,368
9,11,295
9,12,60
9,14,70
9,15,19
9,18,392
9,19,274
9,20,2
9,21,276
9,22,330
9,23,121
9,24,323
9,25,296
9,26,245
9,27,311
9,29,266
9,30,123
9,31,239
9,32,37
9,33,163
9,34,368
9,35,130
9,38,108
9,39,172
9,41,183
9,42,203
9,43,243
9,45,252
9,46,329
9,48,9
9,51,352
9,52,323
9,54,90
9,58,337
9,59,320
9,60,108
9,62,309
9,63,200
9,65,42
9,68,74
9,70,17
9,71,128
9,72,219
9,73,303
9,74,115
9,82,395
9,84,167
9,86,340
9,88,363
9,89,73
9,91,230
9,93,235
9,94,234
9,95,392
9,96,270
9,101,4
9,102,24
9,104,118
9,105,80
9,106,261
9,108,258
9,111,202
9,112,59
9,114,211
9,116,286
9,119,70
9,121,344
9,124,79
9,125,156
9,127,93
9,131,265
9,132,160
9,134,175
9,135,226
9,136,68
9,139,395
9,140,302
9,142,137
9,146,398
9,147,93
9,148,269
9,149,208
9,152,217
9,153,235
9,156,94
9,158,91
9,162,11
9,164,275
9,165,80
9,168,397
9,170,368
9,171,195
9,174,254
9,175,39
9,176,16
9,184,312
9,187,350
9,190,82
9,192,34
9,196,300
10,2,54
10,4,312
10,5,222
10,6,274
10,7,371
10,8,18
10,9,368
10,14,215
10,15,93
10,16,368
10,18,72
10,19,263
10,20,266
10,21,80
10,22,82
10,23,337
10,24,387
10,29,238
10,32,82
10,34,270
10,35,107
10,36,302
10,37,307
10,38,1
10,39,18
10,43,376
10,45,235
10,46,132
10,47,17
10,49,316
10,51,306
10,52,216
10,53,390
10,57,369
10,60,37
10,62,146
10,65,279
10,66,236
10,68,79
10,71,154
10,72,209
10,74,97
10,75,345
10,76,231
10,77,191
10,78,173
10,79,140
10,80,259
10,81,156
10,83,392
10,84,51
10,85,19
10,86,45
10,87,68
10,88,236
10,89,400
10,91,69
10,92,22
10,93,134
10,94,350
10,96,99
10,97,223
10,100,189
10,101,22
10,103,174
10,107,59
10,108,211
10,109,179
10,112,60
10,114,275
10,116,297
10,117,210
10,120,93
10,121,298
10,123,35
10,124,42
10,125,16
10,126,163
10,129,341
10,130,259
10,131,97
10,134,366
10,136,155
10,137,125
10,139,142
10,142,399
10,143,189
10,144,52
10,146,316
10,147,311
10,150,161
10,151,365
10,165,305
10,168,299
10,171,81
10,175,366
10,177,137
10,178,234
10,182,29
10,197,366
11,1,266
11,2,135
11,3,260
11,4,230
11,5,288
11,8,101
11,9,295
11,12,261
11,14,79
11,15,22
11,16,57
11,17,15
11,20,308
11,21,211
11,22,104
11,23,275
11,25,121
11,27,33
11,31,13
11,32,25
11,34,308
11,35,177
11,36,35
11,37,182
11,38,256
11,39,41
11,41,270
11,44,343
11,46,270
11,47,189
11,49,265
11,52,50
11,53,254
11,54,153
11,55,145
11,56,94
11,57,279
11,58,221
11,59,278
11,60,389
11,61,302
11,62,356
11,63,21
11,65,195
11,71,70
11,72,176
11,74,79
11,76,363
11,79,249
11,82,46
11,84,389
11,85,191
11,87,374
11,88,230
11,92,23
11,94,342
11,95,168
11,96,204
11,101,388
11,104,223
11,105,173
11,106,360
11,110,55
11,111,320
11,112,284
11,115,191
11,116,52
11,118,81
11,119,285
11,120,63
11,125,141
11,126,306
11,128,9
11,130,161
11,131,393
11,136,187
11,138,256
11,139,296
11,140,23
11,142,133
11,148,5
11,150,116
11,152,153
11,154,378
11,155,103
11,157,304
11,166,171
11,167,48
11,170,208
11,173,384
11,181,105
11,183,12
11,185,249
11,186,103
11,189,357
11,196,348
11,197,6
11,199,284
12,1,389
12,3,45
12,5,266
12,6,234
12,7,398
12,8,254
12,9,60
12,11,261
12,13,209
12,14,367
12,15,3
12,16,93
12,17,258
12,18,385
12,20,141
12,21,324
12,22,347
12,24,281
12,25,178
12,26,70
12,29,22
12,31,225
12,32,352
12,35,110
12,37,160
12,38,245
12,39,15
12,40,65
12,44,4
12,45,11
12,46,120
12,47,92
12,49,365
12,50,327
12,51,363
12,53,188
12,54,122
12,56,119
12,57,47
12,59,281
12,61,123
12,62,130
12,64,159
12,65,213
12,66,379
12,67,90
12,68,294
12,70,338
12,71,239
12,72,72
12,73,93
12,74,213
12,75,342
12,79,214
12,80,227
12,81,145
12,84,226
12,85,305
12,86,139
12,89,325
12,90,27
12,91,90
12,92,26
12,93,115
12,97,68
12,99,189
12,100,164
12,101,195
12,102,218
12,104,151
12,105,49
12,106,98
12,107,303
12,108,160
12,110,204
12,115,367
12,119,372
12,120,221
12,129,265
12,130,146
12,133,141
12,135,150
12,138,17
12,140,232
12,142,92
12,144,368
12,149,46
12,151,80
12,153,7
12,154,35
12,155,236
12,158,283
12,159,301
12,160,239
12,163,358
12,165,75
12,168,43
12,171,334
12,174,262
12,175,256
12,176,232
12,179,269
12,180,123
12,181,241
12,185,368
12,187,253
12,189,370
12,191,31
12,195,108
12,197,69
12,199,99
12,200,78
13,1,332
13,2,356
13,3,259
13,4,3
13,6,139
13,8,20
13,12,209
13,14,261
13,15,251
13,16,84
13,17,1
13,18,47
13,19,342
13,21,163
13,22,173
13,23,150
13,24,24
13,25,151
13,26,21
13,27,182
13,28,134
13,29,96
13,32,237
13,33,43
13,34,143
13,35,39
13,36,225
13,37,301
13,39,351
13,40,2
13,42,29
13,43,249
13,44,235
13,46,376
13,47,383
13,48,128
13,50,221
13,51,53
13,53,279
13,55,211
13,56,307
13,57,373
13,58,30
13,63,204
13,64,133
13,65,99
13,66,345
13,67,122
13,68,20
13,69,160
13,70,331
13,71,38
13,73,302
13,77,145
13,79,69
13,80,89
13,82,144
13,83,232
13,86,133
13,88,270
13,90,184
13,95,5
13,98,200
13,99,280
13,101,271
13,104,353
13,106,68
13,116,253
13,119,166
13,121,134
13,122,53
13,123,90
13,125,274
13,127,191
13,128,242
13,131,146
13,132,104
13,136,185
13,138,189
13,141,137
13,142,389
13,143,288
13,148,153
13,149,365
13,152,389
13,154,65
13,155,360
13,159,162
13,161,231
13,166,270
13,167,381
13,168,227
13,169,112
13,170,97
13,173,266
13,176,394
13,180,249
13,181,102
13,183,177
13,184,338
13,186,283
13,194,267
13,195,79
13,196,213
13,197,110
14,1,164
14,3,234
14,4,231
14,5,35
14,8,112
14,9,70
14,10,215
14,11,79
14,12,367
14,13,261
14,18,333
14,20,224
14,25,270
14,26,90
14,27,27
14,28,288
14,29,356
14,30,246
14,32,102
14,33,391
14,34,382
14,35,264
14,36,87
14,37,131
14,38,10
14,40,339
14,41,269
14,42,370
14,43,392
14,45,261
14,47,390
14,48,150
14,49,28
14,50,135
14,51,349
14,52,389
14,53,216
14,54,157
14,57,149
14,58,374
14,60,146
14,61,18
14,62,139
14,63,5
14,65,42
14,66,145
14,67,147
14,68,250
14,69,152
14,70,323
14,71,152
14,72,250
14,73,256
14,74,185
14,78,247
14,81,36
14,82,142
14,83,161
14,87,153
14,88,5
14,89,154
14,90,379
14,91,219
14,92,35
14,93,100
14,94,288
14,95,379
14,96,362
14,101,287
14,102,338
14,103,260
14,104,203
14,106,378
14,113,173
14,114,242
14,117,251
14,119,294
14,122,371
14,125,195
14,128,47
14,129,193
14,132,59
14,133,91
14,134,157
14,137,59
14,138,206
14,139,64
14,141,397
14,142,356
14,144,301
14,147,59
14,149,168
14,153,186
14,154,129
14,160,344
14,164,120
14,167,286
14,169,93
14,172,302
14,174,138
14,175,365
14,177,67
14,179,319
14,182,317
14,184,249
14,188,128
14,189,63
14,191,349
14,198,146
15,1,143
15,2,198
15,3,13
15,4,188
15,5,276
15,6,233
15,8,214
15,9,19
15,10,93
15,11,22
15,12,3
15,13,251
15,20,266
15,21,335
15,23,66
15,24,318
15,27,190
15,28,282
15,29,37
15,30,4
15,31,45
15,32,174
15,34,234
15,37,51
15,38,370
15,45,159
15,46,1
15,47,217
15,48,171
15,50,60
15,51,393
15,52,164
15,53,313
15,56,67
15,61,318
15,64,275
15,65,299
15,66,51
15,67,28
15,69,385
15,70,358
15,71,73
15,73,334
15,74,94
15,76,18
15,77,373
15,79,24
15,80,225
15,81,265
15,82,40
15,83,105
15,84,65
15,85,24
15,86,138
15,90,67
15,96,167
15,97,58
15,99,324
15,103,40
15,104,253
15,106,11
15,109,24
15,111,155
15,116,196
15,117,207
15,119,397
15,122,282
15,123,274
15,127,389
15,131,316
15,132,205
15,133,326
15,134,49
15,135,379
15,137,267
15,139,5
15,141,202
15,143,338
15,145,22
15,146,249
15,148,341
15,150,109
15,154,177
15,159,10
15,162,74
15,168,58
15,169,250
15,172,248
15,177,181
15,182,103
15,183,112
15,185,306
15,186,227
15,188,183
15,189,240
15,190,347
15,193,10
15,194,199
15,195,364
15,196,352
15,198,37
15,200,325
16,1,175
16,2,223
16,3,382
16,4,84
16,5,169
16,6,107
16,7,384
16,8,264
16,10,368
16,11,57
16,12,93
16,13,84
16,17,363
16,21,396
16,22,43
16,23,301
16,24,9
16,25,87
16,26,1
16,27,214
16,28,98
16,29,365
16,30,300
16,31,39
16,33,367
16,34,334
16,35,17
16,36,356
16,37,179
16,40,93
16,42,398
16,43,266
16,44,132
16,45,120
16,46,355
16,49,22
16,50,148
16,53,365
16,54,288
16,55,119
16,57,51
16,58,255
16,59,100
16,62,358
16,63,335
16,64,194
16,65,81
16,66,130
16,67,211
16,69,39
16,71,196
16,73,136
16,74,378
16,75,167
16,76,327
16,77,212
16,78,311
16,79,336
16,80,311
16,82,285
16,83,376
16,84,116
16,85,40
16,86,316
16,89,114
16,90,62
16,94,10
16,95,47
16,96,16
16,97,5
16,98,391
16,100,290
16,102,347
16,104,81
16,106,333
16,107,125
16,109,59
16,111,88
16,112,230
16,116,54
16,121,95
16,125,292
16,130,153
16,131,276
16,141,381
16,142,370
16,143,5
16,144,40
16,145,390
16,146,376
16,147,289
16,153,8
16,155,41
16,156,256
16,161,326
16,163,277
16,164,55
16,167,200
16,170,341
16,173,132
16,177,263
16,178,369
16,183,371
16,184,27
16,187,45
16,190,167
16,191,94
16,195,363
16,197,353
17,1,393
17,2,303
17,3,45
17,4,130
17,5,319
17,7,398
17,11,15
17,12,258
17,13,1
17,16,363
17,18,73
17,19,222
17,20,308
17,23,87
17,24,56
17,25,178
17,26,162
17,27,282
17,28,302
17,29,307
17,30,80
17,31,29
17,32,226
17,34,165
17,35,142
17,37,363
17,40,297
17,41,58
17,42,362
17,43,76
17,45,224
17,47,184
17,52,35
17,54,267
17,55,325
17,56,112
17,57,75
17,60,392
17,61,34
17,64,284
17,66,371
17,69,305
17,70,162
17,71,120
17,72,246
17,73,347
17,75,48
17,76,338
17,77,371
17,79,306
17,80,79
17,81,38
17,84,253
17,85,14
17,86,273
17,87,340
17,91,157
17,92,86
17,94,200
17,95,270
17,97,53
17,98,29
17,99,198
17,100,312
17,103,132
17,104,276
17,106,127
17,107,325
17,110,147
17,111,60
17,115,318
17,116,123
17,121,235
17,123,301
17,127,386
17,128,199
17,130,133
17,131,246
17,132,234
17,133,230
17,135,23
17,139,341
17,142,249
17,143,260
17,145,230
17,147,72
17,148,322
17,150,47
17,151,144
17,153,239
17,154,34
17,157,231
17,158,229
17,159,105
17,160,304
17,162,321
17,169,192
17,171,371
17,174,275
17,175,116
17,189,364
17,190,16
18,1,14
18,2,118
18,3,7
18,4,225
18,7,377
18,9,392
18,10,72
18,12,385
18,13,47
18,14,333
18,17,73
18,19,260
18,23,25
18,24,198
18,25,198
18,27,324
18,28,310
18,30,334
18,31,241
18,32,187
18,34,233
18,36,223
18,37,168
18,38,12
18,41,189
18,42,360
18,43,224
18,44,2
18,45,7
18,46,301
18,47,343
18,48,30
18,49,62
18,50,278
18,51,170
18,52,309
18,53,145
18,54,135
18,56,392
18,57,207
18,58,377
18,60,173
18,61,382
18,62,331
18,65,121
18,66,277
18,67,339
18,68,348
18,69,118
18,70,7
18,71,357
18,72,203
18,73,386
18,74,133
18,79,146
18,80,226
18,81,75
18,82,285
18,83,327
18,87,11
18,89,361
18,90,197
18,92,375
18,93,189
18,95,338
18,98,209
18,100,119
18,101,164
18,102,18
18,104,28
18,105,146
18,106,13
18,108,158
18,110,29
18,111,152
18,115,287
18,117,2
18,121,297
18,122,70
18,124,348
18,125,255
18,129,110
18,131,180
18,135,6
18,138,398
18,139,69
18,141,380
18,147,68
18,151,15
18,152,230
18,160,397
18,161,324
18,162,143
18,163,50
18,165,187
18,166,201
18,172,345
18,173,305
18,174,193
18,175,302
18,177,20
18,179,24
18,180,182
18,181,232
18,183,55
18,193,391
18,194,158
18,195,175
18,198,215
18,199,287
19,1,132
19,4,357
19,5,65
19,7,160
19,8,359
19,9,274
19,10,263
19,13,342
19,17,222
19,18,260
19,20,52
19,21,360
19,24,389
19,25,90
19,26,235
19,28,65
19,30,366
19,32,337
19,33,83
19,34,309
19,37,385
19,39,276
19,42,345
19,43,274
19,45,336
19,46,90
19,47,71
19,48,59
19,50,40
19,51,19
19,54,55
19,55,114
19,56,28
19,57,116
19,59,173
19,60,30
19,61,124
19,62,293
19,64,56
19,65,273
19,66,383
19,67,303
19,70,243
19,73,99
19,74,28
19,76,339
19,78,32
19,79,92
19,83,89
19,85,216
19,88,363
19,91,111
19,92,77
19,93,374
19,95,254
19,97,332
19,99,160
19,100,131
19,101,181
19,102,241
19,103,380
19,104,51
19,105,112
19,108,18
19,112,162
19,113,306
19,114,221
19,115,385
19,116,22
19,117,176
19,125,108
19,126,349
19,127,6
19,131,347
19,132,330
19,134,46
19,135,380
19,136,291
19,138,303
19,140,197
19,141,378
19,146,162
19,148,313
19,152,301
19,154,255
19,164,303
19,165,383
19,167,91
19,169,117
19,174,249
19,178,297
19,183,21
19,184,251
19,186,232
19,188,64
19,193,105
19,196,301
19,197,350
19,199,53
20,2,107
20,3,199
20,4,68
20,5,116
20,6,13
20,7,392
20,9,2
20,10,266
20,11,308
20,12,141
20,14,224
20,15,266
20,17,308
20,19,52
20,21,64
20,23,397
20,24,329
20,25,60
20,26,40
20,27,58
20,28,6
20,29,178
20,30,45
20,32,277
20,33,26
20,34,189
20,35,63
20,37,225
20,38,49
20,39,204
20,42,17
20,44,119
20,45,191
20,46,199
20,47,214
20,48,63
20,49,236
20,50,165
20,51,320
20,52,290
20,53,39
20,54,347
20,57,30
20,60,247
20,61,24
20,62,87
20,64,284
20,65,221
20,66,68
20,67,323
20,69,379
20,72,140
20,73,217
20,74,19
20,75,155
20,76,101
20,77,224
20,78,169
20,82,382
20,83,203
20,84,78
20,89,328
20,90,97
20,94,241
20,96,115
20,97,77
20,98,233
20,102,272
20,106,265
20,107,215
20,108,272
20,109,147
20,111,137
20,113,339
20,114,9
20,116,191
20,117,88
20,119,120
20,121,313
20,122,39
20,124,271
20,125,339
20,131,166
20,135,115
20,138,159
20,139,22
20,142,367
20,143,186
20,145,64
20,149,177
20,150,189
20,153,190
20,160,100
20,161,205
20,163,162
20,164,351
20,169,299
20,170,330
20,174,153
20,175,379
20,176,132
20,177,102
20,179,10
20,180,395
20,186,68
20,189,46
20,190,67
20,191,134
20,193,198
21,1,186
21,2,287
21,4,136
21,5,208
21,6,344
21,7,77
21,9,276
21,10,80
21,11,211
21,12,324
21,13,163
21,15,335
21,16,396
21,19,360
21,20,64
21,22,7
21,31,48
21,33,77
21,34,311
21,35,142
21,36,206
21,37,42
21,38,196
21,39,11
21,40,113
21,41,89
21,43,55
21,44,210
21,45,35
21,46,329
21,47,350
21,48,326
21,50,135
21,53,5
21,54,102
21,55,75
21,59,136
21,63,121
21,66,271
21,67,228
21,68,50
21,70,179
21,71,281
21,72,141
21,75,285
21,77,149
21,78,38
21,79,20
21,82,372
21,84,316
21,86,212
21,88,86
21,90,77
21,91,172
21,92,283
21,94,360
21,96,188
21,98,334
21,100,366
21,101,206
21,102,384
21,105,51
21,106,77
21,109,208
21,110,243
21,113,343
21,114,207
21,115,284
21,120,354
21,127,68
21,129,143
21,130,292
21,134,390
21,135,395
21,138,188
21,147,146
21,148,341
21,149,152
21,151,344
21,152,90
21,157,134
21,159,147
21,161,69
21,162,313
21,163,76
21,166,181
21,168,279
21,170,37
21,173,187
21,174,67
21,175,219
21,178,200
21,182,191
21,186,353
21,187,126
21,188,20
21,191,227
21,192,320
22,1,130
22,2,182
22,3,119
22,5,210
22,8,40
22,9,330
22,10,82
22,11,104
22,12,347
22,13,173
22,16,43
22,21,7
22,23,60
22,26,211
22,27,17
22,28,148
22,31,367
22,32,73
22,33,269
22,34,345
22,35,307
22,40,81
22,41,140
22,42,380
22,43,326
22,47,146
22,51,17
22,52,84
22,53,115
22,54,334
22,55,384
22,56,375
22,58,289
22,62,181
22,63,301
22,64,292
22,65,144
22,67,142
22,68,166
22,70,128
22,71,1
22,75,241
22,76,180
22,77,5
22,78,76
22,81,323
22,82,174
22,84,197
22,86,88
22,88,199
22,89,69
22,90,266
22,93,123
22,94,109
22,96,278
22,97,228
22,98,266
22,101,8
22,103,290
22,107,231
22,108,165
22,109,77
22,111,137
22,112,194
22,113,189
22,119,241
22,122,87
22,123,197
22,127,68
22,128,264
22,129,156
22,131,56
22,133,378
22,144,309
22,146,175
22,147,97
22,148,167
22,151,186
22,152,185
22,156,278
22,159,20
22,160,163
22,161,353
22,162,172
22,163,31
22,167,220
22,168,193
22,172,98
22,174,358
22,175,90
22,177,291
22,180,174
22,183,77
22,193,390
22,196,208
22,197,199
23,1,261
23,2,234
23,4,382
23,6,248
23,7,189
23,9,121
23,10,337
23,11,275
23,13,150
23,15,66
23,16,301
23,17,87
23,18,25
23,20,397
23,22,60
23,24,211
23,26,32
23,29,337
23,31,181
23,32,87
23,33,27
23,34,20
23,36,277
23,39,394
23,40,227
23,42,101
23,43,347
23,44,114
23,45,189
23,47,34
23,48,157
23,49,291
23,50,381
23,51,129
23,52,390
23,53,74
23,54,70
23,55,327
23,57,156
23,58,18
23,60,115
23,61,394
23,62,336
23,64,130
23,65,132
23,66,153
23,67,210
23,68,204
23,70,325
23,71,22
23,72,322
23,73,37
23,74,279
23,75,387
23,77,7
23,79,333
23,80,280
23,81,165
23,82,152
23,83,97
23,84,53
23,85,22
23,87,82
23,88,164
23,89,49
23,94,310
23,95,399
23,96,221
23,97,8
23,98,45
23,103,213
23,110,367
23,111,286
23,112,33
23,116,4
23,119,280
23,120,60
23,121,19
23,123,32
23,124,179
23,126,95
23,127,309
23,129,61
23,133,35
23,135,124
23,137,168
23,138,265
23,143,63
23,146,251
23,147,388
23,150,319
23,151,386
23,152,375
23,153,319
23,154,262
23,155,16
23,156,352
23,158,49
23,159,280
23,168,100
23,169,397
23,171,394
23,174,254
23,177,27
23,181,136
23,183,316
23,185,235
23,186,175
24,1,64
24,2,128
24,5,40
24,7,162
24,8,204
24,9,323
24,10,387
24,12,281
24,13,24
24,15,318
24,16,9
24,17,56
24,18,198
24,19,389
24,20,329
24,23,211
24,26,224
24,28,396
24,30,78
24,32,146
24,36,146
24,38,390
24,39,173
24,40,204
24,45,379
24,46,152
24,47,171
24,49,396
24,52,140
24,53,230
24,54,79
24,55,206
24,56,368
24,59,246
24,60,266
24,63,18
24,65,157
24,66,202
24,67,164
24,69,207
24,72,49
24,73,76
24,74,316
24,76,30
24,77,249
24,79,333
24,80,39
24,83,162
24,84,32
24,85,330
24,87,195
24,88,282
24,89,57
24,90,186
24,91,80
24,92,78
24,93,157
24,99,192
24,101,86
24,103,237
24,105,121
24,106,235
24,107,77
24,108,191
24,111,312
24,113,49
24,117,29
24,119,11
24,120,149
24,124,284
24,126,112
24,133,319
24,134,30
24,138,320
24,139,352
24,140,281
24,143,219
24,146,67
24,148,11
24,153,123
24,154,151
24,160,220
24,164,139
24,166,262
24,167,195
24,170,312
24,172,181
24,173,201
24,174,318
24,177,371
24,182,208
24,184,118
24,188,369
24,191,393
24,192,283
24,198,242
24,200,9
25,1,233
25,4,231
25,5,387
25,6,126
25,7,323
25,8,7
25,9,296
25,11,121
25,12,178
25,13,151
25,14,270
25,16,87
25,17,178
25,18,198
25,19,90
25,20,60
25,27,261
25,29,239
25,30,323
25,31,86
25,32,163
25,33,174
25,34,31
25,35,48
25,36,364
25,38,366
25,39,317
25,40,356
25,41,199
25,44,198
25,45,182
25,46,379
25,48,355
25,51,238
25,52,322
25,54,186
25,55,375
25,56,390
25,57,345
25,58,344
25,59,13
25,60,95
25,63,249
25,64,144
25,65,67
25,66,132
25,67,96
25,68,221
25,69,209
25,70,375
25,72,58
25,73,396
25,74,287
25,76,368
25,77,178
25,85,15
25,87,218
25,88,181
25,89,29
25,90,212
25,96,44
25,98,45
25,101,233
25,104,282
25,109,160
25,110,311
25,112,150
25,113,328
25,118,214
25,119,194
25,120,204
25,122,197
25,123,175
25,128,315
25,137,179
25,141,179
25,142,207
25,146,140
25,150,85
25,151,317
25,153,129
25,154,255
25,155,159
25,156,191
25,159,330
25,162,58
25,163,361
25,165,122
25,169,247
25,170,12
25,171,130
25,176,213
25,187,169
25,188,110
25,192,161
25,195,191
25,197,374
25,199,395
25,200,376
26,2,310
26,4,298
26,5,295
26,7,340
26,9,245
26,12,70
26,13,21
26,14,90
26,16,1
26,17,162
26,19,235
26,20,40
26,22,211
26,23,32
26,24,224
26,27,146
26,29,48
26,31,365
26,32,181
26,37,223
26,39,205
26,41,377
26,43,355
26,44,121
26,45,19
26,46,315
26,48,92
26,49,252
26,51,226
26,52,33
26,53,38
26,58,322
26,60,233
26,61,386
26,62,197
26,63,215
26,64,198
26,65,185
26,68,24
26,70,194
26,71,294
26,72,282
26,74,23
26,76,121
26,80,4
26,81,105
26,83,38
26,84,125
26,85,69
26,89,245
26,90,24
26,96,50
26,97,306
26,100,325
26,101,279
26,105,285
26,110,53
26,113,212
26,116,210
26,117,258
26,120,320
26,124,224
26,126,18
26,130,23
26,131,316
26,141,112
26,142,66
26,144,246
26,147,234
26,149,153
26,151,324
26,153,48
26,154,335
26,158,61
26,161,130
26,174,340
26,175,16
26,177,344
26,182,215
26,191,60
26,194,361
26,195,255
26,199,310
27,1,236
27,2,10
27,4,311
27,5,332
27,6,87
27,8,294
27,9,311
27,11,33
27,13,182
27,14,27
27,15,190
27,16,214
27,17,282
27,18,324
27,20,58
27,22,17
27,25,261
27,26,146
27,28,103
27,29,120
27,32,84
27,33,279
27,34,66
27,36,267
27,37,46
27,38,397
27,39,84
27,40,172
27,41,10
27,45,101
27,48,65
27,49,305
27,50,198
27,51,389
27,53,158
27,54,358
27,56,79
27,57,199
27,58,184
27,59,51
27,61,364
27,62,220
27,66,357
27,67,341
27,73,17
27,75,287
27,77,129
27,80,98
27,81,52
27,82,16
27,83,126
27,85,23
27,86,305
27,87,233
27,89,85
27,90,50
27,91,113
27,92,400
27,93,193
27,95,17
27,99,234
27,101,81
27,106,149
27,107,239
27,109,343
27,112,228
27,114,177
27,115,391
27,118,121
27,119,228
27,120,101
27,124,206
27,126,204
27,127,74
27,128,315
27,132,92
27,133,76
27,135,86
27,138,279
27,140,360
27,141,344
27,144,347
27,148,106
27,149,322
27,153,149
27,157,47
27,160,134
27,161,336
27,164,348
27,165,393
27,170,200
27,171,223
27,173,392
27,180,137
27,181,380
27,184,138
27,186,284
27,189,48
27,190,206
27,192,228
27,194,315
27,196,115
27,199,345
28,1,247
28,2,187
28,5,95
28,13,134
28,14,288
28,15,282
28,16,98
28,17,302
28,18,310
28,19,65
28,20,6
28,22,148
28,24,396
28,27,103
28,30,346
28,31,3
28,34,389
28,35,145
28,37,295
28,39,353
28,40,186
28,41,250
28,42,208
28,43,5
28,45,277
28,48,301
28,50,202
28,51,42
28,52,193
28,55,58
28,58,26
28,60,98
28,61,108
28,64,175
28,65,170
28,67,384
28,69,189
28,70,194
28,71,205
28,72,185
28,73,165
28,74,293
28,77,52
28,78,180
28,79,221
28,81,56
28,82,193
28,83,121
28,85,42
28,89,176
28,94,378
28,95,186
28,97,217
28,99,252
28,100,8
28,103,233
28,104,389
28,105,67
28,110,112
28,111,305
28,112,197
28,115,252
28,116,198
28,118,116
28,122,393
28,123,144
28,124,316
28,129,193
28,131,282
28,133,173
28,134,306
28,138,4
28,140,57
28,144,252
28,145,201
28,146,94
28,148,143
28,150,87
28,158,236
28,161,44
28,163,150
28,164,29
28,165,262
28,168,224
28,169,269
28,175,308
28,177,153
28,184,178
28,189,43
28,198,90
28,199,277
29,1,56
29,2,329
29,3,136
29,6,317
29,7,43
29,9,266
29,10,238
29,12,22
29,13,96
29,14,356
29,15,37
29,16,365
29,17,307
29,20,178
29,23,337
29,25,239
29,26,48
29,27,120
29,30,248
29,31,261
29,33,245
29,35,44
29,36,304
29,37,43
29,38,95
29,40,311
29,41,174
29,45,375
29,46,267
29,47,6
29,48,102
29,49,6
29,50,261
29,51,19
29,52,161
29,54,258
29,55,298
29,56,171
29,58,90
29,59,37
29,60,341
29,63,203
29,64,7
29,66,46
29,67,318
29,69,344
29,70,28
29,72,266
29,74,244
29,75,316
29,76,112
29,77,8
29,78,171
29,80,204
29,82,261
29,83,105
29,84,18
29,87,4
29,89,263
29,93,73
29,95,79
29,96,19
29,98,129
29,99,279
29,100,354
29,102,273
29,104,146
29,105,25
29,107,139
29,108,239
29,109,155
29,112,304
29,115,253
29,117,207
29,119,142
29,121,73
29,125,214
29,128,289
29,129,338
29,133,334
29,134,164
29,136,96
29,138,374
29,141,194
29,144,195
29,145,110
29,154,380
29,158,381
29,159,81
29,165,317
29,166,30
29,168,235
29,172,257
29,177,99
29,178,237
29,184,399
29,188,81
29,193,328
29,197,200
30,2,64
30,5,322
30,7,325
30,8,128
30,9,123
30,14,246
30,15,4
30,16,300
30,17,80
30,18,334
30,19,366
30,20,45
30,24,78
30,25,323
30,28,346
30,29,248
30,33,324
30,34,246
30,35,250
30,39,293
30,41,370
30,44,56
30,45,393
30,46,366
30,47,91
30,48,160
30,49,343
30,50,160
30,53,254
30,54,400
30,55,92
30,56,367
30,57,364
30,58,319
30,61,188
30,62,117
30,64,317
30,66,371
30,67,354
30,72,332
30,73,3
30,75,279
30,77,367
30,78,310
30,79,193
30,82,131
30,84,10
30,86,103
30,88,382
30,90,29
30,92,362
30,93,265
30,95,255
30,98,304
30,100,238
30,103,211
30,105,9
30,107,83
30,108,17
30,109,247
30,113,369
30,114,370
30,115,109
30,116,129
30,117,289
30,118,162
30,125,304
30,128,126
30,129,13
30,132,228
30,134,235
30,136,254
30,137,123
30,138,243
30,139,396
30,141,76
30,143,42
30,149,35
30,150,301
30,152,88
30,154,251
30,158,372
30,163,218
30,165,167
30,166,284
30,167,281
30,169,220
30,172,335
30,173,15
30,176,121
30,177,381
30,178,67
30,180,83
30,184,366
30,189,252
30,191,143
30,193,40
30,195,376
30,198,207
30,199,73
30,200,28
31,2,98
31,4,317
31,5,79
31,6,280
31,8,180
31,9,239
31,11,13
31,12,225
31,15,45
31,16,39
31,17,29
31,18,241
31,21,48
31,22,367
31,23,181
31,25,86
31,26,365
31,28,3
31,29,261
31,33,62
31,35,301
31,38,293
31,40,77
31,41,281
31,42,199
31,43,228
31,46,166
31,47,146
31,49,93
31,50,314
31,53,259
31,54,321
31,55,315
31,56,339
31,57,337
31,58,388
31,60,92
31,61,330
31,62,196
31,63,183
31,64,203
31,66,198
31,71,345
31,73,363
31,74,244
31,75,76
31,76,111
31,77,137
31,81,186
31,82,298
31,85,139
31,86,47
31,87,109
31,91,77
31,92,229
31,96,15
31,98,310
31,99,24
31,100,200
31,101,252
31,102,148
31,104,247
31,105,380
31,106,190
31,109,325
31,111,386
31,116,363
31,118,166
31,119,158
31,120,331
31,121,266
31,122,128
31,124,358
31,125,31
31,126,90
31,128,276
31,130,25
31,133,210
31,135,207
31,137,56
31,140,366
31,142,123
31,144,245
31,149,320
31,150,356
31,152,206
31,156,215
31,157,206
31,159,340
31,160,164
31,161,44
31,163,86
31,164,237
31,165,329
31,167,171
31,168,96
31,171,99
31,173,259
31,177,333
31,185,275
31,188,270
31,195,234
31,200,168
32,1,45
32,4,5
32,5,253
32,8,301
32,9,37
32,10,82
32,11,25
32,12,352
32,13,237
32,14,102
32,15,174
32,17,226
32,18,187
32,19,337
32,20,277
32,22,73
32,23,87
32,24,146
32,25,163
32,26,181
32,27,84
32,35,116
32,37,385
32,38,344
32,39,199
32,40,365
32,43,67
32,44,49
32,47,1
32,48,228
32,50,141
32,51,172
32,53,292
32,54,393
32,55,215
32,56,397
32,60,131
32,61,14
32,62,321
32,63,295
32,64,360
32,65,347
32,67,240
32,68,83
32,69,165
32,70,57
32,72,79
32,74,109
32,75,135
32,77,248
32,79,15
32,80,182
32,81,43
32,84,144
32,88,379
32,90,393
32,91,375
32,92,275
32,93,161
32,96,330
32,100,194
32,101,311
32,103,130
32,108,62
32,109,83
32,110,292
32,111,199
32,112,70
32,114,44
32,115,275
32,118,176
32,120,81
32,121,313
32,123,346
32,129,293
32,135,29
32,136,181
32,138,234
32,143,72
32,144,29
32,145,243
32,146,161
32,147,225
32,149,356
32,150,87
32,151,256
32,156,321
32,157,192
32,158,185
32,159,235
32,160,207
32,167,177
32,169,109
32,172,142
32,176,249
32,177,385
32,178,208
32,181,176
32,182,235
32,184,263
32,185,332
32,192,388
32,193,209
32,196,16
33,1,190
33,2,246
33,3,171
33,5,81
33,6,324
33,7,12
33,8,58
33,9,163
33,13,43
33,14,391
33,16,367
33,19,83
33,20,26
33,21,77
33,22,269
33,23,27
33,25,174
33,27,279
33,29,245
33,30,324
33,31,62
33,34,350
33,35,219
33,37,23
33,38,97
33,41,141
33,43,76
33,44,261
33,47,44
33,49,53
33,50,163
33,51,313
33,53,48
33,54,320
33,55,279
33,56,332
33,58,60
33,59,146
33,63,296
33,67,182
33,68,234
33,69,126
33,71,73
33,74,279
33,75,41
33,76,213
33,78,321
33,79,310
33,80,279
33,81,188
33,84,179
33,85,381
33,86,152
33,87,297
33,91,214
33,93,238
33,94,377
33,97,30
33,99,361
33,102,338
33,103,199
33,106,60
33,110,193
33,114,205
33,115,197
33,117,46
33,118,88
33,119,92
33,120,87
33,123,1
33,124,274
33,127,137
33,128,216
33,132,242
33,135,128
33,136,75
33,140,113
33,141,20
33,143,374
33,155,97
33,156,106
33,157,76
33,158,356
33,159,184
33,161,259
33,163,208
33,173,344
33,175,334
33,177,145
33,178,131
33,181,339
33,182,263
33,196,324
33,197,151
34,5,385
34,8,296
34,9,368
34,10,270
34,11,308
34,13,143
34,14,382
34,15,234
34,16,334
34,17,165
34,18,233
34,19,309
34,20,189
34,21,311
34,22,345
34,23,20
34,25,31
34,27,66
34,28,389
34,30,246
34,33,350
34,36,321
34,38,348
34,39,355
34,40,97
34,42,54
34,43,54
34,45,24
34,46,365
34,47,172
34,48,293
34,51,137
34,55,93
34,57,76
34,58,271
34,59,356
34,60,345
34,61,161
34,62,48
34,63,279
34,64,157
34,66,161
34,69,44
34,71,151
34,72,354
34,73,29
34,74,11
34,75,50
34,76,393
34,77,299
34,81,160
34,83,359
34,84,342
34,86,32
34,87,46
34,89,306
34,91,91
34,92,298
34,93,167
34,96,282
34,99,117
34,100,364
34,101,360
34,105,92
34,106,300
34,107,18
34,108,192
34,111,240
34,114,280
34,117,369
34,118,255
34,120,70
34,121,354
34,123,104
34,124,41
34,125,367
34,129,242
34,132,91
34,134,8
34,135,296
34,141,266
34,142,37
34,149,123
34,151,203
34,152,40
34,153,143
34,159,201
34,162,280
34,169,209
34,175,293
34,188,273
34,193,175
34,196,173
34,197,137
34,200,145
35,3,254
35,4,285
35,6,210
35,9,130
35,10,107
35,11,177
35,12,110
35,13,39
35,14,264
35,16,17
35,17,142
35,20,63
35,21,142
35,22,307
35,25,48
35,28,145
35,29,44
35,30,250
35,31,301
35,32,116
35,33,219
35,36,225
35,37,334
35,38,378
35,39,228
35,40,390
35,41,275
35,43,263
35,44,347
35,47,359
35,48,209
35,49,133
35,51,34
35,52,184
35,53,300
35,55,378
35,56,120
35,57,241
35,58,323
35,59,69
35,60,34
35,61,355
35,62,60
35,63,199
35,66,33
35,67,239
35,68,253
35,69,253
35,70,72
35,71,113
35,72,213
35,74,382
35,75,324
35,76,257
35,79,124
35,80,67
35,81,45
35,87,89
35,88,234
35,89,313
35,90,379
35,91,276
35,93,2
35,94,204
35,97,335
35,99,90
35,100,182
35,104,366
35,105,39
35,106,78
35,107,54
35,108,11
35,112,169
35,113,253
35,114,219
35,116,298
35,119,388
35,121,370
35,122,76
35,128,234
35,132,281
35,134,178
35,136,245
35,139,273
35,149,308
35,154,206
35,157,354
35,161,168
35,164,105
35,165,82
35,168,195
35,171,251
35,176,211
35,180,57
35,181,295
35,182,301
35,186,262
35,194,96
35,199,380
36,1,161
36,2,334
36,3,95
36,4,15
36,6,384
36,7,15
36,8,378
36,10,302
36,11,35
36,13,225
36,14,87
36,16,356
36,18,223
36,21,206
36,23,277
36,24,146
36,25,364
36,27,267
36,29,304
36,34,321
36,35,225
36,38,263
36,40,44
36,42,224
36,43,396
36,45,113
36,46,200
36,48,272
36,50,32
36,51,185
36,55,148
36,56,368
36,58,374
36,59,19
36,60,205
36,61,15
36,62,123
36,64,203
36,65,299
36,67,328
36,68,92
36,69,215
36,72,186
36,73,29
36,74,178
36,75,125
36,77,219
36,81,323
36,86,285
36,92,42
36,93,5
36,95,295
36,97,41
36,99,295
36,100,124
36,101,378
36,106,281
36,107,209
36,109,197
36,110,6
36,111,263
36,112,163
36,115,240
36,117,204
36,118,197
36,119,207
36,122,80
36,123,239
36,125,333
36,127,206
36,129,147
36,130,13
36,131,312
36,133,153
36,137,148
36,138,110
36,141,38
36,143,343
36,145,240
36,147,254
36,149,270
36,151,61
36,159,173
36,162,328
36,164,322
36,167,222
36,169,236
36,172,296
36,173,231
36,179,370
36,180,311
36,182,290
36,185,354
36,190,117
36,198,294
36,200,117
37,2,293
37,4,169
37,5,217
37,6,137
37,7,125
37,8,345
37,10,307
37,11,182
37,12,160
37,13,301
37,14,131
37,15,51
37,16,179
37,17,363
37,18,168
37,19,385
37,20,225
37,21,42
37,26,223
37,27,46
37,28,295
37,29,43
37,32,385
37,33,23
37,35,334
37,38,51
37,39,281
37,42,47
37,45,25
37,46,120
37,47,398
37,48,321
37,49,139
37,51,79
37,53,175
37,56,254
37,57,10
37,59,364
37,60,209
37,62,351
37,63,152
37,65,85
37,67,158
37,68,229
37,69,316
37,71,357
37,72,120
37,74,291
37,75,119
37,77,46
37,79,269
37,80,247
37,82,357
37,83,220
37,84,289
37,85,222
37,86,275
37,87,306
37,90,365
37,92,253
37,94,45
37,95,115
37,96,361
37,97,309
37,100,149
37,102,174
37,103,210
37,110,355
37,115,291
37,116,126
37,118,309
37,119,126
37,120,285
37,121,151
37,122,295
37,123,390
37,125,122
37,126,332
37,127,189
37,128,330
37,129,232
37,130,267
37,143,61
37,144,115
37,146,37
37,147,311
37,148,258
37,151,332
37,157,96
37,160,350
37,162,214
37,164,76
37,167,113
37,168,293
37,173,51
37,177,18
37,179,383
37,180,298
37,181,113
37,185,321
37,195,240
37,196,31
37,198,116
38,1,344
38,2,348
38,4,366
38,6,34
38,8,336
38,9,108
38,10,1
38,11,256
38,12,245
38,14,10
38,15,370
38,18,12
38,20,49
38,21,196
38,24,390
38,25,366
38,27,397
38,29,95
38,31,293
38,32,344
38,33,97
38,34,348
38,35,378
38,36,263
38,37,51
38,41,368
38,42,210
38,43,205
38,46,385
38,47,189
38,52,16
38,53,121
38,57,383
38,58,23
38,59,187
38,60,28
38,62,172
38,64,165
38,67,55
38,68,61
38,69,366
38,70,18
38,71,264
38,72,322
38,74,23
38,75,341
38,76,347
38,77,29
38,78,92
38,82,242
38,83,330
38,88,69
38,89,28
38,90,3
38,91,352
38,94,310
38,95,398
38,97,382
38,99,363
38,101,58
38,102,221
38,103,287
38,104,210
38,109,42
38,110,378
38,112,334
38,113,73
38,114,87
38,117,392
38,121,60
38,126,190
38,128,302
38,130,362
38,131,224
38,137,111
38,138,268
38,140,397
38,141,395
38,143,399
38,149,340
38,150,8
38,151,70
38,154,398
38,156,152
38,157,265
38,162,373
38,163,302
38,170,237
38,171,332
38,172,67
38,175,200
38,176,391
38,180,400
38,181,41
38,182,54
38,183,170
38,185,234
38,187,170
38,189,203
38,193,222
38,194,203
38,197,276
38,198,54
38,199,286
39,1,80
39,3,195
39,4,189
39,5,117
39,9,172
39,10,18
39,11,41
39,12,15
39,13,351
39,19,276
39,20,204
39,21,11
39,23,394
39,24,173
39,25,317
39,26,205
39,27,84
39,28,353
39,30,293
39,32,199
39,34,355
39,35,228
39,37,281
39,42,183
39,43,127
39,46,103
39,48,300
39,49,398
39,51,58
39,53,264
39,54,110
39,55,322
39,56,128
39,58,231
39,61,203
39,63,158
39,64,75
39,67,131
39,68,125
39,69,8
39,71,198
39,72,270
39,73,139
39,74,235
39,75,269
39,76,328
39,77,360
39,79,20
39,84,79
39,87,9
39,89,147
39,90,226
39,91,129
39,92,201
39,94,138
39,95,28
39,96,141
39,98,381
39,99,272
39,100,331
39,101,188
39,103,202
39,105,133
39,106,77
39,110,154
39,115,280
39,118,211
39,119,224
39,121,78
39,125,145
39,126,70
39,127,100
39,140,399
39,143,36
39,144,394
39,147,217
39,148,252
39,150,55
39,152,45
39,155,153
39,162,31
39,165,383
39,176,190
39,178,141
39,181,317
39,188,355
39,189,239
39,196,53
39,198,162
39,199,83
40,1,230
40,3,23
40,4,170
40,5,318
40,6,165
40,8,154
40,12,65
40,13,2
40,14,339
40,16,93
40,17,297
40,21,113
40,22,81
40,23,227
40,24,204
40,25,356
40,27,172
40,28,186
40,29,311
40,31,77
40,32,365
40,34,97
40,35,390
40,36,44
40,41,75
40,42,14
40,44,111
40,45,352
40,46,46
40,48,28
40,50,138
40,51,87
40,52,361
40,53,170
40,54,308
40,55,90
40,56,137
40,57,206
40,58,2
40,59,384
40,60,73
40,61,273
40,62,370
40,63,256
40,65,305
40,66,116
40,68,126
40,69,84
40,70,387
40,71,240
40,72,53
40,73,285
40,74,123
40,77,306
40,78,310
40,80,169
40,81,256
40,86,324
40,87,327
40,88,392
40,89,380
40,90,294
40,91,356
40,92,161
40,93,208
40,98,66
40,101,35
40,102,254
40,103,306
40,106,49
40,115,293
40,119,23
40,123,249
40,128,363
40,130,78
40,134,252
40,135,27
40,136,305
40,141,30
40,144,305
40,147,353
40,149,23
40,150,352
40,151,42
40,155,37
40,156,155
40,159,333
40,173,259
40,174,281
40,175,144
40,176,286
40,177,85
40,178,370
40,180,242
40,182,202
40,183,94
40,185,245
40,188,248
40,189,76
40,198,287
40,200,396
41,2,151
41,3,339
41,4,150
41,5,42
41,6,171
41,8,255
41,9,183
41,11,270
41,14,269
41,17,58
41,18,189
41,21,89
41,22,140
41,25,199
41,26,377
41,27,10
41,28,250
41,29,174
41,30,370
41,31,281
41,33,141
41,35,275
41,38,368
41,40,75
41,43,2
41,44,274
41,47,156
41,49,344
41,50,147
41,51,50
41,52,154
41,54,329
41,55,210
41,56,190
41,57,215
41,58,185
41,59,202
41,60,375
41,61,149
41,62,50
41,64,206
41,65,44
41,66,194
41,68,124
41,69,68
41,71,396
41,73,266
