source,target,weight
1,2,60
1,3,269
1,4,84
1,5,1
1,7,396
1,8,24
1,10,110
1,11,62
1,13,64
1,14,142
1,17,122
1,19,395
1,20,1
1,22,161
1,25,14
1,27,16
1,28,65
1,29,168
1,31,367
1,32,44
1,34,282
1,35,245
1,36,114
1,41,350
1,43,187
1,45,185
1,50,7
1,54,116
1,57,279
1,58,298
1,61,277
1,63,55
1,70,284
1,80,72
1,81,380
1,95,347
1,117,86
1,124,388
1,128,136
1,135,284
1,175,17
2,1,60
2,3,203
2,4,262
2,6,238
2,7,59
2,8,50
2,9,165
2,10,276
2,11,343
2,12,241
2,13,202
2,14,33
2,15,118
2,16,141
2,17,174
2,23,21
2,24,220
2,26,90
2,33,116
2,37,124
2,42,311
2,44,310
2,50,232
2,51,58
2,52,377
2,53,313
2,58,52
2,61,278
2,69,394
2,80,222
2,113,194
2,114,9
2,119,168
2,120,190
2,135,261
2,141,126
2,156,329
2,160,166
2,170,200
2,175,197
3,1,269
3,2,203
3,5,385
3,6,192
3,7,102
3,8,89
3,10,229
3,11,45
3,12,321
3,14,271
3,16,42
3,17,279
3,20,235
3,22,267
3,27,219
3,29,214
3,30,9
3,34,283
3,37,225
3,39,277
3,48,138
3,59,175
3,80,189
3,82,351
3,86,383
3,87,172
3,91,281
3,101,99
3,102,15
3,104,283
3,124,49
3,126,386
3,127,10
3,156,49
3,168,29
3,172,121
3,174,267
3,185,293
3,194,178
4,1,84
4,2,262
4,5,70
4,6,318
4,7,37
4,8,13
4,9,203
4,10,194
4,11,105
4,12,32
4,13,245
4,14,364
4,15,90
4,16,183
4,17,11
4,18,249
4,19,143
4,24,290
4,25,237
4,43,113
4,45,13
4,46,359
4,48,163
4,54,381
4,56,305
4,58,127
4,61,288
4,66,114
4,68,197
4,69,364
4,75,253
4,79,180
4,83,208
4,94,80
4,97,392
4,98,171
4,115,205
4,118,44
4,128,128
4,129,96
4,149,334
4,156,217
4,167,380
4,181,157
5,1,1
5,3,385
5,4,70
5,6,235
5,8,324
5,9,83
5,11,293
5,12,72
5,13,137
5,14,122
5,16,287
5,17,86
5,18,140
5,19,12
5,21,306
5,22,124
5,26,336
5,29,49
5,33,63
5,34,271
5,38,138
5,39,162
5,40,51
5,41,285
5,48,227
5,49,181
5,50,360
5,52,194
5,55,139
5,56,73
5,61,391
5,65,310
5,66,243
5,72,202
5,76,322
5,80,52
5,91,121
5,105,375
5,110,367
5,111,175
5,113,60
5,116,268
5,119,12
5,128,363
5,156,106
5,168,18
5,181,343
5,196,385
6,2,238
6,3,192
6,4,318
6,5,235
6,7,313
6,8,195
6,9,283
6,12,322
6,15,389
6,16,142
6,18,9
6,19,246
6,21,40
6,22,382
6,23,200
6,24,59
6,25,47
6,26,174
6,28,100
6,33,283
6,37,59
6,41,350
6,49,366
6,51,292
6,58,112
6,69,140
6,73,192
6,87,390
6,89,284
6,100,49
6,106,155
6,109,363
6,115,129
6,122,268
6,149,361
6,161,137
6,179,77
6,192,286
7,1,396
7,2,59
7,3,102
7,4,37
7,6,313
7,8,197
7,9,60
7,10,400
7,11,275
7,12,293
7,14,157
7,15,206
7,17,149
7,18,259
7,19,139
7,20,96
7,21,338
7,23,22
7,24,380
7,26,57
7,32,319
7,34,8
7,38,300
7,39,251
7,41,234
7,43,209
7,44,39
7,46,90
7,53,287
7,54,312
7,56,88
7,61,52
7,72,91
7,80,186
7,82,111
7,84,192
7,85,324
7,89,4
7,95,282
7,109,22
7,117,152
7,124,41
7,142,391
7,143,338
7,144,396
7,165,362
7,184,314
7,187,94
8,1,24
8,2,50
8,3,89
8,4,13
8,5,324
8,6,195
8,7,197
8,10,115
8,11,108
8,12,165
8,14,308
8,15,322
8,18,98
8,21,115
8,22,193
8,24,320
8,25,230
8,26,105
8,34,301
8,39,17
8,43,62
8,45,142
8,49,312
8,56,106
8,58,186
8,60,310
8,64,390
8,71,258
8,75,331
8,77,201
8,78,90
8,84,58
8,91,250
8,92,309
8,95,355
8,102,184
8,103,314
8,109,277
8,115,197
8,116,146
8,117,200
8,124,92
8,138,214
8,155,143
8,165,283
8,179,308
8,184,256
8,185,111
8,197,124
9,2,165
9,4,203
9,5,83
9,6,283
9,7,60
9,10,130
9,11,181
9,12,133
9,13,369
9,14,41
9,15,118
9,16,259
9,17,224
9,18,323
9,21,9
9,23,30
9,24,328
9,25,148
9,32,8
9,36,85
9,37,284
9,38,218
9,42,378
9,45,174
9,47,364
9,55,315
9,58,78
9,59,375
9,63,266
9,69,11
9,75,252
9,76,386
9,79,116
9,98,145
9,101,350
9,105,307
9,106,184
9,118,136
9,124,186
9,135,272
9,138,225
9,145,213
9,167,380
9,171,162
9,172,273
9,184,29
10,1,110
10,2,276
10,3,229
10,4,194
10,7,400
10,8,115
10,9,130
10,12,151
10,13,348
10,14,170
10,15,326
10,17,245
10,18,156
10,21,334
10,23,166
10,24,254
10,25,369
10,29,8
10,33,123
10,34,117
10,36,398
10,42,308
10,43,24
10,48,386
10,52,360
10,56,341
10,57,288
10,59,89
10,62,227
10,64,325
10,72,76
10,76,317
10,78,274
10,82,295
10,89,117
10,90,268
10,92,251
10,97,120
10,103,393
10,130,85
10,140,270
10,147,107
10,149,290
10,154,171
10,177,156
10,180,243
10,190,4
11,1,62
11,2,343
11,3,45
11,4,105
11,5,293
11,7,275
11,8,108
11,9,181
11,12,19
11,13,66
11,14,298
11,15,310
11,17,202
11,18,197
11,20,1
11,21,72
11,22,12
11,23,129
11,26,245
11,27,167
11,32,245
11,37,229
11,40,80
11,42,267
11,49,148
11,53,147
11,57,382
11,64,345
11,66,270
11,69,280
11,73,22
11,74,43
11,80,290
11,82,124
11,103,333
11,126,352
11,130,176
11,133,99
11,142,327
11,163,140
11,186,49
11,196,180
12,2,241
12,3,321
12,4,32
12,5,72
12,6,322
12,7,293
12,8,165
12,9,133
12,10,151
12,11,19
12,13,113
12,14,131
12,15,28
12,16,378
12,17,51
12,18,151
12,19,9
12,23,113
12,25,379
12,26,318
12,28,391
12,32,314
12,33,52
12,39,206
12,43,299
12,44,332
12,63,60
12,64,213
12,71,203
12,76,5
12,81,273
12,85,123
12,86,255
12,90,117
12,91,85
12,108,317
12,121,248
12,125,36
12,134,126
12,144,130
12,149,113
12,172,109
12,174,214
12,175,358
12,181,392
12,188,303
13,1,64
13,2,202
13,4,245
13,5,137
13,9,369
13,10,348
13,11,66
13,12,113
13,15,325
13,16,86
13,18,98
13,20,312
13,21,173
13,22,320
13,24,295
13,28,325
13,31,131
13,34,392
13,38,351
13,41,351
13,47,133
13,48,79
13,50,67
13,51,315
13,52,228
13,57,282
13,66,13
13,86,85
13,99,233
13,102,334
13,108,392
13,109,321
13,112,11
13,114,131
13,118,250
13,139,3
13,145,308
13,150,367
13,153,106
13,154,222
13,184,29
13,187,41
14,1,142
14,2,33
14,3,271
14,4,364
14,5,122
14,7,157
14,8,308
14,9,41
14,10,170
14,11,298
14,12,131
14,15,104
14,16,300
14,17,177
14,19,342
14,20,255
14,21,147
14,23,130
14,24,269
14,26,33
14,28,73
14,29,165
14,31,61
14,34,94
14,35,337
14,36,108
14,37,292
14,43,9
14,46,237
14,50,176
14,53,322
14,54,374
14,59,92
14,61,200
14,62,283
14,67,362
14,72,323
14,91,108
14,103,71
14,105,232
14,112,138
14,117,95
14,119,228
14,124,88
14,133,192
14,135,76
14,136,282
14,151,312
14,153,386
14,162,341
14,165,298
14,171,366
14,174,138
14,182,129
14,192,227
14,193,389
15,2,118
15,4,90
15,6,389
15,7,206
15,8,322
15,9,118
15,10,326
15,11,310
15,12,28
15,13,325
15,14,104
15,17,213
15,19,79
15,22,139
15,28,13
15,32,143
15,33,93
15,35,80
15,38,244
15,41,47
15,43,204
15,46,107
15,47,377
15,53,269
15,61,99
15,67,67
15,70,239
15,73,103
15,75,236
15,87,269
15,98,209
15,103,220
15,105,130
15,109,117
15,113,164
15,131,184
15,133,47
15,135,123
15,136,180
15,138,235
15,142,269
15,145,160
15,150,30
15,164,144
16,2,141
16,3,42
16,4,183
16,5,287
16,6,142
16,9,259
16,12,378
16,13,86
16,14,300
16,17,132
16,18,123
16,20,331
16,21,28
16,24,50
16,26,337
16,27,37
16,28,174
16,29,254
16,30,235
16,32,339
16,33,384
16,38,170
16,42,321
16,43,196
16,49,40
16,51,147
16,52,186
16,59,172
16,60,2
16,63,147
16,64,324
16,65,193
16,68,208
16,83,88
16,88,216
16,91,63
16,93,287
16,94,216
16,99,350
16,107,97
16,112,107
16,116,342
16,141,295
16,142,268
16,149,332
16,155,114
16,159,400
16,164,342
16,169,363
16,176,173
16,182,357
17,1,122
17,2,174
17,3,279
17,4,11
17,5,86
17,7,149
17,9,224
17,10,245
17,11,202
17,12,51
17,14,177
17,15,213
17,16,132
17,19,124
17,20,400
17,22,81
17,24,57
17,27,293
17,28,377
17,29,182
17,31,20
17,32,275
17,33,212
17,36,236
17,37,167
17,41,391
17,42,72
17,44,80
17,47,2
17,50,372
17,53,91
17,54,136
17,61,302
17,65,295
17,66,41
17,68,388
17,83,334
17,88,368
17,94,122
17,102,89
17,109,35
17,115,26
17,119,333
17,121,5
17,155,243
17,158,101
17,162,312
17,165,131
17,175,273
17,180,189
17,194,325
17,195,237
18,4,249
18,5,140
18,6,9
18,7,259
18,8,98
18,9,323
18,10,156
18,11,197
18,12,151
18,13,98
18,16,123
18,19,215
18,20,79
18,23,172
18,25,124
18,31,339
18,32,169
18,35,104
18,36,57
18,37,108
18,49,155
18,50,257
18,51,243
18,54,98
18,59,364
18,62,287
18,65,115
18,66,231
18,68,381
18,70,189
18,72,232
18,78,120
18,82,190
18,95,298
18,98,273
18,102,384
18,109,296
18,116,303
18,120,243
18,122,59
18,123,262
18,124,371
18,150,374
18,154,196
18,156,348
18,182,213
19,1,395
19,4,143
19,5,12
19,6,246
19,7,139
19,12,9
19,14,342
19,15,79
19,17,124
19,18,215
19,20,16
19,24,5
19,27,5
19,29,32
19,30,221
19,32,145
19,33,261
19,37,176
19,38,18
19,46,15
19,47,274
19,50,120
19,51,216
19,52,217
19,58,235
19,62,127
19,63,207
19,67,30
19,71,368
19,73,254
19,74,342
19,75,8
19,92,39
19,102,122
19,106,304
19,115,355
19,128,216
19,132,113
19,176,6
19,196,140
20,1,1
20,3,235
20,7,96
20,11,1
20,13,312
20,14,255
20,16,331
20,17,400
20,18,79
20,19,16
20,23,223
20,24,35
20,25,346
20,26,160
20,28,186
20,29,219
20,30,126
20,31,364
20,32,115
20,33,399
20,39,193
20,40,30
20,42,119
20,46,380
20,49,1
20,50,249
20,57,185
20,65,209
20,67,295
20,73,130
20,75,178
20,76,119
20,79,133
20,89,141
20,93,225
20,96,330
20,100,148
20,102,308
20,103,269
20,106,303
20,107,190
20,111,162
20,123,397
20,124,267
20,131,36
20,139,235
20,153,173
20,157,119
20,167,1
20,170,62
21,5,306
21,6,40
21,7,338
21,8,115
21,9,9
21,10,334
21,11,72
21,13,173
21,14,147
21,16,28
21,22,114
21,25,40
21,27,336
21,28,276
21,31,232
21,32,260
21,33,153
21,35,279
21,36,65
21,38,186
21,39,316
21,40,238
21,42,38
21,44,77
21,45,58
21,53,25
21,58,255
21,71,333
21,76,398
21,79,283
21,80,210
21,82,178
21,84,69
21,88,205
21,92,263
21,96,270
21,106,106
21,110,333
21,130,89
21,131,399
21,137,241
21,138,374
21,157,303
21,160,13
21,171,360
21,179,381
21,198,353
22,1,161
22,3,267
22,5,124
22,6,382
22,8,193
22,11,12
22,13,320
22,15,139
22,17,81
22,21,114
22,24,185
22,27,212
22,29,23
22,31,298
22,34,348
22,35,165
22,40,149
22,41,309
22,45,32
22,55,45
22,64,206
22,73,293
22,75,74
22,77,332
22,91,34
22,105,115
22,118,33
22,123,120
22,140,212
22,171,339
23,2,21
23,6,200
23,7,22
23,9,30
23,10,166
23,11,129
23,12,113
23,14,130
23,18,172
23,20,223
23,28,347
23,30,203
23,33,249
23,34,287
23,35,296
23,36,349
23,38,367
23,39,194
23,41,204
23,44,390
23,45,170
23,46,197
23,51,330
23,53,115
23,54,210
23,60,286
23,63,235
23,64,228
23,65,168
23,68,343
23,82,124
23,92,262
23,93,199
23,99,67
23,103,104
23,104,323
23,107,18
23,113,173
23,118,310
23,121,296
23,131,206
23,141,210
23,154,381
23,158,141
23,160,181
23,167,313
23,171,118
23,177,261
23,178,340
23,190,288
23,191,248
23,195,219
24,2,220
24,4,290
24,6,59
24,7,380
24,8,320
24,9,328
24,10,254
24,13,295
24,14,269
24,16,50
24,17,57
24,19,5
24,20,35
24,22,185
24,25,174
24,26,348
24,27,207
24,29,168
24,32,275
24,33,243
24,37,299
24,41,9
24,43,330
24,46,26
24,52,88
24,55,103
24,65,355
24,69,10
24,81,101
24,90,67
24,91,34
24,95,275
24,107,72
24,111,394
24,122,94
24,143,16
24,148,165
24,158,364
24,165,360
24,179,216
24,190,284
25,1,14
25,4,237
25,6,47
25,8,230
25,9,148
25,10,369
25,12,379
25,18,124
25,20,346
25,21,40
25,24,174
25,27,374
25,29,7
25,31,29
25,40,102
25,46,132
25,51,353
25,52,369
25,55,190
25,56,308
25,59,183
25,61,49
25,63,330
25,67,304
25,69,52
25,74,38
25,90,99
25,101,168
25,104,104
25,132,160
25,136,258
25,137,81
25,139,222
25,149,364
25,154,151
25,175,362
25,190,198
26,2,90
26,5,336
26,6,174
26,7,57
26,8,105
26,11,245
26,12,318
26,14,33
26,16,337
26,20,160
26,24,348
26,27,100
26,29,81
26,30,237
26,31,53
26,35,260
26,36,383
26,39,287
26,51,98
26,54,354
26,58,346
26,65,359
26,66,91
26,67,223
26,82,280
26,87,214
26,92,379
26,95,319
26,107,387
26,110,64
26,113,85
26,114,360
26,115,47
26,121,68
26,123,276
26,134,148
26,140,5
26,153,101
26,160,38
26,169,187
26,183,241
27,1,16
27,3,219
27,11,167
27,16,37
27,17,293
27,19,5
27,21,336
27,22,212
27,24,207
27,25,374
27,26,100
27,30,69
27,32,330
27,37,171
27,38,370
27,39,78
27,44,284
27,46,356
27,48,160
27,51,371
27,53,120
27,59,164
27,60,1
27,62,137
27,65,295
27,68,367
27,69,308
27,75,128
27,76,12
27,78,226
27,82,380
27,90,127
27,93,140
27,101,338
27,102,7
27,106,272
27,118,235
27,129,302
27,144,70
27,145,293
27,169,75
27,190,86
27,200,40
28,1,65
28,6,100
28,12,391
28,13,325
28,14,73
28,15,13
28,16,174
28,17,377
28,20,186
28,21,276
28,23,347
28,29,325
28,30,375
28,31,141
28,36,54
28,37,215
28,38,377
28,39,336
28,40,258
28,42,78
28,44,342
28,46,149
28,47,308
28,48,68
28,52,29
28,55,397
28,56,317
28,59,271
28,60,83
28,62,115
28,72,391
28,84,82
28,94,64
28,102,283
28,111,29
28,123,148
28,125,284
28,140,336
28,146,274
28,159,251
28,168,288
28,169,125
28,178,88
28,183,39
28,193,343
29,1,168
29,3,214
29,5,49
29,10,8
29,14,165
29,16,254
29,17,182
29,19,32
29,20,219
29,22,23
29,24,168
29,25,7
29,26,81
29,28,325
29,30,116
29,34,357
29,35,92
29,43,233
29,45,76
29,59,163
29,67,361
29,78,29
29,92,225
29,117,275
29,126,297
29,131,180
29,153,296
29,158,328
29,160,231
29,173,237
29,180,157
30,3,9
30,16,235
30,19,221
30,20,126
30,23,203
30,26,237
30,27,69
30,28,375
30,29,116
30,31,186
30,33,43
30,35,378
30,36,284
30,38,200
30,39,204
30,40,71
30,41,183
30,44,48
30,46,34
30,48,97
30,49,46
30,50,273
30,53,81
30,56,200
30,57,140
30,68,6
30,70,328
30,74,68
30,75,66
30,81,243
30,83,390
30,97,16
30,98,392
30,103,190
30,106,34
30,108,50
30,111,216
30,127,71
30,142,352
30,144,141
30,147,326
30,159,386
30,160,38
30,166,163
30,192,376
31,1,367
31,13,131
31,14,61
31,17,20
31,18,339
31,20,364
31,21,232
31,22,298
31,25,29
31,26,53
31,28,141
31,30,186
31,36,400
31,37,159
31,42,358
31,43,99
31,45,26
31,48,288
31,52,370
31,53,336
31,56,220
31,62,397
31,63,370
31,66,336
31,71,382
31,81,71
31,84,193
31,91,164
31,96,217
31,110,287
31,115,389
31,117,196
31,124,66
31,126,280
31,128,105
31,131,90
31,173,220
31,196,218
32,1,44
32,7,319
32,9,8
32,11,245
32,12,314
32,15,143
32,16,339
32,17,275
32,18,169
32,19,145
32,20,115
32,21,260
32,24,275
32,27,330
32,35,245
32,47,32
32,56,374
32,57,69
32,58,175
32,62,38
32,69,87
32,71,184
32,79,352
32,84,83
32,88,76
32,97,234
32,111,82
32,116,396
32,119,162
32,120,152
32,143,161
32,144,49
32,158,377
32,160,282
32,171,153
32,182,323
33,2,116
33,5,63
33,6,283
33,10,123
33,12,52
33,15,93
33,16,384
33,17,212
33,19,261
33,20,399
33,21,153
33,23,249
33,24,243
33,30,43
33,36,29
33,37,76
33,38,140
33,42,88
33,50,393
33,55,236
33,57,143
33,60,244
33,74,326
33,79,83
33,83,369
33,85,138
33,93,172
33,98,57
33,99,87
33,111,35
33,129,235
33,130,72
33,156,322
33,172,203
33,173,29
33,176,84
33,189,282
33,200,93
34,1,282
34,3,283
34,5,271
34,7,8
34,8,301
34,10,117
34,13,392
34,14,94
34,22,348
34,23,287
34,29,357
34,35,55
34,39,277
34,48,163
34,50,16
34,52,259
34,59,301
34,61,321
34,68,178
34,71,175
34,73,16
34,80,229
34,81,83
34,83,315
34,94,342
34,109,326
34,113,45
34,114,44
34,115,68
34,119,230
34,121,124
34,137,71
34,141,326
34,148,300
34,152,194
34,156,313
34,161,47
34,182,53
34,192,183
34,200,30
35,1,245
35,14,337
35,15,80
35,18,104
35,21,279
35,22,165
35,23,296
35,26,260
35,29,92
35,30,378
35,32,245
35,34,55
35,40,365
35,42,118
35,45,384
35,47,302
35,48,129
35,52,179
35,61,365
35,62,383
35,66,14
35,70,87
35,73,256
35,76,223
35,78,52
35,87,185
35,93,94
35,96,209
35,113,171
35,119,82
35,121,32
35,125,203
35,129,118
35,143,349
35,148,178
35,166,233
35,178,176
35,180,334
35,187,186
36,1,114
36,9,85
36,10,398
36,14,108
36,17,236
36,18,57
36,21,65
36,23,349
36,26,383
36,28,54
36,30,284
36,31,400
36,33,29
36,37,334
36,40,311
36,41,56
36,43,84
36,44,208
36,48,194
36,51,151
36,55,379
36,56,236
36,57,330
36,59,391
36,66,152
36,70,9
36,80,170
36,94,158
36,98,32
36,105,371
36,106,98
36,107,121
36,120,101
36,133,265
36,135,140
36,140,97
36,158,400
36,162,280
36,190,94
36,199,314
37,2,124
37,3,225
37,6,59
37,9,284
37,11,229
37,14,292
37,17,167
37,18,108
37,19,176
37,24,299
37,27,171
37,28,215
37,31,159
37,33,76
37,36,334
37,42,77
37,43,222
37,45,218
37,46,342
37,49,52
37,58,184
37,59,168
37,61,230
37,67,204
37,70,11
37,76,137
37,78,148
37,81,87
37,84,219
37,86,155
37,93,177
37,96,195
37,98,374
37,103,97
37,104,117
37,109,88
37,110,237
37,124,170
37,129,361
37,134,385
37,138,365
37,142,277
37,146,195
37,164,295
37,173,263
38,5,138
38,7,300
38,9,218
38,13,351
38,15,244
38,16,170
38,19,18
38,21,186
38,23,367
38,27,370
38,28,377
38,30,200
38,33,140
38,40,40
38,42,139
38,47,315
38,51,175
38,72,308
38,74,355
38,75,283
38,78,305
38,89,16
38,93,236
38,94,246
38,113,81
38,120,331
38,121,101
38,125,337
38,135,364
38,143,105
38,151,130
38,168,173
38,173,119
38,193,262
39,3,277
39,5,162
39,7,251
39,8,17
39,12,206
39,20,193
39,21,316
39,23,194
39,26,287
39,27,78
39,28,336
39,30,204
39,34,277
39,41,325
39,42,240
39,43,151
39,44,87
39,45,39
39,56,62
39,67,47
39,71,214
39,76,346
39,82,206
39,84,25
39,85,362
39,95,390
39,104,315
39,107,354
39,112,205
39,117,38
39,126,400
39,134,209
39,143,133
39,149,57
39,164,101
39,165,392
40,5,51
40,11,80
40,20,30
40,21,238
40,22,149
40,25,102
40,28,258
40,30,71
40,35,365
40,36,311
40,38,40
40,41,364
40,54,195
40,57,281
40,60,5
40,63,63
40,66,86
40,70,186
40,73,396
40,77,396
40,78,219
40,83,84
40,90,286
40,99,364
40,100,213
40,101,170
40,102,276
40,110,208
40,111,169
40,117,202
40,129,40
40,133,160
40,143,361
40,146,127
40,149,308
40,154,55
40,163,50
40,171,262
41,1,350
41,5,285
41,6,350
41,7,234
41,13,351
41,15,47
41,17,391
41,22,309
41,23,204
41,24,9
41,30,183
41,36,56
41,39,325
41,40,364
41,42,356
41,44,246
41,46,20
41,47,12
41,48,296
41,49,32
41,60,147
41,70,100
41,71,366
41,73,349
41,78,348
41,83,168
41,89,149
41,90,362
41,99,271
41,106,287
41,111,242
41,113,327
41,114,122
41,125,171
41,126,274
41,137,257
41,138,355
41,142,366
41,147,287
41,170,305
41,173,76
41,185,275
41,192,71
42,2,311
42,9,378
42,10,308
42,11,267
42,16,321
42,17,72
42,20,119
42,21,38
42,28,78
42,31,358
42,33,88
42,35,118
42,37,77
42,38,139
42,39,240
42,41,356
42,44,324
42,48,324
42,58,314
42,60,213
42,65,22
42,69,54
42,86,37
42,89,25
42,90,68
42,94,247
42,99,389
42,101,191
42,106,174
42,107,99
42,120,51
42,141,181
42,142,13
42,151,215
42,154,149
42,155,219
42,156,34
42,157,152
42,168,386
42,194,6
43,1,187
43,4,113
43,7,209
43,8,62
43,10,24
43,12,299
43,14,9
43,15,204
43,16,196
43,24,330
43,29,233
43,31,99
43,36,84
43,37,222
43,39,151
43,48,364
43,53,220
43,54,109
43,55,206
43,58,121
43,67,147
43,69,76
43,70,86
43,71,167
43,72,332
43,80,245
43,81,86
43,94,216
43,95,7
43,101,149
43,114,169
43,119,90
43,132,121
43,139,191
43,147,243
43,148,396
43,176,175
43,177,140
43,190,375
44,2,310
44,7,39
44,12,332
44,17,80
44,21,77
44,23,390
44,27,284
44,28,342
44,30,48
44,36,208
44,39,87
44,41,246
44,42,324
44,49,277
44,51,287
44,53,301
44,61,59
44,65,220
44,72,209
44,75,213
44,77,61
44,103,100
44,111,41
44,116,11
44,153,158
44,165,297
44,166,308
44,173,47
44,196,278
45,1,185
45,4,13
45,8,142
45,9,174
45,21,58
45,22,32
45,23,170
45,29,76
45,31,26
45,35,384
45,37,218
45,39,39
45,47,179
45,48,54
45,49,249
45,53,174
45,54,51
45,55,187
45,58,92
45,62,191
45,67,240
45,71,388
45,74,365
45,75,279
45,80,127
45,83,75
45,86,172
45,90,106
45,96,164
45,98,263
45,100,71
45,102,124
45,104,178
45,111,330
45,112,321
45,118,2
45,122,370
45,133,329
45,138,157
45,157,161
45,162,20
45,163,330
45,166,300
45,170,266
45,172,97
45,176,150
45,179,163
46,4,359
46,7,90
46,14,237
46,15,107
46,19,15
46,20,380
46,23,197
46,24,26
46,25,132
46,27,356
46,28,149
46,30,34
46,37,342
46,41,20
46,49,57
46,52,154
46,55,356
46,63,162
46,74,330
46,82,294
46,86,353
46,93,239
46,114,21
46,127,64
46,150,221
46,157,139
46,159,240
46,186,146
46,194,355
46,196,377
47,9,364
47,13,133
47,15,377
47,17,2
47,19,274
47,28,308
47,32,32
47,35,302
47,38,315
47,41,12
47,45,179
47,51,356
47,52,51
47,55,132
47,56,323
47,60,323
47,62,255
47,64,107
47,77,161
47,88,330
47,94,49
47,105,228
47,134,215
47,135,348
47,143,268
47,155,51
47,156,223
47,157,295
47,158,282
47,164,118
47,186,33
47,191,57
48,3,138
48,4,163
48,5,227
48,10,386
48,13,79
48,27,160
48,28,68
48,30,97
48,31,288
48,34,163
48,35,129
48,36,194
48,41,296
48,42,324
48,43,364
48,45,54
48,52,345
48,53,32
48,57,194
48,63,147
48,81,202
48,82,302
48,95,209
48,96,82
48,105,369
48,112,15
48,115,17
48,117,214
48,123,327
48,126,389
48,143,115
48,146,26
48,163,16
48,166,141
48,179,51
48,180,202
48,193,16
48,200,47
49,5,181
49,6,366
49,8,312
49,11,148
49,16,40
49,18,155
49,20,1
49,30,46
49,37,52
49,41,32
49,44,277
49,45,249
49,46,57
49,50,360
49,53,78
49,55,28
49,57,316
49,59,185
49,70,155
49,72,90
49,77,297
49,81,83
49,84,75
49,88,390
49,89,329
49,99,259
49,108,251
49,117,180
49,119,108
49,130,123
49,149,106
49,157,43
49,171,304
49,172,52
49,197,155
50,1,7
50,2,232
50,5,360
50,13,67
50,14,176
50,17,372
50,18,257
50,19,120
50,20,249
50,30,273
50,33,393
50,34,16
50,49,360
50,54,200
50,61,83
50,64,298
50,67,57
50,73,14
50,81,125
50,98,73
50,105,388
50,130,284
50,134,104
50,136,329
50,140,228
50,144,42
50,150,57
50,167,272
50,188,165
51,2,58
51,6,292
51,13,315
51,16,147
51,18,243
51,19,216
51,23,330
51,25,353
51,26,98
51,27,371
51,36,151
51,38,175
51,44,287
51,47,356
51,54,55
51,57,351
51,59,251
51,65,122
51,92,398
51,120,381
51,148,320
51,174,77
51,175,327
51,178,190
51,184,183
51,190,332
51,192,59
51,193,377
51,198,380
52,2,377
52,5,194
52,10,360
52,13,228
52,16,186
52,19,217
52,24,88
52,25,369
52,28,29
52,31,370
52,34,259
52,35,179
52,46,154
52,47,51
52,48,345
52,54,255
52,63,31
52,66,274
52,72,159
52,73,273
52,76,244
52,78,168
52,87,128
52,88,4
52,90,244
52,93,19
52,99,55
52,112,145
52,114,179
52,117,144
52,122,330
52,126,186
52,127,51
52,151,3
52,158,280
52,175,253
52,176,229
52,181,277
52,188,198
53,2,313
53,7,287
53,11,147
53,14,322
53,15,269
53,17,91
53,21,25
53,23,115
53,27,120
53,30,81
53,31,336
53,43,220
53,44,301
53,45,174
53,48,32
53,49,78
53,54,148
53,58,212
53,61,124
53,64,346
53,67,7
53,69,286
53,72,187
53,75,3
53,81,397
53,84,163
53,87,141
53,89,133
53,100,193
53,148,246
53,151,55
53,153,8
53,180,43
53,200,223
54,1,116
54,4,381
54,7,312
54,14,374
54,17,136
54,18,98
54,23,210
54,26,354
54,40,195
54,43,109
54,45,51
54,50,200
54,51,55
54,52,255
54,53,148
54,56,50
54,57,210
54,60,350
54,62,237
54,64,60
54,82,91
54,86,279
54,97,267
54,99,119
54,102,19
54,121,289
54,122,42
54,134,46
54,137,105
54,140,224
54,144,89
54,150,247
54,171,157
54,173,77
54,182,84
54,189,6
54,190,112
54,195,296
54,200,27
55,5,139
55,9,315
55,22,45
55,24,103
55,25,190
55,28,397
55,33,236
55,36,379
55,43,206
55,45,187
55,46,356
55,47,132
55,49,28
55,57,36
55,58,93
55,59,64
55,60,351
55,62,65
55,64,86
55,65,190
55,67,327
55,68,349
55,71,82
55,85,384
55,95,339
55,97,66
55,134,98
55,159,140
55,167,239
55,174,99
55,185,159
55,198,369
56,4,305
56,5,73
56,7,88
56,8,106
56,10,341
56,25,308
56,28,317
56,30,200
56,31,220
56,32,374
56,36,236
56,39,62
56,47,323
56,54,50
56,57,294
56,75,320
56,77,182
56,79,358
56,87,236
56,89,2
56,93,86
56,108,136
56,112,309
56,116,27
56,123,332
56,131,355
56,144,128
56,146,74
56,147,180
56,150,327
56,163,73
56,187,162
56,190,322
56,191,253
56,196,15
56,200,141
57,1,279
57,10,288
57,11,382
57,13,282
57,20,185
57,30,140
57,32,69
57,33,143
57,36,330
57,40,281
57,48,194
57,49,316
57,51,351
57,54,210
57,55,36
57,56,294
57,60,272
57,61,380
57,69,203
57,71,122
57,72,391
57,74,345
57,77,359
57,83,342
57,84,370
57,87,71
57,92,259
57,96,150
57,98,55
57,99,220
57,104,54
57,108,298
57,111,293
57,113,276
57,132,64
57,134,82
57,139,339
57,155,316
57,178,77
58,1,298
58,2,52
58,4,127
58,6,112
58,8,186
58,9,78
58,19,235
58,21,255
58,26,346
58,32,175
58,37,184
58,42,314
58,43,121
58,45,92
58,53,212
58,55,93
58,60,377
58,62,264
58,68,334
58,70,160
58,74,199
58,91,151
58,95,344
58,108,107
58,109,200
58,110,73
58,121,275
58,123,11
58,127,274
58,128,270
58,136,195
58,140,352
58,145,254
58,152,264
58,170,103
58,186,138
59,3,175
59,9,375
59,10,89
59,14,92
59,16,172
59,18,364
59,25,183
59,27,164
59,28,271
59,29,163
59,34,301
59,36,391
59,37,168
59,49,185
59,51,251
59,55,64
59,62,329
59,64,369
59,70,52
59,77,232
59,79,48
59,85,272
59,97,295
59,110,65
59,123,175
59,145,129
59,147,219
59,160,19
59,164,386
59,176,135
60,8,310
60,16,2
60,23,286
60,27,1
60,28,83
60,33,244
60,40,5
60,41,147
60,42,213
60,47,323
60,54,350
60,55,351
60,57,272
60,58,377
60,63,337
60,68,135
60,72,306
60,83,283
60,97,167
60,98,273
60,109,384
60,113,278
60,116,85
60,133,340
60,137,76
60,164,65
60,178,146
60,184,215
60,185,277
61,1,277
61,2,278
61,4,288
61,5,391
61,7,52
61,14,200
61,15,99
61,17,302
61,25,49
61,34,321
61,35,365
61,37,230
61,44,59
61,50,83
61,53,124
61,57,380
61,64,281
61,65,286
61,68,99
61,71,112
61,78,395
61,80,306
61,81,235
61,127,1
61,135,341
61,138,34
61,139,98
61,151,16
61,155,264
61,158,207
61,177,143
61,184,364
61,189,83
61,191,397
62,10,227
62,14,283
62,18,287
62,19,127
62,27,137
62,28,115
62,31,397
62,32,38
62,35,383
62,45,191
62,47,255
62,54,237
62,55,65
62,58,264
62,59,329
62,68,290
62,69,50
62,83,155
62,85,148
62,101,263
62,103,77
62,107,264
62,112,305
62,119,316
62,126,187
62,172,15
62,176,342
62,186,374
62,190,287
62,191,336
63,1,55
63,9,266
63,12,60
63,16,147
63,19,207
63,23,235
63,25,330
63,31,370
63,40,63
63,46,162
63,48,147
63,52,31
63,60,337
63,64,71
63,66,246
63,68,244
63,69,330
63,74,249
63,77,214
63,78,183
63,84,227
63,92,337
63,96,20
63,99,187
63,101,296
63,114,7
63,122,132
63,141,301
63,147,149
63,160,329
63,168,64
63,177,393
63,197,82
64,8,390
64,10,325
64,11,345
64,12,213
64,16,324
64,22,206
64,23,228
64,47,107
64,50,298
64,53,346
64,54,60
64,55,86
64,59,369
64,61,281
64,63,71
64,66,75
64,75,326
64,80,206
64,88,378
64,92,163
64,107,279
64,110,209
64,114,353
64,116,9
64,146,30
64,148,357
64,152,372
64,158,387
64,181,358
64,192,202
65,5,310
65,16,193
65,17,295
65,18,115
65,20,209
65,23,168
65,24,355
65,26,359
65,27,295
65,42,22
65,44,220
65,51,122
65,55,190
65,61,286
65,70,214
65,76,112
65,77,281
65,78,320
65,87,275
65,94,118
65,99,261
65,104,329
65,121,112
65,125,343
65,133,29
65,135,9
65,141,209
65,151,92
65,152,345
65,186,174
65,189,125
65,197,147
66,4,114
66,5,243
66,11,270
66,13,13
66,17,41
66,18,231
66,26,91
66,31,336
66,35,14
66,36,152
66,40,86
66,52,274
66,63,246
66,64,75
66,74,45
66,81,59
66,85,267
66,86,109
66,88,72
66,91,334
66,104,166
66,105,310
66,107,167
66,127,15
66,133,97
66,139,38
66,140,172
66,146,258
66,160,29
66,174,241
66,177,147
66,183,176
66,189,206
66,193,82
66,195,237
67,14,362
67,15,67
67,19,30
67,20,295
67,25,304
67,26,223
67,29,361
67,37,204
67,39,47
67,43,147
67,45,240
67,50,57
67,53,7
67,55,327
67,72,346
67,73,326
67,84,327
67,90,367
67,97,323
67,99,158
67,101,186
67,109,351
67,118,12
67,119,308
67,120,107
67,122,89
67,127,130
67,131,383
67,143,332
67,155,356
67,156,341
67,159,58
67,162,10
67,170,244
68,4,197
68,16,208
68,17,388
68,18,381
68,23,343
68,27,367
68,30,6
68,34,178
68,55,349
68,58,334
68,60,135
68,61,99
68,62,290
68,63,244
68,74,42
68,89,139
68,91,47
68,120,372
68,129,28
68,138,284
68,179,365
68,189,226
69,2,394
69,4,364
69,6,140
69,9,11
69,11,280
69,24,10
69,25,52
69,27,308
69,32,87
69,42,54
69,43,76
69,53,286
69,57,203
69,62,50
69,63,330
69,71,325
69,76,95
69,78,104
69,84,124
69,90,133
69,96,181
69,97,81
69,104,213
69,108,141
69,117,377
69,124,119
69,141,300
69,161,223
69,167,171
69,169,7
69,170,140
69,176,280
70,1,284
70,15,239
70,18,189
70,30,328
70,35,87
70,36,9
70,37,11
70,40,186
70,41,100
70,43,86
70,49,155
70,58,160
70,59,52
70,65,214
70,77,288
70,79,291
70,80,107
70,92,186
70,101,359
70,105,189
70,141,82
70,171,231
70,177,177
70,182,59
70,187,142
70,192,162
70,194,258
70,197,331
71,8,258
71,12,203
71,19,368
71,21,333
71,31,382
71,32,184
71,34,175
71,39,214
71,41,366
71,43,167
71,45,388
71,55,82
71,57,122
71,61,112
71,69,325
71,77,136
71,82,216
71,85,42
71,86,158
71,88,367
71,89,324
71,96,22
71,102,118
71,106,32
71,109,208
71,112,387
71,127,90
71,148,270
71,156,301
71,162,273
71,165,364
71,167,236
71,181,205
71,187,35
71,192,11
71,193,3
72,5,202
72,7,91
72,10,76
72,14,323
72,18,232
72,28,391
72,38,308
72,43,332
72,44,209
72,49,90
72,52,159
72,53,187
72,57,391
72,60,306
72,67,346
72,74,168
72,85,350
72,87,16
72,100,396
72,104,96
72,142,314
72,154,63
72,159,57
72,170,118
72,175,55
72,176,394
72,180,372
73,6,192
73,11,22
73,15,103
73,19,254
73,20,130
73,22,293
73,34,16
73,35,256
73,40,396
73,41,349
73,50,14
73,52,273
73,67,326
73,75,131
73,80,25
73,83,58
73,85,341
73,86,237
73,90,361
73,94,126
73,98,19
73,110,259
73,113,121
73,125,16
73,155,182
73,161,39
73,172,25
73,192,104
74,11,43
74,19,342
74,25,38
74,30,68
74,33,326
74,38,355
74,45,365
74,46,330
74,57,345
74,58,199
74,63,249
74,66,45
74,68,42
74,72,168
74,76,67
74,86,166
74,92,285
74,97,366
74,119,153
74,144,103
74,150,353
74,154,376
75,4,253
75,8,331
75,9,252
75,15,236
75,19,8
75,20,178
75,22,74
75,27,128
75,30,66
75,38,283
75,44,213
75,45,279
75,53,3
75,56,320
75,64,326
75,73,131
75,79,386
75,85,148
75,91,347
75,100,305
75,101,392
75,102,20
75,113,309
75,124,288
75,125,51
75,139,118
75,157,263
76,5,322
76,9,386
76,10,317
76,12,5
76,20,119
76,21,398
76,27,12
76,35,223
76,37,137
76,39,346
76,52,244
76,65,112
76,69,95
76,74,67
76,77,152
76,81,135
76,86,94
76,88,210
76,96,297
76,110,196
76,117,376
76,131,285
76,133,195
76,136,218
76,142,226
76,152,369
76,153,269
76,156,55
76,160,172
76,183,60
76,187,62
76,196,265
77,8,201
77,22,332
77,40,396
77,44,61
77,47,161
77,49,297
77,56,182
77,57,359
77,59,232
77,63,214
77,65,281
77,70,288
77,71,136
77,76,152
77,79,108
77,80,22
77,86,308
77,89,48
77,93,377
77,97,321
77,100,257
77,107,315
77,108,292
77,123,57
77,127,242
77,158,322
77,165,67
77,179,161
77,198,177
78,8,90
78,10,274
78,18,120
78,27,226
78,29,29
78,35,52
78,37,148
78,38,305
78,40,219
78,41,348
78,52,168
78,61,395
78,63,183
78,65,320
78,69,104
78,79,5
78,95,262
78,98,183
78,103,194
78,106,268
78,112,133
78,120,117
78,128,240
78,136,291
78,139,63
78,148,148
78,151,172
78,156,8
78,159,20
78,171,53
78,176,230
78,198,43
79,4,180
79,9,116
79,20,133
79,21,283
79,32,352
79,33,83
79,56,358
79,59,48
79,70,291
79,75,386
79,77,108
79,78,5
79,94,338
79,101,348
79,105,30
79,106,220
79,116,200
79,118,227
79,143,90
79,148,69
79,149,45
79,158,113
79,180,35
79,186,304
79,196,286
80,1,72
80,2,222
80,3,189
80,5,52
80,7,186
80,11,290
80,21,210
80,34,229
80,36,170
80,43,245
80,45,127
80,61,306
80,64,206
80,70,107
80,73,25
80,77,22
80,83,341
80,104,145
80,114,264
80,127,13
80,141,48
80,162,300
80,199,126
81,1,380
81,12,273
81,24,101
81,30,243
81,31,71
81,34,83
81,37,87
81,43,86
81,48,202
81,49,83
81,50,125
81,53,397
81,61,235
81,66,59
81,76,135
81,84,247
81,85,186
81,88,51
81,89,144
81,90,26
81,111,286
81,113,277
81,114,325
81,131,124
81,152,124
81,189,50
81,193,303
82,3,351
82,7,111
82,10,295
82,11,124
82,18,190
82,21,178
82,23,124
82,26,280
82,27,380
82,39,206
82,46,294
82,48,302
82,54,91
82,71,216
82,87,45
82,88,55
82,91,280
82,114,324
82,132,242
82,182,151
82,188,129
83,4,208
83,16,88
83,17,334
83,30,390
83,33,369
83,34,315
83,40,84
83,41,168
83,45,75
83,57,342
83,60,283
83,62,155
83,73,58
83,80,341
83,85,131
83,86,7
83,94,309
83,110,319
83,115,79
83,116,256
83,118,325
83,127,249
83,128,357
83,145,91
83,150,362
83,151,13
84,7,192
84,8,58
84,21,69
84,28,82
84,31,193
84,32,83
84,37,219
84,39,25
84,49,75
84,53,163
84,57,370
84,63,227
84,67,327
84,69,124
84,81,247
84,87,261
84,88,8
84,92,140
84,102,377
84,104,344
84,108,170
84,111,331
84,112,181
84,115,62
84,120,362
84,122,194
84,129,270
84,130,96
84,132,376
84,133,301
84,137,339
84,146,390
84,163,215
84,181,258
84,183,202
85,7,324
85,12,123
85,33,138
85,39,362
85,55,384
85,59,272
85,62,148
85,66,267
85,71,42
85,72,350
85,73,341
85,75,148
85,81,186
85,83,131
85,87,361
85,88,358
85,94,367
85,100,169
85,103,26
85,107,231
85,115,51
85,116,217
85,120,396
85,122,351
85,125,138
85,129,153
85,140,8
85,152,356
85,157,159
85,181,119
85,188,266
85,192,65
86,3,383
86,12,255
86,13,85
86,37,155
86,42,37
86,45,172
86,46,353
86,54,279
86,66,109
86,71,158
86,73,237
86,74,166
86,76,94
86,77,308
86,83,7
86,97,132
86,98,301
86,99,121
86,103,82
86,145,88
86,148,6
86,149,89
86,150,313
86,169,312
86,171,59
87,3,172
87,6,390
87,15,269
87,26,214
87,35,185
87,52,128
87,53,141
87,56,236
87,57,71
87,65,275
87,72,16
87,82,45
87,84,261
87,85,361
87,91,371
87,99,366
87,100,89
87,125,83
87,137,185
87,141,27
87,156,209
87,160,304
87,162,77
87,195,372
88,16,216
88,17,368
88,21,205
88,32,76
88,47,330
88,49,390
88,52,4
88,64,378
88,66,72
88,71,367
88,76,210
88,81,51
88,82,55
88,84,8
88,85,358
88,89,62
88,104,308
88,108,51
88,112,315
88,116,277
88,129,367
88,155,174
88,163,147
88,180,93
88,182,94
88,187,127
88,194,38
89,6,284
89,7,4
89,10,117
89,20,141
89,38,16
89,41,149
89,42,25
89,49,329
89,53,133
89,56,2
89,68,139
89,71,324
89,77,48
89,81,144
89,88,62
89,90,159
89,91,55
89,95,234
89,108,163
89,124,120
89,126,29
89,128,111
89,131,25
89,133,142
89,185,152
89,189,151
89,195,179
90,10,268
90,12,117
90,24,67
90,25,99
90,27,127
90,40,286
90,41,362
90,42,68
90,45,106
90,52,244
90,67,367
90,69,133
90,73,361
90,81,26
90,89,159
90,92,15
90,93,399
90,96,346
90,100,58
90,133,72
90,146,41
90,163,311
90,185,140
90,197,189
91,3,281
91,5,121
91,8,250
91,12,85
91,14,108
91,16,63
91,22,34
91,24,34
91,31,164
91,58,151
91,66,334
91,68,47
91,75,347
91,82,280
91,87,371
91,89,55
91,93,275
91,95,383
91,118,197
91,119,274
91,130,224
91,145,52
91,157,103
91,169,34
91,191,239
91,195,366
91,200,285
92,8,309
92,10,251
92,19,39
92,21,263
92,23,262
92,26,379
92,29,225
92,51,398
92,57,259
92,63,337
92,64,163
92,70,186
92,74,285
92,84,140
92,90,15
92,110,389
92,139,387
92,146,8
92,162,160
92,166,336
92,174,187
92,189,190
92,198,79
93,16,287
93,20,225
93,23,199
93,27,140
93,33,172
93,35,94
93,37,177
93,38,236
93,46,239
93,52,19
93,56,86
93,77,377
93,90,399
93,91,275
93,101,140
93,102,321
93,119,184
93,120,376
93,136,134
93,139,163
93,147,1
93,162,250
93,173,357
93,175,196
93,176,230
93,178,59
93,180,101
93,189,295
94,4,80
94,16,216
94,17,122
94,28,64
94,34,342
94,36,158
94,38,246
94,42,247
94,43,216
94,47,49
94,65,118
94,73,126
94,79,338
94,83,309
94,85,367
94,96,119
94,98,328
94,100,20
94,112,99
94,113,152
94,129,180
94,134,144
94,140,180
94,144,229
94,150,240
94,154,122
94,162,337
94,181,79
94,183,223
95,1,347
95,7,282
95,8,355
95,18,298
95,24,275
95,26,319
95,39,390
95,43,7
95,48,209
95,55,339
95,58,344
95,78,262
95,89,234
95,91,383
95,100,79
95,109,377
95,122,264
95,126,180
95,128,241
95,135,62
95,160,352
95,186,183
95,194,83
95,199,135
95,200,322
96,20,330
96,21,270
96,31,217
96,35,209
96,37,195
96,45,164
96,48,82
96,57,150
96,63,20
96,69,181
96,71,22
96,76,297
96,90,346
96,94,119
96,97,214
96,107,297
96,109,151
96,120,338
96,124,386
96,127,239
96,144,112
96,163,211
96,180,143
96,182,216
96,189,177
96,196,157
96,199,187
97,4,392
97,10,120
97,30,16
97,32,234
97,54,267
97,55,66
97,59,295
97,60,167
97,67,323
97,69,81
97,74,366
97,77,321
97,86,132
97,96,214
97,100,127
97,101,107
97,105,293
97,109,257
97,115,109
97,132,74
97,134,281
97,139,139
97,153,155
97,161,34
97,162,369
97,164,111
97,184,301
98,4,171
98,9,145
98,15,209
98,18,273
98,30,392
98,33,57
98,36,32
98,37,374
98,45,263
98,50,73
98,57,55
98,60,273
98,73,19
98,78,183
98,86,301
98,94,328
98,105,120
98,106,97
98,108,71
98,123,251
98,134,97
98,151,53
98,155,164
98,183,170
99,13,233
99,16,350
99,23,67
99,33,87
99,40,364
99,41,271
99,42,389
99,49,259
99,52,55
99,54,119
99,57,220
99,63,187
99,65,261
99,67,158
99,86,121
99,87,366
99,104,185
99,105,68
99,108,48
99,113,91
99,115,217
99,116,209
99,117,338
99,122,266
99,123,39
99,126,70
99,136,188
99,140,93
99,144,294
99,146,104
99,155,169
99,173,100
99,189,243
99,198,75
100,6,49
100,20,148
100,40,213
100,45,71
100,53,193
100,72,396
100,75,305
100,77,257
100,85,169
100,87,89
100,90,58
100,94,20
100,95,79
100,97,127
100,112,244
100,123,309
100,133,236
100,134,243
100,161,195
100,163,114
100,171,395
100,174,17
100,178,58
100,179,126
100,199,24
101,3,99
101,9,350
101,25,168
101,27,338
101,40,170
101,42,191
101,43,149
101,62,263
101,63,296
101,67,186
101,70,359
101,75,392
101,79,348
101,93,140
101,97,107
101,103,162
101,107,93
101,111,190
101,115,128
101,121,197
101,128,282
101,130,221
101,144,324
101,147,254
101,170,47
101,182,105
102,3,15
102,8,184
102,13,334
102,17,89
102,18,384
102,19,122
102,20,308
102,27,7
102,28,283
102,40,276
102,45,124
102,54,19
102,71,118
102,75,20
102,84,377
102,93,321
102,126,251
102,128,340
102,129,340
102,145,376
102,150,151
102,164,135
102,169,26
102,188,249
103,8,314
103,10,393
103,11,333
103,14,71
103,15,220
103,20,269
103,23,104
103,30,190
103,37,97
103,44,100
103,62,77
103,78,194
103,85,26
103,86,82
103,101,162
103,106,231
103,107,119
103,108,237
103,114,185
103,118,183
103,120,256
103,125,48
103,147,48
103,157,150
103,166,382
103,172,105
103,190,329
104,3,283
104,23,323
104,25,104
104,37,117
104,39,315
104,45,178
104,57,54
104,65,329
104,66,166
104,69,213
104,72,96
104,80,145
104,84,344
104,88,308
104,99,185
104,117,22
104,121,292
104,123,355
104,131,382
104,152,278
104,168,281
104,180,119
104,182,396
104,184,67
104,187,125
105,5,375
105,9,307
105,14,232
105,15,130
105,22,115
105,36,371
105,47,228
105,48,369
105,50,388
105,66,310
105,70,189
105,79,30
105,97,293
105,98,120
105,99,68
105,126,339
105,133,282
105,134,12
105,139,180
105,143,42
105,151,126
105,152,391
105,158,259
105,169,314
106,6,155
106,9,184
106,19,304
106,20,303
106,21,106
106,27,272
106,30,34
106,36,98
106,41,287
106,42,174
106,71,32
106,78,268
106,79,220
106,98,97
106,103,231
106,110,372
106,114,279
106,116,292
106,132,183
106,137,257
106,158,180
106,165,132
106,177,74
106,189,199
107,16,97
107,20,190
107,23,18
107,24,72
107,26,387
107,36,121
107,39,354
107,42,99
107,62,264
107,64,279
107,66,167
107,77,315
107,85,231
107,96,297
107,101,93
107,103,119
107,108,335
107,132,393
107,149,316
107,152,228
107,153,339
107,161,274
107,188,198
108,12,317
108,13,392
108,30,50
108,49,251
108,56,136
108,57,298
108,58,107
108,69,141
108,77,292
108,84,170
108,88,51
108,89,163
108,98,71
108,99,48
108,103,237
108,107,335
108,118,316
108,120,47
108,131,87
108,132,232
108,137,294
108,149,367
108,153,329
108,161,337
108,167,210
108,193,218
109,6,363
109,7,22
109,8,277
109,13,321
109,15,117
109,17,35
109,18,296
109,34,326
109,37,88
109,58,200
109,60,384
109,67,351
109,71,208
109,95,377
109,96,151
109,97,257
109,118,121
109,123,320
109,126,136
109,152,379
109,157,336
109,164,19
109,194,238
109,198,137
110,5,367
110,21,333
110,26,64
110,31,287
110,37,237
110,40,208
110,58,73
110,59,65
110,64,209
110,73,259
110,76,196
110,83,319
110,92,389
110,106,372
110,111,335
110,121,138
110,127,276
110,128,370
110,129,343
110,135,1
110,137,141
110,143,261
110,146,53
110,147,43
110,167,316
110,199,51
111,5,175
111,20,162
111,24,394
111,28,29
111,30,216
111,32,82
111,33,35
111,40,169
111,41,242
111,44,41
111,45,330
111,57,293
111,81,286
111,84,331
111,101,190
111,110,335
111,118,287
111,121,113
111,130,148
111,137,113
111,163,129
111,188,279
111,199,105
112,13,11
112,14,138
112,16,107
112,39,205
112,45,321
112,48,15
112,52,145
112,56,309
112,62,305
112,71,387
112,78,133
112,84,181
112,88,315
112,94,99
112,100,244
112,122,399
112,124,260
112,145,339
112,147,377
112,157,139
112,174,105
112,184,284
113,2,194
113,5,60
113,15,164
113,23,173
113,26,85
113,34,45
113,35,171
113,38,81
113,41,327
113,57,276
113,60,278
113,73,121
113,75,309
113,81,277
113,94,152
113,99,91
113,122,352
113,125,10
113,142,126
113,166,197
113,181,201
113,197,360
113,200,392
114,2,9
114,13,131
114,26,360
114,34,44
114,41,122
114,43,169
114,46,21
114,52,179
114,63,7
114,64,353
114,80,264
114,81,325
114,82,324
114,103,185
114,106,279
114,117,203
114,123,135
114,130,158
114,136,363
114,145,104
114,187,294
114,198,66
115,4,205
115,6,129
115,8,197
115,17,26
115,19,355
115,26,47
115,31,389
115,34,68
115,48,17
115,83,79
115,84,62
115,85,51
115,97,109
115,99,217
115,101,128
115,119,259
115,121,368
115,122,28
115,129,339
115,143,247
115,170,215
115,185,181
115,192,374
115,193,97
115,199,252
116,5,268
116,8,146
116,16,342
116,18,303
116,32,396
116,44,11
116,56,27
116,60,85
116,64,9
116,79,200
116,83,256
116,85,217
116,88,277
116,99,209
116,106,292
116,130,45
116,132,374
116,150,169
116,165,120
116,184,102
116,194,351
116,197,267
117,1,86
117,7,152
117,8,200
117,14,95
117,29,275
117,31,196
117,39,38
117,40,202
117,48,214
117,49,180
117,52,144
117,69,377
117,76,376
117,99,338
117,104,22
117,114,203
117,118,43
117,125,109
117,137,367
117,158,16
117,180,249
117,189,193
117,194,225
117,199,215
117,200,183
118,4,44
118,9,136
118,13,250
118,22,33
118,23,310
118,27,235
118,45,2
118,67,12
118,79,227
118,83,325
118,91,197
118,103,183
118,108,316
118,109,121
118,111,287
118,117,43
118,121,111
118,127,109
118,137,21
118,162,259
118,168,252
118,195,9
119,2,168
119,5,12
119,14,228
119,17,333
119,32,162
119,34,230
119,35,82
119,43,90
119,49,108
119,62,316
119,67,308
119,74,153
119,91,274
119,93,184
119,115,259
119,128,292
119,135,79
119,148,161
119,174,258
119,183,140
120,2,190
120,18,243
120,32,152
120,36,101
120,38,331
120,42,51
120,51,381
120,67,107
120,68,372
120,78,117
120,84,362
120,85,396
120,93,376
120,96,338
120,103,256
120,108,47
120,145,347
