source,target,weight
1,2,132
1,3,374
1,4,349
1,5,399
1,7,15
1,9,389
1,10,26
1,11,265
1,13,369
1,14,307
1,20,320
1,21,125
1,23,337
1,26,228
1,27,218
1,28,103
1,30,108
1,31,210
1,34,151
1,35,97
1,36,156
1,37,71
1,38,155
1,39,328
1,40,262
1,41,115
1,44,267
1,45,185
1,46,8
1,47,207
1,50,141
1,52,39
1,53,6
1,54,73
1,55,113
1,59,120
1,60,318
1,65,198
1,67,135
1,69,15
1,71,96
1,72,319
1,73,218
1,77,349
1,83,7
1,90,173
1,95,47
1,97,53
1,102,44
1,103,366
1,107,105
1,109,286
1,112,316
1,119,273
1,120,327
1,123,327
1,125,118
1,127,182
1,130,45
1,132,202
1,133,204
1,136,133
1,140,11
1,145,4
1,149,80
1,150,243
1,153,175
1,156,126
1,158,82
1,162,123
1,164,373
1,167,90
1,168,129
1,173,264
1,181,75
1,186,137
1,191,98
1,193,21
1,194,327
1,195,124
1,198,309
1,199,369
2,1,132
2,3,100
2,4,364
2,5,323
2,6,138
2,9,14
2,10,248
2,11,254
2,12,77
2,13,214
2,14,277
2,15,108
2,18,300
2,19,351
2,20,266
2,21,106
2,22,158
2,23,367
2,25,358
2,26,2
2,29,203
2,31,234
2,32,182
2,34,136
2,35,107
2,36,26
2,37,42
2,39,41
2,41,133
2,44,70
2,45,12
2,48,15
2,52,399
2,53,350
2,55,199
2,57,179
2,58,28
2,59,254
2,61,213
2,64,181
2,65,161
2,66,160
2,67,396
2,70,368
2,71,303
2,74,177
2,75,156
2,76,354
2,84,52
2,88,60
2,90,165
2,96,254
2,98,51
2,100,131
2,105,202
2,107,241
2,112,48
2,114,187
2,117,248
2,121,182
2,125,57
2,131,263
2,136,163
2,137,96
2,139,329
2,142,356
2,143,259
2,149,311
2,150,135
2,152,87
2,154,277
2,155,235
2,169,394
2,178,227
2,184,362
2,185,235
2,188,372
2,189,149
3,1,374
3,2,100
3,4,208
3,5,33
3,6,296
3,7,55
3,8,27
3,10,219
3,11,57
3,12,197
3,13,76
3,14,211
3,15,65
3,16,25
3,17,175
3,18,3
3,20,67
3,21,220
3,23,383
3,24,324
3,26,6
3,27,143
3,30,195
3,31,7
3,36,288
3,37,34
3,38,20
3,39,155
3,40,110
3,42,381
3,43,327
3,45,116
3,46,256
3,47,342
3,48,307
3,50,91
3,55,241
3,56,77
3,60,321
3,67,357
3,72,125
3,75,72
3,76,397
3,77,134
3,83,371
3,88,246
3,89,196
3,92,4
3,94,317
3,97,88
3,100,221
3,104,107
3,105,179
3,112,228
3,114,396
3,117,245
3,127,294
3,130,238
3,132,311
3,133,364
3,135,266
3,142,202
3,143,37
3,144,273
3,145,293
3,151,245
3,152,95
3,153,357
3,158,165
3,164,371
3,169,106
3,178,37
3,181,130
3,183,300
3,187,3
3,193,394
4,1,349
4,2,364
4,3,208
4,5,298
4,6,185
4,7,49
4,9,141
4,10,49
4,12,1
4,13,267
4,14,266
4,16,299
4,17,109
4,18,263
4,19,365
4,20,394
4,21,377
4,22,347
4,23,264
4,24,51
4,25,234
4,27,338
4,30,79
4,32,192
4,33,51
4,34,286
4,35,221
4,37,32
4,41,382
4,43,128
4,44,231
4,45,246
4,46,229
4,47,126
4,48,228
4,49,154
4,50,60
4,56,258
4,57,234
4,58,75
4,59,379
4,62,103
4,63,202
4,66,46
4,67,123
4,69,189
4,73,293
4,74,378
4,78,81
4,81,361
4,84,379
4,87,358
4,90,33
4,93,89
4,97,308
4,99,132
4,102,25
4,106,142
4,107,61
4,116,8
4,119,51
4,121,341
4,123,346
4,128,385
4,129,106
4,138,131
4,144,231
4,145,290
4,146,235
4,147,61
4,152,146
4,153,286
4,159,270
4,164,216
4,169,272
4,170,328
4,175,218
4,176,327
4,177,150
4,182,375
4,183,7
4,188,376
4,192,209
4,194,277
4,199,147
5,1,399
5,2,323
5,3,33
5,4,298
5,6,227
5,7,254
5,8,327
5,11,260
5,12,242
5,13,54
5,15,19
5,17,33
5,18,29
5,21,268
5,22,186
5,25,245
5,26,339
5,27,214
5,32,35
5,33,280
5,36,177
5,39,191
5,41,276
5,42,396
5,43,298
5,44,357
5,45,148
5,48,178
5,49,244
5,51,32
5,52,105
5,55,383
5,56,267
5,58,194
5,61,144
5,62,341
5,64,235
5,65,227
5,72,128
5,73,71
5,75,134
5,76,28
5,80,319
5,81,269
5,83,383
5,87,342
5,91,211
5,99,374
5,104,76
5,105,89
5,106,331
5,107,316
5,108,213
5,109,345
5,110,270
5,119,273
5,120,177
5,123,143
5,125,259
5,127,352
5,129,372
5,138,62
5,143,80
5,146,104
5,148,330
5,150,35
5,153,23
5,154,286
5,163,47
5,165,347
5,169,108
5,171,113
5,172,398
5,174,214
5,176,312
5,180,270
5,182,197
5,186,240
5,187,268
5,189,356
5,191,346
5,192,178
6,2,138
6,3,296
6,4,185
6,5,227
6,7,374
6,8,305
6,9,236
6,10,396
6,13,375
6,15,85
6,17,322
6,19,277
6,20,304
6,21,38
6,22,195
6,24,78
6,26,273
6,28,372
6,29,320
6,31,234
6,32,205
6,33,194
6,34,291
6,35,3
6,37,342
6,40,298
6,41,6
6,42,106
6,43,315
6,44,184
6,46,16
6,49,341
6,54,10
6,56,34
6,57,292
6,58,42
6,59,249
6,60,359
6,63,233
6,64,381
6,68,247
6,72,184
6,75,336
6,83,213
6,84,276
6,87,162
6,89,50
6,92,22
6,93,116
6,97,360
6,99,199
6,103,245
6,107,283
6,110,157
6,111,38
6,118,203
6,119,222
6,120,225
6,122,347
6,125,210
6,126,184
6,130,222
6,131,226
6,134,345
6,137,40
6,139,30
6,141,87
6,144,108
6,147,375
6,163,261
6,167,197
6,172,91
6,180,175
6,186,230
6,187,57
6,198,212
7,1,15
7,3,55
7,4,49
7,5,254
7,6,374
7,8,261
7,9,187
7,10,46
7,11,82
7,12,57
7,13,11
7,15,216
7,16,348
7,20,147
7,21,85
7,22,387
7,23,186
7,24,51
7,25,383
7,28,80
7,29,154
7,30,299
7,31,313
7,32,215
7,33,67
7,34,306
7,36,162
7,37,251
7,39,119
7,42,332
7,43,195
7,45,387
7,46,173
7,48,106
7,49,379
7,50,213
7,51,141
7,58,361
7,59,337
7,60,153
7,61,21
7,63,400
7,64,284
7,67,66
7,68,360
7,69,205
7,72,254
7,73,400
7,74,146
7,76,157
7,80,295
7,83,175
7,85,166
7,86,98
7,88,308
7,89,11
7,90,76
7,91,49
7,92,8
7,96,396
7,99,106
7,101,391
7,102,398
7,103,366
7,111,80
7,117,337
7,118,390
7,119,336
7,124,316
7,128,157
7,129,17
7,135,93
7,136,130
7,142,173
7,146,5
7,147,312
7,153,216
7,155,204
7,156,326
7,163,79
7,167,18
7,170,249
7,171,157
7,178,211
7,179,386
7,185,77
7,187,122
7,191,174
7,192,189
7,193,152
7,198,379
8,3,27
8,5,327
8,6,305
8,7,261
8,9,37
8,12,394
8,16,16
8,17,67
8,18,184
8,19,384
8,21,16
8,22,321
8,23,72
8,24,143
8,25,123
8,27,13
8,28,278
8,29,97
8,31,41
8,32,206
8,33,334
8,35,358
8,36,264
8,38,126
8,39,162
8,40,120
8,42,29
8,43,272
8,44,125
8,45,162
8,46,222
8,47,318
8,48,65
8,52,134
8,53,106
8,54,375
8,55,108
8,56,10
8,58,308
8,59,33
8,60,13
8,61,265
8,64,293
8,68,294
8,75,233
8,78,250
8,79,239
8,82,114
8,83,386
8,84,51
8,89,87
8,92,350
8,93,332
8,95,8
8,99,113
8,125,399
8,135,267
8,145,27
8,146,83
8,147,258
8,150,33
8,152,117
8,153,321
8,154,325
8,157,63
8,158,193
8,159,138
8,162,265
8,163,397
8,172,350
8,178,229
8,182,284
8,198,200
9,1,389
9,2,14
9,4,141
9,6,236
9,7,187
9,8,37
9,11,270
9,14,93
9,16,373
9,17,150
9,18,64
9,22,201
9,23,303
9,25,371
9,26,91
9,27,132
9,28,72
9,29,311
9,30,292
9,32,327
9,34,321
9,35,54
9,39,63
9,40,47
9,41,224
9,43,102
9,45,300
9,48,359
9,49,101
9,54,162
9,55,83
9,57,38
9,61,113
9,66,293
9,68,37
9,70,130
9,71,257
9,74,355
9,76,188
9,81,350
9,83,238
9,84,264
9,85,283
9,89,238
9,90,245
9,91,387
9,93,79
9,94,7
9,97,189
9,98,318
9,102,373
9,105,138
9,106,325
9,107,367
9,108,270
9,113,27
9,117,310
9,139,264
9,142,123
9,147,123
9,148,92
9,150,359
9,153,152
9,154,73
9,156,265
9,160,124
9,161,331
9,167,123
9,173,223
9,174,329
9,184,215
9,200,248
10,1,26
10,2,248
10,3,219
10,4,49
10,6,396
10,7,46
10,11,353
10,14,117
10,16,174
10,19,218
10,20,165
10,21,211
10,24,124
10,25,291
10,28,47
10,31,234
10,32,362
10,33,28
10,34,88
10,36,93
10,37,19
10,38,336
10,39,72
10,40,224
10,41,107
10,42,236
10,44,236
10,46,47
10,47,161
10,49,111
10,50,3
10,51,301
10,53,300
10,56,138
10,57,358
10,58,185
10,59,316
10,62,102
10,64,261
10,67,343
10,70,347
10,71,51
10,74,372
10,76,294
10,77,96
10,79,360
10,83,287
10,84,55
10,86,237
10,87,93
10,89,109
10,90,52
10,91,57
10,92,333
10,96,359
10,97,39
10,98,107
10,99,246
10,104,349
10,105,56
10,111,251
10,116,190
10,119,137
10,120,314
10,121,274
10,125,190
10,126,17
10,134,225
10,139,7
10,140,77
10,147,116
10,149,154
10,156,73
10,157,255
10,159,270
10,173,284
10,175,99
10,177,277
10,191,266
10,192,378
10,200,309
11,1,265
11,2,254
11,3,57
11,5,260
11,7,82
11,9,270
11,10,353
11,12,83
11,13,78
11,15,202
11,17,130
11,18,294
11,19,53
11,20,363
11,21,3
11,24,28
11,26,267
11,28,134
11,29,169
11,30,339
11,31,148
11,33,310
11,34,287
11,35,326
11,38,163
11,39,232
11,41,42
11,42,331
11,43,387
11,44,193
11,45,232
11,48,117
11,51,297
11,52,137
11,55,61
11,57,397
11,58,96
11,61,349
11,62,306
11,68,151
11,69,295
11,70,62
11,71,185
11,72,13
11,73,75
11,74,336
11,75,113
11,78,94
11,80,351
11,82,323
11,84,215
11,89,65
11,92,149
11,93,278
11,96,143
11,99,29
11,102,17
11,103,150
11,108,48
11,117,273
11,120,330
11,127,348
11,128,238
11,134,397
11,135,115
11,136,239
11,140,400
11,141,176
11,146,195
11,147,161
11,148,191
11,149,385
11,153,188
11,157,336
11,162,365
11,166,98
11,167,205
11,169,109
11,172,164
11,177,65
11,183,346
11,191,5
11,198,163
12,2,77
12,3,197
12,4,1
12,5,242
12,7,57
12,8,394
12,11,83
12,13,330
12,14,94
12,15,5
12,17,240
12,18,132
12,19,319
12,20,302
12,21,165
12,24,271
12,25,379
12,26,287
12,28,276
12,30,164
12,33,264
12,34,237
12,36,187
12,37,294
12,38,375
12,40,122
12,41,370
12,43,320
12,44,237
12,46,40
12,48,340
12,51,88
12,52,89
12,53,366
12,56,261
12,58,210
12,59,367
12,65,193
12,66,115
12,67,149
12,68,390
12,72,16
12,73,94
12,76,111
12,80,309
12,82,276
12,84,115
12,85,93
12,86,80
12,90,275
12,92,398
12,95,375
12,96,7
12,99,325
12,101,59
12,102,257
12,104,292
12,111,230
12,113,13
12,122,323
12,123,206
12,125,209
12,129,11
12,139,277
12,145,225
12,146,196
12,174,270
12,177,67
12,183,258
12,187,177
12,197,222
12,200,219
13,1,369
13,2,214
13,3,76
13,4,267
13,5,54
13,6,375
13,7,11
13,11,78
13,12,330
13,14,205
13,15,175
13,16,192
13,17,329
13,19,397
13,21,253
13,23,108
13,24,263
13,26,268
13,27,43
13,28,265
13,29,223
13,30,229
13,32,320
13,33,370
13,34,133
13,36,394
13,41,336
13,42,144
13,43,31
13,45,11
13,49,30
13,51,32
13,53,266
13,54,238
13,56,218
13,57,41
13,58,248
13,60,354
13,61,384
13,63,137
13,64,40
13,68,141
13,70,270
13,72,107
13,73,290
13,74,157
13,75,88
13,77,215
13,83,354
13,87,348
13,89,198
13,91,377
13,94,321
13,96,30
13,99,382
13,106,357
13,109,344
13,111,12
13,115,126
13,121,277
13,122,371
13,123,27
13,124,120
13,125,368
13,127,197
13,128,390
13,130,327
13,132,50
13,141,7
13,144,325
13,152,54
13,154,144
13,160,344
13,161,394
13,167,306
13,170,101
13,174,163
13,194,232
13,195,38
14,1,307
14,2,277
14,3,211
14,4,266
14,9,93
14,10,117
14,12,94
14,13,205
14,16,291
14,17,190
14,18,324
14,19,380
14,22,316
14,23,28
14,24,327
14,25,129
14,27,149
14,28,367
14,29,290
14,32,62
14,33,233
14,35,214
14,38,246
14,39,102
14,40,217
14,41,122
14,42,153
14,43,364
14,44,226
14,45,45
14,46,24
14,47,155
14,48,397
14,49,20
14,52,397
14,53,102
14,57,196
14,61,290
14,62,115
14,63,107
14,66,207
14,67,159
14,68,300
14,69,396
14,71,7
14,72,317
14,73,234
14,82,121
14,87,398
14,88,346
14,89,160
14,90,3
14,96,138
14,97,300
14,98,113
14,99,112
14,100,36
14,101,221
14,104,34
14,109,257
14,111,281
14,113,325
14,116,205
14,117,185
14,120,83
14,122,89
14,123,186
14,124,133
14,132,22
14,136,171
14,140,297
14,141,348
14,150,196
14,151,217
14,153,217
14,158,192
14,160,247
14,161,387
14,163,111
14,165,210
14,169,166
14,170,267
14,171,66
14,177,88
14,180,111
14,181,320
14,182,166
14,186,142
14,187,48
14,192,32
15,2,108
15,3,65
15,5,19
15,6,85
15,7,216
15,11,202
15,12,5
15,13,175
15,17,344
15,19,67
15,20,99
15,21,207
15,27,70
15,28,91
15,29,9
15,30,54
15,31,282
15,32,332
15,33,200
15,34,84
15,35,192
15,37,151
15,38,392
15,39,367
15,40,49
15,41,40
15,42,354
15,43,113
15,49,351
15,50,283
15,53,128
15,56,149
15,59,266
15,62,57
15,63,161
15,69,50
15,70,163
15,71,44
15,73,107
15,74,158
15,75,258
15,76,207
15,77,52
15,78,350
15,79,80
15,80,216
15,83,59
15,84,58
15,85,232
15,89,310
15,90,306
15,92,351
15,94,19
15,99,347
15,104,70
15,106,368
15,107,353
15,111,341
15,112,356
15,116,156
15,122,237
15,123,391
15,126,92
15,128,360
15,137,116
15,139,30
15,146,193
15,147,351
15,148,293
15,151,146
15,155,139
15,166,108
15,187,370
15,194,174
16,3,25
16,4,299
16,7,348
16,8,16
16,9,373
16,10,174
16,13,192
16,14,291
16,17,322
16,18,76
16,19,80
16,20,245
16,22,167
16,25,355
16,26,333
16,27,235
16,28,324
16,30,275
16,31,353
16,33,71
16,35,383
16,36,80
16,37,22
16,38,205
16,41,395
16,42,301
16,43,157
16,47,169
16,48,372
16,49,279
16,51,47
16,53,135
16,54,167
16,55,311
16,56,37
16,57,188
16,60,381
16,61,116
16,67,199
16,69,62
16,70,2
16,72,342
16,73,138
16,76,180
16,79,32
16,83,325
16,84,366
16,88,236
16,91,85
16,95,363
16,96,51
16,100,32
16,101,136
16,105,16
16,107,268
16,108,125
16,109,68
16,110,229
16,116,122
16,122,340
16,126,113
16,128,84
16,130,374
16,131,369
16,135,52
16,136,364
16,138,134
16,141,132
16,144,234
16,154,126
16,155,346
16,157,48
16,158,368
16,161,8
16,163,254
16,168,193
16,176,313
16,199,261
17,3,175
17,4,109
17,5,33
17,6,322
17,8,67
17,9,150
17,11,130
17,12,240
17,13,329
17,14,190
17,15,344
17,16,322
17,20,48
17,22,356
17,23,367
17,24,37
17,25,14
17,26,387
17,29,237
17,31,33
17,32,24
17,33,33
17,34,8
17,37,292
17,38,246
17,39,57
17,41,222
17,42,279
17,43,51
17,44,135
17,45,375
17,47,150
17,49,179
17,51,185
17,52,260
17,53,151
17,55,260
17,56,175
17,57,357
17,61,377
17,63,16
17,65,176
17,67,189
17,73,82
17,74,92
17,77,205
17,80,36
17,81,29
17,83,295
17,85,26
17,87,390
17,91,255
17,92,233
17,96,188
17,106,357
17,107,390
17,112,312
17,113,352
17,116,272
17,124,142
17,135,313
17,138,344
17,139,324
17,150,105
17,152,339
17,154,46
17,158,69
17,161,12
17,166,352
17,173,276
17,175,384
17,180,301
17,183,382
17,184,343
17,192,356
17,198,325
18,2,300
18,3,3
18,4,263
18,5,29
18,8,184
18,9,64
18,11,294
18,12,132
18,14,324
18,16,76
18,19,59
18,22,344
18,23,114
18,24,269
18,27,205
18,28,28
18,29,119
18,30,124
18,31,6
18,32,380
18,33,6
18,34,93
18,35,89
18,36,229
18,37,344
18,38,124
18,40,250
18,41,359
18,45,360
18,46,44
18,47,157
18,48,363
18,52,263
18,55,155
18,56,201
18,57,82
18,58,181
18,60,339
18,62,63
18,65,395
18,66,119
18,67,289
18,69,59
18,72,394
18,74,68
18,76,104
18,78,150
18,79,389
18,86,211
18,91,37
18,95,282
18,98,32
18,100,375
18,101,155
18,102,298
18,103,343
18,105,253
18,110,283
18,111,166
18,113,391
18,114,150
18,120,342
18,122,300
18,125,283
18,132,116
18,134,206
18,136,361
18,137,81
18,148,43
18,149,385
18,164,155
18,165,319
18,167,59
18,171,41
18,174,274
18,182,80
18,192,73
18,194,152
18,200,102
19,2,351
19,4,365
19,6,277
19,8,384
19,10,218
19,11,53
19,12,319
19,13,397
19,14,380
19,15,67
19,16,80
19,18,59
19,21,307
19,22,283
19,27,92
19,28,233
19,29,142
19,32,156
19,34,346
19,36,235
19,37,56
19,38,366
19,40,192
19,43,352
19,45,299
19,46,135
19,47,164
19,48,333
19,49,168
19,50,347
19,51,199
19,53,82
19,54,76
19,55,262
19,56,81
19,58,133
19,60,61
19,61,84
19,63,334
19,66,4
19,69,343
19,82,124
19,84,297
19,86,235
19,87,297
19,93,368
19,97,214
19,102,78
19,106,147
19,111,90
19,114,49
19,119,128
19,128,33
19,131,107
19,136,46
19,140,362
19,144,186
19,147,324
19,149,62
19,150,191
19,155,101
19,157,169
19,169,20
19,172,331
19,179,270
19,180,380
19,189,248
19,190,227
19,191,296
19,196,400
19,198,229
20,1,320
20,2,266
20,3,67
20,4,394
20,6,304
20,7,147
20,10,165
20,11,363
20,12,302
20,15,99
20,16,245
20,17,48
20,21,266
20,23,144
20,24,319
20,26,20
20,27,148
20,28,320
20,29,300
20,30,83
20,32,72
20,35,323
20,37,77
20,39,396
20,41,98
20,42,279
20,45,86
20,46,95
20,47,94
20,49,292
20,52,336
20,53,86
20,57,178
20,59,33
20,60,127
20,63,375
20,66,290
20,72,219
20,73,182
20,75,83
20,78,281
20,80,146
20,85,260
20,89,108
20,90,201
20,92,121
20,93,134
20,94,375
20,98,136
20,100,145
20,101,272
20,102,225
20,105,28
20,108,230
20,109,7
20,110,106
20,113,95
20,114,79
20,117,71
20,126,229
20,127,229
20,132,212
20,135,171
20,139,101
20,144,159
20,149,273
20,154,123
20,155,281
20,163,175
20,170,255
20,173,224
20,180,331
20,182,385
20,192,34
20,195,200
20,196,36
21,1,125
21,2,106
21,3,220
21,4,377
21,5,268
21,6,38
21,7,85
21,8,16
21,10,211
21,11,3
21,12,165
21,13,253
21,15,207
21,19,307
21,20,266
21,24,208
21,25,215
21,26,191
21,27,206
21,28,375
21,29,380
21,33,374
21,34,135
21,36,209
21,37,199
21,38,91
21,39,354
21,44,342
21,46,398
21,47,368
21,48,293
21,49,242
21,50,21
21,51,217
21,52,85
21,58,96
21,59,186
21,60,360
21,61,176
21,62,232
21,63,129
21,65,249
21,66,26
21,67,231
21,71,259
21,73,319
21,75,287
21,77,144
21,79,123
21,83,105
21,84,147
21,85,389
21,86,203
21,89,166
21,90,294
21,99,189
21,101,358
21,108,163
21,111,256
21,117,144
21,123,198
21,129,29
21,130,358
21,132,3
21,134,46
21,135,398
21,140,32
21,148,136
21,149,397
21,150,386
21,156,320
21,157,256
21,159,89
21,162,332
21,163,197
21,165,157
21,172,52
21,174,387
21,186,152
21,189,144
21,200,263
22,2,158
22,4,347
22,5,186
22,6,195
22,7,387
22,8,321
22,9,201
22,14,316
22,16,167
22,17,356
22,18,344
22,19,283
22,23,140
22,24,321
22,26,386
22,27,208
22,30,213
22,31,319
22,32,399
22,33,224
22,34,373
22,35,183
22,36,337
22,38,127
22,41,93
22,42,305
22,45,253
22,47,63
22,49,62
22,50,200
22,51,286
22,53,256
22,58,121
22,60,385
22,61,96
22,62,128
22,64,248
22,65,159
22,67,199
22,69,33
22,71,328
22,72,187
22,73,75
22,75,158
22,80,201
22,81,346
22,82,265
22,86,242
22,88,120
22,90,49
22,91,25
22,92,341
22,93,205
22,97,1
22,102,80
22,106,25
22,108,229
22,109,160
22,115,205
22,116,41
22,117,337
22,118,37
22,119,265
22,123,51
22,125,345
22,129,99
22,133,293
22,137,162
22,143,91
22,145,40
22,150,149
22,153,175
22,159,37
22,166,312
22,169,368
22,170,27
22,186,26
22,190,247
22,198,1
23,1,337
23,2,367
23,3,383
23,4,264
23,7,186
23,8,72
23,9,303
23,13,108
23,14,28
23,17,367
23,18,114
23,20,144
23,22,140
23,26,263
23,27,165
23,30,95
23,31,323
23,32,32
23,33,100
23,35,43
23,38,136
23,39,41
23,40,186
23,41,250
23,42,32
23,43,162
23,44,252
23,45,295
23,46,372
23,49,169
23,51,359
23,54,276
23,57,126
23,58,330
23,60,131
23,62,86
23,65,8
23,67,156
23,68,209
23,69,98
23,70,35
23,73,158
23,77,175
23,78,328
23,79,90
23,84,361
23,86,377
23,87,306
23,89,79
23,91,303
23,93,144
23,95,4
23,96,263
23,97,14
23,100,64
23,101,81
23,107,316
23,108,239
23,115,382
23,119,238
23,120,114
23,125,367
23,127,243
23,131,23
23,132,266
23,135,81
23,137,175
23,138,328
23,141,4
23,143,5
23,146,48
23,149,114
23,150,151
23,160,342
23,161,237
23,162,168
23,167,198
23,173,344
23,183,75
23,186,107
23,189,97
23,192,389
23,196,289
23,197,252
23,198,239
24,3,324
24,4,51
24,6,78
24,7,51
24,8,143
24,10,124
24,11,28
24,12,271
24,13,263
24,14,327
24,17,37
24,18,269
24,20,319
24,21,208
24,22,321
24,25,196
24,26,114
24,27,355
24,29,81
24,31,327
24,33,272
24,34,3
24,35,296
24,36,142
24,37,197
24,38,70
24,40,241
24,41,7
24,45,76
24,46,16
24,47,230
24,49,225
24,50,128
24,52,34
24,53,8
24,55,143
24,56,291
24,58,393
24,59,133
24,61,2
24,64,159
24,67,188
24,68,237
24,75,206
24,76,324
24,77,365
24,78,198
24,80,398
24,82,285
24,87,164
24,90,279
24,91,70
24,92,279
24,94,38
24,95,184
24,96,239
24,97,75
24,98,203
24,99,117
24,105,376
24,109,155
24,111,283
24,112,288
24,113,73
24,114,369
24,116,383
24,118,153
24,119,79
24,123,294
24,124,268
24,128,210
24,130,24
24,137,175
24,139,182
24,140,230
24,144,358
24,150,44
24,153,358
24,158,211
24,161,336
24,162,72
24,165,138
24,166,56
24,169,144
24,171,238
24,181,279
24,188,348
24,189,363
24,190,86
24,192,232
24,195,70
24,197,18
24,199,349
25,2,358
25,4,234
25,5,245
25,7,383
25,8,123
25,9,371
25,10,291
25,12,379
25,14,129
25,16,355
25,17,14
25,21,215
25,24,196
25,26,272
25,27,6
25,30,330
25,31,245
25,34,358
25,36,180
25,39,287
25,41,31
25,42,13
25,43,316
25,44,183
25,45,215
25,50,163
25,51,133
25,55,108
25,57,304
25,58,189
25,62,259
25,64,172
25,69,217
25,71,103
25,72,200
25,74,345
25,76,192
25,80,176
25,83,224
25,84,250
25,86,285
25,87,318
25,91,289
25,94,118
25,95,107
25,101,7
25,106,326
25,108,60
25,113,80
25,114,291
25,115,251
25,116,283
25,118,160
25,119,140
25,126,75
25,129,308
25,131,86
25,132,274
25,134,87
25,139,364
25,141,166
25,149,199
25,159,266
25,160,196
25,161,309
25,172,116
25,173,43
25,178,27
25,186,130
25,187,336
25,189,311
25,192,258
25,193,124
25,194,394
25,195,93
26,1,228
26,2,2
26,3,6
26,5,339
26,6,273
26,9,91
26,11,267
26,12,287
26,13,268
26,16,333
26,17,387
26,20,20
26,21,191
26,22,386
26,23,263
26,24,114
26,25,272
26,28,262
26,29,305
26,30,375
26,31,59
26,35,126
26,36,120
26,39,306
26,40,104
26,41,312
26,44,178
26,46,164
26,48,371
26,51,127
26,53,346
26,54,365
26,56,348
26,57,116
26,60,316
26,62,309
26,63,299
26,65,297
26,66,189
26,70,307
26,71,349
26,72,64
26,76,282
26,79,315
26,80,159
26,81,28
26,82,120
26,84,101
26,86,296
26,88,319
26,89,231
26,90,45
26,91,391
26,94,254
26,95,265
26,97,56
26,98,244
26,101,135
26,108,252
26,111,93
26,113,14
26,116,339
26,117,158
26,120,198
26,122,163
26,128,383
26,129,52
26,130,400
26,135,276
26,140,312
26,146,387
26,150,21
26,156,219
26,157,175
26,161,98
26,163,161
26,165,129
26,166,171
26,172,107
26,174,268
26,175,293
26,183,324
26,186,240
26,187,364
26,191,155
26,192,318
26,197,66
27,1,218
27,3,143
27,4,338
27,5,214
27,8,13
27,9,132
27,13,43
27,14,149
27,15,70
27,16,235
27,18,205
27,19,92
27,20,148
27,21,206
27,22,208
27,23,165
27,24,355
27,25,6
27,28,118
27,29,161
27,30,299
27,31,75
27,32,207
27,34,312
27,35,238
27,37,364
27,38,136
27,39,345
27,40,305
27,42,261
27,43,363
27,44,91
27,46,265
27,48,335
27,49,305
27,50,229
27,51,60
27,52,377
27,53,187
27,54,74
27,55,372
27,60,30
27,61,249
27,62,328
27,63,347
27,64,319
27,65,100
27,66,262
27,70,140
27,77,68
27,78,172
27,80,78
27,85,235
27,88,28
27,89,14
27,91,375
27,93,208
27,94,88
27,97,58
27,103,263
27,104,267
27,105,349
27,114,90
27,118,119
27,119,43
27,122,367
27,123,330
27,132,268
27,138,256
27,141,46
27,142,269
27,146,173
27,148,294
27,151,354
27,154,198
27,159,184
27,169,327
27,178,348
27,181,167
27,192,275
27,193,15
27,195,12
27,200,104
28,1,103
28,6,372
28,7,80
28,8,278
28,9,72
28,10,47
28,11,134
28,12,276
28,13,265
28,14,367
28,15,91
28,16,324
28,18,28
28,19,233
28,20,320
28,21,375
28,26,262
28,27,118
28,29,373
28,30,250
28,31,241
28,32,241
28,33,122
28,35,172
28,37,281
28,38,185
28,43,78
28,44,347
28,46,223
28,47,161
28,51,393
28,54,31
28,55,36
28,57,78
28,61,377
28,66,104
28,67,334
28,70,296
28,78,399
28,82,360
28,83,400
28,85,396
28,86,368
28,96,329
28,97,306
28,103,153
28,104,92
28,105,261
28,106,196
28,110,13
28,113,30
28,116,104
28,132,361
28,142,47
28,143,256
28,146,384
28,148,229
28,149,201
28,154,185
28,155,208
28,159,139
28,168,102
28,171,107
28,189,94
28,190,347
28,195,334
29,2,203
29,6,320
29,7,154
29,8,97
29,9,311
29,11,169
29,13,223
29,14,290
29,15,9
29,17,237
29,18,119
29,19,142
29,20,300
29,21,380
29,24,81
29,26,305
29,27,161
29,28,373
29,30,368
29,31,341
29,32,90
29,34,376
29,35,222
29,36,242
29,37,83
29,38,170
29,39,301
29,40,148
29,41,319
29,42,190
29,43,39
29,44,354
29,45,360
29,46,392
29,47,280
29,48,88
29,50,311
29,52,73
29,53,350
29,54,361
29,55,384
29,56,224
29,57,189
29,58,362
29,61,186
29,62,60
29,64,266
29,65,374
29,67,308
29,68,231
29,70,312
29,75,283
29,78,267
29,80,120
29,85,183
29,87,114
29,88,107
29,90,327
29,93,264
29,104,338
29,105,352
29,109,211
29,110,99
29,121,391
29,122,383
29,123,279
29,124,85
29,126,48
29,128,66
29,138,371
29,140,220
29,148,170
29,154,338
29,158,32
29,163,54
29,191,377
29,197,124
29,200,97
30,1,108
30,3,195
30,4,79
30,7,299
30,9,292
30,11,339
30,12,164
30,13,229
30,15,54
30,16,275
30,18,124
30,20,83
30,22,213
30,23,95
30,25,330
30,26,375
30,27,299
30,28,250
30,29,368
30,31,103
30,32,265
30,34,359
30,36,317
30,38,305
30,40,370
30,42,155
30,43,34
30,46,32
30,48,172
30,49,353
30,50,63
30,51,384
30,52,277
30,53,241
30,54,219
30,58,8
30,59,262
30,60,263
30,65,14
30,66,66
30,70,45
30,74,350
30,82,346
30,84,314
30,85,162
30,86,221
30,87,360
30,88,103
30,89,303
30,91,289
30,96,182
30,104,52
30,106,27
30,111,298
30,112,381
30,113,146
30,118,203
30,123,323
30,125,399
30,126,55
30,131,213
30,134,88
30,145,94
30,154,168
30,158,310
30,159,317
30,160,308
30,161,22
30,165,395
30,176,359
30,177,120
30,180,355
30,184,248
30,187,326
30,199,25
31,1,210
31,2,234
31,3,7
31,6,234
31,7,313
31,8,41
31,10,234
31,11,148
31,15,282
31,16,353
31,17,33
31,18,6
31,22,319
31,23,323
31,24,327
31,25,245
31,26,59
31,27,75
31,28,241
31,29,341
31,30,103
31,32,200
31,33,309
31,37,189
31,39,129
31,40,70
31,41,128
31,42,342
31,43,216
31,44,8
31,45,367
31,46,78
31,50,285
31,52,120
31,53,312
31,54,292
31,55,339
31,60,60
31,63,309
31,65,214
31,66,185
31,69,258
31,74,312
31,83,267
31,84,206
31,86,284
31,87,156
31,97,358
31,100,189
31,105,79
31,106,118
31,107,229
31,108,84
31,112,87
31,113,246
31,115,291
31,118,34
31,120,48
31,126,127
31,129,322
31,133,158
31,137,380
31,138,52
31,140,290
31,148,59
31,150,113
31,153,159
31,154,387
31,157,97
31,163,87
31,165,84
31,166,92
31,167,388
31,171,59
31,173,364
31,175,154
31,176,241
31,180,113
31,187,388
32,2,182
32,4,192
32,5,35
32,6,205
32,7,215
32,8,206
32,9,327
32,10,362
32,13,320
32,14,62
32,15,332
32,17,24
32,18,380
32,19,156
32,20,72
32,22,399
32,23,32
32,27,207
32,28,241
32,29,90
32,30,265
32,31,200
32,33,25
32,34,212
32,36,304
32,40,14
32,41,201
32,42,12
32,45,333
32,47,251
32,50,38
32,54,136
32,56,276
32,57,49
32,60,277
32,62,57
32,64,111
32,68,221
32,69,26
32,71,308
32,78,55
32,79,285
32,82,23
32,84,294
32,90,85
32,91,225
32,93,394
32,95,344
32,96,310
32,102,400
32,103,210
32,105,226
32,111,271
32,125,75
32,126,88
32,127,49
32,130,234
32,132,336
32,135,194
32,136,61
32,137,180
32,140,225
32,153,9
32,158,112
32,160,297
32,162,79
32,169,392
32,170,124
32,174,347
32,177,150
32,184,330
32,193,74
32,200,36
33,4,51
33,5,280
33,6,194
33,7,67
33,8,334
33,10,28
33,11,310
33,12,264
33,13,370
33,14,233
33,15,200
33,16,71
33,17,33
33,18,6
33,21,374
33,22,224
33,23,100
33,24,272
33,28,122
33,31,309
33,32,25
33,34,110
33,35,246
33,37,87
33,38,48
33,40,230
33,41,343
33,42,317
33,44,135
33,45,318
33,46,294
33,48,88
33,49,265
33,51,5
33,53,349
33,54,354
33,57,364
33,58,230
33,60,207
33,61,285
33,62,110
33,65,393
33,66,153
33,69,328
33,71,330
33,75,160
33,76,350
33,79,195
33,84,12
33,86,206
33,87,193
33,92,387
33,96,283
33,97,36
33,98,174
33,101,152
33,102,281
33,105,276
33,106,187
33,115,382
33,120,100
33,125,125
33,127,209
33,130,323
33,147,337
33,152,370
33,157,350
33,158,220
33,166,49
33,173,219
33,187,18
33,192,147
33,196,284
33,200,32
34,1,151
34,2,136
34,4,286
34,6,291
34,7,306
34,9,321
34,10,88
34,11,287
34,12,237
34,13,133
34,15,84
34,17,8
34,18,93
34,19,346
34,21,135
34,22,373
34,24,3
34,25,358
34,27,312
34,29,376
34,30,359
34,32,212
34,33,110
34,35,97
34,38,327
34,39,249
34,44,243
34,46,357
34,47,396
34,48,13
34,49,56
34,50,263
34,51,246
34,52,375
34,53,24
34,54,384
34,55,127
34,57,246
34,58,271
34,60,144
34,62,222
34,63,152
34,65,200
34,66,164
34,67,264
34,69,150
34,70,204
34,72,306
34,81,338
34,83,270
34,85,280
34,86,179
34,88,220
34,91,254
34,92,217
34,94,160
34,96,341
34,97,110
34,98,386
34,99,333
34,100,280
34,101,87
34,105,150
34,108,147
34,114,229
34,116,139
34,117,228
34,118,364
34,119,59
34,120,141
34,137,397
34,138,273
34,139,362
34,144,78
34,152,329
34,154,52
34,160,113
34,166,306
34,179,366
34,182,204
34,184,291
34,185,225
34,189,152
34,194,137
34,196,124
35,1,97
35,2,107
35,4,221
35,6,3
35,8,358
35,9,54
35,11,326
35,14,214
35,15,192
35,16,383
35,18,89
35,20,323
35,22,183
35,23,43
35,24,296
35,26,126
35,27,238
35,28,172
35,29,222
35,33,246
35,34,97
35,37,185
35,38,139
35,39,314
35,40,337
35,41,27
35,42,372
35,43,30
35,44,146
35,46,257
35,49,247
35,52,283
35,54,27
35,60,131
35,61,299
35,65,112
35,67,120
35,68,349
35,71,360
35,72,314
35,74,16
35,75,302
35,76,117
35,77,29
35,79,272
35,80,312
35,81,235
35,82,278
35,83,326
35,85,117
35,88,136
35,97,85
35,98,25
35,101,219
35,106,42
35,108,269
35,109,160
35,112,364
35,117,193
35,119,297
35,122,210
35,126,281
35,129,206
35,131,176
35,132,233
35,136,318
35,141,80
35,142,37
35,151,9
35,152,327
35,157,292
35,170,37
35,176,356
35,178,111
35,179,340
35,180,309
35,181,230
35,182,43
35,188,123
36,1,156
36,2,26
36,3,288
36,5,177
36,7,162
36,8,264
36,10,93
36,12,187
36,13,394
36,16,80
36,18,229
36,19,235
36,21,209
36,22,337
36,24,142
36,25,180
36,26,120
36,29,242
36,30,317
36,32,304
36,37,32
36,38,184
36,41,394
36,44,50
36,46,9
36,50,261
36,51,90
36,53,180
36,54,25
36,56,268
36,59,112
36,61,252
36,64,260
36,66,76
36,67,99
36,70,99
36,75,288
36,76,58
36,79,383
36,82,256
36,83,167
36,89,161
36,91,198
36,94,247
36,99,8
36,101,394
36,103,346
36,105,163
36,110,254
36,116,214
36,117,204
36,121,70
36,125,162
36,130,115
36,132,195
36,134,59
36,138,357
36,143,161
36,158,147
36,177,377
36,180,394
36,183,271
36,185,47
36,187,270
36,188,363
36,191,383
36,192,197
36,195,386
37,1,71
37,2,42
37,3,34
37,4,32
37,6,342
37,7,251
37,10,19
37,12,294
37,15,151
37,16,22
37,17,292
37,18,344
37,19,56
37,20,77
37,21,199
37,24,197
37,27,364
37,28,281
37,29,83
37,31,189
37,33,87
37,35,185
37,36,32
37,38,205
37,39,159
37,40,93
37,41,224
37,42,83
37,44,48
37,45,340
37,46,195
37,47,95
37,49,31
37,52,394
37,54,171
37,55,105
37,56,80
37,59,146
37,61,342
37,63,268
37,64,186
37,66,5
37,68,212
37,70,371
37,71,117
37,84,12
37,86,275
37,89,179
37,94,192
37,95,131
37,96,366
37,104,239
37,105,117
37,106,85
37,108,300
37,111,158
37,112,125
37,116,20
37,118,292
37,121,104
37,126,68
37,127,150
37,128,124
37,129,115
37,131,265
37,133,27
37,136,389
37,145,250
37,147,96
37,148,185
37,151,40
37,152,375
37,160,336
37,163,199
37,164,367
37,171,103
37,172,232
37,173,98
37,176,77
37,178,183
37,195,258
37,200,154
38,1,155
38,3,20
38,8,126
38,10,336
38,11,163
38,12,375
38,14,246
38,15,392
38,16,205
38,17,246
38,18,124
38,19,366
38,21,91
38,22,127
38,23,136
38,24,70
38,27,136
38,28,185
38,29,170
38,30,305
38,33,48
38,34,327
38,35,139
38,36,184
38,37,205
38,40,137
38,41,349
38,42,391
38,46,113
38,48,153
38,51,153
38,52,315
38,53,336
38,55,114
38,58,13
38,59,175
38,60,183
38,61,288
38,63,292
38,64,274
38,68,33
38,69,314
38,70,191
38,71,195
38,72,280
38,73,88
38,75,55
38,79,226
38,80,239
38,81,100
38,85,107
38,89,325
38,90,136
38,95,106
38,103,293
38,110,62
38,113,121
38,114,262
38,115,261
38,123,71
38,124,208
38,132,387
38,134,16
38,137,226
38,138,321
38,140,313
38,147,264
38,154,165
38,157,133
38,163,398
38,164,62
38,167,216
38,170,133
38,175,315
38,176,376
38,180,317
38,193,102
38,195,365
38,198,373
38,199,359
39,1,328
39,2,41
39,3,155
39,5,191
39,7,119
39,8,162
39,9,63
39,10,72
39,11,232
39,14,102
39,15,367
39,17,57
39,20,396
39,21,354
39,23,41
39,25,287
39,26,306
39,27,345
39,29,301
39,31,129
39,34,249
39,35,314
39,37,159
39,41,179
39,42,39
39,45,237
39,46,183
39,48,164
39,49,35
39,51,81
39,52,204
39,59,140
39,60,19
39,62,126
39,63,51
39,64,23
39,66,132
39,67,175
39,70,142
39,71,375
39,74,328
39,76,357
39,78,336
39,88,237
39,91,50
39,93,72
39,94,380
39,95,182
39,97,186
39,99,4
39,100,330
39,105,226
39,108,365
39,109,62
39,113,223
39,117,175
39,119,184
39,129,11
39,133,210
39,141,111
39,142,144
39,143,243
39,147,311
39,155,18
39,160,57
39,168,298
39,171,134
39,179,241
39,184,147
39,188,205
39,195,13
40,1,262
40,3,110
40,6,298
40,8,120
40,9,47
40,10,224
40,12,122
40,14,217
40,15,49
40,18,250
40,19,192
40,23,186
40,24,241
40,26,104
40,27,305
40,29,148
40,30,370
40,31,70
40,32,14
40,33,230
40,35,337
40,37,93
40,38,137
40,41,163
40,42,49
40,44,28
40,46,218
40,47,195
40,48,2
40,49,92
40,50,353
40,52,354
40,53,366
40,55,162
40,57,176
40,59,91
40,61,178
40,62,228
40,63,384
40,65,48
40,66,9
40,67,151
40,69,329
40,71,22
40,74,111
40,79,231
40,82,370
40,83,282
40,84,366
40,88,79
40,89,335
40,95,72
40,97,336
40,98,40
40,104,359
40,109,17
40,110,134
40,119,235
40,120,350
40,121,386
40,122,146
40,124,282
40,129,239
40,138,278
40,141,334
40,142,146
40,146,321
40,174,58
40,177,146
40,191,190
40,195,327
41,1,115
41,2,133
41,4,382
41,5,276
41,6,6
41,9,224
41,10,107
41,11,42
41,12,370
41,13,336
41,14,122
41,15,40
41,16,395
41,17,222
41,18,359
41,20,98
41,22,93
41,23,250
41,24,7
41,25,31
41,26,312
41,29,319
41,31,128
41,32,201
41,33,343
41,35,27
41,36,394
41,37,224
41,38,349
41,39,179
41,40,163
41,43,134
41,45,74
41,46,329
41,48,163
41,51,27
41,52,107
41,55,106
41,57,257
41,58,228
41,59,193
41,63,292
41,65,98
41,67,301
41,68,86
41,69,347
41,70,61
41,72,396
41,73,69
41,74,291
41,76,52
41,77,379
41,80,210
41,81,398
41,84,204
41,86,21
41,90,55
41,91,120
41,93,278
41,94,361
41,95,205
41,99,172
41,100,197
41,101,142
41,103,123
41,108,384
41,110,4
41,112,285
41,114,269
41,116,97
41,125,146
41,131,205
41,134,249
41,135,32
41,139,63
41,141,126
41,143,297
41,148,176
41,152,88
41,154,193
41,166,131
41,168,171
41,169,395
41,172,13
41,173,154
41,175,374
41,188,184
42,3,381
42,5,396
42,6,106
42,7,332
42,8,29
42,10,236
42,11,331
42,13,144
42,14,153
42,15,354
42,16,301
42,17,279
42,20,279
42,22,305
42,23,32
42,25,13
42,27,261
42,29,190
42,30,155
42,31,342
42,32,12
42,33,317
42,35,372
42,37,83
42,38,391
42,39,39
42,40,49
42,44,57
42,45,241
42,47,148
42,48,313
42,49,104
42,50,5
42,51,239
42,52,344
42,54,80
42,61,56
42,62,190
42,66,264
42,67,78
42,69,162
42,70,131
42,71,279
42,75,38
42,77,281
42,78,88
42,79,348
42,82,335
42,83,99
42,87,373
42,88,21
42,99,20
42,101,145
42,102,146
42,109,63
42,110,181
42,111,24
42,116,57
42,117,39
42,119,202
42,123,177
42,124,128
42,130,142
42,137,173
42,140,235
42,141,278
42,143,42
42,145,229
42,149,299
42,150,184
42,151,14
42,165,302
42,166,373
42,168,58
42,173,350
42,175,366
42,177,182
42,184,110
42,185,169
42,186,281
42,193,231
42,194,304
42,196,378
42,199,26
43,3,327
43,4,128
43,5,298
43,6,315
43,7,195
43,8,272
43,9,102
43,11,387
43,12,320
43,13,31
43,14,364
43,15,113
43,16,157
43,17,51
43,19,352
43,23,162
43,25,316
43,27,363
43,28,78
43,29,39
43,30,34
43,31,216
43,35,30
43,41,134
43,44,260
43,45,87
43,46,331
43,47,269
43,48,254
43,52,320
43,53,9
43,56,53
43,59,366
43,60,249
43,61,160
43,62,47
43,63,350
43,64,288
43,65,397
43,69,336
43,70,13
43,73,20
43,74,390
43,78,109
43,79,321
43,81,113
43,84,92
43,88,288
43,93,195
43,96,308
43,98,340
43,99,64
43,100,247
43,102,123
43,103,107
43,104,234
43,107,40
43,109,251
43,110,360
43,111,305
43,114,123
43,115,40
43,116,34
43,124,125
43,126,151
43,127,106
43,132,398
43,140,338
43,144,241
43,159,46
43,166,334
43,170,9
43,183,14
43,194,19
43,196,41
43,197,306
44,1,267
44,2,70
44,4,231
44,5,357
44,6,184
44,8,125
44,10,236
44,11,193
44,12,237
44,14,226
44,17,135
44,21,342
44,23,252
44,25,183
44,26,178
44,27,91
44,28,347
44,29,354
44,31,8
44,33,135
44,34,243
44,35,146
44,36,50
44,37,48
44,40,28
44,42,57
44,43,260
44,45,373
44,46,373
44,47,370
44,49,175
44,50,33
44,53,368
44,54,134
44,55,114
44,56,70
44,60,143
44,63,189
44,64,232
44,68,128
44,69,85
44,70,183
44,71,218
44,72,42
44,76,150
44,77,278
44,78,104
44,80,184
44,83,105
44,87,248
44,90,92
44,91,394
44,93,252
44,95,347
44,97,198
44,99,6
44,101,163
44,107,289
44,116,134
44,117,124
44,118,155
44,120,11
44,123,285
44,126,213
44,127,329
44,128,19
44,129,125
44,137,144
44,143,214
44,144,315
44,149,335
44,150,5
44,157,67
44,158,153
44,163,95
44,175,221
44,176,373
44,189,176
44,192,86
44,193,399
44,196,343
45,1,185
45,2,12
45,3,116
45,4,246
45,5,148
45,7,387
45,8,162
45,9,300
45,11,232
45,13,11
45,14,45
45,17,375
45,18,360
45,19,299
45,20,86
45,22,253
45,23,295
45,24,76
45,25,215
45,29,360
45,31,367
45,32,333
45,33,318
45,37,340
45,39,237
45,41,74
45,42,241
45,43,87
45,44,373
45,46,134
45,48,291
45,50,357
45,52,170
45,55,308
45,56,52
45,57,333
45,58,350
45,60,306
45,61,20
45,66,20
45,67,350
45,70,179
45,71,129
45,82,249
45,83,32
45,84,355
45,87,200
45,88,394
45,94,344
45,100,384
45,102,182
45,103,356
45,106,27
45,113,337
45,115,177
45,117,286
45,118,387
45,119,4
45,123,41
45,127,379
45,133,141
45,135,373
45,136,214
45,142,317
45,144,57
45,146,266
45,147,21
45,148,255
45,156,129
45,159,317
45,174,390
45,177,10
45,179,345
45,181,371
45,183,383
45,186,224
45,199,128
46,1,8
46,3,256
46,4,229
46,6,16
46,7,173
46,8,222
46,10,47
46,12,40
46,14,24
46,18,44
46,19,135
46,20,95
46,21,398
46,23,372
46,24,16
46,26,164
46,27,265
46,28,223
46,29,392
46,30,32
46,31,78
46,33,294
46,34,357
46,35,257
46,36,9
46,37,195
46,38,113
46,39,183
46,40,218
46,41,329
46,43,331
46,44,373
46,45,134
46,47,192
46,49,88
46,50,291
46,51,253
46,52,118
46,53,109
46,54,180
46,55,341
46,56,29
46,57,400
46,58,181
46,60,88
46,61,305
46,62,361
46,71,179
46,72,295
46,74,50
46,75,148
46,76,369
46,77,375
46,79,354
46,81,366
46,84,2
46,88,235
46,89,129
46,91,44
46,93,127
46,95,363
46,96,390
46,98,248
46,101,287
46,103,185
46,107,290
46,108,111
46,114,138
46,115,120
46,118,202
46,126,240
46,127,398
46,128,155
46,133,20
46,135,149
46,142,79
46,148,62
46,158,352
46,159,124
46,160,111
46,163,323
46,171,3
46,176,169
46,178,239
46,182,19
46,189,117
46,192,231
47,1,207
47,3,342
47,4,126
47,8,318
47,10,161
47,14,155
47,16,169
47,17,150
47,18,157
47,19,164
47,20,94
47,21,368
47,22,63
47,24,230
47,28,161
47,29,280
47,32,251
47,34,396
47,37,95
47,40,195
47,42,148
47,43,269
47,44,370
47,46,192
47,49,233
47,50,271
47,52,297
47,53,286
47,54,263
47,55,243
47,56,161
47,58,107
47,64,173
47,65,75
47,68,347
47,69,168
47,70,312
47,71,66
47,73,359
47,75,16
47,82,3
47,84,46
47,85,229
47,87,327
47,89,326
47,92,12
47,99,50
47,102,151
47,104,61
47,107,327
47,108,269
47,112,179
47,113,161
47,114,253
47,117,295
47,121,122
47,130,274
47,133,212
47,142,277
47,144,342
47,156,325
47,157,283
47,164,58
47,168,124
47,178,178
47,182,244
47,185,70
47,196,283
47,197,233
47,198,334
47,199,297
48,2,15
48,3,307
48,4,228
48,5,178
48,7,106
48,8,65
48,9,359
48,11,117
48,12,340
48,14,397
48,16,372
48,18,363
48,19,333
48,21,293
48,26,371
48,27,335
48,29,88
48,30,172
48,33,88
48,34,13
48,38,153
48,39,164
48,40,2
48,41,163
48,42,313
48,43,254
48,45,291
48,51,310
48,56,102
48,57,335
48,59,127
48,60,12
48,62,147
48,63,334
48,68,180
48,69,93
48,72,62
48,73,252
48,74,122
48,79,329
48,83,32
48,85,187
48,86,213
48,90,105
48,91,12
48,92,185
48,93,58
48,102,342
48,104,100
48,105,400
48,106,176
48,108,216
48,109,252
48,110,285
48,112,375
48,116,303
48,117,183
48,118,109
48,123,105
48,125,284
48,127,299
48,131,296
48,134,39
48,135,54
48,136,394
48,137,305
48,140,281
48,145,187
48,146,87
48,153,98
48,162,264
48,165,323
48,168,66
48,176,198
48,177,163
48,190,363
48,196,305
48,199,391
49,4,154
49,5,244
49,6,341
49,7,379
49,9,101
49,10,111
49,13,30
49,14,20
49,15,351
49,16,279
49,17,179
49,19,168
49,20,292
49,21,242
49,22,62
49,23,169
49,24,225
49,27,305
49,30,353
49,33,265
49,34,56
49,35,247
49,37,31
49,39,35
49,40,92
49,42,104
49,44,175
49,46,88
49,47,233
49,51,223
49,52,288
49,53,353
49,54,139
49,57,379
49,58,329
49,60,243
49,63,25
49,65,174
49,66,365
49,68,268
49,71,149
49,72,309
49,73,126
49,74,225
49,75,350
49,76,235
49,79,335
49,81,80
49,86,377
49,87,353
49,89,35
49,96,96
49,101,170
49,102,236
49,103,273
49,109,287
49,110,41
49,113,77
49,115,41
49,121,334
49,126,305
49,130,266
49,132,257
49,133,297
49,148,66
49,149,60
49,150,170
49,151,185
49,155,261
49,164,284
49,165,252
49,166,97
49,168,251
49,172,398
49,174,148
49,175,380
49,177,31
49,180,76
49,181,98
49,190,131
50,1,141
50,3,91
50,4,60
50,7,213
50,10,3
50,15,283
50,19,347
50,21,21
50,22,200
50,24,128
50,25,163
50,27,229
50,29,311
50,30,63
50,31,285
50,32,38
50,34,263
50,36,261
50,40,353
50,42,5
50,44,33
50,45,357
50,46,291
50,47,271
50,51,133
50,54,110
50,58,27
50,59,220
50,60,169
50,62,26
50,63,50
50,64,251
50,66,201
50,68,332
50,70,5
50,74,200
50,75,186
50,80,235
50,83,226
50,86,149
50,89,327
50,90,324
50,98,382
50,99,306
50,100,304
50,102,78
50,109,296
50,110,94
50,112,98
50,115,131
50,118,325
50,121,265
50,127,324
50,130,349
50,132,261
50,134,317
50,136,259
50,137,45
50,140,153
50,145,168
50,150,255
50,158,65
50,161,187
50,164,57
50,165,257
50,176,348
50,184,298
50,189,36
50,191,165
50,195,95
50,199,180
51,5,32
51,7,141
51,10,301
51,11,297
51,12,88
51,13,32
51,16,47
51,17,185
51,19,199
51,21,217
51,22,286
51,23,359
51,25,133
51,26,127
51,27,60
51,28,393
51,30,384
51,33,5
51,34,246
51,36,90
51,38,153
51,39,81
51,41,27
51,42,239
51,46,253
51,48,310
51,49,223
51,50,133
51,53,2
51,54,130
51,60,119
51,61,81
51,62,123
51,63,98
51,64,272
51,65,254
51,67,24
51,68,354
51,70,267
51,71,89
51,78,234
51,80,274
51,88,320
51,95,207
51,99,241
51,103,9
51,104,261
51,106,94
51,113,283
51,114,146
51,121,215
51,130,296
51,138,37
51,139,246
51,142,340
51,155,100
51,158,255
51,161,274
51,162,67
51,169,65
51,173,207
51,181,91
51,185,344
51,199,15
52,1,39
52,2,399
52,5,105
52,8,134
52,11,137
52,12,89
52,14,397
52,17,260
52,18,263
52,20,336
52,21,85
52,24,34
52,27,377
52,29,73
52,30,277
52,31,120
52,34,375
52,35,283
52,37,394
52,38,315
52,39,204
52,40,354
52,41,107
52,42,344
52,43,320
52,45,170
52,46,118
52,47,297
52,49,288
52,54,9
52,55,205
52,56,304
52,57,106
52,58,369
52,59,257
52,60,216
52,61,112
52,65,35
52,66,248
52,67,387
52,68,264
52,71,356
52,72,240
52,73,179
52,80,116
52,81,102
52,85,237
52,86,155
52,93,281
52,94,300
52,95,88
52,101,11
52,105,143
52,108,197
52,111,343
52,116,26
52,117,129
52,119,193
52,120,322
52,125,111
52,128,281
52,137,116
52,143,118
52,144,303
52,147,74
52,148,336
52,156,170
52,164,257
52,167,323
52,183,200
52,190,13
52,194,48
52,196,315
53,1,6
53,2,350
53,8,106
53,10,300
53,12,366
53,13,266
53,14,102
53,15,128
53,16,135
53,17,151
