source,target,weight
1,2,147
1,3,65
1,6,38
1,7,261
1,8,71
1,9,165
1,10,388
1,11,235
1,13,400
1,14,11
1,15,260
1,16,391
1,17,195
1,19,300
1,20,181
1,21,114
1,22,340
1,23,233
1,24,40
1,25,32
1,27,342
1,28,83
1,29,336
1,31,270
1,33,342
1,34,242
1,35,209
1,36,140
1,38,139
1,41,61
1,43,188
1,45,125
1,46,79
1,49,298
1,51,32
1,52,125
1,53,9
1,61,315
1,68,125
1,69,359
1,71,2
1,72,206
1,73,252
1,74,398
1,79,397
1,87,129
1,89,172
1,95,137
1,99,389
1,100,255
1,103,345
1,106,243
1,107,277
1,109,138
1,113,224
1,118,298
1,120,53
1,122,306
1,123,340
1,127,366
1,130,22
1,139,24
1,140,107
1,142,128
1,143,191
1,148,385
1,154,63
1,158,165
1,161,208
1,162,114
1,164,213
1,165,135
1,166,12
1,167,235
1,177,313
1,185,120
1,195,26
1,196,215
1,197,156
1,198,241
2,1,147
2,4,101
2,5,111
2,6,326
2,7,31
2,9,18
2,10,150
2,11,229
2,12,157
2,13,88
2,14,285
2,15,318
2,17,91
2,18,22
2,19,312
2,20,7
2,21,219
2,26,278
2,27,99
2,28,66
2,30,381
2,31,16
2,32,176
2,33,113
2,34,20
2,37,253
2,38,54
2,39,144
2,40,95
2,42,29
2,44,339
2,45,223
2,46,215
2,47,206
2,48,275
2,51,239
2,52,347
2,58,19
2,59,352
2,60,19
2,63,377
2,66,14
2,67,279
2,68,371
2,76,218
2,84,363
2,85,165
2,91,78
2,95,147
2,99,254
2,101,193
2,102,113
2,103,355
2,114,258
2,117,76
2,118,198
2,122,222
2,132,265
2,133,162
2,136,399
2,137,333
2,139,295
2,140,277
2,149,122
2,150,251
2,152,95
2,155,102
2,165,183
2,170,231
2,177,387
2,183,133
2,186,252
2,193,230
2,194,208
2,196,119
2,198,316
3,1,65
3,4,197
3,5,382
3,6,114
3,7,345
3,11,148
3,12,133
3,13,27
3,14,67
3,15,226
3,16,329
3,18,240
3,19,336
3,21,306
3,22,88
3,24,364
3,25,156
3,26,13
3,30,54
3,32,90
3,33,68
3,34,92
3,35,234
3,37,164
3,39,90
3,40,60
3,42,84
3,43,347
3,44,175
3,45,263
3,47,36
3,50,123
3,51,263
3,53,53
3,54,46
3,57,263
3,59,243
3,60,306
3,61,384
3,63,254
3,64,162
3,66,274
3,68,339
3,71,319
3,72,21
3,73,253
3,74,331
3,75,116
3,80,70
3,83,362
3,84,2
3,86,344
3,91,333
3,93,176
3,95,374
3,102,263
3,103,190
3,105,338
3,106,233
3,108,123
3,115,83
3,116,192
3,117,34
3,124,211
3,128,142
3,129,399
3,130,8
3,131,90
3,132,314
3,134,327
3,137,331
3,142,351
3,143,155
3,155,108
3,159,147
3,161,118
3,163,4
3,166,330
3,170,389
3,175,351
3,176,311
3,188,126
3,196,100
4,2,101
4,3,197
4,5,217
4,6,73
4,7,218
4,8,392
4,9,5
4,10,228
4,12,228
4,15,327
4,16,217
4,18,262
4,20,336
4,21,131
4,22,217
4,23,46
4,25,261
4,27,242
4,28,188
4,29,46
4,30,24
4,35,25
4,36,55
4,37,249
4,39,18
4,40,214
4,43,31
4,44,240
4,46,230
4,47,279
4,48,399
4,49,352
4,50,267
4,53,119
4,55,131
4,57,77
4,59,134
4,60,292
4,61,360
4,64,313
4,65,103
4,71,59
4,72,355
4,73,379
4,74,68
4,78,342
4,82,35
4,85,281
4,90,56
4,93,222
4,95,103
4,99,147
4,100,309
4,108,132
4,110,287
4,116,6
4,117,200
4,118,210
4,123,259
4,124,363
4,129,273
4,133,195
4,139,186
4,140,286
4,141,288
4,152,260
4,165,357
4,174,117
4,181,47
4,190,292
4,191,274
4,192,216
4,197,328
5,2,111
5,3,382
5,4,217
5,7,267
5,8,40
5,10,67
5,11,156
5,12,252
5,14,61
5,16,390
5,18,341
5,19,163
5,21,251
5,22,315
5,23,84
5,24,114
5,25,170
5,26,357
5,27,24
5,28,101
5,30,194
5,31,87
5,32,119
5,33,115
5,35,245
5,36,82
5,37,393
5,38,224
5,39,371
5,41,282
5,44,244
5,46,265
5,47,92
5,48,259
5,49,156
5,50,272
5,51,355
5,57,352
5,59,365
5,60,373
5,62,337
5,64,156
5,65,31
5,67,243
5,68,91
5,69,77
5,74,348
5,77,31
5,79,256
5,83,74
5,85,13
5,87,128
5,88,360
5,89,375
5,90,64
5,93,49
5,95,360
5,98,92
5,106,377
5,107,388
5,108,59
5,110,143
5,114,256
5,116,53
5,117,336
5,121,170
5,137,51
5,148,174
5,150,215
5,154,241
5,169,383
5,170,47
5,175,145
5,176,209
5,182,286
5,185,190
5,194,61
5,197,210
6,1,38
6,2,326
6,3,114
6,4,73
6,8,76
6,9,340
6,11,200
6,12,376
6,13,59
6,14,386
6,15,54
6,16,287
6,17,171
6,18,299
6,20,26
6,23,172
6,24,271
6,25,383
6,26,107
6,27,286
6,28,191
6,29,100
6,30,12
6,31,135
6,33,266
6,35,301
6,37,172
6,38,223
6,39,37
6,43,77
6,44,188
6,45,60
6,47,72
6,51,134
6,54,143
6,55,341
6,56,40
6,61,40
6,64,194
6,65,230
6,66,79
6,67,319
6,69,99
6,72,69
6,73,318
6,76,340
6,80,356
6,84,266
6,89,294
6,90,66
6,91,168
6,92,370
6,93,283
6,95,114
6,96,253
6,97,134
6,98,253
6,99,382
6,100,171
6,101,146
6,103,114
6,106,105
6,108,183
6,114,19
6,116,203
6,119,19
6,120,230
6,123,230
6,125,163
6,128,134
6,130,259
6,131,318
6,134,19
6,136,107
6,137,127
6,144,384
6,146,12
6,148,323
6,152,372
6,155,42
6,156,273
6,158,166
6,160,94
6,162,202
6,164,184
6,165,79
6,169,388
6,170,115
6,171,323
6,174,107
6,175,62
6,176,244
6,179,257
6,181,174
6,186,62
6,191,157
6,195,58
6,198,83
6,199,200
7,1,261
7,2,31
7,3,345
7,4,218
7,5,267
7,8,106
7,9,116
7,10,250
7,11,44
7,12,162
7,13,331
7,14,326
7,15,313
7,16,312
7,18,43
7,19,222
7,22,53
7,24,172
7,25,374
7,27,318
7,28,118
7,29,222
7,30,106
7,32,392
7,34,294
7,35,368
7,37,195
7,38,12
7,42,158
7,43,135
7,44,270
7,45,192
7,46,261
7,47,59
7,48,350
7,49,248
7,52,337
7,54,326
7,55,254
7,58,38
7,59,207
7,60,110
7,61,333
7,62,346
7,64,89
7,65,275
7,71,400
7,73,157
7,76,130
7,80,387
7,83,266
7,88,92
7,95,251
7,96,145
7,101,337
7,103,41
7,106,211
7,107,323
7,108,246
7,112,349
7,127,337
7,134,22
7,138,29
7,141,230
7,143,363
7,145,144
7,149,112
7,150,218
7,153,223
7,154,227
7,155,189
7,157,346
7,161,108
7,168,269
7,176,213
7,181,294
7,186,341
7,187,92
7,192,182
7,193,303
7,194,150
8,1,71
8,4,392
8,5,40
8,6,76
8,7,106
8,9,43
8,10,33
8,16,95
8,17,340
8,18,243
8,20,90
8,21,326
8,22,142
8,23,343
8,25,342
8,28,21
8,29,259
8,33,282
8,35,235
8,36,310
8,38,91
8,39,108
8,40,2
8,41,283
8,43,364
8,44,277
8,45,326
8,46,217
8,49,102
8,50,40
8,52,339
8,53,268
8,55,265
8,56,21
8,60,68
8,62,70
8,68,360
8,69,220
8,71,95
8,75,26
8,77,18
8,78,309
8,83,218
8,85,200
8,86,364
8,89,337
8,90,20
8,91,292
8,95,121
8,99,39
8,103,265
8,108,39
8,109,342
8,110,354
8,114,370
8,116,109
8,117,342
8,118,27
8,125,246
8,126,233
8,128,318
8,129,325
8,130,377
8,135,129
8,142,301
8,145,168
8,151,249
8,160,294
8,178,280
8,192,222
8,195,249
8,200,140
9,1,165
9,2,18
9,4,5
9,6,340
9,7,116
9,8,43
9,10,169
9,11,90
9,12,346
9,14,117
9,15,281
9,17,82
9,18,129
9,19,56
9,20,215
9,21,271
9,22,113
9,23,322
9,25,349
9,27,206
9,28,128
9,29,231
9,30,146
9,33,264
9,34,103
9,35,122
9,36,367
9,37,321
9,38,328
9,39,393
9,40,210
9,41,4
9,46,155
9,47,112
9,49,42
9,50,14
9,53,113
9,57,110
9,58,94
9,59,198
9,62,345
9,64,117
9,66,325
9,70,169
9,71,355
9,74,180
9,75,145
9,81,355
9,86,172
9,88,219
9,94,377
9,95,231
9,101,245
9,104,193
9,105,326
9,111,93
9,112,207
9,120,252
9,124,184
9,127,95
9,129,359
9,132,377
9,137,52
9,140,155
9,143,50
9,151,101
9,164,248
9,169,72
9,170,389
9,171,386
9,172,104
9,182,191
9,183,196
9,188,155
9,193,119
9,194,8
10,1,388
10,2,150
10,4,228
10,5,67
10,7,250
10,8,33
10,9,169
10,12,161
10,13,341
10,14,344
10,20,365
10,22,106
10,23,144
10,25,211
10,26,288
10,28,10
10,30,155
10,32,299
10,35,264
10,36,366
10,37,168
10,38,187
10,40,90
10,45,4
10,47,393
10,52,158
10,53,147
10,54,368
10,55,134
10,56,314
10,57,43
10,59,319
10,61,69
10,62,348
10,63,290
10,64,217
10,65,39
10,67,113
10,70,64
10,71,316
10,76,395
10,78,130
10,79,267
10,81,349
10,82,263
10,85,351
10,89,275
10,90,157
10,91,304
10,92,342
10,95,112
10,96,156
10,98,394
10,102,154
10,103,264
10,111,200
10,113,298
10,117,93
10,118,237
10,121,371
10,122,5
10,123,1
10,125,12
10,132,191
10,133,92
10,135,1
10,144,224
10,146,219
10,147,247
10,148,23
10,149,96
10,150,249
10,152,353
10,163,394
10,173,113
10,188,115
10,193,57
10,194,223
10,195,70
11,1,235
11,2,229
11,3,148
11,5,156
11,6,200
11,7,44
11,9,90
11,12,249
11,13,193
11,14,75
11,16,262
11,17,302
11,18,230
11,19,282
11,20,10
11,22,384
11,24,148
11,26,144
11,28,313
11,30,225
11,32,209
11,33,352
11,34,243
11,35,141
11,38,114
11,39,76
11,40,195
11,41,32
11,42,145
11,43,248
11,47,303
11,48,228
11,49,202
11,51,81
11,52,105
11,53,325
11,55,34
11,56,95
11,57,278
11,61,125
11,63,68
11,65,26
11,68,85
11,70,361
11,71,212
11,74,67
11,76,324
11,77,13
11,81,354
11,82,71
11,86,304
11,93,266
11,98,229
11,99,267
11,100,88
11,113,206
11,119,209
11,120,132
11,121,110
11,133,120
11,134,231
11,147,343
11,155,76
11,164,116
11,169,60
11,172,112
11,176,396
11,178,349
11,179,320
11,180,346
11,182,16
11,188,385
11,195,379
11,200,371
12,2,157
12,3,133
12,4,228
12,5,252
12,6,376
12,7,162
12,9,346
12,10,161
12,11,249
12,13,82
12,15,299
12,16,3
12,17,124
12,18,392
12,19,253
12,20,397
12,21,260
12,22,69
12,24,97
12,25,160
12,26,29
12,27,198
12,28,243
12,29,249
12,30,332
12,31,225
12,32,151
12,36,142
12,38,150
12,39,44
12,41,50
12,42,25
12,44,17
12,45,237
12,47,349
12,49,327
12,52,80
12,55,276
12,56,176
12,58,351
12,59,326
12,60,355
12,61,244
12,62,115
12,63,393
12,65,215
12,66,6
12,67,16
12,69,17
12,72,307
12,73,5
12,74,237
12,75,13
12,78,238
12,79,309
12,80,236
12,84,145
12,87,391
12,88,8
12,89,334
12,91,247
12,92,28
12,93,234
12,94,375
12,105,299
12,111,28
12,113,201
12,116,59
12,121,223
12,126,31
12,127,98
12,129,398
12,138,19
12,141,1
12,144,361
12,148,122
12,150,393
12,162,341
12,166,12
12,175,44
12,176,82
12,177,391
12,186,123
12,189,376
12,195,219
12,199,168
12,200,248
13,1,400
13,2,88
13,3,27
13,6,59
13,7,331
13,10,341
13,11,193
13,12,82
13,15,329
13,16,39
13,19,143
13,21,110
13,29,49
13,31,96
13,32,395
13,34,302
13,35,300
13,36,282
13,38,61
13,39,80
13,41,181
13,42,291
13,43,68
13,46,398
13,58,232
13,60,22
13,61,210
13,63,394
13,66,307
13,67,124
13,68,210
13,70,61
13,72,158
13,73,111
13,75,201
13,78,264
13,80,197
13,82,132
13,84,259
13,86,168
13,88,300
13,89,345
13,91,98
13,92,248
13,95,96
13,96,193
13,98,334
13,99,283
13,100,41
13,102,110
13,103,322
13,104,246
13,105,196
13,107,100
13,109,377
13,113,126
13,116,306
13,119,86
13,122,281
13,125,341
13,128,140
13,129,331
13,130,266
13,133,136
13,134,71
13,136,65
13,138,103
13,142,154
13,158,156
13,159,58
13,163,338
13,165,16
13,171,112
13,172,255
13,178,47
13,179,390
13,184,182
14,1,11
14,2,285
14,3,67
14,5,61
14,6,386
14,7,326
14,9,117
14,10,344
14,11,75
14,15,192
14,16,3
14,18,296
14,20,278
14,21,102
14,22,384
14,23,128
14,24,269
14,25,349
14,26,399
14,28,197
14,30,392
14,31,278
14,33,187
14,34,189
14,35,244
14,40,289
14,41,393
14,42,377
14,44,239
14,46,46
14,47,339
14,48,41
14,49,369
14,50,399
14,51,4
14,54,37
14,58,117
14,59,223
14,60,219
14,61,75
14,63,368
14,66,7
14,67,156
14,69,69
14,72,30
14,78,374
14,79,354
14,81,230
14,82,87
14,87,54
14,88,236
14,92,356
14,93,385
14,97,237
14,101,240
14,114,267
14,116,42
14,130,334
14,141,351
14,142,105
14,145,69
14,153,369
14,155,281
14,167,42
14,168,357
14,173,318
14,180,82
14,182,184
14,183,253
14,184,354
14,192,119
14,195,124
15,1,260
15,2,318
15,3,226
15,4,327
15,6,54
15,7,313
15,9,281
15,12,299
15,13,329
15,14,192
15,16,14
15,19,93
15,21,148
15,22,72
15,23,367
15,24,52
15,26,311
15,27,314
15,28,257
15,29,2
15,30,121
15,31,246
15,32,291
15,33,184
15,36,173
15,37,126
15,38,274
15,43,391
15,45,226
15,46,194
15,47,323
15,50,252
15,54,38
15,56,232
15,57,329
15,58,311
15,59,291
15,60,63
15,65,285
15,66,356
15,67,92
15,76,146
15,82,254
15,84,24
15,88,117
15,89,207
15,91,295
15,98,350
15,101,336
15,104,230
15,105,162
15,106,149
15,107,15
15,112,169
15,113,193
15,116,245
15,119,111
15,121,206
15,122,298
15,133,118
15,140,203
15,141,231
15,142,134
15,144,343
15,153,11
15,154,187
15,156,166
15,163,207
15,166,378
15,169,381
15,170,272
15,174,248
15,178,16
15,182,170
15,187,173
15,193,400
16,1,391
16,3,329
16,4,217
16,5,390
16,6,287
16,7,312
16,8,95
16,11,262
16,12,3
16,13,39
16,14,3
16,15,14
16,17,57
16,18,336
16,19,24
16,20,18
16,21,168
16,23,30
16,24,52
16,25,319
16,26,342
16,27,247
16,28,14
16,29,365
16,31,163
16,32,207
16,36,100
16,37,338
16,39,192
16,41,191
16,42,206
16,43,314
16,44,346
16,45,170
16,46,83
16,48,190
16,50,309
16,51,167
16,52,248
16,53,42
16,54,272
16,55,361
16,57,130
16,59,223
16,62,99
16,63,38
16,65,279
16,66,46
16,67,143
16,68,132
16,70,171
16,72,21
16,77,200
16,79,147
16,80,142
16,83,147
16,85,277
16,87,107
16,90,124
16,92,290
16,93,395
16,94,40
16,97,74
16,98,192
16,99,5
16,101,117
16,105,152
16,107,245
16,113,208
16,115,316
16,118,304
16,120,343
16,124,183
16,129,177
16,130,241
16,138,133
16,141,231
16,147,226
16,152,51
16,153,242
16,155,29
16,156,313
16,158,81
16,160,215
16,162,263
16,163,377
16,166,219
16,172,261
16,175,356
16,177,100
16,178,362
16,183,364
16,187,387
16,194,368
16,197,98
17,1,195
17,2,91
17,6,171
17,8,340
17,9,82
17,11,302
17,12,124
17,16,57
17,20,254
17,21,77
17,22,20
17,23,139
17,24,200
17,25,100
17,29,387
17,30,32
17,31,199
17,33,383
17,34,22
17,36,115
17,39,376
17,40,335
17,41,54
17,42,169
17,44,327
17,45,319
17,46,12
17,47,147
17,49,204
17,51,329
17,55,351
17,56,309
17,58,377
17,61,279
17,62,124
17,64,270
17,65,383
17,67,80
17,68,380
17,72,285
17,75,301
17,76,126
17,77,72
17,78,150
17,80,135
17,82,274
17,85,273
17,89,391
17,91,101
17,92,238
17,100,38
17,102,396
17,103,35
17,109,289
17,110,228
17,121,194
17,125,329
17,126,50
17,127,11
17,132,92
17,135,399
17,138,164
17,140,152
17,146,305
17,157,319
17,159,150
17,160,132
17,168,375
17,175,78
17,180,367
17,181,185
17,182,11
17,183,36
17,184,287
17,186,253
17,189,135
17,195,326
17,197,242
18,2,22
18,3,240
18,4,262
18,5,341
18,6,299
18,7,43
18,8,243
18,9,129
18,11,230
18,12,392
18,14,296
18,16,336
18,19,327
18,21,175
18,22,132
18,23,193
18,24,208
18,25,97
18,26,192
18,27,399
18,28,334
18,29,210
18,30,82
18,31,113
18,32,189
18,33,224
18,34,242
18,35,92
18,39,327
18,40,325
18,41,176
18,44,32
18,45,246
18,46,301
18,48,327
18,51,1
18,52,130
18,54,137
18,56,338
18,60,98
18,63,108
18,65,55
18,68,284
18,69,150
18,70,240
18,73,33
18,74,367
18,75,13
18,77,151
18,80,66
18,81,187
18,87,363
18,90,125
18,94,19
18,102,139
18,103,356
18,104,294
18,114,297
18,115,375
18,117,369
18,119,394
18,127,35
18,128,227
18,131,116
18,138,210
18,139,309
18,140,167
18,142,116
18,143,112
18,145,20
18,148,59
18,155,175
18,159,10
18,165,369
18,171,260
18,172,186
18,174,309
18,177,256
18,188,331
18,191,169
18,200,47
19,1,300
19,2,312
19,3,336
19,5,163
19,7,222
19,9,56
19,11,282
19,12,253
19,13,143
19,15,93
19,16,24
19,18,327
19,21,229
19,22,240
19,23,73
19,24,111
19,25,270
19,26,137
19,27,228
19,28,18
19,30,126
19,31,169
19,33,279
19,35,143
19,37,287
19,38,167
19,40,236
19,41,184
19,42,164
19,45,214
19,46,224
19,49,161
19,50,124
19,51,217
19,52,44
19,54,251
19,56,208
19,57,321
19,61,178
19,63,217
19,65,249
19,66,309
19,69,278
19,70,196
19,71,301
19,72,244
19,73,133
19,74,35
19,76,284
19,79,192
19,80,251
19,83,334
19,86,272
19,87,158
19,88,212
19,94,336
19,95,353
19,98,27
19,103,54
19,110,165
19,113,162
19,121,362
19,123,255
19,128,364
19,132,291
19,135,184
19,136,175
19,137,117
19,146,290
19,149,263
19,158,83
19,161,287
19,164,238
19,165,348
19,172,129
19,173,312
19,174,241
19,175,317
19,176,82
19,181,145
19,183,155
19,184,14
19,188,2
19,195,164
19,197,171
19,199,372
19,200,55
20,1,181
20,2,7
20,4,336
20,6,26
20,8,90
20,9,215
20,10,365
20,11,10
20,12,397
20,14,278
20,16,18
20,17,254
20,23,337
20,24,311
20,25,304
20,26,208
20,28,204
20,29,102
20,32,298
20,33,63
20,34,187
20,38,152
20,39,210
20,40,204
20,41,250
20,45,295
20,46,192
20,51,371
20,52,61
20,59,211
20,61,31
20,62,179
20,64,216
20,66,14
20,67,219
20,69,355
20,70,232
20,73,171
20,74,17
20,78,241
20,81,54
20,83,133
20,85,146
20,86,324
20,87,148
20,89,39
20,91,130
20,92,330
20,93,121
20,97,178
20,99,146
20,100,254
20,102,349
20,104,195
20,105,46
20,111,58
20,113,201
20,117,177
20,118,212
20,123,284
20,124,347
20,126,167
20,127,268
20,129,54
20,138,187
20,141,122
20,142,209
20,143,86
20,144,211
20,152,383
20,163,395
20,169,105
20,172,109
20,176,380
20,186,17
20,193,30
21,1,114
21,2,219
21,3,306
21,4,131
21,5,251
21,8,326
21,9,271
21,12,260
21,13,110
21,14,102
21,15,148
21,16,168
21,17,77
21,18,175
21,19,229
21,22,101
21,23,241
21,25,269
21,26,153
21,27,4
21,30,99
21,31,99
21,32,135
21,33,169
21,34,271
21,36,265
21,37,179
21,40,165
21,41,181
21,43,256
21,47,115
21,49,204
21,50,133
21,51,129
21,52,72
21,55,230
21,58,346
21,61,10
21,62,390
21,63,96
21,65,132
21,67,228
21,73,290
21,75,270
21,81,132
21,84,109
21,86,388
21,90,184
21,94,363
21,95,386
21,100,222
21,102,127
21,110,385
21,114,67
21,117,186
21,121,47
21,122,40
21,124,10
21,130,351
21,132,380
21,133,107
21,134,53
21,140,23
21,142,235
21,145,376
21,146,398
21,147,349
21,151,327
21,153,397
21,157,54
21,167,263
21,168,119
21,170,269
21,174,261
21,176,241
21,184,294
21,186,263
21,187,210
21,188,125
21,197,355
22,1,340
22,3,88
22,4,217
22,5,315
22,7,53
22,8,142
22,9,113
22,10,106
22,11,384
22,12,69
22,14,384
22,15,72
22,17,20
22,18,132
22,19,240
22,21,101
22,24,205
22,25,220
22,27,32
22,28,371
22,29,155
22,31,335
22,34,398
22,35,198
22,36,343
22,38,192
22,39,233
22,40,157
22,41,181
22,42,136
22,43,5
22,45,116
22,46,393
22,48,345
22,50,296
22,52,332
22,53,319
22,54,43
22,58,78
22,60,362
22,61,15
22,62,246
22,74,335
22,75,125
22,76,39
22,77,50
22,78,163
22,80,22
22,83,102
22,85,152
22,89,193
22,91,148
22,94,244
22,99,66
22,103,386
22,104,186
22,107,242
22,109,169
22,112,96
22,116,352
22,120,244
22,123,227
22,126,346
22,133,285
22,137,12
22,140,166
22,144,245
22,149,315
22,154,290
22,156,285
22,157,260
22,158,49
22,160,252
22,161,31
22,164,12
22,167,100
22,179,32
22,181,68
22,183,362
22,185,271
22,195,155
22,197,237
23,1,233
23,4,46
23,5,84
23,6,172
23,8,343
23,9,322
23,10,144
23,14,128
23,15,367
23,16,30
23,17,139
23,18,193
23,19,73
23,20,337
23,21,241
23,24,342
23,25,326
23,27,186
23,29,307
23,30,258
23,32,285
23,34,47
23,36,254
23,37,300
23,38,103
23,39,267
23,40,134
23,41,185
23,43,177
23,44,300
23,45,173
23,46,82
23,48,78
23,50,146
23,53,350
23,54,246
23,56,103
23,58,213
23,60,57
23,61,17
23,63,185
23,67,368
23,68,304
23,69,333
23,70,238
23,71,115
23,72,215
23,74,305
23,77,238
23,78,79
23,84,207
23,87,36
23,88,383
23,92,100
23,93,242
23,96,23
23,97,83
23,100,109
23,106,295
23,107,204
23,108,317
23,109,11
23,111,172
23,112,234
23,113,392
23,117,225
23,119,183
23,122,390
23,126,84
23,128,272
23,141,148
23,153,104
23,157,83
23,159,199
23,161,256
23,169,219
23,182,195
23,184,197
23,188,55
23,190,6
23,194,86
24,1,40
24,3,364
24,5,114
24,6,271
24,7,172
24,11,148
24,12,97
24,14,269
24,15,52
24,16,52
24,17,200
24,18,208
24,19,111
24,20,311
24,22,205
24,23,342
24,25,65
24,29,46
24,32,334
24,33,247
24,34,160
24,35,275
24,36,101
24,37,118
24,39,305
24,41,131
24,42,188
24,43,111
24,44,182
24,45,246
24,47,113
24,49,78
24,52,385
24,53,120
24,54,128
24,57,44
24,58,292
24,59,54
24,60,165
24,61,58
24,64,350
24,67,310
24,68,240
24,69,114
24,70,255
24,72,45
24,77,193
24,82,391
24,84,170
24,85,62
24,87,130
24,89,114
24,91,100
24,94,345
24,95,339
24,99,171
24,103,209
24,106,152
24,113,4
24,114,43
24,120,270
24,121,226
24,125,323
24,127,16
24,130,99
24,133,241
24,139,200
24,146,177
24,147,185
24,148,113
24,151,86
24,152,135
24,154,192
24,156,64
24,161,173
24,171,198
24,172,385
24,178,398
24,186,112
24,193,119
24,195,301
25,1,32
25,3,156
25,4,261
25,5,170
25,6,383
25,7,374
25,8,342
25,9,349
25,10,211
25,12,160
25,14,349
25,16,319
25,17,100
25,18,97
25,19,270
25,20,304
25,21,269
25,22,220
25,23,326
25,24,65
25,26,373
25,27,320
25,28,195
25,30,130
25,31,354
25,34,171
25,37,147
25,38,320
25,40,301
25,41,367
25,42,214
25,44,336
25,46,169
25,47,371
25,48,22
25,49,79
25,50,162
25,51,72
25,56,310
25,57,80
25,58,126
25,59,118
25,61,339
25,66,22
25,67,80
25,69,64
25,70,378
25,71,187
25,74,344
25,76,25
25,77,189
25,78,218
25,81,320
25,83,97
25,87,234
25,88,274
25,89,262
25,90,122
25,91,248
25,95,253
25,98,354
25,99,377
25,102,287
25,108,128
25,110,182
25,113,102
25,117,179
25,118,374
25,122,209
25,123,182
25,124,331
25,125,216
25,126,346
25,127,157
25,135,130
25,136,186
25,139,227
25,142,87
25,147,100
25,159,37
25,160,351
25,164,348
25,167,274
25,175,283
25,181,364
25,186,164
25,199,388
26,2,278
26,3,13
26,5,357
26,6,107
26,10,288
26,11,144
26,12,29
26,14,399
26,15,311
26,16,342
26,18,192
26,19,137
26,20,208
26,21,153
26,25,373
26,28,308
26,31,3
26,33,167
26,34,359
26,35,369
26,36,218
26,37,69
26,38,249
26,39,216
26,40,153
26,41,19
26,42,226
26,44,330
26,47,184
26,48,213
26,49,371
26,50,195
26,51,147
26,52,99
26,54,297
26,55,202
26,56,316
26,59,198
26,61,254
26,62,148
26,64,341
26,66,161
26,68,373
26,75,5
26,81,330
26,83,174
26,86,102
26,88,328
26,90,371
26,92,318
26,93,197
26,98,156
26,100,304
26,104,254
26,105,152
26,109,142
26,110,87
26,112,172
26,114,36
26,116,287
26,117,297
26,127,289
26,132,104
26,133,17
26,136,41
26,141,220
26,142,110
26,143,233
26,145,112
26,148,123
26,149,127
26,152,124
26,155,322
26,159,280
26,166,93
26,175,212
26,176,140
26,179,356
26,181,108
26,183,165
26,184,271
26,187,54
26,189,26
26,190,38
26,195,69
26,198,215
27,1,342
27,2,99
27,4,242
27,5,24
27,6,286
27,7,318
27,9,206
27,12,198
27,15,314
27,16,247
27,18,399
27,19,228
27,21,4
27,22,32
27,23,186
27,25,320
27,29,327
27,31,20
27,32,274
27,33,209
27,34,104
27,36,76
27,37,98
27,39,227
27,40,284
27,42,354
27,43,213
27,46,354
27,50,45
27,51,324
27,52,290
27,53,239
27,54,5
27,58,167
27,59,264
27,62,9
27,63,101
27,64,272
27,65,362
27,66,159
27,67,17
27,69,290
27,70,251
27,72,301
27,73,351
27,76,282
27,77,359
27,82,288
27,84,269
27,85,35
27,92,137
27,96,291
27,99,305
27,101,343
27,102,181
27,105,316
27,107,166
27,110,388
27,119,72
27,121,20
27,122,100
27,125,262
27,126,16
27,128,292
27,138,394
27,141,82
27,147,130
27,149,233
27,151,359
27,153,324
27,159,198
27,161,350
27,162,97
27,163,68
27,165,285
27,175,22
27,178,220
27,180,376
27,183,276
27,188,166
27,194,368
27,198,148
28,1,83
28,2,66
28,4,188
28,5,101
28,6,191
28,7,118
28,8,21
28,9,128
28,10,10
28,11,313
28,12,243
28,14,197
28,15,257
28,16,14
28,18,334
28,19,18
28,20,204
28,22,371
28,25,195
28,26,308
28,29,72
28,31,4
28,32,224
28,33,26
28,34,159
28,36,216
28,37,315
28,38,87
28,39,84
28,40,273
28,41,309
28,42,190
28,43,308
28,44,2
28,46,71
28,48,268
28,50,389
28,52,73
28,53,15
28,54,384
28,56,75
28,59,330
28,60,166
28,63,56
28,65,181
28,67,82
28,68,94
28,71,236
28,72,375
28,74,166
28,82,382
28,84,165
28,89,348
28,93,238
28,96,260
28,102,38
28,103,81
28,104,243
28,110,86
28,112,312
28,114,319
28,118,263
28,120,71
28,127,379
28,131,286
28,134,250
28,135,138
28,136,177
28,140,354
28,142,182
28,145,189
28,150,261
28,152,31
28,156,98
28,162,287
28,166,196
28,170,103
28,172,342
28,176,156
28,180,211
28,185,380
28,192,296
28,193,153
28,196,249
29,1,336
29,4,46
29,6,100
29,7,222
29,8,259
29,9,231
29,12,249
29,13,49
29,15,2
29,16,365
29,17,387
29,18,210
29,20,102
29,22,155
29,23,307
29,24,46
29,27,327
29,28,72
29,37,273
29,42,149
29,43,398
29,44,340
29,45,267
29,46,316
29,47,298
29,48,316
29,49,92
29,51,315
29,53,187
29,54,12
29,55,96
29,56,135
29,59,193
29,60,221
29,63,125
29,64,27
29,65,333
29,66,21
29,67,323
29,68,197
29,69,195
29,73,173
29,78,104
29,80,174
29,81,70
29,84,145
29,88,259
29,91,60
29,94,87
29,102,377
29,103,11
29,104,392
29,105,98
29,107,69
29,109,177
29,112,240
29,114,17
29,115,93
29,117,277
29,121,188
29,122,395
29,123,308
29,130,102
29,135,347
29,147,5
29,150,344
29,154,140
29,156,390
29,157,332
29,159,204
29,177,267
29,184,264
29,186,120
29,190,309
29,199,257
30,2,381
30,3,54
30,4,24
30,5,194
30,6,12
30,7,106
30,9,146
30,10,155
30,11,225
30,12,332
30,14,392
30,15,121
30,17,32
30,18,82
30,19,126
30,21,99
30,23,258
30,25,130
30,31,304
30,33,248
30,34,147
30,35,273
30,36,37
30,37,319
30,39,136
30,40,253
30,41,384
30,43,35
30,44,367
30,46,124
30,47,129
30,48,273
30,49,92
30,51,266
30,52,321
30,53,176
30,54,383
30,56,135
30,57,27
30,59,219
30,60,67
30,67,283
30,68,178
30,70,213
30,71,352
30,73,337
30,74,67
30,76,288
30,77,398
30,78,191
30,81,393
30,84,39
30,85,312
30,90,115
30,91,59
30,93,225
30,94,18
30,98,206
30,100,99
30,103,359
30,107,16
30,108,65
30,110,202
30,115,192
30,118,365
30,119,69
30,120,168
30,121,290
30,130,393
30,132,96
30,139,38
30,140,78
30,143,3
30,147,134
30,149,187
30,150,19
30,151,329
30,158,1
30,160,227
30,161,264
30,162,130
30,163,153
30,168,134
30,174,326
30,175,97
30,176,172
30,178,25
30,179,184
30,188,186
30,198,255
30,199,99
31,1,270
31,2,16
31,5,87
31,6,135
31,12,225
31,13,96
31,14,278
31,15,246
31,16,163
31,17,199
31,18,113
31,19,169
31,21,99
31,22,335
31,25,354
31,26,3
31,27,20
31,28,4
31,30,304
31,32,377
31,34,138
31,36,345
31,37,6
31,40,104
31,41,94
31,44,35
31,45,211
31,46,90
31,49,342
31,50,86
31,51,122
31,55,125
31,57,380
31,60,360
31,61,63
31,63,389
31,66,207
31,68,379
31,72,372
31,75,143
31,81,247
31,82,94
31,84,325
31,86,389
31,89,114
31,91,261
31,96,106
31,100,306
31,101,52
31,104,271
31,113,140
31,115,10
31,116,66
31,120,157
31,121,214
31,123,239
31,124,38
31,125,124
31,129,311
31,131,253
31,135,23
31,140,314
31,142,170
31,152,376
31,154,98
31,162,137
31,163,326
31,170,371
31,173,202
31,176,61
31,182,345
31,191,314
31,197,390
32,2,176
32,3,90
32,5,119
32,7,392
32,10,299
32,11,209
32,12,151
32,13,395
32,15,291
32,16,207
32,18,189
32,20,298
32,21,135
32,23,285
32,24,334
32,27,274
32,28,224
32,31,377
32,33,375
32,34,14
32,36,261
32,37,18
32,41,334
32,42,73
32,43,20
32,45,28
32,47,218
32,49,367
32,50,94
32,53,226
32,54,33
32,55,152
32,62,317
32,63,194
32,64,315
32,65,80
32,67,210
32,69,43
32,70,328
32,77,50
32,80,210
32,81,198
32,83,44
32,84,390
32,88,388
32,90,400
32,91,165
32,93,281
32,96,157
32,99,306
32,108,349
32,112,332
32,114,313
32,115,333
32,118,242
32,137,41
32,139,176
32,150,67
32,152,38
32,154,197
32,157,295
32,158,75
32,160,57
32,162,257
32,164,67
32,166,392
32,173,376
32,177,111
32,180,149
32,182,76
32,187,368
32,188,258
32,191,261
33,1,342
33,2,113
33,3,68
33,5,115
33,6,266
33,8,282
33,9,264
33,11,352
33,14,187
33,15,184
33,17,383
33,18,224
33,19,279
33,20,63
33,21,169
33,24,247
33,26,167
33,27,209
33,28,26
33,30,248
33,32,375
33,35,364
33,36,198
33,38,51
33,40,192
33,42,306
33,45,115
33,47,290
33,48,175
33,49,105
33,52,41
33,53,14
33,55,394
33,58,381
33,60,233
33,63,161
33,66,331
33,68,73
33,71,321
33,75,200
33,76,14
33,77,9
33,79,149
33,81,379
33,83,363
33,84,128
33,85,214
33,86,92
33,93,327
33,95,244
33,97,361
33,102,93
33,103,46
33,104,170
33,105,330
33,106,142
33,109,263
33,110,103
33,118,122
33,132,37
33,133,198
33,135,248
33,137,199
33,140,4
33,142,330
33,145,158
33,147,208
33,149,250
33,150,171
33,151,106
33,153,97
33,156,324
33,159,150
33,166,154
33,173,209
33,185,37
33,188,195
33,189,259
33,196,345
33,199,199
34,1,242
34,2,20
34,3,92
34,7,294
34,9,103
34,11,243
34,13,302
34,14,189
34,17,22
34,18,242
34,20,187
34,21,271
34,22,398
34,23,47
34,24,160
34,25,171
34,26,359
34,27,104
34,28,159
34,30,147
34,31,138
34,32,14
34,35,17
34,36,142
34,38,272
34,42,62
34,43,197
34,44,124
34,45,192
34,46,139
34,47,265
34,48,48
34,49,149
34,53,9
34,55,17
34,56,364
34,57,221
34,60,268
34,62,266
34,65,354
34,67,80
34,68,86
34,69,99
34,76,279
34,79,283
34,80,23
34,82,206
34,85,113
34,88,297
34,91,152
34,96,77
34,97,165
34,108,103
34,109,80
34,118,207
34,122,200
34,127,378
34,131,192
34,133,153
34,137,216
34,144,22
34,154,338
34,155,169
34,163,349
34,177,229
34,178,49
34,185,327
34,190,264
34,194,184
34,198,374
35,1,209
35,3,234
35,4,25
35,5,245
35,6,301
35,7,368
35,8,235
35,9,122
35,10,264
35,11,141
35,13,300
35,14,244
35,18,92
35,19,143
35,22,198
35,24,275
35,26,369
35,30,273
35,33,364
35,34,17
35,36,7
35,37,260
35,38,140
35,40,136
35,41,4
35,42,150
35,43,326
35,44,262
35,45,72
35,46,232
35,48,135
35,49,24
35,50,211
35,51,384
35,53,49
35,54,205
35,55,154
35,56,151
35,57,146
35,58,294
35,59,263
35,62,260
35,64,159
35,69,55
35,70,253
35,76,46
35,78,30
35,79,177
35,80,237
35,82,349
35,86,303
35,87,387
35,88,327
35,89,157
35,92,303
35,93,250
35,94,300
35,100,17
35,101,96
35,103,177
35,104,160
35,106,317
35,108,367
35,112,54
35,113,38
35,116,296
35,119,241
35,121,126
35,122,258
35,124,262
35,128,115
35,129,332
35,134,164
35,136,70
35,138,259
35,141,19
35,142,355
35,144,67
35,150,100
35,170,257
35,172,98
35,177,16
35,180,69
35,187,88
35,192,71
35,198,366
36,1,140
36,4,55
36,5,82
36,8,310
36,9,367
36,10,366
36,12,142
36,13,282
36,15,173
36,16,100
36,17,115
36,21,265
36,22,343
36,23,254
36,24,101
36,26,218
36,27,76
36,28,216
36,30,37
36,31,345
36,32,261
36,33,198
36,34,142
36,35,7
36,39,131
36,42,3
36,45,59
36,46,180
36,47,67
36,48,224
36,49,166
36,50,80
36,52,266
36,53,126
36,54,169
36,58,357
36,60,24
36,62,118
36,63,318
36,64,114
36,66,23
36,68,47
36,69,185
36,71,89
36,77,332
36,78,302
36,84,81
36,85,228
36,89,394
36,90,331
36,96,58
36,100,76
36,101,84
36,105,268
36,106,8
36,108,166
36,111,297
36,122,396
36,124,167
36,129,44
36,132,259
36,134,69
36,138,202
36,141,399
36,152,382
36,159,270
36,161,289
36,168,357
36,172,107
36,186,320
36,189,151
36,190,20
37,2,253
37,3,164
37,4,249
37,5,393
37,6,172
37,7,195
37,9,321
37,10,168
37,15,126
37,16,338
37,19,287
37,21,179
37,23,300
37,24,118
37,25,147
37,26,69
37,27,98
37,28,315
37,29,273
37,30,319
37,31,6
37,32,18
37,35,260
37,38,115
37,39,146
37,41,275
37,47,101
37,49,111
37,50,75
37,52,303
37,53,71
37,55,154
37,57,384
37,58,303
37,60,303
37,64,225
37,68,129
37,73,155
37,74,198
37,77,244
37,81,390
37,88,234
37,90,282
37,91,116
37,94,351
37,95,82
37,99,270
37,100,293
37,104,308
37,107,111
37,108,164
37,110,10
37,111,122
37,117,117
37,119,259
37,120,3
37,123,135
37,132,351
37,133,227
37,135,345
37,138,198
37,144,83
37,150,218
37,151,32
37,158,223
37,161,254
37,162,326
37,167,151
37,169,131
37,176,341
37,178,152
37,180,366
37,183,105
38,1,139
38,2,54
38,5,224
38,6,223
38,7,12
38,8,91
38,9,328
38,10,187
38,11,114
38,12,150
38,13,61
38,15,274
38,19,167
38,20,152
38,22,192
38,23,103
38,25,320
38,26,249
38,28,87
38,33,51
38,34,272
38,35,140
38,37,115
38,41,180
38,42,104
38,43,113
38,48,40
38,49,135
38,56,90
38,57,25
38,61,227
38,62,122
38,63,275
38,64,93
38,71,56
38,72,290
38,73,67
38,74,308
38,77,192
38,79,361
38,80,329
38,82,186
38,87,90
38,91,124
38,92,394
38,96,55
38,100,210
38,102,189
38,104,3
38,106,225
38,112,215
38,115,175
38,118,396
38,134,40
38,137,134
38,139,328
38,143,153
38,144,101
38,145,145
38,147,346
38,151,279
38,155,224
38,157,296
38,158,345
38,159,253
38,166,364
38,169,26
38,171,239
38,175,294
38,176,386
38,177,104
38,180,73
38,183,240
38,192,322
38,195,400
38,196,289
39,2,144
39,3,90
39,4,18
39,5,371
39,6,37
39,8,108
39,9,393
39,11,76
39,12,44
39,13,80
39,16,192
39,17,376
39,18,327
39,20,210
39,22,233
39,23,267
39,24,305
39,26,216
39,27,227
39,28,84
39,30,136
39,36,131
39,37,146
39,42,140
39,44,74
39,45,49
39,46,88
39,47,278
39,48,38
39,49,155
39,51,278
39,55,122
39,56,319
39,60,351
39,62,167
39,65,42
39,67,297
39,68,286
39,69,318
39,70,17
39,74,150
39,75,233
39,76,177
39,81,238
39,82,95
39,83,269
39,85,179
39,86,374
39,91,7
39,92,122
39,93,76
39,94,218
39,95,169
39,98,12
39,99,202
39,101,101
39,102,324
39,108,64
39,109,137
39,110,179
39,113,261
39,117,360
39,126,74
39,129,249
39,138,290
39,147,29
39,149,210
39,151,173
39,157,84
39,159,32
39,160,370
39,162,320
39,168,303
39,178,324
39,186,328
39,187,374
39,194,143
39,199,254
40,2,95
40,3,60
40,4,214
40,8,2
40,9,210
40,10,90
40,11,195
40,14,289
40,17,335
40,18,325
40,19,236
40,20,204
40,21,165
40,22,157
40,23,134
40,25,301
40,26,153
40,27,284
40,28,273
40,30,253
40,31,104
40,33,192
40,35,136
40,41,123
40,44,112
40,45,349
40,47,269
40,48,218
40,49,272
40,50,362
40,51,318
40,52,201
40,53,346
40,55,171
40,56,324
40,57,238
40,58,182
40,59,84
40,60,95
40,61,354
40,62,369
40,63,27
40,65,23
40,66,281
40,68,306
40,70,394
40,71,318
40,75,24
40,76,184
40,78,364
40,82,327
40,86,48
40,87,326
40,93,142
40,96,105
40,97,141
40,98,28
40,101,150
40,103,307
40,106,221
40,109,9
40,110,50
40,112,226
40,113,358
40,119,159
40,120,310
40,124,52
40,128,265
40,129,151
40,130,127
40,131,164
40,137,225
40,143,84
40,145,317
40,168,122
40,169,138
40,171,365
40,173,255
40,178,312
40,180,80
40,182,233
40,183,105
40,188,2
40,198,254
41,1,61
41,5,282
41,8,283
41,9,4
41,11,32
41,12,50
41,13,181
41,14,393
41,16,191
41,17,54
41,18,176
41,19,184
41,20,250
41,21,181
41,22,181
41,23,185
41,24,131
41,25,367
41,26,19
41,28,309
41,30,384
41,31,94
41,32,334
41,35,4
41,37,275
41,38,180
41,40,123
41,42,337
41,43,123
41,44,301
41,47,397
41,48,11
41,49,26
41,50,380
41,52,394
41,53,87
41,54,126
41,55,137
41,56,127
41,57,144
41,58,65
41,59,369
41,64,217
41,65,111
41,66,318
41,67,120
41,69,258
41,70,395
41,72,326
41,73,102
41,74,374
41,75,310
41,76,47
41,77,148
41,78,190
41,79,142
41,82,78
41,88,384
41,90,255
41,91,252
41,92,306
41,93,269
41,94,84
41,95,183
41,97,264
41,101,114
41,104,331
41,106,365
41,111,321
41,114,151
41,115,238
41,121,370
41,127,47
41,131,56
41,132,168
41,134,94
41,144,393
41,147,219
41,152,72
41,161,322
41,165,107
41,168,399
41,169,87
41,174,10
41,180,171
41,184,381
41,197,134
41,199,373
42,2,29
42,3,84
42,7,158
42,11,145
42,12,25
42,13,291
42,14,377
42,16,206
42,17,169
42,19,164
42,22,136
42,24,188
42,25,214
42,26,226
42,27,354
42,28,190
42,29,149
42,32,73
42,33,306
42,34,62
42,35,150
42,36,3
42,38,104
42,39,140
42,41,337
42,43,257
42,44,173
42,47,239
42,48,38
42,49,126
42,50,400
42,51,172
42,52,151
42,54,249
42,55,104
42,56,197
42,57,302
42,59,26
42,61,39
42,64,163
42,65,193
42,70,258
42,71,186
42,73,293
42,74,163
42,76,88
42,78,356
42,79,178
42,82,158
42,83,327
42,89,114
42,90,81
42,93,245
42,94,99
42,96,284
42,98,81
42,101,124
42,103,385
42,107,286
42,110,396
42,111,62
42,118,281
42,120,211
42,126,43
42,127,73
42,129,306
42,131,347
42,139,94
42,140,113
42,145,338
42,147,340
42,148,166
42,150,101
42,151,397
42,156,368
42,157,335
42,159,314
42,162,16
42,167,348
42,170,103
42,177,46
42,178,2
42,192,252
42,193,359
43,1,188
43,3,347
43,4,31
43,6,77
43,7,135
43,8,364
43,11,248
43,13,68
43,15,391
43,16,314
43,21,256
43,22,5
43,23,177
43,24,111
43,27,213
43,28,308
43,29,398
43,30,35
43,32,20
43,34,197
43,35,326
43,38,113
43,41,123
43,42,257
43,44,385
43,46,275
43,47,181
43,48,127
43,49,67
43,52,71
43,54,71
43,55,276
43,56,213
43,57,360
43,60,371
43,62,325
43,63,237
43,65,159
43,66,100
43,71,130
43,72,217
43,75,398
43,77,88
43,78,289
43,85,24
43,87,79
43,90,398
43,92,203
43,97,145
43,101,8
43,102,71
43,105,199
43,106,160
43,107,29
43,109,347
43,117,45
43,126,317
43,130,8
43,132,349
43,135,206
43,138,237
43,144,353
43,150,144
43,155,286
43,157,324
43,158,2
43,160,347
43,163,241
43,170,87
43,174,339
43,176,338
43,178,124
43,181,266
43,183,375
43,185,385
43,187,76
43,189,218
43,199,96
44,2,339
44,3,175
44,4,240
44,5,244
44,6,188
44,7,270
44,8,277
44,12,17
44,14,239
44,16,346
44,17,327
44,18,32
44,23,300
44,24,182
44,25,336
44,26,330
44,28,2
44,29,340
44,30,367
44,31,35
44,34,124
44,35,262
44,39,74
44,40,112
44,41,301
44,42,173
44,43,385
44,45,230
44,46,94
44,47,322
44,51,176
44,52,28
44,53,374
44,54,122
44,55,106
44,56,113
44,57,295
44,58,238
44,59,245
44,60,342
44,68,118
44,71,299
44,72,198
44,73,126
44,74,143
44,76,180
44,79,322
44,81,319
44,84,376
44,86,17
44,89,370
44,90,47
44,96,211
44,97,189
44,99,194
44,101,61
44,105,303
44,109,217
44,113,347
44,114,24
44,122,235
44,125,154
44,126,243
44,131,259
44,147,314
44,149,300
44,150,32
44,151,207
44,155,231
44,157,280
44,158,139
44,160,343
44,166,396
44,167,45
44,168,100
44,172,33
44,173,288
44,178,145
44,179,169
44,181,352
44,191,387
44,193,167
44,194,47
44,200,384
45,1,125
45,2,223
45,3,263
45,6,60
45,7,192
45,8,326
45,10,4
45,12,237
45,15,226
45,16,170
45,17,319
45,18,246
45,19,214
45,20,295
45,22,116
45,23,173
45,24,246
45,29,267
45,31,211
45,32,28
45,33,115
45,34,192
45,35,72
45,36,59
45,39,49
45,40,349
45,44,230
45,50,129
45,52,29
45,54,341
45,55,367
45,56,19
45,57,12
45,58,30
45,59,175
45,62,349
45,63,302
45,66,265
45,67,11
45,69,5
45,70,237
45,71,146
45,73,15
45,75,179
45,76,356
45,77,239
45,80,156
45,81,180
45,83,237
45,84,3
45,86,160
45,87,399
45,88,137
45,89,363
45,92,147
45,96,360
45,97,223
45,98,54
45,100,127
45,102,351
45,108,132
45,111,24
45,113,23
45,114,224
45,115,258
45,117,365
45,120,231
45,122,203
45,128,193
45,131,124
45,145,270
45,146,195
45,151,237
45,154,219
45,158,384
45,177,387
45,182,207
45,188,81
45,193,16
45,195,58
45,197,384
45,200,305
46,1,79
46,2,215
46,4,230
46,5,265
46,7,261
46,8,217
46,9,155
46,13,398
46,14,46
46,15,194
46,16,83
46,17,12
46,18,301
46,19,224
46,20,192
46,22,393
46,23,82
46,25,169
46,27,354
46,28,71
46,29,316
46,30,124
46,31,90
46,34,139
46,35,232
46,36,180
46,39,88
46,43,275
46,44,94
46,47,333
46,48,187
46,50,365
46,52,179
46,55,133
46,56,290
46,58,248
46,59,379
46,60,343
46,63,228
46,64,108
46,65,225
46,70,268
46,71,286
46,72,138
46,73,107
46,79,352
46,85,11
46,88,13
46,89,27
46,98,4
46,99,379
46,102,277
46,103,283
46,106,371
46,109,254
46,117,383
46,119,63
46,122,227
46,125,42
46,127,329
46,134,312
46,136,279
46,137,253
46,139,83
46,141,283
46,144,42
46,146,176
46,151,380
46,153,158
46,155,47
46,160,347
46,162,127
46,170,341
46,173,132
46,178,285
46,183,294
46,191,154
46,195,66
46,196,85
46,198,207
47,2,206
47,3,36
47,4,279
47,5,92
47,6,72
47,7,59
47,9,112
47,10,393
47,11,303
47,12,349
47,14,339
47,15,323
47,17,147
47,21,115
47,24,113
47,25,371
47,26,184
47,29,298
47,30,129
47,32,218
47,33,290
47,34,265
47,36,67
47,37,101
47,39,278
47,40,269
47,41,397
47,42,239
47,43,181
47,44,322
47,46,333
47,48,320
47,49,205
47,50,363
47,51,259
47,53,93
47,56,266
47,57,240
47,59,320
47,61,385
47,62,214
47,66,247
47,72,70
47,74,119
47,79,108
47,81,205
47,84,123
47,85,69
47,86,45
47,88,52
47,90,61
47,91,255
47,92,133
47,101,345
47,104,201
47,107,170
47,114,136
47,117,333
47,119,256
47,121,307
47,122,340
47,124,280
47,126,197
47,128,132
47,150,380
47,152,300
47,154,86
47,157,390
47,166,365
47,167,213
47,168,107
47,170,269
47,172,12
47,180,147
47,185,235
47,189,208
48,2,275
48,4,399
48,5,259
48,7,350
48,11,228
48,14,41
48,16,190
48,18,327
48,22,345
48,23,78
48,25,22
48,26,213
48,28,268
48,29,316
48,30,273
48,33,175
48,34,48
48,35,135
48,36,224
48,38,40
48,39,38
48,40,218
48,41,11
48,42,38
48,43,127
48,46,187
48,47,320
48,50,176
48,51,217
48,52,70
48,54,191
48,55,388
48,56,274
48,57,267
48,58,370
48,59,178
48,61,104
48,63,324
48,65,341
48,66,189
48,69,35
48,70,335
48,71,180
48,73,223
48,74,248
48,75,35
48,76,145
48,79,95
48,82,49
48,87,103
48,88,298
48,91,332
48,95,51
48,96,81
48,98,284
48,102,258
48,111,134
48,112,61
48,114,308
48,119,215
48,121,248
48,124,330
48,126,231
48,127,26
48,129,316
48,130,293
48,137,312
48,139,257
48,141,113
48,143,258
48,145,396
48,146,241
48,155,160
48,160,2
48,168,388
48,178,240
48,186,62
48,189,372
48,191,190
48,194,124
48,198,267
48,200,392
49,1,298
49,4,352
49,5,156
49,7,248
49,8,102
49,9,42
49,11,202
49,12,327
49,14,369
49,17,204
49,19,161
49,21,204
49,24,78
49,25,79
49,26,371
49,29,92
49,30,92
49,31,342
49,32,367
49,33,105
49,34,149
49,35,24
49,36,166
49,37,111
49,38,135
49,39,155
49,40,272
49,41,26
49,42,126
49,43,67
49,47,205
49,50,355
49,52,124
49,53,380
49,54,74
49,56,261
49,60,267
49,61,297
49,62,156
49,67,309
49,69,32
49,77,294
49,79,192
49,80,86
49,87,274
49,88,80
49,90,339
49,92,110
49,95,249
49,97,280
49,100,114
49,102,62
49,103,73
49,104,314
49,105,35
49,106,248
49,108,137
49,113,235
49,118,317
49,119,179
49,120,191
49,122,300
49,123,259
49,124,95
49,135,15
49,138,280
49,140,10
49,142,184
49,145,344
49,150,55
49,153,116
49,158,42
49,159,92
49,167,72
49,182,126
49,187,319
49,191,364
49,194,382
49,196,1
50,3,123
50,4,267
50,5,272
50,8,40
50,9,14
50,14,399
50,15,252
50,16,309
50,19,124
50,21,133
50,22,296
50,23,146
50,25,162
50,26,195
50,27,45
50,28,389
50,31,86
50,32,94
50,35,211
50,36,80
50,37,75
50,40,362
50,41,380
50,42,400
50,45,129
50,46,365
50,47,363
50,48,176
50,49,355
50,51,277
50,53,167
50,54,21
50,55,288
50,61,225
50,62,60
50,64,218
50,66,392
50,67,398
50,75,120
50,76,25
50,78,24
50,79,350
50,84,172
50,87,257
50,89,76
50,94,69
50,101,351
50,103,398
50,108,24
50,112,265
50,117,93
50,120,121
50,121,260
50,126,319
50,134,40
50,138,355
50,140,225
50,141,382
50,145,223
50,156,386
50,160,309
50,179,17
50,186,132
50,198,179
51,1,32
51,2,239
51,3,263
51,5,355
51,6,134
51,11,81
51,14,4
51,16,167
51,17,329
51,18,1
51,19,217
51,20,371
51,21,129
51,25,72
51,26,147
51,27,324
51,29,315
51,30,266
51,31,122
51,35,384
51,39,278
51,40,318
51,42,172
51,44,176
51,47,259
51,48,217
51,50,277
51,52,37
51,53,172
51,56,6
51,58,308
51,59,259
51,60,156
51,61,15
51,62,260
51,63,383
51,65,363
51,66,260
51,69,35
51,71,63
51,73,68
51,75,106
51,76,311
51,77,148
51,79,111
51,80,272
51,81,137
51,82,149
51,86,244
51,87,145
51,92,105
51,99,35
51,100,298
51,101,262
51,103,356
51,108,212
51,110,107
51,111,347
51,112,130
51,120,330
51,132,287
51,133,339
51,134,204
51,139,217
51,141,112
51,142,21
51,148,145
51,152,94
51,153,322
51,156,293
51,158,271
51,170,49
51,171,195
51,173,325
51,176,125
51,177,12
51,182,153
51,191,294
51,192,41
51,197,219
