source,target,weight
1,2,12
1,3,149
1,4,365
1,5,332
1,6,229
1,7,33
1,8,1
1,9,301
1,10,376
1,11,181
1,14,171
1,16,391
1,17,368
1,18,2
1,20,300
1,21,259
1,23,216
1,25,363
1,29,388
1,30,169
1,32,102
1,33,252
1,40,246
1,42,214
1,46,144
1,61,135
1,74,263
1,76,297
1,92,377
1,102,27
1,121,13
1,126,159
1,127,227
1,129,333
1,130,328
1,152,266
1,159,39
1,166,178
1,195,277
2,1,12
2,3,187
2,5,264
2,7,33
2,9,339
2,13,331
2,14,14
2,16,304
2,18,224
2,19,39
2,20,316
2,22,56
2,24,24
2,25,166
2,26,143
2,30,199
2,31,355
2,32,235
2,35,341
2,36,96
2,38,236
2,41,279
2,50,307
2,51,106
2,56,129
2,58,182
2,65,359
2,73,314
2,76,80
2,85,297
2,96,304
2,101,113
2,107,29
2,110,261
2,125,233
2,129,110
2,134,261
2,149,303
2,154,200
2,198,83
3,1,149
3,2,187
3,4,147
3,6,390
3,8,28
3,9,223
3,10,228
3,11,333
3,12,216
3,15,211
3,16,395
3,24,26
3,26,214
3,36,386
3,37,82
3,41,297
3,45,340
3,48,119
3,49,269
3,52,388
3,57,391
3,60,124
3,62,299
3,63,59
3,64,270
3,66,196
3,80,268
3,97,242
3,106,224
3,110,148
3,120,283
3,123,113
3,137,173
3,145,384
3,171,327
3,184,62
3,185,258
3,194,330
4,1,365
4,3,147
4,5,25
4,6,319
4,7,172
4,8,41
4,11,276
4,12,279
4,13,87
4,14,69
4,15,150
4,20,304
4,21,287
4,23,243
4,24,129
4,25,38
4,26,194
4,27,337
4,28,98
4,30,224
4,32,335
4,36,393
4,38,346
4,45,390
4,48,328
4,57,134
4,59,308
4,67,170
4,72,113
4,78,370
4,83,66
4,93,36
4,94,140
4,96,301
4,97,236
4,108,317
4,109,290
4,111,31
4,133,369
4,136,358
4,141,128
4,146,60
4,152,379
4,159,85
4,181,201
4,196,174
5,1,332
5,2,264
5,4,25
5,6,333
5,7,25
5,8,231
5,9,144
5,10,189
5,12,126
5,14,280
5,18,285
5,19,299
5,20,338
5,22,109
5,25,274
5,27,87
5,31,6
5,44,197
5,50,335
5,51,223
5,53,43
5,61,329
5,66,35
5,68,46
5,70,37
5,79,343
5,104,394
5,110,354
5,113,375
5,115,38
5,118,61
5,124,237
5,125,397
5,138,89
5,164,234
5,168,135
5,192,268
6,1,229
6,3,390
6,4,319
6,5,333
6,7,339
6,8,235
6,9,203
6,10,186
6,11,85
6,12,248
6,13,122
6,15,312
6,18,168
6,22,382
6,26,226
6,29,48
6,32,48
6,34,29
6,36,359
6,38,159
6,40,387
6,44,147
6,50,191
6,52,217
6,60,120
6,68,380
6,72,312
6,83,399
6,88,331
6,112,168
6,113,78
6,124,18
6,131,360
6,136,107
6,151,131
6,156,164
6,163,360
6,166,398
6,187,209
6,194,164
6,198,104
7,1,33
7,2,33
7,4,172
7,5,25
7,6,339
7,8,196
7,10,126
7,11,280
7,12,231
7,13,315
7,15,295
7,16,147
7,17,219
7,20,301
7,23,37
7,26,390
7,27,332
7,28,393
7,31,24
7,32,88
7,34,328
7,39,382
7,40,362
7,41,184
7,47,62
7,48,3
7,49,162
7,50,371
7,52,35
7,69,395
7,70,108
7,71,185
7,79,281
7,90,119
7,97,85
7,114,32
7,128,233
7,129,77
7,136,51
7,151,105
7,162,73
7,191,215
7,193,64
8,1,1
8,3,28
8,4,41
8,5,231
8,6,235
8,7,196
8,9,222
8,10,221
8,11,189
8,12,388
8,16,40
8,17,112
8,19,162
8,20,379
8,21,75
8,23,53
8,24,364
8,27,225
8,29,128
8,31,35
8,33,318
8,40,162
8,43,140
8,44,238
8,45,84
8,60,307
8,70,400
8,73,378
8,78,166
8,86,214
8,88,195
8,90,316
8,95,321
8,110,334
8,116,269
8,121,114
8,132,106
8,137,292
8,150,397
8,154,228
8,162,119
8,171,20
9,1,301
9,2,339
9,3,223
9,5,144
9,6,203
9,8,222
9,12,304
9,13,315
9,14,273
9,15,18
9,16,134
9,17,69
9,18,275
9,19,350
9,21,175
9,24,70
9,27,139
9,29,61
9,31,364
9,32,41
9,34,280
9,35,278
9,36,168
9,37,352
9,38,386
9,39,130
9,43,159
9,44,343
9,52,351
9,54,329
9,57,299
9,58,230
9,59,364
9,66,173
9,70,121
9,92,158
9,96,376
9,98,168
9,108,122
9,117,280
9,119,191
9,120,102
9,122,151
9,126,137
9,157,394
9,175,220
9,181,79
9,189,32
9,190,356
9,199,129
10,1,376
10,3,228
10,5,189
10,6,186
10,7,126
10,8,221
10,12,29
10,13,125
10,15,191
10,17,120
10,18,18
10,19,246
10,22,200
10,28,237
10,30,133
10,39,58
10,40,5
10,49,355
10,53,387
10,54,209
10,62,241
10,64,391
10,65,57
10,67,295
10,82,48
10,83,364
10,87,398
10,94,189
10,95,136
10,97,23
10,105,288
10,119,249
10,131,151
10,140,206
10,141,193
10,159,259
10,161,23
10,166,48
10,172,38
11,1,181
11,3,333
11,4,276
11,6,85
11,7,280
11,8,189
11,13,376
11,14,160
11,16,86
11,17,365
11,18,164
11,19,159
11,24,120
11,26,387
11,27,161
11,30,231
11,32,361
11,33,372
11,34,387
11,35,355
11,36,163
11,38,305
11,39,386
11,45,154
11,47,194
11,48,266
11,49,278
11,53,168
11,56,338
11,66,103
11,77,217
11,78,241
11,86,37
11,93,175
11,94,292
11,97,51
11,105,6
11,106,257
11,112,301
11,121,314
11,125,360
11,134,294
11,145,60
11,146,18
11,152,259
11,157,163
11,178,211
11,179,57
11,190,218
11,196,133
12,3,216
12,4,279
12,5,126
12,6,248
12,7,231
12,8,388
12,9,304
12,10,29
12,13,295
12,14,347
12,15,29
12,16,352
12,17,226
12,18,320
12,19,71
12,21,111
12,22,245
12,23,195
12,33,103
12,36,279
12,37,314
12,39,67
12,42,239
12,47,157
12,48,167
12,50,384
12,54,23
12,55,356
12,57,24
12,58,351
12,65,277
12,69,169
12,72,206
12,80,132
12,85,235
12,92,285
12,94,243
12,112,43
12,115,2
12,116,301
12,118,283
12,127,227
12,135,87
12,142,259
12,162,276
12,173,12
12,178,104
12,184,339
12,200,15
13,2,331
13,4,87
13,6,122
13,7,315
13,9,315
13,10,125
13,11,376
13,12,295
13,14,247
13,15,384
13,16,121
13,19,42
13,20,144
13,21,166
13,22,103
13,23,183
13,24,245
13,26,54
13,29,124
13,34,12
13,35,212
13,37,379
13,38,298
13,39,51
13,40,198
13,41,119
13,42,310
13,43,351
13,44,99
13,47,192
13,50,135
13,55,310
13,70,313
13,82,196
13,89,250
13,90,229
13,100,126
13,104,99
13,107,25
13,115,328
13,124,382
13,127,239
13,132,118
13,145,301
13,160,82
13,169,156
13,182,205
13,188,322
14,1,171
14,2,14
14,4,69
14,5,280
14,9,273
14,11,160
14,12,347
14,13,247
14,15,30
14,16,79
14,19,375
14,20,270
14,21,338
14,24,383
14,27,164
14,28,54
14,34,58
14,35,70
14,36,31
14,37,118
14,46,111
14,49,2
14,55,236
14,61,400
14,63,131
14,72,103
14,74,295
14,76,397
14,84,328
14,85,351
14,88,41
14,90,292
14,91,224
14,101,378
14,108,310
14,121,213
14,123,163
14,142,94
14,144,22
14,167,358
14,172,80
15,3,211
15,4,150
15,6,312
15,7,295
15,9,18
15,10,191
15,12,29
15,13,384
15,14,30
15,16,383
15,17,371
15,18,226
15,19,135
15,20,79
15,21,371
15,22,377
15,24,262
15,25,377
15,27,256
15,28,396
15,32,345
15,33,21
15,35,367
15,36,296
15,39,271
15,44,13
15,45,181
15,47,201
15,48,173
15,49,98
15,51,208
15,57,260
15,64,395
15,86,47
15,89,187
15,95,65
15,101,389
15,124,281
15,129,254
15,132,367
15,158,84
15,165,184
15,185,367
15,199,297
15,200,204
16,1,391
16,2,304
16,3,395
16,7,147
16,8,40
16,9,134
16,11,86
16,12,352
16,13,121
16,14,79
16,15,383
16,17,321
16,18,151
16,19,321
16,20,99
16,23,286
16,25,300
16,26,30
16,28,49
16,30,118
16,31,46
16,35,382
16,36,169
16,37,222
16,54,33
16,55,292
16,64,125
16,81,71
16,87,132
16,98,398
16,102,293
16,106,90
16,107,29
16,111,26
16,126,237
16,141,231
16,144,383
16,179,216
16,193,363
16,194,275
17,1,368
17,7,219
17,8,112
17,9,69
17,10,120
17,11,365
17,12,226
17,15,371
17,16,321
17,19,295
17,22,63
17,24,13
17,25,363
17,26,55
17,28,231
17,35,35
17,36,201
17,40,243
17,43,385
17,45,332
17,46,275
17,51,391
17,52,49
17,54,347
17,71,76
17,78,238
17,85,160
17,86,396
17,87,392
17,94,266
17,101,324
17,107,124
17,115,12
17,120,383
17,140,178
17,161,105
17,182,199
17,186,208
17,187,248
18,1,2
18,2,224
18,5,285
18,6,168
18,9,275
18,10,18
18,11,164
18,12,320
18,15,226
18,16,151
18,21,297
18,28,198
18,30,125
18,32,168
18,33,395
18,49,268
18,50,110
18,51,376
18,55,162
18,56,85
18,58,35
18,59,362
18,61,144
18,67,323
18,69,185
18,73,314
18,79,328
18,81,22
18,83,342
18,92,141
18,98,176
18,104,21
18,110,115
18,138,14
18,140,90
18,166,261
18,172,2
18,192,324
18,198,307
19,2,39
19,5,299
19,8,162
19,9,350
19,10,246
19,11,159
19,12,71
19,13,42
19,14,375
19,15,135
19,16,321
19,17,295
19,20,53
19,22,343
19,23,269
19,24,25
19,25,357
19,26,133
19,29,271
19,31,250
19,33,20
19,36,48
19,37,157
19,40,50
19,42,317
19,43,239
19,46,353
19,47,383
19,50,69
19,52,342
19,53,398
19,55,298
19,56,164
19,63,90
19,69,185
19,70,310
19,74,48
19,81,110
19,88,2
19,92,228
19,94,157
19,132,222
19,135,32
19,140,349
19,141,362
19,145,352
19,148,161
19,163,124
19,171,93
19,191,381
19,199,271
20,1,300
20,2,316
20,4,304
20,5,338
20,7,301
20,8,379
20,13,144
20,14,270
20,15,79
20,16,99
20,19,53
20,22,83
20,23,176
20,24,363
20,29,125
20,30,294
20,37,114
20,39,56
20,53,50
20,57,382
20,59,77
20,67,121
20,72,117
20,75,29
20,77,17
20,78,150
20,81,142
20,84,271
20,87,41
20,97,187
20,101,348
20,105,379
20,106,146
20,129,303
20,133,172
20,142,191
20,146,334
20,151,45
20,153,205
20,162,285
20,164,292
20,165,53
20,173,281
20,188,166
20,199,167
20,200,185
21,1,259
21,4,287
21,8,75
21,9,175
21,12,111
21,13,166
21,14,338
21,15,371
21,18,297
21,22,88
21,27,288
21,28,120
21,29,167
21,31,155
21,33,133
21,38,3
21,39,368
21,40,210
21,42,202
21,44,309
21,47,313
21,48,53
21,55,385
21,56,155
21,57,246
21,60,367
21,66,307
21,70,393
21,73,11
21,81,63
21,87,279
21,98,287
21,105,118
21,109,368
21,112,190
21,117,300
21,129,316
21,139,195
21,151,86
21,153,241
21,161,122
21,173,269
21,174,276
21,175,311
21,178,3
21,192,258
22,2,56
22,5,109
22,6,382
22,10,200
22,12,245
22,13,103
22,15,377
22,17,63
22,19,343
22,20,83
22,21,88
22,23,357
22,25,49
22,26,45
22,28,151
22,32,129
22,34,249
22,40,70
22,43,258
22,44,26
22,45,398
22,53,79
22,54,303
22,58,10
22,60,355
22,62,122
22,67,271
22,71,209
22,75,62
22,76,27
22,82,61
22,88,135
22,90,260
22,105,142
22,117,37
22,121,10
22,133,15
22,137,168
22,152,35
22,165,116
22,173,93
22,197,305
23,1,216
23,4,243
23,7,37
23,8,53
23,12,195
23,13,183
23,16,286
23,19,269
23,20,176
23,22,357
23,24,334
23,25,219
23,26,201
23,27,249
23,29,134
23,34,351
23,36,349
23,38,382
23,41,167
23,42,248
23,44,390
23,46,40
23,56,358
23,58,180
23,62,232
23,63,160
23,64,352
23,65,208
23,69,140
23,70,34
23,80,259
23,89,10
23,100,308
23,101,157
23,123,53
23,144,178
23,147,243
23,148,295
23,149,351
23,153,199
23,154,230
23,176,266
23,181,234
24,2,24
24,3,26
24,4,129
24,8,364
24,9,70
24,11,120
24,13,245
24,14,383
24,15,262
24,17,13
24,19,25
24,20,363
24,23,334
24,25,196
24,28,375
24,29,4
24,33,222
24,35,63
24,45,189
24,46,170
24,47,209
24,56,116
24,64,363
24,65,60
24,67,187
24,70,174
24,71,214
24,73,131
24,78,326
24,81,71
24,83,298
24,85,208
24,100,104
24,115,354
24,132,255
24,138,218
24,146,188
24,164,279
24,167,257
24,168,283
24,192,219
24,198,309
25,1,363
25,2,166
25,4,38
25,5,274
25,15,377
25,16,300
25,17,363
25,19,357
25,22,49
25,23,219
25,24,196
25,28,109
25,29,276
25,32,198
25,33,82
25,38,270
25,39,153
25,45,128
25,51,316
25,54,394
25,55,387
25,57,21
25,60,102
25,62,170
25,69,121
25,74,214
25,76,158
25,93,306
25,95,306
25,101,333
25,123,102
25,129,400
25,152,333
25,169,277
25,171,54
25,181,30
25,187,63
26,2,143
26,3,214
26,4,194
26,6,226
26,7,390
26,11,387
26,13,54
26,16,30
26,17,55
26,19,133
26,22,45
26,23,201
26,27,41
26,30,179
26,32,362
26,39,49
26,42,119
26,50,134
26,58,167
26,60,26
26,75,391
26,76,270
26,77,334
26,79,256
26,80,300
26,111,208
26,112,115
26,113,133
26,134,281
26,137,188
26,153,36
26,176,20
26,186,321
26,195,49
27,4,337
27,5,87
27,7,332
27,8,225
27,9,139
27,11,161
27,14,164
27,15,256
27,21,288
27,23,249
27,26,41
27,41,203
27,46,2
27,48,170
27,58,339
27,66,367
27,73,102
27,75,97
27,96,26
27,110,333
27,112,237
27,139,238
27,156,84
27,157,381
27,169,123
28,4,98
28,7,393
28,10,237
28,14,54
28,15,396
28,16,49
28,17,231
28,18,198
28,21,120
28,22,151
28,24,375
28,25,109
28,30,124
28,31,102
28,32,145
28,38,65
28,39,68
28,40,274
28,45,156
28,47,53
28,48,90
28,51,162
28,59,26
28,61,24
28,62,390
28,70,283
28,71,84
28,74,216
28,75,166
28,79,243
28,81,116
28,82,51
28,86,252
28,88,219
28,90,48
28,92,247
28,99,193
28,103,283
28,118,315
28,119,61
28,120,147
28,138,203
28,145,76
28,149,92
28,150,395
28,160,292
28,161,42
28,165,361
28,166,252
29,1,388
29,6,48
29,8,128
29,9,61
29,13,124
29,19,271
29,20,125
29,21,167
29,23,134
29,24,4
29,25,276
29,31,169
29,33,27
29,48,287
29,50,348
29,54,390
29,62,120
29,66,143
29,68,337
29,74,246
29,79,31
29,80,338
29,81,270
29,82,94
29,90,63
29,94,309
29,100,307
29,103,358
29,119,296
29,128,132
29,132,303
29,165,195
29,177,316
29,181,399
29,182,64
29,185,178
30,1,169
30,2,199
30,4,224
30,10,133
30,11,231
30,16,118
30,18,125
30,20,294
30,26,179
30,28,124
30,33,164
30,37,246
30,41,252
30,42,18
30,44,233
30,47,50
30,51,62
30,55,32
30,56,361
30,67,245
30,68,55
30,77,344
30,91,298
30,93,227
30,95,63
30,102,28
30,111,186
30,112,312
30,118,78
30,125,275
30,142,379
30,145,297
30,149,112
30,166,150
31,2,355
31,5,6
31,7,24
31,8,35
31,9,364
31,16,46
31,19,250
31,21,155
31,28,102
31,29,169
31,32,279
31,34,195
31,43,115
31,46,198
31,47,132
31,50,202
31,54,365
31,58,18
31,59,21
31,61,20
31,62,33
31,63,203
31,73,252
31,84,53
31,99,87
31,102,174
31,112,50
31,119,338
31,134,353
31,136,90
31,149,75
31,166,387
31,167,134
31,172,364
31,188,31
32,1,102
32,2,235
32,4,335
32,6,48
32,7,88
32,9,41
32,11,361
32,15,345
32,18,168
32,22,129
32,25,198
32,26,362
32,28,145
32,31,279
32,33,158
32,34,343
32,38,138
32,42,355
32,47,285
32,49,261
32,62,303
32,63,370
32,82,177
32,87,200
32,90,32
32,91,349
32,108,33
32,114,74
32,118,100
32,125,169
32,131,104
32,133,217
32,134,232
32,137,258
32,150,373
32,152,151
32,155,158
32,158,75
32,185,185
32,187,72
32,190,56
33,1,252
33,8,318
33,11,372
33,12,103
33,15,21
33,18,395
33,19,20
33,21,133
33,24,222
33,25,82
33,29,27
33,30,164
33,32,158
33,34,370
33,35,124
33,37,22
33,42,385
33,44,71
33,48,151
33,52,229
33,58,75
33,60,284
33,65,390
33,68,285
33,88,346
33,105,43
33,113,263
33,117,226
33,126,365
33,135,199
33,143,2
33,154,187
33,163,66
33,164,100
33,174,314
33,183,35
33,184,280
33,187,372
33,193,255
34,6,29
34,7,328
34,9,280
34,11,387
34,13,12
34,14,58
34,22,249
34,23,351
34,31,195
34,32,343
34,33,370
34,36,67
34,40,385
34,41,400
34,43,9
34,45,371
34,51,312
34,54,93
34,55,283
34,60,197
34,63,76
34,67,225
34,75,14
34,76,252
34,78,160
34,83,9
34,90,348
34,91,252
34,93,391
34,103,307
34,114,169
34,132,176
34,150,19
34,160,28
34,167,214
34,172,69
34,198,398
34,200,383
35,2,341
35,9,278
35,11,355
35,13,212
35,14,70
35,15,367
35,16,382
35,17,35
35,24,63
35,33,124
35,37,123
35,39,5
35,41,155
35,43,169
35,49,379
35,55,137
35,58,145
35,63,309
35,66,142
35,72,80
35,88,227
35,97,392
35,99,258
35,108,267
35,124,230
35,139,11
35,141,9
35,147,282
35,155,17
35,163,345
35,172,237
35,197,355
36,2,96
36,3,386
36,4,393
36,6,359
36,9,168
36,11,163
36,12,279
36,14,31
36,15,296
36,16,169
36,17,201
36,19,48
36,23,349
36,34,67
36,37,131
36,38,297
36,40,144
36,41,397
36,43,343
36,49,274
36,53,189
36,56,338
36,59,202
36,62,178
36,65,49
36,67,371
36,78,245
36,84,22
36,87,145
36,89,208
36,100,328
36,126,193
36,195,48
37,3,82
37,9,352
37,12,314
37,13,379
37,14,118
37,16,222
37,19,157
37,20,114
37,30,246
37,33,22
37,35,123
37,36,131
37,38,80
37,41,379
37,43,211
37,44,336
37,47,258
37,52,345
37,57,272
37,64,183
37,68,222
37,71,380
37,79,121
37,91,38
37,107,200
37,109,128
37,116,43
37,118,378
37,121,35
37,127,116
37,151,254
37,152,8
37,167,392
37,170,65
37,192,242
37,196,228
37,200,241
38,2,236
38,4,346
38,6,159
38,9,386
38,11,305
38,13,298
38,21,3
38,23,382
38,25,270
38,28,65
38,32,138
38,36,297
38,37,80
38,41,39
38,48,155
38,67,275
38,68,190
38,69,182
38,70,88
38,72,42
38,75,286
38,91,182
38,93,283
38,95,77
38,103,225
38,113,28
38,133,207
38,134,56
38,135,269
38,140,125
38,168,259
38,195,134
39,7,382
39,9,130
39,10,58
39,11,386
39,12,67
39,13,51
39,15,271
39,20,56
39,21,368
39,25,153
39,26,49
39,28,68
39,35,5
39,42,3
39,46,163
39,62,158
39,63,142
39,70,37
39,75,76
39,77,27
39,96,285
39,98,274
39,99,203
39,100,98
39,104,179
39,108,386
39,116,400
39,117,278
39,124,258
39,129,158
39,130,20
39,135,249
39,146,371
39,162,41
39,169,150
39,178,19
39,181,255
39,190,279
39,192,387
39,196,121
40,1,246
40,6,387
40,7,362
40,8,162
40,10,5
40,13,198
40,17,243
40,19,50
40,21,210
40,22,70
40,28,274
40,34,385
40,36,144
40,47,32
40,52,53
40,53,110
40,56,51
40,57,27
40,66,367
40,68,247
40,87,383
40,93,260
40,97,383
40,99,92
40,105,130
40,116,256
40,129,76
40,134,322
40,141,143
40,147,365
40,157,36
40,186,115
41,2,279
41,3,297
41,7,184
41,13,119
41,23,167
41,27,203
41,30,252
41,34,400
41,35,155
41,36,397
41,37,379
41,38,39
41,43,221
41,44,279
41,45,308
41,48,29
41,49,229
41,51,22
41,65,350
41,69,158
41,72,164
41,81,60
41,84,184
41,87,75
41,91,285
41,98,80
41,107,290
41,117,57
42,1,214
42,12,239
42,13,310
42,19,317
42,21,202
42,23,248
42,26,119
42,30,18
42,32,355
42,33,385
42,39,3
42,43,398
42,45,266
42,46,386
42,55,130
42,63,77
42,69,119
42,76,204
42,83,129
42,85,370
42,93,263
42,99,35
42,100,176
42,102,73
42,106,15
42,117,81
42,132,104
42,139,80
42,150,239
42,152,364
42,160,180
42,173,198
42,177,260
42,178,242
42,186,10
42,197,227
43,8,140
43,9,159
43,13,351
43,17,385
43,19,239
43,22,258
43,31,115
43,34,9
43,35,169
43,36,343
43,37,211
43,41,221
43,42,398
43,46,260
43,51,23
43,55,228
43,64,261
43,94,6
43,106,242
43,115,273
43,125,111
43,141,238
43,151,46
43,164,99
43,165,133
43,172,132
43,182,355
43,184,323
43,197,325
44,5,197
44,6,147
44,8,238
44,9,343
44,13,99
44,15,13
44,21,309
44,22,26
44,23,390
44,30,233
44,33,71
44,37,336
44,41,279
44,46,29
44,49,79
44,60,9
44,64,262
44,69,377
44,76,119
44,77,208
44,78,172
44,85,7
44,87,45
44,115,315
44,120,383
44,130,344
44,133,124
44,158,206
44,160,323
44,162,228
44,165,316
44,187,393
44,197,125
44,199,53
45,3,340
45,4,390
45,8,84
45,11,154
45,15,181
45,17,332
45,22,398
45,24,189
45,25,128
45,28,156
45,34,371
45,41,308
45,42,266
45,46,216
45,47,246
45,49,10
45,50,322
45,57,288
45,63,49
45,70,391
45,84,181
45,93,158
45,104,241
45,106,104
45,109,163
45,124,294
45,128,316
45,145,12
45,157,89
45,160,130
45,176,32
45,178,18
45,194,333
46,1,144
46,14,111
46,17,275
46,19,353
46,23,40
46,24,170
46,27,2
46,31,198
46,39,163
46,42,386
46,43,260
46,44,29
46,45,216
46,52,212
46,53,4
46,56,31
46,58,360
46,60,186
46,66,38
46,68,332
46,76,370
46,85,221
46,89,122
46,99,174
46,101,285
46,107,329
46,111,19
46,121,340
46,131,233
46,142,360
46,151,198
46,161,29
46,169,233
46,172,235
46,178,188
46,179,30
46,194,5
47,7,62
47,11,194
47,12,157
47,13,192
47,15,201
47,19,383
47,21,313
47,24,209
47,28,53
47,30,50
47,31,132
47,32,285
47,37,258
47,40,32
47,45,246
47,48,322
47,54,161
47,57,76
47,67,291
47,74,276
47,78,114
47,100,16
47,114,44
47,121,391
47,142,23
47,143,370
47,149,392
47,153,48
47,161,306
47,170,25
47,198,11
48,3,119
48,4,328
48,7,3
48,11,266
48,12,167
48,15,173
48,21,53
48,27,170
48,28,90
48,29,287
48,33,151
48,38,155
48,41,29
48,47,322
48,51,7
48,52,6
48,53,268
48,56,130
48,59,386
48,60,346
48,73,199
48,86,61
48,88,93
48,89,224
48,90,122
48,92,292
48,96,187
48,130,70
48,150,12
48,164,111
48,174,139
49,3,269
49,7,162
49,10,355
49,11,278
49,14,2
49,15,98
49,18,268
49,32,261
49,35,379
49,36,274
49,41,229
49,44,79
49,45,10
49,53,296
49,54,46
49,57,50
49,61,79
49,62,323
49,81,217
49,93,41
49,102,38
49,103,26
49,104,99
49,105,352
49,107,75
49,110,86
49,117,109
49,120,277
49,146,240
49,151,114
49,168,249
49,171,167
49,182,7
49,185,52
49,192,186
49,199,253
50,2,307
50,5,335
50,6,191
50,7,371
50,12,384
50,13,135
50,18,110
50,19,69
50,26,134
50,29,348
50,31,202
50,45,322
50,51,190
50,56,229
50,64,339
50,72,90
50,79,155
50,96,109
50,109,390
50,119,236
50,120,53
50,124,207
50,130,352
50,139,104
50,144,123
50,147,225
50,149,209
50,150,40
50,155,53
50,165,6
50,177,240
51,2,106
51,5,223
51,15,208
51,17,391
51,18,376
51,25,316
51,28,162
51,30,62
51,34,312
51,41,22
51,43,23
51,48,7
51,50,190
51,54,269
51,60,222
51,71,300
51,74,140
51,76,15
51,86,228
51,93,58
51,97,77
51,98,67
51,101,174
51,103,167
51,105,45
51,106,214
51,122,183
51,123,79
51,131,116
51,134,100
51,189,126
51,190,39
52,3,388
52,6,217
52,7,35
52,9,351
52,17,49
52,19,342
52,33,229
52,37,345
52,40,53
52,46,212
52,48,6
52,54,5
52,55,192
52,59,15
52,61,372
52,64,32
52,65,238
52,67,129
52,82,27
52,83,400
52,84,332
52,94,291
52,95,226
52,100,121
52,112,313
52,113,258
52,130,275
52,133,6
52,148,119
52,170,244
52,172,66
52,178,6
52,194,297
53,5,43
53,10,387
53,11,168
53,19,398
53,20,50
53,22,79
53,36,189
53,40,110
53,46,4
53,48,268
53,49,296
53,59,148
53,65,141
53,66,348
53,67,374
53,68,8
53,73,97
53,74,207
53,75,211
53,79,398
53,80,262
53,84,46
53,90,237
53,91,153
53,92,103
53,96,80
53,102,291
53,111,18
53,122,45
53,123,181
53,129,282
53,146,363
53,152,188
53,162,124
53,181,123
53,187,212
53,188,36
54,9,329
54,10,209
54,12,23
54,16,33
54,17,347
54,22,303
54,25,394
54,29,390
54,31,365
54,34,93
54,47,161
54,49,46
54,51,269
54,52,5
54,57,230
54,62,243
54,69,132
54,71,39
54,78,339
54,79,263
54,81,214
54,93,370
54,106,141
54,108,375
54,109,108
54,126,209
54,128,117
54,133,214
54,144,123
54,159,175
54,163,287
54,169,94
54,177,221
55,12,356
55,13,310
55,14,236
55,16,292
55,18,162
55,19,298
55,21,385
55,25,387
55,30,32
55,34,283
55,35,137
55,42,130
55,43,228
55,52,192
55,56,378
55,59,92
55,60,109
55,64,148
55,66,213
55,68,196
55,71,35
55,81,387
55,95,202
55,105,396
55,117,201
55,131,177
55,132,185
55,138,152
55,150,6
55,175,172
56,2,129
56,11,338
56,18,85
56,19,164
56,21,155
56,23,358
56,24,116
56,30,361
56,36,338
56,40,51
56,46,31
56,48,130
56,50,229
56,55,378
56,64,318
56,68,186
56,71,128
56,73,378
56,79,312
56,86,23
56,95,211
56,101,89
56,112,303
56,119,359
56,124,183
56,132,301
56,134,290
56,136,357
56,144,162
56,146,162
56,159,153
56,163,244
56,168,194
56,170,379
56,174,309
56,178,22
56,179,106
56,188,42
57,3,391
57,4,134
57,9,299
57,12,24
57,15,260
57,20,382
57,21,246
57,25,21
57,37,272
57,40,27
57,45,288
57,47,76
57,49,50
57,54,230
57,58,389
57,59,354
57,61,221
57,65,27
57,68,369
57,69,48
57,72,282
57,74,170
57,76,327
57,82,214
57,88,185
57,89,72
57,121,387
57,130,206
57,134,130
57,143,70
57,144,321
57,152,141
57,161,108
57,166,208
57,179,105
57,185,195
57,186,99
58,2,182
58,9,230
58,12,351
58,18,35
58,22,10
58,23,180
58,26,167
58,27,339
58,31,18
58,33,75
58,35,145
58,46,360
58,57,389
58,59,76
58,61,309
58,71,300
58,72,9
58,73,45
58,80,41
58,84,398
58,86,53
58,88,59
58,89,5
58,109,99
58,111,77
58,113,43
58,116,115
58,124,228
58,128,350
58,129,330
58,143,265
58,144,44
58,161,335
58,168,258
58,171,325
58,175,265
58,179,359
59,4,308
59,9,364
59,18,362
59,20,77
59,28,26
59,31,21
59,36,202
59,48,386
59,52,15
59,53,148
59,55,92
59,57,354
59,58,76
59,61,116
59,62,339
59,64,126
59,68,287
59,71,176
59,76,195
59,79,59
59,80,276
59,84,29
59,87,309
59,89,321
59,94,326
59,96,350
59,109,109
59,114,82
59,125,246
59,129,95
59,135,204
59,145,64
59,161,391
59,169,29
59,175,172
59,180,83
59,191,147
60,3,124
60,6,120
60,8,307
60,21,367
60,22,355
60,25,102
60,26,26
60,33,284
60,34,197
60,44,9
60,46,186
60,48,346
60,51,222
60,55,109
60,67,203
60,74,1
60,77,305
60,82,338
60,91,47
60,96,197
60,102,196
60,107,284
60,111,71
60,114,159
60,115,247
60,116,252
60,141,338
60,151,22
61,1,135
61,5,329
61,14,400
61,18,144
61,28,24
61,31,20
61,49,79
61,52,372
61,57,221
61,58,309
61,59,116
61,63,49
61,66,316
61,75,186
61,122,209
61,142,105
61,158,308
61,163,273
62,3,299
62,10,241
62,22,122
62,23,232
62,25,170
62,28,390
62,29,120
62,31,33
62,32,303
62,36,178
62,39,158
62,49,323
62,54,243
62,59,339
62,65,49
62,70,324
62,73,251
62,77,252
62,79,377
62,80,188
62,85,162
62,87,346
62,89,225
62,94,67
62,97,352
62,101,209
62,103,356
62,109,252
62,110,213
62,130,338
62,136,141
62,143,131
62,148,29
62,152,384
62,157,148
62,170,110
62,172,86
62,175,323
62,194,319
62,195,190
63,3,59
63,14,131
63,19,90
63,23,160
63,31,203
63,32,370
63,34,76
63,35,309
63,39,142
63,42,77
63,45,49
63,61,49
63,66,206
63,68,14
63,75,251
63,86,55
63,89,220
63,100,48
63,112,132
63,143,257
63,145,133
63,156,204
63,176,86
63,180,252
63,181,38
63,186,194
63,200,311
64,3,270
64,10,391
64,15,395
64,16,125
64,23,352
64,24,363
64,37,183
64,43,261
64,44,262
64,50,339
64,52,32
64,55,148
64,56,318
64,59,126
64,77,231
64,78,29
64,80,385
64,82,159
64,86,354
64,91,143
64,103,126
64,131,358
64,164,120
64,176,103
64,199,3
65,2,359
65,10,57
65,12,277
65,23,208
65,24,60
65,33,390
65,36,49
65,41,350
65,52,238
65,53,141
65,57,27
65,62,49
65,70,9
65,71,137
65,77,181
65,80,127
65,101,245
65,103,372
65,108,399
65,117,236
65,119,37
65,126,345
65,127,107
65,130,342
65,164,178
65,166,160
65,181,390
65,184,230
65,198,132
66,3,196
66,5,35
66,9,173
66,11,103
66,21,307
66,27,367
66,29,143
66,35,142
66,40,367
66,46,38
66,53,348
66,55,213
66,61,316
66,63,206
66,69,116
66,73,63
66,83,156
66,95,251
66,98,121
66,99,336
66,110,268
66,118,388
66,123,390
66,125,226
66,139,347
66,156,336
66,166,80
66,174,255
66,177,359
66,183,61
66,185,349
66,193,207
67,4,170
67,10,295
67,18,323
67,20,121
67,22,271
67,24,187
67,30,245
67,34,225
67,36,371
67,38,275
67,47,291
67,52,129
67,53,374
67,60,203
67,71,326
67,72,262
67,82,143
67,100,158
67,118,108
67,130,293
67,137,369
67,175,198
67,180,300
67,185,345
67,186,33
67,193,184
68,5,46
68,6,380
68,29,337
68,30,55
68,33,285
68,37,222
68,38,190
68,40,247
68,46,332
68,53,8
68,55,196
68,56,186
68,57,369
68,59,287
68,63,14
68,71,40
68,72,249
68,75,122
68,89,120
68,100,383
68,125,260
68,141,350
68,147,110
68,150,18
68,167,180
68,170,123
68,189,43
68,191,342
68,197,354
69,7,395
69,12,169
69,18,185
69,19,185
69,23,140
69,25,121
69,38,182
69,41,158
69,42,119
69,44,377
69,54,132
69,57,48
69,66,116
69,75,387
69,82,298
69,83,174
69,91,233
69,97,281
69,106,234
69,107,336
69,113,282
69,120,193
69,131,233
69,156,294
69,162,336
69,171,352
69,191,320
70,5,37
70,7,108
70,8,400
70,9,121
70,13,313
70,19,310
70,21,393
70,23,34
70,24,174
70,28,283
70,38,88
70,39,37
70,45,391
70,62,324
70,65,9
70,74,294
70,84,34
70,85,251
70,88,222
70,109,308
70,135,155
70,136,220
70,148,63
70,177,67
70,180,330
71,7,185
71,17,76
71,22,209
71,24,214
71,28,84
71,37,380
71,51,300
71,54,39
71,55,35
71,56,128
71,58,300
71,59,176
71,65,137
71,67,326
71,68,40
71,77,377
71,81,232
71,91,245
71,95,111
71,99,48
71,107,150
71,116,309
71,127,224
71,129,382
71,147,345
71,148,202
71,157,258
71,171,168
71,197,187
71,199,266
72,4,113
72,6,312
72,12,206
72,14,103
72,20,117
72,35,80
72,38,42
72,41,164
72,50,90
72,57,282
72,58,9
72,67,262
72,68,249
72,73,116
72,77,249
72,84,74
72,122,65
72,139,363
72,159,116
72,164,66
72,186,180
73,2,314
73,8,378
73,18,314
73,21,11
73,24,131
73,27,102
73,31,252
73,48,199
73,53,97
73,56,378
73,58,45
73,62,251
73,66,63
73,72,116
73,75,380
73,79,105
73,84,105
73,85,360
73,87,297
73,92,349
73,95,142
73,99,253
73,102,37
73,106,299
73,116,92
73,134,303
73,139,263
73,161,267
73,165,400
73,173,105
73,192,233
73,193,231
74,1,263
74,14,295
74,19,48
74,25,214
74,28,216
74,29,246
74,47,276
74,51,140
74,53,207
74,57,170
74,60,1
74,70,294
74,76,286
74,77,182
74,78,370
74,84,207
74,85,337
74,92,224
74,98,206
74,105,186
74,111,153
74,120,150
74,122,228
74,136,237
74,137,72
74,139,127
74,172,346
74,179,395
74,183,392
74,195,97
75,20,29
75,22,62
75,26,391
75,27,97
75,28,166
75,34,14
75,38,286
75,39,76
75,53,211
75,61,186
75,63,251
75,68,122
75,69,387
75,73,380
75,81,116
75,93,33
75,98,237
75,109,24
75,114,170
75,116,307
75,127,44
75,159,362
75,163,330
75,173,149
76,1,297
76,2,80
76,14,397
76,22,27
76,25,158
76,26,270
76,34,252
76,42,204
76,44,119
76,46,370
76,51,15
76,57,327
76,59,195
76,74,286
76,77,234
76,78,91
76,80,312
76,82,153
76,83,281
76,84,294
76,94,33
76,101,105
76,104,187
76,113,6
76,131,331
76,137,302
76,145,147
76,157,210
76,160,194
76,161,310
76,171,157
76,190,365
76,191,257
77,11,217
77,20,17
77,26,334
77,30,344
77,39,27
77,44,208
77,60,305
77,62,252
77,64,231
77,65,181
77,71,377
77,72,249
77,74,182
77,76,234
77,80,47
77,86,275
77,98,253
77,110,248
77,116,380
77,128,369
77,135,103
77,142,128
77,145,373
77,157,283
77,158,276
77,166,265
77,167,370
77,179,25
78,4,370
78,8,166
78,11,241
78,17,238
78,20,150
78,24,326
78,34,160
78,36,245
78,44,172
78,47,114
78,54,339
78,64,29
78,74,370
78,76,91
78,83,140
78,85,151
78,89,377
78,103,273
78,108,56
78,110,155
78,114,127
78,126,232
78,127,23
78,128,325
78,140,25
78,148,263
78,159,184
78,166,364
78,172,170
78,178,185
78,186,384
79,5,343
79,7,281
79,18,328
79,26,256
79,28,243
79,29,31
79,37,121
79,50,155
79,53,398
79,54,263
79,56,312
79,59,59
79,62,377
79,73,105
79,88,41
79,96,16
79,104,377
79,109,47
79,115,304
79,118,185
79,122,313
79,126,115
79,129,315
79,134,104
79,135,216
79,143,98
79,147,374
79,155,114
79,171,63
79,172,56
79,179,145
80,3,268
80,12,132
80,23,259
80,26,300
80,29,338
80,53,262
80,58,41
80,59,276
80,62,188
80,64,385
80,65,127
80,76,312
80,77,47
80,82,186
80,83,375
80,99,74
80,104,100
80,125,303
80,136,20
80,138,12
80,139,304
80,146,390
80,151,115
80,152,91
80,154,230
80,155,143
80,158,214
81,16,71
81,18,22
81,19,110
81,20,142
81,21,63
81,24,71
81,28,116
81,29,270
81,41,60
81,49,217
81,54,214
81,55,387
81,71,232
81,75,116
81,93,152
81,94,33
81,97,36
81,102,309
81,104,235
81,123,398
81,140,263
81,149,272
81,160,81
82,10,48
82,13,196
82,22,61
82,28,51
82,29,94
82,32,177
82,52,27
82,57,214
82,60,338
82,64,159
82,67,143
82,69,298
82,76,153
82,80,186
82,92,68
82,98,325
82,105,258
82,108,106
82,110,32
82,116,227
82,134,185
82,161,85
82,162,189
82,167,31
82,174,378
82,176,274
82,180,253
82,188,132
83,4,66
83,6,399
83,10,364
83,18,342
83,24,298
83,34,9
83,42,129
83,52,400
83,66,156
83,69,174
83,76,281
83,78,140
83,80,375
83,87,356
83,90,222
83,91,207
83,105,339
83,109,398
83,112,384
83,116,315
83,118,231
83,122,227
83,130,272
83,133,175
83,138,95
83,141,55
83,144,232
84,14,328
84,20,271
84,31,53
84,36,22
84,41,184
84,45,181
84,52,332
84,53,46
84,58,398
84,59,29
84,70,34
84,72,74
84,73,105
84,74,207
84,76,294
84,89,210
84,91,245
84,97,300
84,99,134
84,101,245
84,114,71
84,121,365
84,122,122
84,125,103
84,127,320
84,149,304
84,156,210
84,167,215
84,168,163
84,176,25
84,194,267
85,2,297
85,12,235
85,14,351
85,17,160
85,24,208
85,42,370
85,44,7
85,46,221
85,62,162
85,70,251
85,73,360
85,74,337
85,78,151
85,86,199
85,95,383
85,102,117
85,103,240
85,106,100
85,115,10
85,135,399
85,139,237
85,143,182
85,155,16
85,163,59
85,168,108
85,180,16
86,8,214
86,11,37
86,15,47
86,17,396
86,28,252
86,48,61
86,51,228
86,56,23
86,58,53
86,63,55
86,64,354
86,77,275
86,85,199
86,89,264
86,94,331
86,95,103
86,96,253
86,103,270
86,104,15
86,110,339
86,132,209
86,143,224
86,155,303
86,156,152
86,157,145
86,171,370
86,183,180
86,197,61
87,10,398
87,16,132
87,17,392
87,20,41
87,21,279
87,32,200
87,36,145
87,40,383
87,41,75
87,44,45
87,59,309
87,62,346
87,73,297
87,83,356
87,92,13
87,94,137
87,96,116
87,108,23
87,119,239
87,154,33
87,159,106
87,174,252
87,181,132
87,184,192
87,190,109
88,6,331
88,8,195
88,14,41
88,19,2
88,22,135
88,28,219
88,33,346
88,35,227
88,48,93
88,57,185
88,58,59
88,70,222
88,79,41
88,93,71
88,104,14
88,111,86
88,113,368
88,121,209
88,128,12
88,132,138
88,158,80
88,162,94
88,164,41
89,13,250
89,15,187
89,23,10
89,36,208
89,46,122
89,48,224
89,57,72
89,58,5
89,59,321
89,62,225
89,63,220
89,68,120
89,78,377
89,84,210
89,86,264
89,92,200
89,108,230
89,113,82
89,133,356
89,138,21
89,174,294
89,184,233
89,185,202
89,190,80
90,7,119
90,8,316
90,13,229
90,14,292
90,22,260
90,28,48
90,29,63
90,32,32
90,34,348
90,48,122
90,53,237
90,83,222
90,95,356
90,96,76
90,105,192
90,107,284
90,114,345
90,115,15
90,119,239
90,122,264
90,133,217
90,140,257
90,160,75
90,163,175
90,165,380
91,14,224
91,30,298
91,32,349
91,34,252
91,37,38
91,38,182
91,41,285
91,53,153
91,60,47
91,64,143
91,69,233
91,71,245
91,83,207
91,84,245
91,106,40
91,108,290
91,113,84
91,120,297
91,126,232
91,141,306
91,147,166
91,156,237
91,164,387
91,168,85
91,190,13
92,1,377
92,9,158
92,12,285
92,18,141
92,19,228
92,28,247
92,48,292
92,53,103
92,73,349
92,74,224
92,82,68
92,87,13
92,89,200
92,113,337
92,119,288
92,120,267
92,124,175
92,130,316
92,131,171
92,144,374
92,148,37
92,150,6
92,159,98
92,161,320
92,165,368
92,171,258
92,189,380
92,196,387
92,200,377
93,4,36
93,11,175
93,25,306
93,30,227
93,34,391
93,38,283
93,40,260
93,42,263
93,45,158
93,49,41
93,51,58
93,54,370
93,75,33
93,81,152
93,88,71
93,102,8
93,126,129
93,130,345
93,138,315
93,148,392
93,151,351
93,158,372
93,172,281
93,176,174
93,197,33
94,4,140
94,10,189
94,11,292
94,12,243
94,17,266
94,19,157
94,29,309
94,43,6
94,52,291
94,59,326
94,62,67
94,76,33
94,81,33
94,86,331
94,87,137
94,99,230
94,113,311
94,135,319
94,142,47
94,146,72
94,151,181
94,158,93
94,186,371
94,188,322
94,189,268
95,8,321
95,10,136
95,15,65
95,25,306
95,30,63
95,38,77
95,52,226
95,55,202
95,56,211
95,66,251
95,71,111
95,73,142
95,85,383
95,86,103
95,90,356
95,97,314
95,98,191
95,99,94
95,101,295
95,102,74
95,103,29
95,104,386
95,107,133
95,112,114
95,119,380
95,123,392
95,124,95
95,139,40
95,171,293
96,2,304
96,4,301
96,9,376
96,27,26
96,39,285
96,48,187
96,50,109
96,53,80
96,59,350
96,60,197
96,79,16
96,86,253
96,87,116
96,90,76
96,97,125
96,98,65
96,103,50
96,106,382
96,112,223
96,123,266
96,127,196
96,131,169
96,138,307
96,140,103
96,143,281
96,155,259
96,160,375
96,169,334
96,176,347
96,181,376
96,200,204
97,3,242
97,4,236
97,7,85
97,10,23
97,11,51
97,20,187
97,35,392
97,40,383
97,51,77
97,62,352
97,69,281
97,81,36
97,84,300
97,95,314
97,96,125
97,99,365
97,100,164
97,104,242
97,111,247
97,167,218
97,169,11
98,9,168
98,16,398
98,18,176
98,21,287
98,39,274
98,41,80
98,51,67
98,66,121
98,74,206
98,75,237
98,77,253
98,82,325
98,95,191
98,96,65
98,100,161
98,105,320
98,111,300
98,115,37
98,117,234
98,128,379
98,162,39
98,175,230
98,194,148
99,28,193
99,31,87
99,35,258
99,39,203
99,40,92
99,42,35
99,46,174
99,66,336
99,71,48
99,73,253
99,80,74
99,84,134
99,94,230
99,95,94
99,97,365
99,108,212
99,109,304
99,123,267
99,127,275
99,136,107
99,158,161
99,182,62
99,183,110
100,13,126
100,23,308
100,24,104
100,29,307
100,36,328
100,39,98
100,42,176
100,47,16
100,52,121
100,63,48
100,67,158
100,68,383
100,97,164
100,98,161
100,106,114
100,107,236
100,119,137
100,131,204
100,137,56
100,141,208
100,142,286
100,160,367
100,187,242
100,189,289
100,191,372
101,2,113
101,14,378
101,15,389
101,17,324
101,20,348
101,23,157
101,25,333
101,46,285
101,51,174
101,56,89
101,62,209
101,65,245
101,76,105
101,84,245
101,95,295
101,102,11
101,110,378
101,114,2
101,121,215
101,123,170
101,140,143
101,145,72
101,155,49
101,163,300
102,1,27
102,16,293
102,30,28
102,31,174
102,42,73
102,49,38
102,53,291
102,60,196
102,73,37
102,81,309
102,85,117
102,93,8
102,95,74
102,101,11
102,108,102
102,114,111
102,124,222
102,126,79
102,156,87
102,164,129
102,188,380
102,189,251
102,191,69
102,197,84
103,28,283
103,29,358
103,34,307
103,38,225
103,49,26
103,51,167
103,62,356
103,64,126
103,65,372
103,78,273
103,85,240
103,86,270
103,95,29
103,96,50
103,125,266
103,130,129
103,145,46
103,178,213
103,185,272
104,5,394
104,13,99
104,18,21
104,39,179
104,45,241
104,49,99
104,76,187
104,79,377
104,80,100
104,81,235
104,86,15
104,88,14
104,95,386
104,97,242
104,123,269
104,137,308
104,163,374
104,189,149
104,195,304
105,10,288
105,11,6
105,20,379
105,21,118
105,22,142
105,33,43
105,40,130
105,49,352
105,51,45
105,55,396
105,74,186
105,82,258
105,83,339
105,90,192
105,98,320
105,107,344
105,113,248
105,117,149
105,123,112
105,139,3
105,143,23
105,144,34
105,146,377
105,147,108
105,156,34
105,175,32
105,177,263
105,183,319
105,184,2
105,195,313
106,3,224
106,11,257
106,16,90
106,20,146
106,42,15
106,43,242
106,45,104
106,51,214
106,54,141
106,69,234
106,73,299
106,85,100
106,91,40
106,96,382
106,100,114
106,117,110
106,120,16
106,125,159
106,127,241
106,128,106
106,129,314
106,135,290
106,136,100
106,148,183
106,156,354
106,160,182
106,164,246
106,167,13
106,175,280
106,186,72
107,2,29
107,13,25
107,16,29
107,17,124
107,37,200
107,41,290
107,46,329
107,49,75
107,60,284
107,69,336
107,71,150
107,90,284
107,95,133
107,100,236
107,105,344
107,115,115
107,116,37
107,119,344
107,122,281
107,153,276
107,165,178
107,168,21
107,171,277
107,179,78
107,194,55
107,198,224
108,4,317
108,9,122
108,14,310
108,32,33
108,35,267
108,39,386
108,54,375
108,65,399
108,78,56
108,82,106
108,87,23
108,89,230
108,91,290
108,99,212
108,102,102
108,114,11
108,140,182
108,147,140
108,153,4
108,177,392
108,194,359
109,4,290
109,21,368
109,37,128
109,45,163
109,50,390
109,54,108
109,58,99
109,59,109
109,62,252
109,70,308
109,75,24
109,79,47
109,83,398
109,99,304
109,115,82
109,126,378
109,153,177
109,154,346
109,163,46
109,174,398
109,176,6
110,2,261
110,3,148
110,5,354
110,8,334
110,18,115
110,27,333
110,49,86
110,62,213
110,66,268
110,77,248
110,78,155
110,82,32
110,86,339
110,101,378
110,111,309
110,118,397
110,138,15
110,148,381
110,153,375
110,167,96
110,168,72
110,174,195
110,184,85
110,193,107
110,196,395
111,4,31
111,16,26
111,26,208
111,30,186
111,46,19
111,53,18
111,58,77
111,60,71
111,74,153
111,88,86
111,97,247
111,98,300
111,110,309
111,122,327
111,127,91
111,143,174
111,147,254
111,151,337
111,166,96
111,169,223
111,178,360
111,180,370
111,188,261
112,6,168
112,11,301
112,12,43
112,21,190
112,26,115
112,27,237
112,30,312
112,31,50
112,52,313
112,56,303
112,63,132
112,83,384
112,95,114
112,96,223
112,115,147
112,118,50
112,121,199
112,142,355
112,147,211
112,150,8
112,156,277
112,159,1
112,167,260
112,170,206
112,183,316
113,5,375
113,6,78
113,26,133
113,33,263
113,38,28
113,52,258
113,58,43
113,69,282
113,76,6
113,88,368
113,89,82
113,91,84
113,92,337
113,94,311
113,105,248
113,114,159
113,176,321
113,183,126
113,198,250
114,7,32
114,32,74
114,34,169
114,47,44
114,59,82
114,60,159
114,75,170
114,78,127
114,84,71
114,90,345
114,101,2
114,102,111
114,108,11
114,113,159
114,122,356
114,128,34
114,131,65
114,138,63
114,143,85
114,173,382
115,5,38
115,12,2
115,13,328
115,17,12
115,24,354
115,43,273
115,44,315
115,60,247
115,79,304
115,85,10
115,90,15
115,98,37
115,107,115
115,109,82
115,112,147
115,118,112
115,126,367
115,137,230
115,140,55
115,172,308
116,8,269
116,12,301
116,37,43
116,39,400
116,40,256
116,58,115
116,60,252
116,71,309
116,73,92
116,75,307
116,77,380
116,82,227
116,83,315
116,107,37
116,120,116
116,127,136
116,154,300
116,158,207
116,160,170
116,168,340
116,174,72
116,189,346
116,197,299
117,9,280
117,21,300
117,22,37
117,33,226
117,39,278
117,41,57
117,42,81
117,49,109
117,55,201
117,65,236
117,98,234
117,105,149
117,106,110
117,123,334
117,127,166
117,132,390
117,149,33
117,150,146
117,166,238
117,176,17
117,187,89
118,5,61
118,12,283
118,28,315
118,30,78
118,32,100
118,37,378
118,66,388
118,67,108
118,79,185
118,83,231
118,110,397
118,112,50
118,115,112
118,121,397
118,132,337
118,139,272
118,159,21
118,169,238
118,176,311
118,178,355
118,183,172
118,185,4
118,190,288
118,196,110
119,9,191
119,10,249
119,28,61
119,29,296
119,31,338
119,50,236
119,56,359
119,65,37
119,87,239
119,90,239
119,92,288
119,95,380
119,100,137
119,107,344
119,120,221
119,157,10
119,158,176
119,183,255
119,193,130
120,3,283
120,9,102
120,17,383
120,28,147
120,44,383
120,49,277
120,50,53
120,69,193
120,74,150
120,91,297
120,92,267
120,106,16
120,116,116
120,119,221
120,130,344
120,131,396
120,135,217
120,144,123
120,146,188
120,148,191
120,170,371
120,194,117
120,196,340
121,1,13
121,8,114
121,11,314
121,14,213
121,22,10
121,37,35
121,46,340
121,47,391
121,57,387
121,84,365
121,88,209
121,101,215
121,112,199
121,118,397
121,125,154
121,133,364
121,136,379
121,142,267
121,147,341
121,173,170
121,181,191
121,190,128
122,9,151
122,51,183
122,53,45
122,61,209
122,72,65
122,74,228
122,79,313
122,83,227
122,84,122
122,90,264
122,107,281
122,111,327
122,114,356
122,138,319
122,140,305
122,156,271
122,178,38
123,3,113
123,14,163
123,23,53
123,25,102
123,51,79
123,53,181
123,66,390
123,81,398
123,95,392
123,96,266
123,99,267
123,101,170
123,104,269
123,105,112
123,117,334
123,142,280
123,146,327
123,180,46
123,182,396
123,185,327
123,190,37
124,5,237
124,6,18
124,13,382
124,15,281
124,35,230
124,39,258
124,45,294
124,50,207
124,56,183
124,58,228
124,92,175
124,95,95
124,102,222
124,128,284
124,133,108
124,141,124
124,154,172
124,165,18
124,176,307
124,180,23
124,189,203
124,191,138
125,2,233
125,5,397
125,11,360
125,30,275
125,32,169
125,43,111
125,59,246
125,66,226
125,68,260
125,80,303
125,84,103
125,103,266
125,106,159
125,121,154
125,150,24
125,151,71
125,154,146
125,165,35
125,179,90
125,186,368
126,1,159
126,9,137
126,16,237
126,33,365
126,36,193
126,54,209
126,65,345
126,78,232
126,79,115
126,91,232
126,93,129
126,102,79
126,109,378
126,115,367
126,134,308
126,136,383
126,144,90
126,146,343
126,148,194
126,149,368
126,153,163
126,157,239
126,159,143
126,168,349
127,1,227
127,12,227
127,13,239
127,37,116
127,65,107
127,71,224
127,75,44
127,78,23
127,84,320
127,96,196
127,99,275
127,106,241
127,111,91
127,116,136
127,117,166
127,133,203
127,150,243
127,153,270
127,156,286
127,197,151
128,7,233
128,29,132
128,45,316
128,54,117
128,58,350
128,77,369
128,78,325
128,88,12
128,98,379
128,106,106
128,114,34
128,124,284
128,192,89
128,197,19
129,1,333
129,2,110
129,7,77
129,15,254
