source,target,weight
1,2,284
1,3,156
1,4,78
1,5,256
1,6,42
1,8,142
1,9,38
1,10,35
1,12,268
1,13,185
1,14,321
1,16,349
1,17,15
1,18,227
1,19,162
1,20,242
1,21,397
1,22,292
1,23,237
1,24,38
1,26,340
1,27,207
1,29,112
1,34,210
1,36,91
1,37,336
1,38,112
1,40,234
1,41,378
1,42,169
1,43,213
1,47,254
1,48,80
1,54,159
1,55,160
1,57,251
1,62,121
1,64,329
1,66,177
1,68,301
1,69,368
1,70,187
1,72,288
1,73,273
1,74,65
1,75,111
1,76,326
1,77,156
1,78,112
1,79,105
1,80,215
1,83,218
1,85,42
1,87,68
1,88,188
1,89,151
1,90,210
1,93,54
1,94,256
1,96,245
1,103,266
1,108,43
1,112,282
1,114,256
1,115,314
1,116,301
1,118,235
1,119,394
1,121,128
1,123,261
1,124,50
1,127,81
1,129,115
1,135,74
1,137,281
1,146,65
1,147,122
1,149,12
1,151,114
1,159,184
1,164,132
1,165,386
1,167,158
1,169,234
1,170,68
1,171,76
1,172,201
1,177,362
1,179,80
1,180,139
1,181,146
1,188,61
1,193,384
1,194,247
1,196,124
1,197,199
2,1,284
2,3,391
2,4,53
2,7,325
2,10,373
2,13,176
2,17,218
2,18,333
2,19,326
2,20,336
2,21,220
2,22,342
2,23,327
2,24,101
2,25,84
2,26,126
2,27,378
2,28,188
2,29,214
2,30,83
2,31,329
2,33,68
2,34,138
2,35,304
2,37,257
2,38,236
2,39,1
2,41,169
2,42,232
2,46,126
2,48,62
2,50,233
2,51,176
2,53,133
2,54,131
2,55,172
2,57,63
2,59,168
2,60,155
2,62,329
2,63,203
2,64,239
2,65,126
2,66,19
2,69,330
2,70,214
2,71,161
2,75,322
2,78,256
2,82,388
2,83,285
2,85,138
2,86,142
2,87,19
2,89,277
2,91,136
2,92,19
2,99,24
2,103,12
2,105,354
2,109,97
2,112,374
2,114,122
2,118,66
2,122,267
2,123,75
2,124,320
2,125,270
2,128,161
2,131,161
2,134,16
2,137,57
2,138,284
2,142,198
2,144,210
2,146,293
2,149,368
2,161,121
2,170,239
2,171,34
2,176,27
2,177,356
2,179,316
2,189,278
2,195,66
2,196,311
2,198,150
3,1,156
3,2,391
3,5,362
3,6,356
3,7,333
3,9,121
3,10,207
3,11,79
3,12,147
3,14,155
3,15,206
3,16,193
3,19,78
3,20,364
3,21,216
3,23,156
3,24,373
3,26,60
3,31,195
3,32,95
3,33,117
3,35,372
3,37,43
3,38,281
3,39,171
3,40,245
3,41,310
3,42,295
3,43,66
3,44,159
3,45,191
3,46,178
3,47,176
3,48,135
3,49,80
3,50,231
3,51,181
3,52,238
3,53,239
3,55,40
3,59,32
3,61,85
3,62,205
3,63,318
3,65,14
3,66,53
3,69,175
3,75,161
3,76,46
3,81,27
3,82,381
3,83,163
3,84,295
3,86,256
3,91,161
3,94,304
3,95,306
3,101,120
3,102,81
3,107,331
3,108,250
3,110,38
3,116,370
3,121,281
3,126,304
3,131,158
3,132,215
3,146,36
3,154,255
3,160,154
3,164,228
3,167,14
3,169,77
3,174,229
3,178,199
3,185,114
3,188,90
3,192,22
3,198,335
4,1,78
4,2,53
4,5,301
4,6,387
4,8,252
4,9,319
4,12,393
4,13,236
4,14,362
4,15,64
4,16,217
4,17,347
4,18,21
4,19,315
4,22,174
4,25,104
4,26,116
4,28,114
4,31,230
4,32,307
4,33,57
4,34,367
4,35,108
4,36,11
4,37,274
4,38,89
4,40,115
4,43,231
4,46,293
4,52,309
4,53,13
4,54,152
4,55,308
4,56,69
4,57,110
4,58,94
4,59,388
4,60,51
4,61,7
4,62,266
4,63,305
4,64,133
4,67,311
4,71,128
4,77,112
4,80,216
4,81,287
4,82,116
4,84,132
4,85,84
4,88,88
4,89,293
4,90,245
4,97,373
4,99,237
4,100,16
4,101,353
4,102,319
4,103,112
4,105,93
4,108,275
4,110,71
4,111,27
4,118,151
4,119,204
4,124,287
4,125,372
4,127,19
4,131,173
4,136,168
4,138,228
4,142,116
4,145,104
4,148,252
4,149,396
4,154,359
4,164,196
4,170,265
4,171,251
4,175,50
4,177,100
4,180,129
4,184,137
4,185,297
4,192,261
4,194,288
4,200,249
5,1,256
5,3,362
5,4,301
5,7,173
5,9,225
5,11,303
5,14,333
5,15,271
5,17,268
5,18,101
5,20,63
5,23,57
5,24,388
5,25,119
5,26,36
5,28,366
5,32,224
5,33,181
5,35,220
5,36,272
5,38,274
5,39,146
5,41,175
5,42,90
5,43,208
5,45,87
5,46,93
5,47,213
5,48,36
5,49,315
5,51,84
5,53,72
5,54,383
5,55,32
5,56,280
5,58,119
5,62,93
5,63,294
5,65,223
5,69,256
5,71,160
5,72,207
5,75,189
5,76,323
5,79,102
5,81,75
5,82,207
5,87,344
5,88,114
5,89,254
5,91,288
5,93,178
5,94,109
5,95,7
5,96,21
5,97,254
5,103,317
5,107,333
5,112,105
5,115,111
5,120,87
5,121,87
5,125,46
5,126,198
5,127,228
5,130,109
5,133,250
5,134,95
5,135,395
5,138,291
5,140,323
5,144,248
5,145,42
5,147,90
5,148,112
5,153,287
5,154,226
5,155,363
5,199,311
5,200,205
6,1,42
6,3,356
6,4,387
6,7,262
6,9,16
6,10,62
6,11,223
6,12,186
6,13,53
6,14,329
6,15,42
6,16,91
6,17,331
6,21,305
6,22,309
6,23,38
6,24,84
6,26,111
6,27,157
6,29,348
6,30,295
6,31,258
6,33,266
6,38,366
6,40,395
6,41,6
6,42,290
6,43,79
6,44,202
6,45,179
6,47,209
6,48,45
6,49,363
6,50,234
6,51,206
6,52,43
6,54,358
6,57,96
6,64,274
6,66,326
6,68,163
6,69,358
6,71,216
6,73,86
6,75,323
6,79,345
6,80,200
6,82,366
6,83,307
6,87,331
6,88,39
6,90,343
6,93,51
6,94,358
6,96,242
6,98,19
6,107,341
6,109,377
6,127,34
6,131,164
6,133,93
6,134,398
6,137,331
6,141,226
6,143,219
6,150,164
6,152,237
6,160,213
6,167,182
6,173,330
6,174,159
6,175,139
6,178,309
6,182,66
6,186,219
6,189,162
6,196,52
6,198,320
7,2,325
7,3,333
7,5,173
7,6,262
7,8,141
7,9,3
7,10,325
7,11,180
7,12,202
7,13,381
7,14,256
7,15,205
7,17,16
7,18,26
7,19,100
7,21,308
7,23,198
7,24,261
7,25,109
7,26,89
7,27,34
7,28,63
7,29,350
7,30,221
7,31,52
7,32,136
7,33,10
7,34,351
7,35,68
7,36,276
7,37,17
7,39,389
7,40,82
7,42,154
7,43,346
7,45,362
7,46,356
7,48,181
7,50,185
7,52,115
7,53,50
7,55,378
7,57,216
7,58,392
7,60,214
7,62,75
7,63,48
7,65,78
7,68,346
7,70,391
7,72,45
7,73,253
7,75,347
7,79,134
7,80,184
7,81,375
7,84,239
7,85,108
7,86,142
7,88,228
7,92,283
7,93,76
7,95,153
7,96,139
7,99,313
7,100,248
7,103,215
7,105,51
7,108,188
7,109,50
7,110,326
7,112,328
7,122,265
7,124,98
7,138,41
7,139,383
7,145,135
7,146,121
7,154,261
7,155,343
7,156,83
7,166,129
7,172,266
7,173,42
7,177,310
7,185,177
7,186,51
7,187,173
7,192,115
7,193,156
7,198,99
8,1,142
8,4,252
8,7,141
8,9,15
8,10,185
8,12,220
8,13,296
8,16,333
8,19,218
8,22,296
8,23,96
8,24,392
8,25,121
8,26,182
8,27,106
8,29,5
8,30,381
8,31,186
8,33,81
8,34,171
8,35,185
8,36,323
8,37,196
8,40,394
8,41,43
8,42,363
8,43,318
8,44,287
8,45,269
8,48,27
8,50,155
8,52,21
8,55,54
8,56,261
8,57,267
8,58,314
8,61,227
8,62,393
8,63,30
8,69,229
8,70,35
8,71,383
8,73,185
8,74,134
8,75,321
8,76,352
8,79,209
8,80,59
8,82,173
8,85,103
8,86,394
8,92,28
8,98,352
8,99,332
8,100,380
8,101,110
8,104,11
8,108,133
8,110,28
8,112,114
8,121,163
8,125,302
8,134,183
8,136,351
8,137,194
8,139,25
8,145,312
8,146,54
8,152,293
8,158,67
8,160,324
8,165,304
8,166,294
8,171,196
8,174,247
8,176,197
8,180,41
8,184,158
8,191,3
8,194,381
8,195,15
8,196,151
9,1,38
9,3,121
9,4,319
9,5,225
9,6,16
9,7,3
9,8,15
9,11,19
9,12,76
9,13,31
9,14,321
9,16,220
9,17,7
9,19,380
9,21,45
9,24,352
9,25,199
9,27,35
9,29,156
9,30,87
9,32,121
9,33,376
9,34,359
9,36,35
9,37,263
9,38,330
9,40,227
9,42,11
9,44,77
9,45,76
9,46,310
9,48,384
9,49,381
9,51,21
9,52,238
9,54,104
9,55,203
9,56,168
9,57,357
9,59,316
9,61,373
9,63,370
9,65,246
9,66,354
9,69,30
9,71,276
9,72,192
9,73,268
9,78,157
9,82,317
9,84,257
9,88,37
9,89,112
9,91,145
9,93,326
9,95,74
9,96,254
9,97,327
9,103,359
9,104,358
9,107,131
9,109,281
9,110,64
9,111,312
9,116,230
9,118,261
9,121,321
9,126,216
9,128,191
9,129,214
9,131,213
9,132,105
9,134,198
9,135,365
9,139,168
9,143,47
9,144,207
9,147,351
9,149,390
9,150,33
9,151,294
9,152,19
9,153,277
9,160,375
9,161,60
9,163,368
9,168,330
9,170,297
9,172,312
9,181,276
9,189,284
9,192,227
9,195,10
10,1,35
10,2,373
10,3,207
10,6,62
10,7,325
10,8,185
10,11,130
10,12,214
10,14,255
10,18,297
10,19,140
10,20,291
10,21,262
10,22,335
10,23,154
10,24,94
10,28,99
10,32,69
10,33,97
10,34,98
10,36,115
10,37,310
10,38,99
10,39,183
10,41,360
10,43,129
10,47,272
10,48,368
10,49,200
10,52,38
10,54,122
10,55,181
10,56,6
10,57,122
10,58,76
10,59,16
10,64,357
10,71,113
10,72,340
10,78,157
10,80,203
10,82,313
10,84,193
10,89,320
10,91,337
10,92,36
10,93,275
10,94,392
10,95,379
10,98,244
10,99,131
10,101,296
10,102,203
10,103,12
10,108,232
10,109,306
10,110,298
10,115,68
10,118,303
10,124,244
10,127,295
10,130,317
10,131,224
10,132,285
10,137,159
10,138,80
10,142,114
10,144,38
10,145,196
10,147,9
10,149,63
10,153,8
10,154,94
10,158,312
10,160,371
10,161,8
10,162,230
10,165,242
10,172,268
10,173,37
10,178,295
10,184,289
10,189,243
10,191,278
10,198,326
11,3,79
11,5,303
11,6,223
11,7,180
11,9,19
11,10,130
11,13,206
11,14,293
11,15,287
11,16,159
11,18,331
11,19,358
11,20,69
11,21,49
11,22,334
11,26,43
11,30,253
11,31,275
11,32,11
11,33,96
11,35,382
11,36,127
11,37,324
11,39,217
11,45,317
11,46,86
11,48,267
11,49,229
11,50,379
11,51,91
11,52,68
11,53,37
11,55,273
11,56,88
11,57,358
11,62,122
11,65,74
11,66,123
11,69,111
11,70,62
11,71,333
11,72,21
11,76,5
11,77,123
11,78,383
11,80,342
11,82,270
11,83,4
11,84,378
11,88,360
11,90,44
11,93,168
11,94,373
11,96,394
11,99,167
11,100,345
11,102,323
11,104,59
11,110,320
11,111,95
11,112,136
11,115,195
11,117,216
11,118,212
11,122,106
11,123,340
11,125,303
11,129,18
11,131,155
11,141,105
11,145,359
11,153,308
11,158,183
11,165,329
11,171,247
11,178,282
11,182,387
11,197,201
11,200,82
12,1,268
12,3,147
12,4,393
12,6,186
12,7,202
12,8,220
12,9,76
12,10,214
12,13,244
12,15,238
12,17,219
12,18,155
12,19,297
12,20,174
12,21,81
12,24,260
12,25,167
12,26,391
12,28,143
12,29,146
12,31,356
12,32,359
12,33,370
12,34,100
12,35,50
12,36,151
12,37,240
12,44,231
12,45,102
12,47,206
12,48,360
12,49,226
12,50,136
12,51,162
12,52,292
12,54,288
12,55,134
12,56,336
12,57,329
12,59,141
12,61,54
12,62,326
12,64,146
12,66,245
12,67,188
12,68,369
12,69,374
12,70,139
12,72,192
12,73,72
12,74,28
12,76,189
12,84,281
12,88,181
12,92,377
12,93,154
12,98,278
12,104,249
12,106,383
12,107,4
12,116,88
12,117,90
12,120,36
12,122,118
12,124,390
12,126,54
12,128,95
12,132,204
12,133,56
12,140,229
12,142,85
12,143,255
12,146,177
12,152,210
12,157,199
12,158,365
12,161,249
12,164,69
12,165,239
12,171,157
12,172,207
12,175,7
12,181,377
12,186,110
12,187,1
12,198,107
12,200,291
13,1,185
13,2,176
13,4,236
13,6,53
13,7,381
13,8,296
13,9,31
13,11,206
13,12,244
13,14,262
13,16,6
13,19,127
13,20,263
13,21,191
13,22,278
13,23,237
13,24,282
13,25,38
13,26,24
13,27,101
13,29,170
13,30,322
13,34,387
13,39,322
13,41,51
13,42,395
13,44,156
13,46,2
13,47,81
13,49,53
13,52,297
13,54,299
13,58,157
13,59,113
13,60,281
13,61,129
13,62,228
13,63,275
13,65,54
13,66,99
13,67,58
13,70,52
13,75,167
13,77,207
13,79,392
13,83,42
13,84,183
13,85,23
13,86,235
13,88,365
13,91,245
13,92,267
13,98,235
13,104,350
13,107,121
13,111,10
13,112,280
13,113,106
13,118,198
13,120,396
13,128,115
13,131,276
13,139,323
13,140,80
13,142,383
13,145,52
13,147,172
13,149,251
13,151,322
13,154,287
13,155,8
13,157,195
13,161,94
13,171,6
13,175,104
13,177,138
13,185,181
13,186,19
14,1,321
14,3,155
14,4,362
14,5,333
14,6,329
14,7,256
14,9,321
14,10,255
14,11,293
14,13,262
14,15,257
14,16,24
14,17,127
14,18,302
14,20,1
14,21,327
14,22,285
14,23,61
14,24,384
14,25,278
14,27,122
14,29,148
14,30,133
14,31,399
14,33,243
14,35,379
14,36,380
14,39,48
14,40,27
14,42,71
14,43,240
14,44,296
14,46,238
14,47,9
14,48,329
14,49,38
14,50,84
14,51,217
14,52,368
14,53,10
14,54,89
14,55,333
14,57,77
14,59,34
14,60,278
14,64,353
14,65,69
14,68,73
14,70,47
14,72,312
14,73,23
14,75,27
14,77,335
14,79,58
14,82,348
14,90,225
14,92,323
14,94,341
14,95,285
14,96,386
14,100,385
14,102,38
14,105,203
14,107,392
14,108,174
14,109,82
14,112,317
14,113,302
14,114,199
14,120,222
14,121,2
14,126,353
14,132,187
14,139,302
14,143,246
14,145,293
14,147,271
14,158,276
14,161,376
14,162,368
14,165,76
14,172,224
14,181,258
14,188,52
14,200,174
15,3,206
15,4,64
15,5,271
15,6,42
15,7,205
15,11,287
15,12,238
15,14,257
15,16,225
15,17,149
15,18,201
15,21,333
15,23,4
15,24,10
15,25,282
15,27,38
15,28,264
15,29,5
15,30,145
15,32,360
15,34,56
15,37,65
15,39,158
15,41,35
15,42,139
15,45,136
15,47,71
15,48,92
15,49,232
15,52,134
15,53,129
15,55,203
15,59,115
15,60,342
15,61,269
15,62,76
15,63,169
15,66,318
15,67,113
15,69,374
15,71,313
15,73,240
15,74,257
15,75,148
15,76,254
15,82,286
15,87,350
15,89,202
15,91,153
15,94,332
15,97,363
15,99,195
15,104,279
15,105,329
15,106,366
15,107,393
15,113,381
15,115,242
15,116,169
15,117,194
15,119,64
15,120,44
15,122,358
15,128,173
15,137,139
15,142,213
15,147,265
15,148,396
15,150,351
15,171,343
15,173,10
15,176,190
15,178,118
15,186,78
15,188,26
15,193,195
15,198,213
15,199,151
16,1,349
16,3,193
16,4,217
16,6,91
16,8,333
16,9,220
16,11,159
16,13,6
16,14,24
16,15,225
16,18,387
16,19,347
16,20,370
16,21,277
16,24,91
16,25,73
16,27,78
16,28,272
16,29,337
16,32,114
16,36,308
16,38,118
16,39,55
16,40,234
16,42,169
16,43,287
16,44,349
16,45,265
16,46,340
16,47,66
16,48,134
16,49,386
16,50,390
16,53,257
16,54,146
16,55,149
16,57,71
16,61,268
16,62,351
16,65,89
16,67,135
16,68,386
16,69,357
16,71,15
16,72,333
16,74,63
16,76,78
16,77,220
16,78,165
16,80,20
16,83,184
16,85,334
16,89,136
16,91,130
16,92,287
16,94,387
16,95,247
16,105,313
16,106,386
16,108,263
16,113,185
16,120,335
16,121,295
16,125,160
16,131,139
16,133,381
16,137,127
16,138,222
16,139,35
16,147,129
16,148,37
16,151,316
16,155,232
16,158,2
16,162,123
16,168,123
16,169,162
16,177,340
16,179,340
16,180,40
16,181,89
16,185,353
16,198,249
16,200,163
17,1,15
17,2,218
17,4,347
17,5,268
17,6,331
17,7,16
17,9,7
17,12,219
17,14,127
17,15,149
17,18,337
17,19,333
17,20,159
17,21,54
17,23,130
17,25,17
17,27,44
17,29,238
17,30,311
17,32,96
17,34,15
17,35,8
17,36,182
17,38,362
17,39,119
17,40,109
17,41,156
17,42,30
17,44,286
17,45,61
17,46,275
17,47,273
17,49,222
17,50,234
17,51,124
17,52,399
17,53,45
17,54,385
17,55,141
17,58,388
17,60,78
17,61,77
17,62,48
17,64,211
17,66,280
17,68,299
17,69,279
17,71,6
17,72,15
17,74,382
17,76,394
17,77,356
17,79,341
17,86,77
17,90,366
17,94,56
17,97,298
17,103,133
17,110,175
17,111,313
17,112,279
17,114,126
17,120,110
17,126,14
17,127,223
17,131,105
17,135,175
17,136,241
17,138,359
17,141,168
17,142,214
17,144,7
17,151,167
17,153,154
17,157,175
17,158,181
17,160,63
17,167,167
17,176,136
17,183,321
17,184,83
17,192,334
17,193,142
17,196,395
18,1,227
18,2,333
18,4,21
18,5,101
18,7,26
18,10,297
18,11,331
18,12,155
18,14,302
18,15,201
18,16,387
18,17,337
18,19,136
18,22,210
18,23,157
18,24,303
18,25,72
18,26,58
18,27,203
18,28,48
18,34,123
18,38,220
18,39,4
18,40,11
18,41,33
18,42,396
18,43,304
18,44,34
18,45,6
18,46,32
18,49,218
18,50,204
18,51,172
18,53,35
18,55,206
18,56,212
18,57,100
18,58,229
18,59,19
18,60,239
18,62,367
18,65,243
18,66,214
18,67,208
18,69,296
18,70,349
18,75,80
18,76,397
18,77,378
18,78,18
18,80,292
18,84,166
18,85,164
18,88,151
18,90,205
18,93,195
18,96,126
18,99,136
18,101,184
18,106,213
18,107,46
18,113,28
18,114,229
18,116,123
18,118,149
18,119,278
18,121,297
18,124,105
18,131,298
18,134,47
18,135,2
18,138,368
18,139,332
18,140,364
18,141,5
18,142,31
18,144,345
18,145,397
18,146,51
18,148,182
18,155,37
18,165,13
18,176,35
18,177,288
18,179,116
18,180,132
18,182,22
18,192,33
18,193,389
19,1,162
19,2,326
19,3,78
19,4,315
19,7,100
19,8,218
19,9,380
19,10,140
19,11,358
19,12,297
19,13,127
19,16,347
19,17,333
19,18,136
19,20,221
19,22,39
19,23,152
19,25,259
19,26,227
19,30,159
19,32,220
19,35,6
19,36,164
19,37,237
19,40,118
19,42,168
19,44,226
19,45,47
19,46,234
19,47,257
19,48,280
19,51,270
19,52,13
19,53,261
19,56,331
19,57,101
19,59,101
19,60,251
19,62,115
19,64,32
19,65,251
19,66,321
19,67,347
19,68,326
19,70,155
19,72,98
19,73,33
19,78,293
19,79,322
19,81,91
19,82,41
19,83,267
19,85,373
19,90,266
19,95,184
19,98,276
19,99,344
19,104,14
19,107,201
19,108,361
19,118,286
19,121,149
19,128,145
19,133,261
19,136,235
19,137,177
19,143,324
19,145,344
19,149,205
19,153,228
19,159,24
19,163,400
19,173,112
19,177,213
19,191,261
19,192,78
19,198,46
20,1,242
20,2,336
20,3,364
20,5,63
20,10,291
20,11,69
20,12,174
20,13,263
20,14,1
20,16,370
20,17,159
20,19,221
20,21,257
20,22,339
20,24,133
20,25,308
20,27,158
20,28,153
20,29,116
20,30,289
20,32,124
20,33,56
20,34,362
20,37,43
20,38,186
20,39,215
20,40,160
20,41,130
20,45,151
20,46,252
20,47,341
20,49,144
20,50,250
20,51,129
20,57,356
20,58,132
20,60,352
20,61,11
20,63,268
20,64,21
20,66,210
20,67,132
20,70,310
20,72,239
20,74,222
20,76,341
20,78,180
20,79,166
20,80,2
20,86,300
20,87,80
20,89,394
20,92,142
20,95,245
20,98,285
20,99,281
20,101,292
20,103,230
20,105,136
20,108,308
20,110,156
20,115,396
20,116,33
20,118,393
20,120,251
20,121,71
20,123,24
20,137,297
20,138,117
20,141,183
20,148,331
20,150,302
20,152,283
20,156,130
20,167,312
20,170,92
20,173,231
20,174,33
20,177,265
20,184,188
20,186,228
20,188,95
20,190,357
20,191,357
20,195,358
20,198,22
21,1,397
21,2,220
21,3,216
21,6,305
21,7,308
21,9,45
21,10,262
21,11,49
21,12,81
21,13,191
21,14,327
21,15,333
21,16,277
21,17,54
21,20,257
21,22,238
21,24,10
21,25,279
21,26,318
21,28,140
21,29,130
21,30,293
21,31,230
21,32,191
21,35,138
21,37,122
21,38,226
21,39,388
21,40,261
21,43,289
21,47,314
21,48,74
21,50,107
21,53,344
21,54,147
21,55,68
21,56,80
21,57,71
21,59,271
21,60,170
21,61,24
21,65,250
21,67,61
21,68,320
21,71,140
21,73,102
21,76,77
21,77,37
21,80,398
21,81,317
21,85,87
21,86,56
21,87,201
21,88,97
21,91,5
21,94,229
21,96,335
21,98,266
21,100,26
21,102,91
21,104,160
21,106,101
21,110,72
21,114,300
21,119,159
21,123,185
21,129,3
21,139,339
21,144,363
21,145,254
21,147,389
21,152,390
21,161,291
21,163,116
21,164,161
21,166,172
21,177,86
21,182,294
21,185,244
21,190,104
21,191,239
21,194,314
21,197,316
21,200,126
22,1,292
22,2,342
22,4,174
22,6,309
22,8,296
22,10,335
22,11,334
22,13,278
22,14,285
22,18,210
22,19,39
22,20,339
22,21,238
22,23,32
22,24,331
22,25,206
22,26,73
22,27,213
22,30,352
22,34,18
22,35,218
22,38,320
22,39,350
22,42,316
22,43,343
22,44,47
22,45,302
22,47,7
22,51,269
22,52,397
22,53,28
22,55,66
22,57,150
22,58,91
22,59,177
22,60,90
22,63,146
22,64,350
22,65,87
22,66,41
22,67,69
22,68,379
22,69,327
22,70,146
22,71,216
22,72,48
22,73,31
22,74,274
22,75,72
22,77,88
22,81,316
22,86,370
22,88,272
22,91,105
22,95,289
22,96,340
22,99,132
22,104,212
22,106,13
22,107,250
22,109,293
22,110,349
22,115,283
22,118,128
22,119,276
22,121,302
22,122,78
22,123,255
22,124,106
22,138,351
22,142,15
22,144,369
22,148,179
22,151,400
22,152,312
22,155,45
22,157,144
22,160,39
22,162,186
22,165,220
22,169,153
22,174,158
22,187,260
22,195,191
23,1,237
23,2,327
23,3,156
23,5,57
23,6,38
23,7,198
23,8,96
23,10,154
23,13,237
23,14,61
23,15,4
23,17,130
23,18,157
23,19,152
23,22,32
23,25,231
23,26,228
23,27,141
23,28,326
23,30,190
23,31,351
23,32,26
23,33,166
23,34,92
23,36,204
23,37,290
23,39,308
23,42,253
23,43,297
23,44,164
23,45,227
23,46,215
23,50,157
23,52,340
23,53,248
23,55,101
23,57,277
23,58,255
23,59,108
23,60,203
23,62,181
23,63,163
23,66,301
23,69,349
23,70,272
23,71,232
23,73,12
23,74,16
23,76,37
23,79,131
23,81,160
23,83,30
23,84,57
23,85,28
23,86,381
23,92,359
23,94,340
23,98,305
23,101,183
23,103,157
23,104,261
23,106,309
23,120,316
23,124,290
23,126,22
23,133,281
23,143,54
23,147,121
23,150,311
23,151,361
23,153,103
23,158,121
23,169,56
23,179,206
23,182,331
23,184,38
23,189,165
23,190,53
23,192,246
23,196,121
23,199,376
24,1,38
24,2,101
24,3,373
24,5,388
24,6,84
24,7,261
24,8,392
24,9,352
24,10,94
24,12,260
24,13,282
24,14,384
24,15,10
24,16,91
24,18,303
24,20,133
24,21,10
24,22,331
24,25,66
24,29,94
24,31,275
24,32,251
24,34,134
24,35,312
24,36,230
24,38,197
24,39,288
24,42,305
24,43,42
24,45,356
24,46,133
24,47,318
24,48,12
24,55,367
24,56,51
24,58,307
24,59,296
24,61,131
24,62,293
24,63,139
24,68,347
24,70,234
24,73,120
24,74,142
24,77,196
24,78,80
24,80,219
24,81,23
24,82,247
24,84,242
24,85,154
24,87,360
24,88,3
24,89,123
24,91,199
24,92,235
24,93,108
24,95,350
24,97,345
24,103,184
24,105,59
24,107,327
24,108,31
24,110,153
24,111,148
24,115,220
24,122,47
24,126,311
24,129,89
24,131,52
24,132,376
24,137,187
24,144,260
24,146,348
24,152,380
24,160,75
24,161,272
24,173,347
24,177,202
24,179,20
24,180,78
24,182,235
24,188,378
24,198,54
24,199,144
24,200,97
25,2,84
25,4,104
25,5,119
25,7,109
25,8,121
25,9,199
25,12,167
25,13,38
25,14,278
25,15,282
25,16,73
25,17,17
25,18,72
25,19,259
25,20,308
25,21,279
25,22,206
25,23,231
25,24,66
25,28,164
25,29,21
25,30,335
25,31,27
25,32,11
25,33,104
25,35,332
25,37,241
25,38,247
25,39,24
25,40,86
25,41,334
25,44,144
25,47,384
25,48,74
25,49,216
25,50,21
25,51,14
25,52,219
25,56,74
25,57,221
25,58,343
25,63,185
25,67,170
25,72,65
25,73,331
25,75,250
25,78,91
25,79,376
25,85,268
25,86,41
25,89,375
25,91,105
25,93,20
25,101,179
25,104,205
25,105,170
25,107,77
25,108,322
25,110,204
25,111,136
25,114,305
25,115,396
25,119,207
25,133,182
25,135,252
25,136,361
25,139,13
25,141,62
25,142,96
25,144,332
25,146,396
25,154,113
25,157,214
25,160,369
25,162,280
25,166,249
25,167,306
25,169,176
25,175,397
25,180,81
25,183,293
25,187,61
25,188,173
25,193,388
25,196,100
26,1,340
26,2,126
26,3,60
26,4,116
26,5,36
26,6,111
26,7,89
26,8,182
26,11,43
26,12,391
26,13,24
26,18,58
26,19,227
26,21,318
26,22,73
26,23,228
26,28,369
26,29,398
26,31,273
26,32,372
26,34,92
26,35,31
26,36,194
26,37,100
26,38,394
26,39,123
26,41,60
26,42,129
26,44,352
26,45,273
26,46,118
26,47,169
26,48,262
26,49,231
26,52,165
26,53,15
26,55,239
26,56,331
26,57,284
26,58,292
26,60,137
26,61,350
26,64,381
26,66,305
26,67,98
26,68,240
26,69,36
26,71,180
26,76,252
26,77,257
26,78,92
26,80,142
26,85,233
26,86,226
26,88,260
26,90,26
26,93,329
26,96,188
26,97,382
26,98,170
26,99,232
26,105,255
26,106,349
26,109,394
26,110,216
26,112,359
26,113,56
26,114,385
26,118,194
26,119,162
26,120,236
26,121,398
26,122,224
26,123,228
26,127,4
26,128,291
26,129,161
26,130,325
26,132,156
26,139,384
26,142,66
26,143,185
26,144,45
26,145,81
26,146,395
26,148,352
26,151,184
26,153,213
26,163,244
26,167,23
26,172,40
26,173,176
26,174,16
26,177,300
26,180,333
26,186,126
26,189,164
27,1,207
27,2,378
27,6,157
27,7,34
27,8,106
27,9,35
27,13,101
27,14,122
27,15,38
27,16,78
27,17,44
27,18,203
27,20,158
27,22,213
27,23,141
27,28,243
27,30,345
27,31,300
27,32,112
27,33,396
27,35,35
27,36,89
27,41,306
27,43,197
27,44,96
27,45,126
27,47,376
27,49,13
27,50,29
27,51,42
27,52,252
27,53,96
27,54,103
27,58,159
27,59,166
27,61,271
27,64,387
27,66,47
27,68,15
27,69,27
27,72,312
27,73,245
27,74,330
27,75,155
27,77,234
27,78,5
27,79,177
27,84,199
27,89,15
27,90,65
27,93,360
27,100,154
27,104,38
27,121,290
27,126,331
27,133,265
27,134,51
27,137,79
27,140,134
27,143,226
27,146,333
27,152,154
27,153,290
27,159,150
27,161,216
27,164,161
27,170,356
27,174,293
27,176,234
27,178,392
27,184,149
27,186,265
27,188,5
28,2,188
28,4,114
28,5,366
28,7,63
28,10,99
28,12,143
28,15,264
28,16,272
28,18,48
28,20,153
28,21,140
28,23,326
28,25,164
28,26,369
28,27,243
28,29,301
28,30,252
28,31,99
28,32,231
28,34,164
28,36,188
28,38,400
28,40,320
28,41,40
28,42,153
28,43,150
28,46,302
28,47,7
28,48,72
28,50,223
28,51,158
28,52,340
28,53,355
28,56,239
28,57,138
28,58,283
28,59,36
28,61,4
28,62,312
28,64,8
28,65,262
28,66,44
28,68,33
28,71,157
28,72,390
28,80,375
28,83,284
28,87,33
28,100,95
28,101,252
28,105,83
28,108,17
28,109,81
28,110,49
28,111,188
28,113,127
28,115,175
28,116,108
28,129,10
28,131,239
28,132,250
28,134,317
28,139,374
28,141,186
28,144,185
28,148,136
28,149,306
28,155,127
28,158,237
28,168,252
28,171,56
28,173,329
28,178,49
28,185,86
28,195,387
28,197,159
28,198,143
29,1,112
29,2,214
29,6,348
29,7,350
29,8,5
29,9,156
29,12,146
29,13,170
29,14,148
29,15,5
29,16,337
29,17,238
29,20,116
29,21,130
29,24,94
29,25,21
29,26,398
29,28,301
29,30,191
29,31,362
29,33,54
29,34,66
29,35,153
29,36,219
29,37,347
29,40,260
29,41,197
29,43,375
29,44,132
29,46,235
29,47,183
29,49,264
29,50,223
29,53,35
29,55,13
29,56,233
29,57,213
29,58,159
29,60,86
29,61,193
29,63,139
29,64,119
29,65,184
29,66,379
29,69,7
29,70,336
29,72,8
29,76,130
29,80,116
29,81,3
29,82,319
29,83,224
29,84,339
29,87,389
29,88,235
29,90,343
29,91,110
29,92,138
29,94,119
29,96,189
29,98,75
29,102,151
29,103,112
29,104,26
29,108,96
29,113,12
29,115,3
29,126,113
29,132,52
29,133,29
29,135,244
29,140,124
29,144,9
29,145,372
29,146,27
29,147,164
29,153,196
29,154,39
29,157,40
29,159,316
29,179,129
29,181,170
29,182,328
29,185,269
29,188,368
29,191,178
29,195,108
29,196,121
30,2,83
30,6,295
30,7,221
30,8,381
30,9,87
30,11,253
30,13,322
30,14,133
30,15,145
30,17,311
30,19,159
30,20,289
30,21,293
30,22,352
30,23,190
30,25,335
30,27,345
30,28,252
30,29,191
30,31,357
30,32,39
30,33,334
30,34,399
30,37,351
30,39,96
30,40,235
30,41,301
30,42,4
30,43,75
30,44,44
30,46,304
30,47,342
30,49,293
30,51,289
30,54,39
30,56,126
30,58,104
30,59,235
30,60,172
30,63,68
30,64,340
30,65,370
30,71,156
30,73,321
30,75,278
30,77,93
30,78,396
30,79,172
30,83,217
30,84,361
30,90,144
30,92,354
30,97,348
30,99,117
30,102,86
30,105,177
30,106,150
30,112,8
30,126,18
30,129,28
30,130,95
30,135,50
30,137,89
30,139,380
30,140,147
30,143,143
30,145,152
30,152,29
30,155,373
30,161,264
30,169,183
30,172,305
30,175,121
30,176,275
30,179,380
30,180,233
30,188,106
30,193,68
30,196,34
31,2,329
31,3,195
31,4,230
31,6,258
31,7,52
31,8,186
31,11,275
31,12,356
31,14,399
31,21,230
31,23,351
31,24,275
31,25,27
31,26,273
31,27,300
31,28,99
31,29,362
31,30,357
31,32,84
31,35,192
31,36,64
31,37,146
31,38,309
31,39,24
31,42,300
31,46,262
31,47,160
31,48,309
31,49,152
31,51,301
31,52,18
31,54,158
31,56,341
31,57,221
31,61,217
31,63,341
31,64,352
31,66,182
31,69,149
31,71,211
31,72,123
31,76,103
31,77,165
31,79,191
31,80,248
31,82,121
31,83,163
31,88,38
31,89,245
31,93,38
31,94,125
31,96,320
31,100,79
31,102,238
31,105,293
31,106,157
31,108,217
31,115,120
31,118,5
31,122,354
31,128,334
31,129,245
31,130,266
31,131,214
31,133,239
31,135,218
31,139,224
31,141,71
31,144,144
31,145,388
31,150,325
31,151,172
31,152,182
31,155,233
31,157,377
31,158,230
31,164,395
31,165,273
31,170,156
31,171,62
31,172,333
31,173,228
31,175,45
31,176,124
31,183,236
31,185,379
31,196,69
32,3,95
32,4,307
32,5,224
32,7,136
32,9,121
32,10,69
32,11,11
32,12,359
32,15,360
32,16,114
32,17,96
32,19,220
32,20,124
32,21,191
32,23,26
32,24,251
32,25,11
32,26,372
32,27,112
32,28,231
32,30,39
32,31,84
32,34,274
32,35,187
32,37,174
32,38,22
32,40,99
32,43,11
32,44,140
32,45,292
32,48,238
32,49,381
32,50,295
32,51,182
32,52,306
32,53,385
32,54,104
32,56,51
32,60,208
32,61,209
32,62,153
32,64,362
32,66,130
32,68,216
32,69,327
32,73,262
32,74,33
32,75,202
32,81,132
32,82,9
32,83,131
32,84,165
32,85,126
32,86,180
32,89,104
32,91,162
32,93,347
32,94,123
32,95,118
32,96,164
32,97,323
32,102,97
32,108,12
32,109,215
32,113,295
32,115,261
32,116,272
32,119,262
32,124,2
32,133,311
32,135,149
32,142,43
32,143,71
32,146,229
32,154,207
32,157,344
32,163,176
32,164,17
32,165,256
32,166,324
32,172,123
32,181,3
32,183,398
32,190,288
32,192,111
33,2,68
33,3,117
33,4,57
33,5,181
33,6,266
33,7,10
33,8,81
33,9,376
33,10,97
33,11,96
33,12,370
33,14,243
33,20,56
33,23,166
33,25,104
33,27,396
33,29,54
33,30,334
33,35,41
33,36,95
33,38,214
33,40,332
33,41,84
33,44,301
33,45,49
33,46,221
33,50,116
33,52,395
33,53,306
33,55,174
33,57,20
33,59,40
33,61,226
33,65,381
33,66,60
33,67,346
33,71,155
33,78,287
33,79,163
33,82,17
33,83,238
33,85,186
33,94,164
33,99,325
33,111,78
33,114,261
33,116,9
33,117,152
33,118,123
33,119,320
33,121,101
33,122,399
33,124,168
33,125,269
33,127,210
33,134,107
33,135,158
33,137,51
33,144,365
33,159,324
33,161,322
33,162,175
33,164,355
33,165,105
33,167,353
33,168,178
33,169,315
33,185,92
33,188,182
33,189,358
33,193,313
33,197,395
34,1,210
34,2,138
34,4,367
34,7,351
34,8,171
34,9,359
34,10,98
34,12,100
34,13,387
34,15,56
34,17,15
34,18,123
34,20,362
34,22,18
34,23,92
34,24,134
34,26,92
34,28,164
34,29,66
34,30,399
34,32,274
34,35,232
34,36,295
34,37,302
34,38,96
34,41,286
34,42,295
34,43,381
34,44,388
34,45,132
34,47,55
34,49,339
34,50,242
34,51,153
34,54,284
34,55,14
34,56,337
34,63,95
34,64,115
34,65,270
34,68,312
34,69,80
34,70,139
34,72,203
34,74,265
34,76,284
34,77,315
34,79,274
34,81,182
34,84,339
34,85,167
34,88,120
34,91,288
34,92,178
34,93,354
34,95,343
34,98,44
34,99,123
34,100,147
34,102,353
34,107,255
34,111,54
34,113,339
34,121,39
34,131,64
34,133,230
34,137,85
34,143,203
34,149,307
34,154,300
34,163,392
34,172,165
34,173,26
34,178,313
34,186,225
34,200,257
35,2,304
35,3,372
35,4,108
35,5,220
35,7,68
35,8,185
35,11,382
35,12,50
35,14,379
35,17,8
35,19,6
35,21,138
35,22,218
35,24,312
35,25,332
35,26,31
35,27,35
35,29,153
35,31,192
35,32,187
35,33,41
35,34,232
35,37,215
35,39,364
35,40,221
35,43,341
35,45,175
35,46,353
35,48,138
35,51,295
35,54,266
35,56,183
35,57,215
35,58,343
35,62,87
35,63,377
35,67,359
35,69,305
35,70,109
35,71,205
35,72,274
35,73,388
35,74,143
35,75,318
35,77,30
35,81,269
35,87,314
35,90,346
35,92,346
35,97,166
35,98,238
35,100,339
35,101,202
35,102,396
35,105,149
35,109,216
35,115,218
35,116,64
35,124,369
35,127,244
35,130,98
35,131,149
35,132,10
35,136,360
35,140,200
35,141,228
35,143,56
35,146,220
35,151,284
35,155,134
35,157,260
35,159,37
35,160,68
35,163,333
35,165,221
35,168,190
35,176,297
35,177,110
35,180,18
35,183,43
35,186,81
35,189,353
35,190,358
35,200,176
36,1,91
36,4,11
36,5,272
36,7,276
36,8,323
36,9,35
36,10,115
36,11,127
36,12,151
36,14,380
36,16,308
36,17,182
36,19,164
36,23,204
36,24,230
36,26,194
36,27,89
36,28,188
36,29,219
36,31,64
36,33,95
36,34,295
36,37,363
36,39,271
36,42,295
36,43,161
36,44,373
36,45,54
36,46,330
36,47,282
36,48,241
36,49,240
36,52,219
36,53,153
36,56,352
36,58,212
36,59,287
36,60,129
36,63,106
36,67,128
36,69,114
36,70,299
36,71,287
36,73,375
36,76,127
36,77,28
36,78,257
36,79,275
36,81,123
36,86,388
36,87,257
36,90,273
36,91,389
36,94,353
36,95,338
36,96,47
36,97,68
36,98,121
36,99,135
36,100,198
36,102,15
36,103,317
36,105,41
36,106,152
36,107,28
36,109,239
36,110,49
36,113,308
36,115,301
36,117,282
36,119,20
36,121,258
36,122,392
36,123,344
36,136,292
36,142,366
36,150,1
36,151,64
36,153,77
36,155,163
36,163,68
36,164,70
36,165,186
36,167,12
36,173,268
36,177,26
36,182,83
36,183,332
36,186,328
36,191,254
36,192,378
36,199,230
37,1,336
37,2,257
37,3,43
37,4,274
37,7,17
37,8,196
37,9,263
37,10,310
37,11,324
37,12,240
37,15,65
37,19,237
37,20,43
37,21,122
37,23,290
37,25,241
37,26,100
37,29,347
37,30,351
37,31,146
37,32,174
37,34,302
37,35,215
37,36,363
37,38,36
37,41,74
37,42,30
37,43,53
37,44,243
37,45,338
37,46,327
37,49,93
37,50,380
37,53,318
37,57,94
37,58,177
37,62,304
37,64,179
37,67,3
37,71,397
37,75,143
37,77,97
37,79,346
37,81,353
37,82,76
37,83,203
37,84,265
37,85,116
37,87,76
37,88,182
37,90,36
37,91,151
37,95,226
37,97,337
37,99,247
37,105,22
37,106,259
37,111,199
37,112,74
37,113,15
37,114,313
37,115,330
37,117,79
37,120,146
37,124,108
37,131,397
37,132,278
37,134,236
37,139,102
37,141,2
37,143,152
37,144,310
37,154,329
37,159,383
37,174,286
37,175,378
37,179,144
37,187,379
37,188,339
37,190,284
37,200,142
38,1,112
38,2,236
38,3,281
38,4,89
38,5,274
38,6,366
38,9,330
38,10,99
38,16,118
38,17,362
38,18,220
38,20,186
38,21,226
38,22,320
38,24,197
38,25,247
38,26,394
38,28,400
38,31,309
38,32,22
38,33,214
38,34,96
38,37,36
38,39,187
38,40,335
38,41,36
38,42,149
38,43,317
38,44,232
38,45,215
38,46,60
38,47,185
38,51,295
38,52,221
38,53,191
38,55,16
38,57,336
38,59,361
38,60,37
38,64,250
38,66,236
38,67,4
38,68,311
38,72,154
38,74,60
38,75,300
38,76,363
38,79,361
38,81,133
38,83,278
38,86,164
38,88,203
38,93,206
38,95,105
38,101,195
38,103,377
38,104,18
38,110,144
38,114,286
38,121,187
38,122,89
38,125,204
38,127,372
38,128,17
38,131,241
38,135,24
38,136,60
38,137,144
38,139,223
38,140,392
38,145,151
38,150,293
38,151,137
38,156,170
38,159,45
38,162,364
38,164,249
38,166,61
38,170,391
38,171,59
38,174,164
38,175,368
38,178,183
38,179,258
38,180,328
38,195,221
38,196,166
38,199,233
39,2,1
39,3,171
39,5,146
39,7,389
39,10,183
39,11,217
39,13,322
39,14,48
39,15,158
39,16,55
39,17,119
39,18,4
39,20,215
39,21,388
39,22,350
39,23,308
39,24,288
39,25,24
39,26,123
39,30,96
39,31,24
39,35,364
39,36,271
39,38,187
39,40,252
39,41,203
39,42,213
39,45,77
39,46,44
39,48,210
39,49,361
39,51,25
39,52,138
39,54,215
39,56,39
39,58,251
39,59,326
39,60,320
39,64,187
39,67,373
39,71,84
39,80,68
39,81,218
39,82,288
39,83,147
39,84,102
39,85,342
39,87,31
39,88,329
39,89,274
39,92,384
39,93,162
39,97,45
39,102,244
39,109,397
39,110,211
39,112,252
39,119,275
39,121,111
39,123,159
39,127,141
39,130,62
39,131,382
39,139,273
39,140,169
39,146,369
39,147,316
39,148,198
39,151,232
39,156,395
39,158,51
39,160,81
39,165,238
39,166,126
39,172,324
39,173,20
39,177,104
39,178,207
39,192,276
39,196,226
40,1,234
40,3,245
40,4,115
40,6,395
40,7,82
40,8,394
40,9,227
40,14,27
40,16,234
40,17,109
40,18,11
40,19,118
40,20,160
40,21,261
40,25,86
40,28,320
40,29,260
40,30,235
40,32,99
40,33,332
40,35,221
40,38,335
40,39,252
40,41,125
40,44,19
40,48,139
40,52,238
40,53,137
40,54,368
40,57,312
40,60,342
40,61,67
40,63,392
40,64,215
40,66,311
40,67,231
40,68,3
40,73,349
40,74,4
40,76,398
40,77,289
40,79,141
40,81,96
40,82,384
40,83,139
40,85,382
40,86,83
40,89,364
40,92,274
40,93,202
40,96,173
40,98,152
40,99,58
40,100,90
40,101,157
40,102,273
40,104,6
40,107,40
40,108,12
40,116,167
40,117,185
40,125,73
40,126,23
40,129,54
40,136,81
40,137,251
40,141,209
40,142,344
40,144,102
40,151,353
40,154,344
40,157,288
40,159,179
40,160,318
40,161,48
40,163,44
40,165,131
40,166,248
40,169,65
40,170,50
40,172,196
40,192,270
41,1,378
41,2,169
41,3,310
41,5,175
41,6,6
41,8,43
41,10,360
41,13,51
41,15,35
41,17,156
41,18,33
41,20,130
41,25,334
41,26,60
41,27,306
41,28,40
41,29,197
41,30,301
41,33,84
41,34,286
41,37,74
41,38,36
41,39,203
41,40,125
41,42,274
41,43,272
41,44,191
41,46,11
41,47,250
41,48,364
41,49,9
41,50,254
41,52,34
41,54,139
41,57,44
41,58,52
41,59,316
41,60,238
41,62,274
41,67,327
41,68,15
41,74,11
41,75,46
41,77,168
41,78,195
41,86,340
41,90,164
41,96,74
41,97,373
41,108,98
41,114,314
41,117,232
41,120,144
41,121,350
41,122,251
41,126,376
41,127,13
41,129,9
41,130,213
41,137,278
41,143,341
41,148,210
41,153,278
41,157,192
41,159,393
41,160,39
41,162,144
41,163,336
41,168,146
41,173,269
41,178,232
41,181,158
41,182,167
41,183,125
41,186,75
41,187,153
41,192,27
41,193,82
41,194,393
42,1,169
42,2,232
42,3,295
42,5,90
42,6,290
42,7,154
42,8,363
42,9,11
42,13,395
42,14,71
42,15,139
42,16,169
42,17,30
42,18,396
42,19,168
42,22,316
42,23,253
42,24,305
42,26,129
42,28,153
42,30,4
42,31,300
42,34,295
42,36,295
42,37,30
42,38,149
42,39,213
42,41,274
42,43,107
42,45,314
42,46,89
42,48,75
42,50,395
42,51,237
42,52,33
42,53,6
42,54,330
42,55,10
42,58,171
42,59,101
42,60,338
42,61,304
42,62,244
42,63,25
42,66,302
42,67,12
42,69,275
42,70,116
42,71,42
42,73,110
42,75,317
42,78,201
42,80,171
42,83,151
42,85,338
42,87,219
42,88,114
42,93,310
42,95,47
42,97,135
42,100,358
42,102,167
42,103,371
42,106,72
42,111,127
42,118,250
42,120,70
42,123,90
42,125,200
42,130,157
42,131,68
42,136,127
42,141,265
42,145,262
42,147,231
42,149,229
42,150,325
42,151,362
42,156,235
42,166,237
42,173,234
42,178,292
42,181,132
42,184,91
42,185,324
42,190,158
42,191,73
42,194,267
43,1,213
43,3,66
43,4,231
43,5,208
43,6,79
43,7,346
43,8,318
43,10,129
43,14,240
43,16,287
43,18,304
43,21,289
43,22,343
43,23,297
43,24,42
43,27,197
43,28,150
43,29,375
43,30,75
43,32,11
43,34,381
43,35,341
43,36,161
43,37,53
43,38,317
43,41,272
43,42,107
43,44,98
43,45,308
43,46,73
43,48,373
43,51,282
43,52,340
43,55,333
43,56,57
43,58,297
43,59,358
43,61,108
43,63,46
43,65,58
43,66,260
43,68,349
43,71,42
43,75,216
43,76,348
43,78,234
43,83,105
43,86,148
43,91,103
43,95,282
43,97,118
43,98,80
43,100,225
43,101,2
43,102,220
43,103,217
43,106,137
43,107,97
43,111,305
43,118,265
43,119,92
43,120,259
43,124,239
43,127,91
43,131,144
43,132,151
43,136,196
43,138,261
43,139,224
43,142,151
43,152,368
43,153,225
43,155,369
43,157,230
43,158,198
43,162,185
43,167,9
43,169,340
43,170,381
43,171,49
43,175,358
43,194,75
43,195,57
44,3,159
44,6,202
44,8,287
44,9,77
44,12,231
44,13,156
44,14,296
44,16,349
44,17,286
44,18,34
44,19,226
44,22,47
44,23,164
44,25,144
44,26,352
44,27,96
44,29,132
44,30,44
44,32,140
44,33,301
44,34,388
44,36,373
44,37,243
44,38,232
44,40,19
44,41,191
44,43,98
44,45,226
44,47,384
44,48,160
44,50,66
44,52,105
44,55,235
44,56,317
44,58,168
44,59,63
44,60,379
44,61,52
44,62,197
44,63,238
44,65,46
44,66,5
44,68,129
44,70,326
44,71,157
44,72,42
44,73,51
44,74,169
44,79,88
44,82,266
44,85,134
44,87,180
44,89,385
44,90,10
44,91,32
44,97,250
44,98,130
44,100,252
44,101,185
44,104,188
44,105,282
44,108,375
44,109,16
44,114,262
44,119,28
44,122,342
44,123,65
44,125,243
44,126,142
44,130,81
44,134,313
44,135,284
44,136,219
44,139,78
44,146,191
44,150,113
44,161,396
44,178,132
44,182,38
44,183,133
44,184,40
44,185,148
44,186,94
44,187,118
44,188,324
44,192,166
44,194,380
44,197,324
44,198,90
45,3,191
45,5,87
45,6,179
45,7,362
45,8,269
45,9,76
45,11,317
45,12,102
45,15,136
45,16,265
45,17,61
45,18,6
45,19,47
45,20,151
45,22,302
45,23,227
45,24,356
45,26,273
45,27,126
45,32,292
45,33,49
45,34,132
45,35,175
45,36,54
45,37,338
45,38,215
45,39,77
45,42,314
45,43,308
45,44,226
45,49,224
45,51,210
45,52,43
45,53,313
45,55,86
45,58,59
45,61,197
45,62,104
45,65,148
45,66,209
45,67,218
45,68,216
45,70,224
45,71,107
45,73,240
45,74,202
45,75,215
45,80,201
45,81,208
45,84,238
45,87,191
45,90,26
45,96,341
45,101,281
45,103,146
45,104,289
45,105,324
45,107,153
45,108,31
45,109,143
45,110,83
45,111,91
45,116,365
45,119,330
45,122,334
45,124,298
45,125,269
45,130,317
45,132,242
45,135,72
45,140,23
45,145,106
45,147,185
45,154,23
45,155,295
45,158,244
45,164,42
45,165,373
45,168,184
45,172,187
45,175,335
45,176,361
45,177,98
45,181,94
45,182,144
45,190,332
45,193,147
45,197,23
45,200,106
46,2,126
46,3,178
46,4,293
46,5,93
46,7,356
46,9,310
46,11,86
46,13,2
46,14,238
46,16,340
46,17,275
46,18,32
46,19,234
46,20,252
46,23,215
46,24,133
46,26,118
46,28,302
46,29,235
46,30,304
46,31,262
46,33,221
46,35,353
46,36,330
46,37,327
46,38,60
46,39,44
46,41,11
46,42,89
46,43,73
46,49,358
46,51,137
46,52,26
46,53,293
46,54,306
46,56,183
46,57,7
46,58,290
46,60,42
46,62,393
46,65,139
46,66,339
46,67,254
46,68,113
46,71,329
46,73,166
46,77,60
46,81,123
46,82,192
46,85,228
46,86,295
46,87,238
46,89,277
46,90,151
46,92,15
46,93,140
46,98,211
46,103,257
46,106,161
46,108,199
46,109,124
46,114,245
46,117,390
46,129,342
46,131,276
46,133,162
46,134,249
46,139,330
46,141,337
46,149,114
46,150,44
46,156,367
46,159,308
46,161,104
46,167,176
46,168,228
46,173,305
46,178,162
46,180,335
46,190,248
46,193,205
47,1,254
47,3,176
47,5,213
47,6,209
47,10,272
47,12,206
47,13,81
47,14,9
47,15,71
47,16,66
47,17,273
47,19,257
47,20,341
47,21,314
47,22,7
47,24,318
47,25,384
47,26,169
47,27,376
47,28,7
47,29,183
47,30,342
47,31,160
47,34,55
47,36,282
47,38,185
47,41,250
47,44,384
47,48,86
47,54,232
47,56,205
47,57,77
47,60,382
47,61,151
47,62,112
47,64,361
47,65,130
47,66,321
47,67,218
47,69,374
47,70,385
47,71,10
47,72,101
47,73,393
47,77,293
47,80,307
47,81,342
47,82,228
47,88,338
47,89,190
47,90,251
47,94,217
47,97,359
47,98,1
47,99,286
47,106,143
47,108,216
47,110,161
47,112,256
47,113,151
47,115,92
47,116,294
47,125,129
47,126,123
47,129,266
47,131,301
47,137,101
47,138,102
47,139,184
47,141,56
47,148,116
47,149,205
47,155,177
47,159,135
47,164,142
47,167,229
47,169,108
47,180,342
47,184,399
47,185,13
47,187,257
47,188,365
47,191,199
47,193,224
47,194,392
47,199,340
48,1,80
48,2,62
48,3,135
48,5,36
48,6,45
48,7,181
48,8,27
48,9,384
48,10,368
48,11,267
48,12,360
48,14,329
48,15,92
48,16,134
48,19,280
48,21,74
48,24,12
48,25,74
48,26,262
48,28,72
48,31,309
48,32,238
48,35,138
48,36,241
48,39,210
48,40,139
48,41,364
48,42,75
48,43,373
48,44,160
48,47,86
48,50,354
48,54,295
48,55,36
48,56,14
48,57,388
48,59,244
48,60,359
48,61,63
48,66,240
48,69,6
48,74,240
48,75,345
48,77,46
48,79,252
48,82,7
48,83,329
48,86,333
48,88,189
48,89,240
48,91,294
48,93,18
48,94,65
48,95,356
48,96,329
48,97,251
48,108,340
48,112,62
48,114,188
48,115,281
48,121,63
48,127,100
48,128,269
48,131,368
48,132,374
48,133,306
48,134,164
48,136,396
48,137,264
48,139,76
48,144,176
48,147,180
48,150,318
48,153,83
48,158,212
48,159,246
48,160,79
48,161,246
48,167,231
48,170,234
48,177,112
48,178,112
48,180,252
48,181,178
48,183,373
48,189,62
48,190,317
49,3,80
49,5,315
49,6,363
49,9,381
49,10,200
49,11,229
49,12,226
49,13,53
49,14,38
49,15,232
49,16,386
49,17,222
49,18,218
49,20,144
49,25,216
49,26,231
49,27,13
49,29,264
49,30,293
49,31,152
49,32,381
49,34,339
49,36,240
49,37,93
49,39,361
49,41,9
49,45,224
49,46,358
49,50,131
49,51,209
49,52,388
49,53,301
49,55,122
49,59,24
49,60,209
49,62,359
49,63,75
49,64,44
49,65,299
49,69,252
49,72,170
49,74,400
49,75,300
49,76,350
49,77,85
49,78,370
49,79,320
49,81,48
49,82,49
49,84,117
49,86,326
49,89,114
