source,target,weight
1,2,170
1,3,198
1,4,314
1,7,201
1,8,291
1,9,4
1,10,345
1,11,305
1,12,330
1,13,244
1,17,37
1,18,39
1,21,290
1,23,292
1,24,395
1,26,351
1,27,347
1,35,229
1,41,62
1,44,80
1,46,16
1,48,272
1,49,28
1,51,219
1,57,318
1,60,94
1,63,397
1,67,204
1,94,27
1,102,41
1,104,78
1,105,141
1,109,26
1,111,62
1,115,326
1,130,312
1,134,136
1,144,200
1,181,212
1,187,283
2,1,170
2,3,128
2,4,260
2,5,322
2,6,313
2,7,317
2,8,141
2,10,10
2,11,91
2,12,102
2,13,288
2,14,112
2,15,376
2,16,6
2,19,229
2,20,60
2,21,213
2,22,91
2,25,351
2,26,157
2,27,24
2,28,142
2,30,297
2,38,233
2,39,119
2,41,349
2,43,313
2,50,130
2,72,203
2,80,234
2,105,165
2,110,67
2,135,232
2,155,112
3,1,198
3,2,128
3,5,130
3,6,382
3,8,40
3,10,200
3,13,116
3,14,128
3,16,229
3,19,379
3,24,250
3,27,73
3,30,230
3,31,296
3,33,261
3,37,279
3,38,213
3,43,374
3,54,294
3,65,48
3,74,185
3,78,264
3,96,275
3,98,326
3,122,157
3,124,224
3,129,22
3,134,71
3,138,49
3,139,180
3,141,40
3,167,268
3,169,78
3,174,338
3,183,138
3,192,221
4,1,314
4,2,260
4,5,219
4,6,19
4,7,131
4,8,33
4,9,51
4,10,103
4,11,122
4,12,330
4,13,141
4,14,265
4,15,336
4,16,116
4,17,252
4,25,140
4,29,366
4,34,268
4,38,241
4,43,39
4,49,378
4,62,175
4,64,71
4,90,132
4,93,21
4,95,369
4,103,79
4,108,312
4,119,165
4,125,207
4,132,324
4,133,292
4,137,257
4,152,11
5,2,322
5,3,130
5,4,219
5,6,88
5,7,18
5,9,89
5,11,142
5,12,130
5,13,144
5,15,31
5,17,71
5,18,382
5,19,24
5,20,126
5,21,193
5,23,118
5,24,277
5,33,151
5,37,40
5,44,73
5,45,35
5,46,1
5,51,270
5,70,81
5,74,90
5,75,140
5,83,334
5,85,254
5,96,232
5,101,131
5,102,239
5,124,378
5,131,113
5,134,275
5,142,67
5,152,354
5,178,147
5,184,6
6,2,313
6,3,382
6,4,19
6,5,88
6,7,170
6,12,374
6,13,275
6,14,220
6,15,145
6,16,304
6,17,221
6,19,321
6,22,236
6,24,311
6,25,85
6,26,330
6,28,139
6,30,332
6,33,73
6,35,373
6,37,168
6,38,209
6,42,292
6,51,83
6,73,332
6,78,227
6,80,254
6,83,281
6,85,365
6,96,46
6,103,111
6,115,14
6,118,279
6,119,295
6,130,106
6,144,283
6,151,131
6,191,102
7,1,201
7,2,317
7,4,131
7,5,18
7,6,170
7,8,51
7,10,51
7,14,113
7,15,124
7,16,152
7,17,89
7,19,2
7,20,92
7,21,280
7,28,235
7,29,13
7,32,208
7,46,56
7,47,330
7,53,331
7,60,149
7,64,239
7,65,388
7,67,266
7,68,153
7,70,121
7,73,172
7,82,339
7,101,155
7,106,381
7,111,352
7,113,384
7,123,165
7,127,268
7,128,395
7,134,163
7,146,321
7,172,76
7,173,329
7,180,40
7,196,53
7,197,317
7,200,191
8,1,291
8,2,141
8,3,40
8,4,33
8,7,51
8,9,139
8,10,116
8,11,103
8,12,176
8,13,310
8,14,362
8,15,214
8,17,190
8,20,13
8,23,124
8,27,209
8,33,331
8,36,376
8,42,203
8,50,303
8,53,312
8,55,135
8,56,216
8,61,296
8,65,165
8,78,184
8,79,379
8,88,83
8,107,323
8,116,179
8,134,367
8,146,59
8,161,326
8,185,280
8,195,350
9,1,4
9,4,51
9,5,89
9,8,139
9,10,355
9,11,78
9,12,86
9,13,273
9,15,347
9,16,121
9,17,84
9,18,5
9,19,346
9,23,374
9,27,378
9,28,239
9,31,62
9,32,202
9,34,185
9,45,253
9,48,73
9,57,247
9,59,393
9,62,247
9,66,197
9,77,340
9,81,175
9,87,100
9,88,299
9,93,244
9,98,44
9,99,298
9,101,316
9,113,110
9,124,15
9,151,291
9,159,65
9,169,194
9,171,300
9,184,46
9,192,51
10,1,345
10,2,10
10,3,200
10,4,103
10,7,51
10,8,116
10,9,355
10,11,343
10,12,175
10,15,96
10,18,10
10,19,29
10,29,226
10,32,268
10,39,369
10,40,319
10,42,139
10,43,29
10,44,156
10,48,250
10,51,97
10,63,250
10,64,224
10,65,279
10,68,178
10,69,347
10,70,141
10,75,204
10,76,47
10,90,366
10,95,322
10,96,195
10,100,317
10,105,124
10,112,76
10,113,41
10,125,314
10,135,126
10,166,173
10,168,90
11,1,305
11,2,91
11,4,122
11,5,142
11,8,103
11,9,78
11,10,343
11,12,43
11,15,333
11,16,275
11,17,227
11,18,394
11,20,386
11,23,95
11,25,247
11,26,337
11,30,281
11,31,38
11,32,15
11,34,212
11,35,201
11,36,38
11,41,172
11,46,245
11,47,252
11,51,103
11,52,128
11,62,222
11,66,390
11,73,58
11,84,224
11,95,73
11,102,230
11,104,64
11,117,55
11,126,171
11,129,357
11,153,54
11,166,321
11,186,222
12,1,330
12,2,102
12,4,330
12,5,130
12,6,374
12,8,176
12,9,86
12,10,175
12,11,43
12,13,130
12,14,305
12,16,377
12,18,8
12,21,92
12,22,363
12,24,229
12,25,286
12,26,147
12,29,340
12,32,266
12,37,121
12,38,313
12,42,193
12,45,112
12,46,71
12,48,395
12,49,141
12,52,276
12,53,100
12,57,104
12,62,246
12,63,235
12,69,367
12,77,36
12,79,52
12,84,13
12,88,6
12,89,256
12,100,143
12,125,144
12,139,307
12,140,320
12,153,345
12,192,156
12,197,221
13,1,244
13,2,288
13,3,116
13,4,141
13,5,144
13,6,275
13,8,310
13,9,273
13,12,130
13,16,165
13,18,189
13,20,78
13,25,264
13,43,125
13,50,65
13,69,71
13,71,22
13,72,205
13,75,53
13,78,400
13,84,207
13,99,213
13,118,159
13,119,368
13,121,50
13,122,262
13,128,216
13,150,12
13,154,351
13,200,155
14,2,112
14,3,128
14,4,265
14,6,220
14,7,113
14,8,362
14,12,305
14,15,134
14,18,242
14,20,75
14,21,380
14,25,262
14,26,301
14,27,13
14,28,365
14,29,62
14,30,187
14,31,371
14,32,7
14,40,289
14,41,358
14,44,120
14,47,268
14,53,43
14,55,298
14,62,219
14,72,263
14,74,276
14,75,88
14,82,112
14,92,335
14,95,308
14,98,324
14,112,171
14,148,101
14,165,164
14,188,75
14,198,227
14,200,287
15,2,376
15,4,336
15,5,31
15,6,145
15,7,124
15,8,214
15,9,347
15,10,96
15,11,333
15,14,134
15,16,323
15,17,326
15,20,290
15,21,158
15,24,24
15,34,142
15,38,8
15,39,154
15,44,35
15,46,339
15,47,94
15,52,225
15,54,340
15,56,293
15,63,400
15,72,340
15,78,79
15,79,231
15,80,63
15,83,41
15,88,285
15,96,169
15,107,272
15,118,54
15,129,153
15,131,324
15,132,359
15,139,64
15,171,44
16,2,6
16,3,229
16,4,116
16,6,304
16,7,152
16,9,121
16,11,275
16,12,377
16,13,165
16,15,323
16,19,291
16,20,87
16,22,179
16,23,153
16,26,106
16,27,221
16,28,86
16,30,200
16,33,360
16,35,190
16,39,367
16,40,244
16,41,120
16,45,171
16,47,206
16,50,399
16,51,14
16,56,218
16,58,8
16,62,316
16,76,83
16,78,280
16,81,383
16,82,374
16,89,236
16,93,2
16,97,27
16,103,322
16,106,387
16,116,154
16,122,353
16,128,206
16,129,260
16,141,158
16,143,199
16,172,174
16,178,389
17,1,37
17,4,252
17,5,71
17,6,221
17,7,89
17,8,190
17,9,84
17,11,227
17,15,326
17,18,74
17,21,1
17,23,198
17,24,151
17,27,287
17,28,148
17,29,267
17,30,138
17,37,92
17,39,47
17,40,338
17,42,258
17,48,293
17,52,346
17,53,208
17,59,253
17,63,260
17,65,298
17,81,23
17,90,114
17,93,341
17,97,248
17,105,367
17,116,289
17,122,147
17,132,47
17,186,227
18,1,39
18,5,382
18,9,5
18,10,10
18,11,394
18,12,8
18,13,189
18,14,242
18,17,74
18,19,66
18,20,168
18,21,247
18,22,36
18,23,273
18,24,379
18,27,120
18,31,248
18,35,350
18,37,372
18,38,329
18,40,330
18,46,314
18,50,336
18,57,63
18,58,367
18,59,276
18,64,139
18,65,23
18,73,3
18,74,109
18,81,171
18,89,304
18,91,253
18,117,372
18,119,356
18,122,399
18,123,314
18,127,70
18,135,205
18,142,296
18,165,322
18,182,344
18,189,199
18,199,47
19,2,229
19,3,379
19,5,24
19,6,321
19,7,2
19,9,346
19,10,29
19,16,291
19,18,66
19,28,268
19,29,213
19,36,333
19,37,344
19,38,283
19,41,162
19,46,130
19,48,107
19,57,376
19,58,47
19,61,63
19,65,214
19,66,204
19,67,161
19,72,60
19,76,340
19,82,188
19,84,8
19,88,128
19,94,175
19,95,269
19,100,334
19,104,310
19,116,313
19,159,270
19,193,131
19,196,252
20,2,60
20,5,126
20,7,92
20,8,13
20,11,386
20,13,78
20,14,75
20,15,290
20,16,87
20,18,168
20,22,217
20,23,141
20,24,328
20,30,344
20,33,65
20,36,30
20,45,169
20,54,70
20,63,148
20,66,231
20,73,330
20,75,229
20,82,244
20,90,102
20,95,296
20,99,349
20,100,243
20,104,55
20,122,179
20,123,115
20,129,282
20,142,187
20,191,12
20,193,6
20,198,396
20,200,336
21,1,290
21,2,213
21,5,193
21,7,280
21,12,92
21,14,380
21,15,158
21,17,1
21,18,247
21,22,102
21,23,293
21,24,171
21,25,237
21,26,335
21,28,228
21,31,387
21,32,70
21,34,246
21,35,400
21,36,359
21,37,257
21,41,145
21,47,36
21,58,221
21,60,1
21,61,14
21,62,89
21,74,365
21,86,182
21,91,376
21,104,110
21,135,246
21,150,61
21,160,109
21,181,258
21,189,147
21,190,185
22,2,91
22,6,236
22,12,363
22,16,179
22,18,36
22,20,217
22,21,102
22,26,146
22,28,319
22,29,112
22,32,48
22,35,135
22,38,178
22,39,298
22,40,349
22,41,12
22,42,63
22,44,88
22,50,91
22,54,151
22,55,368
22,57,17
22,58,378
22,64,349
22,68,343
22,73,349
22,83,267
22,96,317
22,103,105
22,106,46
22,110,179
22,119,242
22,120,168
22,129,272
22,130,382
22,133,157
23,1,292
23,5,118
23,8,124
23,9,374
23,11,95
23,16,153
23,17,198
23,18,273
23,20,141
23,21,293
23,24,296
23,25,180
23,29,113
23,31,298
23,35,31
23,36,12
23,37,219
23,39,116
23,42,342
23,43,343
23,46,316
23,47,97
23,56,302
23,57,383
23,60,316
23,67,2
23,85,283
23,87,326
23,95,200
23,99,122
23,100,336
23,110,59
23,144,328
23,148,251
23,167,212
23,170,17
23,176,391
23,193,261
24,1,395
24,3,250
24,5,277
24,6,311
24,12,229
24,15,24
24,17,151
24,18,379
24,20,328
24,21,171
24,23,296
24,30,203
24,31,79
24,33,230
24,34,88
24,41,252
24,42,176
24,52,180
24,53,6
24,54,2
24,55,255
24,57,341
24,65,78
24,69,203
24,81,190
24,89,25
24,96,36
24,112,223
24,127,224
24,130,234
24,148,56
24,161,87
24,170,287
24,178,323
25,2,351
25,4,140
25,6,85
25,11,247
25,12,286
25,13,264
25,14,262
25,21,237
25,23,180
25,27,15
25,29,158
25,31,262
25,34,384
25,40,88
25,44,304
25,45,97
25,54,232
25,69,180
25,77,277
25,91,293
25,95,290
25,100,353
25,106,368
25,107,13
25,109,178
25,123,139
25,128,336
25,133,162
25,152,311
25,160,97
25,195,86
26,1,351
26,2,157
26,6,330
26,11,337
26,12,147
26,14,301
26,16,106
26,21,335
26,22,146
26,27,24
26,28,328
26,32,256
26,35,195
26,36,303
26,40,365
26,41,100
26,46,375
26,48,130
26,50,163
26,57,245
26,63,35
26,74,11
26,77,46
26,79,279
26,92,373
26,94,11
26,103,368
26,153,236
26,154,42
26,158,136
26,162,120
26,169,352
26,182,199
26,187,355
26,196,168
27,1,347
27,2,24
27,3,73
27,8,209
27,9,378
27,14,13
27,16,221
27,17,287
27,18,120
27,25,15
27,26,24
27,29,268
27,31,107
27,33,305
27,34,361
27,37,101
27,40,371
27,45,223
27,54,342
27,55,38
27,60,119
27,61,130
27,64,72
27,67,176
27,68,325
27,72,73
27,77,50
27,79,178
27,98,293
27,110,41
27,116,188
27,121,144
27,142,323
27,162,149
27,177,38
27,183,375
27,184,76
28,2,142
28,6,139
28,7,235
28,9,239
28,14,365
28,16,86
28,17,148
28,19,268
28,21,228
28,22,319
28,26,328
28,30,323
28,34,64
28,38,117
28,40,23
28,44,73
28,48,180
28,58,86
28,59,209
28,69,397
28,70,34
28,72,63
28,73,352
28,75,110
28,77,179
28,82,364
28,93,339
28,95,17
28,101,58
28,105,329
28,115,242
28,120,342
28,133,40
28,135,135
28,136,15
28,157,305
28,173,153
28,177,307
28,197,388
29,4,366
29,7,13
29,10,226
29,12,340
29,14,62
29,17,267
29,19,213
29,22,112
29,23,113
29,25,158
29,27,268
29,32,18
29,36,399
29,48,219
29,49,161
29,51,140
29,52,74
29,54,347
29,56,225
29,59,99
29,60,121
29,64,210
29,74,283
29,80,383
29,88,202
29,89,258
29,96,377
29,102,237
29,107,57
29,115,365
29,133,120
29,149,234
29,160,276
29,179,279
30,2,297
30,3,230
30,6,332
30,11,281
30,14,187
30,16,200
30,17,138
30,20,344
30,24,203
30,28,323
30,32,236
30,42,309
30,43,282
30,45,47
30,49,42
30,52,211
30,55,373
30,62,116
30,63,4
30,77,50
30,90,94
30,94,166
30,102,208
30,107,205
30,111,360
30,116,124
30,120,16
30,122,28
30,125,14
30,136,329
30,157,189
30,163,71
30,165,69
30,170,309
30,176,282
30,189,16
30,199,168
31,3,296
31,9,62
31,11,38
31,14,371
31,18,248
31,21,387
31,23,298
31,24,79
31,25,262
31,27,107
31,33,111
31,34,99
31,35,327
31,38,165
31,39,253
31,40,170
31,42,366
31,47,97
31,48,40
31,53,325
31,58,140
31,66,273
31,87,281
31,101,161
31,113,287
31,118,7
31,124,362
31,125,353
31,131,269
31,139,250
31,140,52
32,7,208
32,9,202
32,10,268
32,11,15
32,12,266
32,14,7
32,21,70
32,22,48
32,26,256
32,29,18
32,30,236
32,39,204
32,43,261
32,44,90
32,46,330
32,47,244
32,48,22
32,54,296
32,60,215
32,75,29
32,79,317
32,88,344
32,93,391
32,144,223
32,145,187
32,163,12
32,165,99
33,3,261
33,5,151
33,6,73
33,8,331
33,16,360
33,20,65
33,24,230
33,27,305
33,31,111
33,35,170
33,36,276
33,40,150
33,42,268
33,43,296
33,45,190
33,47,223
33,49,19
33,53,182
33,56,319
33,57,325
33,59,361
33,61,122
33,77,311
33,87,307
33,90,213
33,118,355
33,133,66
33,153,322
33,158,270
33,187,345
34,4,268
34,9,185
34,11,212
34,15,142
34,21,246
34,24,88
34,25,384
34,27,361
34,28,64
34,31,99
34,37,52
34,39,195
34,40,176
34,42,106
34,44,360
34,46,271
34,49,3
34,51,260
34,54,347
34,58,363
34,59,37
34,63,132
34,72,300
34,91,213
34,92,377
34,98,252
34,100,120
34,112,62
34,121,99
34,152,229
34,160,172
34,177,50
34,196,173
35,1,229
35,6,373
35,11,201
35,16,190
35,18,350
35,21,400
35,22,135
35,23,31
35,26,195
35,31,327
35,33,170
35,36,47
35,47,71
35,48,128
35,50,107
35,51,31
35,53,25
35,68,200
35,71,339
35,73,134
35,80,358
35,82,115
35,86,128
35,90,300
35,92,108
35,100,201
35,102,130
35,109,313
35,110,363
35,117,194
35,125,66
35,141,141
35,157,71
35,167,186
35,177,161
35,181,317
36,8,376
36,11,38
36,19,333
36,20,30
36,21,359
36,23,12
36,26,303
36,29,399
36,33,276
36,35,47
36,41,336
36,42,351
36,44,222
36,49,115
36,50,206
36,53,336
36,88,372
36,91,126
36,122,344
36,123,86
36,125,298
36,137,37
36,140,159
36,167,242
36,186,355
37,3,279
37,5,40
37,6,168
37,12,121
37,17,92
37,18,372
37,19,344
37,21,257
37,23,219
37,27,101
37,34,52
37,38,224
37,53,275
37,55,360
37,62,215
37,71,72
37,83,58
37,84,163
37,86,227
37,92,33
37,127,96
37,131,378
37,137,117
37,153,85
37,155,355
37,160,260
37,195,237
38,2,233
38,3,213
38,4,241
38,6,209
38,12,313
38,15,8
38,18,329
38,19,283
38,22,178
38,28,117
38,31,165
38,37,224
38,39,241
38,43,187
38,44,163
38,45,107
38,49,134
38,51,81
38,52,392
38,56,363
38,61,287
38,69,297
38,80,370
38,91,39
38,96,287
38,97,76
38,98,227
38,120,106
38,124,27
38,134,386
38,156,320
38,158,374
38,172,309
38,181,326
39,2,119
39,10,369
39,15,154
39,16,367
39,17,47
39,22,298
39,23,116
39,31,253
39,32,204
39,34,195
39,38,241
39,45,72
39,51,80
39,54,275
39,59,38
39,69,203
39,72,122
39,75,19
39,80,5
39,81,147
39,93,23
39,94,231
39,106,260
39,107,245
39,112,212
39,122,145
39,135,7
39,136,40
39,141,288
39,150,261
39,192,205
40,10,319
40,14,289
40,16,244
40,17,338
40,18,330
40,22,349
40,25,88
40,26,365
40,27,371
40,28,23
40,31,170
40,33,150
40,34,176
40,44,219
40,47,353
40,61,63
40,62,231
40,64,51
40,76,79
40,87,82
40,91,242
40,112,94
40,126,148
40,145,162
40,149,303
40,189,48
41,1,62
41,2,349
41,11,172
41,14,358
41,16,120
41,19,162
41,21,145
41,22,12
41,24,252
41,26,100
41,36,336
41,52,190
41,54,174
41,56,341
41,61,59
41,75,375
41,76,61
41,77,141
41,83,169
41,84,18
41,85,381
41,87,140
41,97,146
41,104,328
41,109,91
41,134,152
41,135,287
41,144,392
41,160,36
41,162,377
41,173,219
41,180,174
42,6,292
42,8,203
42,10,139
42,12,193
42,17,258
42,22,63
42,23,342
42,24,176
42,30,309
42,31,366
42,33,268
42,34,106
42,36,351
42,49,246
42,50,233
42,53,94
42,59,210
42,67,16
42,69,320
42,82,32
42,109,108
42,123,369
42,131,7
42,138,23
42,142,344
42,161,107
42,175,129
42,187,175
42,193,368
43,2,313
43,3,374
43,4,39
43,10,29
43,13,125
43,23,343
43,30,282
43,32,261
43,33,296
43,38,187
43,45,267
43,50,326
43,52,244
43,57,371
43,64,318
43,77,390
43,86,77
43,95,361
43,98,136
43,101,70
43,110,258
43,129,156
43,132,193
43,133,284
43,154,107
43,155,354
43,164,134
43,165,186
43,168,124
44,1,80
44,5,73
44,10,156
44,14,120
44,15,35
44,22,88
44,25,304
44,28,73
44,32,90
44,34,360
44,36,222
44,38,163
44,40,219
44,51,149
44,52,350
44,63,255
44,67,119
44,69,26
44,71,16
44,72,302
44,75,78
44,85,230
44,89,83
44,107,9
44,108,354
44,117,194
44,120,211
44,155,266
44,156,166
44,174,251
44,194,113
45,5,35
45,9,253
45,12,112
45,16,171
45,20,169
45,25,97
45,27,223
45,30,47
45,33,190
45,38,107
45,39,72
45,43,267
45,58,315
45,60,126
45,61,367
45,76,182
45,98,59
45,106,128
45,110,103
45,113,156
45,128,241
45,145,104
45,152,311
45,156,164
45,182,192
45,185,382
46,1,16
46,5,1
46,7,56
46,11,245
46,12,71
46,15,339
46,18,314
46,19,130
46,23,316
46,26,375
46,32,330
46,34,271
46,47,155
46,54,79
46,60,90
46,61,2
46,65,270
46,66,316
46,69,22
46,70,27
46,73,191
46,77,357
46,94,188
46,118,245
46,123,72
46,126,6
46,128,242
46,131,200
46,135,226
46,151,285
46,164,218
46,169,279
46,186,163
46,188,394
46,191,102
46,197,51
46,198,51
47,7,330
47,11,252
47,14,268
47,15,94
47,16,206
47,21,36
47,23,97
47,31,97
47,32,244
47,33,223
47,35,71
47,40,353
47,46,155
47,48,279
47,56,379
47,57,81
47,58,160
47,59,364
47,68,224
47,72,225
47,86,144
47,91,129
47,92,125
47,94,385
47,121,145
47,122,65
47,127,278
47,134,107
47,139,395
47,148,350
47,153,194
47,162,38
47,168,198
47,179,255
47,184,386
47,195,388
48,1,272
48,9,73
48,10,250
48,12,395
48,17,293
48,19,107
48,26,130
48,28,180
48,29,219
48,31,40
48,32,22
48,35,128
48,47,279
48,50,40
48,59,61
48,60,2
48,63,118
48,65,268
48,66,7
48,74,207
48,85,390
48,96,395
48,99,266
48,147,146
48,158,22
48,160,134
48,163,368
48,170,54
48,179,325
48,193,372
48,200,97
49,1,28
49,4,378
49,12,141
49,29,161
49,30,42
49,33,19
49,34,3
49,36,115
49,38,134
49,42,246
49,53,143
49,58,393
49,65,394
49,71,101
49,73,400
49,80,66
49,87,302
49,92,313
49,114,34
49,119,46
49,126,251
49,141,199
49,145,299
49,153,294
49,162,276
49,177,202
50,2,130
50,8,303
50,13,65
50,16,399
50,18,336
50,22,91
50,26,163
50,35,107
50,36,206
50,42,233
50,43,326
50,48,40
50,55,294
50,64,91
50,66,73
50,70,25
50,71,282
50,86,378
50,97,381
50,99,119
50,108,366
50,112,348
50,113,126
50,120,207
50,121,200
50,122,33
50,180,328
50,191,6
51,1,219
51,5,270
51,6,83
51,10,97
51,11,103
51,16,14
51,29,140
51,34,260
51,35,31
51,38,81
51,39,80
51,44,149
51,52,149
51,55,89
51,56,287
51,60,400
51,68,105
51,71,247
51,74,193
51,77,93
51,87,347
51,108,263
51,112,192
51,128,291
51,132,399
51,139,104
51,167,124
51,174,337
51,188,379
51,189,54
51,191,280
51,195,239
51,199,116
51,200,95
52,11,128
52,12,276
52,15,225
52,17,346
52,24,180
52,29,74
52,30,211
52,38,392
52,41,190
52,43,244
52,44,350
52,51,149
52,56,163
52,63,393
52,68,198
52,76,16
52,83,389
52,86,132
52,102,8
52,117,101
52,126,369
52,129,42
52,132,8
52,139,183
52,145,338
52,156,239
52,161,167
52,162,175
52,180,226
53,7,331
53,8,312
53,12,100
53,14,43
53,17,208
53,24,6
53,31,325
53,33,182
53,35,25
53,36,336
53,37,275
53,42,94
53,49,143
53,63,283
53,67,226
53,95,380
53,100,146
53,101,117
53,125,26
53,127,127
53,136,33
53,150,371
53,156,319
53,165,281
53,175,89
53,180,229
53,190,399
53,194,242
54,3,294
54,15,340
54,20,70
54,22,151
54,24,2
54,25,232
54,27,342
54,29,347
54,32,296
54,34,347
54,39,275
54,41,174
54,46,79
54,61,234
54,62,45
54,66,302
54,68,172
54,70,382
54,74,358
54,80,385
54,83,397
54,84,20
54,89,268
54,93,265
54,95,4
54,103,369
54,112,81
54,113,202
54,117,316
54,121,247
54,126,148
54,137,319
54,140,22
54,160,383
54,162,119
54,164,180
54,173,184
54,185,326
54,186,135
55,8,135
55,14,298
55,22,368
55,24,255
55,27,38
55,30,373
55,37,360
55,50,294
55,51,89
55,56,1
55,65,342
55,68,202
55,73,294
55,76,395
55,105,94
55,111,80
55,121,338
55,128,377
55,130,338
55,142,400
55,146,284
55,151,40
55,156,206
55,158,191
55,159,208
55,163,87
55,166,232
55,174,29
55,180,144
55,182,325
55,183,161
55,186,358
56,8,216
56,15,293
56,16,218
56,23,302
56,29,225
56,33,319
56,38,363
56,41,341
56,47,379
56,51,287
56,52,163
56,55,1
56,57,242
56,60,398
56,64,119
56,66,323
56,68,344
56,75,310
56,90,11
56,94,140
56,95,2
56,134,369
56,138,188
56,140,367
56,142,21
56,145,293
56,149,341
56,199,282
57,1,318
57,9,247
57,12,104
57,18,63
57,19,376
57,22,17
57,23,383
57,24,341
57,26,245
57,33,325
57,43,371
57,47,81
57,56,242
57,59,335
57,71,295
57,73,268
57,81,25
57,85,281
57,102,397
57,106,173
57,115,100
57,116,98
57,118,242
57,134,64
57,147,285
57,157,78
57,169,325
57,172,171
57,173,339
58,16,8
58,18,367
58,19,47
58,21,221
58,22,378
58,28,86
58,31,140
58,34,363
58,45,315
58,47,160
58,49,393
58,67,137
58,70,264
58,71,173
58,75,251
58,84,398
58,86,368
58,99,325
58,104,128
58,112,296
58,119,131
58,136,170
58,139,132
58,146,302
58,149,353
58,161,192
58,185,75
59,9,393
59,17,253
59,18,276
59,28,209
59,29,99
59,33,361
59,34,37
59,39,38
59,42,210
59,47,364
59,48,61
59,57,335
59,78,311
59,84,387
59,85,385
59,97,4
59,98,201
59,133,102
59,137,60
59,138,99
60,1,94
60,7,149
60,21,1
60,23,316
60,27,119
60,29,121
60,32,215
60,45,126
60,46,90
60,48,2
60,51,400
60,56,398
60,61,367
60,62,190
60,65,55
60,68,84
60,71,123
60,76,376
60,79,319
60,86,283
60,92,226
60,103,306
60,114,276
60,143,66
60,162,366
60,163,84
60,168,148
60,181,107
60,190,352
61,8,296
61,19,63
61,21,14
61,27,130
61,33,122
61,38,287
61,40,63
61,41,59
61,45,367
61,46,2
61,54,234
61,60,367
61,67,49
61,84,133
61,89,37
61,104,271
61,105,38
61,106,221
61,109,329
61,115,151
61,130,108
61,133,387
61,151,52
61,160,315
61,165,309
61,166,103
61,172,97
62,4,175
62,9,247
62,11,222
62,12,246
62,14,219
62,16,316
62,21,89
62,30,116
62,37,215
62,40,231
62,54,45
62,60,190
62,67,68
62,79,252
62,82,185
62,84,207
62,87,86
62,92,139
62,124,350
62,136,327
62,145,98
62,165,373
63,1,397
63,10,250
63,12,235
63,15,400
63,17,260
63,20,148
63,26,35
63,30,4
63,34,132
63,44,255
63,48,118
63,52,393
63,53,283
63,66,146
63,69,124
63,87,333
63,89,50
63,90,131
63,96,273
63,97,114
63,109,8
63,123,265
63,139,149
63,149,370
63,165,154
64,4,71
64,7,239
64,10,224
64,18,139
64,22,349
64,27,72
64,29,210
64,40,51
64,43,318
64,50,91
64,56,119
64,66,176
64,71,373
64,96,73
64,102,106
64,107,371
64,113,210
64,130,201
64,144,111
64,148,43
64,175,63
64,181,152
64,185,127
64,199,245
65,3,48
65,7,388
65,8,165
65,10,279
65,17,298
65,18,23
65,19,214
65,24,78
65,46,270
65,48,268
65,49,394
65,55,342
65,60,55
65,67,197
65,76,47
65,80,155
65,86,165
65,89,397
65,91,332
65,100,87
65,109,7
65,113,302
65,188,32
65,198,174
66,9,197
66,11,390
66,19,204
66,20,231
66,31,273
66,46,316
66,48,7
66,50,73
66,54,302
66,56,323
66,63,146
66,64,176
66,70,17
66,81,99
66,97,208
66,113,229
66,117,391
66,127,382
66,142,215
66,149,203
66,168,3
66,173,96
67,1,204
67,7,266
67,19,161
67,23,2
67,27,176
67,42,16
67,44,119
67,53,226
67,58,137
67,61,49
67,62,68
67,65,197
67,71,372
67,74,57
67,83,134
67,84,371
67,100,192
67,114,45
67,126,92
67,146,226
67,169,49
67,180,151
67,185,358
67,196,79
68,7,153
68,10,178
68,22,343
68,27,325
68,35,200
68,47,224
68,51,105
68,52,198
68,54,172
68,55,202
68,56,344
68,60,84
68,71,278
68,88,47
68,94,143
68,99,119
68,104,267
68,110,137
68,111,81
68,117,277
68,135,167
68,137,243
68,138,141
68,143,312
68,151,301
68,152,326
68,158,13
68,163,341
68,164,161
68,167,264
68,179,174
68,194,15
68,195,260
69,10,347
69,12,367
69,13,71
69,24,203
69,25,180
69,28,397
69,38,297
69,39,203
69,42,320
69,44,26
69,46,22
69,63,124
69,70,43
69,72,164
69,78,73
69,81,135
69,82,209
69,83,247
69,86,362
69,102,192
69,114,366
69,117,389
69,138,107
69,141,377
69,182,290
70,5,81
70,7,121
70,10,141
70,28,34
70,46,27
70,50,25
70,54,382
70,58,264
70,66,17
70,69,43
70,74,100
70,78,29
70,83,93
70,85,127
70,90,393
70,92,238
70,93,7
70,102,348
70,113,65
70,130,54
70,137,208
70,147,400
70,154,342
70,156,204
70,168,249
70,177,117
70,181,37
71,13,22
71,35,339
71,37,72
71,44,16
71,49,101
71,50,282
71,51,247
71,57,295
71,58,173
71,60,123
71,64,373
71,67,372
71,68,278
71,75,241
71,79,183
71,81,373
71,90,336
71,92,109
71,94,6
71,103,360
71,123,276
71,126,97
71,127,45
71,140,49
71,141,165
71,154,280
71,157,22
71,167,319
71,170,262
71,190,334
72,2,203
72,13,205
72,14,263
72,15,340
72,19,60
72,27,73
72,28,63
72,34,300
72,39,122
72,44,302
72,47,225
72,69,164
72,74,174
72,78,299
72,120,346
72,136,188
72,137,284
72,142,65
72,157,214
72,161,382
72,170,180
72,173,156
72,191,397
73,6,332
73,7,172
73,11,58
73,18,3
73,20,330
73,22,349
73,28,352
73,35,134
73,46,191
73,49,400
73,55,294
73,57,268
73,76,278
73,79,15
73,85,190
73,89,43
73,103,308
73,110,397
73,113,199
73,114,282
73,130,354
73,131,18
73,148,223
73,150,149
73,169,70
73,180,146
73,197,379
74,3,185
74,5,90
74,14,276
74,18,109
74,21,365
74,26,11
74,29,283
74,48,207
74,51,193
74,54,358
74,67,57
74,70,100
74,72,174
74,82,92
74,88,302
74,94,68
74,107,303
74,121,86
74,123,304
74,137,311
74,147,366
74,159,73
74,178,295
74,180,25
75,5,140
75,10,204
75,13,53
75,14,88
75,20,229
75,28,110
75,32,29
75,39,19
75,41,375
75,44,78
75,56,310
75,58,251
75,71,241
75,83,81
75,97,132
75,107,87
75,117,1
75,124,61
75,141,84
75,148,230
75,151,312
75,157,339
75,168,370
75,176,357
75,189,208
76,10,47
76,16,83
76,19,340
76,40,79
76,41,61
76,45,182
76,52,16
76,55,395
76,60,376
76,65,47
76,73,278
76,77,71
76,78,317
76,79,14
76,80,40
76,101,71
76,106,256
76,108,262
76,111,354
76,120,105
76,125,62
76,138,268
76,170,42
76,180,357
76,190,389
76,191,327
76,198,253
77,9,340
77,12,36
77,25,277
77,26,46
77,27,50
77,28,179
77,30,50
77,33,311
77,41,141
77,43,390
77,46,357
77,51,93
77,76,71
77,80,216
77,81,332
77,85,1
77,91,89
77,107,263
77,150,51
77,152,273
77,157,294
77,178,156
77,183,86
78,3,264
78,6,227
78,8,184
78,13,400
78,15,79
78,16,280
78,59,311
78,69,73
78,70,29
78,72,299
78,76,317
78,88,377
78,89,233
78,111,34
78,117,224
78,123,184
78,151,201
78,160,220
78,164,289
78,165,192
78,193,234
79,8,379
79,12,52
79,15,231
79,26,279
79,27,178
79,32,317
79,60,319
79,62,252
79,71,183
79,73,15
79,76,14
79,91,31
79,97,148
79,98,194
79,120,227
79,122,140
79,125,245
79,134,89
79,155,100
79,159,92
79,161,182
79,175,302
79,188,269
79,189,128
80,2,234
80,6,254
80,15,63
80,29,383
80,35,358
80,38,370
80,39,5
80,49,66
80,54,385
80,65,155
80,76,40
80,77,216
80,85,145
80,86,98
80,93,14
80,121,7
80,153,303
80,157,46
80,163,205
80,168,186
81,9,175
81,16,383
81,17,23
81,18,171
81,24,190
81,39,147
81,57,25
81,66,99
81,69,135
81,71,373
81,77,332
81,93,351
81,94,306
81,99,367
81,100,123
81,116,210
81,117,131
81,136,355
81,143,62
81,152,119
81,172,277
82,7,339
82,14,112
82,16,374
82,19,188
82,20,244
82,28,364
82,35,115
82,42,32
82,62,185
82,69,209
82,74,92
82,83,141
82,97,366
82,98,153
82,118,245
82,144,253
82,145,209
82,150,50
82,178,337
82,184,53
82,186,186
83,5,334
83,6,281
83,15,41
83,22,267
83,37,58
83,41,169
83,52,389
83,54,397
83,67,134
83,69,247
83,70,93
83,75,81
83,82,141
83,85,217
83,86,113
83,87,207
83,92,247
83,102,158
83,105,81
83,106,346
83,133,158
83,138,63
83,153,211
83,154,294
83,161,147
83,172,216
83,184,289
83,189,379
84,11,224
84,12,13
84,13,207
84,19,8
84,37,163
84,41,18
84,54,20
84,58,398
84,59,387
84,61,133
84,62,207
84,67,371
84,87,119
84,89,158
84,91,86
84,92,134
84,103,52
84,111,333
84,116,330
84,127,150
84,132,229
84,144,290
84,187,349
84,191,26
85,5,254
85,6,365
85,23,283
85,41,381
85,44,230
85,48,390
85,57,281
85,59,385
85,70,127
85,73,190
85,77,1
85,80,145
85,83,217
85,94,98
85,99,224
85,108,46
85,120,380
85,140,20
85,144,12
85,152,33
86,21,182
86,35,128
86,37,227
86,43,77
86,47,144
86,50,378
86,52,132
86,58,368
86,60,283
86,65,165
86,69,362
86,80,98
86,83,113
86,90,67
86,108,26
86,124,148
86,127,88
86,128,97
86,147,34
86,149,165
86,168,141
86,192,43
86,194,126
86,198,163
87,9,100
87,23,326
87,31,281
87,33,307
87,40,82
87,41,140
87,49,302
87,51,347
87,62,86
87,63,333
87,83,207
87,84,119
87,93,119
87,100,78
87,114,334
87,115,233
87,116,163
87,127,237
87,129,244
87,141,359
87,152,357
87,167,21
87,169,307
87,187,102
88,8,83
88,9,299
88,12,6
88,15,285
88,19,128
88,29,202
88,32,344
88,36,372
88,68,47
88,74,302
88,78,377
88,104,242
88,110,316
88,126,341
88,139,185
88,146,6
88,151,3
88,154,360
88,155,39
88,164,317
88,176,45
88,178,69
88,179,266
88,192,38
88,199,280
89,12,256
89,16,236
89,18,304
89,24,25
89,29,258
89,44,83
89,54,268
89,61,37
89,63,50
89,65,397
89,73,43
89,78,233
89,84,158
89,91,313
89,96,308
89,99,164
89,103,196
89,111,167
89,130,391
89,135,191
89,174,85
90,4,132
90,10,366
90,17,114
90,20,102
90,30,94
90,33,213
90,35,300
90,56,11
90,63,131
90,70,393
90,71,336
90,86,67
90,97,295
90,112,351
90,119,275
90,131,286
90,134,122
90,136,160
90,148,122
90,168,98
90,183,352
91,18,253
91,21,376
91,25,293
91,34,213
91,36,126
91,38,39
91,40,242
91,47,129
91,65,332
91,77,89
91,79,31
91,84,86
91,89,313
91,104,253
91,105,161
91,114,374
91,115,270
91,119,287
91,131,139
91,141,343
91,156,373
91,161,374
91,172,364
91,191,221
92,14,335
92,26,373
92,34,377
92,35,108
92,37,33
92,47,125
92,49,313
92,60,226
92,62,139
92,70,238
92,71,109
92,83,247
92,84,134
92,105,261
92,108,9
92,109,60
92,139,79
92,163,165
92,179,85
92,192,91
92,196,359
93,4,21
93,9,244
93,16,2
93,17,341
93,28,339
93,32,391
93,39,23
93,54,265
93,70,7
93,80,14
93,81,351
93,87,119
93,103,218
93,109,72
93,115,58
93,164,26
93,182,375
93,184,284
93,191,371
94,1,27
94,19,175
94,26,11
94,30,166
94,39,231
94,46,188
94,47,385
94,56,140
94,68,143
94,71,6
94,74,68
94,81,306
94,85,98
94,99,250
94,102,241
94,130,111
94,132,74
94,151,314
94,162,225
94,194,129
94,198,383
95,4,369
95,10,322
95,11,73
95,14,308
95,19,269
95,20,296
95,23,200
95,25,290
95,28,17
95,43,361
95,53,380
95,54,4
95,56,2
95,106,246
95,112,234
95,119,161
95,126,320
95,137,104
95,146,165
95,149,385
95,161,200
95,163,353
95,181,69
95,190,262
96,3,275
96,5,232
96,6,46
96,10,195
96,15,169
96,22,317
96,24,36
96,29,377
96,38,287
96,48,395
96,63,273
96,64,73
96,89,308
96,107,93
96,111,171
96,126,262
96,197,378
97,16,27
97,17,248
97,38,76
97,41,146
97,50,381
97,59,4
97,63,114
97,66,208
97,75,132
97,79,148
97,82,366
97,90,295
97,111,299
97,125,384
97,137,78
97,143,329
97,145,365
97,146,181
97,153,95
97,174,113
97,177,221
97,183,183
97,197,209
98,3,326
98,9,44
98,14,324
98,27,293
98,34,252
98,38,227
98,43,136
98,45,59
98,59,201
98,79,194
98,82,153
98,101,86
98,129,56
98,134,283
98,142,303
98,164,33
99,9,298
99,13,213
99,20,349
99,23,122
99,48,266
99,50,119
99,58,325
99,68,119
99,81,367
99,85,224
99,89,164
99,94,250
99,101,161
99,108,99
99,115,359
99,135,207
99,146,377
99,151,365
99,157,169
99,161,53
100,10,317
100,12,143
100,19,334
100,20,243
100,23,336
100,25,353
100,34,120
100,35,201
100,53,146
100,65,87
100,67,192
100,81,123
100,87,78
100,108,258
100,114,7
100,141,337
100,152,251
100,167,256
100,184,251
100,186,282
100,188,341
100,189,124
100,191,6
100,193,26
100,194,166
101,5,131
101,7,155
101,9,316
101,28,58
101,31,161
101,43,70
101,53,117
101,76,71
101,98,86
101,99,161
101,108,394
101,116,175
101,121,125
101,123,354
101,128,12
101,154,63
101,159,70
101,174,243
101,197,10
102,1,41
102,5,239
102,11,230
102,29,237
102,30,208
102,35,130
102,52,8
102,57,397
102,64,106
102,69,192
102,70,348
102,83,158
102,94,241
102,108,277
102,109,261
102,143,42
102,150,371
102,156,124
102,171,344
102,176,65
102,178,181
102,180,391
102,199,332
103,4,79
103,6,111
103,16,322
103,22,105
103,26,368
103,54,369
103,60,306
103,71,360
103,73,308
103,84,52
103,89,196
103,93,218
103,104,212
103,105,273
103,106,395
103,109,371
103,114,249
103,133,330
103,136,316
103,147,244
103,158,290
103,178,301
103,190,54
104,1,78
104,11,64
104,19,310
104,20,55
104,21,110
104,41,328
104,58,128
104,61,271
104,68,267
104,88,242
104,91,253
104,103,212
104,120,349
104,124,16
104,131,66
104,136,316
104,143,40
104,150,333
104,154,92
104,155,231
104,174,202
104,196,353
105,1,141
105,2,165
105,10,124
105,17,367
105,28,329
105,55,94
105,61,38
105,83,81
105,91,161
105,92,261
105,103,273
105,106,281
105,114,52
105,130,45
105,133,355
105,137,159
105,189,39
105,198,201
106,7,381
106,16,387
106,22,46
106,25,368
106,39,260
106,45,128
106,57,173
106,61,221
106,76,256
106,83,346
106,95,246
106,103,395
106,105,281
106,115,201
106,117,330
106,118,90
106,125,148
106,127,292
106,128,273
106,147,237
106,170,156
106,176,361
107,8,323
107,15,272
107,25,13
107,29,57
107,30,205
107,39,245
107,44,9
107,64,371
107,74,303
107,75,87
107,77,263
107,96,93
107,110,2
107,120,34
107,121,269
107,125,182
107,132,154
107,142,298
107,155,373
107,179,341
107,181,186
107,183,56
107,184,377
108,4,312
108,44,354
108,50,366
108,51,263
108,76,262
108,85,46
108,86,26
108,92,9
108,99,99
108,100,258
108,101,394
108,102,277
108,110,262
108,112,101
108,114,126
108,118,315
108,119,376
108,132,254
108,138,178
108,166,40
108,171,146
108,184,165
108,197,198
109,1,26
109,25,178
109,35,313
109,41,91
109,42,108
109,61,329
109,63,8
109,65,7
109,92,60
109,93,72
109,102,261
109,103,371
109,110,107
109,121,35
109,132,106
109,142,172
109,181,240
109,192,189
109,195,395
110,2,67
110,22,179
110,23,59
110,27,41
110,35,363
110,43,258
110,45,103
110,68,137
110,73,397
110,88,316
110,107,2
110,108,262
110,109,107
110,111,225
110,155,77
110,163,32
110,170,399
110,171,133
111,1,62
111,7,352
111,30,360
111,55,80
111,68,81
111,76,354
111,78,34
111,84,333
111,89,167
111,96,171
111,97,299
111,110,225
111,137,314
111,150,11
111,160,192
111,173,108
112,10,76
112,14,171
112,24,223
112,34,62
112,39,212
112,40,94
112,50,348
112,51,192
112,54,81
112,58,296
112,90,351
112,95,234
112,108,101
112,114,274
112,126,172
112,132,250
112,159,10
112,162,115
113,7,384
113,9,110
113,10,41
113,31,287
113,45,156
113,50,126
113,54,202
113,64,210
113,65,302
113,66,229
113,70,65
113,73,199
113,116,346
113,128,400
113,139,397
113,143,232
113,145,104
113,158,391
113,160,151
113,175,115
114,49,34
114,60,276
114,67,45
114,69,366
114,73,282
114,87,334
114,91,374
114,100,7
114,103,249
114,105,52
114,108,126
114,112,274
114,118,189
114,119,63
114,138,343
114,156,71
114,171,176
114,184,102
114,196,120
115,1,326
115,6,14
115,28,242
115,29,365
115,57,100
115,61,151
115,87,233
115,91,270
115,93,58
115,99,359
115,106,201
115,119,154
115,120,19
115,129,258
115,131,261
115,140,204
115,148,38
115,164,385
115,165,160
115,168,61
115,170,150
115,171,23
115,184,137
116,8,179
116,16,154
116,17,289
116,19,313
116,27,188
116,30,124
116,57,98
116,81,210
116,84,330
116,87,163
116,101,175
116,113,346
116,124,332
116,139,48
116,140,93
116,163,289
116,173,83
117,11,55
117,18,372
117,35,194
117,44,194
117,52,101
117,54,316
117,66,391
117,68,277
117,69,389
117,75,1
117,78,224
117,81,131
117,106,330
117,155,140
117,169,105
118,6,279
118,13,159
118,15,54
118,31,7
118,33,355
118,46,245
118,57,242
118,82,245
118,106,90
118,108,315
118,114,189
118,135,131
118,149,268
118,158,335
118,171,247
118,178,395
119,4,165
119,6,295
119,13,368
119,18,356
119,22,242
119,49,46
119,58,131
119,90,275
119,91,287
119,95,161
119,108,376
119,114,63
119,115,154
119,138,89
119,146,8
119,155,214
119,159,157
119,166,143
120,22,168
120,28,342
120,30,16
120,38,106
120,44,211
120,50,207
120,72,346
120,76,105
120,79,227
120,85,380
120,104,349
120,107,34
120,115,19
120,124,156
120,144,166
120,153,336
120,168,29
120,169,135
120,170,137
120,192,48
121,13,50
121,27,144
121,34,99
121,47,145
121,50,200
121,54,247
121,55,338
121,74,86
121,80,7
121,101,125
121,107,269
121,109,35
121,136,65
121,143,62
121,156,7
121,174,159
121,187,261
121,200,75
122,3,157
122,13,262
122,16,353
122,17,147
122,18,399
122,20,179
122,30,28
122,36,344
122,39,145
122,47,65
122,50,33
122,79,140
122,133,150
122,147,184
122,159,232
122,170,336
122,176,287
122,183,187
122,195,308
123,7,165
123,18,314
123,20,115
123,25,139
123,36,86
123,42,369
123,46,72
123,63,265
123,71,276
123,74,304
123,78,184
123,101,354
123,124,157
123,126,276
123,151,208
123,171,278
123,177,205
123,193,301
124,3,224
124,5,378
124,9,15
124,31,362
124,38,27
124,62,350
124,75,61
124,86,148
124,104,16
124,116,332
124,120,156
124,123,157
124,128,293
124,138,215
124,140,211
124,160,71
124,166,4
124,187,265
124,199,137
125,4,207
125,10,314
125,12,144
125,30,14
125,31,353
125,35,66
125,36,298
125,53,26
125,76,62
125,79,245
125,97,384
125,106,148
125,107,182
125,127,136
125,136,265
125,142,258
126,11,171
126,40,148
126,46,6
126,49,251
126,52,369
126,54,148
126,67,92
126,71,97
126,88,341
126,95,320
126,96,262
126,112,172
126,123,276
126,131,227
126,143,3
126,144,359
126,172,165
126,177,43
126,196,109
126,198,85
127,7,268
127,18,70
127,24,224
127,37,96
127,47,278
127,53,127
127,66,382
127,71,45
127,84,150
127,86,88
127,87,237
127,106,292
127,125,136
127,178,299
128,7,395
128,13,216
128,16,206
128,25,336
128,45,241
128,46,242
128,51,291
128,55,377
128,86,97
128,101,12
128,106,273
128,113,400
128,124,293
128,129,40
128,132,304
128,138,311
128,140,143
128,159,339
128,171,10
128,172,198
128,186,85
128,192,321
129,3,22
129,11,357
129,15,153
129,16,260
129,20,282
129,22,272
129,43,156
129,52,42
129,87,244
129,98,56
129,115,258
129,128,40
129,145,311
129,150,361
129,174,227
129,179,267
129,186,87
129,187,275
129,193,132
129,194,320
129,200,165
130,1,312
130,6,106
130,22,382
130,24,234
130,55,338
130,61,108
130,64,201
130,70,54
130,73,354
130,89,391
130,94,111
130,105,45
130,143,207
130,148,329
130,155,3
130,157,185
130,166,290
130,190,184
131,5,113
131,15,324
131,31,269
131,37,378
131,42,7
131,46,200
131,73,18
131,90,286
131,91,139
131,104,66
131,115,261
131,126,227
131,135,394
131,149,153
131,161,337
131,175,316
131,182,364
132,4,324
132,15,359
132,17,47
132,43,193
132,51,399
132,52,8
132,84,229
132,94,74
132,107,154
132,108,254
132,109,106
132,112,250
132,128,304
132,145,124
132,147,252
132,154,203
132,173,273
133,4,292
133,22,157
133,25,162
133,28,40
133,29,120
133,33,66
133,43,284
133,59,102
133,61,387
133,83,158
133,103,330
133,105,355
133,122,150
133,146,42
133,148,105
133,150,152
133,152,162
133,170,34
133,195,74
134,1,136
134,3,71
134,5,275
134,7,163
134,8,367
134,38,386
134,41,152
134,47,107
134,56,369
134,57,64
134,79,89
134,90,122
134,98,283
134,149,283
134,159,43
134,187,56
134,193,64
135,2,232
135,10,126
135,18,205
135,21,246
135,28,135
135,39,7
135,41,287
135,46,226
135,68,167
135,89,191
135,99,207
135,118,131
135,131,394
135,157,218
135,158,141
135,169,250
135,181,162
135,183,112
136,28,15
136,30,329
136,39,40
136,53,33
136,58,170
136,62,327
136,72,188
136,81,355
136,90,160
136,103,316
136,104,316
136,121,65
136,125,265
136,143,339
136,154,7
136,186,362
137,4,257
137,36,37
137,37,117
137,54,319
137,59,60
137,68,243
137,70,208
137,72,284
137,74,311
137,95,104
137,97,78
137,105,159
137,111,314
137,147,101
137,158,301
138,3,49
138,42,23
138,56,188
138,59,99
138,68,141
138,69,107
138,76,268
138,83,63
138,108,178
138,114,343
138,119,89
138,124,215
138,128,311
138,148,72
138,153,174
138,175,101
138,182,277
138,187,106
138,188,73
139,3,180
139,12,307
139,15,64
139,31,250
139,47,395
139,51,104
139,52,183
139,58,132
139,63,149
139,88,185
139,92,79
139,113,397
139,116,48
139,145,219
139,166,217
139,179,258
139,197,196
140,12,320
140,31,52
140,36,159
140,54,22
140,56,367
140,71,49
140,85,20
140,115,204
140,116,93
140,124,211
140,128,143
140,141,14
140,144,399
140,156,319
140,166,48
140,172,245
140,173,168
140,189,236
141,3,40
141,16,158
141,35,141
141,39,288
141,49,199
141,69,377
141,71,165
141,75,84
141,87,359
141,91,343
141,100,337
141,140,14
141,153,205
141,162,258
141,163,211
141,167,187
141,172,250
141,199,124
142,5,67
142,18,296
142,20,187
142,27,323
142,42,344
142,55,400
142,56,21
142,66,215
142,72,65
142,98,303
142,107,298
142,109,172
142,125,258
142,190,344
143,16,199
143,60,66
143,68,312
143,81,62
143,97,329
143,102,42
143,104,40
143,113,232
143,121,62
143,126,3
143,130,207
143,136,339
143,166,330
144,1,200
144,6,283
144,23,328
144,32,223
144,41,392
144,64,111
144,82,253
144,84,290
144,85,12
144,120,166
144,126,359
144,140,399
144,147,86
144,161,91
144,175,358
144,185,200
144,194,231
144,197,28
145,32,187
145,40,162
145,45,104
145,49,299
145,52,338
145,56,293
145,62,98
145,82,209
145,97,365
145,113,104
145,129,311
145,132,124
145,139,219
146,7,321
146,8,59
146,55,284
146,58,302
146,67,226
146,88,6
146,95,165
146,97,181
146,99,377
146,119,8
146,133,42
146,166,211
146,167,378
146,176,325
146,177,305
146,194,395
147,48,146
147,57,285
147,70,400
147,74,366
147,86,34
147,103,244
147,106,237
147,122,184
147,132,252
147,137,101
147,144,86
147,148,9
147,149,54
147,155,52
147,176,14
147,180,136
147,196,168
148,14,101
148,23,251
148,24,56
148,47,350
148,64,43
148,73,223
148,75,230
148,90,122
148,115,38
148,130,329
148,133,105
148,138,72
148,147,9
148,151,98
148,175,169
148,176,61
148,178,48
148,190,213
149,29,234
149,40,303
149,56,341
149,58,353
149,63,370
149,66,203
149,86,165
149,95,385
149,118,268
149,131,153
149,134,283
149,147,54
149,163,279
149,173,63
149,193,124
150,13,12
150,21,61
150,39,261
150,53,371
150,73,149
150,77,51
150,82,50
150,102,371
150,104,333
150,111,11
150,129,361
150,133,152
150,152,189
150,195,251
150,197,332
150,199,74
151,6,131
151,9,291
151,46,285
151,55,40
151,61,52
151,68,301
151,75,312
151,78,201
151,88,3
151,94,314
151,99,365
151,123,208
151,148,98
151,180,145
151,182,343
151,188,190
151,195,289
151,198,399
152,4,11
152,5,354
152,25,311
152,34,229
152,45,311
152,68,326
152,77,273
152,81,119
152,85,33
152,87,357
152,100,251
152,133,162
152,150,189
152,154,275
152,167,152
152,174,124
153,11,54
153,12,345
153,26,236
153,33,322
153,37,85
153,47,194
153,49,294
153,80,303
153,83,211
153,97,95
153,120,336
153,138,174
153,141,205
153,159,136
153,162,133
153,181,279
153,193,234
153,194,249
153,200,219
154,13,351
154,26,42
154,43,107
154,70,342
154,71,280
154,83,294
154,88,360
154,101,63
154,104,92
154,132,203
154,136,7
154,152,275
154,175,194
154,185,375
154,194,135
155,2,112
