source,target,weight
1,2,56
1,3,270
1,4,115
1,5,14
1,6,202
1,7,47
1,8,31
1,9,182
1,11,96
1,13,119
1,16,265
1,18,38
1,19,65
1,21,279
1,22,386
1,24,330
1,25,235
1,26,297
1,29,278
1,30,382
1,33,62
1,34,200
1,35,330
1,37,377
1,38,99
1,39,273
1,42,29
1,44,273
1,45,257
1,46,46
1,47,341
1,49,212
1,50,102
1,52,118
1,53,7
1,56,307
1,57,113
1,60,395
1,62,145
1,64,220
1,65,300
1,66,7
1,67,166
1,69,116
1,70,83
1,71,312
1,73,215
1,74,85
1,76,96
1,79,40
1,83,303
1,85,396
1,87,399
1,88,380
1,90,286
1,91,91
1,92,219
1,99,387
1,102,232
1,103,129
1,104,142
1,105,206
1,106,141
1,107,56
1,109,31
1,111,198
1,114,163
1,117,16
1,119,18
1,122,280
1,124,1
1,128,129
1,129,52
1,131,267
1,134,40
1,135,349
1,140,85
1,142,377
1,143,237
1,147,206
1,148,160
1,152,231
1,155,51
1,159,207
1,161,373
1,162,377
1,169,57
1,173,78
1,175,316
1,179,59
1,181,79
1,182,155
1,183,357
1,184,100
1,189,245
1,190,298
1,192,218
1,198,85
1,199,139
1,200,319
2,1,56
2,3,34
2,4,380
2,5,214
2,6,24
2,7,256
2,8,161
2,9,53
2,10,143
2,13,44
2,14,237
2,16,16
2,20,173
2,22,189
2,23,257
2,24,101
2,25,188
2,26,285
2,27,170
2,31,14
2,32,193
2,36,105
2,37,26
2,39,173
2,41,81
2,42,60
2,45,48
2,46,189
2,49,259
2,51,387
2,52,263
2,53,19
2,54,304
2,55,72
2,56,362
2,57,160
2,59,173
2,61,227
2,65,307
2,66,364
2,70,47
2,71,183
2,72,370
2,73,77
2,75,98
2,77,317
2,79,290
2,83,91
2,85,277
2,86,222
2,90,299
2,93,213
2,100,38
2,102,247
2,103,261
2,111,142
2,112,310
2,113,54
2,114,294
2,115,82
2,117,266
2,118,251
2,119,144
2,120,20
2,123,118
2,125,211
2,129,52
2,132,2
2,134,366
2,138,242
2,139,117
2,143,52
2,145,293
2,146,332
2,177,215
2,178,172
2,180,95
2,181,336
2,183,1
2,187,137
2,190,272
2,193,54
2,197,323
2,199,295
3,1,270
3,2,34
3,4,240
3,5,321
3,9,57
3,10,252
3,11,102
3,12,132
3,14,145
3,17,97
3,18,102
3,20,351
3,21,95
3,22,286
3,23,60
3,25,292
3,28,322
3,30,131
3,32,148
3,33,392
3,34,237
3,36,190
3,37,344
3,38,99
3,39,218
3,42,307
3,46,23
3,47,203
3,49,218
3,51,394
3,55,5
3,57,331
3,59,325
3,60,191
3,61,84
3,62,87
3,63,284
3,65,347
3,66,261
3,67,212
3,68,113
3,70,72
3,71,236
3,74,251
3,75,136
3,77,230
3,78,349
3,79,30
3,81,291
3,84,121
3,85,348
3,87,389
3,89,5
3,90,243
3,92,360
3,93,57
3,95,373
3,97,340
3,99,238
3,100,351
3,103,307
3,104,58
3,105,155
3,106,157
3,107,313
3,110,53
3,111,259
3,113,346
3,115,206
3,119,193
3,124,158
3,130,270
3,132,397
3,134,45
3,136,333
3,145,155
3,150,5
3,154,23
3,160,163
3,164,220
3,165,88
3,166,55
3,167,400
3,168,212
3,174,138
3,184,23
3,186,56
3,192,216
3,194,382
3,196,151
4,1,115
4,2,380
4,3,240
4,6,295
4,7,146
4,8,119
4,9,16
4,10,26
4,11,67
4,12,133
4,13,382
4,14,223
4,15,146
4,16,301
4,17,243
4,18,50
4,21,290
4,24,136
4,25,278
4,26,398
4,28,130
4,29,21
4,30,364
4,31,353
4,32,217
4,33,27
4,35,353
4,37,209
4,38,211
4,40,289
4,41,85
4,42,87
4,43,215
4,44,368
4,46,95
4,47,101
4,48,298
4,50,170
4,51,272
4,52,155
4,53,94
4,54,241
4,55,269
4,57,250
4,59,280
4,61,282
4,65,313
4,66,372
4,67,321
4,68,364
4,71,293
4,72,180
4,74,346
4,75,21
4,77,98
4,78,26
4,81,370
4,82,199
4,84,361
4,87,296
4,88,78
4,90,349
4,91,187
4,95,209
4,96,138
4,103,97
4,107,292
4,108,154
4,109,73
4,110,184
4,111,252
4,113,348
4,114,16
4,115,8
4,117,249
4,118,103
4,120,225
4,122,397
4,123,252
4,125,72
4,129,197
4,130,244
4,131,230
4,133,244
4,134,206
4,135,49
4,137,361
4,142,264
4,144,356
4,145,200
4,146,273
4,151,312
4,153,275
4,154,82
4,156,296
4,158,52
4,161,44
4,166,366
4,167,140
4,172,166
4,173,87
4,174,154
4,175,196
4,177,80
4,179,390
4,180,376
4,181,395
4,185,207
4,191,222
4,195,340
4,199,249
4,200,217
5,1,14
5,2,214
5,3,321
5,6,79
5,7,113
5,8,146
5,11,260
5,12,236
5,14,270
5,16,356
5,17,180
5,18,271
5,19,159
5,20,360
5,21,295
5,22,396
5,23,177
5,24,88
5,27,248
5,28,191
5,30,36
5,31,104
5,32,323
5,34,217
5,36,174
5,37,116
5,39,342
5,43,237
5,45,102
5,46,153
5,47,312
5,49,250
5,50,144
5,51,118
5,52,343
5,53,345
5,57,378
5,59,24
5,61,359
5,62,158
5,63,322
5,65,81
5,71,219
5,72,279
5,73,93
5,74,202
5,76,14
5,79,292
5,81,201
5,85,200
5,89,126
5,92,85
5,97,299
5,98,277
5,100,120
5,102,219
5,105,148
5,107,361
5,108,346
5,109,120
5,115,313
5,121,70
5,122,191
5,125,119
5,131,395
5,132,64
5,138,210
5,140,164
5,143,256
5,149,333
5,151,368
5,154,221
5,165,136
5,167,332
5,168,206
5,172,309
5,174,94
5,176,174
5,179,211
5,185,329
5,187,95
5,189,147
5,193,359
5,194,351
6,1,202
6,2,24
6,4,295
6,5,79
6,7,390
6,8,181
6,9,63
6,10,346
6,11,315
6,12,361
6,14,30
6,15,27
6,16,180
6,17,129
6,18,364
6,19,227
6,20,130
6,21,173
6,23,357
6,27,7
6,28,94
6,30,238
6,32,147
6,33,200
6,34,202
6,35,400
6,37,255
6,41,297
6,42,129
6,43,294
6,47,13
6,48,8
6,49,294
6,50,356
6,52,326
6,54,224
6,55,265
6,59,57
6,60,375
6,62,101
6,63,81
6,64,224
6,65,97
6,67,25
6,68,133
6,70,234
6,71,155
6,72,380
6,73,397
6,75,388
6,78,383
6,79,48
6,80,10
6,81,29
6,82,10
6,83,223
6,85,28
6,87,166
6,89,3
6,91,265
6,98,135
6,100,285
6,101,210
6,103,23
6,107,126
6,108,198
6,109,82
6,110,372
6,113,108
6,115,139
6,116,144
6,123,34
6,124,124
6,126,108
6,128,7
6,131,205
6,132,99
6,135,18
6,136,201
6,139,336
6,143,322
6,144,197
6,147,55
6,148,153
6,151,224
6,155,243
6,156,311
6,159,286
6,160,188
6,161,42
6,162,29
6,165,222
6,168,90
6,173,264
6,174,137
6,176,182
6,185,332
6,186,323
6,189,179
6,195,161
6,197,197
6,199,384
7,1,47
7,2,256
7,4,146
7,5,113
7,6,390
7,8,356
7,9,273
7,10,129
7,14,40
7,15,395
7,17,47
7,18,312
7,20,399
7,22,89
7,24,293
7,25,95
7,26,48
7,27,149
7,28,269
7,29,187
7,30,391
7,31,195
7,34,387
7,36,171
7,38,44
7,40,303
7,41,64
7,42,361
7,43,365
7,44,291
7,46,350
7,47,229
7,48,171
7,49,45
7,51,111
7,52,95
7,53,323
7,54,40
7,55,292
7,56,255
7,57,271
7,61,338
7,63,323
7,64,297
7,66,388
7,67,56
7,69,276
7,70,346
7,71,282
7,73,359
7,74,209
7,79,4
7,81,178
7,83,138
7,85,190
7,87,294
7,92,5
7,93,217
7,95,366
7,97,315
7,98,302
7,100,355
7,101,235
7,104,281
7,105,340
7,106,321
7,107,280
7,110,229
7,111,87
7,113,331
7,114,319
7,122,142
7,123,319
7,127,121
7,129,7
7,131,363
7,135,346
7,137,355
7,138,236
7,142,223
7,143,48
7,144,348
7,145,212
7,147,205
7,151,261
7,153,196
7,159,192
7,160,19
7,161,288
7,164,81
7,166,386
7,167,47
7,168,289
7,171,170
7,177,347
7,179,272
7,181,370
7,183,65
7,197,277
8,1,31
8,2,161
8,4,119
8,5,146
8,6,181
8,7,356
8,10,224
8,11,281
8,12,314
8,13,320
8,15,130
8,16,178
8,18,19
8,19,53
8,20,390
8,21,81
8,22,311
8,23,267
8,24,30
8,26,330
8,27,77
8,29,115
8,31,121
8,32,393
8,33,307
8,34,237
8,36,124
8,37,372
8,38,210
8,39,278
8,40,278
8,42,214
8,43,41
8,45,89
8,47,335
8,48,17
8,52,235
8,57,399
8,58,24
8,59,43
8,63,120
8,67,356
8,68,7
8,69,71
8,70,373
8,71,265
8,73,102
8,74,89
8,75,331
8,76,279
8,77,143
8,78,382
8,83,285
8,84,82
8,87,21
8,90,341
8,92,88
8,97,199
8,99,262
8,100,364
8,101,306
8,102,205
8,104,88
8,106,7
8,107,328
8,109,292
8,110,228
8,111,375
8,112,329
8,113,140
8,116,11
8,117,127
8,118,153
8,119,53
8,120,393
8,121,235
8,122,233
8,123,149
8,126,198
8,127,181
8,129,53
8,130,104
8,132,152
8,137,46
8,138,105
8,141,309
8,146,347
8,147,376
8,154,197
8,155,138
8,158,108
8,159,6
8,160,193
8,162,381
8,164,157
8,170,44
8,171,385
8,172,277
8,175,5
8,176,180
8,183,124
8,184,104
8,186,66
8,187,123
8,188,25
8,189,83
8,191,350
8,196,330
8,197,42
8,199,9
9,1,182
9,2,53
9,3,57
9,4,16
9,6,63
9,7,273
9,12,272
9,13,41
9,14,334
9,15,286
9,16,398
9,17,163
9,18,285
9,19,400
9,20,312
9,22,212
9,23,109
9,24,183
9,25,220
9,26,245
9,28,105
9,29,266
9,30,268
9,32,392
9,34,261
9,35,18
9,37,6
9,40,7
9,42,370
9,43,11
9,44,257
9,45,202
9,50,165
9,51,160
9,52,101
9,53,8
9,54,328
9,56,314
9,58,35
9,63,296
9,65,399
9,67,123
9,68,349
9,69,129
9,70,381
9,71,202
9,73,14
9,74,162
9,75,189
9,77,213
9,79,373
9,81,329
9,82,238
9,83,102
9,84,120
9,85,195
9,86,137
9,88,186
9,90,275
9,93,78
9,94,162
9,101,12
9,103,270
9,104,388
9,107,129
9,113,189
9,114,284
9,115,144
9,119,304
9,121,321
9,122,49
9,126,103
9,130,77
9,132,170
9,133,375
9,135,323
9,136,117
9,140,373
9,142,284
9,144,257
9,148,173
9,153,255
9,160,352
9,166,239
9,168,220
9,170,172
9,173,110
9,174,35
9,175,45
9,182,240
9,185,17
9,190,287
9,191,260
9,193,130
9,195,26
9,198,122
10,2,143
10,3,252
10,4,26
10,6,346
10,7,129
10,8,224
10,11,212
10,13,34
10,16,81
10,18,170
10,19,138
10,20,201
10,21,2
10,22,59
10,23,239
10,24,116
10,25,299
10,26,227
10,27,236
10,30,247
10,31,93
10,32,330
10,34,202
10,35,353
10,36,49
10,38,103
10,39,39
10,40,135
10,42,65
10,43,68
10,44,23
10,46,210
10,48,154
10,49,289
10,50,173
10,51,249
10,53,196
10,54,335
10,55,366
10,56,269
10,57,112
10,59,35
10,60,203
10,61,287
10,62,314
10,66,156
10,67,55
10,68,240
10,69,323
10,70,232
10,72,11
10,73,353
10,74,299
10,75,180
10,77,57
10,78,73
10,83,61
10,84,372
10,85,245
10,88,207
10,92,12
10,95,175
10,96,303
10,97,299
10,100,354
10,104,30
10,105,65
10,106,21
10,107,259
10,110,45
10,111,147
10,113,49
10,114,100
10,117,200
10,119,214
10,122,322
10,123,116
10,129,26
10,130,345
10,135,68
10,138,324
10,141,336
10,142,395
10,144,126
10,146,299
10,149,33
10,151,304
10,152,5
10,156,26
10,158,2
10,159,388
10,163,253
10,165,376
10,166,226
10,168,88
10,171,115
10,172,120
10,173,378
10,174,350
10,175,148
10,176,241
10,177,130
10,178,95
10,184,249
10,186,172
10,191,68
10,194,338
10,198,232
11,1,96
11,3,102
11,4,67
11,5,260
11,6,315
11,8,281
11,10,212
11,12,345
11,13,256
11,17,317
11,19,1
11,21,239
11,22,320
11,23,146
11,24,77
11,26,243
11,27,18
11,28,323
11,29,158
11,30,363
11,33,29
11,36,55
11,40,120
11,42,148
11,43,34
11,44,142
11,45,135
11,46,281
11,47,286
11,48,312
11,50,261
11,51,327
11,54,328
11,55,122
11,59,361
11,62,32
11,65,111
11,66,381
11,67,310
11,68,162
11,69,236
11,70,281
11,71,397
11,73,50
11,74,304
11,76,79
11,77,163
11,78,165
11,80,204
11,81,376
11,82,197
11,84,100
11,85,334
11,86,121
11,87,123
11,88,297
11,89,187
11,91,105
11,95,91
11,96,337
11,97,26
11,103,367
11,104,293
11,105,296
11,108,102
11,110,135
11,115,153
11,118,374
11,119,265
11,120,12
11,121,248
11,122,184
11,124,327
11,126,218
11,129,145
11,133,142
11,137,393
11,140,166
11,141,301
11,143,274
11,147,281
11,149,211
11,151,215
11,152,276
11,153,168
11,163,10
11,167,335
11,170,165
11,172,340
11,174,8
11,175,43
11,177,310
11,179,202
11,181,82
11,186,124
11,193,296
11,194,310
11,200,157
12,3,132
12,4,133
12,5,236
12,6,361
12,8,314
12,9,272
12,11,345
12,13,202
12,14,277
12,15,263
12,17,310
12,20,206
12,22,293
12,23,222
12,24,53
12,25,180
12,27,188
12,29,26
12,30,303
12,31,330
12,32,168
12,33,374
12,34,299
12,35,153
12,36,399
12,37,7
12,38,28
12,39,242
12,43,31
12,44,270
12,45,167
12,49,290
12,50,263
12,51,72
12,52,169
12,53,362
12,54,148
12,55,347
12,57,143
12,61,155
12,62,346
12,63,364
12,64,317
12,65,82
12,67,24
12,68,395
12,71,214
12,72,235
12,75,155
12,76,121
12,81,196
12,82,301
12,83,144
12,85,373
12,87,333
12,90,262
12,91,252
12,93,203
12,96,184
12,97,204
12,100,227
12,101,18
12,102,118
12,103,257
12,104,206
12,107,349
12,109,146
12,111,191
12,116,351
12,119,296
12,120,75
12,122,90
12,123,109
12,124,240
12,127,235
12,128,344
12,135,372
12,137,301
12,139,5
12,140,191
12,143,221
12,146,141
12,147,235
12,148,261
12,154,54
12,155,85
12,157,54
12,158,367
12,161,131
12,166,259
12,171,203
12,172,106
12,179,352
12,184,395
12,185,320
12,188,54
12,189,153
12,195,278
12,198,395
13,1,119
13,2,44
13,4,382
13,8,320
13,9,41
13,10,34
13,11,256
13,12,202
13,15,281
13,16,157
13,18,170
13,21,350
13,22,373
13,24,177
13,27,356
13,29,271
13,31,36
13,33,5
13,35,159
13,36,114
13,37,238
13,38,93
13,39,379
13,40,82
13,43,278
13,44,123
13,47,321
13,48,32
13,49,94
13,52,313
13,54,166
13,56,370
13,57,146
13,58,228
13,60,338
13,61,199
13,62,4
13,65,127
13,66,375
13,69,194
13,71,50
13,77,314
13,78,117
13,81,233
13,82,41
13,84,40
13,85,63
13,87,129
13,90,33
13,94,362
13,95,83
13,96,165
13,97,73
13,99,63
13,102,72
13,103,48
13,104,323
13,106,150
13,108,342
13,113,29
13,115,6
13,117,150
13,119,178
13,120,164
13,123,314
13,127,199
13,128,54
13,130,181
13,132,154
13,140,196
13,141,68
13,142,116
13,145,380
13,148,18
13,149,337
13,151,341
13,153,53
13,154,241
13,155,280
13,156,134
13,157,84
13,158,179
13,160,37
13,162,285
13,168,175
13,173,221
13,176,8
13,180,50
13,182,223
13,185,231
13,195,347
13,197,312
14,2,237
14,3,145
14,4,223
14,5,270
14,6,30
14,7,40
14,9,334
14,12,277
14,15,347
14,16,198
14,17,358
14,19,183
14,20,123
14,21,265
14,23,236
14,24,55
14,26,100
14,27,174
14,29,229
14,31,149
14,34,314
14,36,222
14,37,249
14,39,369
14,40,271
14,41,365
14,44,112
14,45,282
14,46,105
14,47,291
14,48,47
14,51,83
14,53,382
14,54,68
14,56,76
14,57,224
14,58,145
14,60,124
14,62,327
14,64,264
14,65,126
14,66,89
14,68,370
14,69,244
14,71,316
14,72,186
14,74,362
14,75,51
14,79,297
14,80,84
14,81,7
14,82,284
14,83,228
14,84,108
14,86,133
14,89,313
14,92,51
14,93,139
14,95,394
14,96,19
14,99,85
14,101,130
14,104,159
14,107,169
14,109,135
14,111,236
14,112,316
14,114,266
14,116,374
14,118,107
14,119,251
14,122,307
14,124,74
14,130,326
14,131,205
14,133,70
14,134,351
14,135,357
14,139,399
14,144,252
14,145,37
14,146,197
14,147,172
14,148,289
14,150,101
14,158,11
14,159,104
14,160,218
14,161,355
14,169,80
14,171,194
14,176,114
14,177,181
14,183,342
14,188,185
14,194,219
14,195,188
14,200,229
15,4,146
15,6,27
15,7,395
15,8,130
15,9,286
15,12,263
15,13,281
15,14,347
15,17,145
15,18,151
15,19,255
15,21,271
15,23,349
15,24,399
15,26,224
15,28,158
15,29,16
15,31,106
15,32,316
15,33,360
15,34,169
15,35,298
15,39,47
15,42,310
15,44,81
15,45,328
15,48,297
15,49,51
15,50,331
15,53,179
15,57,259
15,58,372
15,60,376
15,63,50
15,64,15
15,65,382
15,66,396
15,68,300
15,69,266
15,70,127
15,72,366
15,75,379
15,77,280
15,82,232
15,83,174
15,84,381
15,86,23
15,87,390
15,88,164
15,89,137
15,91,21
15,92,315
15,93,112
15,94,7
15,95,185
15,98,47
15,101,137
15,102,59
15,103,334
15,104,279
15,109,137
15,116,158
15,117,17
15,118,148
15,121,207
15,123,252
15,126,176
15,128,238
15,129,280
15,136,40
15,137,92
15,139,26
15,140,273
15,141,322
15,142,234
15,144,165
15,147,76
15,151,163
15,154,17
15,160,272
15,165,284
15,168,304
15,172,132
15,173,40
15,175,375
15,178,351
15,180,95
15,181,54
15,183,126
15,186,8
15,189,123
15,190,89
15,191,381
15,192,110
15,193,204
15,195,335
15,196,400
15,198,112
16,1,265
16,2,16
16,4,301
16,5,356
16,6,180
16,8,178
16,9,398
16,10,81
16,13,157
16,14,198
16,17,252
16,18,19
16,20,246
16,21,327
16,22,344
16,25,224
16,26,294
16,28,374
16,31,9
16,32,349
16,33,218
16,35,148
16,39,141
16,41,279
16,43,43
16,44,261
16,46,157
16,47,292
16,48,48
16,50,382
16,51,214
16,52,196
16,53,368
16,54,315
16,55,357
16,57,14
16,58,70
16,59,26
16,60,248
16,61,119
16,62,338
16,66,178
16,67,238
16,68,176
16,69,96
16,70,196
16,71,249
16,72,362
16,74,355
16,75,199
16,76,108
16,77,110
16,79,226
16,80,128
16,82,8
16,84,48
16,88,286
16,91,98
16,93,84
16,96,58
16,99,335
16,100,264
16,102,371
16,104,331
16,106,223
16,107,184
16,108,104
16,109,58
16,110,28
16,112,330
16,116,240
16,117,327
16,118,248
16,119,313
16,121,194
16,122,331
16,126,50
16,127,252
16,129,319
16,131,354
16,132,183
16,133,387
16,134,389
16,135,368
16,144,13
16,145,267
16,147,110
16,152,184
16,156,209
16,160,42
16,161,143
16,164,309
16,166,330
16,167,271
16,169,135
16,171,50
16,172,80
16,173,315
16,175,108
16,179,351
16,182,116
16,183,116
16,185,258
16,189,126
16,190,158
16,191,257
16,193,311
16,197,102
17,3,97
17,4,243
17,5,180
17,6,129
17,7,47
17,9,163
17,11,317
17,12,310
17,14,358
17,15,145
17,16,252
17,18,115
17,19,92
17,20,379
17,21,359
17,22,187
17,24,201
17,25,373
17,26,114
17,27,57
17,28,48
17,29,324
17,31,32
17,34,279
17,35,148
17,36,315
17,37,325
17,38,192
17,39,280
17,40,393
17,41,130
17,42,147
17,43,199
17,44,52
17,46,263
17,47,339
17,48,239
17,49,335
17,51,109
17,52,302
17,53,182
17,54,6
17,55,392
17,56,299
17,59,295
17,60,30
17,61,312
17,64,79
17,66,290
17,67,98
17,69,218
17,71,169
17,72,364
17,73,36
17,75,117
17,77,370
17,79,213
17,80,381
17,82,379
17,83,141
17,84,300
17,85,397
17,86,11
17,87,375
17,89,392
17,90,31
17,96,49
17,101,328
17,103,146
17,105,188
17,106,307
17,108,148
17,110,220
17,113,300
17,114,178
17,116,323
17,120,171
17,124,92
17,126,83
17,127,340
17,128,246
17,130,244
17,133,241
17,135,234
17,139,328
17,143,235
17,144,118
17,146,99
17,150,299
17,153,178
17,154,90
17,158,304
17,159,213
17,160,213
17,166,139
17,168,176
17,172,313
17,173,110
17,178,373
17,186,242
17,187,197
17,189,20
18,1,38
18,3,102
18,4,50
18,5,271
18,6,364
18,7,312
18,8,19
18,9,285
18,10,170
18,13,170
18,15,151
18,16,19
18,17,115
18,19,175
18,20,24
18,21,274
18,23,43
18,24,62
18,25,133
18,28,267
18,29,1
18,30,8
18,31,76
18,32,206
18,33,72
18,34,6
18,35,231
18,36,130
18,38,177
18,39,30
18,41,207
18,42,195
18,43,150
18,45,396
18,46,362
18,47,196
18,48,366
18,49,114
18,50,298
18,51,47
18,52,269
18,54,169
18,57,350
18,58,309
18,59,274
18,61,1
18,62,363
18,64,347
18,66,360
18,67,284
18,68,160
18,69,315
18,70,102
18,71,217
18,73,277
18,74,17
18,76,131
18,77,368
18,78,273
18,80,329
18,82,259
18,83,128
18,86,201
18,87,10
18,90,237
18,92,324
18,93,319
18,94,36
18,97,169
18,98,297
18,101,201
18,104,219
18,106,186
18,108,198
18,109,252
18,110,346
18,111,104
18,113,377
18,116,2
18,117,297
18,119,84
18,120,318
18,121,88
18,128,342
18,129,351
18,134,288
18,135,210
18,136,46
18,138,244
18,141,299
18,142,121
18,144,164
18,152,236
18,153,168
18,155,54
18,157,80
18,159,289
18,162,146
18,165,18
18,166,354
18,170,37
18,172,203
18,173,387
18,181,36
18,186,259
18,187,203
18,191,327
18,197,138
18,198,90
19,1,65
19,5,159
19,6,227
19,8,53
19,9,400
19,10,138
19,11,1
19,14,183
19,15,255
19,17,92
19,18,175
19,22,13
19,25,211
19,26,42
19,27,138
19,28,129
19,29,249
19,32,367
19,33,288
19,34,291
19,35,337
19,36,305
19,37,217
19,38,99
19,39,185
19,40,261
19,41,226
19,42,400
19,43,80
19,44,293
19,45,91
19,46,235
19,48,268
19,49,21
19,50,44
19,52,272
19,54,367
19,57,386
19,59,268
19,60,150
19,62,305
19,63,132
19,64,25
19,65,216
19,68,62
19,70,147
19,71,394
19,74,97
19,76,261
19,77,147
19,78,30
19,80,350
19,81,205
19,83,317
19,85,113
19,86,286
19,89,342
19,90,14
19,91,43
19,92,68
19,93,382
19,94,307
19,95,122
19,97,38
19,98,58
19,99,306
19,100,374
19,102,104
19,103,270
19,105,238
19,107,131
19,109,158
19,110,199
19,112,224
19,113,400
19,115,62
19,119,104
19,122,182
19,123,17
19,128,239
19,129,356
19,130,16
19,132,321
19,134,261
19,136,85
19,142,88
19,143,248
19,144,199
19,148,235
19,151,134
19,152,212
19,154,185
19,155,261
19,156,351
19,157,149
19,159,181
19,164,299
19,166,166
19,169,304
19,172,365
19,173,386
19,174,66
19,178,103
19,181,287
19,185,223
19,190,97
19,191,173
20,2,173
20,3,351
20,5,360
20,6,130
20,7,399
20,8,390
20,9,312
20,10,201
20,12,206
20,14,123
20,16,246
20,17,379
20,18,24
20,21,101
20,22,314
20,23,303
20,24,349
20,25,296
20,28,256
20,29,337
20,30,373
20,32,60
20,33,42
20,34,301
20,35,312
20,36,29
20,37,40
20,40,245
20,41,162
20,42,195
20,43,283
20,44,301
20,45,227
20,46,161
20,47,328
20,48,26
20,50,280
20,51,80
20,52,217
20,55,6
20,56,110
20,57,170
20,61,169
20,62,240
20,64,83
20,65,391
20,66,220
20,67,307
20,68,374
20,69,131
20,71,18
20,73,74
20,75,66
20,78,106
20,79,226
20,81,203
20,83,362
20,86,330
20,87,377
20,90,219
20,91,265
20,94,335
20,96,55
20,103,142
20,108,236
20,109,110
20,110,190
20,112,149
20,115,69
20,121,111
20,122,253
20,132,295
20,133,361
20,135,293
20,136,163
20,137,103
20,139,326
20,141,210
20,142,264
20,143,281
20,153,283
20,156,196
20,157,57
20,158,118
20,159,207
20,164,261
20,173,104
20,176,237
20,179,17
20,180,129
20,184,275
20,187,237
20,188,224
20,193,171
20,199,173
20,200,31
21,1,279
21,3,95
21,4,290
21,5,295
21,6,173
21,8,81
21,10,2
21,11,239
21,13,350
21,14,265
21,15,271
21,16,327
21,17,359
21,18,274
21,20,101
21,22,101
21,23,118
21,25,36
21,26,285
21,27,93
21,29,287
21,30,278
21,31,33
21,32,185
21,34,15
21,35,153
21,36,202
21,37,345
21,39,280
21,40,27
21,42,76
21,43,50
21,44,109
21,45,341
21,46,362
21,48,189
21,49,196
21,50,10
21,51,84
21,54,244
21,55,98
21,56,71
21,57,157
21,58,132
21,60,6
21,62,119
21,65,329
21,66,320
21,67,307
21,68,240
21,70,175
21,71,121
21,72,261
21,73,224
21,74,379
21,75,379
21,76,297
21,78,17
21,80,154
21,82,330
21,83,155
21,87,275
21,90,273
21,92,240
21,93,399
21,94,36
21,95,322
21,96,105
21,97,131
21,98,291
21,99,273
21,101,308
21,105,291
21,107,360
21,108,254
21,112,266
21,113,335
21,119,104
21,124,20
21,133,271
21,134,164
21,137,4
21,141,117
21,144,324
21,146,127
21,150,305
21,152,396
21,155,326
21,158,26
21,159,21
21,163,331
21,165,102
21,168,326
21,177,174
21,179,259
21,180,212
21,181,367
21,187,260
21,188,97
21,197,233
21,198,385
21,200,308
22,1,386
22,2,189
22,3,286
22,5,396
22,7,89
22,8,311
22,9,212
22,10,59
22,11,320
22,12,293
22,13,373
22,16,344
22,17,187
22,19,13
22,20,314
22,21,101
22,24,291
22,26,99
22,27,372
22,28,91
22,31,278
22,32,70
22,33,240
22,34,257
22,35,339
22,36,345
22,39,395
22,40,332
22,41,206
22,43,243
22,44,41
22,45,320
22,46,47
22,48,59
22,49,25
22,50,273
22,51,173
22,54,79
22,55,45
22,56,270
22,58,139
22,59,224
22,62,129
22,64,254
22,66,383
22,68,148
22,71,361
22,74,199
22,76,375
22,77,326
22,78,168
22,79,318
22,80,320
22,84,228
22,85,284
22,86,354
22,88,135
22,89,183
22,91,262
22,94,30
22,95,231
22,96,48
22,97,285
22,99,96
22,101,31
22,102,285
22,104,354
22,105,3
22,106,148
22,107,20
22,109,60
22,111,272
22,113,78
22,115,147
22,117,233
22,118,288
22,120,315
22,122,347
22,123,143
22,124,109
22,127,138
22,128,218
22,131,253
22,133,235
22,134,139
22,135,147
22,136,220
22,137,140
22,140,108
22,142,211
22,143,153
22,147,194
22,149,98
22,152,233
22,156,120
22,157,57
22,162,282
22,165,286
22,169,41
22,171,8
22,174,28
22,178,381
22,184,260
22,194,250
22,195,334
22,197,123
22,199,165
23,2,257
23,3,60
23,5,177
23,6,357
23,8,267
23,9,109
23,10,239
23,11,146
23,12,222
23,14,236
23,15,349
23,18,43
23,20,303
23,21,118
23,24,64
23,25,115
23,26,356
23,27,378
23,29,255
23,31,311
23,34,144
23,35,69
23,36,152
23,38,378
23,42,344
23,43,19
23,44,93
23,46,279
23,48,295
23,51,371
23,52,244
23,53,133
23,54,222
23,55,220
23,56,105
23,57,290
23,59,210
23,63,278
23,65,288
23,66,190
23,70,100
23,71,218
23,74,310
23,78,190
23,81,268
23,82,274
23,83,364
23,85,53
23,86,164
23,88,291
23,90,168
23,92,309
23,95,87
23,96,48
23,97,375
23,98,177
23,100,206
23,101,42
23,103,324
23,104,263
23,108,166
23,113,59
23,114,325
23,117,320
23,118,243
23,119,395
23,120,80
23,129,329
23,130,257
23,131,62
23,132,397
23,133,235
23,134,343
23,136,266
23,140,321
23,143,302
23,146,378
23,149,255
23,156,379
23,161,114
23,163,138
23,164,208
23,167,210
23,169,96
23,174,93
23,176,315
23,181,19
23,189,198
23,194,316
23,195,6
23,200,181
24,1,330
24,2,101
24,4,136
24,5,88
24,7,293
24,8,30
24,9,183
24,10,116
24,11,77
24,12,53
24,13,177
24,14,55
24,15,399
24,17,201
24,18,62
24,20,349
24,22,291
24,23,64
24,28,45
24,29,138
24,30,120
24,32,299
24,33,107
24,34,233
24,37,149
24,38,193
24,39,54
24,40,15
24,42,266
24,43,231
24,44,19
24,46,264
24,47,196
24,49,23
24,50,334
24,51,303
24,53,368
24,54,299
24,55,167
24,56,238
24,57,383
24,59,377
24,60,364
24,61,248
24,63,123
24,66,13
24,69,179
24,70,254
24,72,116
24,73,328
24,74,264
24,75,393
24,77,238
24,78,121
24,79,62
24,80,247
24,81,96
24,83,339
24,84,30
24,85,257
24,86,23
24,87,131
24,89,184
24,90,328
24,91,44
24,93,113
24,94,20
24,95,356
24,96,135
24,97,164
24,98,174
24,99,32
24,100,197
24,102,194
24,104,166
24,106,25
24,108,292
24,112,236
24,115,239
24,116,256
24,117,17
24,118,263
24,124,57
24,126,251
24,129,287
24,135,272
24,136,196
24,144,168
24,147,154
24,149,350
24,158,174
24,160,252
24,161,3
24,162,293
24,167,62
24,177,85
24,179,15
24,183,354
24,189,395
24,190,186
24,196,146
24,200,128
25,1,235
25,2,188
25,3,292
25,4,278
25,7,95
25,9,220
25,10,299
25,12,180
25,16,224
25,17,373
25,18,133
25,19,211
25,20,296
25,21,36
25,23,115
25,26,113
25,27,3
25,30,139
25,31,339
25,32,127
25,33,275
25,35,203
25,37,309
25,38,388
25,39,17
25,40,201
25,42,169
25,43,97
25,45,144
25,47,324
25,48,176
25,52,297
25,54,329
25,55,187
25,56,30
25,57,381
25,58,248
25,59,283
25,60,170
25,68,90
25,69,216
25,70,227
25,71,160
25,73,28
25,74,76
25,75,213
25,76,218
25,78,305
25,79,360
25,80,165
25,81,104
25,82,117
25,83,187
25,84,348
25,85,307
25,86,74
25,87,14
25,89,175
25,91,131
25,93,34
25,95,151
25,96,179
25,105,128
25,107,227
25,109,202
25,110,266
25,111,311
25,117,350
25,120,153
25,121,345
25,124,395
25,125,27
25,126,326
25,128,40
25,130,349
25,131,304
25,132,105
25,133,47
25,139,255
25,142,244
25,144,272
25,145,194
25,151,245
25,152,92
25,153,372
25,155,340
25,158,246
25,159,307
25,160,133
25,162,376
25,166,78
25,176,148
25,178,214
25,179,348
25,181,397
25,182,197
25,183,331
25,186,186
25,192,324
25,195,382
25,200,388
26,1,297
26,2,285
26,4,398
26,7,48
26,8,330
26,9,245
26,10,227
26,11,243
26,14,100
26,15,224
26,16,294
26,17,114
26,19,42
26,21,285
26,22,99
26,23,356
26,25,113
26,28,144
26,30,259
26,31,234
26,32,89
26,39,219
26,40,209
26,41,307
26,42,355
26,43,43
26,44,130
26,45,201
26,47,273
26,48,284
26,49,129
26,50,81
26,52,317
26,53,358
26,54,170
26,55,78
26,57,32
26,58,17
26,60,313
26,61,46
26,62,141
26,63,26
26,66,294
26,67,90
26,71,377
26,72,175
26,74,397
26,76,102
26,78,194
26,79,336
26,80,366
26,83,217
26,86,134
26,87,336
26,89,336
26,92,370
26,95,268
26,98,43
26,99,316
26,101,332
26,103,229
26,104,364
26,108,386
26,114,154
26,115,399
26,122,194
26,127,103
26,128,59
26,129,148
26,135,364
26,136,60
26,143,192
26,147,355
26,148,308
26,152,22
26,153,322
26,158,395
26,162,131
26,164,92
26,165,359
26,167,5
26,168,229
26,169,375
26,170,160
26,174,112
26,175,10
26,179,279
26,183,145
26,184,381
26,185,196
26,196,244
27,2,170
27,5,248
27,6,7
27,7,149
27,8,77
27,10,236
27,11,18
27,12,188
27,13,356
27,14,174
27,17,57
27,19,138
27,21,93
27,22,372
27,23,378
27,25,3
27,28,129
27,30,327
27,33,373
27,36,370
27,38,173
27,39,309
27,43,19
27,46,239
27,47,116
27,48,105
27,50,135
27,52,347
27,55,164
27,56,23
27,61,72
27,65,294
27,66,353
27,67,7
27,70,157
27,71,218
27,72,275
27,73,78
27,74,200
27,77,234
27,79,42
27,80,99
27,81,193
27,82,270
27,83,183
27,84,347
27,85,62
27,86,378
27,87,198
27,88,71
27,89,236
27,91,147
27,93,285
27,94,78
27,96,243
27,101,384
27,102,283
27,104,256
27,105,395
27,107,66
27,110,151
27,112,258
27,120,156
27,121,218
27,123,192
27,126,305
27,129,296
27,130,120
27,131,279
27,135,289
27,136,392
27,137,376
27,141,317
27,143,30
27,145,185
27,149,357
27,150,84
27,152,61
27,153,332
27,156,230
27,159,230
27,160,222
27,162,180
27,163,331
27,169,183
27,170,221
27,171,325
27,173,9
27,175,291
27,178,14
27,179,273
27,183,78
27,184,392
27,190,151
27,192,138
27,195,265
27,196,64
27,197,145
27,198,271
27,199,287
28,3,322
28,4,130
28,5,191
28,6,94
28,7,269
28,9,105
28,11,323
28,15,158
28,16,374
28,17,48
28,18,267
28,19,129
28,20,256
28,22,91
28,24,45
28,26,144
28,27,129
28,30,89
28,31,73
28,33,42
28,35,119
28,36,229
28,37,4
28,38,111
28,39,204
28,40,112
28,42,143
28,44,77
28,46,247
28,49,321
28,51,99
28,53,272
28,54,279
28,55,113
28,56,134
28,58,352
28,59,389
28,63,85
28,64,193
28,65,335
28,66,390
28,67,161
28,68,70
28,69,283
28,70,233
28,71,233
28,72,145
28,73,260
28,74,206
28,75,183
28,76,256
28,77,166
28,78,324
28,79,148
28,80,116
28,81,329
28,82,24
28,83,207
28,84,234
28,88,243
28,93,384
28,96,263
28,101,228
28,103,227
28,105,278
28,113,362
28,114,54
28,116,149
28,117,111
28,118,320
28,121,198
28,123,135
28,124,84
28,127,354
28,129,342
28,131,268
28,134,243
28,138,101
28,139,254
28,140,12
28,147,247
28,148,23
28,151,386
28,155,386
28,158,30
28,160,54
28,162,365
28,170,318
28,175,145
28,176,138
28,189,338
28,194,66
28,196,356
28,200,383
29,1,278
29,4,21
29,7,187
29,8,115
29,9,266
29,11,158
29,12,26
29,13,271
29,14,229
29,15,16
29,17,324
29,18,1
29,19,249
29,20,337
29,21,287
29,23,255
29,24,138
29,31,54
29,32,188
29,33,295
29,34,259
29,37,324
29,38,42
29,41,118
29,43,274
29,44,63
29,47,177
29,50,258
29,53,262
29,55,297
29,56,144
29,58,172
29,62,40
29,64,361
29,65,27
29,68,305
29,69,91
29,70,69
29,74,12
29,75,151
29,76,46
29,79,253
29,80,122
29,81,210
29,83,204
29,85,283
29,86,326
29,87,169
29,90,140
29,93,189
29,95,32
29,97,312
29,99,225
29,100,260
29,102,206
29,107,161
29,108,253
29,110,343
29,111,213
29,115,205
29,116,241
29,117,218
29,118,219
29,119,261
29,120,58
29,121,381
29,122,29
29,123,292
29,126,27
29,127,72
29,128,309
29,132,296
29,134,303
29,136,94
29,138,48
29,140,283
29,142,75
29,145,276
29,147,107
29,148,221
29,150,159
29,155,30
29,156,284
29,158,230
29,161,375
29,162,244
29,166,37
29,168,35
29,175,236
29,176,180
29,177,328
29,182,192
29,190,349
29,191,2
29,193,252
29,194,153
29,196,266
29,198,232
29,199,279
30,1,382
30,3,131
30,4,364
30,5,36
30,6,238
30,7,391
30,9,268
30,10,247
30,11,363
30,12,303
30,18,8
30,20,373
30,21,278
30,24,120
30,25,139
30,26,259
30,27,327
30,28,89
30,31,276
30,32,132
30,33,379
30,34,35
30,35,336
30,37,19
30,38,3
30,39,386
30,40,140
30,41,294
30,42,363
30,44,157
30,45,54
30,48,231
30,49,121
30,50,211
30,51,77
30,52,19
30,53,202
30,56,131
30,58,249
30,60,153
30,61,134
30,62,265
30,63,25
30,66,146
30,68,131
30,70,56
30,72,317
30,73,167
30,75,129
30,76,262
30,77,89
30,78,65
30,79,147
30,80,238
30,82,309
30,83,194
30,84,336
30,85,343
30,86,160
30,90,268
30,94,103
30,95,33
30,98,80
30,99,21
30,100,374
30,101,126
30,104,250
30,106,219
30,108,57
30,112,234
30,119,48
30,123,97
30,124,377
30,129,254
30,131,99
30,132,191
30,134,341
30,135,75
30,137,77
30,138,251
30,139,201
30,146,46
30,148,180
30,149,271
30,150,306
30,151,63
30,155,201
30,158,350
30,167,10
30,173,134
30,175,327
30,177,329
30,180,289
30,181,316
30,187,135
30,190,180
31,2,14
31,4,353
31,5,104
31,7,195
31,8,121
31,10,93
31,12,330
31,13,36
31,14,149
31,15,106
31,16,9
31,17,32
31,18,76
31,21,33
31,22,278
31,23,311
31,25,339
31,26,234
31,28,73
31,29,54
31,30,276
31,32,58
31,33,90
31,34,32
31,36,134
31,38,383
31,39,42
31,40,304
31,41,83
31,45,38
31,46,350
31,48,60
31,49,336
31,50,215
31,52,237
31,53,222
31,54,238
31,55,24
31,57,57
31,58,352
31,59,177
31,60,243
31,62,345
31,63,95
31,64,59
31,65,183
31,70,376
31,73,99
31,74,36
31,75,173
31,76,221
31,77,171
31,79,78
31,80,256
31,81,178
31,85,136
31,86,385
31,89,297
31,94,168
31,95,35
31,96,167
31,98,250
31,99,277
31,100,209
31,102,109
31,104,326
31,105,105
31,106,380
31,107,102
31,113,211
31,115,244
31,120,357
31,121,98
31,123,229
31,124,207
31,125,265
31,127,146
31,129,134
31,133,365
31,136,98
31,137,137
31,142,175
31,146,64
31,153,214
31,154,74
31,156,94
31,158,76
31,163,294
31,166,85
31,169,250
31,170,96
31,174,213
31,175,87
31,176,196
31,177,166
31,178,281
31,179,92
31,187,31
31,191,114
31,195,281
31,196,320
31,197,83
31,198,352
31,200,293
32,2,193
32,3,148
32,4,217
32,5,323
32,6,147
32,8,393
32,9,392
32,10,330
32,12,168
32,15,316
32,16,349
32,18,206
32,19,367
32,20,60
32,21,185
32,22,70
32,24,299
32,25,127
32,26,89
32,29,188
32,30,132
32,31,58
32,33,38
32,35,385
32,36,266
32,37,391
32,38,87
32,39,186
32,40,147
32,42,347
32,43,393
32,44,166
32,45,262
32,47,363
32,48,220
32,49,285
32,50,302
32,53,31
32,54,399
32,55,109
32,56,383
32,57,111
32,58,50
32,59,14
32,60,59
32,61,172
32,62,223
32,63,112
32,65,303
32,67,26
32,70,344
32,71,14
32,72,117
32,75,147
32,76,302
32,77,48
32,78,52
32,79,75
32,81,378
32,82,108
32,83,336
32,85,260
32,87,61
32,89,257
32,90,294
32,91,69
32,93,203
32,94,242
32,97,391
32,99,160
32,102,40
32,104,351
32,107,289
32,109,223
32,110,135
32,111,323
32,113,243
32,115,331
32,116,237
32,118,306
32,124,294
32,125,92
32,126,326
32,127,178
32,128,245
32,129,178
32,143,202
32,150,306
32,152,36
32,163,354
32,164,348
32,169,52
32,171,287
32,172,184
32,175,18
32,182,169
32,184,345
32,185,145
32,191,185
32,198,96
32,199,156
32,200,352
33,1,62
33,3,392
33,4,27
33,6,200
33,8,307
33,11,29
33,12,374
33,13,5
33,15,360
33,16,218
33,18,72
33,19,288
33,20,42
33,22,240
33,24,107
33,25,275
33,27,373
33,28,42
33,29,295
33,30,379
33,31,90
33,32,38
33,34,237
33,35,126
33,36,233
33,37,173
33,38,297
33,39,97
33,41,343
33,45,173
33,47,297
33,49,262
33,50,60
33,52,233
33,53,173
33,57,166
33,58,180
33,61,55
33,62,233
33,63,208
33,64,289
33,65,344
33,66,193
33,67,163
33,68,13
33,69,23
33,70,349
33,74,59
33,75,72
33,78,393
33,80,99
33,81,139
33,82,47
33,83,125
33,84,242
33,87,387
33,88,18
33,89,121
33,90,263
33,91,258
33,93,258
33,94,143
33,97,33
33,98,91
33,99,385
33,103,44
33,104,319
33,105,398
33,106,92
33,109,148
33,114,151
33,117,47
33,120,244
33,122,44
33,123,239
33,125,4
33,131,18
33,134,365
33,138,54
33,139,282
33,140,66
33,142,95
33,144,146
33,147,330
33,149,14
33,152,362
33,159,136
33,164,279
33,165,210
33,177,359
33,181,104
33,183,68
33,184,68
33,186,167
33,190,386
33,193,157
33,200,94
34,1,200
34,3,237
34,5,217
34,6,202
34,7,387
34,8,237
34,9,261
34,10,202
34,12,299
34,14,314
34,15,169
34,17,279
34,18,6
34,19,291
34,20,301
34,21,15
34,22,257
34,23,144
34,24,233
34,29,259
34,30,35
34,31,32
34,33,237
34,35,185
34,37,70
34,42,78
34,44,312
34,45,108
34,46,59
34,47,312
34,49,321
34,50,280
34,52,83
34,53,195
34,55,92
34,57,354
34,58,245
34,61,66
34,62,71
34,63,5
34,64,314
34,65,75
34,67,218
34,71,93
34,72,23
34,73,21
34,74,258
34,75,165
34,76,317
34,77,13
34,78,48
34,79,311
34,82,195
34,85,13
34,86,200
34,87,198
34,88,75
34,90,257
34,95,194
34,96,234
34,97,7
34,98,124
34,100,386
34,105,200
34,107,216
34,109,293
34,111,132
34,112,76
34,115,51
34,118,243
34,119,364
34,120,202
34,121,321
34,122,56
34,127,192
34,129,6
34,131,206
34,132,356
34,133,95
34,135,186
34,137,149
34,141,107
34,142,235
34,143,116
34,144,96
34,155,164
34,156,35
34,159,174
34,162,205
34,164,249
34,166,219
34,179,202
34,186,15
34,187,178
34,191,180
34,199,123
35,1,330
35,4,353
35,6,400
35,9,18
35,10,353
35,12,153
35,13,159
35,15,298
35,16,148
35,17,148
35,18,231
35,19,337
35,20,312
35,21,153
35,22,339
35,23,69
35,25,203
35,28,119
35,30,336
35,32,385
35,33,126
35,34,185
35,36,159
35,37,147
35,39,205
35,40,146
35,41,124
35,42,155
35,43,252
35,44,276
35,45,270
35,46,35
35,48,226
35,50,309
35,51,62
35,52,153
35,55,212
35,56,323
35,57,241
35,58,335
35,60,244
35,62,106
35,63,346
35,64,394
35,65,172
35,66,335
35,67,115
35,68,360
35,69,139
35,71,224
35,73,373
35,76,242
35,78,296
35,79,99
35,80,329
35,81,135
35,83,94
35,86,329
35,87,120
35,89,219
35,90,392
35,91,46
35,92,362
35,94,137
35,95,134
35,96,38
35,98,153
35,102,87
35,104,370
35,106,335
35,109,254
35,111,349
35,112,104
35,113,117
35,114,176
35,118,146
35,119,149
35,123,161
35,124,90
35,125,251
35,127,12
35,130,57
35,136,12
35,137,200
35,140,282
35,141,44
35,142,103
35,143,113
35,144,87
35,146,9
35,150,198
35,152,296
35,153,162
35,156,83
35,157,175
35,159,264
35,160,294
35,163,328
35,165,113
35,174,256
35,175,217
35,184,72
35,185,135
35,190,55
35,193,343
35,195,260
35,197,196
36,2,105
36,3,190
36,5,174
36,7,171
36,8,124
36,10,49
36,11,55
36,12,399
36,13,114
36,14,222
36,17,315
36,18,130
36,19,305
36,20,29
36,21,202
36,22,345
36,23,152
36,27,370
36,28,229
36,31,134
36,32,266
36,33,233
36,35,159
36,37,45
36,38,99
36,40,59
36,41,54
36,44,246
36,45,172
36,47,72
36,49,30
36,50,62
36,51,289
36,52,26
36,53,17
36,54,297
36,55,13
36,56,29
36,58,196
36,59,241
36,61,355
36,63,219
36,66,145
36,67,175
36,69,188
36,72,392
36,73,22
36,75,330
36,76,96
36,78,244
36,80,151
36,81,369
36,82,28
36,83,280
36,84,327
36,86,275
36,87,102
36,88,115
36,89,204
36,91,300
36,92,28
36,93,77
36,94,395
36,97,133
36,98,142
36,100,18
36,101,177
36,102,390
36,104,370
36,106,13
36,112,168
36,114,133
36,118,272
36,124,120
36,126,35
36,129,11
36,130,303
36,135,240
36,137,224
36,138,345
36,143,1
36,144,2
36,147,288
36,156,104
36,161,4
36,164,388
36,165,247
36,166,23
36,171,240
36,176,18
36,177,365
36,180,121
36,181,258
36,184,160
36,186,256
36,192,151
36,196,48
36,197,82
36,200,23
37,1,377
37,2,26
37,3,344
37,4,209
37,5,116
37,6,255
37,8,372
37,9,6
37,12,7
37,13,238
37,14,249
37,17,325
37,19,217
37,20,40
37,21,345
37,24,149
37,25,309
37,28,4
37,29,324
37,30,19
37,32,391
37,33,173
37,34,70
37,35,147
37,36,45
37,39,317
37,41,16
37,45,26
37,46,273
37,47,358
37,48,399
37,51,53
37,53,41
37,57,358
37,58,376
37,59,135
37,60,131
37,61,110
37,62,90
37,64,140
37,67,296
37,68,183
37,69,128
37,70,271
37,71,187
37,73,145
37,76,177
37,77,38
37,78,153
37,79,400
37,80,5
37,82,382
37,83,67
37,85,62
37,86,78
37,87,296
37,89,160
37,90,207
37,93,89
37,95,275
37,97,80
37,99,271
37,101,285
37,103,355
37,105,235
37,108,295
37,109,235
37,112,91
37,113,361
37,114,131
37,116,304
37,118,38
37,120,244
37,125,58
37,128,181
37,129,175
37,132,140
37,135,28
37,139,134
37,143,75
37,145,115
37,148,267
37,149,151
37,150,266
37,158,148
37,160,117
37,161,207
37,163,313
37,172,281
37,175,154
37,178,321
37,180,213
37,181,383
37,183,129
37,184,135
37,192,369
37,193,58
37,195,230
37,197,40
38,1,99
38,3,99
38,4,211
38,7,44
38,8,210
38,10,103
38,12,28
38,13,93
38,17,192
38,18,177
38,19,99
38,23,378
38,24,193
38,25,388
38,27,173
38,28,111
38,29,42
38,30,3
38,31,383
38,32,87
38,33,297
38,36,99
38,39,98
38,40,377
38,41,53
38,42,325
38,44,369
38,45,85
38,46,72
38,47,359
38,50,110
38,51,156
38,52,297
38,54,398
38,56,333
38,61,127
38,62,61
38,63,151
38,65,203
38,67,317
38,68,202
38,70,277
38,72,331
38,75,219
38,76,65
38,77,160
38,78,101
38,80,128
38,81,387
38,83,241
38,84,319
38,85,335
38,86,247
38,87,194
38,88,225
38,90,8
38,92,24
38,93,305
38,94,60
38,95,261
38,97,257
38,99,33
38,101,41
38,104,50
38,107,87
38,109,188
38,111,236
38,115,32
38,118,189
38,120,110
38,122,180
38,123,44
38,124,349
38,125,395
38,127,362
38,128,283
38,130,326
38,131,250
38,132,92
38,133,42
38,135,33
38,136,314
38,139,331
38,140,143
38,141,323
38,142,174
38,157,283
38,161,145
38,162,319
38,165,189
38,166,246
38,168,187
38,170,6
38,176,288
38,181,66
38,185,332
38,193,101
38,194,103
38,197,260
39,1,273
39,2,173
39,3,218
39,5,342
39,8,278
39,10,39
39,12,242
39,13,379
39,14,369
39,15,47
39,16,141
39,17,280
39,18,30
39,19,185
39,21,280
39,22,395
39,24,54
39,25,17
39,26,219
39,27,309
39,28,204
39,30,386
39,31,42
39,32,186
39,33,97
39,35,205
39,37,317
39,38,98
39,40,87
39,41,32
39,42,154
39,44,257
39,45,343
39,46,248
39,47,264
39,49,87
39,50,255
39,52,141
39,54,108
39,56,19
39,57,203
39,58,27
39,59,326
39,60,132
39,61,181
39,63,314
39,67,70
39,69,359
39,70,298
39,72,342
39,73,287
39,75,314
39,76,308
39,79,353
39,80,37
39,83,136
39,84,389
39,85,130
39,88,28
39,92,331
39,94,182
39,95,174
39,96,322
39,102,296
39,103,283
39,106,366
39,108,201
39,109,79
39,112,296
39,115,27
39,116,88
39,119,299
39,121,130
39,124,110
39,125,233
39,140,311
39,142,230
39,144,71
39,146,186
39,147,336
39,148,61
39,153,84
39,154,346
39,157,370
39,159,233
39,168,350
39,169,12
39,171,187
39,175,398
39,177,270
39,184,162
39,185,267
39,186,285
39,190,155
39,194,112
39,200,219
40,4,289
40,7,303
40,8,278
40,9,7
40,10,135
40,11,120
40,13,82
40,14,271
40,17,393
40,19,261
40,20,245
40,21,27
40,22,332
40,24,15
40,25,201
40,26,209
40,28,112
40,30,140
40,31,304
40,32,147
40,35,146
40,36,59
40,38,377
40,39,87
40,41,383
40,42,37
40,43,259
40,44,274
40,45,91
40,46,368
40,47,188
40,48,62
40,49,327
40,51,317
40,53,70
40,54,83
40,55,373
40,56,36
40,57,8
40,58,292
40,59,273
40,60,380
40,61,152
40,62,117
40,63,162
40,64,188
40,65,106
40,67,28
40,68,287
40,70,304
40,71,338
40,72,19
40,76,312
40,78,84
40,79,282
40,81,202
40,82,350
40,85,46
40,86,41
40,88,272
40,90,106
40,91,248
40,92,188
40,96,259
40,98,75
40,99,238
40,103,213
40,105,142
40,106,367
40,107,382
40,109,146
40,110,250
40,111,77
40,114,380
40,116,254
40,120,25
40,122,234
40,130,210
40,131,140
40,137,304
40,138,139
40,145,64
40,147,10
40,149,66
40,151,396
40,152,13
40,159,127
40,162,309
40,164,131
40,165,231
40,166,98
40,169,213
40,170,186
40,174,133
40,176,110
40,180,37
40,182,274
40,185,198
40,186,128
40,190,359
40,192,84
40,198,166
41,2,81
41,4,85
41,6,297
41,7,64
41,14,365
41,16,279
41,17,130
41,18,207
41,19,226
41,20,162
41,22,206
41,26,307
41,29,118
41,30,294
41,31,83
41,33,343
41,35,124
41,36,54
41,37,16
41,38,53
41,39,32
41,40,383
41,42,400
41,43,51
41,46,3
41,47,350
41,48,41
41,49,305
41,51,17
41,52,32
41,53,47
41,54,119
41,55,144
41,57,391
41,58,178
41,59,377
41,60,123
41,62,74
41,63,46
41,64,390
41,66,256
41,69,80
41,70,397
41,72,213
41,73,382
41,76,42
41,79,330
41,80,365
41,84,254
41,86,265
41,89,262
41,90,78
41,91,201
41,92,278
41,95,289
41,96,148
41,97,35
41,100,290
41,101,372
41,107,166
41,108,338
41,110,390
41,111,116
41,112,279
41,113,135
41,115,32
41,122,273
41,123,246
41,126,52
41,127,282
41,128,253
41,132,221
41,140,265
41,141,98
41,144,162
41,145,310
41,155,366
41,158,353
41,160,334
41,162,225
41,163,253
41,165,81
41,166,230
41,168,339
41,172,27
41,178,336
41,179,200
41,183,238
41,185,341
