source,target,weight
1,2,394
1,3,289
1,5,362
1,6,214
1,7,387
1,12,52
1,14,287
1,16,47
1,17,66
1,18,156
1,19,208
1,22,353
1,23,271
1,25,12
1,27,67
1,28,234
1,30,44
1,31,307
1,32,49
1,33,5
1,34,325
1,35,30
1,36,206
1,37,257
1,38,335
1,39,329
1,40,149
1,41,89
1,42,255
1,44,358
1,45,46
1,46,237
1,47,128
1,48,260
1,49,229
1,50,256
1,51,386
1,52,195
1,54,81
1,62,203
1,65,200
1,67,26
1,69,246
1,71,259
1,72,392
1,74,135
1,75,232
1,78,45
1,82,74
1,84,47
1,88,155
1,93,112
1,98,210
1,99,354
1,103,393
1,104,186
1,106,24
1,108,161
1,111,181
1,113,49
1,117,32
1,121,368
1,126,341
1,129,262
1,130,120
1,137,252
1,140,267
1,146,17
1,147,337
1,148,63
1,154,167
1,157,199
1,158,216
1,165,196
1,170,103
1,173,354
1,185,128
1,189,240
1,192,16
1,194,148
1,197,242
2,1,394
2,3,332
2,4,374
2,5,90
2,6,162
2,7,343
2,8,15
2,10,169
2,11,30
2,14,218
2,15,268
2,16,65
2,17,235
2,18,119
2,19,30
2,20,344
2,21,231
2,26,89
2,27,364
2,28,122
2,29,334
2,33,67
2,34,193
2,36,103
2,38,331
2,39,140
2,40,337
2,41,370
2,42,153
2,45,33
2,49,157
2,50,167
2,54,23
2,55,278
2,56,240
2,57,3
2,58,102
2,60,119
2,61,109
2,62,206
2,67,334
2,70,96
2,72,369
2,74,255
2,75,226
2,77,191
2,78,258
2,79,3
2,83,341
2,91,62
2,96,394
2,97,129
2,106,268
2,107,364
2,109,203
2,111,136
2,112,348
2,113,137
2,119,107
2,125,388
2,127,77
2,133,353
2,135,216
2,138,360
2,141,235
2,147,135
2,151,144
2,153,343
2,158,171
2,160,215
2,167,165
2,174,341
2,176,342
2,182,305
2,194,343
2,198,323
3,1,289
3,2,332
3,4,33
3,5,308
3,7,75
3,8,128
3,9,253
3,10,123
3,11,213
3,12,394
3,14,290
3,16,32
3,19,299
3,20,149
3,21,210
3,23,23
3,26,319
3,27,106
3,30,226
3,33,395
3,35,66
3,36,107
3,37,40
3,39,68
3,40,294
3,42,219
3,45,333
3,48,121
3,49,142
3,50,156
3,51,318
3,54,309
3,56,29
3,58,395
3,59,60
3,60,336
3,63,338
3,68,94
3,70,203
3,72,339
3,74,15
3,75,162
3,77,390
3,79,93
3,84,95
3,85,362
3,87,244
3,90,191
3,93,19
3,96,110
3,98,302
3,100,56
3,101,315
3,102,345
3,108,326
3,118,46
3,120,110
3,124,361
3,128,285
3,139,272
3,141,15
3,143,371
3,144,63
3,151,47
3,153,92
3,155,107
3,167,244
3,175,266
3,178,130
3,183,22
3,187,200
3,189,58
3,198,56
4,2,374
4,3,33
4,6,277
4,7,118
4,8,25
4,9,355
4,13,86
4,14,288
4,16,136
4,17,175
4,20,150
4,21,380
4,22,58
4,23,336
4,24,382
4,25,239
4,27,41
4,28,351
4,30,159
4,33,198
4,36,109
4,41,360
4,42,349
4,43,359
4,44,49
4,45,399
4,46,96
4,51,148
4,52,395
4,55,286
4,60,283
4,63,285
4,67,126
4,70,144
4,74,120
4,75,89
4,77,335
4,78,15
4,80,271
4,82,261
4,83,246
4,84,298
4,87,234
4,88,342
4,91,312
4,98,280
4,101,43
4,102,180
4,104,89
4,107,130
4,109,118
4,111,26
4,114,322
4,118,216
4,132,161
4,136,300
4,137,161
4,138,20
4,146,187
4,148,45
4,155,268
4,157,282
4,162,57
4,165,79
4,173,81
4,181,192
4,184,312
4,185,190
4,195,362
5,1,362
5,2,90
5,3,308
5,6,360
5,8,356
5,9,43
5,10,249
5,11,372
5,12,268
5,14,70
5,15,352
5,17,5
5,18,290
5,19,100
5,20,177
5,21,371
5,22,5
5,23,260
5,26,53
5,27,13
5,28,199
5,29,155
5,30,333
5,31,236
5,32,195
5,33,271
5,36,242
5,37,241
5,38,370
5,39,393
5,40,251
5,42,95
5,43,175
5,44,121
5,46,325
5,51,364
5,53,80
5,56,295
5,59,116
5,60,191
5,61,20
5,66,230
5,69,22
5,71,393
5,73,274
5,74,347
5,77,179
5,79,125
5,80,234
5,81,358
5,82,43
5,83,385
5,84,19
5,85,90
5,86,150
5,87,279
5,90,392
5,93,37
5,95,55
5,96,199
5,97,86
5,101,143
5,105,357
5,107,221
5,110,283
5,117,362
5,120,324
5,121,192
5,122,150
5,125,51
5,127,219
5,133,166
5,134,216
5,136,157
5,137,397
5,140,3
5,141,133
5,145,48
5,150,9
5,152,281
5,153,396
5,163,66
5,169,67
5,170,119
5,177,4
5,188,76
5,192,138
6,1,214
6,2,162
6,4,277
6,5,360
6,7,119
6,8,270
6,10,159
6,12,176
6,13,295
6,14,318
6,15,173
6,17,394
6,18,316
6,19,128
6,20,212
6,22,346
6,23,344
6,24,130
6,25,120
6,27,284
6,30,256
6,31,251
6,32,368
6,34,319
6,35,203
6,36,204
6,37,305
6,38,357
6,39,100
6,41,358
6,43,13
6,44,122
6,46,132
6,47,189
6,50,216
6,53,43
6,54,114
6,55,278
6,56,358
6,57,236
6,59,75
6,60,282
6,63,120
6,66,12
6,67,46
6,72,33
6,80,59
6,81,178
6,86,372
6,87,173
6,90,359
6,91,47
6,93,225
6,96,310
6,101,341
6,102,316
6,104,257
6,105,296
6,108,236
6,112,181
6,120,362
6,126,94
6,128,286
6,131,279
6,145,131
6,149,147
6,151,134
6,156,189
6,160,280
6,163,372
6,166,160
6,169,259
6,170,77
6,178,384
6,180,90
6,190,173
6,193,34
7,1,387
7,2,343
7,3,75
7,4,118
7,6,119
7,8,247
7,9,111
7,10,292
7,11,179
7,12,215
7,13,311
7,15,285
7,16,162
7,17,188
7,20,70
7,21,363
7,22,231
7,23,362
7,25,290
7,26,72
7,28,172
7,31,252
7,32,68
7,33,77
7,34,346
7,35,228
7,36,21
7,37,227
7,38,44
7,39,38
7,40,27
7,42,11
7,43,318
7,45,189
7,46,310
7,48,394
7,50,60
7,52,277
7,53,375
7,54,317
7,55,88
7,56,125
7,57,48
7,61,353
7,64,293
7,65,210
7,66,53
7,68,64
7,69,314
7,70,391
7,71,260
7,73,220
7,74,309
7,75,336
7,79,354
7,82,48
7,83,112
7,87,316
7,91,372
7,93,177
7,95,262
7,102,392
7,105,164
7,108,220
7,111,275
7,113,398
7,120,136
7,122,178
7,131,365
7,133,150
7,140,284
7,143,47
7,144,86
7,145,198
7,158,106
7,160,13
7,168,337
7,178,239
7,185,243
7,188,11
7,192,330
7,195,299
7,197,105
8,2,15
8,3,128
8,4,25
8,5,356
8,6,270
8,7,247
8,10,92
8,11,90
8,12,104
8,13,57
8,14,192
8,16,11
8,17,318
8,18,212
8,19,138
8,20,195
8,21,192
8,22,26
8,23,293
8,24,81
8,25,154
8,27,99
8,29,32
8,30,95
8,34,217
8,35,102
8,38,163
8,39,250
8,41,62
8,44,276
8,45,226
8,47,270
8,51,202
8,55,195
8,56,251
8,57,293
8,60,210
8,61,373
8,62,330
8,65,256
8,66,207
8,72,272
8,76,95
8,77,303
8,82,126
8,84,114
8,88,183
8,92,76
8,97,378
8,102,191
8,104,228
8,110,13
8,113,106
8,118,297
8,120,323
8,127,381
8,138,71
8,144,304
8,162,227
8,164,246
8,166,162
8,172,67
8,173,153
8,174,184
8,177,246
8,190,177
8,197,196
8,198,214
9,3,253
9,4,355
9,5,43
9,7,111
9,10,385
9,13,95
9,15,226
9,19,180
9,21,53
9,22,109
9,23,306
9,24,386
9,25,142
9,26,162
9,27,70
9,30,76
9,31,366
9,32,119
9,33,132
9,34,151
9,36,307
9,37,246
9,38,358
9,39,45
9,40,262
9,42,260
9,43,66
9,46,143
9,47,112
9,48,208
9,50,351
9,52,162
9,56,222
9,57,330
9,58,295
9,60,258
9,61,312
9,64,19
9,73,315
9,78,85
9,79,96
9,84,191
9,85,35
9,89,227
9,91,354
9,92,241
9,93,211
9,95,33
9,100,48
9,102,125
9,109,155
9,114,119
9,115,72
9,119,294
9,123,209
9,124,2
9,126,169
9,132,182
9,134,171
9,142,318
9,147,4
9,156,166
9,163,303
9,171,127
9,180,132
9,186,239
9,192,385
10,2,169
10,3,123
10,5,249
10,6,159
10,7,292
10,8,92
10,9,385
10,11,87
10,13,74
10,14,247
10,15,271
10,17,317
10,18,23
10,19,302
10,20,288
10,21,205
10,23,183
10,24,177
10,27,337
10,28,26
10,29,132
10,32,320
10,33,2
10,34,275
10,35,4
10,37,249
10,39,250
10,40,172
10,41,378
10,42,252
10,43,32
10,44,296
10,45,52
10,49,241
10,50,38
10,51,203
10,52,236
10,55,151
10,61,139
10,62,397
10,63,312
10,64,314
10,66,196
10,69,35
10,70,186
10,71,138
10,73,63
10,75,374
10,77,392
10,78,335
10,80,195
10,84,375
10,98,364
10,99,385
10,103,376
10,111,273
10,114,70
10,120,107
10,121,185
10,125,209
10,128,344
10,133,191
10,149,95
10,150,215
10,156,129
10,160,378
10,175,123
10,177,239
10,180,5
10,182,136
10,187,303
10,190,116
10,196,29
10,198,85
10,200,129
11,2,30
11,3,213
11,5,372
11,7,179
11,8,90
11,10,87
11,12,318
11,13,303
11,14,298
11,15,14
11,16,2
11,17,274
11,19,291
11,20,13
11,21,336
11,23,329
11,24,78
11,26,61
11,27,359
11,28,37
11,32,131
11,33,126
11,34,385
11,35,346
11,36,376
11,38,321
11,40,364
11,41,220
11,42,27
11,43,28
11,46,357
11,47,240
11,51,298
11,52,193
11,53,228
11,56,67
11,58,297
11,61,245
11,62,370
11,66,212
11,67,36
11,72,291
11,75,178
11,76,313
11,79,94
11,85,308
11,86,31
11,88,290
11,89,344
11,94,68
11,95,113
11,97,169
11,98,41
11,99,156
11,103,221
11,104,335
11,105,341
11,120,302
11,121,145
11,124,397
11,127,379
11,132,346
11,135,389
11,139,296
11,142,5
11,146,368
11,156,68
11,157,90
11,171,56
11,182,352
11,183,29
11,189,163
11,191,322
12,1,52
12,3,394
12,5,268
12,6,176
12,7,215
12,8,104
12,11,318
12,13,376
12,14,88
12,15,289
12,16,292
12,19,142
12,20,46
12,21,202
12,22,2
12,23,163
12,24,368
12,25,14
12,29,134
12,30,320
12,32,231
12,34,238
12,35,110
12,39,193
12,41,80
12,43,5
12,45,148
12,48,127
12,50,350
12,53,262
12,55,391
12,56,208
12,61,38
12,64,134
12,65,316
12,70,122
12,72,19
12,78,250
12,81,327
12,83,64
12,86,26
12,87,253
12,91,10
12,101,107
12,107,38
12,109,14
12,111,192
12,118,163
12,120,233
12,122,375
12,124,343
12,125,238
12,128,348
12,143,44
12,144,193
12,145,163
12,150,336
12,151,241
12,153,383
12,164,207
12,181,234
12,183,125
12,187,107
12,191,265
12,194,97
12,200,183
13,4,86
13,6,295
13,7,311
13,8,57
13,9,95
13,10,74
13,11,303
13,12,376
13,14,240
13,15,165
13,19,161
13,20,308
13,24,361
13,25,253
13,28,127
13,29,75
13,30,252
13,31,126
13,32,72
13,35,370
13,36,356
13,37,43
13,39,237
13,40,362
13,41,334
13,42,355
13,43,238
13,44,148
13,45,69
13,46,300
13,47,3
13,48,254
13,49,39
13,50,239
13,57,294
13,60,241
13,61,162
13,64,79
13,65,53
13,68,274
13,72,94
13,74,30
13,75,234
13,85,73
13,88,94
13,95,103
13,97,124
13,99,6
13,100,264
13,105,207
13,108,314
13,110,307
13,111,190
13,112,258
13,114,100
13,117,235
13,118,35
13,124,374
13,125,177
13,128,254
13,132,82
13,137,213
13,138,124
13,140,230
13,143,239
13,158,16
13,159,48
13,162,284
13,166,26
13,169,175
13,170,232
13,177,141
13,179,280
13,180,143
13,194,310
14,1,287
14,2,218
14,3,290
14,4,288
14,5,70
14,6,318
14,8,192
14,10,247
14,11,298
14,12,88
14,13,240
14,15,30
14,16,33
14,17,86
14,18,36
14,19,11
14,20,203
14,21,353
14,23,44
14,24,199
14,25,339
14,26,368
14,27,9
14,28,166
14,29,375
14,32,35
14,34,377
14,37,353
14,38,188
14,39,283
14,41,60
14,43,360
14,44,160
14,45,301
14,46,3
14,47,317
14,48,124
14,49,218
14,50,357
14,52,200
14,53,154
14,54,205
14,55,396
14,60,299
14,63,170
14,66,276
14,67,374
14,70,355
14,71,301
14,72,328
14,75,71
14,76,324
14,82,360
14,83,361
14,91,38
14,94,148
14,100,159
14,104,178
14,108,259
14,109,360
14,110,194
14,111,221
14,117,202
14,118,321
14,120,267
14,121,379
14,124,240
14,126,333
14,128,127
14,132,361
14,133,316
14,137,61
14,144,44
14,146,118
14,147,305
14,148,340
14,150,398
14,155,74
14,166,56
14,167,102
14,169,151
14,176,9
14,178,180
14,186,155
14,187,120
14,190,207
14,193,276
15,2,268
15,5,352
15,6,173
15,7,285
15,9,226
15,10,271
15,11,14
15,12,289
15,13,165
15,14,30
15,17,217
15,18,361
15,19,342
15,20,237
15,22,313
15,23,356
15,24,165
15,25,255
15,26,180
15,27,300
15,29,250
15,30,157
15,32,252
15,34,163
15,37,293
15,38,309
15,40,247
15,42,174
15,45,48
15,46,109
15,47,314
15,48,231
15,49,33
15,53,153
15,56,247
15,57,320
15,59,96
15,61,126
15,63,387
15,64,104
15,65,117
15,66,184
15,68,36
15,72,278
15,74,380
15,78,394
15,79,64
15,82,116
15,83,266
15,84,288
15,88,294
15,89,95
15,92,367
15,93,106
15,99,355
15,102,310
15,104,132
15,105,71
15,110,387
15,113,312
15,115,25
15,120,207
15,124,343
15,136,352
15,137,306
15,149,83
15,151,372
15,152,375
15,155,189
15,158,396
15,166,178
15,170,93
15,172,148
15,173,247
15,178,11
15,183,165
15,184,270
15,185,63
15,189,70
15,194,375
15,195,338
15,196,339
16,1,47
16,2,65
16,3,32
16,4,136
16,7,162
16,8,11
16,11,2
16,12,292
16,14,33
16,20,108
16,21,111
16,22,197
16,24,371
16,25,1
16,26,52
16,28,393
16,30,130
16,31,12
16,32,198
16,33,266
16,34,389
16,36,226
16,37,398
16,38,389
16,40,255
16,44,43
16,45,291
16,48,257
16,50,348
16,53,228
16,54,196
16,57,230
16,59,144
16,64,180
16,65,151
16,66,375
16,67,345
16,73,112
16,76,291
16,79,335
16,80,69
16,81,288
16,82,336
16,84,198
16,89,360
16,90,262
16,91,328
16,93,210
16,94,53
16,97,319
16,99,81
16,102,28
16,118,334
16,119,132
16,126,94
16,129,65
16,130,147
16,140,209
16,141,70
16,146,171
16,148,168
16,149,223
16,150,361
16,152,75
16,156,376
16,164,57
16,165,339
16,167,224
16,168,308
16,177,391
16,189,343
16,193,328
16,194,307
17,1,66
17,2,235
17,4,175
17,5,5
17,6,394
17,7,188
17,8,318
17,10,317
17,11,274
17,14,86
17,15,217
17,18,387
17,19,209
17,20,303
17,21,81
17,22,171
17,24,108
17,28,267
17,29,216
17,30,47
17,31,85
17,33,181
17,34,181
17,35,320
17,41,383
17,42,302
17,47,91
17,48,339
17,49,265
17,51,152
17,53,220
17,59,205
17,62,306
17,64,315
17,67,64
17,68,141
17,72,351
17,74,379
17,76,336
17,80,376
17,82,266
17,83,273
17,87,336
17,88,79
17,89,13
17,91,400
17,100,39
17,102,194
17,105,57
17,106,178
17,107,285
17,109,99
17,110,241
17,112,257
17,115,252
17,117,11
17,123,83
17,128,106
17,129,176
17,131,381
17,133,144
17,134,287
17,139,358
17,142,212
17,145,205
17,154,156
17,159,179
17,160,158
17,166,127
17,170,128
17,174,390
17,178,383
17,189,243
17,192,387
18,1,156
18,2,119
18,5,290
18,6,316
18,8,212
18,10,23
18,14,36
18,15,361
18,17,387
18,19,168
18,21,81
18,22,42
18,24,338
18,27,101
18,28,155
18,29,23
18,31,50
18,32,348
18,33,124
18,35,82
18,36,95
18,39,152
18,40,178
18,41,31
18,43,54
18,44,113
18,45,309
18,46,374
18,47,22
18,48,58
18,49,258
18,51,271
18,54,91
18,56,272
18,58,84
18,59,186
18,60,33
18,62,267
18,63,54
18,64,327
18,65,209
18,67,367
18,69,250
18,71,170
18,72,221
18,76,25
18,79,284
18,80,210
18,87,127
18,90,351
18,92,176
18,93,11
18,95,347
18,97,80
18,101,7
18,102,191
18,103,340
18,108,353
18,116,127
18,123,222
18,124,387
18,127,169
18,142,105
18,143,242
18,161,216
18,162,145
18,165,196
18,173,230
18,175,122
18,178,192
18,181,49
18,195,141
18,197,135
18,198,152
18,199,242
19,1,208
19,2,30
19,3,299
19,5,100
19,6,128
19,8,138
19,9,180
19,10,302
19,11,291
19,12,142
19,13,161
19,14,11
19,15,342
19,17,209
19,18,168
19,22,152
19,25,307
19,26,118
19,28,259
19,29,312
19,31,196
19,33,58
19,34,39
19,35,190
19,36,109
19,37,203
19,38,165
19,39,371
19,41,297
19,42,249
19,43,392
19,44,20
19,45,52
19,47,209
19,50,124
19,53,230
19,54,260
19,55,184
19,56,71
19,57,104
19,62,351
19,64,84
19,66,8
19,71,215
19,72,287
19,74,45
19,77,74
19,78,169
19,79,262
19,80,373
19,88,86
19,94,340
19,99,320
19,100,70
19,101,323
19,109,349
19,110,326
19,121,28
19,124,368
19,129,295
19,130,244
19,131,106
19,132,121
19,136,109
19,138,14
19,140,59
19,143,108
19,144,392
19,145,395
19,151,200
19,152,271
19,153,2
19,155,378
19,157,159
19,158,353
19,167,73
19,170,227
19,177,285
19,188,358
19,193,156
19,197,149
19,198,198
20,2,344
20,3,149
20,4,150
20,5,177
20,6,212
20,7,70
20,8,195
20,10,288
20,11,13
20,12,46
20,13,308
20,14,203
20,15,237
20,16,108
20,17,303
20,21,303
20,22,86
20,24,179
20,25,297
20,26,310
20,27,47
20,29,346
20,31,146
20,32,178
20,35,307
20,37,333
20,41,322
20,42,286
20,45,309
20,47,138
20,48,42
20,49,365
20,51,198
20,52,163
20,55,225
20,59,28
20,60,263
20,62,112
20,63,196
20,64,298
20,67,353
20,68,206
20,69,246
20,73,148
20,76,233
20,77,257
20,80,287
20,81,361
20,82,363
20,84,65
20,86,364
20,95,304
20,96,50
20,97,53
20,99,206
20,100,232
20,101,345
20,103,319
20,115,79
20,122,393
20,123,75
20,126,238
20,131,215
20,133,105
20,140,257
20,150,110
20,154,278
20,169,165
20,171,262
20,173,111
20,188,308
20,190,8
20,191,380
21,2,231
21,3,210
21,4,380
21,5,371
21,7,363
21,8,192
21,9,53
21,10,205
21,11,336
21,12,202
21,14,353
21,16,111
21,17,81
21,18,81
21,20,303
21,23,262
21,24,279
21,25,36
21,26,152
21,27,128
21,28,53
21,30,24
21,31,210
21,32,222
21,36,346
21,38,231
21,39,124
21,43,293
21,45,393
21,46,189
21,48,282
21,50,199
21,52,290
21,55,95
21,56,316
21,57,285
21,58,302
21,60,91
21,61,3
21,63,149
21,64,276
21,65,292
21,69,393
21,70,70
21,76,229
21,80,34
21,83,92
21,85,174
21,88,189
21,90,383
21,91,378
21,92,327
21,93,54
21,102,117
21,103,313
21,106,256
21,107,223
21,110,102
21,115,276
21,117,227
21,119,150
21,132,262
21,133,132
21,142,23
21,146,255
21,148,360
21,149,292
21,152,296
21,156,54
21,162,272
21,165,360
21,172,123
21,184,210
21,188,79
21,193,173
21,200,65
22,1,353
22,4,58
22,5,5
22,6,346
22,7,231
22,8,26
22,9,109
22,12,2
22,15,313
22,16,197
22,17,171
22,18,42
22,19,152
22,20,86
22,24,170
22,25,146
22,26,79
22,27,70
22,29,102
22,32,155
22,33,102
22,35,16
22,37,111
22,38,337
22,41,256
22,43,279
22,44,172
22,46,17
22,48,301
22,49,155
22,51,210
22,52,364
22,53,49
22,57,55
22,58,192
22,59,395
22,62,262
22,64,294
22,66,73
22,68,349
22,69,117
22,70,115
22,73,167
22,80,273
22,85,112
22,87,325
22,89,146
22,90,338
22,94,351
22,96,326
22,97,354
22,98,322
22,109,206
22,110,159
22,111,209
22,117,387
22,121,324
22,122,323
22,123,172
22,135,313
22,138,373
22,139,58
22,140,104
22,143,97
22,144,392
22,148,21
22,150,72
22,153,155
22,154,203
22,157,285
22,158,302
22,163,101
22,171,107
22,184,114
22,190,287
22,191,344
23,1,271
23,3,23
23,4,336
23,5,260
23,6,344
23,7,362
23,8,293
23,9,306
23,10,183
23,11,329
23,12,163
23,14,44
23,15,356
23,21,262
23,24,354
23,25,316
23,28,304
23,29,244
23,30,354
23,31,170
23,35,274
23,36,95
23,38,319
23,39,372
23,42,210
23,47,215
23,48,263
23,49,61
23,50,235
23,51,293
23,52,226
23,53,304
23,54,336
23,55,188
23,59,330
23,60,269
23,61,166
23,62,370
23,66,62
23,68,3
23,71,52
23,73,339
23,76,174
23,83,286
23,84,4
23,85,352
23,86,103
23,87,10
23,90,133
23,98,310
23,99,216
23,102,383
23,103,204
23,108,360
23,111,111
23,114,297
23,115,346
23,116,131
23,119,276
23,121,346
23,122,172
23,124,184
23,126,202
23,132,170
23,135,64
23,136,324
23,138,129
23,147,222
23,148,105
23,159,86
23,164,130
23,167,202
23,175,365
23,176,352
23,179,194
23,183,44
23,185,31
23,188,353
23,198,354
23,199,44
24,4,382
24,6,130
24,8,81
24,9,386
24,10,177
24,11,78
24,12,368
24,13,361
24,14,199
24,15,165
24,16,371
24,17,108
24,18,338
24,20,179
24,21,279
24,22,170
24,23,354
24,27,200
24,28,213
24,29,183
24,30,317
24,32,188
24,33,179
24,34,241
24,35,313
24,36,24
24,37,162
24,38,287
24,39,271
24,40,53
24,43,303
24,44,299
24,46,166
24,47,228
24,48,383
24,49,239
24,51,160
24,52,105
24,54,386
24,57,398
24,58,322
24,62,11
24,65,24
24,69,362
24,71,351
24,72,238
24,73,279
24,78,126
24,79,279
24,83,118
24,88,309
24,89,187
24,90,283
24,91,264
24,92,198
24,94,128
24,95,113
24,96,313
24,104,346
24,113,396
24,115,286
24,118,33
24,121,98
24,130,32
24,137,349
24,145,258
24,146,314
24,151,268
24,152,52
24,155,203
24,159,10
24,161,143
24,164,136
24,165,140
24,195,212
24,196,292
25,1,12
25,4,239
25,6,120
25,7,290
25,8,154
25,9,142
25,12,14
25,13,253
25,14,339
25,15,255
25,16,1
25,19,307
25,20,297
25,21,36
25,22,146
25,23,316
25,26,83
25,27,338
25,31,83
25,32,88
25,34,177
25,36,394
25,38,11
25,41,33
25,42,260
25,43,376
25,44,64
25,45,236
25,46,329
25,47,25
25,48,131
25,52,110
25,53,223
25,54,360
25,56,182
25,59,300
25,60,286
25,64,331
25,70,96
25,78,124
25,81,320
25,90,1
25,91,299
25,92,8
25,93,217
25,100,283
25,102,127
25,103,347
25,105,383
25,106,90
25,109,44
25,110,229
25,111,282
25,116,67
25,122,157
25,124,258
25,126,316
25,143,123
25,145,391
25,162,166
25,164,202
25,167,137
25,173,41
25,180,362
25,191,23
25,195,138
25,196,184
25,197,12
26,2,89
26,3,319
26,5,53
26,7,72
26,9,162
26,11,61
26,14,368
26,15,180
26,16,52
26,19,118
26,20,310
26,21,152
26,22,79
26,25,83
26,27,84
26,28,50
26,29,369
26,30,181
26,31,392
26,33,30
26,34,165
26,35,9
26,36,1
26,37,184
26,42,133
26,43,308
26,45,330
26,46,18
26,47,332
26,49,125
26,50,97
26,51,215
26,52,126
26,53,41
26,55,158
26,58,148
26,59,228
26,66,297
26,67,124
26,68,241
26,70,331
26,74,330
26,77,344
26,79,228
26,81,190
26,82,400
26,83,308
26,94,190
26,99,291
26,105,6
26,106,91
26,107,185
26,108,11
26,112,239
26,118,137
26,120,156
26,127,325
26,134,193
26,138,235
26,139,247
26,143,150
26,147,335
26,158,94
26,161,164
26,163,143
26,165,307
26,167,57
26,176,91
26,189,2
27,1,67
27,2,364
27,3,106
27,4,41
27,5,13
27,6,284
27,8,99
27,9,70
27,10,337
27,11,359
27,14,9
27,15,300
27,18,101
27,20,47
27,21,128
27,22,70
27,24,200
27,25,338
27,26,84
27,28,37
27,30,126
27,31,279
27,32,342
27,34,118
27,36,286
27,37,85
27,38,367
27,39,54
27,41,79
27,44,223
27,45,239
27,46,97
27,47,260
27,48,302
27,50,226
27,52,369
27,54,293
27,56,357
27,71,364
27,74,349
27,77,299
27,78,73
27,84,333
27,85,256
27,86,350
27,87,254
27,90,276
27,92,113
27,93,231
27,96,263
27,97,385
27,100,191
27,102,140
27,104,100
27,108,249
27,109,109
27,113,154
27,114,315
27,119,129
27,121,307
27,125,219
27,130,112
27,132,45
27,137,65
27,145,37
27,146,22
27,148,44
27,149,26
27,152,357
27,156,294
27,159,55
27,160,144
27,161,258
27,170,93
27,176,264
27,186,40
28,1,234
28,2,122
28,4,351
28,5,199
28,7,172
28,10,26
28,11,37
28,13,127
28,14,166
28,16,393
28,17,267
28,18,155
28,19,259
28,21,53
28,23,304
28,24,213
28,26,50
28,27,37
28,29,202
28,30,89
28,31,126
28,33,280
28,38,349
28,39,329
28,40,361
28,44,310
28,47,316
28,49,121
28,55,334
28,57,22
28,59,330
28,60,218
28,64,57
28,65,80
28,67,203
28,70,185
28,71,258
28,75,159
28,76,334
28,80,384
28,82,205
28,86,64
28,87,375
28,90,114
28,92,138
28,93,135
28,94,325
28,97,185
28,98,211
28,101,70
28,104,179
28,119,356
28,121,201
28,128,213
28,130,268
28,141,275
28,142,1
28,144,71
28,149,324
28,163,257
28,164,6
28,169,183
28,176,319
28,182,26
28,183,356
28,191,67
29,2,334
29,5,155
29,8,32
29,10,132
29,12,134
29,13,75
29,14,375
29,15,250
29,17,216
29,18,23
29,19,312
29,20,346
29,22,102
29,23,244
29,24,183
29,26,369
29,28,202
29,32,383
29,34,182
29,35,160
29,36,246
29,37,29
29,38,111
29,39,254
29,40,198
29,43,154
29,46,328
29,48,9
29,49,380
29,50,109
29,51,348
29,53,47
29,54,380
29,55,42
29,58,365
29,60,285
29,61,274
29,65,205
29,69,172
29,71,72
29,75,307
29,76,45
29,77,71
29,80,188
29,81,285
29,82,332
29,86,140
29,90,71
29,91,341
29,93,110
29,99,64
29,100,112
29,104,337
29,105,135
29,107,336
29,111,294
29,114,29
29,116,235
29,118,270
29,128,276
29,133,318
29,136,47
29,141,135
29,145,46
29,147,320
29,149,16
29,160,291
29,161,249
29,167,44
29,170,283
29,172,275
29,174,359
29,175,261
29,185,330
29,193,135
29,198,97
29,199,153
30,1,44
30,3,226
30,4,159
30,5,333
30,6,256
30,8,95
30,9,76
30,12,320
30,13,252
30,15,157
30,16,130
30,17,47
30,21,24
30,23,354
30,24,317
30,26,181
30,27,126
30,28,89
30,31,365
30,32,32
30,33,321
30,34,215
30,38,85
30,39,143
30,40,191
30,47,286
30,48,21
30,49,135
30,51,265
30,52,370
30,53,92
30,55,135
30,57,57
30,58,30
30,60,312
30,65,309
30,67,223
30,68,18
30,69,214
30,70,372
30,71,262
30,73,160
30,75,226
30,80,286
30,88,104
30,98,382
30,100,229
30,109,370
30,112,333
30,113,364
30,115,32
30,117,132
30,118,219
30,119,108
30,120,189
30,124,282
30,129,227
30,131,286
30,132,9
30,138,185
30,141,354
30,145,272
30,146,119
30,147,233
30,149,331
30,151,202
30,155,4
30,158,373
30,160,206
30,170,215
30,180,155
30,197,267
31,1,307
31,5,236
31,6,251
31,7,252
31,9,366
31,13,126
31,16,12
31,17,85
31,18,50
31,19,196
31,20,146
31,21,210
31,23,170
31,25,83
31,26,392
31,27,279
31,28,126
31,30,365
31,33,186
31,34,364
31,37,186
31,38,300
31,41,266
31,43,170
31,44,142
31,45,350
31,46,202
31,48,338
31,49,160
31,52,118
31,54,69
31,55,376
31,56,241
31,57,131
31,58,317
31,62,348
31,63,158
31,64,94
31,65,377
31,66,354
31,67,148
31,69,220
31,70,6
31,73,156
31,74,292
31,75,262
31,77,189
31,80,52
31,85,374
31,90,309
31,92,88
31,93,319
31,95,179
31,96,89
31,100,254
31,101,274
31,103,163
31,104,131
31,105,218
31,107,193
31,112,373
31,115,327
31,116,303
31,117,385
31,127,93
31,130,396
31,132,126
31,138,148
31,141,47
31,142,165
31,154,365
31,161,258
31,169,120
31,171,305
31,173,359
31,176,140
31,179,292
31,181,154
31,184,42
31,185,394
31,187,75
31,199,207
31,200,116
32,1,49
32,5,195
32,6,368
32,7,68
32,9,119
32,10,320
32,11,131
32,12,231
32,13,72
32,14,35
32,15,252
32,16,198
32,18,348
32,20,178
32,21,222
32,22,155
32,24,188
32,25,88
32,27,342
32,29,383
32,30,32
32,34,32
32,36,234
32,37,182
32,38,9
32,41,276
32,43,151
32,44,385
32,45,345
32,47,89
32,48,379
32,51,286
32,52,257
32,53,91
32,57,176
32,58,262
32,60,142
32,61,216
32,63,333
32,68,316
32,69,198
32,72,350
32,74,104
32,77,51
32,78,32
32,82,193
32,84,287
32,86,25
32,88,301
32,89,104
32,92,314
32,95,311
32,96,72
32,97,342
32,98,311
32,102,76
32,103,358
32,106,70
32,108,34
32,113,130
32,118,314
32,128,153
32,131,108
32,134,182
32,136,170
32,139,218
32,140,44
32,142,75
32,143,159
32,151,399
32,155,89
32,159,41
32,163,121
32,174,161
32,176,40
32,185,169
32,196,373
33,1,5
33,2,67
33,3,395
33,4,198
33,5,271
33,7,77
33,9,132
33,10,2
33,11,126
33,16,266
33,17,181
33,18,124
33,19,58
33,22,102
33,24,179
33,26,30
33,28,280
33,30,321
33,31,186
33,37,253
33,39,338
33,41,373
33,42,224
33,43,314
33,45,218
33,48,389
33,49,354
33,50,342
33,51,145
33,52,16
33,54,378
33,56,368
33,57,379
33,58,165
33,59,207
33,60,71
33,62,59
33,66,66
33,67,254
33,68,318
33,70,298
33,76,385
33,77,319
33,79,84
33,81,391
33,82,354
33,84,225
33,88,278
33,92,133
33,93,299
33,94,77
33,96,240
33,97,167
33,98,312
33,99,192
33,100,11
33,101,7
33,103,93
33,112,150
33,113,263
33,115,66
33,117,391
33,124,232
33,130,330
33,133,256
33,134,348
33,138,383
33,146,106
33,149,175
33,151,34
33,155,37
33,160,30
33,168,140
33,176,218
33,177,61
33,184,201
33,186,309
33,188,180
33,190,211
33,193,258
33,195,152
33,198,363
34,1,325
34,2,193
34,6,319
34,7,346
34,8,217
34,9,151
34,10,275
34,11,385
34,12,238
34,14,377
34,15,163
34,16,389
34,17,181
34,19,39
34,24,241
34,25,177
34,26,165
34,27,118
34,29,182
34,30,215
34,31,364
34,32,32
34,35,24
34,36,198
34,38,181
34,39,117
34,40,14
34,41,393
34,43,98
34,44,396
34,46,252
34,47,320
34,49,175
34,52,89
34,53,328
34,54,89
34,55,48
34,56,387
34,57,42
34,59,355
34,62,364
34,63,130
34,64,116
34,65,163
34,66,104
34,68,155
34,69,13
34,72,333
34,73,399
34,74,95
34,76,388
34,77,318
34,79,297
34,81,219
34,83,101
34,90,283
34,97,282
34,99,81
34,101,196
34,106,315
34,112,86
34,115,277
34,119,182
34,120,51
34,139,207
34,144,43
34,145,268
34,151,193
34,154,372
34,167,9
34,190,303
34,198,322
35,1,30
35,3,66
35,6,203
35,7,228
35,8,102
35,10,4
35,11,346
35,12,110
35,13,370
35,17,320
35,18,82
35,19,190
35,20,307
35,22,16
35,23,274
35,24,313
35,26,9
35,29,160
35,34,24
35,36,16
35,38,393
35,39,212
35,40,121
35,41,385
35,42,66
35,43,253
35,44,91
35,45,91
35,46,183
35,48,269
35,52,315
35,55,364
35,56,186
35,57,68
35,58,190
35,61,3
35,63,394
35,70,325
35,71,132
35,80,322
35,83,102
35,84,350
35,85,193
35,86,28
35,91,259
35,93,204
35,94,301
35,99,50
35,103,148
35,107,267
35,113,331
35,114,205
35,116,32
35,118,375
35,121,78
35,130,208
35,131,220
35,133,74
35,134,36
35,135,137
35,136,271
35,168,317
35,169,15
35,172,275
35,177,272
35,194,225
35,195,63
36,1,206
36,2,103
36,3,107
36,4,109
36,5,242
36,6,204
36,7,21
36,9,307
36,11,376
36,13,356
36,16,226
36,18,95
36,19,109
36,21,346
36,23,95
36,24,24
36,25,394
36,26,1
36,27,286
36,29,246
36,32,234
36,34,198
36,35,16
36,39,307
36,40,224
36,41,78
36,43,283
36,46,24
36,48,349
36,49,322
36,51,221
36,62,273
36,64,142
36,67,182
36,68,239
36,74,335
36,76,250
36,80,163
36,81,228
36,87,299
36,91,9
36,95,323
36,98,346
36,102,376
36,103,264
36,104,124
36,105,227
36,110,32
36,111,67
36,126,133
36,127,193
36,129,350
36,130,313
36,132,56
36,137,54
36,139,159
36,141,301
36,159,60
36,163,51
36,165,75
36,167,194
36,171,248
36,175,60
36,179,185
36,183,243
36,184,274
36,189,57
36,193,324
37,1,257
37,3,40
37,5,241
37,6,305
37,7,227
37,9,246
37,10,249
37,13,43
37,14,353
37,15,293
37,16,398
37,19,203
37,20,333
37,22,111
37,24,162
37,26,184
37,27,85
37,29,29
37,31,186
37,32,182
37,33,253
37,42,56
37,45,327
37,47,285
37,48,389
37,50,48
37,51,338
37,52,183
37,56,247
37,60,297
37,66,381
37,67,384
37,68,332
37,69,70
37,71,346
37,72,66
37,75,143
37,76,328
37,77,258
37,98,109
37,99,133
37,105,173
37,108,315
37,110,169
37,113,198
37,114,325
37,116,67
37,120,153
37,125,34
37,126,339
37,129,351
37,137,250
37,138,315
37,140,382
37,143,295
37,147,231
37,152,93
37,159,239
37,167,227
37,173,396
37,178,310
37,188,150
37,193,390
37,199,249
38,1,335
38,2,331
38,5,370
38,6,357
38,7,44
38,8,163
38,9,358
38,11,321
38,14,188
38,15,309
38,16,389
38,19,165
38,21,231
38,22,337
38,23,319
38,24,287
38,25,11
38,27,367
38,28,349
38,29,111
38,30,85
38,31,300
38,32,9
38,34,181
38,35,393
38,39,150
38,40,355
38,44,364
38,46,101
38,47,78
38,50,56
38,51,235
38,58,217
38,66,95
38,70,217
38,72,359
38,73,260
38,76,77
38,77,277
38,78,4
38,81,219
38,85,115
38,88,291
38,91,14
38,95,104
38,96,324
38,97,111
38,103,393
38,107,175
38,109,142
38,111,137
38,115,326
38,116,194
38,119,247
38,120,256
38,123,87
38,125,181
38,132,56
38,136,221
38,138,340
38,140,346
38,142,35
38,146,341
38,150,148
38,151,291
38,156,295
38,159,55
38,161,40
38,164,200
38,166,25
38,169,370
38,176,50
38,186,12
38,188,394
38,198,171
38,199,309
39,1,329
39,2,140
39,3,68
39,5,393
39,6,100
39,7,38
39,8,250
39,9,45
39,10,250
39,12,193
39,13,237
39,14,283
39,18,152
39,19,371
39,21,124
39,23,372
39,24,271
39,27,54
39,28,329
39,29,254
39,30,143
39,33,338
39,34,117
39,35,212
39,36,307
39,38,150
39,40,400
39,41,11
39,42,354
39,44,133
39,45,287
39,46,41
39,47,228
39,48,204
39,49,204
39,51,259
39,53,102
39,54,350
39,56,215
39,59,395
39,60,16
39,62,277
39,68,108
39,70,292
39,72,185
39,73,301
39,75,65
39,79,373
39,87,117
39,89,240
39,91,312
39,95,2
39,99,337
39,101,3
39,105,115
39,109,115
39,111,141
39,114,232
39,117,46
39,121,125
39,124,382
39,130,384
39,131,34
39,135,395
39,139,129
39,140,385
39,142,161
39,145,187
39,151,202
39,165,385
39,168,61
39,183,336
39,186,366
39,192,350
39,194,189
39,197,176
40,1,149
40,2,337
40,3,294
40,5,251
40,7,27
40,9,262
40,10,172
40,11,364
40,13,362
40,15,247
40,16,255
40,18,178
40,24,53
40,28,361
40,29,198
40,30,191
40,34,14
40,35,121
40,36,224
40,38,355
40,39,400
40,41,343
40,42,92
40,46,347
40,50,13
40,56,224
40,57,315
40,59,206
40,61,170
40,65,209
40,66,324
40,71,90
40,75,80
40,77,281
40,78,4
40,81,240
40,82,267
40,84,257
40,91,79
40,93,9
40,94,213
40,97,377
40,99,190
40,100,188
40,102,34
40,108,282
40,109,65
40,111,335
40,114,326
40,117,49
40,118,291
40,122,383
40,123,70
40,124,170
40,135,125
40,149,362
40,150,218
40,151,56
40,154,298
40,155,332
40,159,51
40,165,386
40,172,202
40,180,208
40,181,19
40,186,267
40,187,219
40,190,251
40,193,209
40,197,365
41,1,89
41,2,370
41,4,360
41,6,358
41,8,62
41,10,378
41,11,220
41,12,80
41,13,334
41,14,60
41,17,383
41,18,31
41,19,297
41,20,322
41,22,256
41,25,33
41,27,79
41,31,266
41,32,276
41,33,373
41,34,393
41,35,385
41,36,78
41,39,11
41,40,343
41,42,28
41,43,269
41,44,193
41,47,375
41,48,86
41,49,339
41,50,122
41,51,16
41,54,44
41,56,206
41,57,162
41,62,156
41,64,64
41,65,179
41,67,150
41,68,123
41,74,22
41,81,360
41,82,209
41,84,229
41,86,108
41,88,185
41,89,163
41,97,43
41,106,90
41,107,312
41,111,331
41,116,274
41,121,108
41,123,309
41,125,248
41,134,131
41,140,382
41,142,376
41,157,205
41,166,194
41,171,62
41,173,169
41,177,268
41,180,310
41,181,292
41,185,317
41,188,298
41,195,13
41,196,386
42,1,255
42,2,153
42,3,219
42,4,349
42,5,95
42,7,11
42,9,260
42,10,252
42,11,27
42,13,355
42,15,174
42,17,302
42,19,249
42,20,286
42,23,210
42,25,260
42,26,133
42,33,224
42,35,66
42,37,56
42,39,354
42,40,92
42,41,28
42,43,69
42,44,272
42,45,278
42,50,205
42,52,3
42,53,131
42,55,262
42,56,8
42,57,318
42,59,235
42,62,322
42,63,57
42,64,357
42,65,65
42,69,144
42,71,198
42,73,55
42,74,146
42,76,303
42,78,107
42,81,73
42,85,293
42,89,126
42,96,120
42,98,339
42,102,382
42,104,202
42,107,364
42,109,379
42,111,373
42,117,350
42,119,325
42,120,125
42,126,18
42,132,114
42,136,305
42,138,101
42,143,113
42,145,190
42,148,138
42,152,165
42,160,296
42,166,103
42,168,90
42,181,111
42,183,203
42,189,68
42,190,131
43,4,359
43,5,175
43,6,13
43,7,318
43,9,66
43,10,32
43,11,28
43,12,5
43,13,238
43,14,360
43,18,54
43,19,392
43,21,293
43,22,279
43,24,303
43,25,376
43,26,308
43,29,154
43,31,170
43,32,151
43,33,314
43,34,98
43,35,253
43,36,283
43,41,269
43,42,69
43,45,8
43,46,310
43,47,61
43,49,226
43,51,54
43,53,365
43,55,331
43,56,69
43,60,131
43,61,68
43,62,283
43,64,141
43,65,269
43,67,278
43,70,256
43,71,88
43,72,300
43,73,383
43,75,383
43,76,4
43,79,304
43,82,361
43,84,310
43,92,29
43,93,61
43,95,234
43,97,5
43,100,347
43,101,311
43,106,319
43,112,104
43,113,5
43,115,52
43,117,129
43,119,76
43,120,312
43,125,255
43,141,390
43,144,312
43,145,185
43,152,319
43,155,4
43,160,356
43,163,83
43,164,320
43,166,224
43,172,257
43,173,2
43,179,111
43,184,320
43,188,202
43,191,73
43,194,260
44,1,358
44,4,49
44,5,121
44,6,122
44,8,276
44,10,296
44,13,148
44,14,160
44,16,43
44,18,113
44,19,20
44,22,172
44,24,299
44,25,64
44,27,223
44,28,310
44,31,142
44,32,385
44,34,396
44,35,91
44,38,364
44,39,133
44,41,193
44,42,272
44,46,257
44,47,111
44,51,121
44,54,306
44,56,102
44,57,366
44,59,119
44,62,72
44,63,185
44,70,243
44,71,200
44,72,400
44,74,146
44,82,168
44,92,165
44,94,20
44,95,314
44,97,313
44,98,397
44,102,78
44,104,21
44,105,129
44,106,4
44,110,398
44,119,327
44,123,285
44,132,333
44,136,62
44,139,123
44,141,279
44,142,337
44,152,164
44,157,72
44,164,217
44,166,204
44,171,377
44,174,104
44,180,32
44,184,224
44,185,168
44,187,349
44,189,31
45,1,46
45,2,33
45,3,333
45,4,399
45,7,189
45,8,226
45,10,52
45,12,148
45,13,69
45,14,301
45,15,48
45,16,291
45,18,309
45,19,52
45,20,309
45,21,393
45,25,236
45,26,330
45,27,239
45,31,350
45,32,345
45,33,218
45,35,91
45,37,327
45,39,287
45,42,278
45,43,8
45,46,290
45,48,315
45,49,67
45,52,240
45,53,140
45,55,250
45,59,296
45,63,329
45,65,315
45,67,41
45,68,235
45,72,212
45,73,172
45,76,163
45,79,308
45,83,227
45,84,86
45,89,102
45,94,135
45,97,156
45,100,400
45,105,393
45,106,304
45,110,111
45,117,161
45,118,384
45,120,71
45,126,65
45,127,18
45,128,116
45,134,239
45,139,222
45,147,174
45,150,192
45,152,120
45,153,334
45,156,11
45,157,176
45,160,213
45,162,358
45,168,191
45,175,52
45,180,345
45,190,145
45,191,301
46,1,237
46,4,96
46,5,325
46,6,132
46,7,310
46,9,143
46,11,357
46,13,300
46,14,3
46,15,109
46,18,374
46,21,189
46,22,17
46,24,166
46,25,329
46,26,18
46,27,97
46,29,328
46,31,202
46,34,252
46,35,183
46,36,24
46,38,101
46,39,41
46,40,347
46,43,310
46,44,257
46,45,290
46,47,163
46,49,370
46,52,99
46,54,106
46,55,272
46,56,323
46,57,363
46,58,278
46,59,49
46,60,256
46,61,254
46,63,143
46,64,201
46,69,78
46,71,32
46,72,225
46,77,183
46,79,352
46,83,73
46,84,220
46,86,282
46,91,336
46,106,320
46,110,87
46,122,323
46,123,201
46,128,253
46,140,325
46,143,130
46,150,19
46,153,48
46,157,10
46,160,95
46,164,167
46,166,302
46,171,163
46,181,250
46,191,215
46,192,141
46,193,321
46,200,82
47,1,128
47,6,189
47,8,270
47,9,112
47,11,240
47,13,3
47,14,317
47,15,314
47,17,91
47,18,22
47,19,209
47,20,138
47,23,215
47,24,228
47,25,25
47,26,332
47,27,260
47,28,316
47,30,286
47,32,89
47,34,320
47,37,285
47,38,78
47,39,228
47,41,375
47,43,61
47,44,111
47,46,163
47,49,330
47,53,134
47,54,89
47,55,40
47,56,382
47,59,273
47,60,274
47,61,246
47,62,365
47,63,128
47,66,384
47,69,301
47,73,279
47,75,296
47,78,227
47,83,131
47,85,57
47,86,226
47,89,318
47,92,33
47,99,356
47,100,379
47,104,257
47,109,324
47,113,218
47,120,132
47,123,83
47,125,278
47,126,103
47,134,305
47,136,158
47,140,365
47,152,80
47,153,166
47,154,120
47,155,157
47,157,166
47,161,372
47,162,297
47,165,276
47,167,320
47,174,232
47,184,194
47,188,83
47,189,210
48,1,260
48,3,121
48,7,394
48,9,208
48,12,127
48,13,254
48,14,124
48,15,231
48,16,257
48,17,339
48,18,58
48,20,42
48,21,282
48,22,301
48,23,263
48,24,383
48,25,131
48,27,302
48,29,9
48,30,21
48,31,338
48,32,379
48,33,389
48,35,269
48,36,349
48,37,389
48,39,204
48,41,86
48,45,315
48,50,64
48,52,368
48,53,377
48,54,383
48,58,281
48,59,204
48,63,238
48,64,384
48,68,213
48,69,20
48,70,8
48,71,112
48,76,386
48,80,277
48,81,378
48,82,199
48,88,250
48,90,183
48,94,128
48,96,184
48,98,173
48,101,252
48,104,128
48,105,120
48,106,207
48,114,191
48,121,42
48,123,179
48,125,90
48,130,70
48,139,205
48,153,248
48,158,136
48,159,128
48,161,259
48,162,120
48,174,257
48,175,194
48,178,280
48,182,197
48,192,190
48,197,49
49,1,229
49,2,157
49,3,142
49,10,241
49,13,39
49,14,218
49,15,33
49,17,265
49,18,258
49,20,365
49,22,155
49,23,61
49,24,239
49,26,125
49,28,121
49,29,380
49,30,135
49,31,160
49,33,354
49,34,175
49,36,322
49,39,204
49,41,339
49,43,226
49,45,67
49,46,370
49,47,330
49,50,209
49,51,284
49,53,234
49,55,126
49,57,26
49,59,369
49,60,181
49,61,169
49,62,21
49,64,393
49,66,223
49,67,42
49,68,83
49,74,100
49,76,72
49,77,266
49,78,189
49,84,363
49,85,259
49,86,108
49,89,246
49,91,331
49,93,397
49,95,8
49,97,227
49,98,384
49,100,29
49,103,186
49,106,107
49,110,314
49,111,36
49,112,171
49,116,75
49,118,338
49,125,18
49,128,380
49,140,179
49,143,268
49,148,345
49,149,180
49,154,230
49,156,202
49,160,84
49,161,205
49,164,262
49,174,134
49,176,59
49,177,121
49,181,7
49,186,394
49,195,281
50,1,256
50,2,167
50,3,156
50,6,216
50,7,60
50,9,351
50,10,38
50,12,350
50,13,239
50,14,357
50,16,348
50,19,124
50,21,199
50,23,235
50,26,97
50,27,226
50,29,109
50,33,342
50,37,48
50,38,56
50,40,13
50,41,122
50,42,205
50,48,64
50,49,209
50,51,160
50,54,86
50,55,210
50,57,340
50,58,370
50,61,70
50,62,382
50,63,364
50,65,39
50,68,266
50,69,59
50,71,182
50,73,391
50,78,394
50,79,49
50,81,395
50,86,283
50,89,182
50,90,201
50,91,247
50,98,191
50,100,68
50,104,89
50,106,327
50,118,183
50,119,1
50,121,94
50,124,230
50,127,244
50,133,275
50,158,368
50,166,263
50,167,286
50,168,137
50,172,235
50,174,64
50,181,329
50,183,97
50,190,197
50,195,55
50,198,126
51,1,386
51,3,318
51,4,148
51,5,364
51,8,202
51,10,203
51,11,298
51,17,152
51,18,271
51,20,198
51,22,210
51,23,293
51,24,160
51,26,215
51,29,348
51,30,265
51,32,286
51,33,145
51,36,221
51,37,338
51,38,235
51,39,259
51,41,16
51,43,54
51,44,121
51,49,284
51,50,160
51,52,283
51,54,32
51,55,67
51,57,142
51,58,312
51,59,94
51,60,233
51,64,27
51,67,265
51,73,137
51,74,326
51,75,99
51,77,13
51,79,62
51,81,245
51,83,177
51,84,335
51,85,236
51,87,159
51,90,25
51,91,19
51,92,235
51,102,81
51,103,239
51,104,124
51,111,10
51,113,259
51,117,328
51,120,367
51,122,84
51,127,364
51,128,351
51,130,178
51,131,312
51,136,8
51,137,352
51,142,192
51,143,36
51,148,86
51,151,395
51,156,383
51,170,213
51,177,191
51,187,342
51,192,292
52,1,195
52,4,395
52,7,277
52,9,162
52,10,236
52,11,193
52,14,200
52,20,163
52,21,290
52,22,364
52,23,226
52,24,105
52,25,110
52,26,126
52,27,369
52,30,370
52,31,118
52,32,257
52,33,16
52,34,89
52,35,315
52,37,183
52,42,3
52,45,240
52,46,99
52,48,368
52,51,283
52,53,143
52,55,389
52,56,329
52,58,248
52,62,245
52,63,124
52,64,376
52,66,160
52,70,296
52,74,203
52,75,322
52,77,305
52,78,213
52,79,343
52,80,3
52,84,388
52,85,314
52,87,15
52,88,83
52,89,26
52,92,372
52,94,369
52,95,5
52,98,214
52,99,60
52,102,299
52,106,13
52,108,46
52,113,48
52,115,396
52,119,48
52,124,318
52,125,181
52,128,311
52,129,45
52,131,272
52,132,19
52,137,107
52,152,63
52,156,222
52,157,359
52,163,225
52,166,300
52,167,115
52,169,351
52,173,379
52,179,174
52,180,257
52,181,232
52,182,49
52,183,23
52,187,157
52,191,136
52,194,179
52,199,314
53,5,80
53,6,43
53,7,375
53,11,228
53,12,262
53,14,154
53,15,153
53,16,228
53,17,220
53,19,230
53,22,49
53,23,304
53,25,223
53,26,41
53,29,47
53,30,92
53,32,91
53,34,328
53,39,102
53,42,131
53,43,365
53,45,140
53,47,134
53,48,377
53,49,234
53,52,143
53,58,381
53,59,327
53,61,381
53,62,301
53,63,272
53,68,178
53,69,346
53,71,316
53,73,16
53,75,146
53,77,26
53,81,239
53,82,323
53,89,74
53,94,156
53,95,14
53,102,62
53,112,110
53,114,180
53,119,65
53,126,314
53,127,153
53,128,229
53,131,231
53,135,354
53,137,350
53,139,232
53,141,54
53,144,10
53,145,291
53,147,251
53,152,93
53,157,57
53,159,338
53,165,189
53,172,332
53,177,76
53,184,111
53,187,71
53,199,365
54,1,81
54,2,23
54,3,309
54,6,114
54,7,317
54,14,205
54,16,196
54,18,91
54,19,260
54,23,336
54,24,386
54,25,360
54,27,293
54,29,380
54,31,69
54,33,378
54,34,89
54,39,350
54,41,44
54,44,306
54,46,106
54,47,89
54,48,383
54,50,86
54,51,32
54,57,249
54,60,241
54,61,34
54,64,58
54,66,340
54,67,230
54,68,190
54,75,201
54,76,84
54,77,270
54,78,2
54,80,263
54,87,46
54,91,254
54,100,152
54,105,380
54,106,81
54,108,268
54,109,114
54,118,211
54,122,14
54,124,272
54,125,259
54,127,166
54,128,63
54,132,12
54,137,145
54,138,220
54,140,295
54,141,185
54,143,195
54,145,105
54,151,13
54,153,287
54,156,160
54,158,370
54,159,273
54,170,134
54,171,369
54,173,67
54,177,188
54,178,48
54,181,141
54,183,274
54,187,25
54,190,42
54,191,164
54,192,228
54,193,129
55,2,278
55,4,286
55,6,278
55,7,88
55,8,195
55,10,151
55,12,391
55,14,396
55,19,184
55,20,225
55,21,95
55,23,188
55,26,158
55,28,334
55,29,42
55,30,135
55,31,376
55,34,48
55,35,364
55,42,262
55,43,331
55,45,250
55,46,272
55,47,40
55,49,126
55,50,210
55,51,67
55,52,389
55,56,10
55,57,124
55,58,213
55,60,195
55,64,197
55,65,152
55,67,10
55,69,45
55,70,80
55,72,26
55,73,208
55,74,342
55,78,81
55,82,117
55,85,358
55,87,63
55,88,146
55,89,209
55,91,241
55,92,137
55,98,47
55,112,229
55,120,191
55,121,235
55,122,137
55,125,180
55,126,177
55,129,259
55,131,325
55,133,284
55,135,295
55,136,87
55,137,304
55,140,183
55,142,255
55,150,66
55,162,268
55,166,312
55,171,131
55,175,307
55,177,12
55,178,239
55,183,44
56,2,240
56,3,29
56,5,295
56,6,358
56,7,125
56,8,251
56,9,222
