source,target,weight
1,2,103
1,3,338
1,4,169
1,5,156
1,7,302
1,8,141
1,9,57
1,11,373
1,12,312
1,13,102
1,14,266
1,15,384
1,16,124
1,19,124
1,20,13
1,21,50
1,22,258
1,23,103
1,24,91
1,25,134
1,26,178
1,27,343
1,31,184
1,32,38
1,33,11
1,34,233
1,37,262
1,38,21
1,42,392
1,46,124
1,50,51
1,52,146
1,53,392
1,54,174
1,58,300
1,64,4
1,66,66
1,67,168
1,68,115
1,69,153
1,72,230
1,74,290
1,75,47
1,77,45
1,78,170
1,79,276
1,83,177
1,87,158
1,89,306
1,90,111
1,93,102
1,94,377
1,96,313
1,97,211
1,99,315
1,100,200
1,103,180
1,104,132
1,105,94
1,106,30
1,108,70
1,109,303
1,111,126
1,113,62
1,115,365
1,116,239
1,117,359
1,119,169
1,120,160
1,122,28
1,125,19
1,126,165
1,128,385
1,129,368
1,130,96
1,133,205
1,134,86
1,135,137
1,138,61
1,140,388
1,142,377
1,143,82
1,144,214
1,145,220
1,147,59
1,150,88
1,153,323
1,156,248
1,157,171
1,158,40
1,160,398
1,163,236
1,165,308
1,167,186
1,169,203
1,172,72
1,178,215
1,180,165
1,183,341
1,186,262
1,187,263
1,190,306
1,200,117
2,1,103
2,3,355
2,4,182
2,5,191
2,6,204
2,7,260
2,8,211
2,10,135
2,14,49
2,15,392
2,16,131
2,17,373
2,18,12
2,19,346
2,20,201
2,21,179
2,22,294
2,23,322
2,24,359
2,26,72
2,30,286
2,31,100
2,32,45
2,33,198
2,34,131
2,35,231
2,37,175
2,40,206
2,41,41
2,43,6
2,45,190
2,46,369
2,47,91
2,50,50
2,51,189
2,52,141
2,55,399
2,56,175
2,57,1
2,58,90
2,59,149
2,62,316
2,63,211
2,64,224
2,65,243
2,68,117
2,69,171
2,70,244
2,71,59
2,72,16
2,73,77
2,74,153
2,77,100
2,78,125
2,79,198
2,80,75
2,81,388
2,82,186
2,83,213
2,84,161
2,86,310
2,87,313
2,89,144
2,90,195
2,94,245
2,96,191
2,97,185
2,98,233
2,99,225
2,101,345
2,103,223
2,104,205
2,106,80
2,107,220
2,109,219
2,110,257
2,111,278
2,114,68
2,115,18
2,122,147
2,123,348
2,124,261
2,126,334
2,128,348
2,140,56
2,142,222
2,143,381
2,147,90
2,151,226
2,154,110
2,155,136
2,160,88
2,162,352
2,164,310
2,171,340
2,172,287
2,174,280
2,175,350
2,176,324
2,178,82
2,179,260
2,180,138
2,182,39
2,184,114
2,188,288
2,192,97
2,196,124
3,1,338
3,2,355
3,5,269
3,6,303
3,10,307
3,11,238
3,12,129
3,13,22
3,14,185
3,15,284
3,16,344
3,17,164
3,18,257
3,20,235
3,21,397
3,22,234
3,23,355
3,25,155
3,27,124
3,28,27
3,29,68
3,31,241
3,32,119
3,33,256
3,34,77
3,35,222
3,37,395
3,38,19
3,39,97
3,40,121
3,41,31
3,43,395
3,44,52
3,45,60
3,46,20
3,47,104
3,48,205
3,50,224
3,54,239
3,56,203
3,57,155
3,58,224
3,59,19
3,61,37
3,62,98
3,65,398
3,66,41
3,69,238
3,70,142
3,71,61
3,73,100
3,74,358
3,76,387
3,77,397
3,78,282
3,79,87
3,80,352
3,81,8
3,82,344
3,83,286
3,87,118
3,89,294
3,90,40
3,91,369
3,92,287
3,94,289
3,97,86
3,98,333
3,100,302
3,103,320
3,104,207
3,108,208
3,110,214
3,111,47
3,112,84
3,113,139
3,115,87
3,116,314
3,118,203
3,121,84
3,123,365
3,124,219
3,125,314
3,126,192
3,133,225
3,135,196
3,137,145
3,138,266
3,141,309
3,142,39
3,143,10
3,144,230
3,146,278
3,147,245
3,148,242
3,149,105
3,151,385
3,152,314
3,154,183
3,159,78
3,160,224
3,163,134
3,164,245
3,167,4
3,175,177
3,178,38
3,183,355
3,186,314
3,195,11
3,197,53
4,1,169
4,2,182
4,5,284
4,6,341
4,7,96
4,8,247
4,9,11
4,10,140
4,11,174
4,12,361
4,14,70
4,15,8
4,18,304
4,19,256
4,23,193
4,24,290
4,26,386
4,28,170
4,32,116
4,33,67
4,34,108
4,38,351
4,40,375
4,41,91
4,42,155
4,44,273
4,45,17
4,47,273
4,50,9
4,51,31
4,52,37
4,53,286
4,56,107
4,57,135
4,58,28
4,60,226
4,62,289
4,64,310
4,66,38
4,67,76
4,69,174
4,73,92
4,74,321
4,75,115
4,77,368
4,80,4
4,82,171
4,85,391
4,86,55
4,87,146
4,89,201
4,90,182
4,91,349
4,93,315
4,94,285
4,95,311
4,96,102
4,97,190
4,100,316
4,101,225
4,102,97
4,104,296
4,107,335
4,108,226
4,109,357
4,111,354
4,112,271
4,117,185
4,118,287
4,120,87
4,121,214
4,122,289
4,124,325
4,125,394
4,126,288
4,127,330
4,130,396
4,132,154
4,135,156
4,137,360
4,141,14
4,142,222
4,144,218
4,145,287
4,146,63
4,148,219
4,151,174
4,153,54
4,154,166
4,159,118
4,160,220
4,161,28
4,165,323
4,167,215
4,169,3
4,171,65
4,172,210
4,175,173
4,178,192
4,184,133
4,186,285
4,189,208
4,191,170
4,194,138
4,198,127
4,199,152
5,1,156
5,2,191
5,3,269
5,4,284
5,6,160
5,8,187
5,9,54
5,10,330
5,11,350
5,12,227
5,13,287
5,14,124
5,16,92
5,17,148
5,18,93
5,19,237
5,21,315
5,23,65
5,24,131
5,25,57
5,26,399
5,28,246
5,33,283
5,34,74
5,36,63
5,37,189
5,38,124
5,39,271
5,40,148
5,42,369
5,43,86
5,44,226
5,45,108
5,47,388
5,48,91
5,49,352
5,52,224
5,56,279
5,60,218
5,62,308
5,64,359
5,65,161
5,68,27
5,69,331
5,71,122
5,75,313
5,76,10
5,77,101
5,78,287
5,79,42
5,80,395
5,81,198
5,83,97
5,84,133
5,85,101
5,86,56
5,90,299
5,93,305
5,97,231
5,98,13
5,100,146
5,103,343
5,104,134
5,106,305
5,107,16
5,109,31
5,110,23
5,111,31
5,114,369
5,115,288
5,116,230
5,119,62
5,120,197
5,121,39
5,122,338
5,124,70
5,125,275
5,128,96
5,132,277
5,137,363
5,138,393
5,140,60
5,143,95
5,149,392
5,151,263
5,152,138
5,153,250
5,159,31
5,160,291
5,166,157
5,167,159
5,173,42
5,177,392
5,179,287
5,183,276
5,185,172
5,186,1
5,191,117
5,192,148
5,194,398
5,196,63
5,199,398
5,200,203
6,2,204
6,3,303
6,4,341
6,5,160
6,7,394
6,8,197
6,9,342
6,10,309
6,11,307
6,12,372
6,13,163
6,14,175
6,15,81
6,16,50
6,17,130
6,18,317
6,19,269
6,22,106
6,23,92
6,24,392
6,25,63
6,28,365
6,29,374
6,30,375
6,31,51
6,32,387
6,33,227
6,36,256
6,37,146
6,38,114
6,41,19
6,44,201
6,45,248
6,46,85
6,47,74
6,48,193
6,50,37
6,51,320
6,53,330
6,55,240
6,56,296
6,58,254
6,59,100
6,61,323
6,62,166
6,66,333
6,67,364
6,69,298
6,73,235
6,74,172
6,75,322
6,77,312
6,78,166
6,79,157
6,80,37
6,82,39
6,86,25
6,88,303
6,90,308
6,91,326
6,93,227
6,97,248
6,98,69
6,100,7
6,104,168
6,105,45
6,107,1
6,110,395
6,112,186
6,114,118
6,116,79
6,118,94
6,119,247
6,120,247
6,122,141
6,123,31
6,125,288
6,127,120
6,130,313
6,134,149
6,135,286
6,136,170
6,140,113
6,143,97
6,147,130
6,156,253
6,157,146
6,163,351
6,164,347
6,165,215
6,166,297
6,167,88
6,168,155
6,171,181
6,172,126
6,177,369
6,180,344
6,183,277
6,184,33
6,187,138
6,189,143
6,192,177
6,194,91
6,195,229
6,196,249
6,200,374
7,1,302
7,2,260
7,4,96
7,6,394
7,9,200
7,13,377
7,14,233
7,15,285
7,22,18
7,26,323
7,27,36
7,29,15
7,30,63
7,35,143
7,36,397
7,37,333
7,38,46
7,40,36
7,43,7
7,44,9
7,45,382
7,48,19
7,51,125
7,52,183
7,54,154
7,57,368
7,58,231
7,59,164
7,60,389
7,61,105
7,62,243
7,63,110
7,65,371
7,67,360
7,68,372
7,69,302
7,73,238
7,74,183
7,75,54
7,76,207
7,77,74
7,78,139
7,79,368
7,80,141
7,81,281
7,82,143
7,83,275
7,84,189
7,86,252
7,88,80
7,89,329
7,90,215
7,92,243
7,93,350
7,96,169
7,97,167
7,99,353
7,101,7
7,102,165
7,103,228
7,104,100
7,105,113
7,107,345
7,111,329
7,112,204
7,113,357
7,116,358
7,117,190
7,121,25
7,123,293
7,125,390
7,126,311
7,127,180
7,128,326
7,130,324
7,131,49
7,133,269
7,135,163
7,136,254
7,138,343
7,140,256
7,143,292
7,145,255
7,147,314
7,148,275
7,151,114
7,152,25
7,156,196
7,158,79
7,161,79
7,162,239
7,167,257
7,171,225
7,174,377
7,175,68
7,176,17
7,177,99
7,178,65
7,180,114
7,184,357
7,187,189
7,194,321
7,199,220
8,1,141
8,2,211
8,4,247
8,5,187
8,6,197
8,9,396
8,11,303
8,13,251
8,14,79
8,15,5
8,17,295
8,18,101
8,19,350
8,22,364
8,24,285
8,25,88
8,26,23
8,27,301
8,28,272
8,29,280
8,30,172
8,32,3
8,33,399
8,34,4
8,36,96
8,37,190
8,38,345
8,39,358
8,40,155
8,41,234
8,43,115
8,44,278
8,45,164
8,46,400
8,47,160
8,48,152
8,49,174
8,51,305
8,52,184
8,53,153
8,54,71
8,56,183
8,58,352
8,61,6
8,62,270
8,66,239
8,67,83
8,68,400
8,69,165
8,70,246
8,72,12
8,76,284
8,79,307
8,81,99
8,82,195
8,84,64
8,85,303
8,87,1
8,89,160
8,92,61
8,93,387
8,94,365
8,95,378
8,96,78
8,98,325
8,99,213
8,100,72
8,101,206
8,106,177
8,108,208
8,109,276
8,111,353
8,112,248
8,113,38
8,114,220
8,115,397
8,116,364
8,117,333
8,120,339
8,122,319
8,123,204
8,124,91
8,128,131
8,130,309
8,131,229
8,132,390
8,135,81
8,140,175
8,143,346
8,147,282
8,148,398
8,156,207
8,157,65
8,158,29
8,160,76
8,164,283
8,172,178
8,176,184
8,178,68
8,179,213
8,181,366
8,184,10
8,185,215
8,188,225
8,194,361
8,195,117
8,198,100
8,200,227
9,1,57
9,4,11
9,5,54
9,6,342
9,7,200
9,8,396
9,11,159
9,12,123
9,13,332
9,16,315
9,17,275
9,18,45
9,20,68
9,26,219
9,28,353
9,29,43
9,31,2
9,32,122
9,33,152
9,35,330
9,36,355
9,37,290
9,38,222
9,39,394
9,41,53
9,42,135
9,43,337
9,44,229
9,45,125
9,46,310
9,47,209
9,48,246
9,49,139
9,50,186
9,52,345
9,53,234
9,55,37
9,59,298
9,60,110
9,62,337
9,63,363
9,64,53
9,65,112
9,67,89
9,68,236
9,69,169
9,70,374
9,71,208
9,74,224
9,75,319
9,76,121
9,77,340
9,78,181
9,80,300
9,81,17
9,85,168
9,86,184
9,88,324
9,90,269
9,92,57
9,93,318
9,94,304
9,95,65
9,96,151
9,97,217
9,98,319
9,99,311
9,100,177
9,102,85
9,103,178
9,104,103
9,105,377
9,108,232
9,114,110
9,115,96
9,116,110
9,117,300
9,118,268
9,121,63
9,122,5
9,123,34
9,124,6
9,125,14
9,126,348
9,127,193
9,130,216
9,131,338
9,132,249
9,133,386
9,134,307
9,137,291
9,138,150
9,139,392
9,140,83
9,142,10
9,144,302
9,145,328
9,146,18
9,147,176
9,150,148
9,151,131
9,152,135
9,155,300
9,157,90
9,159,304
9,162,343
9,166,297
9,167,164
9,168,143
9,169,200
9,172,237
9,173,243
9,175,118
9,181,283
9,183,387
9,186,292
9,190,330
9,193,285
9,195,372
9,196,295
9,197,316
9,200,383
10,2,135
10,3,307
10,4,140
10,5,330
10,6,309
10,11,381
10,12,282
10,13,36
10,15,262
10,16,174
10,17,368
10,19,32
10,23,154
10,30,186
10,33,336
10,34,254
10,35,72
10,36,91
10,37,332
10,39,284
10,40,130
10,41,120
10,42,202
10,43,319
10,44,316
10,47,264
10,48,72
10,49,42
10,50,385
10,51,338
10,52,125
10,53,325
10,54,358
10,55,262
10,56,118
10,57,106
10,58,276
10,60,39
10,63,194
10,64,377
10,65,66
10,70,294
10,72,392
10,74,272
10,75,361
10,76,312
10,78,82
10,80,135
10,82,125
10,83,47
10,84,290
10,86,356
10,87,349
10,88,241
10,89,41
10,90,25
10,91,395
10,92,354
10,94,145
10,95,347
10,97,321
10,98,162
10,102,310
10,103,205
10,106,244
10,108,287
10,110,104
10,111,163
10,112,51
10,113,241
10,115,134
10,117,147
10,118,7
10,125,273
10,126,299
10,128,32
10,130,372
10,131,60
10,132,30
10,133,361
10,134,251
10,135,92
10,136,139
10,137,79
10,139,191
10,140,224
10,141,210
10,146,188
10,147,357
10,149,21
10,150,400
10,151,131
10,152,23
10,153,39
10,155,242
10,157,202
10,158,368
10,159,97
10,160,237
10,163,214
10,164,382
10,165,314
10,166,267
10,169,66
10,171,107
10,172,7
10,173,233
10,174,50
10,175,155
10,176,376
10,177,17
10,180,190
10,181,147
10,183,55
10,189,86
10,190,351
10,193,154
10,200,199
11,1,373
11,3,238
11,4,174
11,5,350
11,6,307
11,8,303
11,9,159
11,10,381
11,13,133
11,17,177
11,21,75
11,24,256
11,25,332
11,26,164
11,27,47
11,29,210
11,31,128
11,32,27
11,34,100
11,36,110
11,37,318
11,38,372
11,39,316
11,40,55
11,42,76
11,43,290
11,44,170
11,46,236
11,47,89
11,48,210
11,49,354
11,50,184
11,51,255
11,52,214
11,53,151
11,54,139
11,55,209
11,56,232
11,57,124
11,58,349
11,59,110
11,61,174
11,63,346
11,64,296
11,67,335
11,68,346
11,69,24
11,71,194
11,75,368
11,76,206
11,79,256
11,80,70
11,81,311
11,83,66
11,87,350
11,89,278
11,90,97
11,91,334
11,95,307
11,96,124
11,97,71
11,100,107
11,102,82
11,104,145
11,105,290
11,106,127
11,107,395
11,109,144
11,113,129
11,116,26
11,118,35
11,119,96
11,125,223
11,126,390
11,128,387
11,129,310
11,130,2
11,132,259
11,136,156
11,137,272
11,138,73
11,139,52
11,140,270
11,141,173
11,145,27
11,147,123
11,148,384
11,149,15
11,151,118
11,152,400
11,154,144
11,156,168
11,158,223
11,161,333
11,164,133
11,169,241
11,170,75
11,173,238
11,176,275
11,180,309
11,182,55
11,183,369
11,190,62
11,192,289
11,194,40
12,1,312
12,3,129
12,4,361
12,5,227
12,6,372
12,9,123
12,10,282
12,13,78
12,14,16
12,17,254
12,18,267
12,20,217
12,22,26
12,24,13
12,26,384
12,27,297
12,28,93
12,29,113
12,30,8
12,32,304
12,33,221
12,34,247
12,35,249
12,36,148
12,39,313
12,40,10
12,41,250
12,44,251
12,45,212
12,46,65
12,47,157
12,48,251
12,49,324
12,50,294
12,52,191
12,53,269
12,55,314
12,56,46
12,57,263
12,63,102
12,65,94
12,67,396
12,68,179
12,69,293
12,70,111
12,71,257
12,72,241
12,73,270
12,74,246
12,76,223
12,78,323
12,80,276
12,81,17
12,83,330
12,84,387
12,86,94
12,88,260
12,92,324
12,93,235
12,94,288
12,99,189
12,101,180
12,105,378
12,107,171
12,108,298
12,113,69
12,114,393
12,116,256
12,117,339
12,119,321
12,121,133
12,123,152
12,125,145
12,127,235
12,128,286
12,130,378
12,131,100
12,133,200
12,134,337
12,135,221
12,136,48
12,138,379
12,139,142
12,141,223
12,142,4
12,148,219
12,150,324
12,151,221
12,154,236
12,155,101
12,158,339
12,160,30
12,165,104
12,168,341
12,172,9
12,176,162
12,181,128
12,186,374
12,190,239
12,196,341
12,199,363
13,1,102
13,3,22
13,5,287
13,6,163
13,7,377
13,8,251
13,9,332
13,10,36
13,11,133
13,12,78
13,16,154
13,17,252
13,18,82
13,19,146
13,22,147
13,23,179
13,24,222
13,25,297
13,27,54
13,29,62
13,33,284
13,35,330
13,37,209
13,38,239
13,39,187
13,40,30
13,41,127
13,42,384
13,46,241
13,47,328
13,54,139
13,55,8
13,56,188
13,57,300
13,62,299
13,63,93
13,65,302
13,67,75
13,68,13
13,69,92
13,70,393
13,74,78
13,75,347
13,76,64
13,77,260
13,78,174
13,81,237
13,82,360
13,87,354
13,89,220
13,91,321
13,92,241
13,93,111
13,94,302
13,95,293
13,97,22
13,98,223
13,101,341
13,102,247
13,103,29
13,105,385
13,107,290
13,108,199
13,110,300
13,112,282
13,114,39
13,115,200
13,116,62
13,117,198
13,120,357
13,121,257
13,124,3
13,125,169
13,126,112
13,129,289
13,130,181
13,133,239
13,136,191
13,138,333
13,141,81
13,142,120
13,143,179
13,144,206
13,145,120
13,146,151
13,148,372
13,150,61
13,156,30
13,158,328
13,162,220
13,163,272
13,165,345
13,169,344
13,170,378
13,173,233
13,174,360
13,175,271
13,177,294
13,180,365
13,185,107
13,192,113
13,193,129
13,194,322
13,195,8
13,200,140
14,1,266
14,2,49
14,3,185
14,4,70
14,5,124
14,6,175
14,7,233
14,8,79
14,12,16
14,16,159
14,18,239
14,19,378
14,20,33
14,21,82
14,24,128
14,25,352
14,27,349
14,29,388
14,32,330
14,33,202
14,35,157
14,38,132
14,39,255
14,40,203
14,41,47
14,45,149
14,46,374
14,47,365
14,48,295
14,49,79
14,50,353
14,51,328
14,53,332
14,54,373
14,56,255
14,57,125
14,59,329
14,61,287
14,62,141
14,64,27
14,66,81
14,68,163
14,69,383
14,70,192
14,71,9
14,72,304
14,75,338
14,79,102
14,80,185
14,81,256
14,83,287
14,84,82
14,86,110
14,91,380
14,94,34
14,95,290
14,97,343
14,99,149
14,100,29
14,101,56
14,104,73
14,110,214
14,111,3
14,113,264
14,115,116
14,118,118
14,120,375
14,121,281
14,124,241
14,126,220
14,130,261
14,132,218
14,134,211
14,136,146
14,138,299
14,139,382
14,144,380
14,145,237
14,146,233
14,148,28
14,149,235
14,151,41
14,161,295
14,163,331
14,166,348
14,167,145
14,171,175
14,173,235
14,182,52
14,190,129
14,193,115
14,194,360
14,196,394
14,197,15
14,198,236
15,1,384
15,2,392
15,3,284
15,4,8
15,6,81
15,7,285
15,8,5
15,10,262
15,16,164
15,17,78
15,18,147
15,19,280
15,20,16
15,23,318
15,24,247
15,25,244
15,26,387
15,27,20
15,29,149
15,30,268
15,31,188
15,36,156
15,37,275
15,38,302
15,40,293
15,41,190
15,42,286
15,45,156
15,46,368
15,47,144
15,49,30
15,50,126
15,53,121
15,56,8
15,57,245
15,63,174
15,64,350
15,66,74
15,67,51
15,68,70
15,69,201
15,71,284
15,72,376
15,74,218
15,76,347
15,80,117
15,82,332
15,84,339
15,86,109
15,87,147
15,89,338
15,93,173
15,94,303
15,98,375
15,99,86
15,100,54
15,101,116
15,102,370
15,103,258
15,104,310
15,105,363
15,106,254
15,108,375
15,109,311
15,110,152
15,111,294
15,113,273
15,115,289
15,116,347
15,118,332
15,123,138
15,124,355
15,125,30
15,126,27
15,130,367
15,134,162
15,135,106
15,137,279
15,140,391
15,153,183
15,158,304
15,159,108
15,160,64
15,161,385
15,165,253
15,166,261
15,168,49
15,169,253
15,171,16
15,172,330
15,178,325
15,181,290
15,183,243
15,185,146
15,192,176
15,193,68
15,194,12
15,195,180
15,196,195
15,197,102
15,198,158
16,1,124
16,2,131
16,3,344
16,5,92
16,6,50
16,9,315
16,10,174
16,13,154
16,14,159
16,15,164
16,20,43
16,21,218
16,25,59
16,26,25
16,29,85
16,30,98
16,33,373
16,35,387
16,36,382
16,37,21
16,40,294
16,41,255
16,43,252
16,44,130
16,45,8
16,46,182
16,47,194
16,48,389
16,49,308
16,51,154
16,53,375
16,54,367
16,55,41
16,56,156
16,57,206
16,58,326
16,59,166
16,60,60
16,61,167
16,63,193
16,64,103
16,65,374
16,67,335
16,68,116
16,70,83
16,71,56
16,73,75
16,74,275
16,76,292
16,78,189
16,79,212
16,81,306
16,83,81
16,84,128
16,86,186
16,87,130
16,88,394
16,89,313
16,90,16
16,92,211
16,95,315
16,96,95
16,97,28
16,98,54
16,99,303
16,100,149
16,101,256
16,104,337
16,105,386
16,112,300
16,113,22
16,114,195
16,117,278
16,118,283
16,121,309
16,122,30
16,125,297
16,126,18
16,128,281
16,129,192
16,131,21
16,132,44
16,134,43
16,135,316
16,136,17
16,138,232
16,140,76
16,142,176
16,143,341
16,144,325
16,147,252
16,148,100
16,150,44
16,151,222
16,155,247
16,158,299
16,159,334
16,161,348
16,162,261
16,164,149
16,165,90
16,169,219
16,170,291
16,174,51
16,175,283
16,179,315
16,181,143
16,182,203
16,189,100
16,190,265
16,194,117
16,195,38
16,196,345
16,197,32
16,200,292
17,2,373
17,3,164
17,5,148
17,6,130
17,8,295
17,9,275
17,10,368
17,11,177
17,12,254
17,13,252
17,15,78
17,18,98
17,19,49
17,20,162
17,21,237
17,25,190
17,26,245
17,27,142
17,28,254
17,29,68
17,30,208
17,32,235
17,34,28
17,35,234
17,36,234
17,37,257
17,38,195
17,40,392
17,41,312
17,42,47
17,43,45
17,45,2
17,47,391
17,48,377
17,50,364
17,52,172
17,54,132
17,55,388
17,56,51
17,57,352
17,59,193
17,61,134
17,64,52
17,67,55
17,68,156
17,70,258
17,71,82
17,72,295
17,73,1
17,74,176
17,75,112
17,77,224
17,78,238
17,79,389
17,80,314
17,82,144
17,83,84
17,84,272
17,85,166
17,89,253
17,91,229
17,92,75
17,93,5
17,94,298
17,95,376
17,96,84
17,98,267
17,100,337
17,101,285
17,102,1
17,105,74
17,106,97
17,109,277
17,110,321
17,112,10
17,113,366
17,116,278
17,117,171
17,120,351
17,121,149
17,122,309
17,123,313
17,124,106
17,125,275
17,128,79
17,134,294
17,135,240
17,136,51
17,138,4
17,141,227
17,143,29
17,144,334
17,145,134
17,146,113
17,147,280
17,149,89
17,152,187
17,156,248
17,158,265
17,159,207
17,161,76
17,165,343
17,167,199
17,169,8
17,170,274
17,171,174
17,177,157
17,179,376
17,180,137
17,182,231
17,186,109
17,188,251
17,193,324
17,197,321
18,2,12
18,3,257
18,4,304
18,5,93
18,6,317
18,8,101
18,9,45
18,12,267
18,13,82
18,14,239
18,15,147
18,17,98
18,19,126
18,22,76
18,23,161
18,24,188
18,26,216
18,27,283
18,29,118
18,30,181
18,32,57
18,33,23
18,34,387
18,36,99
18,37,231
18,39,125
18,42,351
18,43,174
18,44,295
18,45,197
18,47,254
18,48,93
18,49,293
18,51,65
18,52,187
18,54,369
18,55,19
18,57,52
18,58,347
18,61,267
18,62,339
18,63,38
18,64,216
18,65,372
18,66,68
18,67,269
18,68,378
18,71,274
18,72,194
18,74,314
18,75,225
18,76,390
18,80,159
18,81,58
18,82,19
18,83,305
18,85,304
18,86,388
18,88,344
18,90,362
18,92,330
18,94,268
18,95,304
18,96,388
18,97,1
18,101,214
18,103,300
18,104,293
18,105,343
18,106,114
18,108,117
18,113,227
18,114,390
18,115,105
18,116,396
18,118,53
18,119,48
18,120,374
18,121,201
18,124,378
18,125,187
18,126,333
18,127,190
18,128,259
18,129,299
18,135,184
18,136,271
18,139,168
18,140,34
18,141,163
18,144,235
18,148,140
18,150,112
18,152,382
18,153,370
18,155,337
18,160,205
18,161,144
18,162,10
18,164,383
18,165,382
18,166,110
18,170,369
18,171,47
18,172,289
18,173,14
18,176,289
18,177,211
18,178,171
18,179,48
18,181,72
18,183,220
18,186,382
18,188,137
18,190,273
18,195,394
18,196,229
18,199,317
18,200,218
19,1,124
19,2,346
19,4,256
19,5,237
19,6,269
19,8,350
19,10,32
19,13,146
19,14,378
19,15,280
19,17,49
19,18,126
19,20,15
19,21,116
19,22,118
19,23,19
19,25,43
19,27,204
19,28,397
19,29,145
19,30,155
19,31,171
19,32,156
19,35,282
19,36,42
19,37,129
19,38,144
19,39,355
19,41,208
19,42,35
19,44,263
19,45,168
19,46,28
19,47,128
19,50,267
19,51,268
19,52,23
19,53,14
19,57,108
19,58,44
19,59,55
19,60,287
19,61,207
19,62,398
19,64,295
19,68,51
19,69,379
19,70,272
19,73,301
19,75,225
19,76,55
19,81,119
19,82,261
19,84,399
19,85,144
19,86,248
19,88,113
19,90,377
19,92,13
19,93,121
19,95,19
19,96,257
19,98,206
19,100,138
19,102,296
19,103,195
19,104,217
19,106,237
19,107,21
19,111,226
19,112,116
19,120,88
19,121,335
19,122,317
19,124,215
19,126,182
19,129,55
19,130,7
19,132,126
19,135,272
19,136,358
19,139,360
19,143,96
19,145,162
19,147,76
19,148,8
19,149,322
19,151,176
19,152,225
19,154,80
19,155,249
19,157,268
19,159,58
19,161,399
19,165,226
19,167,124
19,168,244
19,175,359
19,180,282
19,181,266
19,183,75
19,186,251
19,189,152
19,191,364
19,192,320
19,193,287
19,196,274
19,198,241
19,199,89
20,1,13
20,2,201
20,3,235
20,9,68
20,12,217
20,14,33
20,15,16
20,16,43
20,17,162
20,19,15
20,25,224
20,26,149
20,27,108
20,28,36
20,29,61
20,30,252
20,31,76
20,34,158
20,35,85
20,38,356
20,39,305
20,40,370
20,42,86
20,44,203
20,45,132
20,48,310
20,51,342
20,52,47
20,53,73
20,54,266
20,55,359
20,56,210
20,58,331
20,61,218
20,62,294
20,64,15
20,65,224
20,67,209
20,68,22
20,69,328
20,70,314
20,71,2
20,72,265
20,73,350
20,74,352
20,75,248
20,77,30
20,78,368
20,79,138
20,80,30
20,81,32
20,83,145
20,84,226
20,87,132
20,88,279
20,89,118
20,90,268
20,91,369
20,92,199
20,93,22
20,94,219
20,95,195
20,96,387
20,97,46
20,98,129
20,100,358
20,102,199
20,103,327
20,106,104
20,108,355
20,109,240
20,112,18
20,113,157
20,116,22
20,117,399
20,118,154
20,123,109
20,125,126
20,128,385
20,129,266
20,131,357
20,132,147
20,136,167
20,145,367
20,146,335
20,153,110
20,155,268
20,161,129
20,163,189
20,167,70
20,168,294
20,171,51
20,173,72
20,174,290
20,177,142
20,178,312
20,183,101
20,191,251
20,193,8
20,200,215
21,1,50
21,2,179
21,3,397
21,5,315
21,11,75
21,14,82
21,16,218
21,17,237
21,19,116
21,22,1
21,23,283
21,25,199
21,26,304
21,27,48
21,28,172
21,30,148
21,31,230
21,32,262
21,33,73
21,34,65
21,35,282
21,39,166
21,40,87
21,41,46
21,42,79
21,43,123
21,45,128
21,51,368
21,53,371
21,55,12
21,57,260
21,59,376
21,60,343
21,61,96
21,62,152
21,63,327
21,65,230
21,69,181
21,70,212
21,73,295
21,74,201
21,75,24
21,76,125
21,77,327
21,80,18
21,81,59
21,82,103
21,83,383
21,84,230
21,85,326
21,87,23
21,91,78
21,95,19
21,98,248
21,99,395
21,102,335
21,106,227
21,107,293
21,108,275
21,109,53
21,111,285
21,112,348
21,113,35
21,116,364
21,117,18
21,118,31
21,120,182
21,121,143
21,122,310
21,123,186
21,127,17
21,128,358
21,134,131
21,139,95
21,140,118
21,142,10
21,143,10
21,145,387
21,149,144
21,151,186
21,155,176
21,161,138
21,168,176
21,170,292
21,172,42
21,173,340
21,174,110
21,181,109
21,183,386
21,184,389
21,187,285
21,188,109
21,190,14
21,192,281
21,199,95
21,200,80
22,1,258
22,2,294
22,3,234
22,6,106
22,7,18
22,8,364
22,12,26
22,13,147
22,18,76
22,19,118
22,21,1
22,23,174
22,24,74
22,28,124
22,29,189
22,30,216
22,32,195
22,34,13
22,36,268
22,37,270
22,38,236
22,39,151
22,40,329
22,41,68
22,42,366
22,45,41
22,46,93
22,49,299
22,50,42
22,51,76
22,53,244
22,54,249
22,55,78
22,57,123
22,60,267
22,61,163
22,62,286
22,65,208
22,66,261
22,69,367
22,70,103
22,73,184
22,74,334
22,75,150
22,78,298
22,79,125
22,80,81
22,81,374
22,84,282
22,85,234
22,87,140
22,88,349
22,89,318
22,90,338
22,91,371
22,92,111
22,93,338
22,96,71
22,97,267
22,98,112
22,99,258
22,100,106
22,102,114
22,104,68
22,107,298
22,108,40
22,109,143
22,110,400
22,112,212
22,113,39
22,114,101
22,115,315
22,119,162
22,121,42
22,124,310
22,125,229
22,126,64
22,127,195
22,130,343
22,133,335
22,136,320
22,137,395
22,138,112
22,142,75
22,143,125
22,144,213
22,147,147
22,150,27
22,151,335
22,152,29
22,153,81
22,154,332
22,161,284
22,162,63
22,165,127
22,166,218
22,168,24
22,172,289
22,178,224
22,179,91
22,188,308
22,189,204
22,191,100
22,193,118
22,194,283
22,197,268
22,198,123
23,1,103
23,2,322
23,3,355
23,4,193
23,5,65
23,6,92
23,10,154
23,13,179
23,15,318
23,18,161
23,19,19
23,21,283
23,22,174
23,25,399
23,26,299
23,27,114
23,28,381
23,29,116
23,30,122
23,31,48
23,32,190
23,35,333
23,36,363
23,37,125
23,39,19
23,40,236
23,43,371
23,44,86
23,45,219
23,46,265
23,47,272
23,48,190
23,49,329
23,50,74
23,52,191
23,53,191
23,54,269
23,55,224
23,57,62
23,58,30
23,59,141
23,60,79
23,61,78
23,62,274
23,66,121
23,69,16
23,70,361
23,71,283
23,72,216
23,73,340
23,74,362
23,75,135
23,77,240
23,79,93
23,82,391
23,83,265
23,84,36
23,86,274
23,88,331
23,89,163
23,92,384
23,94,205
23,96,16
23,99,242
23,101,116
23,104,314
23,105,278
23,106,85
23,107,373
23,112,231
23,113,346
23,114,84
23,115,86
23,116,338
23,117,206
23,118,363
23,119,232
23,121,152
23,123,350
23,126,16
23,127,93
23,128,387
23,131,82
23,134,332
23,135,117
23,139,354
23,141,122
23,142,150
23,143,133
23,144,147
23,147,299
23,148,238
23,153,50
23,155,112
23,157,25
23,160,282
23,164,91
23,165,188
23,166,266
23,169,387
23,171,52
23,172,238
23,184,362
23,185,62
23,186,376
23,187,114
23,188,77
23,189,360
23,190,203
23,191,41
23,192,61
23,195,188
23,197,174
24,1,91
24,2,359
24,4,290
24,5,131
24,6,392
24,8,285
24,11,256
24,12,13
24,13,222
24,14,128
24,15,247
24,18,188
24,22,74
24,25,79
24,26,356
24,27,163
24,28,53
24,29,155
24,30,314
24,31,306
24,33,328
24,34,117
24,37,91
24,38,51
24,39,376
24,40,114
24,43,46
24,44,301
24,45,303
24,46,303
24,47,188
24,48,124
24,49,145
24,51,182
24,53,176
24,55,117
24,56,58
24,57,129
24,58,335
24,59,261
24,62,87
24,63,211
24,64,254
24,66,269
24,67,333
24,70,183
24,71,247
24,72,142
24,73,246
24,74,385
24,77,396
24,78,22
24,80,121
24,82,375
24,83,386
24,84,163
24,86,385
24,88,391
24,92,128
24,93,384
24,94,354
24,97,138
24,99,178
24,100,249
24,101,76
24,102,26
24,103,316
24,104,323
24,109,113
24,110,362
24,112,108
24,113,348
24,114,301
24,118,44
24,119,183
24,120,206
24,121,244
24,122,187
24,124,317
24,125,319
24,126,225
24,127,227
24,129,332
24,131,112
24,132,153
24,133,12
24,135,346
24,137,138
24,138,79
24,139,154
24,140,136
24,141,374
24,142,54
24,145,248
24,146,213
24,147,70
24,150,165
24,151,284
24,158,358
24,159,132
24,160,343
24,165,171
24,166,366
24,170,390
24,171,302
24,172,226
24,177,132
24,180,132
24,185,330
24,186,270
24,188,211
24,189,151
24,196,137
24,198,347
24,199,37
24,200,256
25,1,134
25,3,155
25,5,57
25,6,63
25,8,88
25,11,332
25,13,297
25,14,352
25,15,244
25,16,59
25,17,190
25,19,43
25,20,224
25,21,199
25,23,399
25,24,79
25,26,313
25,27,246
25,28,55
25,30,84
25,33,44
25,35,97
25,36,262
25,38,248
25,40,206
25,41,75
25,42,357
25,43,166
25,44,39
25,46,171
25,47,258
25,49,282
25,50,295
25,51,133
25,54,330
25,55,283
25,56,69
25,57,166
25,58,391
25,59,248
25,60,93
25,61,51
25,62,275
25,64,377
25,65,350
25,66,8
25,67,327
25,68,311
25,69,326
25,70,33
25,75,360
25,77,15
25,78,391
25,79,138
25,80,70
25,82,118
25,83,126
25,84,190
25,85,383
25,87,230
25,88,63
25,90,69
25,91,33
25,93,274
25,95,71
25,96,316
25,97,375
25,98,52
25,99,149
25,101,312
25,102,50
25,103,226
25,104,336
25,109,195
25,117,391
25,118,356
25,119,391
25,121,43
25,122,39
25,124,262
25,126,39
25,127,224
25,128,389
25,129,376
25,130,154
25,131,164
25,133,102
25,136,236
25,139,244
25,140,20
25,141,221
25,142,274
25,143,58
25,144,290
25,145,135
25,146,136
25,148,291
25,150,346
25,151,82
25,152,281
25,153,215
25,154,339
25,157,79
25,158,38
25,161,393
25,162,71
25,163,280
25,165,169
25,171,63
25,172,164
25,173,159
25,178,280
25,180,234
25,186,225
25,187,297
25,189,90
25,194,110
25,197,17
26,1,178
26,2,72
26,4,386
26,5,399
26,7,323
26,8,23
26,9,219
26,11,164
26,12,384
26,15,387
26,16,25
26,17,245
26,18,216
26,20,149
26,21,304
26,23,299
26,24,356
26,25,313
26,28,61
26,29,15
26,31,384
26,33,348
26,35,187
26,36,78
26,37,112
26,40,288
26,41,245
26,43,399
26,45,272
26,47,54
26,48,96
26,50,228
26,51,77
26,52,226
26,53,386
26,54,276
26,55,213
26,56,177
26,58,257
26,59,53
26,60,390
26,61,150
26,62,79
26,63,122
26,64,296
26,65,297
26,66,129
26,67,353
26,68,232
26,69,130
26,70,254
26,71,102
26,74,393
26,76,158
26,77,115
26,78,131
26,79,322
26,80,254
26,81,381
26,82,104
26,85,288
26,91,325
26,92,39
26,94,144
26,95,97
26,96,158
26,97,139
26,98,106
26,99,130
26,100,153
26,101,132
26,102,224
26,104,371
26,107,122
26,108,361
26,109,234
26,111,303
26,113,255
26,114,369
26,116,387
26,117,312
26,123,395
26,124,383
26,126,110
26,127,153
26,128,269
26,129,57
26,130,57
26,134,92
26,135,257
26,137,56
26,138,241
26,139,342
26,141,4
26,143,55
26,144,240
26,146,19
26,153,43
26,155,1
26,157,358
26,158,35
26,161,239
26,162,269
26,163,390
26,167,229
26,170,92
26,172,293
26,176,343
26,179,288
26,180,78
26,181,209
26,182,305
26,186,326
26,187,356
26,191,50
26,193,265
26,195,198
27,1,343
27,3,124
27,7,36
27,8,301
27,11,47
27,12,297
27,13,54
27,14,349
27,15,20
27,17,142
27,18,283
27,19,204
27,20,108
27,21,48
27,23,114
27,24,163
27,25,246
27,28,198
27,30,283
27,31,140
27,32,128
27,33,293
27,34,392
27,35,221
27,36,133
27,37,116
27,38,191
27,39,239
27,41,31
27,42,148
27,43,206
27,47,193
27,48,82
27,49,51
27,50,274
27,53,97
27,54,355
27,55,137
27,56,67
27,57,41
27,58,341
27,60,370
27,61,220
27,62,367
27,63,216
27,65,80
27,66,209
27,68,155
27,70,30
27,71,216
27,72,373
27,73,326
27,75,288
27,76,200
27,78,212
27,79,6
27,82,139
27,83,47
27,85,63
27,86,163
27,89,326
27,90,221
27,91,211
27,94,329
27,97,173
27,98,375
27,99,352
27,103,31
27,109,30
27,111,279
27,112,357
27,113,104
27,114,78
27,115,358
27,116,20
27,118,344
27,120,82
27,122,18
27,123,123
27,128,187
27,129,385
27,130,242
27,131,315
27,134,228
27,136,304
27,137,117
27,139,117
27,142,259
27,144,354
27,145,92
27,146,117
27,151,150
27,152,100
27,153,334
27,159,257
27,161,363
27,167,369
27,176,289
27,178,224
27,179,307
27,181,292
27,182,22
27,183,138
27,185,255
27,187,221
27,188,24
27,196,201
27,200,152
28,3,27
28,4,170
28,5,246
28,6,365
28,8,272
28,9,353
28,12,93
28,17,254
28,19,397
28,20,36
28,21,172
28,22,124
28,23,381
28,24,53
28,25,55
28,26,61
28,27,198
28,31,394
28,32,311
28,34,55
28,35,243
28,36,381
28,39,37
28,40,295
28,42,46
28,43,310
28,44,15
28,46,392
28,47,59
28,49,273
28,50,185
28,51,383
28,52,86
28,53,354
28,55,375
28,56,283
28,57,58
28,58,279
28,59,19
28,61,371
28,62,51
28,63,322
28,65,89
28,66,218
28,68,394
28,70,292
28,71,400
28,73,195
28,74,277
28,77,156
28,78,32
28,81,121
28,83,85
28,85,71
28,86,254
28,88,354
28,89,369
28,90,35
28,91,93
28,92,69
28,95,115
28,97,155
28,99,236
28,100,259
28,101,262
28,103,74
28,105,88
28,107,27
28,108,214
28,109,32
28,112,183
28,113,364
28,114,240
28,115,143
28,116,123
28,117,251
28,118,21
28,120,353
28,123,42
28,124,124
28,125,260
28,127,3
28,129,338
28,130,198
28,131,85
28,132,240
28,136,85
28,139,213
28,142,97
28,143,42
28,144,328
28,148,160
28,152,51
28,156,71
28,161,34
28,162,271
28,163,142
28,166,26
28,168,28
28,171,62
28,174,324
28,176,166
28,177,110
28,178,38
28,179,160
28,181,320
28,184,114
28,186,61
28,192,112
28,193,350
28,194,184
28,197,167
28,200,88
29,3,68
29,6,374
29,7,15
29,8,280
29,9,43
29,11,210
29,12,113
29,13,62
29,14,388
29,15,149
29,16,85
29,17,68
29,18,118
29,19,145
29,20,61
29,22,189
29,23,116
29,24,155
29,26,15
29,30,124
29,31,64
29,32,163
29,34,311
29,38,140
29,40,283
29,41,300
29,42,250
29,44,237
29,45,31
29,47,83
29,49,399
29,51,124
29,52,188
29,54,344
29,55,223
29,56,125
29,57,153
29,58,289
29,59,279
29,60,242
29,62,256
29,64,144
29,65,289
29,66,164
29,67,128
29,71,2
29,72,304
29,73,203
29,76,29
29,79,124
29,80,229
29,81,159
29,83,190
29,84,310
29,85,168
29,86,4
29,87,162
29,88,285
29,90,258
29,91,240
29,93,261
29,94,390
29,96,202
29,97,230
29,98,279
29,99,75
29,101,172
29,103,308
29,105,147
29,109,35
29,110,385
29,118,391
29,119,280
29,120,144
29,122,219
29,124,12
29,129,80
29,130,298
29,132,305
29,133,305
29,134,341
29,138,114
29,139,4
29,141,12
29,151,187
29,153,131
29,155,163
29,157,23
29,158,142
29,159,55
29,160,229
29,162,121
29,164,342
29,167,309
29,171,366
29,172,56
29,173,390
29,175,156
29,176,387
29,178,6
29,179,386
29,180,7
29,182,23
29,183,373
29,185,358
29,186,8
29,189,193
29,190,182
29,197,216
29,199,209
29,200,21
30,2,286
30,6,375
30,7,63
30,8,172
30,10,186
30,12,8
30,15,268
30,16,98
30,17,208
30,18,181
30,19,155
30,20,252
30,21,148
30,22,216
30,23,122
30,24,314
30,25,84
30,27,283
30,29,124
30,31,94
30,32,201
30,33,240
30,34,54
30,35,70
30,36,343
30,38,188
30,39,77
30,42,272
30,43,391
30,44,313
30,45,144
30,47,37
30,48,209
30,49,93
30,50,28
30,52,122
30,55,141
30,56,386
30,59,165
30,61,310
30,62,350
30,64,84
30,65,39
30,66,379
30,67,237
30,69,351
30,71,41
30,72,325
30,73,196
30,75,374
30,76,261
30,78,252
30,79,292
30,80,80
30,83,82
30,90,96
30,91,290
30,92,53
30,95,383
30,97,243
30,101,183
30,102,77
30,104,312
30,105,207
30,106,291
30,108,98
30,109,299
30,110,75
30,111,226
30,113,378
30,114,84
30,115,192
30,119,223
30,121,203
30,122,316
30,127,68
30,128,237
30,131,277
30,132,78
30,133,318
30,134,284
30,136,196
30,137,209
30,139,341
30,140,235
30,143,131
30,144,192
30,145,296
30,146,226
30,148,8
30,152,311
30,153,326
30,154,71
30,156,198
30,158,283
30,159,380
30,160,88
30,162,202
30,164,257
30,168,344
30,169,61
30,171,40
30,172,26
30,174,175
30,178,188
30,180,14
30,182,12
30,183,221
30,185,17
30,188,356
30,189,198
30,191,121
30,192,392
30,193,55
30,194,254
30,198,311
30,200,247
31,1,184
31,2,100
31,3,241
31,6,51
31,9,2
31,11,128
31,15,188
31,19,171
31,20,76
31,21,230
31,23,48
31,24,306
31,26,384
31,27,140
31,28,394
31,29,64
31,30,94
31,32,269
31,36,55
31,37,300
31,38,255
31,39,290
31,42,163
31,43,391
31,45,84
31,46,377
31,48,35
31,51,248
31,52,27
31,53,328
31,55,310
31,57,245
31,60,152
31,63,314
31,64,149
31,67,266
31,69,68
31,71,231
31,72,275
31,73,370
31,75,381
31,79,32
31,80,200
31,85,372
31,86,142
31,87,254
31,88,10
31,89,353
31,90,157
31,92,381
31,96,27
31,97,297
31,98,150
31,99,139
31,101,206
31,102,162
31,103,323
31,107,203
31,109,159
31,111,13
31,112,74
31,115,280
31,118,264
31,123,275
31,124,76
31,126,316
31,128,319
31,133,77
31,134,168
31,137,173
31,138,317
31,139,265
31,145,122
31,148,50
31,150,368
31,151,104
31,152,36
31,158,387
31,161,163
31,163,117
31,165,33
31,167,127
31,168,150
31,172,126
31,173,250
31,175,114
31,176,17
31,179,42
31,180,268
31,181,289
31,182,202
31,184,146
31,185,219
31,186,77
31,188,371
31,190,245
31,191,311
31,193,306
31,194,306
31,197,225
31,198,33
32,1,38
32,2,45
32,3,119
32,4,116
32,6,387
32,8,3
32,9,122
32,11,27
32,12,304
32,14,330
32,17,235
32,18,57
32,19,156
32,21,262
32,22,195
32,23,190
32,27,128
32,28,311
32,29,163
32,30,201
32,31,269
32,33,331
32,34,365
32,35,176
32,36,168
32,38,398
32,39,380
32,40,361
32,41,278
32,43,314
32,44,144
32,46,11
32,47,276
32,48,245
32,50,90
32,52,141
32,54,240
32,55,392
32,56,279
32,57,292
32,60,343
32,61,366
32,62,224
32,64,312
32,65,226
32,66,70
32,67,124
32,68,43
32,69,96
32,72,302
32,73,320
32,74,250
32,76,94
32,78,386
32,80,66
32,83,99
32,84,331
32,85,63
32,86,31
32,87,7
32,89,234
32,90,148
32,91,392
32,92,383
32,94,168
32,97,232
32,98,320
32,100,362
32,101,375
32,102,314
32,104,164
32,106,6
32,110,56
32,111,246
32,112,122
32,114,73
32,116,72
32,117,366
32,119,367
32,122,262
32,124,325
32,125,60
32,131,160
32,132,376
32,133,31
32,134,117
32,135,113
32,136,98
32,137,22
32,139,386
32,140,258
32,143,137
32,144,319
32,145,100
32,147,376
32,149,84
32,152,104
32,153,158
32,154,289
32,155,49
32,156,218
32,157,128
32,159,191
32,160,337
32,162,337
32,163,41
32,164,188
32,167,379
32,173,202
32,174,255
32,177,253
32,178,399
32,181,35
32,182,138
32,185,333
32,187,4
32,188,320
32,189,3
32,190,43
32,192,92
32,193,279
32,195,100
32,196,228
32,198,224
32,199,170
33,1,11
33,2,198
33,3,256
33,4,67
33,5,283
33,6,227
33,8,399
33,9,152
33,10,336
33,12,221
33,13,284
33,14,202
33,16,373
33,18,23
33,21,73
33,24,328
33,25,44
33,26,348
33,27,293
33,30,240
33,32,331
33,34,105
33,35,8
33,36,66
33,39,121
33,40,19
33,41,36
33,43,52
33,45,34
33,46,112
33,49,118
33,50,192
33,51,261
33,54,31
33,55,227
33,58,280
33,60,383
33,62,347
33,66,310
33,68,58
33,72,86
33,74,134
33,75,250
33,76,65
33,77,330
33,78,231
33,79,96
33,83,149
33,84,20
33,85,109
33,86,309
33,88,86
33,89,280
33,90,247
33,92,22
33,94,165
33,97,220
33,98,115
33,99,26
33,100,264
33,101,224
33,102,310
33,104,19
33,106,129
33,107,204
33,108,204
33,109,118
33,110,212
33,116,396
33,117,299
33,118,49
33,119,152
33,120,11
33,123,301
33,124,168
33,127,85
33,129,261
33,133,375
33,136,204
33,137,81
33,139,33
33,141,147
33,146,65
33,147,49
33,148,55
33,149,145
33,151,21
33,152,325
33,155,307
33,158,122
33,163,334
33,164,158
33,166,140
33,167,154
33,169,336
33,170,191
33,171,62
33,173,47
33,179,166
33,197,334
34,1,233
34,2,131
34,3,77
34,4,108
34,5,74
34,8,4
34,10,254
34,11,100
34,12,247
34,17,28
34,18,387
34,20,158
34,21,65
34,22,13
34,24,117
34,27,392
34,28,55
34,29,311
34,30,54
34,32,365
34,33,105
34,35,167
34,38,205
34,39,266
34,41,304
34,42,159
34,43,184
34,44,219
34,46,332
34,52,98
34,55,266
34,57,40
34,59,198
34,60,114
34,61,260
34,62,36
34,63,236
34,64,301
34,65,205
34,67,174
34,68,378
34,69,293
34,71,190
34,72,286
34,73,51
34,75,128
34,76,181
34,78,73
34,80,234
34,82,363
34,83,324
34,84,376
34,85,238
34,86,244
34,87,174
34,89,261
34,90,298
34,93,111
34,95,386
34,96,313
34,97,204
34,100,201
34,101,320
34,102,77
34,103,60
34,105,326
34,106,338
34,108,351
34,111,192
34,112,7
34,113,323
34,114,387
34,115,185
34,116,120
34,117,128
34,119,2
34,122,388
34,123,214
34,124,69
34,125,381
34,130,59
34,131,325
34,132,108
34,134,303
34,136,324
34,137,132
34,138,352
34,141,73
34,144,223
34,145,341
34,146,192
34,148,262
34,149,383
34,150,347
34,151,43
34,159,17
34,161,254
34,162,82
34,163,166
34,171,355
34,172,89
34,173,61
34,176,123
34,177,207
34,185,334
34,197,195
34,199,333
35,2,231
35,3,222
35,7,143
35,9,330
35,10,72
35,12,249
35,13,330
35,14,157
35,16,387
35,17,234
35,19,282
35,20,85
35,21,282
35,23,333
35,25,97
35,26,187
35,27,221
35,28,243
35,30,70
35,32,176
35,33,8
35,34,167
35,36,245
35,37,142
35,38,197
35,39,353
35,40,384
35,42,111
35,43,104
35,44,160
35,45,182
35,47,382
35,48,60
35,51,90
35,54,17
35,56,76
35,58,104
35,59,88
35,60,224
35,61,338
35,62,39
35,63,146
35,64,212
35,65,373
35,67,333
35,69,268
35,70,214
35,71,3
35,72,34
35,74,19
35,75,131
35,76,63
35,78,77
35,80,150
35,81,273
35,82,205
35,83,138
35,84,353
35,85,294
35,86,75
35,88,283
35,89,347
35,91,20
35,94,125
35,97,279
35,98,101
35,106,25
35,108,182
35,110,367
35,111,62
35,113,313
35,114,182
35,119,51
35,122,76
35,123,199
35,127,395
35,129,400
35,130,299
35,132,148
35,133,251
35,136,99
35,140,71
35,141,15
35,142,287
35,143,225
35,148,256
35,151,306
35,152,150
35,156,185
35,157,397
35,158,380
35,159,233
35,165,306
35,166,194
35,167,90
35,169,167
35,175,396
35,179,2
35,180,211
35,187,165
35,190,173
35,192,261
35,194,337
35,196,286
35,197,186
36,5,63
36,6,256
36,7,397
36,8,96
36,9,355
36,10,91
36,11,110
36,12,148
36,15,156
36,16,382
36,17,234
36,18,99
36,19,42
36,22,268
36,23,363
36,25,262
36,26,78
36,27,133
36,28,381
36,30,343
36,31,55
36,32,168
36,33,66
36,35,245
36,37,348
36,45,233
36,46,360
36,49,254
36,50,142
36,54,366
36,55,281
36,57,150
36,59,381
36,60,135
36,62,375
36,65,400
36,66,79
36,68,184
36,70,269
36,71,328
36,72,87
36,73,140
36,74,141
36,75,151
36,82,352
36,83,270
36,85,121
36,86,134
36,89,138
36,90,107
36,91,377
36,92,320
36,93,43
36,94,41
36,96,278
36,97,216
36,98,156
36,100,246
36,101,296
36,104,343
36,105,181
36,106,75
36,109,138
36,111,318
36,112,153
36,113,318
36,115,393
36,117,255
36,119,123
36,121,130
36,123,145
36,124,396
36,126,224
36,129,171
36,130,32
36,132,207
36,136,365
36,139,8
36,144,172
36,145,3
36,146,152
36,148,191
36,150,191
36,152,278
36,153,148
36,155,316
36,156,65
36,157,390
36,158,165
36,160,63
36,162,329
36,165,47
36,166,369
36,171,97
36,173,81
36,174,390
36,175,169
36,178,80
36,182,274
36,184,328
36,186,114
36,191,45
36,192,246
36,196,295
36,200,197
37,1,262
37,2,175
37,3,395
37,5,189
37,6,146
37,7,333
37,8,190
37,9,290
37,10,332
37,11,318
37,13,209
37,15,275
37,16,21
37,17,257
37,18,231
37,19,129
37,22,270
37,23,125
37,24,91
37,26,112
37,27,116
37,31,300
37,35,142
37,36,348
37,38,99
37,42,366
37,44,182
37,46,379
37,48,82
37,49,3
37,52,146
37,54,122
37,55,255
37,56,359
37,57,398
37,58,258
37,59,174
37,62,22
37,63,105
37,64,23
37,65,290
37,66,68
37,67,262
37,69,177
37,70,133
37,71,89
37,72,218
37,75,52
37,77,116
37,78,4
37,80,147
37,81,46
37,82,49
37,83,276
37,85,25
37,88,116
37,89,41
37,90,332
37,91,244
37,93,29
37,96,336
37,97,130
37,98,209
37,99,58
37,101,388
37,102,19
37,104,212
37,105,342
37,108,224
37,110,64
37,111,87
37,112,353
37,117,250
37,118,110
37,119,124
37,120,204
37,123,240
37,125,181
37,126,360
37,128,155
37,129,380
37,130,322
37,131,385
37,132,387
37,133,104
37,135,12
37,137,254
37,138,396
37,141,375
37,142,133
37,143,85
37,144,304
37,145,373
37,148,187
37,149,233
37,152,280
37,156,4
37,163,35
37,164,370
37,168,14
37,169,34
37,174,286
37,175,327
37,183,251
37,185,222
37,187,272
37,188,379
37,191,272
37,192,381
37,193,36
37,194,130
37,195,326
37,197,386
37,198,228
37,199,204
38,1,21
38,3,19
38,4,351
38,5,124
38,6,114
38,7,46
38,8,345
38,9,222
38,11,372
38,13,239
38,14,132
38,15,302
38,17,195
38,19,144
38,20,356
38,22,236
38,24,51
38,25,248
38,27,191
38,29,140
38,30,188
38,31,255
38,32,398
38,34,205
38,35,197
38,37,99
38,41,46
38,42,30
38,43,330
