source,target,weight
1,2,188
1,3,34
1,4,214
1,5,43
1,9,105
1,10,345
1,12,180
1,13,255
1,14,295
1,15,166
1,16,83
1,17,267
1,18,201
1,19,89
1,20,209
1,21,243
1,22,190
1,23,33
1,25,188
1,28,60
1,29,368
1,33,166
1,35,396
1,36,208
1,37,276
1,39,396
1,40,359
1,44,331
1,45,294
1,49,9
1,51,378
1,54,37
1,55,199
1,56,332
1,60,68
1,62,311
1,64,397
1,65,227
1,67,385
1,68,314
1,72,347
1,73,251
1,78,132
1,81,371
1,83,329
1,84,356
1,85,377
1,89,194
1,90,346
1,91,221
1,92,373
1,93,38
1,94,226
1,95,160
1,99,148
1,103,46
1,109,234
1,117,287
1,118,244
1,123,252
1,126,243
1,131,232
1,139,18
1,141,22
1,155,284
1,160,196
1,165,56
1,171,131
1,172,169
1,173,219
1,174,364
1,175,337
1,180,274
1,188,357
1,190,153
2,1,188
2,3,315
2,5,329
2,7,159
2,8,54
2,10,309
2,12,147
2,14,38
2,16,228
2,19,88
2,20,87
2,21,95
2,22,347
2,24,318
2,25,195
2,26,358
2,28,79
2,29,180
2,30,261
2,31,32
2,33,400
2,34,353
2,36,59
2,37,90
2,38,190
2,41,29
2,43,155
2,44,64
2,45,183
2,46,258
2,48,284
2,50,397
2,52,340
2,53,356
2,54,395
2,56,5
2,57,305
2,58,392
2,59,372
2,67,102
2,68,176
2,73,11
2,74,319
2,77,219
2,81,175
2,83,88
2,88,5
2,89,237
2,91,363
2,94,252
2,98,171
2,99,266
2,101,276
2,105,376
2,108,254
2,109,207
2,112,353
2,114,88
2,118,93
2,120,273
2,124,227
2,126,99
2,128,378
2,135,152
2,158,137
2,167,380
2,168,61
2,171,90
2,183,106
2,194,114
2,195,201
2,197,389
2,200,103
3,1,34
3,2,315
3,4,305
3,5,167
3,6,306
3,7,157
3,8,78
3,9,311
3,10,327
3,12,297
3,13,139
3,14,366
3,17,274
3,20,175
3,21,86
3,22,253
3,24,371
3,26,146
3,27,214
3,28,325
3,31,152
3,36,283
3,39,34
3,42,197
3,44,323
3,45,396
3,47,123
3,48,166
3,50,366
3,52,57
3,53,139
3,56,107
3,57,356
3,58,179
3,59,177
3,63,68
3,64,244
3,69,95
3,70,303
3,74,300
3,75,397
3,79,271
3,81,381
3,83,255
3,85,14
3,87,311
3,93,369
3,95,127
3,109,357
3,113,333
3,116,94
3,121,267
3,127,87
3,131,240
3,139,134
3,146,152
3,152,137
3,156,37
3,157,135
3,161,18
3,168,244
3,173,143
3,179,144
3,188,145
4,1,214
4,3,305
4,5,338
4,6,97
4,7,306
4,8,266
4,9,199
4,10,151
4,11,268
4,12,146
4,13,357
4,14,31
4,16,110
4,17,38
4,18,354
4,19,61
4,20,31
4,21,359
4,22,242
4,28,264
4,32,239
4,34,89
4,35,308
4,36,46
4,37,373
4,41,236
4,42,175
4,45,278
4,46,261
4,48,115
4,49,295
4,50,52
4,53,10
4,54,119
4,59,259
4,64,312
4,71,277
4,73,157
4,74,337
4,79,224
4,82,202
4,84,85
4,86,303
4,91,242
4,92,112
4,93,315
4,95,200
4,96,385
4,100,354
4,103,68
4,104,95
4,108,2
4,109,323
4,111,249
4,112,2
4,116,156
4,124,334
4,134,1
4,142,109
4,143,153
4,155,171
4,157,281
4,159,197
4,164,297
4,168,86
4,175,184
4,181,247
4,186,250
4,188,385
4,194,150
5,1,43
5,2,329
5,3,167
5,4,338
5,6,77
5,7,395
5,8,8
5,9,107
5,11,246
5,12,317
5,13,182
5,15,163
5,18,195
5,22,106
5,23,30
5,24,48
5,25,98
5,26,72
5,28,57
5,29,100
5,31,7
5,32,364
5,36,54
5,38,121
5,39,314
5,40,169
5,44,364
5,45,367
5,47,38
5,48,166
5,50,392
5,57,176
5,58,389
5,60,397
5,62,371
5,63,192
5,65,59
5,66,236
5,67,325
5,70,322
5,71,263
5,72,178
5,75,252
5,76,383
5,78,222
5,83,64
5,84,360
5,88,288
5,89,324
5,92,121
5,95,42
5,96,59
5,97,282
5,99,347
5,106,242
5,108,174
5,109,107
5,110,188
5,111,65
5,115,192
5,116,20
5,122,138
5,126,325
5,137,297
5,138,381
5,140,183
5,142,120
5,143,224
5,144,329
5,150,160
5,151,16
5,159,225
5,170,250
5,180,184
5,184,16
5,188,118
5,194,30
6,3,306
6,4,97
6,5,77
6,7,378
6,8,94
6,9,122
6,11,102
6,12,232
6,14,148
6,15,374
6,16,317
6,17,214
6,19,184
6,20,47
6,22,229
6,24,318
6,26,319
6,27,302
6,28,257
6,30,39
6,31,88
6,32,201
6,33,290
6,34,390
6,36,270
6,37,275
6,38,260
6,42,222
6,51,272
6,52,207
6,55,96
6,57,165
6,60,305
6,66,396
6,67,206
6,68,126
6,71,47
6,73,113
6,76,253
6,84,203
6,85,91
6,91,309
6,101,202
6,106,295
6,114,226
6,117,76
6,122,311
6,127,305
6,134,129
6,137,332
6,146,300
6,148,375
6,153,160
6,156,347
6,157,287
6,165,343
6,166,309
6,174,160
6,183,187
6,184,74
6,191,82
6,200,125
7,2,159
7,3,157
7,4,306
7,5,395
7,6,378
7,9,247
7,10,378
7,11,132
7,13,251
7,15,398
7,16,282
7,19,236
7,20,59
7,21,90
7,22,207
7,23,237
7,26,371
7,27,280
7,28,79
7,29,383
7,30,339
7,31,232
7,32,246
7,33,175
7,35,30
7,36,116
7,38,260
7,45,364
7,46,325
7,47,7
7,50,248
7,53,236
7,54,365
7,60,293
7,61,306
7,62,211
7,63,107
7,66,400
7,68,181
7,70,213
7,71,63
7,72,92
7,75,231
7,76,124
7,79,14
7,82,87
7,92,61
7,93,131
7,94,106
7,97,351
7,100,134
7,101,134
7,108,360
7,112,246
7,113,352
7,116,308
7,130,394
7,146,329
7,148,222
7,154,319
7,160,336
7,163,220
7,166,281
7,168,368
7,169,292
7,172,14
7,178,6
7,181,81
7,184,215
7,194,258
7,196,117
7,197,189
8,2,54
8,3,78
8,4,266
8,5,8
8,6,94
8,11,322
8,14,245
8,16,109
8,17,178
8,18,260
8,19,11
8,20,362
8,21,337
8,23,213
8,25,328
8,27,144
8,28,84
8,29,105
8,30,41
8,32,84
8,33,227
8,34,269
8,35,278
8,36,157
8,38,11
8,39,302
8,40,92
8,41,170
8,42,341
8,46,341
8,47,121
8,50,241
8,51,119
8,53,206
8,55,47
8,57,353
8,59,278
8,60,192
8,62,317
8,63,187
8,64,350
8,65,121
8,67,99
8,71,182
8,73,310
8,74,161
8,79,276
8,82,18
8,83,342
8,84,60
8,89,271
8,95,336
8,100,14
8,102,243
8,109,144
8,111,33
8,112,130
8,133,329
8,135,287
8,137,273
8,138,70
8,139,317
8,141,179
8,148,339
8,150,172
8,155,191
8,162,331
8,174,10
8,178,174
8,185,124
8,193,318
8,194,323
8,195,228
9,1,105
9,3,311
9,4,199
9,5,107
9,6,122
9,7,247
9,10,366
9,11,314
9,12,10
9,13,150
9,14,77
9,15,370
9,16,152
9,17,243
9,21,127
9,22,200
9,23,39
9,24,225
9,25,367
9,26,127
9,28,349
9,29,189
9,30,358
9,31,226
9,32,51
9,33,357
9,34,335
9,35,260
9,37,83
9,38,75
9,39,310
9,40,139
9,41,277
9,42,39
9,43,207
9,44,198
9,46,68
9,49,270
9,51,224
9,59,171
9,65,70
9,66,30
9,68,130
9,69,215
9,71,56
9,73,265
9,78,356
9,82,149
9,90,355
9,91,286
9,93,129
9,94,183
9,95,117
9,102,78
9,104,85
9,107,292
9,118,25
9,122,283
9,131,390
9,135,321
9,136,42
9,140,24
9,145,94
9,150,168
9,157,53
9,165,86
9,174,157
9,182,72
9,183,215
9,187,283
9,196,128
9,197,343
10,1,345
10,2,309
10,3,327
10,4,151
10,7,378
10,9,366
10,16,72
10,18,83
10,20,84
10,21,127
10,22,126
10,23,141
10,27,239
10,30,260
10,31,122
10,32,68
10,33,169
10,35,6
10,36,199
10,37,355
10,38,92
10,39,83
10,41,50
10,43,16
10,45,311
10,52,187
10,55,48
10,57,87
10,60,179
10,61,336
10,68,13
10,69,380
10,77,181
10,78,373
10,79,126
10,80,309
10,84,130
10,86,118
10,88,251
10,89,288
10,95,203
10,96,61
10,100,307
10,104,211
10,107,218
10,108,322
10,113,142
10,119,39
10,122,248
10,135,244
10,137,56
10,140,7
10,144,29
10,149,308
10,151,37
10,153,263
10,156,339
10,158,387
10,169,61
10,170,276
10,179,316
10,181,27
10,187,278
10,197,218
11,4,268
11,5,246
11,6,102
11,7,132
11,8,322
11,9,314
11,12,88
11,13,346
11,14,242
11,15,343
11,18,307
11,20,154
11,22,353
11,23,261
11,24,147
11,26,313
11,27,100
11,28,351
11,29,196
11,31,203
11,32,54
11,34,223
11,35,75
11,36,264
11,38,217
11,40,113
11,41,199
11,42,12
11,43,181
11,45,29
11,49,32
11,50,271
11,52,62
11,56,106
11,57,279
11,60,97
11,62,147
11,66,346
11,68,49
11,69,299
11,70,314
11,75,168
11,77,201
11,80,252
11,86,186
11,92,293
11,94,312
11,97,141
11,98,122
11,110,264
11,113,270
11,117,228
11,118,328
11,119,5
11,121,64
11,122,97
11,123,307
11,133,136
11,134,249
11,146,136
11,151,268
11,154,249
11,162,45
11,163,260
11,167,12
11,171,317
11,172,195
11,173,291
11,177,275
11,183,77
11,184,244
11,189,321
11,192,275
11,196,323
12,1,180
12,2,147
12,3,297
12,4,146
12,5,317
12,6,232
12,9,10
12,11,88
12,13,244
12,14,204
12,16,86
12,17,263
12,18,364
12,19,19
12,20,129
12,22,267
12,23,154
12,24,102
12,25,369
12,26,152
12,27,231
12,28,32
12,29,359
12,30,25
12,31,389
12,32,70
12,33,320
12,35,15
12,36,14
12,37,299
12,38,134
12,39,341
12,40,20
12,41,138
12,42,309
12,43,167
12,46,75
12,49,123
12,50,310
12,53,232
12,54,39
12,55,56
12,58,390
12,61,130
12,62,180
12,63,135
12,64,117
12,65,160
12,69,106
12,70,190
12,74,94
12,75,64
12,76,2
12,79,134
12,80,308
12,81,228
12,82,89
12,86,227
12,88,209
12,97,191
12,102,397
12,104,79
12,105,101
12,106,308
12,110,214
12,111,391
12,112,340
12,114,184
12,118,177
12,120,325
12,123,194
12,124,391
12,125,96
12,128,137
12,130,18
12,133,89
12,134,104
12,136,15
12,141,174
12,148,219
12,149,115
12,158,118
12,168,147
12,169,200
12,177,320
12,178,79
12,179,176
12,187,107
12,188,122
12,196,339
13,1,255
13,3,139
13,4,357
13,5,182
13,7,251
13,9,150
13,11,346
13,12,244
13,14,19
13,15,400
13,16,269
13,17,196
13,18,175
13,19,400
13,23,203
13,24,226
13,25,399
13,27,56
13,29,31
13,30,214
13,31,237
13,35,204
13,36,339
13,37,82
13,42,316
13,43,378
13,48,89
13,49,386
13,50,194
13,53,111
13,55,304
13,56,222
13,58,376
13,60,137
13,69,268
13,71,84
13,75,120
13,77,132
13,79,77
13,84,262
13,85,31
13,87,126
13,88,366
13,95,362
13,98,113
13,102,338
13,103,351
13,112,103
13,113,84
13,114,222
13,115,210
13,117,20
13,127,152
13,130,65
13,133,392
13,136,38
13,139,298
13,144,297
13,145,356
13,147,26
13,153,154
13,154,355
13,164,323
13,165,399
13,170,177
13,171,228
13,177,96
13,179,141
14,1,295
14,2,38
14,3,366
14,4,31
14,6,148
14,8,245
14,9,77
14,11,242
14,12,204
14,13,19
14,15,22
14,16,242
14,17,362
14,18,283
14,20,63
14,21,163
14,24,10
14,26,109
14,27,7
14,29,293
14,30,157
14,31,251
14,32,216
14,34,181
14,35,18
14,37,196
14,40,138
14,41,244
14,42,169
14,43,73
14,44,365
14,46,21
14,47,144
14,48,309
14,50,400
14,51,229
14,52,158
14,53,165
14,54,314
14,55,306
14,57,7
14,58,370
14,59,250
14,60,21
14,62,170
14,63,395
14,65,242
14,66,288
14,70,334
14,71,272
14,72,61
14,73,346
14,74,140
14,75,236
14,76,213
14,80,105
14,87,325
14,89,269
14,93,154
14,94,353
14,97,347
14,99,7
14,100,355
14,105,212
14,107,283
14,108,196
14,112,198
14,117,332
14,118,14
14,119,334
14,121,58
14,124,218
14,127,88
14,131,51
14,135,333
14,137,315
14,139,164
14,142,104
14,143,178
14,147,267
14,148,207
14,152,247
14,157,391
14,159,182
14,172,255
14,176,203
14,178,294
14,182,313
14,189,303
14,192,16
15,1,166
15,5,163
15,6,374
15,7,398
15,9,370
15,11,343
15,13,400
15,14,22
15,17,141
15,18,289
15,21,5
15,23,44
15,24,256
15,25,342
15,26,110
15,28,261
15,29,286
15,30,159
15,32,220
15,33,295
15,34,307
15,35,260
15,36,225
15,37,384
15,39,104
15,40,281
15,43,102
15,44,130
15,47,71
15,48,57
15,49,387
15,55,391
15,57,237
15,58,352
15,63,254
15,64,384
15,66,327
15,69,311
15,72,120
15,73,83
15,77,132
15,85,211
15,91,373
15,92,118
15,96,88
15,99,390
15,101,254
15,104,205
15,106,232
15,111,103
15,119,306
15,121,273
15,122,55
15,123,155
15,126,319
15,128,228
15,136,331
15,143,175
15,147,135
15,157,248
15,159,312
15,162,35
15,164,198
15,166,110
15,173,307
15,177,90
15,179,121
15,189,165
15,192,335
15,198,361
16,1,83
16,2,228
16,4,110
16,6,317
16,7,282
16,8,109
16,9,152
16,10,72
16,12,86
16,13,269
16,14,242
16,17,98
16,18,208
16,19,214
16,20,286
16,21,128
16,22,361
16,23,208
16,24,203
16,25,261
16,26,53
16,28,88
16,29,132
16,31,286
16,33,191
16,34,246
16,36,198
16,37,85
16,39,162
16,40,64
16,41,217
16,44,180
16,52,25
16,53,323
16,57,129
16,61,335
16,63,386
16,64,321
16,67,162
16,69,63
16,70,214
16,71,195
16,74,75
16,77,165
16,78,65
16,82,356
16,86,11
16,95,388
16,97,346
16,98,179
16,99,88
16,100,120
16,104,337
16,111,192
16,113,165
16,117,335
16,118,369
16,119,146
16,127,197
16,133,395
16,134,26
16,138,354
16,139,332
16,143,261
16,150,139
16,156,140
16,175,153
16,176,295
16,180,65
16,182,54
16,190,43
16,192,5
17,1,267
17,3,274
17,4,38
17,6,214
17,8,178
17,9,243
17,12,263
17,13,196
17,14,362
17,15,141
17,16,98
17,18,301
17,19,46
17,20,72
17,21,388
17,23,326
17,24,92
17,25,265
17,26,388
17,27,62
17,29,239
17,30,286
17,31,209
17,32,279
17,33,36
17,34,188
17,36,325
17,38,127
17,39,182
17,40,210
17,44,313
17,46,218
17,47,131
17,48,363
17,49,205
17,50,197
17,51,348
17,52,63
17,54,386
17,55,377
17,56,124
17,57,219
17,58,221
17,60,291
17,61,6
17,62,71
17,65,385
17,66,314
17,67,385
17,68,19
17,69,77
17,70,11
17,74,74
17,76,123
17,86,41
17,88,34
17,94,289
17,99,268
17,103,161
17,104,395
17,109,296
17,122,95
17,123,89
17,126,100
17,131,310
17,137,232
17,141,133
17,142,258
17,143,128
17,147,9
17,148,164
17,150,201
17,152,59
17,153,282
17,155,288
17,165,372
17,166,282
17,168,26
17,169,346
17,176,57
17,178,92
17,183,326
17,186,224
17,192,132
17,194,285
17,200,7
18,1,201
18,4,354
18,5,195
18,8,260
18,10,83
18,11,307
18,12,364
18,13,175
18,14,283
18,15,289
18,16,208
18,17,301
18,23,361
18,24,280
18,26,314
18,27,227
18,28,290
18,29,126
18,31,293
18,34,129
18,37,270
18,39,324
18,40,364
18,41,193
18,42,203
18,43,217
18,45,281
18,46,241
18,47,25
18,48,29
18,51,369
18,52,393
18,54,256
18,57,53
18,58,362
18,62,59
18,64,224
18,66,130
18,68,202
18,70,39
18,71,232
18,77,292
18,78,395
18,79,97
18,80,310
18,82,110
18,84,320
18,89,112
18,90,341
18,91,47
18,96,160
18,99,317
18,101,251
18,102,291
18,104,324
18,110,156
18,115,71
18,120,357
18,126,248
18,127,367
18,141,223
18,144,247
18,149,316
18,166,97
18,167,39
18,170,290
18,172,250
18,173,49
18,176,344
18,184,181
18,192,109
18,193,213
18,194,11
18,196,179
19,1,89
19,2,88
19,4,61
19,6,184
19,7,236
19,8,11
19,12,19
19,13,400
19,16,214
19,17,46
19,20,9
19,21,50
19,22,88
19,23,60
19,24,261
19,25,102
19,27,202
19,30,186
19,31,274
19,33,335
19,34,319
19,35,222
19,36,56
19,38,156
19,39,207
19,41,278
19,42,294
19,46,93
19,49,112
19,50,347
19,51,325
19,52,243
19,56,210
19,57,29
19,58,205
19,63,150
19,65,209
19,67,80
19,68,118
19,70,237
19,72,289
19,74,315
19,81,328
19,86,63
19,101,227
19,102,164
19,110,216
19,120,158
19,130,89
19,132,33
19,133,87
19,146,165
19,148,291
19,162,166
19,171,102
19,175,122
19,176,14
19,177,360
19,178,136
19,191,5
19,192,98
19,195,303
20,1,209
20,2,87
20,3,175
20,4,31
20,6,47
20,7,59
20,8,362
20,10,84
20,11,154
20,12,129
20,14,63
20,16,286
20,17,72
20,19,9
20,22,349
20,23,366
20,25,281
20,26,168
20,28,337
20,29,101
20,30,217
20,31,12
20,32,173
20,34,269
20,37,309
20,38,168
20,39,267
20,40,108
20,42,10
20,43,297
20,44,119
20,49,253
20,51,197
20,53,99
20,56,117
20,57,148
20,59,352
20,60,192
20,62,357
20,63,296
20,67,195
20,68,351
20,73,34
20,74,277
20,76,150
20,78,274
20,80,75
20,81,221
20,82,43
20,84,296
20,85,339
20,87,208
20,90,92
20,93,158
20,95,370
20,96,179
20,98,169
20,99,57
20,101,174
20,109,359
20,113,105
20,119,340
20,129,161
20,130,362
20,132,391
20,142,85
20,147,297
20,153,365
20,155,330
20,159,180
20,160,239
20,162,245
20,165,101
20,175,253
20,178,134
20,189,188
20,190,143
21,1,243
21,2,95
21,3,86
21,4,359
21,7,90
21,8,337
21,9,127
21,10,127
21,14,163
21,15,5
21,16,128
21,17,388
21,19,50
21,23,310
21,24,384
21,25,364
21,28,142
21,29,78
21,30,314
21,31,385
21,32,351
21,33,256
21,35,133
21,37,170
21,38,392
21,39,72
21,43,135
21,44,284
21,45,94
21,46,292
21,47,180
21,50,393
21,52,4
21,53,375
21,56,154
21,57,278
21,58,371
21,61,54
21,63,25
21,64,226
21,66,44
21,70,308
21,71,2
21,73,106
21,76,268
21,77,326
21,81,181
21,82,365
21,84,5
21,87,356
21,88,289
21,89,318
21,97,184
21,98,233
21,100,163
21,103,128
21,113,302
21,116,23
21,117,38
21,123,29
21,124,253
21,135,46
21,139,317
21,140,271
21,151,91
21,152,213
21,162,105
21,163,314
21,170,163
21,172,56
21,180,99
21,190,297
21,198,109
22,1,190
22,2,347
22,3,253
22,4,242
22,5,106
22,6,229
22,7,207
22,9,200
22,10,126
22,11,353
22,12,267
22,16,361
22,19,88
22,20,349
22,23,187
22,24,292
22,25,108
22,28,354
22,30,9
22,33,158
22,34,352
22,36,264
22,38,181
22,42,356
22,43,289
22,49,331
22,50,132
22,52,285
22,55,352
22,58,225
22,61,127
22,62,240
22,63,54
22,64,84
22,71,14
22,72,296
22,75,272
22,76,155
22,83,200
22,84,8
22,87,263
22,89,396
22,90,10
22,99,217
22,101,387
22,102,62
22,103,255
22,106,236
22,107,74
22,108,368
22,112,32
22,116,24
22,120,133
22,121,84
22,125,70
22,126,50
22,129,244
22,131,49
22,133,386
22,134,52
22,136,152
22,151,357
22,154,176
22,163,29
22,183,277
22,184,89
22,188,174
22,192,339
22,196,19
23,1,33
23,5,30
23,7,237
23,8,213
23,9,39
23,10,141
23,11,261
23,12,154
23,13,203
23,15,44
23,16,208
23,17,326
23,18,361
23,19,60
23,20,366
23,21,310
23,22,187
23,26,132
23,28,277
23,29,353
23,30,365
23,32,351
23,33,394
23,35,361
23,36,199
23,39,95
23,40,351
23,43,285
23,44,200
23,45,265
23,46,323
23,47,354
23,49,135
23,51,266
23,59,97
23,63,303
23,64,186
23,66,392
23,70,285
23,72,65
23,77,117
23,79,100
23,82,216
23,85,78
23,88,29
23,89,368
23,91,376
23,92,209
23,94,341
23,96,315
23,97,180
23,98,160
23,101,322
23,103,129
23,114,385
23,115,349
23,123,147
23,124,310
23,132,204
23,134,186
23,135,365
23,138,246
23,141,180
23,143,274
23,148,76
23,158,333
23,161,171
23,165,384
23,179,92
23,182,330
23,191,322
23,193,55
23,198,290
24,2,318
24,3,371
24,5,48
24,6,318
24,9,225
24,11,147
24,12,102
24,13,226
24,14,10
24,15,256
24,16,203
24,17,92
24,18,280
24,19,261
24,21,384
24,22,292
24,25,210
24,26,75
24,27,176
24,28,85
24,29,365
24,30,109
24,31,49
24,32,365
24,34,246
24,35,268
24,38,20
24,39,160
24,40,325
24,41,386
24,42,343
24,43,79
24,47,180
24,48,299
24,49,338
24,50,62
24,52,394
24,54,237
24,56,59
24,58,86
24,61,397
24,67,165
24,68,172
24,69,213
24,70,344
24,75,286
24,77,382
24,81,288
24,82,20
24,87,123
24,91,317
24,94,257
24,99,290
24,102,71
24,103,136
24,104,164
24,110,298
24,111,159
24,113,127
24,114,348
24,116,220
24,117,46
24,127,146
24,129,320
24,133,79
24,134,257
24,143,15
24,146,92
24,147,189
24,148,84
24,153,167
24,154,166
24,166,49
24,170,323
24,172,63
24,176,275
24,182,391
24,191,100
25,1,188
25,2,195
25,5,98
25,8,328
25,9,367
25,12,369
25,13,399
25,15,342
25,16,261
25,17,265
25,19,102
25,20,281
25,21,364
25,22,108
25,24,210
25,26,302
25,27,315
25,30,309
25,33,294
25,34,59
25,37,271
25,39,225
25,40,240
25,41,374
25,42,184
25,45,287
25,47,175
25,49,224
25,50,289
25,52,126
25,53,100
25,54,61
25,57,172
25,61,317
25,62,14
25,63,204
25,71,146
25,73,191
25,74,97
25,76,10
25,78,165
25,79,174
25,80,91
25,95,66
25,101,87
25,104,264
25,108,301
25,110,323
25,111,128
25,114,341
25,115,304
25,128,386
25,131,71
25,132,194
25,150,182
25,151,397
25,154,394
25,159,349
25,165,8
25,170,88
25,174,165
25,181,319
25,192,322
25,193,306
26,2,358
26,3,146
26,5,72
26,6,319
26,7,371
26,9,127
26,11,313
26,12,152
26,14,109
26,15,110
26,16,53
26,17,388
26,18,314
26,20,168
26,23,132
26,24,75
26,25,302
26,27,338
26,28,172
26,29,285
26,30,47
26,31,93
26,32,123
26,35,183
26,36,293
26,39,260
26,40,135
26,41,282
26,43,343
26,47,23
26,48,391
26,54,337
26,56,126
26,57,224
26,58,388
26,59,65
26,60,69
26,61,125
26,66,335
26,67,187
26,68,367
26,71,199
26,74,125
26,76,376
26,79,13
26,81,318
26,82,317
26,87,114
26,94,289
26,96,52
26,99,375
26,105,184
26,108,66
26,109,154
26,119,42
26,121,204
26,123,382
26,124,83
26,152,327
26,158,400
26,161,49
26,164,78
26,167,365
26,178,82
26,181,350
26,182,22
26,183,299
26,187,212
26,189,281
26,190,344
26,193,87
26,197,19
26,198,114
26,199,382
26,200,396
27,3,214
27,6,302
27,7,280
27,8,144
27,10,239
27,11,100
27,12,231
27,13,56
27,14,7
27,17,62
27,18,227
27,19,202
27,24,176
27,25,315
27,26,338
27,28,116
27,30,156
27,32,48
27,34,398
27,35,96
27,36,123
27,37,13
27,38,257
27,40,285
27,41,149
27,43,305
27,45,73
27,46,180
27,49,49
27,55,400
27,57,291
27,61,54
27,63,159
27,64,286
27,65,216
27,66,247
27,69,344
27,71,246
27,72,37
27,74,288
27,76,348
27,77,97
27,78,159
27,79,211
27,81,21
27,82,223
27,88,149
27,89,379
27,100,366
27,106,345
27,110,334
27,111,247
27,121,37
27,124,157
27,139,58
27,142,334
27,145,211
27,147,358
27,151,71
27,155,144
27,171,29
27,174,366
27,178,308
27,180,249
27,181,101
27,188,206
27,194,363
27,195,328
28,1,60
28,2,79
28,3,325
28,4,264
28,5,57
28,6,257
28,7,79
28,8,84
28,9,349
28,11,351
28,12,32
28,15,261
28,16,88
28,18,290
28,20,337
28,21,142
28,22,354
28,23,277
28,24,85
28,26,172
28,27,116
28,29,342
28,33,5
28,34,51
28,35,9
28,36,79
28,37,146
28,38,202
28,39,333
28,43,60
28,44,331
28,48,312
28,50,386
28,51,348
28,52,161
28,53,136
28,54,311
28,55,86
28,61,181
28,64,154
28,65,291
28,68,113
28,72,54
28,74,197
28,75,126
28,77,227
28,80,122
28,82,95
28,86,12
28,88,95
28,90,90
28,92,283
28,94,154
28,97,95
28,101,73
28,104,135
28,106,362
28,108,325
28,112,209
28,118,60
28,119,289
28,121,330
28,128,378
28,131,210
28,132,362
28,134,225
28,136,113
28,138,91
28,140,44
28,141,304
28,143,59
28,144,106
28,145,356
28,160,182
28,169,367
28,178,85
28,191,396
28,200,122
29,1,368
29,2,180
29,5,100
29,7,383
29,8,105
29,9,189
29,11,196
29,12,359
29,13,31
29,14,293
29,15,286
29,16,132
29,17,239
29,18,126
29,20,101
29,21,78
29,23,353
29,24,365
29,26,285
29,28,342
29,31,328
29,35,50
29,38,360
29,40,18
29,41,388
29,42,303
29,43,33
29,44,280
29,47,197
29,48,57
29,50,376
29,51,334
29,52,137
29,53,359
29,55,91
29,57,231
29,59,316
29,60,252
29,62,85
29,63,339
29,64,230
29,66,84
29,68,182
29,72,262
29,80,160
29,83,389
29,84,39
29,87,129
29,92,350
29,94,132
29,97,32
29,101,379
29,103,161
29,113,399
29,123,60
29,130,252
29,142,101
29,148,377
29,150,223
29,151,162
29,155,149
29,161,213
29,165,114
29,169,70
29,170,121
30,2,261
30,6,39
30,7,339
30,8,41
30,9,358
30,10,260
30,12,25
30,13,214
30,14,157
30,15,159
30,17,286
30,19,186
30,20,217
30,21,314
30,22,9
30,23,365
30,24,109
30,25,309
30,26,47
30,27,156
30,32,274
30,34,89
30,35,64
30,36,124
30,37,240
30,40,14
30,41,140
30,42,246
30,46,186
30,49,220
30,50,357
30,53,146
30,55,79
30,56,32
30,57,165
30,58,180
30,61,270
30,65,155
30,69,18
30,70,1
30,71,381
30,73,10
30,76,297
30,80,343
30,85,114
30,87,18
30,88,33
30,90,325
30,92,132
30,94,374
30,97,354
30,98,199
30,103,6
30,107,3
30,108,373
30,110,5
30,112,45
30,115,295
30,118,373
30,121,388
30,122,207
30,124,255
30,141,287
30,142,246
30,144,194
30,150,321
30,151,20
30,152,47
30,154,201
30,157,57
30,168,324
30,171,351
30,173,208
30,176,76
30,177,234
30,183,254
30,188,289
30,190,221
31,2,32
31,3,152
31,5,7
31,6,88
31,7,232
31,9,226
31,10,122
31,11,203
31,12,389
31,13,237
31,14,251
31,16,286
31,17,209
31,18,293
31,19,274
31,20,12
31,21,385
31,24,49
31,26,93
31,29,328
31,32,18
31,34,383
31,36,16
31,38,222
31,42,4
31,44,155
31,45,194
31,47,126
31,50,172
31,52,208
31,59,76
31,61,170
31,67,139
31,68,178
31,71,252
31,73,38
31,74,181
31,75,305
31,78,276
31,79,222
31,80,302
31,83,208
31,84,49
31,85,235
31,86,224
31,87,237
31,88,140
31,92,289
31,95,24
31,97,287
31,100,376
31,101,150
31,106,94
31,109,318
31,118,362
31,119,166
31,120,79
31,122,253
31,123,74
31,128,319
31,130,230
31,136,192
31,147,75
31,148,13
31,149,170
31,150,346
31,154,376
31,161,390
31,164,164
31,168,362
31,169,361
31,176,299
31,189,201
31,190,166
31,194,16
31,195,20
32,4,239
32,5,364
32,6,201
32,7,246
32,8,84
32,9,51
32,10,68
32,11,54
32,12,70
32,14,216
32,15,220
32,17,279
32,20,173
32,21,351
32,23,351
32,24,365
32,26,123
32,27,48
32,30,274
32,31,18
32,34,369
32,35,335
32,37,2
32,38,237
32,39,122
32,43,257
32,44,224
32,45,164
32,46,77
32,47,114
32,48,214
32,49,363
32,50,204
32,53,250
32,57,153
32,61,173
32,64,159
32,65,336
32,67,312
32,69,381
32,71,360
32,92,317
32,95,156
32,96,59
32,111,317
32,116,32
32,118,133
32,119,377
32,120,100
32,129,248
32,135,251
32,146,194
32,149,298
32,157,276
32,159,187
32,163,318
32,169,291
32,172,275
32,174,292
32,181,131
32,186,201
32,195,238
33,1,166
33,2,400
33,6,290
33,7,175
33,8,227
33,9,357
33,10,169
33,12,320
33,15,295
33,16,191
33,17,36
33,19,335
33,21,256
33,22,158
33,23,394
33,25,294
33,28,5
33,34,226
33,35,23
33,36,74
33,37,12
33,39,102
33,40,270
33,41,388
33,43,116
33,44,270
33,45,79
33,46,158
33,49,299
33,50,142
33,52,81
33,53,394
33,54,349
33,58,74
33,60,259
33,63,5
33,64,139
33,67,18
33,73,362
33,81,318
33,82,77
33,84,51
33,85,320
33,87,94
33,93,127
33,95,111
33,97,229
33,99,10
33,100,148
33,102,54
33,103,246
33,106,221
33,107,206
33,110,87
33,111,199
33,113,361
33,119,177
33,121,399
33,122,321
33,135,236
33,157,121
33,160,173
33,163,132
33,164,302
33,173,170
33,174,166
33,175,61
33,188,400
33,192,192
33,195,139
34,2,353
34,4,89
34,6,390
34,8,269
34,9,335
34,11,223
34,14,181
34,15,307
34,16,246
34,17,188
34,18,129
34,19,319
34,20,269
34,22,352
34,24,246
34,25,59
34,27,398
34,28,51
34,30,89
34,31,383
34,32,369
34,33,226
34,36,289
34,37,210
34,38,366
34,39,175
34,40,35
34,43,143
34,46,164
34,47,108
34,48,208
34,49,274
34,50,297
34,51,271
34,56,351
34,60,164
34,61,199
34,62,350
34,63,165
34,65,49
34,66,26
34,67,31
34,68,29
34,73,331
34,74,73
34,78,220
34,82,350
34,87,380
34,93,65
34,96,223
34,97,216
34,100,117
34,106,124
34,107,118
34,108,328
34,112,297
34,122,350
34,123,146
34,127,264
34,132,171
34,138,230
34,144,235
34,147,103
34,148,373
34,152,343
34,153,114
34,159,326
34,161,280
34,163,260
34,167,262
34,169,102
34,176,127
34,179,35
34,181,140
34,182,233
34,190,321
34,191,116
35,1,396
35,4,308
35,7,30
35,8,278
35,9,260
35,10,6
35,11,75
35,12,15
35,13,204
35,14,18
35,15,260
35,19,222
35,21,133
35,23,361
35,24,268
35,26,183
35,27,96
35,28,9
35,29,50
35,30,64
35,32,335
35,33,23
35,36,15
35,39,94
35,40,193
35,41,299
35,42,341
35,43,93
35,44,19
35,45,241
35,47,201
35,48,279
35,49,106
35,52,66
35,53,10
35,54,141
35,55,62
35,56,97
35,58,324
35,59,274
35,62,25
35,63,366
35,66,307
35,68,167
35,69,18
35,70,126
35,75,278
35,77,93
35,84,334
35,86,52
35,87,237
35,91,216
35,94,353
35,95,339
35,98,320
35,104,82
35,106,257
35,111,365
35,117,218
35,123,131
35,124,378
35,128,70
35,129,374
35,130,383
35,132,283
35,136,321
35,144,257
35,150,316
35,155,73
35,159,171
35,163,338
35,172,24
35,173,364
35,174,316
35,175,155
35,177,302
35,178,76
35,181,271
35,189,293
35,191,332
35,194,110
35,196,29
36,1,208
36,2,59
36,3,283
36,4,46
36,5,54
36,6,270
36,7,116
36,8,157
36,10,199
36,11,264
36,12,14
36,13,339
36,15,225
36,16,198
36,17,325
36,19,56
36,22,264
36,23,199
36,26,293
36,27,123
36,28,79
36,30,124
36,31,16
36,33,74
36,34,289
36,35,15
36,38,112
36,39,145
36,44,349
36,46,249
36,49,371
36,51,62
36,52,152
36,53,316
36,54,275
36,55,18
36,58,17
36,60,61
36,62,103
36,63,316
36,68,98
36,72,69
36,73,308
36,76,120
36,80,258
36,84,254
36,86,164
36,92,233
36,96,141
36,98,196
36,102,383
36,103,38
36,104,277
36,114,153
36,125,121
36,126,94
36,130,216
36,132,370
36,133,386
36,135,270
36,140,213
36,142,305
36,153,325
36,158,64
36,159,399
36,160,33
36,161,5
36,171,324
36,178,325
36,188,379
36,194,99
36,197,51
36,198,367
36,200,293
37,1,276
37,2,90
37,4,373
37,6,275
37,9,83
37,10,355
37,12,299
37,13,82
37,14,196
37,15,384
37,16,85
37,18,270
37,20,309
37,21,170
37,25,271
37,27,13
37,28,146
37,30,240
37,32,2
37,33,12
37,34,210
37,38,222
37,39,398
37,41,171
37,42,163
37,48,105
37,49,187
37,52,307
37,53,82
37,54,160
37,56,301
37,57,44
37,60,98
37,62,143
37,70,173
37,71,84
37,72,241
37,76,130
37,77,275
37,81,4
37,86,363
37,87,328
37,91,273
37,93,12
37,96,12
37,97,143
37,103,218
37,105,300
37,106,9
37,113,31
37,117,1
37,124,147
37,125,139
37,130,226
37,139,356
37,143,169
37,145,103
37,150,38
37,163,368
37,166,103
37,171,88
37,183,322
37,187,36
37,188,369
37,194,160
38,2,190
38,5,121
38,6,260
38,7,260
38,8,11
38,9,75
38,10,92
38,11,217
38,12,134
38,17,127
38,19,156
38,20,168
38,21,392
38,22,181
38,24,20
38,27,257
38,28,202
38,29,360
38,31,222
38,32,237
38,34,366
38,36,112
38,37,222
38,40,189
38,42,174
38,46,279
38,48,72
38,51,153
38,52,153
38,55,98
38,58,39
38,60,389
38,61,362
38,63,121
38,67,14
38,69,11
38,70,281
38,72,125
38,79,270
38,81,116
38,84,105
38,86,159
38,92,285
38,95,92
38,97,380
38,104,111
38,105,369
38,110,303
38,111,113
38,116,71
38,119,268
38,121,370
38,122,246
38,124,82
38,132,3
38,135,284
38,138,283
38,141,183
38,144,222
38,155,77
38,161,372
38,162,225
38,163,306
38,167,282
38,168,268
38,176,350
39,1,396
39,3,34
39,5,314
39,8,302
39,9,310
39,10,83
39,12,341
39,15,104
39,16,162
39,17,182
39,18,324
39,19,207
39,20,267
39,21,72
39,23,95
39,24,160
39,25,225
39,26,260
39,28,333
39,32,122
39,33,102
39,34,175
39,35,94
39,36,145
39,37,398
39,40,139
39,41,305
39,43,70
39,44,231
39,45,24
39,47,212
39,48,287
39,50,247
39,53,280
39,57,281
39,60,36
39,71,64
39,77,16
39,78,52
39,79,43
39,81,293
39,84,284
39,88,223
39,89,362
39,92,323
39,93,116
39,94,395
39,95,383
39,102,147
39,105,396
39,111,199
39,117,57
39,122,38
39,130,73
39,131,56
39,134,196
39,135,107
39,137,286
39,138,66
39,140,135
39,148,62
39,150,9
39,156,200
39,175,230
39,182,7
39,185,52
39,190,291
40,1,359
40,5,169
40,8,92
40,9,139
40,11,113
40,12,20
40,14,138
40,15,281
40,16,64
40,17,210
40,18,364
40,20,108
40,23,351
40,24,325
40,25,240
40,26,135
40,27,285
40,29,18
40,30,14
40,33,270
40,34,35
40,35,193
40,38,189
40,39,139
40,41,51
40,44,23
40,45,385
40,46,274
40,47,48
40,56,58
40,59,388
40,60,325
40,63,32
40,65,309
40,73,295
40,81,237
40,88,341
40,89,196
40,97,30
40,102,320
40,105,338
40,106,376
40,108,111
40,117,110
40,120,33
40,129,93
40,143,140
40,144,96
40,146,248
40,151,355
40,176,217
40,185,230
40,191,102
40,198,180
41,2,29
41,4,236
41,8,170
41,9,277
41,10,50
41,11,199
41,12,138
41,14,244
41,16,217
41,18,193
41,19,278
41,24,386
41,25,374
41,26,282
41,27,149
41,29,388
41,30,140
41,33,388
41,35,299
41,37,171
41,39,305
41,40,51
41,42,216
41,44,382
41,46,96
41,49,337
41,52,319
41,54,51
41,56,238
41,58,327
41,59,110
41,62,6
41,64,305
41,65,15
41,66,23
41,70,221
41,73,360
41,75,74
41,76,328
41,79,4
41,83,37
41,86,390
41,88,102
41,91,81
41,93,166
41,96,141
41,99,98
41,107,145
41,108,225
41,111,22
41,113,380
41,115,84
41,128,295
41,136,292
41,138,305
41,140,369
41,142,177
41,143,198
41,144,365
41,146,60
41,148,23
41,149,22
41,158,306
41,173,277
41,178,148
41,192,231
41,194,135
41,196,226
41,199,211
42,3,197
42,4,175
42,6,222
42,8,341
42,9,39
42,11,12
42,12,309
42,13,316
42,14,169
42,18,203
42,19,294
42,20,10
42,22,356
42,24,343
42,25,184
42,29,303
42,30,246
42,31,4
42,35,341
42,37,163
42,38,174
42,41,216
42,43,153
42,45,267
42,47,274
42,48,360
42,49,231
42,51,38
42,52,110
42,55,12
42,59,162
42,61,25
42,64,25
42,69,354
42,71,46
42,72,105
42,73,188
42,74,283
42,75,43
42,83,327
42,84,107
42,86,59
42,89,40
42,91,244
42,98,217
42,105,193
42,107,70
42,109,318
42,114,50
42,116,106
42,125,59
42,126,58
42,144,384
42,149,4
42,152,63
42,162,22
42,168,62
42,172,260
42,173,177
42,198,163
43,2,155
43,9,207
43,10,16
43,11,181
43,12,167
43,13,378
43,14,73
43,15,102
43,18,217
43,20,297
43,21,135
43,22,289
43,23,285
43,24,79
43,26,343
43,27,305
43,28,60
43,29,33
43,32,257
43,33,116
43,34,143
43,35,93
43,39,70
43,42,153
43,45,339
43,46,200
43,47,159
43,48,197
43,49,129
43,51,256
43,53,188
43,54,358
43,55,255
43,56,254
43,58,88
43,60,15
43,61,137
43,62,6
43,63,213
43,70,98
43,72,225
43,73,381
43,75,216
43,76,275
43,90,377
43,92,252
43,98,40
43,99,263
43,100,292
43,108,301
43,110,87
43,112,284
43,117,215
43,120,158
43,124,82
43,128,395
43,130,30
43,131,68
43,136,150
43,145,193
43,156,324
43,157,225
43,161,132
43,164,116
43,165,138
43,168,353
43,169,87
43,173,116
43,175,207
43,179,305
43,181,102
43,189,275
43,195,153
44,1,331
44,2,64
44,3,323
44,5,364
44,9,198
44,14,365
44,15,130
44,16,180
44,17,313
44,20,119
44,21,284
44,23,200
44,28,331
44,29,280
44,31,155
44,32,224
44,33,270
44,35,19
44,36,349
44,39,231
44,40,23
44,41,382
44,45,6
44,48,268
44,49,344
44,50,299
44,51,64
44,52,372
44,54,33
44,55,126
44,56,297
44,61,250
44,65,43
44,67,15
44,68,218
44,69,131
44,71,244
44,73,229
44,74,33
44,77,106
44,80,5
44,84,133
44,85,171
44,86,283
44,87,240
44,88,45
44,93,250
44,94,39
44,100,127
44,103,197
44,105,143
44,118,288
44,124,237
44,136,68
44,145,200
44,151,219
44,154,22
44,156,99
44,158,379
44,166,364
44,169,288
44,170,26
44,176,63
44,182,389
44,185,173
44,194,47
44,197,350
45,1,294
45,2,183
45,3,396
45,4,278
45,5,367
45,7,364
45,10,311
45,11,29
45,18,281
45,21,94
45,23,265
45,25,287
45,27,73
45,31,194
45,32,164
45,33,79
45,35,241
45,39,24
45,40,385
45,42,267
45,43,339
45,44,6
45,46,362
45,47,37
45,49,363
45,51,369
45,52,248
45,53,94
45,55,351
45,59,381
45,60,308
45,61,89
45,64,71
45,71,358
45,77,194
45,83,262
45,86,259
45,88,80
45,93,251
45,94,57
45,97,47
45,101,366
45,102,98
45,103,319
45,105,164
45,107,167
45,112,179
45,113,170
45,118,168
45,128,371
45,129,176
45,132,385
45,141,109
45,144,268
45,155,184
45,156,349
45,157,285
45,160,348
45,172,82
45,176,148
45,196,376
45,197,377
45,198,168
46,2,258
46,4,261
46,7,325
46,8,341
46,9,68
46,12,75
46,14,21
46,17,218
46,18,241
46,19,93
46,21,292
46,23,323
46,27,180
46,30,186
46,32,77
46,33,158
46,34,164
46,36,249
46,38,279
46,40,274
46,41,96
46,43,200
46,45,362
46,47,101
46,50,108
46,51,251
46,54,252
46,56,313
46,60,15
46,63,99
46,71,375
46,73,95
46,76,196
46,77,317
46,78,150
46,81,146
46,83,58
46,85,380
46,87,395
46,89,26
46,91,31
46,95,160
46,96,365
46,97,239
46,98,62
46,102,212
46,105,192
46,122,378
46,124,314
46,129,148
46,142,346
46,144,238
46,151,322
46,158,361
46,168,329
46,171,45
46,172,110
46,175,268
46,179,265
46,180,179
46,189,164
46,193,150
47,3,123
47,5,38
47,7,7
47,8,121
47,14,144
47,15,71
47,17,131
47,18,25
47,21,180
47,23,354
47,24,180
47,25,175
47,26,23
47,29,197
47,31,126
47,32,114
47,34,108
47,35,201
47,39,212
47,40,48
47,42,274
47,43,159
47,45,37
47,46,101
47,49,340
47,51,363
47,53,314
47,55,173
47,61,306
47,62,82
47,64,252
47,67,373
47,69,85
47,71,211
47,73,158
47,80,275
47,86,378
47,87,332
47,89,391
47,92,352
47,95,86
47,96,59
47,97,369
47,98,137
47,99,362
47,100,146
47,107,22
47,114,175
47,119,316
47,120,261
47,124,282
47,132,279
47,141,259
47,142,337
47,143,129
47,148,274
47,159,315
47,167,390
47,172,328
47,176,269
48,2,284
48,3,166
48,4,115
48,5,166
48,13,89
48,14,309
48,15,57
48,17,363
48,18,29
48,24,299
48,26,391
48,28,312
48,29,57
48,32,214
48,34,208
48,35,279
48,37,105
48,38,72
48,39,287
48,42,360
48,43,197
48,44,268
48,49,154
48,51,141
48,55,307
48,56,305
48,57,288
48,58,276
48,59,278
48,64,366
48,66,167
48,67,126
48,68,216
48,69,265
48,70,378
48,71,357
48,72,262
48,74,276
48,75,150
48,76,142
48,79,144
48,80,263
48,82,314
48,84,22
48,85,223
48,90,300
48,91,208
48,95,338
48,101,300
48,107,395
48,113,283
48,115,165
48,116,398
48,118,69
48,122,10
48,124,354
48,126,330
48,135,335
48,137,397
48,155,322
48,156,388
48,158,266
48,165,14
48,170,332
48,177,311
48,186,334
48,187,77
48,190,328
48,198,160
49,1,9
49,4,295
49,9,270
49,11,32
49,12,123
49,13,386
49,15,387
49,17,205
49,19,112
49,20,253
49,22,331
49,23,135
49,24,338
49,25,224
49,27,49
49,30,220
49,32,363
49,33,299
49,34,274
49,35,106
49,36,371
49,37,187
49,41,337
49,42,231
49,43,129
49,44,344
49,45,363
49,47,340
49,48,154
49,50,58
49,51,128
49,54,78
49,56,59
49,57,254
49,58,395
49,59,176
49,66,202
49,67,209
49,69,74
49,75,210
49,78,118
49,79,154
49,83,218
49,89,388
49,91,313
49,95,145
49,96,95
49,98,278
49,100,152
49,102,345
49,111,234
49,119,198
49,122,270
49,138,326
49,142,375
49,148,277
49,150,192
49,161,138
49,164,6
49,174,70
49,175,16
49,182,1
49,187,218
49,191,23
49,193,308
49,200,329
50,2,397
50,3,366
50,4,52
50,5,392
50,7,248
50,8,241
50,11,271
50,12,310
50,13,194
50,14,400
50,17,197
50,19,347
50,21,393
50,22,132
50,24,62
50,25,289
50,28,386
50,29,376
50,30,357
50,31,172
50,32,204
50,33,142
50,34,297
50,39,247
50,44,299
50,46,108
50,49,58
50,51,123
50,52,242
50,54,289
50,56,173
50,60,94
50,61,390
50,62,32
50,63,220
50,64,247
50,66,341
50,69,366
50,78,325
50,80,305
50,81,239
50,84,22
50,85,323
50,88,39
50,94,234
50,98,145
50,106,134
50,108,197
50,109,237
50,116,267
50,118,67
50,119,268
50,121,399
50,125,86
50,126,129
50,129,177
50,130,325
50,131,36
50,132,45
50,139,210
50,143,305
50,144,199
50,147,146
50,150,342
50,151,198
50,152,294
50,154,260
50,163,242
50,174,311
50,178,116
50,180,231
50,185,197
50,188,219
50,199,316
51,1,378
51,6,272
51,8,119
51,9,224
51,14,229
51,17,348
51,18,369
51,19,325
51,20,197
51,23,266
51,28,348
51,29,334
51,34,271
51,36,62
51,38,153
51,42,38
51,43,256
51,44,64
51,45,369
51,46,251
51,47,363
51,48,141
51,49,128
51,50,123
51,52,2
51,54,319
51,56,105
51,60,211
51,61,159
51,62,399
51,70,361
51,76,312
51,82,385
51,83,392
51,84,397
51,86,7
51,87,1
51,89,206
51,92,131
51,93,334
51,94,354
51,99,231
51,102,48
51,104,316
51,110,172
51,113,35
51,114,213
51,116,81
51,117,237
51,120,103
51,124,36
51,132,386
51,137,94
51,141,70
51,145,156
51,146,244
51,155,108
51,159,350
51,162,257
51,169,6
51,170,349
51,175,296
51,177,75
51,196,314
51,199,198
52,2,340
52,3,57
52,6,207
52,10,187
52,11,62
52,14,158
52,16,25
52,17,63
52,18,393
52,19,243
52,21,4
52,22,285
52,24,394
52,25,126
52,28,161
52,29,137
52,31,208
52,33,81
52,35,66
52,36,152
52,37,307
52,38,153
52,41,319
52,42,110
52,44,372
52,45,248
52,50,242
52,51,2
52,54,133
52,59,278
52,60,302
52,64,134
52,66,306
52,68,11
52,72,240
52,75,315
52,76,103
52,77,245
52,79,143
52,80,258
52,81,250
52,87,153
52,89,126
52,93,160
52,101,334
52,103,162
52,104,42
52,106,171
52,107,108
52,110,376
52,112,96
52,113,156
52,115,145
52,117,399
52,120,298
52,124,237
52,125,59
52,127,121
52,128,265
52,132,152
52,137,193
52,144,199
52,154,274
52,157,220
52,159,297
52,160,380
52,165,155
52,168,225
52,170,333
52,190,184
52,192,75
53,2,356
53,3,139
53,4,10
53,7,236
53,8,206
53,12,232
53,13,111
53,14,165
53,16,323
53,20,99
53,21,375
53,25,100
53,28,136
53,29,359
53,30,146
53,32,250
53,33,394
53,35,10
53,36,316
53,37,82
53,39,280
53,43,188
53,45,94
53,47,314
53,55,285
53,58,263
53,59,21
53,60,247
53,64,249
53,67,334
53,70,118
53,71,352
53,73,246
53,75,89
53,77,328
53,93,347
53,100,94
53,102,168
53,108,122
53,109,263
53,110,93
53,114,53
53,119,274
53,122,388
53,126,311
53,127,327
53,128,343
53,130,64
53,132,165
53,134,266
53,139,320
53,143,300
53,144,286
53,147,156
53,148,145
53,155,256
53,160,389
53,162,53
53,166,287
53,167,400
53,168,328
53,178,87
53,181,134
53,187,160
53,189,118
53,190,358
54,1,37
54,2,395
54,4,119
54,7,365
54,12,39
54,14,314
54,17,386
54,18,256
54,24,237
54,25,61
54,26,337
54,28,311
54,33,349
54,35,141
54,36,275
54,37,160
54,41,51
54,43,358
54,44,33
54,46,252
54,49,78
54,50,289
54,51,319
54,52,133
54,55,98
54,56,356
54,58,226
54,59,90
54,63,334
54,66,104
54,67,135
54,68,59
54,69,165
54,71,195
54,73,70
54,78,310
54,83,97
54,84,54
54,92,188
54,96,377
54,101,188
54,104,220
54,107,177
54,112,44
54,113,5
54,120,200
54,125,357
54,126,72
54,128,395
54,132,176
54,138,231
54,142,289
54,145,176
54,153,239
54,154,353
54,156,243
54,164,179
54,171,252
54,177,39
54,182,183
54,191,297
54,198,51
55,1,199
55,6,96
55,8,47
55,10,48
55,12,56
55,13,304
55,14,306
55,15,391
55,17,377
55,22,352
55,27,400
55,28,86
55,29,91
55,30,79
55,35,62
55,36,18
55,38,98
55,42,12
55,43,255
55,44,126
55,45,351
55,47,173
55,48,307
55,53,285
55,54,98
55,56,52
55,58,116
55,61,281
55,62,323
55,65,209
55,68,357
55,69,387
55,70,173
55,77,175
55,79,87
55,82,164
55,83,83
55,86,366
55,90,165
55,92,153
55,98,191
55,102,51
55,104,346
55,108,372
55,109,242
55,112,335
55,114,106
55,116,127
55,120,183
55,122,173
55,127,84
55,129,133
55,131,17
55,133,222
55,136,278
55,140,221
55,151,52
55,159,328
55,160,363
55,166,273
55,183,155
55,185,345
56,1,332
56,2,5
56,3,107
56,11,106
56,13,222
56,17,124
56,19,210
56,20,117
56,21,154
56,24,59
56,26,126
56,30,32
56,34,351
56,35,97
56,37,301
56,40,58
56,41,238
56,43,254
56,44,297
56,46,313
56,48,305
56,49,59
56,50,173
56,51,105
56,54,356
56,55,52
56,59,206
56,62,261
56,64,176
56,65,222
56,67,356
56,72,283
56,73,375
56,74,272
56,77,40
56,79,125
56,81,4
56,82,105
56,85,58
56,86,232
56,91,323
56,94,60
56,98,65
56,104,301
56,106,162
56,109,295
56,110,139
56,111,118
56,114,386
56,115,64
56,116,119
56,123,86
56,125,104
56,132,112
56,141,245
56,146,145
56,150,220
56,151,87
56,153,326
56,156,93
56,161,162
56,162,174
56,163,273
56,167,104
56,169,250
56,174,208
56,180,96
56,183,183
56,190,92
56,196,134
56,200,34
57,2,305
57,3,356
57,5,176
57,6,165
57,8,353
57,10,87
57,11,279
57,14,7
57,15,237
57,16,129
57,17,219
57,18,53
57,19,29
57,20,148
57,21,278
57,25,172
57,26,224
57,27,291
57,29,231
57,30,165
57,32,153
57,37,44
57,39,281
57,48,288
57,49,254
57,58,35
57,59,324
57,60,294
57,64,116
57,65,368
57,66,255
57,72,236
57,77,10
57,81,146
57,85,316
57,86,275
57,92,253
57,96,70
57,97,75
57,103,87
57,104,353
57,105,323
57,114,88
57,121,169
57,123,308
57,126,135
57,135,362
57,138,134
57,141,77
57,143,371
57,145,288
57,146,142
57,148,332
57,149,315
57,151,187
57,154,306
57,160,321
57,162,230
57,171,1
57,181,300
57,184,276
57,198,298
58,2,392
58,3,179
58,5,389
58,12,390
58,13,376
58,14,370
58,15,352
58,17,221
58,18,362
58,19,205
58,21,371
58,22,225
58,24,86
58,26,388
58,30,180
58,33,74
58,35,324
58,36,17
58,38,39
58,41,327
58,43,88
58,48,276
58,49,395
58,53,263
58,54,226
58,55,116
58,57,35
58,59,111
58,60,95
58,61,313
58,68,176
58,70,205
58,73,330
58,75,57
58,76,20
58,79,210
58,83,115
58,84,44
58,85,65
58,93,182
58,94,50
58,99,17
58,109,284
58,111,290
58,115,53
58,116,52
58,117,312
58,118,370
58,119,350
58,120,359
58,121,396
58,122,97
58,123,163
58,134,191
58,138,46
58,142,154
58,145,201
58,146,14
58,148,4
58,153,13
58,157,93
58,159,282
58,168,127
58,176,193
58,184,307
59,2,372
59,3,177
59,4,259
59,8,278
59,9,171
