source,target,weight
1,2,228
1,3,103
1,4,24
1,5,174
1,6,172
1,7,204
1,9,257
1,10,392
1,11,277
1,12,382
1,13,189
1,14,198
1,15,338
1,16,357
1,17,110
1,18,195
1,19,173
1,20,23
1,24,305
1,26,102
1,27,325
1,28,310
1,32,314
1,33,143
1,35,43
1,36,260
1,37,28
1,39,308
1,40,315
1,41,378
1,44,202
1,45,364
1,46,291
1,47,14
1,48,55
1,49,201
1,51,60
1,52,13
1,53,320
1,55,336
1,57,322
1,58,354
1,59,47
1,60,274
1,61,329
1,62,212
1,63,116
1,65,70
1,66,391
1,67,290
1,68,293
1,69,358
1,72,234
1,73,132
1,75,277
1,76,374
1,78,221
1,79,118
1,81,239
1,84,189
1,86,254
1,89,225
1,93,47
1,96,234
1,97,326
1,100,170
1,102,268
1,105,263
1,106,337
1,107,168
1,110,226
1,111,203
1,113,367
1,117,389
1,122,273
1,125,224
1,128,346
1,131,10
1,134,189
1,135,11
1,136,299
1,138,348
1,140,106
1,144,158
1,145,139
1,148,4
1,150,171
1,153,72
1,156,165
1,157,132
1,161,57
1,164,296
1,166,84
1,175,94
1,176,377
1,178,91
1,183,259
1,184,267
1,191,9
1,192,300
2,1,228
2,3,106
2,4,151
2,5,251
2,9,356
2,10,287
2,11,78
2,12,150
2,13,382
2,14,238
2,16,113
2,17,138
2,18,96
2,19,283
2,20,278
2,21,9
2,22,30
2,26,381
2,27,82
2,28,49
2,30,67
2,33,323
2,35,45
2,37,92
2,38,354
2,39,152
2,41,80
2,43,173
2,44,186
2,46,221
2,47,324
2,48,115
2,49,44
2,51,69
2,52,332
2,53,192
2,54,190
2,55,34
2,56,151
2,57,181
2,58,15
2,60,224
2,62,400
2,66,376
2,67,116
2,68,312
2,69,180
2,70,98
2,71,373
2,73,270
2,75,173
2,78,107
2,79,124
2,80,312
2,82,301
2,83,101
2,84,217
2,85,132
2,92,155
2,93,98
2,95,383
2,97,393
2,98,353
2,103,310
2,106,106
2,110,357
2,111,358
2,112,59
2,113,375
2,114,160
2,116,141
2,117,41
2,119,178
2,120,175
2,121,377
2,123,342
2,124,175
2,133,26
2,134,186
2,138,351
2,140,322
2,141,4
2,142,175
2,144,84
2,145,96
2,146,280
2,147,273
2,154,4
2,158,12
2,159,350
2,168,338
2,171,118
2,174,69
2,176,293
2,177,189
2,182,282
2,183,214
2,184,161
2,190,33
2,193,370
2,196,136
2,199,125
2,200,22
3,1,103
3,2,106
3,4,156
3,7,193
3,8,89
3,9,31
3,10,389
3,11,39
3,13,163
3,14,275
3,16,324
3,18,141
3,19,360
3,20,278
3,21,10
3,22,373
3,24,101
3,25,341
3,26,60
3,29,49
3,30,398
3,32,166
3,33,362
3,34,145
3,35,384
3,36,255
3,37,167
3,39,276
3,41,213
3,44,216
3,45,325
3,48,119
3,49,145
3,50,311
3,51,372
3,52,232
3,54,22
3,55,328
3,56,398
3,59,171
3,60,16
3,61,334
3,65,198
3,66,380
3,67,254
3,69,40
3,71,79
3,73,80
3,76,22
3,79,110
3,82,232
3,84,233
3,85,218
3,86,263
3,87,43
3,88,150
3,89,23
3,90,263
3,94,68
3,95,34
3,98,273
3,99,348
3,103,170
3,105,148
3,107,28
3,108,343
3,109,278
3,110,228
3,116,347
3,119,72
3,121,93
3,123,72
3,124,105
3,125,21
3,128,99
3,129,176
3,130,228
3,132,43
3,133,259
3,134,225
3,135,111
3,140,16
3,141,368
3,143,49
3,144,397
3,145,357
3,151,196
3,152,301
3,153,328
3,154,322
3,155,294
3,156,319
3,158,308
3,160,389
3,164,338
3,165,145
3,167,215
3,170,146
3,173,165
3,174,359
3,177,291
3,181,178
3,185,298
3,188,239
3,190,294
3,199,374
4,1,24
4,2,151
4,3,156
4,5,245
4,6,144
4,7,308
4,8,35
4,9,120
4,10,320
4,11,301
4,12,114
4,13,321
4,15,209
4,16,208
4,17,187
4,19,55
4,21,323
4,24,17
4,27,278
4,29,340
4,31,248
4,32,256
4,33,14
4,34,395
4,36,356
4,38,35
4,39,12
4,41,372
4,42,343
4,43,41
4,44,253
4,49,298
4,50,95
4,51,265
4,52,154
4,53,369
4,54,354
4,55,213
4,56,307
4,57,318
4,58,93
4,61,66
4,62,168
4,65,279
4,67,385
4,69,192
4,70,47
4,71,285
4,72,323
4,75,198
4,79,382
4,80,362
4,82,379
4,85,239
4,86,360
4,88,179
4,89,246
4,90,115
4,91,50
4,93,69
4,95,224
4,96,27
4,98,79
4,99,171
4,101,5
4,102,61
4,103,112
4,104,386
4,106,209
4,108,182
4,109,340
4,112,132
4,114,252
4,118,193
4,119,206
4,122,179
4,123,293
4,125,242
4,126,321
4,127,117
4,128,278
4,129,85
4,131,164
4,132,366
4,136,257
4,141,18
4,142,58
4,143,42
4,145,237
4,146,137
4,150,60
4,152,381
4,154,236
4,155,329
4,158,278
4,169,53
4,174,381
4,175,222
4,179,225
4,181,19
4,185,341
4,187,364
4,195,232
4,196,173
4,198,309
5,1,174
5,2,251
5,4,245
5,6,259
5,8,346
5,9,168
5,10,85
5,12,87
5,13,31
5,14,229
5,15,96
5,16,102
5,17,293
5,18,300
5,19,353
5,21,73
5,22,28
5,24,28
5,25,396
5,26,104
5,27,50
5,29,301
5,30,274
5,31,47
5,32,125
5,34,304
5,35,172
5,37,268
5,38,253
5,39,367
5,40,371
5,41,152
5,42,231
5,44,11
5,45,79
5,46,392
5,47,258
5,49,145
5,51,374
5,52,355
5,54,158
5,55,59
5,56,279
5,58,356
5,59,172
5,61,232
5,65,295
5,67,296
5,68,51
5,69,210
5,70,43
5,71,212
5,72,220
5,73,247
5,74,291
5,75,375
5,76,211
5,78,189
5,81,354
5,84,59
5,85,312
5,86,363
5,87,263
5,88,64
5,90,389
5,92,342
5,93,66
5,94,358
5,97,191
5,98,8
5,101,35
5,103,151
5,104,29
5,108,2
5,111,116
5,112,187
5,117,165
5,118,356
5,119,92
5,125,223
5,126,232
5,128,51
5,129,392
5,130,179
5,132,313
5,139,199
5,142,64
5,144,357
5,146,92
5,147,306
5,149,192
5,152,74
5,159,341
5,162,68
5,166,370
5,167,213
5,169,30
5,179,349
5,181,279
5,182,367
5,184,255
5,188,192
5,189,283
5,195,308
6,1,172
6,4,144
6,5,259
6,7,41
6,9,207
6,10,271
6,12,311
6,13,39
6,14,112
6,15,398
6,17,96
6,18,161
6,20,387
6,21,20
6,22,199
6,23,58
6,24,147
6,26,130
6,27,3
6,28,251
6,30,213
6,31,79
6,34,100
6,37,62
6,38,146
6,39,355
6,40,323
6,41,298
6,42,64
6,43,1
6,44,81
6,45,302
6,46,228
6,47,223
6,50,188
6,51,351
6,52,387
6,53,292
6,56,163
6,57,53
6,58,233
6,59,146
6,62,245
6,64,141
6,65,62
6,66,238
6,68,229
6,71,68
6,72,198
6,73,182
6,74,377
6,75,170
6,76,399
6,79,179
6,80,32
6,81,369
6,82,193
6,83,21
6,85,181
6,87,193
6,89,292
6,90,13
6,93,284
6,95,164
6,98,10
6,101,181
6,102,152
6,103,229
6,108,310
6,109,262
6,111,28
6,112,103
6,114,44
6,115,312
6,116,60
6,124,253
6,126,144
6,131,120
6,133,26
6,139,318
6,141,157
6,143,34
6,144,362
6,146,118
6,148,87
6,150,50
6,158,390
6,159,352
6,161,117
6,166,362
6,167,5
6,169,139
6,171,90
6,173,316
6,174,175
6,176,297
6,177,388
6,179,95
6,180,175
6,181,123
6,183,266
6,184,34
6,192,350
6,195,149
6,198,399
6,199,314
6,200,296
7,1,204
7,3,193
7,4,308
7,6,41
7,8,382
7,10,137
7,11,272
7,14,243
7,16,213
7,18,233
7,20,141
7,21,246
7,22,353
7,23,1
7,25,268
7,28,105
7,29,240
7,30,179
7,32,263
7,33,360
7,34,241
7,35,37
7,36,197
7,37,240
7,39,62
7,42,58
7,45,97
7,46,323
7,50,56
7,52,73
7,55,50
7,56,380
7,58,67
7,59,191
7,62,334
7,64,280
7,65,266
7,66,210
7,67,264
7,68,386
7,69,121
7,70,286
7,71,216
7,72,294
7,73,40
7,74,362
7,75,49
7,77,26
7,79,193
7,80,173
7,86,364
7,88,151
7,89,31
7,90,78
7,91,124
7,92,302
7,93,196
7,94,33
7,95,320
7,97,167
7,98,196
7,100,46
7,101,361
7,103,353
7,104,44
7,105,189
7,110,139
7,111,272
7,113,306
7,115,295
7,116,82
7,118,64
7,119,109
7,122,273
7,125,156
7,126,97
7,127,197
7,131,264
7,135,223
7,136,41
7,139,389
7,141,196
7,143,340
7,145,239
7,148,372
7,149,73
7,151,136
7,152,365
7,162,211
7,164,213
7,167,110
7,168,60
7,169,105
7,171,76
7,172,49
7,175,355
7,178,119
7,179,30
7,184,29
7,185,233
7,190,117
7,191,215
7,192,400
7,198,372
8,3,89
8,4,35
8,5,346
8,7,382
8,12,242
8,13,352
8,14,336
8,15,167
8,16,131
8,17,70
8,18,215
8,19,31
8,20,8
8,21,49
8,22,331
8,24,361
8,25,227
8,26,77
8,29,55
8,31,315
8,33,22
8,34,43
8,36,195
8,37,238
8,38,127
8,39,257
8,41,28
8,42,278
8,49,381
8,50,175
8,51,113
8,53,325
8,55,366
8,56,372
8,57,235
8,58,148
8,59,349
8,62,132
8,63,251
8,65,325
8,67,186
8,69,170
8,73,29
8,75,67
8,78,258
8,80,68
8,81,121
8,83,75
8,85,331
8,88,185
8,90,189
8,91,71
8,93,249
8,94,83
8,95,149
8,96,292
8,97,333
8,99,308
8,100,90
8,103,124
8,106,245
8,110,46
8,111,306
8,112,309
8,113,77
8,116,97
8,119,340
8,120,149
8,122,80
8,125,175
8,131,144
8,132,377
8,135,383
8,137,177
8,141,268
8,144,39
8,146,136
8,147,307
8,148,55
8,149,281
8,150,87
8,157,254
8,158,384
8,161,166
8,165,186
8,167,174
8,172,88
8,174,278
8,175,396
8,177,308
8,179,193
8,181,305
8,183,9
8,184,85
8,186,348
8,188,227
8,190,232
8,191,222
8,194,288
8,198,374
8,199,377
9,1,257
9,2,356
9,3,31
9,4,120
9,5,168
9,6,207
9,10,51
9,11,288
9,12,344
9,13,233
9,14,21
9,15,235
9,17,364
9,18,12
9,19,179
9,20,367
9,21,114
9,23,305
9,24,67
9,25,259
9,26,175
9,27,303
9,28,35
9,29,392
9,31,32
9,33,380
9,34,99
9,35,196
9,36,88
9,38,110
9,39,308
9,41,48
9,42,61
9,43,174
9,45,154
9,46,162
9,47,219
9,48,107
9,51,146
9,52,293
9,53,325
9,56,187
9,57,150
9,58,208
9,59,291
9,60,204
9,61,342
9,62,191
9,64,59
9,65,309
9,67,12
9,69,160
9,70,4
9,72,205
9,74,183
9,75,83
9,76,255
9,78,25
9,80,25
9,81,275
9,82,12
9,83,112
9,85,288
9,87,44
9,88,179
9,90,175
9,91,295
9,98,254
9,101,108
9,105,122
9,110,181
9,111,115
9,112,155
9,113,343
9,114,212
9,115,150
9,116,256
9,117,341
9,118,354
9,119,256
9,120,95
9,122,231
9,123,286
9,124,254
9,129,206
9,130,270
9,131,77
9,134,37
9,135,29
9,136,325
9,141,387
9,143,214
9,144,373
9,148,386
9,150,340
9,154,201
9,155,127
9,156,52
9,158,128
9,161,308
9,162,278
9,164,377
9,166,152
9,168,317
9,176,305
9,178,324
9,179,214
9,180,351
9,182,389
9,184,274
9,186,316
9,187,164
9,191,183
9,194,201
9,198,273
10,1,392
10,2,287
10,3,389
10,4,320
10,5,85
10,6,271
10,7,137
10,9,51
10,11,233
10,12,382
10,14,141
10,16,342
10,17,288
10,19,382
10,23,172
10,24,197
10,26,157
10,27,294
10,28,35
10,30,284
10,31,193
10,32,39
10,33,397
10,34,398
10,35,246
10,37,172
10,39,143
10,40,73
10,41,315
10,42,393
10,43,263
10,44,169
10,45,204
10,47,98
10,48,99
10,49,201
10,50,222
10,53,188
10,54,163
10,56,255
10,57,278
10,58,256
10,59,343
10,60,180
10,61,313
10,62,31
10,64,262
10,65,210
10,67,4
10,71,196
10,73,164
10,74,324
10,76,163
10,78,312
10,83,90
10,84,319
10,85,249
10,87,277
10,88,27
10,89,384
10,91,236
10,92,297
10,94,10
10,96,88
10,99,174
10,102,141
10,103,58
10,104,17
10,105,315
10,109,181
10,110,322
10,111,76
10,112,277
10,118,357
10,120,184
10,121,108
10,124,179
10,126,381
10,128,113
10,129,399
10,136,259
10,141,171
10,145,181
10,147,197
10,150,305
10,151,286
10,153,50
10,160,200
10,162,147
10,166,141
10,171,263
10,177,263
10,179,342
10,180,386
10,181,107
10,183,258
10,190,230
10,193,261
10,194,324
10,198,316
11,1,277
11,2,78
11,3,39
11,4,301
11,7,272
11,9,288
11,10,233
11,12,300
11,13,127
11,15,276
11,16,258
11,17,369
11,18,283
11,20,123
11,21,109
11,22,1
11,23,298
11,24,185
11,26,9
11,28,354
11,30,42
11,31,75
11,32,179
11,34,327
11,35,301
11,37,247
11,38,350
11,39,65
11,40,105
11,41,281
11,42,262
11,43,55
11,45,289
11,46,176
11,48,279
11,51,214
11,52,219
11,53,96
11,54,374
11,55,174
11,56,18
11,57,273
11,58,124
11,59,162
11,61,343
11,64,180
11,67,264
11,68,146
11,69,204
11,70,277
11,73,384
11,74,205
11,75,362
11,76,337
11,78,338
11,83,110
11,85,121
11,87,66
11,88,353
11,90,131
11,93,21
11,95,151
11,96,296
11,97,211
11,98,142
11,99,68
11,100,298
11,102,36
11,103,144
11,107,224
11,109,96
11,110,28
11,116,212
11,118,180
11,119,16
11,120,64
11,124,368
11,125,93
11,127,58
11,129,323
11,134,55
11,136,31
11,137,49
11,139,104
11,143,73
11,160,176
11,163,96
11,166,211
11,168,139
11,171,229
11,178,290
11,182,215
11,184,113
11,186,44
11,188,356
11,195,166
11,196,385
12,1,382
12,2,150
12,4,114
12,5,87
12,6,311
12,8,242
12,9,344
12,10,382
12,11,300
12,15,194
12,16,325
12,19,305
12,20,173
12,21,78
12,23,366
12,24,50
12,25,318
12,27,63
12,29,254
12,30,302
12,32,213
12,33,184
12,34,216
12,37,339
12,38,198
12,39,291
12,40,189
12,42,290
12,44,312
12,45,102
12,47,199
12,48,393
12,52,208
12,53,78
12,57,239
12,60,190
12,61,153
12,62,356
12,64,336
12,65,257
12,66,231
12,67,144
12,70,14
12,71,214
12,72,85
12,73,286
12,74,356
12,76,260
12,78,154
12,79,345
12,80,49
12,82,383
12,86,92
12,87,309
12,88,317
12,90,113
12,91,271
12,94,371
12,97,267
12,99,62
12,100,39
12,102,197
12,105,170
12,107,344
12,108,38
12,111,385
12,114,397
12,115,397
12,116,200
12,117,137
12,118,98
12,119,210
12,121,88
12,122,141
12,123,349
12,126,164
12,131,22
12,132,198
12,133,3
12,136,14
12,137,371
12,140,169
12,141,125
12,144,166
12,145,69
12,148,386
12,150,5
12,151,309
12,152,93
12,155,387
12,156,20
12,157,285
12,158,277
12,161,362
12,165,70
12,166,124
12,167,115
12,168,133
12,170,90
12,171,36
12,174,53
12,176,327
12,177,269
12,178,237
12,182,23
12,186,336
12,190,336
12,195,279
12,196,291
12,199,307
13,1,189
13,2,382
13,3,163
13,4,321
13,5,31
13,6,39
13,8,352
13,9,233
13,11,127
13,14,86
13,15,3
13,19,68
13,20,258
13,21,59
13,22,219
13,23,140
13,25,113
13,29,276
13,30,75
13,31,122
13,32,386
13,34,304
13,35,352
13,37,129
13,40,85
13,41,235
13,42,381
13,43,106
13,44,244
13,48,183
13,49,248
13,50,281
13,51,348
13,54,257
13,55,35
13,57,83
13,58,307
13,60,392
13,62,321
13,63,48
13,64,194
13,65,348
13,66,139
13,69,320
13,71,68
13,72,51
13,74,25
13,75,16
13,76,16
13,78,263
13,79,252
13,80,308
13,81,8
13,82,302
13,83,240
13,85,247
13,86,19
13,87,184
13,88,377
13,89,183
13,91,397
13,95,140
13,99,263
13,101,323
13,102,84
13,104,330
13,105,45
13,106,234
13,107,346
13,108,262
13,110,374
13,111,114
13,117,74
13,118,255
13,122,104
13,123,229
13,124,50
13,127,84
13,132,193
13,134,70
13,135,331
13,138,129
13,140,44
13,143,75
13,145,264
13,151,87
13,152,87
13,156,210
13,168,345
13,170,237
13,171,228
13,172,244
13,174,185
13,175,204
13,178,178
13,179,286
13,181,278
13,186,35
13,188,337
13,191,75
13,192,236
13,195,242
13,196,362
13,199,365
14,1,198
14,2,238
14,3,275
14,5,229
14,6,112
14,7,243
14,8,336
14,9,21
14,10,141
14,13,86
14,15,118
14,16,128
14,17,135
14,18,373
14,19,142
14,20,329
14,21,88
14,22,391
14,23,118
14,24,148
14,25,180
14,26,256
14,27,354
14,29,102
14,30,75
14,31,56
14,32,298
14,33,173
14,35,134
14,36,346
14,41,113
14,43,25
14,45,309
14,46,76
14,47,108
14,49,273
14,50,169
14,51,63
14,52,244
14,53,70
14,54,202
14,55,386
14,56,21
14,57,126
14,58,124
14,59,350
14,60,383
14,62,227
14,64,196
14,66,164
14,68,177
14,69,48
14,70,38
14,71,54
14,75,196
14,77,153
14,78,161
14,80,278
14,84,150
14,85,275
14,86,373
14,90,302
14,91,295
14,92,206
14,97,28
14,99,292
14,100,297
14,101,25
14,106,373
14,107,393
14,108,154
14,109,204
14,114,249
14,116,357
14,122,303
14,124,369
14,125,130
14,126,134
14,128,229
14,129,293
14,137,22
14,138,259
14,140,338
14,141,358
14,142,363
14,143,18
14,146,247
14,149,307
14,151,313
14,153,56
14,156,376
14,157,24
14,160,158
14,163,370
14,164,161
14,167,143
14,168,275
14,169,105
14,174,380
14,175,370
14,176,394
14,182,149
14,185,368
14,187,69
14,188,343
14,190,114
14,193,181
15,1,338
15,4,209
15,5,96
15,6,398
15,8,167
15,9,235
15,11,276
15,12,194
15,13,3
15,14,118
15,17,282
15,20,208
15,24,318
15,25,99
15,26,372
15,27,88
15,28,107
15,29,1
15,31,146
15,32,92
15,33,279
15,37,107
15,38,190
15,39,264
15,40,20
15,41,158
15,42,201
15,43,188
15,44,34
15,45,360
15,46,21
15,47,192
15,49,159
15,50,21
15,53,184
15,54,257
15,56,56
15,57,298
15,64,28
15,65,316
15,66,128
15,67,106
15,68,76
15,69,140
15,72,262
15,73,224
15,75,47
15,76,77
15,77,313
15,78,90
15,79,56
15,80,85
15,81,393
15,82,45
15,83,372
15,84,179
15,85,18
15,86,246
15,87,180
15,89,292
15,92,153
15,94,109
15,95,250
15,96,351
15,97,85
15,99,84
15,104,181
15,105,240
15,106,44
15,107,153
15,108,212
15,110,362
15,111,34
15,112,12
15,113,226
15,114,256
15,115,148
15,116,298
15,118,246
15,119,30
15,120,105
15,123,249
15,126,50
15,127,30
15,130,136
15,133,122
15,138,130
15,142,314
15,143,198
15,145,360
15,148,220
15,152,195
15,153,147
15,155,258
15,156,70
15,162,202
15,165,277
15,167,350
15,169,336
15,174,76
15,177,217
15,180,69
15,181,70
15,185,53
15,191,291
15,194,348
15,197,358
15,199,150
16,1,357
16,2,113
16,3,324
16,4,208
16,5,102
16,7,213
16,8,131
16,10,342
16,11,258
16,12,325
16,14,128
16,18,178
16,20,284
16,23,388
16,24,61
16,26,58
16,27,317
16,28,67
16,29,135
16,30,135
16,31,381
16,37,143
16,42,83
16,43,394
16,44,41
16,46,151
16,48,32
16,49,168
16,50,93
16,54,400
16,56,237
16,57,43
16,58,392
16,59,168
16,60,337
16,62,304
16,63,340
16,64,210
16,65,69
16,66,137
16,67,269
16,68,125
16,69,181
16,70,149
16,71,21
16,72,174
16,73,84
16,74,41
16,75,284
16,76,320
16,77,357
16,80,349
16,82,216
16,83,398
16,85,90
16,90,180
16,92,150
16,93,227
16,94,185
16,95,372
16,96,14
16,100,149
16,101,322
16,102,68
16,105,28
16,106,326
16,107,41
16,109,333
16,110,149
16,112,229
16,119,324
16,128,293
16,130,368
16,132,65
16,135,238
16,136,108
16,141,287
16,142,108
16,147,181
16,148,339
16,149,232
16,150,103
16,154,42
16,155,334
16,156,239
16,157,376
16,159,313
16,160,306
16,163,169
16,165,223
16,166,161
16,168,71
16,170,76
16,171,185
16,178,322
16,179,315
16,182,152
16,183,52
16,189,196
16,190,121
16,194,91
16,196,13
16,197,184
16,199,363
16,200,116
17,1,110
17,2,138
17,4,187
17,5,293
17,6,96
17,8,70
17,9,364
17,10,288
17,11,369
17,14,135
17,15,282
17,18,184
17,20,336
17,22,32
17,23,330
17,24,64
17,28,194
17,29,202
17,31,321
17,32,111
17,33,330
17,34,62
17,35,149
17,36,118
17,38,155
17,39,90
17,40,34
17,42,4
17,44,52
17,45,147
17,48,373
17,50,39
17,51,386
17,52,188
17,55,71
17,57,91
17,58,314
17,59,254
17,60,166
17,62,342
17,63,147
17,65,273
17,66,139
17,67,260
17,68,15
17,71,14
17,72,132
17,73,89
17,75,14
17,76,311
17,78,299
17,80,89
17,81,228
17,83,143
17,89,192
17,90,37
17,91,348
17,92,201
17,93,187
17,94,311
17,95,76
17,96,172
17,97,198
17,98,28
17,99,93
17,100,155
17,101,75
17,102,303
17,103,21
17,105,32
17,107,364
17,113,307
17,122,3
17,123,121
17,126,5
17,131,30
17,139,400
17,145,238
17,151,115
17,156,28
17,157,167
17,159,34
17,162,144
17,165,144
17,166,179
17,168,250
17,170,241
17,172,68
17,176,356
17,181,394
17,182,196
17,191,111
17,192,236
17,195,393
17,198,323
17,200,219
18,1,195
18,2,96
18,3,141
18,5,300
18,6,161
18,7,233
18,8,215
18,9,12
18,11,283
18,14,373
18,16,178
18,17,184
18,22,43
18,24,194
18,25,232
18,26,9
18,27,26
18,29,16
18,30,232
18,31,158
18,33,175
18,34,128
18,35,375
18,36,178
18,37,384
18,40,300
18,41,244
18,42,353
18,44,93
18,45,240
18,46,49
18,47,266
18,48,220
18,50,120
18,51,39
18,52,157
18,53,198
18,54,95
18,55,97
18,57,139
18,58,220
18,60,253
18,64,335
18,65,22
18,66,1
18,68,151
18,69,110
18,70,284
18,72,226
18,73,42
18,76,222
18,77,270
18,80,364
18,81,153
18,84,241
18,85,104
18,89,196
18,90,293
18,91,304
18,93,312
18,95,143
18,98,153
18,100,302
18,101,11
18,103,178
18,105,99
18,109,157
18,115,324
18,116,194
18,117,208
18,118,173
18,120,179
18,122,326
18,124,17
18,126,120
18,128,43
18,129,304
18,130,170
18,131,110
18,132,103
18,133,219
18,135,333
18,136,235
18,141,163
18,142,102
18,145,81
18,147,295
18,152,346
18,155,354
18,157,180
18,158,329
18,163,368
18,166,119
18,170,160
18,171,344
18,177,310
18,180,327
18,181,206
18,182,260
18,183,38
18,185,328
18,189,18
18,191,189
18,193,38
18,194,76
18,196,318
18,197,241
19,1,173
19,2,283
19,3,360
19,4,55
19,5,353
19,8,31
19,9,179
19,10,382
19,12,305
19,13,68
19,14,142
19,20,123
19,21,185
19,22,118
19,23,294
19,25,300
19,26,168
19,27,232
19,30,242
19,31,46
19,32,340
19,35,161
19,36,391
19,37,382
19,38,158
19,40,255
19,42,188
19,44,383
19,45,27
19,46,378
19,47,322
19,49,377
19,50,256
19,53,155
19,54,91
19,55,178
19,56,133
19,57,190
19,58,197
19,59,306
19,61,252
19,62,242
19,63,340
19,64,200
19,65,252
19,66,363
19,67,279
19,68,122
19,71,66
19,76,308
19,77,375
19,78,133
19,79,35
19,80,210
19,81,396
19,82,398
19,83,298
19,86,266
19,87,19
19,89,241
19,90,242
19,91,252
19,93,197
19,94,182
19,95,209
19,96,264
19,97,87
19,99,114
19,101,5
19,102,372
19,104,305
19,106,290
19,108,178
19,110,267
19,113,362
19,115,84
19,119,365
19,124,379
19,125,222
19,129,255
19,136,164
19,152,231
19,153,277
19,157,98
19,158,234
19,159,77
19,163,246
19,164,32
19,165,133
19,168,259
19,170,279
19,171,60
19,172,235
19,175,366
19,176,12
19,178,270
19,184,238
19,185,371
19,187,251
19,189,143
19,193,137
19,195,272
19,196,103
20,1,23
20,2,278
20,3,278
20,6,387
20,7,141
20,8,8
20,9,367
20,11,123
20,12,173
20,13,258
20,14,329
20,15,208
20,16,284
20,17,336
20,19,123
20,22,152
20,23,119
20,24,400
20,26,96
20,28,24
20,31,86
20,32,100
20,33,283
20,34,385
20,35,103
20,37,129
20,38,357
20,40,83
20,47,172
20,48,203
20,49,356
20,50,274
20,52,133
20,53,318
20,54,81
20,55,48
20,56,134
20,59,181
20,60,272
20,62,8
20,63,180
20,66,110
20,67,334
20,68,231
20,69,333
20,70,360
20,76,211
20,77,150
20,78,313
20,83,270
20,84,182
20,86,49
20,89,65
20,91,103
20,92,217
20,93,123
20,94,106
20,96,56
20,97,383
20,99,4
20,101,376
20,102,179
20,103,284
20,104,260
20,105,242
20,108,42
20,109,190
20,114,41
20,120,235
20,123,371
20,126,230
20,129,233
20,133,171
20,137,41
20,144,376
20,145,73
20,147,198
20,149,25
20,155,208
20,164,149
20,168,316
20,170,101
20,175,356
20,182,388
20,183,143
20,184,171
20,185,47
20,191,198
20,194,3
20,195,382
20,196,108
20,199,293
21,2,9
21,3,10
21,4,323
21,5,73
21,6,20
21,7,246
21,8,49
21,9,114
21,11,109
21,12,78
21,13,59
21,14,88
21,19,185
21,22,303
21,23,111
21,24,53
21,26,145
21,28,111
21,29,102
21,30,374
21,32,99
21,33,105
21,34,74
21,36,208
21,38,231
21,41,308
21,42,42
21,43,337
21,45,180
21,46,250
21,47,322
21,48,139
21,49,282
21,51,21
21,53,144
21,55,341
21,56,169
21,58,238
21,60,274
21,61,114
21,62,137
21,63,160
21,64,199
21,65,86
21,67,40
21,68,32
21,69,188
21,70,64
21,71,279
21,72,369
21,73,21
21,74,82
21,76,375
21,78,155
21,79,357
21,81,302
21,82,302
21,84,57
21,85,279
21,90,372
21,91,315
21,92,329
21,94,235
21,95,93
21,96,52
21,97,246
21,98,286
21,99,67
21,100,30
21,103,355
21,104,311
21,105,270
21,106,109
21,107,134
21,108,147
21,110,150
21,112,83
21,113,187
21,114,367
21,115,227
21,117,326
21,118,203
21,120,114
21,122,365
21,123,253
21,131,28
21,132,178
21,134,142
21,135,41
21,136,245
21,139,40
21,140,377
21,141,274
21,143,346
21,145,324
21,147,64
21,148,105
21,151,83
21,152,186
21,163,141
21,165,318
21,166,53
21,167,64
21,171,25
21,175,91
21,176,29
21,177,326
21,180,337
21,181,321
21,182,299
21,183,323
21,184,36
21,187,309
21,192,144
21,194,249
22,2,30
22,3,373
22,5,28
22,6,199
22,7,353
22,8,331
22,11,1
22,13,219
22,14,391
22,17,32
22,18,43
22,19,118
22,20,152
22,21,303
22,24,360
22,25,358
22,26,42
22,28,71
22,30,223
22,31,8
22,34,217
22,35,288
22,36,249
22,43,247
22,44,300
22,46,156
22,47,3
22,48,249
22,51,349
22,53,44
22,54,42
22,55,118
22,56,40
22,57,69
22,59,116
22,62,28
22,63,279
22,64,85
22,65,121
22,66,326
22,68,336
22,72,349
22,73,55
22,75,70
22,77,379
22,78,217
22,79,183
22,80,192
22,84,131
22,85,184
22,87,120
22,92,340
22,93,312
22,95,294
22,96,382
22,97,303
22,101,58
22,102,348
22,106,366
22,108,137
22,109,30
22,112,11
22,119,340
22,120,53
22,121,185
22,124,331
22,125,222
22,126,138
22,129,269
22,131,3
22,132,40
22,133,354
22,134,353
22,135,328
22,137,334
22,138,239
22,145,330
22,147,21
22,149,385
22,150,200
22,151,196
22,152,165
22,157,258
22,159,80
22,160,141
22,162,81
22,169,114
22,173,245
22,176,282
22,182,244
22,187,220
22,188,251
22,193,241
22,198,187
23,6,58
23,7,1
23,9,305
23,10,172
23,11,298
23,12,366
23,13,140
23,14,118
23,16,388
23,17,330
23,19,294
23,20,119
23,21,111
23,25,316
23,27,202
23,28,314
23,31,105
23,33,114
23,34,45
23,35,217
23,37,119
23,38,29
23,39,69
23,40,239
23,41,316
23,42,240
23,44,351
23,45,94
23,50,255
23,51,41
23,53,217
23,54,290
23,56,336
23,57,161
23,58,82
23,59,79
23,61,81
23,65,367
23,69,239
23,70,91
23,71,39
23,72,100
23,73,29
23,78,216
23,83,217
23,84,305
23,86,189
23,88,303
23,90,105
23,91,302
23,93,122
23,94,337
23,95,322
23,96,375
23,98,319
23,100,176
23,102,170
23,103,306
23,104,54
23,105,150
23,106,155
23,109,395
23,110,220
23,113,125
23,116,349
23,121,49
23,123,322
23,124,375
23,125,13
23,127,146
23,130,113
23,133,77
23,135,312
23,137,231
23,138,82
23,139,320
23,140,40
23,141,281
23,144,9
23,145,92
23,146,209
23,147,286
23,148,25
23,150,358
23,151,24
23,158,45
23,162,318
23,174,248
23,175,118
23,177,72
23,178,197
23,187,275
23,188,23
23,189,288
23,190,261
23,193,285
23,194,198
23,197,320
24,1,305
24,3,101
24,4,17
24,5,28
24,6,147
24,8,361
24,9,67
24,10,197
24,11,185
24,12,50
24,14,148
24,15,318
24,16,61
24,17,64
24,18,194
24,20,400
24,21,53
24,22,360
24,25,185
24,26,384
24,27,57
24,29,219
24,32,128
24,33,118
24,34,96
24,35,179
24,36,345
24,37,299
24,38,256
24,39,17
24,42,385
24,44,343
24,45,52
24,46,144
24,47,67
24,48,141
24,49,153
24,50,193
24,51,308
24,52,376
24,54,400
24,55,250
24,56,68
24,60,158
24,61,228
24,64,141
24,67,229
24,68,165
24,69,65
24,70,48
24,71,377
24,72,104
24,73,233
24,74,143
24,76,326
24,77,149
24,78,168
24,79,177
24,82,300
24,83,64
24,84,231
24,89,186
24,92,336
24,93,233
24,96,18
24,99,216
24,100,102
24,101,162
24,103,117
24,105,179
24,106,285
24,107,151
24,108,248
24,111,385
24,114,130
24,116,352
24,119,239
24,120,29
24,121,272
24,122,193
24,131,368
24,136,184
24,140,151
24,142,89
24,143,36
24,146,298
24,148,77
24,149,7
24,150,187
24,151,347
24,153,157
24,155,204
24,158,49
24,162,146
24,163,17
24,173,24
24,175,243
24,177,8
24,178,349
24,179,259
24,180,282
24,182,65
24,185,131
24,190,268
24,199,74
25,3,341
25,5,396
25,7,268
25,8,227
25,9,259
25,12,318
25,13,113
25,14,180
25,15,99
25,18,232
25,19,300
25,22,358
25,23,316
25,24,185
25,26,104
25,28,347
25,29,386
25,30,66
25,31,328
25,33,130
25,34,192
25,36,246
25,37,332
25,38,264
25,40,111
25,41,42
25,44,119
25,45,285
25,46,304
25,49,9
25,51,145
25,52,74
25,54,280
25,55,62
25,56,138
25,58,136
25,60,263
25,61,217
25,62,83
25,64,55
25,65,117
25,66,82
25,68,130
25,69,83
25,70,382
25,73,3
25,77,40
25,78,371
25,80,189
25,84,339
25,91,57
25,92,360
25,94,316
25,96,172
25,101,79
25,107,229
25,108,89
25,111,197
25,113,114
25,114,398
25,115,32
25,116,86
25,118,170
25,119,26
25,120,196
25,121,124
25,122,174
25,123,71
25,124,39
25,127,238
25,129,93
25,131,18
25,132,123
25,137,313
25,138,289
25,140,150
25,144,326
25,146,265
25,147,13
25,148,203
25,150,132
25,153,367
25,154,388
25,155,339
25,162,397
25,169,243
25,171,133
25,173,235
25,174,136
25,177,278
25,179,114
25,180,182
25,181,383
25,183,182
25,184,19
25,189,33
25,190,19
25,191,301
25,194,170
26,1,102
26,2,381
26,3,60
26,5,104
26,6,130
26,8,77
26,9,175
26,10,157
26,11,9
26,14,256
26,15,372
26,16,58
26,18,9
26,19,168
26,20,96
26,21,145
26,22,42
26,24,384
26,25,104
26,28,148
26,30,137
26,31,223
26,32,371
26,34,77
26,35,295
26,36,12
26,37,43
26,38,51
26,39,254
26,40,215
26,41,317
26,42,159
26,46,146
26,47,352
26,48,352
26,49,284
26,52,157
26,54,177
26,57,78
26,59,364
26,61,215
26,62,21
26,63,322
26,64,130
26,65,266
26,66,194
26,67,286
26,70,301
26,71,333
26,74,310
26,75,221
26,76,379
26,78,324
26,79,214
26,82,144
26,83,137
26,87,140
26,90,293
26,93,352
26,95,386
26,96,122
26,104,135
26,106,300
26,108,213
26,111,14
26,114,21
26,117,183
26,118,190
26,121,91
26,123,260
26,125,266
26,128,15
26,129,192
26,133,325
26,135,210
26,136,313
26,139,313
26,142,150
26,143,351
26,144,176
26,146,25
26,151,170
26,152,271
26,154,366
26,157,40
26,160,206
26,163,314
26,165,329
26,166,124
26,167,151
26,168,320
26,169,368
26,173,115
26,176,215
26,179,272
26,181,41
26,182,198
26,185,139
26,187,28
26,189,396
26,190,325
26,191,29
26,192,202
26,194,383
26,200,306
27,1,325
27,2,82
27,4,278
27,5,50
27,6,3
27,9,303
27,10,294
27,12,63
27,14,354
27,15,88
27,16,317
27,18,26
27,19,232
27,23,202
27,24,57
27,29,14
27,30,188
27,31,189
27,32,68
27,35,352
27,36,119
27,37,272
27,38,250
27,40,317
27,42,392
27,44,326
27,46,39
27,47,293
27,53,220
27,54,284
27,56,226
27,59,60
27,61,291
27,62,363
27,63,250
27,64,261
27,65,241
27,66,384
27,67,365
27,68,110
27,69,65
27,70,150
27,71,71
27,72,27
27,74,162
27,75,81
27,76,81
27,78,50
27,79,374
27,81,129
27,82,227
27,84,145
27,85,294
27,88,27
27,89,321
27,91,181
27,96,251
27,97,98
27,98,341
27,99,385
27,103,213
27,104,30
27,107,61
27,110,193
27,111,42
27,112,109
27,116,129
27,117,366
27,120,189
27,124,234
27,128,40
27,129,239
27,130,264
27,134,357
27,135,321
27,138,122
27,140,124
27,143,38
27,144,7
27,145,313
27,148,378
27,152,234
27,155,270
27,156,245
27,158,45
27,162,261
27,163,226
27,164,337
27,169,387
27,175,158
27,177,10
27,186,276
27,188,368
27,191,180
27,192,173
27,194,157
27,198,255
27,200,239
28,1,310
28,2,49
28,6,251
28,7,105
28,9,35
28,10,35
28,11,354
28,15,107
28,16,67
28,17,194
28,20,24
28,21,111
28,22,71
28,23,314
28,25,347
28,26,148
28,31,195
28,32,57
28,36,184
28,37,169
28,39,9
28,40,16
28,41,325
28,42,338
28,43,325
28,44,135
28,45,369
28,46,224
28,47,250
28,48,40
28,49,321
28,51,72
28,52,375
28,53,133
28,54,296
28,55,322
28,59,346
28,60,337
28,61,361
28,62,36
28,63,63
28,65,368
28,66,235
28,67,278
28,68,92
28,70,187
28,72,264
28,73,212
28,75,184
28,76,303
28,77,350
28,78,210
28,79,24
28,82,274
28,85,181
28,86,143
28,87,231
28,88,147
28,90,126
28,92,5
28,94,164
28,96,284
28,97,108
28,99,120
28,102,48
28,105,288
28,106,221
28,107,76
28,110,353
28,111,126
28,115,378
28,116,161
28,120,151
28,121,344
28,128,311
28,129,122
28,134,380
28,135,163
28,136,62
28,137,122
28,140,105
28,141,367
28,142,220
28,143,146
28,146,259
28,148,310
28,152,142
28,154,236
28,156,325
28,160,387
28,161,202
28,163,241
28,164,307
28,169,373
28,170,337
28,172,169
28,173,193
28,179,111
28,182,146
28,185,376
28,186,248
28,189,221
28,190,81
28,191,22
28,197,293
28,199,346
29,3,49
29,4,340
29,5,301
29,7,240
29,8,55
29,9,392
29,12,254
29,13,276
29,14,102
29,15,1
29,16,135
29,17,202
29,18,16
29,21,102
29,24,219
29,25,386
29,27,14
29,30,363
29,32,336
29,33,205
29,34,5
29,35,249
29,37,170
29,39,350
29,41,88
29,42,141
29,44,29
29,45,384
29,46,335
29,47,217
29,49,254
29,50,105
29,52,150
29,53,20
29,55,89
29,57,236
29,58,287
29,60,171
29,61,399
29,62,258
29,63,92
29,66,162
29,67,194
29,71,272
29,72,234
29,73,115
29,74,171
29,75,32
29,76,399
29,79,288
29,81,146
29,82,311
29,83,254
29,84,189
29,87,71
29,88,117
29,89,387
29,91,15
29,93,147
29,95,302
29,96,52
29,97,13
29,98,92
29,100,175
29,101,185
29,103,83
29,106,97
29,107,252
29,109,9
29,110,268
29,116,27
29,120,55
29,122,229
29,124,142
29,134,124
29,138,184
29,143,297
29,144,28
29,148,389
29,150,215
29,151,299
29,155,38
29,159,147
29,160,8
29,161,235
29,162,203
29,166,117
29,167,13
29,169,134
29,170,35
29,171,63
29,176,169
29,178,136
29,182,260
29,185,98
29,186,368
29,188,14
29,190,101
29,192,165
29,193,69
29,197,120
29,200,212
30,2,67
30,3,398
30,5,274
30,6,213
30,7,179
30,10,284
30,11,42
30,12,302
30,13,75
30,14,75
30,16,135
30,18,232
30,19,242
30,21,374
30,22,223
30,25,66
30,26,137
30,27,188
30,29,363
30,33,245
30,34,80
30,35,6
30,36,349
30,38,198
30,39,260
30,40,188
30,41,297
30,42,177
30,43,76
30,44,41
30,46,85
30,47,381
30,48,229
30,50,178
30,53,373
30,54,301
30,55,283
30,56,223
30,57,238
30,58,241
30,59,7
30,61,303
30,62,136
30,65,119
30,69,14
30,70,327
30,71,140
30,72,50
30,73,386
30,74,119
30,75,201
30,76,294
30,78,244
30,80,273
30,81,28
30,82,217
30,84,379
30,87,320
30,89,123
30,90,17
30,91,390
30,93,208
30,95,82
30,97,248
30,99,339
30,100,282
30,101,36
30,105,306
30,107,254
30,109,397
30,114,10
30,115,45
30,116,295
30,119,119
30,120,18
30,122,317
30,126,390
30,127,193
30,128,113
30,130,292
30,131,244
30,132,365
30,133,327
30,134,165
30,138,265
30,139,39
30,140,235
30,142,265
30,144,123
30,146,22
30,148,87
30,152,285
30,153,62
30,156,120
30,157,360
30,158,323
30,159,7
30,161,189
30,166,391
30,173,362
30,176,207
30,178,29
30,181,358
30,184,400
30,185,195
30,189,267
30,190,154
30,195,32
30,200,385
31,4,248
31,5,47
31,6,79
31,8,315
31,9,32
31,10,193
31,11,75
31,13,122
31,14,56
31,15,146
31,16,381
31,17,321
31,18,158
31,19,46
31,20,86
31,22,8
31,23,105
31,25,328
31,26,223
31,27,189
31,28,195
31,35,234
31,37,397
31,39,237
31,40,322
31,42,122
31,45,290
31,46,226
31,48,12
31,49,214
31,50,286
31,51,101
31,52,113
31,53,226
31,58,385
31,60,64
31,61,44
31,62,148
31,63,103
31,64,157
31,66,108
31,67,335
31,68,200
31,69,391
31,70,239
31,71,370
31,73,223
31,74,162
31,75,384
31,76,373
31,78,10
31,79,235
31,83,31
31,84,53
31,85,363
31,86,200
31,87,70
31,88,288
31,91,133
31,95,373
31,100,138
31,104,127
31,106,388
31,108,286
31,109,41
31,110,306
31,111,273
31,113,170
31,115,162
31,118,35
31,120,237
31,121,68
31,127,98
31,128,340
31,130,33
31,131,121
31,133,106
31,140,230
31,144,251
31,149,3
31,152,5
31,155,209
31,156,184
31,159,180
31,165,237
31,168,358
31,176,261
31,181,353
31,182,319
31,184,193
31,188,82
31,190,178
31,199,63
32,1,314
32,3,166
32,4,256
32,5,125
32,7,263
32,10,39
32,11,179
32,12,213
32,13,386
32,14,298
32,15,92
32,17,111
32,19,340
32,20,100
32,21,99
32,24,128
32,26,371
32,27,68
32,28,57
32,29,336
32,33,123
32,36,58
32,39,202
32,40,385
32,41,209
32,43,57
32,45,122
32,46,312
32,48,247
32,49,328
32,51,326
32,55,242
32,56,251
32,58,340
32,59,342
32,60,54
32,62,203
32,63,136
32,64,353
32,65,216
32,66,45
32,67,141
32,68,170
32,69,38
32,70,153
32,71,2
32,76,336
32,77,138
32,79,38
32,80,196
32,81,242
32,82,362
32,83,208
32,85,215
32,88,50
32,90,225
32,91,8
32,92,147
32,94,325
32,95,180
32,96,274
32,98,121
32,101,227
32,102,81
32,105,196
32,107,334
32,108,67
32,109,272
32,111,216
32,113,356
32,115,157
32,119,316
32,121,192
32,123,125
32,124,380
32,125,389
32,130,243
32,132,326
32,133,80
32,134,134
32,136,1
32,137,303
32,139,364
32,140,233
32,141,44
32,142,41
32,144,318
32,145,205
32,147,343
32,150,239
32,151,319
32,156,71
32,159,123
32,160,155
32,163,216
32,164,300
32,170,176
32,171,91
32,173,232
32,176,137
32,178,132
32,184,282
32,185,298
32,191,113
33,1,143
33,2,323
33,3,362
33,4,14
33,7,360
33,8,22
33,9,380
33,10,397
33,12,184
33,14,173
33,15,279
33,17,330
33,18,175
33,20,283
33,21,105
33,23,114
33,24,118
33,25,130
33,29,205
33,30,245
33,32,123
33,34,329
33,35,19
33,38,263
33,40,119
33,41,345
33,42,3
33,44,242
33,46,259
33,47,352
33,48,137
33,50,331
33,51,120
33,52,164
33,53,89
33,54,170
33,57,154
33,58,387
33,59,284
33,60,263
33,62,373
33,63,233
33,64,272
33,65,6
33,67,390
33,69,182
33,71,214
33,72,162
33,73,132
33,75,132
33,76,259
33,77,143
33,79,243
33,80,304
33,81,125
33,83,165
33,84,263
33,85,339
33,87,287
33,90,114
33,92,116
33,95,151
33,96,282
33,99,309
33,102,67
33,104,219
33,105,233
33,107,344
33,110,148
33,111,80
33,114,159
33,115,347
33,116,62
33,121,74
33,124,132
33,125,314
33,126,386
33,127,178
33,128,329
33,130,174
33,131,198
33,133,104
33,135,313
33,138,25
33,139,18
33,144,66
33,145,220
33,149,130
33,153,54
33,154,39
33,156,32
33,157,388
33,159,360
33,161,228
33,163,214
33,168,285
33,169,75
33,170,167
33,174,147
33,175,255
33,176,213
33,179,25
33,180,54
33,186,275
33,187,334
33,190,367
33,193,57
33,194,356
33,197,164
33,198,179
33,199,68
34,3,145
34,4,395
34,5,304
34,6,100
34,7,241
34,8,43
34,9,99
34,10,398
34,11,327
34,12,216
34,13,304
34,17,62
34,18,128
34,20,385
34,21,74
34,22,217
34,23,45
34,24,96
34,25,192
34,26,77
34,29,5
34,30,80
34,33,329
34,38,93
34,39,176
34,40,328
34,41,366
34,44,142
34,45,275
34,47,240
34,48,381
34,49,244
34,51,120
34,52,337
34,55,289
34,56,173
34,57,266
34,60,100
34,61,26
34,62,389
34,63,114
34,65,361
34,66,13
34,68,39
34,69,180
34,70,304
34,71,355
34,72,293
34,73,145
34,74,266
34,77,384
34,80,52
34,81,69
34,82,35
34,83,134
34,84,194
34,85,235
34,86,325
34,91,273
34,92,363
34,93,341
34,94,312
34,95,244
34,96,219
34,98,244
34,99,228
34,101,248
34,102,32
34,103,312
34,110,396
34,113,31
34,114,344
34,117,23
34,118,153
34,119,304
34,122,281
34,123,247
34,124,301
34,126,112
34,127,65
34,135,330
34,137,338
34,138,36
34,139,113
34,140,74
34,142,160
34,144,211
34,147,213
34,149,204
34,151,18
34,152,173
34,155,147
34,156,262
34,160,400
34,162,56
34,165,122
34,168,160
34,171,33
34,172,352
34,173,129
34,180,125
34,183,236
34,187,174
34,188,51
34,193,158
34,194,142
34,196,357
34,197,20
34,199,96
35,1,43
35,2,45
35,3,384
35,5,172
35,7,37
35,9,196
35,10,246
35,11,301
35,13,352
35,14,134
35,17,149
35,18,375
35,19,161
35,20,103
35,22,288
35,23,217
35,24,179
35,26,295
35,27,352
35,29,249
35,30,6
35,31,234
35,33,19
35,36,191
35,37,385
35,39,46
35,40,392
35,42,391
35,43,13
35,45,398
35,50,166
35,52,114
35,56,287
35,57,249
35,59,171
35,60,311
35,61,145
35,66,169
35,68,58
35,69,93
35,71,41
35,72,303
35,73,339
35,75,245
35,76,59
35,77,324
35,80,360
35,81,3
35,82,78
35,84,66
35,85,334
35,86,5
35,87,364
35,88,224
35,89,234
35,92,192
35,94,142
35,96,189
35,99,46
35,101,259
35,102,156
35,106,189
35,107,167
35,110,35
35,112,225
35,113,382
35,114,214
35,115,327
35,118,100
35,119,232
35,120,152
35,122,363
35,123,390
35,125,97
35,126,37
35,127,5
35,128,348
35,129,357
35,131,123
35,135,304
35,136,62
35,143,116
35,146,280
35,148,154
35,154,46
35,157,52
35,162,42
35,177,344
35,178,303
35,180,173
35,185,324
35,186,1
35,187,138
35,190,309
35,194,314
35,198,105
35,200,178
36,1,260
36,3,255
36,4,356
36,7,197
36,8,195
36,9,88
36,14,346
36,17,118
36,18,178
36,19,391
36,21,208
36,22,249
36,24,345
36,25,246
36,26,12
36,27,119
36,28,184
36,30,349
36,32,58
36,35,191
36,37,24
36,38,239
36,39,7
36,40,289
36,42,313
36,43,43
36,44,13
36,45,278
36,46,256
36,47,59
36,48,26
36,50,101
36,51,208
36,52,227
36,53,256
36,55,248
36,56,276
36,57,73
36,58,191
36,59,224
36,61,68
36,63,123
36,64,5
36,65,119
36,66,331
36,69,285
36,70,286
36,72,339
36,74,61
36,77,94
36,81,145
36,82,399
36,85,118
36,86,39
36,87,85
36,88,50
36,90,162
36,91,170
36,94,109
36,95,250
36,96,251
36,97,393
36,98,369
36,99,341
36,105,189
36,106,71
36,111,233
36,113,196
36,117,177
36,118,340
36,119,43
36,121,91
36,126,22
36,127,147
36,128,242
36,129,306
36,130,3
36,133,225
36,140,48
36,142,225
36,148,315
36,151,337
36,152,289
36,156,222
36,157,367
36,159,139
36,161,82
36,166,382
36,169,75
36,170,52
36,173,221
36,175,221
36,179,355
36,182,339
36,186,201
36,189,3
36,191,358
36,192,275
36,195,4
36,198,116
36,199,108
37,1,28
37,2,92
37,3,167
37,5,268
37,6,62
37,7,240
37,8,238
37,10,172
37,11,247
37,12,339
37,13,129
37,15,107
37,16,143
37,18,384
37,19,382
37,20,129
37,23,119
37,24,299
37,25,332
37,26,43
37,27,272
37,28,169
37,29,170
37,31,397
37,35,385
37,36,24
37,39,330
37,40,299
37,42,306
37,43,230
37,44,137
37,45,215
37,46,67
37,49,190
37,50,144
37,51,13
37,52,386
37,53,43
37,55,119
37,56,4
37,57,349
37,58,236
37,59,21
37,60,373
37,61,116
37,62,189
37,64,90
37,65,246
37,67,222
37,69,320
37,70,264
37,71,392
37,72,203
37,73,347
37,75,246
37,78,19
37,80,120
37,82,113
37,83,28
37,84,45
37,85,324
37,86,311
37,87,14
37,89,189
37,90,73
37,92,106
37,93,55
37,94,340
37,95,162
37,96,229
37,97,296
37,99,305
37,100,313
37,101,231
37,102,119
37,106,56
37,107,296
37,108,309
37,109,50
37,113,53
37,114,88
37,115,319
37,116,175
37,117,219
37,120,284
37,124,24
37,126,34
37,130,196
37,131,213
37,133,281
37,134,288
37,135,198
37,141,266
37,142,323
37,145,102
37,156,356
37,157,20
37,158,48
37,159,167
37,167,209
37,169,31
37,170,312
37,171,130
37,175,337
37,177,94
37,197,209
37,199,68
38,2,354
38,4,35
38,5,253
38,6,146
38,8,127
38,9,110
38,11,350
38,12,198
38,15,190
38,17,155
38,19,158
38,20,357
38,21,231
38,23,29
38,24,256
38,25,264
38,26,51
38,27,250
38,30,198
38,33,263
38,34,93
38,36,239
38,39,137
38,40,191
38,41,166
38,42,323
38,45,8
38,48,78
38,49,264
38,50,391
38,51,32
38,52,58
38,53,130
38,55,352
38,57,319
38,58,29
38,61,361
38,62,362
38,63,305
38,65,232
38,66,166
38,70,24
38,71,152
38,72,267
38,73,328
38,74,227
38,75,147
38,76,145
38,77,278
38,79,231
38,80,139
38,81,75
38,84,111
38,85,85
38,88,159
38,89,366
38,90,93
38,95,7
38,97,296
38,98,8
38,99,3
38,101,172
38,102,108
38,104,18
38,105,158
38,108,86
38,109,52
38,111,280
38,113,228
38,114,345
38,116,132
38,118,211
38,121,280
38,127,187
38,130,80
38,131,223
38,133,119
38,135,238
38,136,90
38,139,275
38,140,244
38,141,269
38,146,270
38,151,231
38,152,119
38,153,191
38,154,290
38,155,337
38,156,238
38,157,362
38,158,250
38,159,25
38,161,82
38,164,182
38,167,222
38,170,138
38,174,202
38,179,204
38,180,100
38,181,257
38,183,142
38,186,355
38,188,168
38,195,257
39,1,308
39,2,152
39,3,276
39,4,12
39,5,367
39,6,355
39,7,62
39,8,257
39,9,308
39,10,143
39,11,65
39,12,291
39,15,264
39,17,90
39,23,69
39,24,17
39,26,254
39,28,9
39,29,350
39,30,260
39,31,237
39,32,202
39,34,176
39,35,46
39,36,7
39,37,330
39,38,137
39,40,35
39,41,16
39,42,131
39,44,138
39,45,118
39,46,105
39,47,27
39,48,212
39,50,188
39,52,268
39,54,182
39,55,177
39,56,275
39,58,367
39,59,174
39,60,338
39,61,113
39,63,71
39,65,79
39,66,42
39,67,281
39,68,304
39,70,30
39,71,56
39,72,197
39,73,31
39,74,48
39,75,194
39,77,223
39,78,66
39,79,220
39,80,97
39,84,294
39,87,161
39,88,287
39,92,208
39,96,357
39,98,370
39,99,387
39,106,116
39,107,188
39,108,259
39,110,62
39,111,175
39,112,272
39,114,154
39,115,336
39,118,330
39,119,120
39,120,343
39,132,132
39,138,246
39,141,26
39,144,168
39,146,77
39,147,28
39,148,371
39,149,270
39,150,378
39,152,294
39,154,128
39,157,306
39,159,301
39,161,5
39,163,163
39,164,297
39,174,205
39,175,295
39,176,281
39,180,337
39,182,106
39,186,206
39,188,42
40,1,315
40,5,371
40,6,323
40,10,73
40,11,105
40,12,189
40,13,85
40,15,20
40,17,34
40,18,300
40,19,255
40,20,83
40,23,239
40,25,111
40,26,215
40,27,317
40,28,16
40,30,188
40,31,322
40,32,385
40,33,119
40,34,328
40,35,392
40,36,289
40,37,299
40,38,191
40,39,35
40,41,321
40,42,81
40,43,181
40,44,181
40,45,381
40,46,71
40,47,244
40,49,89
40,50,315
40,51,40
40,54,251
