source,target,weight
1,2,63
1,3,126
1,5,328
1,6,54
1,7,342
1,8,74
1,9,316
1,10,300
1,11,70
1,13,347
1,14,172
1,15,277
1,16,198
1,18,308
1,19,392
1,21,256
1,22,235
1,23,192
1,25,54
1,26,79
1,28,300
1,29,258
1,30,297
1,32,21
1,36,311
1,38,296
1,40,356
1,41,270
1,42,265
1,46,377
1,48,198
1,50,335
1,52,187
1,53,171
1,56,9
1,57,151
1,59,195
1,60,320
1,62,319
1,63,97
1,64,342
1,65,173
1,70,119
1,71,96
1,72,126
1,75,250
1,77,34
1,79,2
1,81,87
1,83,347
1,84,306
1,90,132
1,93,48
1,97,19
1,100,281
1,101,68
1,102,266
1,104,105
1,105,349
1,108,388
1,109,26
1,110,321
1,112,97
1,113,49
1,114,395
1,123,231
1,125,272
1,129,162
1,141,307
1,145,11
1,159,328
1,164,78
1,166,48
1,170,91
1,179,35
1,181,386
1,182,361
1,183,219
1,184,366
1,196,62
1,200,282
2,1,63
2,3,122
2,4,109
2,7,270
2,10,137
2,11,393
2,15,238
2,17,256
2,18,17
2,20,280
2,21,45
2,22,89
2,23,367
2,24,252
2,27,80
2,29,75
2,30,392
2,31,303
2,32,229
2,33,180
2,34,176
2,35,100
2,36,80
2,37,192
2,38,13
2,39,132
2,40,302
2,43,18
2,46,152
2,48,363
2,50,159
2,51,137
2,52,178
2,55,392
2,56,77
2,57,234
2,59,73
2,63,328
2,65,106
2,66,291
2,67,114
2,68,305
2,70,82
2,71,198
2,73,131
2,75,341
2,76,256
2,77,28
2,78,393
2,79,360
2,81,164
2,84,32
2,87,213
2,91,287
2,92,167
2,93,143
2,98,149
2,99,363
2,100,278
2,102,341
2,104,164
2,108,72
2,114,137
2,115,395
2,117,359
2,123,4
2,124,85
2,128,251
2,130,218
2,131,64
2,135,239
2,137,392
2,139,224
2,141,19
2,143,388
2,144,131
2,147,273
2,148,3
2,150,165
2,165,53
2,172,51
2,174,231
2,177,131
2,184,32
2,186,39
2,191,316
2,195,209
2,196,227
2,197,223
2,199,170
2,200,6
3,1,126
3,2,122
3,4,8
3,5,61
3,6,135
3,7,310
3,8,253
3,9,99
3,11,272
3,12,84
3,13,339
3,14,243
3,15,304
3,16,73
3,17,111
3,18,390
3,19,43
3,20,28
3,24,12
3,25,105
3,26,358
3,31,24
3,32,56
3,33,59
3,34,69
3,35,151
3,36,377
3,37,178
3,38,125
3,40,29
3,41,22
3,42,373
3,43,64
3,44,24
3,47,114
3,48,180
3,49,46
3,50,376
3,51,24
3,52,154
3,53,267
3,54,34
3,55,193
3,56,242
3,58,22
3,59,382
3,61,364
3,63,282
3,64,23
3,69,2
3,70,153
3,79,140
3,80,20
3,81,378
3,82,113
3,83,376
3,84,218
3,87,368
3,95,325
3,96,39
3,97,171
3,106,58
3,108,190
3,111,304
3,115,7
3,117,271
3,118,312
3,119,105
3,122,276
3,124,351
3,128,96
3,131,118
3,137,298
3,146,305
3,147,207
3,152,53
3,159,112
3,161,370
3,166,171
3,169,304
3,170,41
3,171,181
3,173,215
3,174,158
3,179,78
3,181,177
3,183,80
3,188,273
3,189,354
3,191,130
3,196,141
4,2,109
4,3,8
4,5,25
4,6,334
4,7,335
4,8,98
4,9,244
4,11,183
4,13,227
4,14,302
4,15,129
4,16,185
4,17,98
4,18,86
4,20,331
4,23,238
4,27,345
4,28,106
4,29,358
4,30,365
4,32,382
4,33,299
4,35,190
4,38,227
4,39,44
4,43,46
4,44,66
4,46,370
4,47,49
4,48,365
4,49,161
4,50,394
4,51,235
4,53,40
4,54,52
4,56,132
4,57,197
4,60,114
4,61,40
4,64,280
4,65,73
4,67,220
4,68,248
4,70,206
4,71,132
4,72,361
4,75,379
4,77,302
4,78,79
4,79,28
4,81,223
4,87,182
4,92,275
4,95,325
4,96,151
4,99,380
4,100,42
4,103,39
4,104,235
4,105,75
4,109,134
4,123,231
4,135,343
4,138,344
4,149,398
4,152,182
4,155,121
4,158,22
4,163,188
4,168,183
4,171,116
4,173,292
4,178,213
4,181,14
4,190,122
5,1,328
5,3,61
5,4,25
5,8,275
5,9,297
5,10,213
5,11,221
5,12,94
5,13,353
5,15,74
5,16,33
5,17,393
5,19,297
5,20,334
5,22,250
5,23,268
5,24,282
5,25,156
5,27,96
5,30,153
5,31,234
5,32,223
5,33,397
5,34,132
5,37,369
5,38,163
5,40,145
5,41,125
5,42,84
5,43,360
5,45,30
5,48,28
5,49,338
5,50,283
5,51,216
5,52,376
5,53,285
5,54,78
5,55,155
5,57,52
5,60,316
5,61,211
5,62,27
5,63,191
5,65,212
5,67,165
5,69,386
5,72,183
5,76,277
5,79,361
5,81,279
5,83,397
5,87,260
5,88,252
5,89,208
5,90,191
5,92,32
5,93,234
5,96,304
5,100,359
5,102,221
5,103,15
5,105,238
5,107,92
5,108,154
5,109,183
5,110,258
5,113,326
5,116,327
5,118,17
5,120,142
5,121,223
5,126,110
5,127,13
5,129,377
5,131,311
5,132,36
5,134,212
5,138,198
5,143,369
5,148,181
5,150,263
5,152,139
5,153,237
5,157,10
5,158,170
5,164,317
5,166,166
5,172,163
5,180,190
5,187,180
5,191,116
5,193,179
5,198,170
6,1,54
6,3,135
6,4,334
6,8,255
6,9,129
6,10,376
6,12,192
6,13,388
6,15,227
6,18,4
6,19,9
6,20,341
6,21,1
6,23,228
6,25,50
6,26,235
6,27,375
6,28,327
6,29,85
6,31,167
6,33,156
6,34,2
6,35,326
6,36,342
6,37,218
6,40,156
6,41,325
6,44,75
6,45,45
6,46,18
6,47,395
6,49,184
6,50,184
6,51,109
6,52,233
6,53,282
6,55,34
6,56,373
6,59,380
6,60,183
6,66,100
6,67,243
6,69,276
6,70,251
6,72,275
6,75,107
6,77,2
6,80,150
6,82,158
6,83,328
6,84,136
6,87,91
6,89,45
6,96,119
6,99,4
6,101,5
6,102,300
6,106,103
6,111,234
6,114,27
6,115,139
6,116,184
6,117,305
6,120,374
6,123,12
6,125,196
6,128,170
6,131,362
6,132,130
6,136,18
6,140,217
6,150,261
6,156,218
6,158,262
6,169,261
6,174,298
6,178,49
6,184,336
6,190,331
7,1,342
7,2,270
7,3,310
7,4,335
7,9,233
7,10,33
7,11,172
7,12,236
7,13,165
7,14,97
7,15,113
7,16,62
7,18,230
7,19,331
7,20,86
7,21,170
7,22,400
7,23,389
7,24,389
7,27,86
7,28,117
7,30,372
7,31,296
7,35,53
7,36,258
7,37,13
7,38,40
7,39,27
7,42,323
7,43,195
7,47,257
7,49,318
7,51,152
7,52,95
7,55,370
7,56,132
7,58,205
7,61,273
7,62,175
7,64,254
7,65,68
7,66,60
7,69,111
7,71,262
7,72,330
7,74,183
7,75,28
7,76,290
7,77,201
7,79,104
7,86,19
7,87,6
7,88,92
7,89,117
7,91,326
7,92,196
7,94,328
7,95,191
7,96,304
7,97,366
7,98,247
7,100,79
7,104,6
7,105,259
7,107,363
7,108,89
7,109,345
7,111,21
7,116,212
7,118,142
7,122,320
7,123,299
7,124,378
7,129,231
7,130,386
7,137,173
7,138,172
7,141,128
7,142,269
7,144,245
7,150,239
7,155,64
7,156,59
7,164,262
7,168,384
7,178,321
7,186,7
7,190,292
7,196,195
7,199,39
8,1,74
8,3,253
8,4,98
8,5,275
8,6,255
8,9,107
8,11,259
8,12,341
8,13,376
8,16,24
8,17,62
8,18,154
8,19,281
8,21,276
8,22,40
8,27,368
8,28,357
8,29,195
8,30,195
8,31,59
8,32,351
8,33,358
8,34,379
8,35,269
8,37,111
8,39,383
8,40,387
8,41,69
8,42,134
8,43,241
8,44,100
8,45,124
8,47,376
8,48,86
8,50,228
8,51,61
8,54,379
8,57,94
8,59,262
8,61,12
8,62,250
8,63,352
8,64,45
8,65,317
8,68,357
8,70,264
8,71,160
8,76,249
8,78,325
8,80,317
8,82,283
8,87,125
8,88,386
8,89,41
8,92,319
8,94,290
8,95,199
8,96,372
8,98,2
8,99,106
8,100,346
8,103,101
8,109,287
8,110,244
8,111,115
8,114,161
8,115,299
8,118,275
8,123,187
8,127,31
8,129,284
8,132,153
8,134,393
8,139,21
8,143,65
8,144,196
8,154,29
8,155,33
8,156,357
8,161,206
8,164,129
8,166,299
8,167,145
8,169,179
8,171,150
8,173,29
8,177,40
8,182,277
8,185,141
8,186,223
9,1,316
9,3,99
9,4,244
9,5,297
9,6,129
9,7,233
9,8,107
9,10,79
9,13,250
9,15,201
9,16,211
9,17,231
9,18,256
9,19,248
9,20,315
9,21,302
9,24,14
9,25,290
9,26,155
9,28,316
9,34,88
9,35,52
9,36,310
9,39,138
9,42,284
9,45,109
9,47,77
9,49,267
9,50,345
9,52,10
9,54,291
9,55,299
9,56,363
9,57,236
9,58,6
9,59,10
9,62,384
9,63,236
9,64,320
9,65,153
9,67,237
9,68,207
9,69,48
9,71,196
9,72,224
9,73,30
9,75,227
9,77,213
9,81,177
9,90,112
9,92,268
9,95,261
9,99,216
9,101,125
9,103,9
9,106,26
9,109,362
9,116,98
9,117,196
9,120,351
9,122,187
9,123,369
9,125,162
9,126,88
9,128,22
9,130,172
9,137,263
9,146,240
9,147,73
9,154,42
9,155,103
9,158,372
9,169,12
9,172,201
9,174,332
9,179,187
9,185,325
9,196,65
9,198,326
10,1,300
10,2,137
10,5,213
10,6,376
10,7,33
10,9,79
10,12,376
10,13,327
10,14,92
10,15,86
10,16,296
10,17,383
10,21,142
10,23,66
10,24,98
10,25,394
10,28,331
10,29,72
10,32,75
10,35,344
10,37,277
10,38,237
10,41,319
10,42,171
10,43,100
10,44,398
10,45,179
10,46,206
10,47,132
10,48,13
10,50,13
10,52,296
10,53,10
10,54,44
10,55,204
10,56,40
10,57,231
10,59,347
10,60,256
10,62,339
10,63,71
10,64,181
10,65,366
10,66,299
10,69,240
10,75,300
10,77,205
10,79,368
10,81,136
10,86,319
10,88,257
10,93,36
10,94,365
10,98,280
10,101,6
10,106,245
10,111,327
10,115,390
10,119,303
10,122,338
10,124,44
10,127,383
10,128,326
10,138,89
10,141,57
10,143,22
10,149,252
10,162,149
10,164,28
10,172,231
10,177,283
10,178,137
10,179,271
10,181,255
10,186,241
10,194,395
10,198,163
11,1,70
11,2,393
11,3,272
11,4,183
11,5,221
11,7,172
11,8,259
11,12,175
11,13,302
11,14,278
11,15,13
11,16,157
11,17,338
11,19,85
11,21,380
11,22,48
11,23,5
11,24,123
11,25,168
11,29,274
11,30,119
11,31,85
11,33,178
11,34,306
11,38,385
11,39,191
11,40,304
11,41,130
11,42,80
11,43,198
11,44,93
11,45,247
11,46,128
11,47,230
11,48,217
11,49,102
11,50,324
11,52,358
11,53,57
11,54,316
11,55,358
11,60,365
11,63,115
11,65,276
11,66,118
11,67,107
11,69,309
11,71,161
11,72,16
11,73,186
11,75,143
11,78,216
11,79,14
11,82,296
11,84,71
11,86,237
11,90,374
11,92,138
11,98,6
11,100,351
11,101,395
11,104,392
11,113,188
11,114,328
11,116,310
11,117,396
11,118,379
11,119,116
11,122,254
11,123,303
11,127,192
11,128,158
11,129,301
11,130,291
11,131,263
11,134,248
11,137,37
11,148,305
11,151,330
11,156,323
11,158,49
11,163,63
11,164,210
11,165,315
11,173,242
11,177,349
11,178,278
11,185,268
11,186,141
11,192,304
12,3,84
12,5,94
12,6,192
12,7,236
12,8,341
12,10,376
12,11,175
12,13,74
12,14,290
12,15,266
12,16,164
12,18,29
12,20,308
12,22,390
12,23,25
12,24,322
12,25,322
12,26,298
12,28,334
12,31,373
12,32,220
12,34,112
12,35,127
12,36,293
12,38,105
12,39,258
12,41,396
12,43,293
12,44,169
12,45,67
12,48,127
12,50,252
12,51,74
12,53,364
12,55,61
12,56,7
12,58,127
12,59,140
12,61,128
12,62,22
12,66,280
12,68,262
12,71,295
12,73,234
12,75,55
12,78,378
12,79,314
12,81,44
12,83,65
12,89,1
12,90,355
12,94,363
12,101,287
12,104,237
12,105,304
12,107,136
12,109,2
12,110,89
12,117,312
12,121,259
12,122,250
12,129,130
12,135,180
12,136,239
12,137,306
12,138,232
12,140,107
12,142,171
12,145,368
12,149,286
12,159,147
12,160,202
12,168,293
12,171,43
12,175,224
12,176,90
12,185,290
12,188,39
12,191,56
12,197,390
13,1,347
13,3,339
13,4,227
13,5,353
13,6,388
13,7,165
13,8,376
13,9,250
13,10,327
13,11,302
13,12,74
13,16,295
13,17,234
13,19,210
13,20,96
13,21,145
13,22,78
13,23,55
13,24,23
13,25,238
13,26,363
13,27,234
13,30,297
13,33,242
13,34,147
13,35,282
13,37,377
13,39,360
13,40,215
13,41,278
13,42,63
13,43,137
13,44,40
13,46,37
13,47,144
13,50,77
13,51,160
13,52,21
13,53,51
13,54,395
13,56,389
13,58,306
13,60,175
13,61,237
13,66,40
13,67,93
13,68,122
13,69,249
13,70,206
13,71,207
13,77,43
13,79,87
13,81,167
13,82,310
13,86,51
13,88,149
13,90,200
13,91,78
13,92,147
13,93,35
13,94,35
13,96,330
13,97,104
13,98,62
13,101,258
13,106,243
13,111,99
13,113,122
13,118,11
13,124,335
13,128,344
13,134,74
13,135,227
13,139,142
13,140,134
13,141,128
13,143,28
13,144,45
13,146,155
13,148,163
13,150,233
13,154,73
13,158,138
13,163,312
13,169,359
13,176,196
13,178,267
13,181,174
13,182,144
13,188,8
13,196,278
13,197,381
14,1,172
14,3,243
14,4,302
14,7,97
14,10,92
14,11,278
14,12,290
14,16,275
14,17,292
14,19,74
14,20,297
14,22,181
14,23,234
14,26,316
14,27,186
14,28,173
14,29,157
14,30,182
14,33,375
14,35,350
14,36,39
14,39,250
14,40,334
14,41,146
14,43,305
14,44,169
14,45,5
14,46,355
14,47,374
14,48,5
14,49,312
14,52,207
14,53,192
14,55,364
14,56,108
14,57,33
14,58,47
14,63,4
14,65,49
14,66,334
14,68,93
14,69,90
14,71,17
14,74,263
14,77,263
14,86,67
14,89,121
14,91,187
14,93,149
14,95,203
14,108,16
14,113,277
14,115,349
14,126,172
14,127,70
14,128,264
14,130,340
14,133,391
14,135,257
14,140,260
14,141,220
14,143,384
14,144,76
14,152,398
14,154,175
14,161,320
14,163,229
14,168,383
14,170,57
14,172,291
14,177,2
14,178,305
14,180,337
14,181,51
14,182,147
14,184,21
14,185,217
14,187,79
14,189,47
14,190,46
14,195,107
15,1,277
15,2,238
15,3,304
15,4,129
15,5,74
15,6,227
15,7,113
15,9,201
15,10,86
15,11,13
15,12,266
15,18,376
15,20,70
15,21,321
15,27,81
15,28,215
15,30,23
15,31,40
15,32,112
15,33,136
15,36,295
15,37,250
15,39,25
15,40,191
15,43,184
15,44,231
15,46,196
15,48,286
15,49,252
15,50,249
15,53,400
15,56,114
15,58,234
15,60,225
15,63,301
15,65,359
15,66,314
15,67,321
15,68,350
15,70,70
15,71,16
15,75,171
15,78,53
15,80,235
15,81,63
15,82,269
15,83,142
15,86,306
15,93,29
15,96,370
15,99,98
15,102,257
15,103,43
15,104,322
15,105,152
15,106,248
15,114,380
15,116,286
15,118,277
15,120,44
15,125,41
15,127,380
15,129,315
15,134,300
15,136,179
15,138,126
15,139,338
15,147,142
15,148,31
15,152,93
15,161,156
15,162,342
15,169,161
15,173,48
15,178,91
15,182,264
15,188,240
16,1,198
16,3,73
16,4,185
16,5,33
16,7,62
16,8,24
16,9,211
16,10,296
16,11,157
16,12,164
16,13,295
16,14,275
16,19,368
16,20,368
16,21,112
16,25,202
16,26,14
16,28,223
16,30,114
16,32,51
16,33,304
16,34,338
16,35,352
16,36,140
16,38,81
16,39,75
16,40,323
16,41,341
16,42,270
16,43,241
16,45,275
16,46,204
16,49,344
16,50,213
16,51,1
16,52,369
16,57,149
16,58,156
16,61,235
16,63,109
16,64,186
16,67,234
16,68,316
16,69,160
16,70,56
16,73,382
16,74,372
16,75,375
16,79,187
16,81,274
16,82,43
16,86,305
16,88,50
16,89,113
16,90,143
16,91,70
16,93,190
16,94,126
16,95,155
16,96,400
16,99,331
16,104,177
16,105,18
16,107,215
16,108,38
16,110,320
16,112,335
16,114,300
16,116,290
16,117,138
16,121,314
16,125,72
16,126,3
16,127,351
16,128,400
16,130,181
16,131,209
16,136,354
16,138,311
16,140,100
16,141,154
16,142,11
16,144,194
16,146,365
16,152,309
16,158,165
16,160,23
16,163,187
16,168,249
16,176,298
16,184,220
16,185,272
16,186,239
16,187,273
16,191,126
16,192,68
16,193,381
16,196,6
16,199,251
17,2,256
17,3,111
17,4,98
17,5,393
17,8,62
17,9,231
17,10,383
17,11,338
17,13,234
17,14,292
17,18,165
17,20,114
17,21,293
17,25,387
17,27,195
17,28,148
17,29,324
17,30,213
17,31,379
17,34,121
17,35,179
17,36,390
17,37,255
17,38,353
17,39,377
17,41,303
17,42,65
17,43,362
17,45,1
17,46,305
17,47,279
17,48,173
17,49,169
17,50,51
17,51,92
17,52,138
17,54,59
17,55,52
17,56,352
17,58,309
17,61,116
17,62,213
17,63,100
17,64,142
17,65,365
17,66,155
17,68,17
17,71,149
17,72,337
17,75,82
17,76,196
17,78,137
17,80,153
17,84,21
17,85,8
17,86,64
17,89,259
17,90,17
17,93,186
17,94,189
17,97,355
17,104,159
17,105,99
17,106,275
17,109,41
17,111,302
17,112,385
17,113,248
17,114,153
17,116,38
17,124,111
17,125,288
17,127,290
17,130,86
17,131,292
17,134,167
17,135,158
17,136,193
17,140,240
17,147,113
17,148,214
17,151,156
17,154,353
17,162,346
17,165,168
17,166,37
17,169,69
17,171,268
17,173,250
17,175,95
17,176,113
17,177,349
17,179,393
17,181,146
17,182,258
17,187,182
17,188,200
17,192,361
17,194,244
17,195,11
17,198,130
18,1,308
18,2,17
18,3,390
18,4,86
18,6,4
18,7,230
18,8,154
18,9,256
18,12,29
18,15,376
18,17,165
18,19,73
18,20,260
18,21,258
18,22,31
18,23,346
18,24,339
18,26,256
18,28,33
18,31,200
18,32,338
18,36,43
18,38,108
18,41,226
18,42,284
18,46,287
18,47,8
18,48,346
18,49,272
18,54,336
18,56,43
18,60,356
18,61,148
18,62,216
18,63,264
18,65,178
18,67,290
18,68,152
18,71,98
18,72,94
18,74,204
18,75,44
18,76,77
18,80,115
18,81,9
18,84,147
18,87,156
18,89,269
18,91,323
18,93,22
18,95,132
18,99,131
18,101,38
18,102,373
18,108,258
18,113,332
18,123,331
18,129,14
18,139,28
18,140,106
18,142,95
18,145,317
18,146,279
18,147,208
18,153,300
18,154,317
18,155,303
18,160,246
18,167,280
18,181,330
18,187,141
18,191,241
18,197,353
18,198,158
18,200,74
19,1,392
19,3,43
19,5,297
19,6,9
19,7,331
19,8,281
19,9,248
19,11,85
19,13,210
19,14,74
19,16,368
19,18,73
19,22,48
19,25,236
19,26,246
19,27,119
19,28,8
19,30,58
19,31,193
19,33,229
19,36,343
19,37,260
19,40,129
19,41,84
19,42,344
19,44,28
19,45,2
19,47,165
19,50,369
19,54,303
19,55,45
19,56,340
19,60,68
19,61,247
19,62,41
19,63,156
19,65,393
19,67,258
19,69,367
19,73,113
19,76,229
19,77,344
19,78,194
19,79,184
19,84,298
19,86,162
19,90,326
19,91,100
19,93,287
19,94,221
19,99,123
19,100,335
19,104,122
19,106,265
19,108,383
19,109,335
19,111,346
19,115,93
19,118,313
19,125,39
19,127,160
19,131,154
19,132,322
19,140,51
19,146,194
19,147,26
19,153,351
19,156,275
19,160,340
19,163,162
19,165,51
19,168,247
19,169,64
19,172,177
19,178,212
19,179,116
19,182,184
19,184,239
19,185,305
19,196,229
19,197,370
20,2,280
20,3,28
20,4,331
20,5,334
20,6,341
20,7,86
20,9,315
20,12,308
20,13,96
20,14,297
20,15,70
20,16,368
20,17,114
20,18,260
20,21,360
20,22,42
20,23,330
20,24,334
20,25,207
20,28,366
20,29,126
20,30,179
20,31,369
20,34,381
20,36,49
20,37,19
20,38,145
20,40,177
20,41,239
20,42,289
20,43,391
20,44,16
20,45,102
20,46,245
20,48,383
20,49,48
20,51,88
20,52,176
20,53,345
20,55,13
20,56,246
20,58,101
20,61,307
20,62,243
20,66,262
20,69,164
20,72,275
20,74,322
20,75,196
20,76,159
20,85,184
20,87,245
20,92,216
20,94,329
20,101,185
20,106,200
20,110,198
20,113,38
20,117,160
20,118,284
20,122,388
20,124,125
20,125,189
20,128,68
20,129,95
20,132,180
20,134,13
20,135,167
20,136,362
20,137,207
20,141,60
20,143,132
20,144,178
20,145,234
20,153,19
20,155,282
20,156,108
20,161,213
20,162,3
20,164,368
20,172,303
20,174,283
20,175,298
20,177,106
20,178,190
20,183,288
20,184,132
20,186,71
20,187,223
20,195,291
20,196,69
20,199,40
21,1,256
21,2,45
21,6,1
21,7,170
21,8,276
21,9,302
21,10,142
21,11,380
21,13,145
21,15,321
21,16,112
21,17,293
21,18,258
21,20,360
21,22,244
21,23,56
21,24,63
21,26,329
21,27,293
21,28,378
21,29,339
21,30,385
21,31,84
21,33,356
21,34,319
21,35,242
21,36,102
21,39,146
21,40,249
21,41,304
21,42,68
21,44,356
21,45,147
21,47,131
21,49,282
21,53,10
21,55,189
21,57,227
21,59,274
21,60,334
21,64,115
21,68,141
21,71,304
21,72,135
21,73,375
21,74,112
21,75,161
21,78,375
21,79,11
21,80,98
21,81,216
21,95,399
21,96,255
21,97,215
21,108,28
21,115,292
21,122,233
21,123,59
21,128,286
21,129,193
21,130,295
21,131,395
21,142,88
21,143,255
21,147,255
21,150,133
21,152,382
21,157,218
21,163,329
21,165,353
21,166,224
21,171,204
21,172,380
21,174,204
21,179,347
21,186,236
21,189,325
21,193,125
21,199,383
22,1,235
22,2,89
22,5,250
22,7,400
22,8,40
22,11,48
22,12,390
22,13,78
22,14,181
22,18,31
22,19,48
22,20,42
22,21,244
22,24,214
22,25,36
22,27,12
22,28,219
22,29,357
22,30,312
22,32,62
22,33,394
22,34,298
22,35,353
22,38,230
22,39,331
22,40,356
22,41,93
22,42,246
22,44,301
22,45,111
22,47,119
22,48,111
22,49,321
22,50,388
22,51,318
22,52,198
22,57,4
22,58,388
22,61,352
22,65,15
22,66,122
22,67,246
22,69,161
22,70,325
22,71,333
22,76,99
22,77,156
22,78,275
22,85,125
22,90,56
22,91,189
22,92,53
22,94,27
22,96,253
22,98,18
22,101,220
22,103,292
22,105,43
22,106,369
22,107,218
22,109,241
22,111,399
22,119,87
22,122,333
22,126,376
22,129,110
22,130,358
22,132,173
22,133,384
22,136,325
22,137,174
22,139,314
22,142,386
22,155,121
22,160,103
22,165,346
22,169,153
22,172,105
22,173,34
23,1,192
23,2,367
23,4,238
23,5,268
23,6,228
23,7,389
23,10,66
23,11,5
23,12,25
23,13,55
23,14,234
23,18,346
23,20,330
23,21,56
23,24,88
23,26,192
23,27,200
23,29,368
23,31,156
23,32,148
23,33,3
23,36,199
23,37,107
23,39,162
23,41,202
23,43,81
23,44,278
23,45,168
23,46,175
23,47,190
23,48,153
23,49,94
23,50,363
23,51,388
23,52,18
23,53,381
23,54,357
23,56,362
23,58,89
23,59,8
23,61,259
23,62,214
23,63,176
23,64,336
23,66,141
23,67,49
23,68,69
23,69,42
23,70,265
23,77,396
23,79,241
23,80,381
23,84,164
23,85,222
23,86,318
23,89,161
23,90,51
23,92,204
23,93,225
23,94,94
23,95,112
23,96,193
23,98,14
23,103,399
23,105,346
23,112,74
23,113,152
23,114,359
23,120,132
23,122,372
23,123,82
23,124,384
23,127,132
23,128,116
23,130,6
23,134,19
23,136,82
23,138,7
23,140,64
23,141,176
23,142,95
23,146,274
23,151,309
23,153,218
23,165,244
23,166,48
23,168,147
23,174,327
23,177,380
23,179,136
23,182,183
23,185,68
23,194,185
23,195,31
23,199,76
23,200,97
24,2,252
24,3,12
24,5,282
24,7,389
24,9,14
24,10,98
24,11,123
24,12,322
24,13,23
24,18,339
24,20,334
24,21,63
24,22,214
24,23,88
24,25,346
24,26,219
24,27,374
24,28,188
24,29,375
24,30,118
24,31,376
24,32,63
24,33,202
24,34,233
24,35,146
24,37,79
24,39,142
24,42,220
24,44,101
24,46,367
24,47,340
24,48,225
24,52,61
24,53,193
24,54,203
24,56,326
24,58,243
24,61,371
24,63,330
24,65,96
24,70,170
24,71,370
24,72,25
24,75,36
24,76,359
24,77,19
24,79,398
24,80,340
24,83,352
24,85,264
24,86,126
24,92,205
24,93,389
24,95,205
24,104,336
24,105,218
24,106,383
24,111,202
24,113,224
24,117,238
24,118,339
24,119,300
24,121,121
24,123,45
24,131,400
24,134,157
24,139,164
24,141,392
24,144,88
24,148,37
24,164,216
24,165,255
24,173,312
24,176,184
24,177,129
24,179,133
24,182,208
24,186,308
24,191,94
24,193,25
24,197,29
25,1,54
25,3,105
25,5,156
25,6,50
25,9,290
25,10,394
25,11,168
25,12,322
25,13,238
25,16,202
25,17,387
25,19,236
25,20,207
25,22,36
25,24,346
25,26,256
25,27,10
25,28,392
25,32,265
25,33,82
25,34,64
25,36,50
25,38,350
25,40,213
25,41,258
25,44,6
25,45,129
25,47,326
25,48,65
25,51,116
25,53,375
25,54,107
25,55,263
25,56,349
25,57,325
25,60,200
25,62,42
25,64,329
25,65,382
25,69,274
25,71,79
25,72,115
25,73,140
25,74,396
25,75,249
25,80,218
25,85,57
25,86,364
25,88,145
25,89,82
25,90,130
25,92,212
25,95,363
25,99,250
25,100,136
25,103,196
25,104,386
25,106,244
25,109,91
25,111,302
25,117,222
25,124,125
25,125,225
25,129,274
25,130,367
25,132,1
25,133,274
25,134,348
25,138,331
25,144,366
25,153,234
25,154,15
25,158,130
25,161,332
25,170,297
25,172,39
25,174,368
25,185,217
25,193,242
26,1,79
26,3,358
26,6,235
26,9,155
26,12,298
26,13,363
26,14,316
26,16,14
26,18,256
26,19,246
26,21,329
26,23,192
26,24,219
26,25,256
26,33,6
26,34,5
26,35,312
26,36,299
26,37,329
26,40,273
26,42,292
26,45,156
26,46,375
26,48,90
26,49,122
26,50,222
26,51,360
26,52,347
26,57,11
26,59,265
26,61,284
26,62,178
26,63,395
26,64,373
26,65,305
26,69,90
26,70,48
26,71,64
26,73,176
26,74,133
26,76,208
26,79,396
26,82,177
26,84,116
26,87,249
26,90,122
26,91,283
26,92,23
26,93,322
26,94,323
26,96,311
26,99,158
26,100,94
26,101,136
26,102,238
26,104,292
26,105,185
26,110,155
26,114,115
26,116,167
26,122,299
26,123,354
26,124,239
26,126,143
26,138,73
26,140,138
26,146,396
26,147,289
26,148,183
26,151,112
26,157,187
26,158,234
26,171,376
26,179,24
26,182,57
26,184,180
26,185,92
26,187,157
26,195,295
27,2,80
27,4,345
27,5,96
27,6,375
27,7,86
27,8,368
27,13,234
27,14,186
27,15,81
27,17,195
27,19,119
27,21,293
27,22,12
27,23,200
27,24,374
27,25,10
27,28,310
27,30,143
27,31,257
27,32,174
27,33,168
27,34,244
27,35,101
27,36,156
27,38,18
27,39,366
27,42,352
27,43,94
27,44,248
27,45,282
27,46,305
27,48,310
27,49,161
27,51,77
27,54,322
27,57,198
27,58,86
27,59,46
27,60,272
27,62,317
27,63,378
27,64,329
27,66,256
27,67,220
27,68,36
27,69,359
27,70,40
27,71,383
27,72,367
27,75,24
27,76,199
27,77,42
27,79,175
27,80,359
27,81,134
27,84,370
27,85,36
27,90,312
27,93,155
27,94,97
27,95,311
27,96,26
27,98,188
27,100,180
27,105,130
27,110,213
27,111,399
27,116,161
27,117,270
27,118,215
27,119,79
27,123,175
27,124,242
27,129,38
27,131,172
27,134,77
27,138,142
27,139,123
27,146,169
27,155,180
27,156,13
27,159,170
27,161,265
27,162,104
27,164,320
27,168,340
27,172,34
27,174,57
27,185,367
27,192,230
27,198,179
27,199,337
28,1,300
28,4,106
28,6,327
28,7,117
28,8,357
28,9,316
28,10,331
28,12,334
28,14,173
28,15,215
28,16,223
28,17,148
28,18,33
28,19,8
28,20,366
28,21,378
28,22,219
28,24,188
28,25,392
28,27,310
28,29,272
28,33,355
28,34,175
28,35,301
28,36,177
28,37,73
28,38,175
28,39,20
28,41,74
28,43,164
28,44,122
28,45,240
28,46,113
28,50,235
28,51,198
28,53,205
28,54,308
28,55,147
28,57,128
28,58,261
28,59,1
28,60,367
28,61,179
28,62,301
28,63,312
28,64,206
28,65,47
28,66,266
28,68,231
28,69,201
28,70,268
28,73,122
28,74,358
28,76,98
28,78,123
28,79,318
28,80,171
28,81,130
28,82,239
28,86,248
28,89,10
28,90,196
28,91,303
28,92,106
28,95,141
28,97,138
28,98,170
28,102,348
28,104,177
28,107,154
28,109,209
28,113,388
28,115,259
28,116,253
28,119,294
28,121,142
28,122,399
28,130,380
28,138,105
28,139,130
28,140,370
28,142,198
28,144,377
28,145,76
28,147,51
28,149,101
28,153,356
28,166,158
28,169,87
28,175,74
28,186,65
28,194,49
28,196,159
28,200,330
29,1,258
29,2,75
29,4,358
29,6,85
29,8,195
29,10,72
29,11,274
29,14,157
29,17,324
29,20,126
29,21,339
29,22,357
29,23,368
29,24,375
29,28,272
29,30,66
29,33,349
29,34,307
29,35,92
29,37,69
29,38,306
29,41,179
29,46,223
29,48,263
29,49,398
29,50,194
29,53,223
29,54,351
29,55,142
29,56,6
29,59,319
29,60,58
29,61,11
29,62,118
29,64,77
29,65,133
29,69,130
29,73,20
29,77,217
29,78,10
29,80,234
29,83,239
29,86,225
29,87,144
29,89,195
29,90,209
29,91,387
29,92,165
29,95,374
29,97,99
29,98,252
29,100,399
29,101,230
29,107,120
29,110,99
29,112,284
29,114,92
29,115,363
29,119,202
29,128,374
29,142,126
29,143,46
29,149,16
29,152,226
29,154,160
29,156,320
29,161,9
29,163,229
29,168,154
29,175,190
29,176,32
29,179,381
29,183,157
29,190,386
29,197,250
30,1,297
30,2,392
30,4,365
30,5,153
30,7,372
30,8,195
30,11,119
30,13,297
30,14,182
30,15,23
30,16,114
30,17,213
30,19,58
30,20,179
30,21,385
30,22,312
30,24,118
30,27,143
30,29,66
30,31,30
30,32,18
30,33,247
30,34,308
30,38,228
30,40,243
30,41,107
30,42,116
30,45,280
30,46,236
30,48,376
30,49,261
30,50,268
30,51,77
30,52,167
30,55,166
30,57,269
30,58,192
30,59,352
30,60,369
30,61,364
30,62,400
30,63,316
30,64,301
30,65,272
30,67,256
30,70,297
30,71,54
30,72,57
30,80,318
30,84,54
30,86,129
30,88,362
30,89,291
30,90,107
30,91,103
30,92,100
30,94,330
30,102,109
30,104,199
30,107,210
30,108,156
30,114,116
30,120,253
30,121,343
30,125,374
30,126,386
30,133,170
30,140,6
30,143,41
30,147,127
30,150,309
30,152,87
30,155,126
30,156,162
30,157,85
30,173,362
30,184,273
30,186,233
30,194,78
30,198,219
30,199,15
30,200,358
31,2,303
31,3,24
31,5,234
31,6,167
31,7,296
31,8,59
31,11,85
31,12,373
31,15,40
31,17,379
31,18,200
31,19,193
31,20,369
31,21,84
31,23,156
31,24,376
31,27,257
31,30,30
31,34,95
31,35,90
31,37,157
31,38,245
31,40,231
31,41,23
31,43,283
31,44,255
31,45,148
31,48,273
31,51,152
31,52,263
31,54,203
31,55,105
31,56,312
31,57,125
31,59,9
31,65,279
31,66,91
31,67,336
31,68,122
31,69,233
31,72,259
31,77,380
31,78,127
31,79,80
31,80,277
31,81,141
31,83,234
31,85,300
31,86,339
31,87,289
31,89,387
31,90,327
31,91,94
31,98,253
31,103,73
31,106,154
31,107,140
31,111,335
31,112,365
31,113,338
31,118,330
31,120,239
31,125,349
31,126,158
31,130,13
31,131,310
31,133,147
31,141,152
31,142,41
31,149,61
31,154,228
31,162,293
31,165,111
31,166,175
31,167,176
31,168,290
31,169,150
31,173,269
31,175,272
31,182,265
31,192,361
31,193,142
31,195,355
32,1,21
32,2,229
32,3,56
32,4,382
32,5,223
32,8,351
32,10,75
32,12,220
32,15,112
32,16,51
32,18,338
32,22,62
32,23,148
32,24,63
32,25,265
32,27,174
32,30,18
32,35,255
32,37,161
32,38,377
32,39,133
32,40,225
32,41,85
32,42,376
32,43,324
32,45,315
32,46,110
32,47,89
32,48,368
32,49,103
32,50,153
32,52,336
32,56,276
32,58,333
32,61,240
32,62,228
32,65,376
32,66,131
32,67,131
32,70,170
32,72,47
32,76,397
32,81,375
32,82,215
32,85,56
32,88,335
32,90,358
32,91,283
32,93,336
32,100,304
32,102,175
32,104,379
32,106,175
32,114,325
32,115,140
32,120,54
32,123,152
32,124,35
32,125,52
32,132,139
32,134,48
32,146,319
32,150,45
32,157,269
32,161,152
32,164,120
32,169,296
32,173,33
32,177,314
32,179,236
32,180,338
32,183,383
32,184,340
32,187,123
32,193,204
33,2,180
33,3,59
33,4,299
33,5,397
33,6,156
33,8,358
33,11,178
33,13,242
33,14,375
33,15,136
33,16,304
33,19,229
33,21,356
33,22,394
33,23,3
33,24,202
33,25,82
33,26,6
33,27,168
33,28,355
33,29,349
33,30,247
33,34,10
33,36,367
33,37,392
33,39,97
33,40,179
33,41,345
33,42,265
33,43,37
33,44,247
33,45,38
33,47,280
33,49,337
33,50,144
33,51,307
33,52,49
33,53,9
33,54,212
33,56,45
33,57,58
33,58,239
33,59,375
33,60,358
33,61,290
33,64,166
33,67,146
33,68,224
33,69,82
33,70,22
33,71,228
33,73,90
33,74,140
33,75,253
33,77,52
33,78,358
33,81,375
33,82,229
33,83,259
33,84,111
33,86,388
33,93,137
33,96,121
33,97,383
33,98,51
33,99,187
33,100,156
33,102,119
33,103,278
33,104,309
33,107,75
33,113,384
33,114,304
33,116,284
33,117,203
33,118,92
33,123,217
33,127,304
33,131,223
33,133,56
33,139,309
33,142,136
33,145,353
33,146,95
33,153,331
33,155,16
33,160,87
33,163,296
33,164,101
33,168,112
33,169,266
33,170,89
33,173,306
33,174,163
33,177,49
33,184,323
33,187,242
33,189,228
33,194,256
33,199,234
33,200,96
34,2,176
34,3,69
34,5,132
34,6,2
34,8,379
34,9,88
34,11,306
34,12,112
34,13,147
34,16,338
34,17,121
34,20,381
34,21,319
34,22,298
34,24,233
34,25,64
34,26,5
34,27,244
34,28,175
34,29,307
34,30,308
34,31,95
34,33,10
34,36,333
34,37,83
34,39,111
34,40,318
34,42,393
34,43,46
34,44,368
34,45,14
34,46,252
34,47,133
34,48,170
34,49,343
34,53,160
34,54,199
34,55,29
34,56,254
34,57,346
34,60,281
34,63,145
34,64,43
34,66,377
34,71,340
34,72,384
34,73,60
34,74,284
34,76,248
34,79,311
34,80,75
34,81,323
34,82,76
34,84,18
34,86,386
34,89,343
34,91,70
34,93,140
34,99,65
34,101,172
34,104,316
34,107,102
34,110,85
34,114,156
34,116,308
34,120,351
34,123,226
34,124,168
34,125,392
34,126,5
34,128,392
34,131,78
34,133,177
34,134,64
34,136,37
34,137,102
34,146,27
34,152,74
34,155,123
34,160,168
34,164,176
34,165,207
34,166,272
34,176,110
34,192,345
34,193,243
34,194,16
34,195,277
34,196,96
35,2,100
35,3,151
35,4,190
35,6,326
35,7,53
35,8,269
35,9,52
35,10,344
35,12,127
35,13,282
35,14,350
35,16,352
35,17,179
35,21,242
35,22,353
35,24,146
35,26,312
35,27,101
35,28,301
35,29,92
35,31,90
35,32,255
35,36,252
35,38,289
35,39,272
35,41,374
35,42,293
35,46,364
35,47,96
35,48,334
35,50,317
35,51,339
35,52,385
35,54,247
35,55,373
35,56,141
35,59,389
35,60,352
35,61,60
35,63,292
35,65,97
35,68,124
35,69,314
35,70,183
35,73,359
35,74,156
35,76,277
35,79,204
35,80,168
35,82,290
35,85,2
35,86,262
35,87,360
35,90,67
35,91,390
35,92,383
35,93,187
35,97,105
35,99,83
35,104,187
35,106,335
35,107,355
35,109,171
35,110,76
35,111,37
35,113,378
35,115,277
35,120,26
35,123,367
35,128,178
35,129,172
35,130,245
35,134,195
35,136,359
35,140,136
35,141,22
35,151,357
35,162,262
35,163,378
35,164,204
35,165,368
35,169,146
35,171,352
35,176,188
35,181,286
35,183,238
35,187,30
35,189,161
35,190,130
35,191,290
35,196,2
35,200,387
36,1,311
36,2,80
36,3,377
36,6,342
36,7,258
36,9,310
36,12,293
36,14,39
36,15,295
36,16,140
36,17,390
36,18,43
36,19,343
36,20,49
36,21,102
36,23,199
36,25,50
36,26,299
36,27,156
36,28,177
36,33,367
36,34,333
36,35,252
36,38,377
36,39,388
36,40,5
36,42,361
36,43,43
36,45,251
36,46,85
36,47,16
36,48,77
36,49,21
36,52,393
36,53,327
36,54,53
36,55,57
36,56,320
36,57,88
36,58,186
36,60,371
36,61,264
36,62,354
36,64,289
36,72,86
36,73,343
36,74,381
36,75,62
36,80,109
36,82,243
36,83,36
36,85,235
36,88,394
36,89,88
36,95,236
36,98,135
36,100,122
36,103,113
36,106,338
36,113,143
36,114,301
36,116,60
36,117,22
36,119,395
36,122,261
36,123,101
36,125,4
36,129,193
36,132,189
36,134,149
36,135,259
36,141,60
36,152,256
36,159,245
36,170,263
36,171,208
36,175,36
36,176,120
36,178,298
36,180,245
36,181,346
36,186,206
36,191,194
36,192,223
36,197,360
37,2,192
37,3,178
37,5,369
37,6,218
37,7,13
37,8,111
37,10,277
37,13,377
37,15,250
37,17,255
37,19,260
37,20,19
37,23,107
37,24,79
37,26,329
37,28,73
37,29,69
37,31,157
37,32,161
37,33,392
37,34,83
37,39,110
37,40,345
37,42,356
37,46,96
37,48,64
37,50,325
37,52,354
37,54,338
37,58,398
37,59,23
37,60,286
37,61,324
37,63,301
37,64,26
37,65,50
37,66,12
37,68,14
37,73,186
37,74,288
37,79,376
37,81,350
37,83,258
37,84,106
37,86,351
37,91,351
37,92,373
37,94,384
37,95,377
37,98,92
37,101,77
37,102,286
37,103,163
37,105,389
37,107,365
37,109,292
37,122,61
37,124,290
37,125,43
37,130,38
37,131,40
37,134,397
37,135,185
37,138,102
37,141,35
37,145,388
37,149,168
37,158,79
37,159,38
37,161,365
37,164,246
37,169,79
37,172,79
37,174,193
37,181,58
37,184,337
37,199,371
38,1,296
38,2,13
38,3,125
38,4,227
38,5,163
38,7,40
38,10,237
38,11,385
38,12,105
38,16,81
38,17,353
38,18,108
38,20,145
38,22,230
38,25,350
38,27,18
38,28,175
38,29,306
38,30,228
38,31,245
38,32,377
38,35,289
38,36,377
38,40,227
38,43,116
38,46,135
38,47,223
38,48,173
38,49,330
38,51,28
38,52,110
38,53,106
38,60,91
38,63,76
38,64,173
38,65,364
38,67,175
38,71,264
38,73,224
38,75,283
38,80,356
38,82,312
38,83,314
38,85,195
38,87,335
38,99,70
38,103,354
38,104,321
38,107,87
38,109,206
38,110,225
38,111,131
38,113,371
38,116,324
38,120,58
38,127,371
38,128,267
38,136,89
38,137,101
38,138,189
38,139,293
38,141,296
38,145,150
38,146,11
38,150,150
38,151,133
38,155,264
38,161,148
38,162,70
38,166,392
38,173,310
38,178,167
38,181,324
38,187,113
38,188,28
38,193,323
38,194,294
38,196,145
38,198,303
38,200,292
39,2,132
39,4,44
39,7,27
39,8,383
39,9,138
39,11,191
39,12,258
39,13,360
39,14,250
39,15,25
39,16,75
39,17,377
39,21,146
39,22,331
39,23,162
39,24,142
39,27,366
39,28,20
39,32,133
39,33,97
39,34,111
39,35,272
39,36,388
39,37,110
39,40,2
39,41,298
39,43,304
39,44,306
39,45,253
39,46,81
39,47,135
39,48,144
39,50,218
39,52,193
39,53,289
39,55,112
39,57,75
39,58,14
39,59,31
39,62,158
39,64,103
39,66,74
39,68,358
39,70,223
39,73,31
39,74,297
39,77,352
39,78,137
39,80,94
39,81,304
39,83,140
39,86,81
39,88,378
39,91,157
39,92,367
39,95,360
39,97,192
39,99,317
39,100,330
39,101,41
39,102,1
39,105,350
39,106,387
39,107,325
39,108,50
39,110,288
39,111,258
39,112,96
39,113,396
39,116,120
39,118,127
39,119,219
39,121,151
39,123,393
39,127,85
39,135,102
39,136,39
39,143,98
39,147,46
39,149,126
39,154,347
39,157,331
39,159,70
39,160,381
39,163,106
39,167,54
39,168,74
39,183,380
39,184,271
39,185,138
39,186,362
39,189,299
39,191,300
40,1,356
40,2,302
40,3,29
40,5,145
40,6,156
40,8,387
40,11,304
40,13,215
40,14,334
40,15,191
40,16,323
40,19,129
40,20,177
40,21,249
40,22,356
40,25,213
40,26,273
40,30,243
40,31,231
40,32,225
40,33,179
40,34,318
40,36,5
40,37,345
40,38,227
40,39,2
40,41,14
40,43,248
40,44,264
40,45,213
40,50,98
40,52,25
40,53,195
40,54,355
40,55,297
40,57,60
40,59,316
40,60,67
40,61,232
40,62,282
40,63,98
40,65,353
40,66,248
40,70,97
40,71,71
40,73,81
40,74,68
40,75,51
40,76,215
40,77,148
40,79,303
40,81,394
40,82,298
40,83,44
40,85,239
40,86,14
40,87,51
40,88,371
40,89,75
40,96,343
40,97,345
40,99,315
40,102,45
40,104,386
40,108,65
40,118,147
40,119,167
40,122,213
40,126,178
40,127,311
40,129,22
40,130,329
40,131,338
40,133,308
40,135,156
40,142,303
40,144,74
40,156,76
40,160,279
40,165,62
40,171,116
40,176,243
40,177,225
40,182,197
40,185,224
40,189,63
40,190,326
40,194,238
40,199,357
41,1,270
41,3,22
41,5,125
41,6,325
41,8,69
41,10,319
41,11,130
41,12,396
41,13,278
41,14,146
41,16,341
41,17,303
41,18,226
41,19,84
41,20,239
41,21,304
41,22,93
41,23,202
41,25,258
41,28,74
41,29,179
41,30,107
41,31,23
41,32,85
41,33,345
41,35,374
41,39,298
41,40,14
41,42,204
41,43,186
41,46,140
41,50,76
41,51,49
41,53,254
41,54,70
41,55,197
41,56,32
41,58,181
41,59,182
41,60,326
41,65,264
41,67,51
41,74,122
41,76,248
41,77,355
41,82,252
41,83,135
41,87,22
41,90,240
41,93,249
41,96,329
41,98,357
41,102,89
41,105,161
41,107,370
41,108,396
41,111,240
41,113,162
41,117,42
41,119,178
41,121,85
41,122,276
41,125,326
41,128,246
41,130,398
41,132,35
41,134,366
41,138,80
41,143,82
41,149,329
41,151,114
41,154,280
41,155,69
41,156,118
41,160,233
41,167,42
41,170,57
41,173,332
41,174,165
41,179,55
41,187,38
41,189,296
41,190,14
41,193,331
41,194,105
41,195,338
42,1,265
42,3,373
42,5,84
42,7,323
42,8,134
42,9,284
42,10,171
42,11,80
42,13,63
42,16,270
42,17,65
42,18,284
42,19,344
42,20,289
42,21,68
42,22,246
42,24,220
42,26,292
42,27,352
42,30,116
42,32,376
42,33,265
42,34,393
42,35,293
42,36,361
42,37,356
42,41,204
42,44,28
42,45,148
42,46,269
42,47,177
42,48,192
42,49,73
42,51,230
42,52,390
42,53,40
42,54,238
42,55,355
42,57,168
42,58,36
42,59,128
42,60,32
42,61,25
42,63,29
42,65,83
42,72,81
42,77,251
42,78,65
42,81,269
42,83,177
42,84,76
42,87,202
42,88,121
42,93,367
42,100,241
42,102,172
42,108,113
42,109,7
42,110,69
42,111,112
42,112,228
42,114,63
42,117,84
42,120,261
42,126,41
42,130,356
42,131,191
42,132,11
42,133,338
42,135,247
42,136,52
42,137,152
42,139,301
42,141,352
42,142,255
42,148,12
42,156,106
42,157,122
42,160,200
42,162,331
42,168,195
42,170,128
42,171,189
42,180,376
42,181,177
42,183,348
42,198,330
43,2,18
43,3,64
43,4,46
43,5,360
43,7,195
43,8,241
43,10,100
43,11,198
43,12,293
43,13,137
43,14,305
43,15,184
43,16,241
43,17,362
43,20,391
43,23,81
43,27,94
43,28,164
43,31,283
43,32,324
43,33,37
43,34,46
43,36,43
43,38,116
43,39,304
43,40,248
43,41,186
43,44,106
43,50,255
43,51,356
43,52,224
43,54,345
43,55,215
43,57,377
43,58,60
43,59,218
43,61,280
43,64,190
43,65,288
43,67,139
43,68,42
43,70,366
43,71,23
43,72,159
43,74,43
43,75,91
43,78,320
43,80,182
43,82,224
43,84,52
43,85,6
43,87,334
43,89,247
43,90,197
43,92,41
43,94,262
43,95,367
43,98,151
43,101,368
43,102,157
43,105,365
43,109,78
43,110,379
43,112,30
43,113,164
43,115,174
43,117,148
43,120,95
43,121,321
43,127,41
43,128,305
43,130,260
43,134,372
43,135,24
43,136,111
43,137,281
43,138,274
43,139,38
43,140,174
43,146,394
43,161,179
43,162,286
43,165,306
43,166,73
43,180,297
43,183,79
43,187,324
43,194,275
43,199,91
44,3,24
44,4,66
44,6,75
44,8,100
44,10,398
44,11,93
44,12,169
44,13,40
44,14,169
44,15,231
44,19,28
44,20,16
44,21,356
44,22,301
44,23,278
44,24,101
44,25,6
44,27,248
44,28,122
44,31,255
44,33,247
44,34,368
44,39,306
44,40,264
44,42,28
44,43,106
44,45,15
44,47,108
44,49,94
44,50,296
44,51,288
44,52,366
44,53,78
44,54,384
44,55,295
44,56,227
44,57,169
44,58,346
44,59,326
44,60,154
44,61,325
44,62,219
44,64,164
44,67,272
44,69,392
44,70,331
44,73,357
44,74,20
44,76,303
44,83,319
44,88,10
44,89,1
44,91,184
44,94,67
44,96,359
44,99,379
44,101,314
44,102,254
44,107,139
44,108,261
44,111,5
44,116,188
44,119,145
44,121,184
44,123,310
44,124,241
44,127,118
44,128,107
44,132,179
44,136,310
44,140,46
44,147,197
44,149,225
44,152,14
44,154,93
44,159,354
44,165,227
44,166,266
44,170,386
44,171,150
44,173,366
44,175,5
44,176,139
44,182,177
44,184,285
44,189,64
44,190,83
44,191,385
45,5,30
45,6,45
45,8,124
45,9,109
45,10,179
45,11,247
45,12,67
45,14,5
45,16,275
45,17,1
45,19,2
45,20,102
45,21,147
45,22,111
45,23,168
45,25,129
45,26,156
45,27,282
45,28,240
45,30,280
45,31,148
45,32,315
45,33,38
45,34,14
45,36,251
45,39,253
45,40,213
45,42,148
45,44,15
45,47,143
45,48,68
45,49,60
45,51,394
45,52,137
45,54,27
45,55,204
45,56,232
45,57,100
45,58,259
45,60,276
45,62,36
45,63,108
45,67,346
45,68,104
45,69,165
45,73,32
45,75,32
45,77,293
45,78,368
45,79,89
45,81,38
45,83,384
45,84,293
45,85,255
45,86,301
45,87,136
45,89,373
45,91,97
45,95,362
45,96,284
45,100,14
45,101,171
45,103,289
45,104,16
45,106,247
45,111,119
45,112,154
45,113,176
45,114,122
45,116,345
45,117,306
45,121,138
45,124,260
45,128,272
45,133,283
45,137,258
45,139,38
45,155,45
45,157,332
45,163,359
45,169,19
45,179,19
45,183,294
45,188,95
45,191,117
45,196,78
45,198,112
46,1,377
46,2,152
46,4,370
46,6,18
46,10,206
46,11,128
46,13,37
46,14,355
46,15,196
46,16,204
46,17,305
46,18,287
46,20,245
46,23,175
46,24,367
46,26,375
46,27,305
46,28,113
46,29,223
46,30,236
46,32,110
46,34,252
46,35,364
46,36,85
46,37,96
46,38,135
46,39,81
46,41,140
46,42,269
46,47,394
46,49,110
46,53,203
46,55,87
46,56,257
46,57,162
46,58,309
46,59,94
46,60,303
46,65,84
46,67,319
46,71,381
46,72,225
46,74,383
46,75,269
46,80,23
46,82,241
46,83,234
46,84,263
46,85,272
46,86,347
46,88,289
46,92,83
46,94,216
46,95,385
46,99,7
46,100,322
46,103,393
46,108,59
46,109,63
46,112,262
46,117,59
46,118,106
46,119,132
46,121,107
46,133,138
46,134,131
46,137,378
46,139,325
46,141,177
46,144,246
46,146,44
46,147,375
46,150,205
46,151,84
46,157,305
46,158,254
46,159,312
46,162,283
46,163,85
46,167,283
46,178,79
46,184,333
46,188,327
46,193,119
47,3,114
47,4,49
47,6,395
47,7,257
47,8,376
47,9,77
47,10,132
47,11,230
47,13,144
47,14,374
47,17,279
47,18,8
47,19,165
47,21,131
47,22,119
47,23,190
47,24,340
47,25,326
47,32,89
47,33,280
47,34,133
47,35,96
47,36,16
47,38,223
47,39,135
47,42,177
47,44,108
47,45,143
47,46,394
47,49,176
47,50,48
47,52,276
47,54,272
47,56,200
47,57,13
47,58,350
47,59,328
47,61,59
47,62,322
47,65,215
47,66,396
47,67,200
47,68,153
47,69,312
47,70,101
47,71,320
47,76,79
47,80,131
47,82,269
47,83,279
47,84,232
47,88,318
47,89,212
47,92,97
47,98,360
47,99,200
47,100,3
47,102,73
47,103,390
47,105,390
47,107,400
47,108,211
47,114,157
47,115,10
47,116,333
47,118,281
47,120,299
47,125,244
47,130,37
47,135,69
47,137,31
47,139,340
47,140,200
47,147,373
47,148,218
47,152,367
47,153,16
47,161,345
47,169,23
47,171,88
47,174,375
47,177,184
47,181,316
47,183,209
47,189,14
47,196,365
48,1,198
48,2,363
48,3,180
48,4,365
48,5,28
48,8,86
48,10,13
48,11,217
48,12,127
48,14,5
48,15,286
48,17,173
48,18,346
48,20,383
48,22,111
48,23,153
48,24,225
48,25,65
48,26,90
48,27,310
48,29,263
48,30,376
48,31,273
48,32,368
48,34,170
48,35,334
48,36,77
48,37,64
48,38,173
48,39,144
48,42,192
48,45,68
48,49,72
48,51,291
48,52,122
48,53,2
48,55,30
48,56,225
48,57,143
48,62,395
48,63,387
48,68,122
48,69,143
48,71,87
48,75,325
48,79,10
48,80,124
48,81,285
48,84,173
48,85,339
48,87,235
48,91,178
48,92,372
48,93,63
