source,target,weight
1,2,199
1,3,190
1,4,4
1,6,7
1,8,89
1,9,127
1,10,351
1,11,32
1,13,139
1,14,23
1,15,248
1,18,83
1,19,158
1,20,368
1,22,325
1,23,253
1,24,193
1,27,39
1,28,105
1,29,287
1,30,187
1,32,324
1,34,45
1,35,330
1,37,308
1,49,177
1,52,324
1,56,186
1,57,195
1,60,128
1,64,140
1,66,244
1,73,322
1,74,297
1,77,69
1,83,368
1,87,8
1,95,74
1,96,79
1,99,131
1,114,339
1,116,375
1,118,251
1,123,95
1,134,294
1,138,238
1,139,326
1,140,256
1,143,201
1,145,337
1,146,381
1,154,54
1,168,371
1,170,196
1,180,339
1,184,287
1,193,72
1,194,56
1,196,361
1,197,288
2,1,199
2,3,164
2,4,353
2,5,129
2,6,299
2,7,324
2,8,244
2,9,183
2,10,47
2,11,399
2,13,240
2,14,289
2,17,206
2,20,323
2,21,191
2,25,184
2,26,237
2,28,206
2,31,33
2,33,323
2,34,111
2,35,208
2,36,129
2,37,124
2,38,343
2,39,169
2,41,109
2,45,351
2,51,3
2,54,77
2,58,290
2,62,138
2,64,284
2,67,109
2,68,132
2,70,182
2,72,68
2,74,344
2,75,190
2,84,181
2,92,66
2,95,138
2,99,147
2,100,210
2,118,219
2,121,305
2,122,255
2,135,8
2,138,76
2,158,159
2,160,110
2,169,272
2,173,299
2,179,241
2,187,19
2,191,366
3,1,190
3,2,164
3,4,168
3,6,101
3,7,144
3,8,208
3,12,152
3,13,253
3,14,37
3,15,289
3,16,77
3,17,224
3,18,334
3,19,306
3,21,2
3,23,372
3,24,367
3,26,186
3,27,355
3,29,33
3,31,185
3,32,299
3,36,28
3,38,189
3,42,191
3,45,263
3,47,48
3,48,242
3,52,12
3,53,272
3,54,72
3,65,337
3,68,316
3,72,93
3,76,322
3,77,2
3,82,330
3,86,282
3,90,383
3,95,226
3,120,108
3,127,160
3,132,175
3,133,269
3,137,396
3,145,19
3,147,326
3,148,94
3,152,277
3,153,352
3,166,391
3,170,127
3,175,212
4,1,4
4,2,353
4,3,168
4,5,23
4,6,268
4,8,342
4,10,163
4,11,250
4,12,221
4,15,263
4,16,23
4,17,110
4,20,95
4,21,332
4,24,201
4,25,249
4,26,175
4,28,304
4,30,282
4,31,86
4,33,314
4,34,235
4,37,248
4,40,332
4,41,50
4,42,148
4,45,4
4,46,263
4,48,39
4,51,342
4,55,97
4,57,104
4,60,191
4,61,39
4,67,116
4,71,7
4,73,379
4,76,268
4,78,271
4,79,134
4,87,186
4,88,239
4,92,292
4,96,95
4,97,393
4,105,60
4,107,351
4,109,52
4,118,41
4,121,299
4,123,383
4,124,365
4,128,206
4,130,372
4,137,100
4,155,316
4,164,151
4,165,208
4,166,195
4,167,36
4,169,57
4,176,115
4,177,329
4,179,285
4,187,273
4,190,397
4,193,325
5,2,129
5,4,23
5,7,67
5,8,35
5,9,283
5,10,322
5,14,124
5,17,188
5,18,84
5,19,118
5,20,130
5,24,203
5,26,71
5,27,336
5,28,219
5,29,237
5,30,215
5,32,169
5,33,289
5,34,351
5,39,203
5,40,64
5,41,121
5,42,18
5,44,390
5,46,144
5,47,56
5,55,201
5,56,378
5,59,272
5,62,81
5,66,138
5,72,327
5,75,293
5,81,42
5,84,315
5,85,285
5,86,363
5,88,198
5,91,298
5,99,20
5,102,241
5,103,297
5,104,361
5,109,397
5,112,66
5,116,270
5,117,238
5,122,135
5,128,25
5,135,136
5,136,57
5,143,197
5,155,54
5,157,223
5,158,181
5,179,198
5,197,331
6,1,7
6,2,299
6,3,101
6,4,268
6,8,45
6,10,194
6,11,331
6,12,47
6,14,400
6,16,296
6,17,306
6,19,97
6,20,316
6,21,354
6,23,259
6,24,253
6,25,122
6,28,177
6,29,32
6,30,166
6,31,360
6,32,161
6,33,351
6,35,162
6,36,305
6,38,217
6,42,184
6,43,18
6,45,75
6,47,146
6,48,358
6,51,255
6,54,82
6,57,55
6,58,94
6,62,215
6,67,233
6,69,86
6,71,53
6,72,24
6,74,66
6,80,79
6,85,60
6,89,357
6,91,361
6,93,351
6,97,355
6,101,54
6,102,391
6,103,262
6,113,30
6,125,340
6,129,375
6,136,334
6,144,245
6,145,55
6,147,54
6,148,215
6,152,366
6,162,11
6,186,147
6,187,195
6,197,136
7,2,324
7,3,144
7,5,67
7,8,217
7,9,66
7,11,177
7,12,6
7,13,397
7,14,13
7,15,141
7,18,13
7,20,314
7,21,353
7,24,359
7,26,261
7,27,51
7,29,356
7,31,299
7,33,226
7,34,157
7,35,32
7,37,248
7,38,121
7,39,134
7,40,85
7,41,173
7,42,189
7,43,367
7,50,359
7,52,41
7,55,121
7,61,190
7,64,330
7,68,275
7,69,315
7,73,234
7,78,384
7,80,307
7,81,195
7,82,46
7,89,384
7,96,10
7,97,367
7,112,371
7,114,213
7,127,157
7,134,117
7,139,123
7,146,140
7,149,68
7,150,72
7,152,162
7,157,36
7,159,14
7,163,127
7,165,89
7,168,221
7,177,326
7,189,94
8,1,89
8,2,244
8,3,208
8,4,342
8,5,35
8,6,45
8,7,217
8,9,15
8,10,313
8,12,26
8,13,96
8,16,264
8,17,330
8,18,302
8,20,164
8,21,280
8,22,249
8,23,278
8,25,160
8,26,102
8,28,246
8,29,400
8,31,344
8,33,37
8,34,291
8,36,120
8,37,391
8,40,26
8,44,15
8,52,365
8,60,213
8,62,339
8,73,63
8,75,182
8,80,67
8,86,320
8,97,78
8,99,303
8,101,371
8,106,90
8,107,63
8,112,181
8,114,348
8,116,95
8,119,246
8,120,236
8,122,213
8,133,369
8,134,353
8,138,79
8,163,114
8,166,240
8,172,179
8,176,217
8,184,18
8,186,374
9,1,127
9,2,183
9,5,283
9,7,66
9,8,15
9,10,214
9,11,42
9,12,108
9,16,228
9,17,193
9,18,69
9,19,370
9,21,26
9,22,270
9,23,115
9,25,74
9,26,172
9,27,104
9,28,263
9,30,335
9,31,205
9,32,319
9,35,177
9,36,3
9,41,256
9,44,38
9,45,390
9,47,362
9,49,78
9,50,328
9,51,15
9,53,343
9,54,84
9,58,249
9,64,266
9,65,388
9,66,260
9,67,56
9,70,395
9,76,32
9,78,242
9,82,348
9,86,18
9,89,180
9,97,343
9,106,242
9,107,292
9,109,98
9,112,61
9,116,255
9,118,198
9,121,244
9,139,380
9,145,348
9,148,330
9,154,382
9,157,261
9,159,252
9,161,137
9,166,262
9,199,191
10,1,351
10,2,47
10,4,163
10,5,322
10,6,194
10,8,313
10,9,214
10,14,164
10,16,380
10,17,382
10,19,383
10,20,394
10,21,198
10,24,25
10,25,365
10,27,86
10,29,109
10,30,397
10,31,143
10,32,319
10,33,27
10,34,233
10,35,262
10,36,342
10,37,366
10,40,234
10,43,237
10,44,197
10,46,225
10,47,228
10,48,277
10,50,384
10,52,310
10,55,332
10,56,62
10,59,74
10,60,383
10,61,172
10,62,120
10,64,85
10,67,194
10,68,363
10,71,106
10,74,130
10,76,303
10,77,140
10,79,106
10,83,86
10,88,13
10,94,71
10,97,105
10,99,321
10,103,135
10,111,97
10,128,230
10,131,389
10,132,213
10,151,95
10,152,326
10,158,257
10,171,217
10,178,90
10,199,6
11,1,32
11,2,399
11,4,250
11,6,331
11,7,177
11,9,42
11,12,184
11,13,219
11,14,231
11,15,156
11,16,199
11,18,124
11,19,279
11,20,201
11,21,150
11,22,32
11,24,126
11,25,63
11,27,101
11,30,119
11,34,78
11,37,40
11,41,77
11,46,51
11,48,158
11,50,39
11,54,215
11,55,296
11,56,375
11,57,344
11,58,254
11,64,136
11,67,176
11,69,46
11,71,61
11,77,261
11,80,377
11,82,32
11,87,341
11,92,290
11,95,323
11,106,284
11,117,138
11,122,224
11,140,338
11,150,92
11,165,12
11,171,289
11,182,115
11,192,49
11,196,257
11,198,262
12,3,152
12,4,221
12,6,47
12,7,6
12,8,26
12,9,108
12,11,184
12,13,143
12,14,355
12,15,76
12,16,394
12,17,203
12,18,66
12,20,250
12,22,147
12,23,392
12,25,312
12,26,332
12,27,104
12,28,85
12,30,258
12,32,261
12,33,172
12,34,273
12,35,371
12,40,162
12,41,270
12,43,190
12,45,128
12,47,208
12,48,254
12,49,44
12,52,110
12,54,399
12,55,92
12,58,120
12,59,113
12,64,20
12,65,165
12,72,178
12,75,110
12,77,247
12,78,145
12,81,339
12,82,265
12,86,38
12,87,392
12,89,45
12,94,110
12,99,385
12,101,339
12,103,302
12,105,388
12,112,145
12,117,220
12,124,255
12,125,1
12,149,45
12,160,46
12,190,307
12,196,15
12,197,146
12,198,231
13,1,139
13,2,240
13,3,253
13,7,397
13,8,96
13,11,219
13,12,143
13,14,45
13,15,125
13,16,37
13,17,37
13,18,184
13,21,313
13,22,132
13,23,71
13,24,6
13,26,110
13,29,317
13,33,296
13,34,233
13,36,134
13,39,244
13,40,79
13,42,310
13,45,269
13,46,346
13,48,265
13,51,185
13,53,150
13,58,215
13,61,211
13,63,83
13,68,146
13,69,310
13,70,18
13,74,179
13,82,306
13,83,86
13,88,255
13,91,60
13,95,159
13,100,355
13,104,205
13,107,27
13,121,295
13,122,141
13,124,164
13,136,161
13,137,194
13,148,156
13,156,63
13,158,305
13,190,35
13,191,176
13,197,157
13,198,142
14,1,23
14,2,289
14,3,37
14,5,124
14,6,400
14,7,13
14,10,164
14,11,231
14,12,355
14,13,45
14,15,280
14,16,168
14,19,362
14,20,16
14,22,199
14,23,399
14,24,265
14,25,348
14,28,313
14,29,93
14,32,91
14,33,367
14,36,190
14,38,75
14,39,57
14,40,339
14,41,273
14,42,311
14,45,269
14,46,261
14,49,173
14,52,24
14,55,252
14,56,123
14,57,228
14,59,268
14,63,174
14,64,395
14,65,194
14,68,124
14,69,345
14,74,84
14,80,219
14,81,224
14,86,270
14,93,180
14,95,44
14,96,179
14,101,3
14,104,46
14,106,284
14,113,248
14,125,215
14,132,327
14,139,279
14,156,322
14,166,377
14,172,328
14,177,121
14,178,37
14,181,153
14,185,370
14,199,257
15,1,248
15,3,289
15,4,263
15,7,141
15,11,156
15,12,76
15,13,125
15,14,280
15,16,277
15,17,133
15,18,206
15,19,310
15,23,329
15,24,119
15,27,45
15,29,129
15,33,254
15,34,184
15,39,189
15,42,315
15,43,54
15,44,358
15,48,5
15,50,398
15,51,190
15,53,22
15,57,205
15,59,38
15,61,313
15,62,16
15,66,122
15,74,171
15,76,105
15,78,324
15,89,136
15,91,52
15,96,221
15,98,66
15,100,132
15,102,172
15,104,44
15,108,187
15,111,38
15,112,145
15,115,265
15,119,48
15,120,203
15,132,169
15,135,259
15,161,368
15,162,224
15,167,96
15,169,147
15,174,299
15,192,268
15,199,144
15,200,193
16,3,77
16,4,23
16,6,296
16,8,264
16,9,228
16,10,380
16,11,199
16,12,394
16,13,37
16,14,168
16,15,277
16,17,156
16,18,269
16,21,332
16,22,206
16,23,370
16,25,256
16,27,172
16,29,311
16,30,377
16,31,152
16,32,308
16,34,102
16,35,373
16,36,233
16,38,353
16,39,345
16,40,390
16,48,87
16,49,300
16,51,207
16,53,117
16,56,246
16,62,175
16,65,18
16,75,48
16,76,197
16,79,14
16,81,271
16,83,395
16,84,62
16,89,355
16,91,248
16,93,40
16,98,241
16,101,17
16,109,140
16,110,58
16,113,198
16,114,255
16,118,207
16,148,236
16,151,304
16,160,99
16,162,209
16,165,217
16,174,158
16,180,162
16,195,133
17,2,206
17,3,224
17,4,110
17,5,188
17,6,306
17,8,330
17,9,193
17,10,382
17,12,203
17,13,37
17,15,133
17,16,156
17,18,73
17,19,282
17,20,241
17,21,357
17,22,190
17,23,389
17,24,248
17,25,289
17,26,145
17,27,236
17,30,194
17,34,162
17,35,351
17,36,286
17,37,196
17,38,153
17,39,159
17,41,120
17,43,259
17,51,46
17,53,236
17,54,144
17,58,179
17,61,368
17,63,74
17,65,300
17,68,311
17,69,371
17,72,32
17,73,276
17,79,142
17,80,141
17,82,36
17,90,388
17,92,391
17,96,112
17,99,92
17,104,68
17,107,318
17,109,292
17,120,314
17,124,214
17,127,1
17,128,263
17,130,362
17,138,196
17,139,263
17,143,102
17,146,29
17,150,156
17,159,120
17,160,36
17,176,198
17,180,103
17,188,186
17,189,207
17,190,20
17,200,254
18,1,83
18,3,334
18,5,84
18,7,13
18,8,302
18,9,69
18,11,124
18,12,66
18,13,184
18,15,206
18,16,269
18,17,73
18,19,104
18,21,182
18,22,40
18,23,31
18,25,375
18,26,329
18,28,210
18,29,173
18,30,237
18,31,157
18,32,345
18,33,269
18,34,168
18,37,232
18,38,2
18,39,343
18,40,196
18,41,154
18,42,62
18,43,131
18,46,231
18,49,156
18,50,237
18,52,29
18,53,203
18,55,62
18,56,31
18,57,249
18,60,339
18,65,217
18,67,335
18,73,336
18,74,299
18,76,381
18,84,285
18,87,249
18,92,346
18,95,240
18,96,233
18,98,47
18,100,111
18,112,27
18,113,239
18,118,141
18,120,240
18,121,360
18,131,139
18,147,250
18,148,63
18,154,393
18,156,309
18,163,183
18,164,48
18,165,154
18,170,329
18,195,136
18,200,304
19,1,158
19,3,306
19,5,118
19,6,97
19,9,370
19,10,383
19,11,279
19,14,362
19,15,310
19,17,282
19,18,104
19,22,88
19,23,46
19,25,1
19,26,241
19,27,160
19,28,9
19,30,207
19,31,4
19,32,40
19,34,215
19,40,12
19,44,116
19,48,135
19,52,391
19,58,203
19,59,185
19,60,254
19,65,43
19,66,39
19,68,315
19,70,260
19,72,142
19,75,394
19,76,127
19,87,202
19,88,282
19,93,244
19,94,369
19,96,337
19,105,37
19,106,142
19,107,276
19,117,137
19,124,150
19,133,183
19,139,119
19,144,388
19,146,387
19,153,357
19,156,231
19,157,117
19,199,260
20,1,368
20,2,323
20,4,95
20,5,130
20,6,316
20,7,314
20,8,164
20,10,394
20,11,201
20,12,250
20,14,16
20,17,241
20,24,156
20,25,322
20,26,158
20,27,348
20,28,349
20,29,96
20,32,261
20,37,265
20,38,357
20,42,225
20,45,195
20,48,400
20,51,263
20,54,292
20,57,197
20,59,386
20,63,260
20,67,242
20,72,352
20,73,146
20,74,65
20,79,188
20,83,68
20,88,207
20,103,168
20,106,247
20,110,360
20,111,358
20,118,344
20,122,229
20,134,340
20,136,258
20,139,160
20,144,345
20,147,248
20,161,115
20,163,129
20,170,20
20,171,259
20,183,30
20,186,126
20,193,5
20,200,40
21,2,191
21,3,2
21,4,332
21,6,354
21,7,353
21,8,280
21,9,26
21,10,198
21,11,150
21,13,313
21,16,332
21,17,357
21,18,182
21,22,216
21,23,69
21,25,10
21,26,132
21,27,100
21,28,381
21,30,365
21,31,268
21,35,113
21,37,172
21,38,177
21,39,354
21,41,2
21,42,204
21,43,33
21,44,255
21,45,296
21,46,386
21,47,227
21,52,258
21,54,390
21,64,188
21,69,368
21,71,120
21,77,232
21,88,23
21,94,20
21,104,25
21,105,122
21,108,183
21,109,26
21,110,340
21,111,78
21,120,32
21,122,250
21,124,66
21,126,235
21,137,28
21,141,337
21,152,378
21,153,386
21,156,349
21,161,175
21,168,345
21,176,89
21,178,364
21,183,215
21,189,344
21,190,393
21,191,239
21,194,324
22,1,325
22,8,249
22,9,270
22,11,32
22,12,147
22,13,132
22,14,199
22,16,206
22,17,190
22,18,40
22,19,88
22,21,216
22,23,365
22,24,50
22,25,277
22,30,28
22,32,391
22,34,322
22,35,337
22,37,80
22,38,31
22,40,15
22,42,110
22,46,380
22,48,148
22,49,316
22,51,213
22,53,355
22,54,35
22,56,353
22,57,321
22,58,212
22,70,87
22,73,108
22,78,25
22,87,25
22,91,327
22,93,166
22,108,366
22,110,153
22,116,82
22,121,140
22,128,296
22,131,251
22,133,117
22,136,163
22,143,343
22,145,52
22,146,204
22,148,325
22,153,180
22,169,60
22,176,226
22,182,325
22,190,367
23,1,253
23,3,372
23,6,259
23,8,278
23,9,115
23,12,392
23,13,71
23,14,399
23,15,329
23,16,370
23,17,389
23,18,31
23,19,46
23,21,69
23,22,365
23,24,5
23,25,336
23,26,109
23,27,41
23,28,87
23,31,79
23,35,242
23,37,336
23,38,371
23,40,9
23,42,156
23,44,46
23,52,343
23,53,6
23,57,32
23,58,366
23,65,111
23,70,259
23,75,96
23,78,346
23,79,182
23,80,378
23,82,101
23,88,361
23,91,210
23,93,290
23,94,143
23,97,132
23,102,283
23,104,22
23,111,83
23,131,326
23,132,250
23,133,278
23,140,185
23,161,182
23,167,398
23,171,369
23,182,372
23,188,175
23,189,257
24,1,193
24,3,367
24,4,201
24,5,203
24,6,253
24,7,359
24,10,25
24,11,126
24,13,6
24,14,265
24,15,119
24,17,248
24,20,156
24,22,50
24,23,5
24,25,37
24,27,215
24,30,87
24,31,154
24,39,224
24,40,366
24,48,211
24,50,183
24,51,356
24,53,123
24,55,301
24,56,366
24,57,269
24,59,219
24,61,303
24,64,375
24,68,20
24,69,178
24,71,44
24,75,302
24,82,287
24,83,254
24,90,107
24,93,201
24,96,306
24,97,342
24,102,297
24,103,279
24,112,198
24,116,42
24,121,373
24,132,374
24,135,300
24,137,181
24,138,22
24,140,208
24,176,116
24,178,389
24,186,347
24,189,90
24,191,107
25,2,184
25,4,249
25,6,122
25,8,160
25,9,74
25,10,365
25,11,63
25,12,312
25,14,348
25,16,256
25,17,289
25,18,375
25,19,1
25,20,322
25,21,10
25,22,277
25,23,336
25,24,37
25,27,282
25,28,52
25,29,282
25,31,193
25,32,257
25,36,284
25,38,117
25,39,212
25,40,207
25,41,177
25,43,218
25,47,123
25,48,397
25,49,228
25,56,113
25,57,151
25,58,84
25,61,273
25,63,50
25,67,23
25,72,210
25,78,32
25,79,46
25,81,315
25,86,119
25,90,82
25,95,214
25,100,387
25,102,64
25,103,88
25,104,144
25,113,101
25,116,200
25,125,99
25,131,372
25,134,55
25,135,387
25,136,179
25,138,304
25,142,219
25,149,260
25,152,133
25,157,329
25,160,141
25,163,291
25,167,235
25,178,161
25,179,21
25,181,210
25,185,367
26,2,237
26,3,186
26,4,175
26,5,71
26,7,261
26,8,102
26,9,172
26,12,332
26,13,110
26,17,145
26,18,329
26,19,241
26,20,158
26,21,132
26,23,109
26,33,38
26,34,182
26,36,63
26,37,97
26,38,348
26,42,325
26,43,67
26,45,280
26,46,399
26,47,66
26,52,381
26,55,275
26,58,11
26,59,12
26,64,361
26,69,180
26,70,157
26,71,12
26,75,85
26,76,10
26,78,281
26,79,396
26,81,201
26,82,253
26,86,358
26,91,214
26,98,111
26,111,97
26,113,264
26,116,113
26,118,345
26,119,149
26,121,164
26,122,240
26,125,222
26,130,252
26,131,57
26,132,123
26,142,70
26,144,79
26,149,335
26,151,263
26,152,295
26,157,212
26,158,150
26,165,80
26,166,134
26,169,208
26,173,135
26,181,229
26,182,146
26,185,44
26,200,10
27,1,39
27,3,355
27,5,336
27,7,51
27,9,104
27,10,86
27,11,101
27,12,104
27,15,45
27,16,172
27,17,236
27,19,160
27,20,348
27,21,100
27,23,41
27,24,215
27,25,282
27,28,357
27,29,315
27,30,80
27,33,77
27,34,268
27,35,289
27,36,320
27,41,307
27,44,234
27,46,64
27,47,361
27,48,384
27,51,44
27,52,234
27,53,157
27,54,166
27,58,53
27,60,278
27,62,349
27,63,385
27,64,285
27,69,132
27,75,217
27,76,150
27,82,332
27,84,271
27,85,14
27,88,92
27,90,32
27,91,36
27,94,326
27,105,362
27,107,382
27,109,318
27,114,34
27,115,163
27,119,349
27,122,237
27,123,384
27,127,297
27,135,174
27,137,80
27,146,87
27,153,206
27,168,167
27,196,123
27,197,18
28,1,105
28,2,206
28,4,304
28,5,219
28,6,177
28,8,246
28,9,263
28,12,85
28,14,313
28,18,210
28,19,9
28,20,349
28,21,381
28,23,87
28,25,52
28,27,357
28,29,300
28,32,262
28,33,12
28,34,373
28,35,296
28,37,91
28,41,145
28,42,151
28,44,364
28,48,169
28,49,270
28,51,166
28,53,246
28,57,23
28,58,96
28,63,162
28,66,34
28,67,122
28,70,285
28,73,91
28,77,118
28,84,175
28,89,261
28,93,270
28,94,132
28,97,314
28,112,119
28,113,38
28,119,191
28,120,294
28,124,8
28,128,298
28,130,67
28,131,314
28,135,314
28,144,66
28,146,258
28,150,118
28,153,23
28,154,9
28,168,170
28,176,132
28,181,236
28,185,169
28,194,89
29,1,287
29,3,33
29,5,237
29,6,32
29,7,356
29,8,400
29,10,109
29,13,317
29,14,93
29,15,129
29,16,311
29,18,173
29,20,96
29,25,282
29,27,315
29,28,300
29,30,188
29,31,341
29,32,293
29,33,174
29,38,231
29,40,351
29,42,168
29,44,125
29,49,109
29,51,348
29,52,113
29,55,198
29,57,117
29,58,41
29,61,28
29,62,82
29,72,108
29,75,343
29,76,45
29,77,216
29,78,69
29,82,359
29,83,285
29,84,279
29,88,173
29,89,323
29,93,241
29,94,12
29,95,229
29,103,343
29,106,182
29,107,369
29,118,390
29,119,95
29,126,383
29,131,281
29,141,306
29,154,221
29,156,260
29,159,220
29,160,352
29,175,13
29,184,80
29,187,98
29,189,133
29,197,192
30,1,187
30,4,282
30,5,215
30,6,166
30,9,335
30,10,397
30,11,119
30,12,258
30,16,377
30,17,194
30,18,237
30,19,207
30,21,365
30,22,28
30,24,87
30,27,80
30,29,188
30,33,94
30,35,308
30,36,234
30,37,147
30,39,158
30,45,148
30,50,366
30,54,49
30,55,288
30,56,190
30,57,125
30,59,194
30,60,292
30,68,112
30,69,152
30,72,275
30,75,39
30,77,390
30,84,238
30,86,291
30,89,272
30,96,320
30,99,98
30,108,13
30,115,279
30,120,24
30,122,218
30,124,247
30,140,18
30,143,179
30,151,101
30,161,272
30,175,319
30,177,163
30,184,172
30,188,142
30,191,36
31,2,33
31,3,185
31,4,86
31,6,360
31,7,299
31,8,344
31,9,205
31,10,143
31,16,152
31,18,157
31,19,4
31,21,268
31,23,79
31,24,154
31,25,193
31,29,341
31,32,57
31,35,208
31,36,334
31,37,26
31,40,286
31,42,88
31,44,41
31,45,108
31,50,103
31,51,258
31,52,383
31,54,327
31,60,35
31,61,227
31,63,219
31,67,267
31,69,307
31,74,398
31,78,110
31,81,334
31,83,309
31,84,358
31,85,119
31,91,53
31,100,317
31,111,63
31,116,356
31,117,390
31,118,378
31,141,239
31,148,393
32,1,324
32,3,299
32,5,169
32,6,161
32,9,319
32,10,319
32,12,261
32,14,91
32,16,308
32,18,345
32,19,40
32,20,261
32,22,391
32,25,257
32,28,262
32,29,293
32,31,57
32,33,100
32,34,187
32,37,194
32,38,74
32,39,3
32,40,182
32,42,179
32,43,301
32,47,240
32,54,134
32,59,18
32,60,18
32,61,6
32,62,148
32,63,226
32,70,279
32,72,251
32,74,254
32,80,210
32,81,63
32,85,15
32,92,355
32,98,379
32,112,140
32,114,353
32,116,222
32,128,399
32,129,396
32,147,320
32,153,234
32,166,125
32,168,351
32,172,239
32,178,387
32,200,136
33,2,323
33,4,314
33,5,289
33,6,351
33,7,226
33,8,37
33,10,27
33,12,172
33,13,296
33,14,367
33,15,254
33,18,269
33,26,38
33,27,77
33,28,12
33,29,174
33,30,94
33,32,100
33,34,325
33,35,193
33,38,192
33,39,147
33,42,28
33,44,346
33,46,199
33,47,140
33,49,18
33,50,315
33,51,181
33,53,324
33,55,28
33,56,149
33,63,29
33,66,51
33,67,288
33,68,365
33,71,358
33,79,391
33,80,35
33,86,36
33,87,186
33,88,246
33,94,250
33,102,111
33,105,273
33,109,256
33,113,362
33,115,231
33,116,371
33,139,143
33,141,260
33,157,3
33,161,362
33,166,109
33,180,367
33,183,140
33,198,284
33,200,399
34,1,45
34,2,111
34,4,235
34,5,351
34,7,157
34,8,291
34,10,233
34,11,78
34,12,273
34,13,233
34,15,184
34,16,102
34,17,162
34,18,168
34,19,215
34,22,322
34,26,182
34,27,268
34,28,373
34,32,187
34,33,325
34,35,73
34,36,321
34,38,395
34,39,92
34,43,168
34,44,79
34,47,233
34,49,382
34,50,325
34,51,68
34,53,89
34,55,281
34,56,257
34,61,287
34,62,128
34,64,115
34,67,388
34,68,138
34,69,212
34,70,204
34,72,69
34,74,355
34,76,306
34,81,380
34,82,292
34,84,101
34,91,334
34,101,128
34,107,327
34,109,231
34,116,18
34,120,106
34,123,72
34,133,392
34,141,365
34,142,61
34,148,89
34,151,168
34,153,244
34,170,7
34,174,101
34,183,72
35,1,330
35,2,208
35,6,162
35,7,32
35,9,177
35,10,262
35,12,371
35,16,373
35,17,351
35,21,113
35,22,337
35,23,242
35,27,289
35,28,296
35,30,308
35,31,208
35,33,193
35,34,73
35,36,254
35,37,291
35,45,381
35,46,251
35,47,323
35,48,294
35,49,189
35,50,153
35,57,139
35,58,287
35,59,180
35,61,359
35,62,309
35,63,274
35,66,17
35,68,41
35,69,202
35,72,355
35,74,344
35,78,214
35,93,10
35,96,57
35,99,343
35,105,51
35,110,172
35,115,156
35,121,305
35,129,278
35,131,320
35,162,38
35,173,327
35,174,159
35,184,34
35,187,233
36,2,129
36,3,28
36,6,305
36,8,120
36,9,3
36,10,342
36,13,134
36,14,190
36,16,233
36,17,286
36,25,284
36,26,63
36,27,320
36,30,234
36,31,334
36,34,321
36,35,254
36,39,34
36,44,60
36,45,394
36,46,373
36,47,265
36,48,228
36,53,140
36,54,245
36,58,354
36,59,81
36,60,358
36,61,351
36,65,50
36,67,341
36,71,187
36,73,229
36,74,19
36,76,244
36,85,21
36,86,80
36,91,125
36,95,34
36,99,285
36,105,98
36,110,371
36,111,258
36,115,150
36,118,227
36,120,145
36,121,251
36,127,306
36,134,136
36,142,372
36,143,279
36,145,41
36,150,142
36,153,298
36,157,382
36,173,355
36,177,4
36,178,243
36,184,44
36,188,236
36,189,86
36,192,238
36,194,208
36,195,80
36,199,126
37,1,308
37,2,124
37,4,248
37,7,248
37,8,391
37,10,366
37,11,40
37,17,196
37,18,232
37,20,265
37,21,172
37,22,80
37,23,336
37,26,97
37,28,91
37,30,147
37,31,26
37,32,194
37,35,291
37,39,226
37,40,18
37,43,376
37,46,366
37,52,191
37,54,349
37,55,300
37,57,372
37,60,222
37,61,83
37,66,189
37,68,43
37,69,283
37,71,352
37,73,76
37,75,32
37,77,322
37,85,215
37,88,68
37,92,352
37,93,341
37,98,5
37,100,274
37,101,387
37,102,327
37,104,155
37,108,305
37,109,347
37,112,13
37,123,64
37,128,64
37,133,297
37,136,103
37,144,49
37,145,90
37,146,143
37,147,142
37,150,126
37,153,102
37,155,244
37,166,36
37,187,155
37,188,344
37,198,1
37,199,326
38,2,343
38,3,189
38,6,217
38,7,121
38,14,75
38,16,353
38,17,153
38,18,2
38,20,357
38,21,177
38,22,31
38,23,371
38,25,117
38,26,348
38,29,231
38,32,74
38,33,192
38,34,395
38,41,63
38,42,292
38,45,212
38,47,206
38,49,391
38,52,280
38,53,229
38,55,320
38,62,303
38,64,85
38,68,158
38,71,222
38,76,65
38,81,204
38,84,123
38,86,377
38,89,347
38,97,278
38,118,25
38,119,256
38,129,229
38,132,379
38,133,251
38,134,222
38,138,55
38,141,122
38,145,331
38,146,227
38,147,27
38,149,112
38,152,166
38,164,399
38,167,299
38,179,312
38,182,180
38,189,307
38,191,10
39,2,169
39,5,203
39,7,134
39,13,244
39,14,57
39,15,189
39,16,345
39,17,159
39,18,343
39,21,354
39,24,224
39,25,212
39,30,158
39,32,3
39,33,147
39,34,92
39,36,34
39,37,226
39,42,238
39,43,317
39,44,310
39,45,338
39,46,301
39,47,12
39,48,354
39,49,256
39,50,134
39,51,264
39,53,191
39,56,129
39,57,207
39,64,186
39,69,272
39,73,30
39,77,213
39,80,87
39,87,242
39,90,76
39,92,156
39,99,383
39,105,68
39,113,315
39,114,36
39,115,248
39,121,99
39,123,9
39,129,346
39,131,312
39,136,66
39,137,141
39,140,308
39,154,299
39,172,48
39,173,163
39,189,249
39,192,238
40,4,332
40,5,64
40,7,85
40,8,26
40,10,234
40,12,162
40,13,79
40,14,339
40,16,390
40,18,196
40,19,12
40,22,15
40,23,9
40,24,366
40,25,207
40,29,351
40,31,286
40,32,182
40,37,18
40,41,333
40,43,193
40,45,231
40,46,70
40,49,173
40,50,85
40,52,327
40,54,178
40,55,378
40,56,320
40,59,197
40,62,201
40,63,304
40,65,146
40,66,318
40,68,27
40,71,51
40,74,374
40,75,203
40,80,396
40,90,394
40,91,146
40,92,216
40,96,290
40,97,36
40,101,25
40,129,115
40,130,350
40,134,122
40,138,376
40,146,58
40,150,169
40,161,251
40,164,165
40,181,313
40,191,197
40,193,332
40,197,124
41,2,109
41,4,50
41,5,121
41,7,173
41,9,256
41,11,77
41,12,270
41,14,273
41,17,120
41,18,154
41,21,2
41,25,177
41,27,307
41,28,145
41,38,63
41,40,333
41,43,93
41,46,246
41,48,294
41,55,390
41,61,123
41,62,171
41,65,313
41,67,77
41,70,352
41,75,100
41,78,234
41,82,107
41,85,32
41,87,371
41,92,375
41,110,138
41,114,351
41,117,237
41,126,7
41,130,355
41,132,292
41,136,35
41,139,352
41,140,327
41,149,305
41,151,334
41,155,5
41,160,157
41,163,40
41,179,198
41,183,144
41,189,120
42,3,191
42,4,148
42,5,18
42,6,184
42,7,189
42,13,310
42,14,311
42,15,315
42,18,62
42,20,225
42,21,204
42,22,110
42,23,156
42,26,325
42,28,151
42,29,168
42,31,88
42,32,179
42,33,28
42,38,292
42,39,238
42,43,204
42,44,126
42,45,345
42,47,371
42,52,39
42,56,385
42,62,6
42,68,222
42,71,5
42,72,358
42,81,278
42,84,3
42,86,321
42,89,63
42,93,128
42,97,30
42,106,2
42,111,255
42,112,309
42,114,53
42,119,209
42,123,7
42,125,261
42,127,76
42,131,180
42,158,280
42,164,85
42,169,308
42,172,207
42,183,319
42,191,261
42,195,173
43,6,18
43,7,367
43,10,237
43,12,190
43,15,54
43,17,259
43,18,131
43,21,33
43,25,218
43,26,67
43,32,301
43,34,168
43,37,376
43,39,317
43,40,193
43,41,93
43,42,204
43,44,227
43,45,273
43,46,361
43,47,334
43,49,321
43,51,6
43,53,363
43,59,70
43,61,36
43,62,246
43,63,15
43,67,62
43,68,351
43,69,348
43,70,103
43,71,87
43,77,282
43,83,290
43,84,304
43,86,246
43,87,77
43,91,377
43,92,154
43,95,374
43,107,367
43,110,224
43,111,145
43,128,393
43,129,157
43,131,189
43,133,26
43,137,169
43,144,249
43,155,397
43,156,210
43,180,350
43,182,194
43,193,400
44,5,390
44,8,15
44,9,38
44,10,197
44,15,358
44,19,116
44,21,255
44,23,46
44,27,234
44,28,364
44,29,125
44,31,41
44,33,346
44,34,79
44,36,60
44,39,310
44,42,126
44,43,227
44,47,97
44,49,276
44,55,387
44,60,383
44,65,66
44,66,160
44,67,280
44,71,20
44,72,15
44,73,200
44,79,319
44,80,184
44,81,256
44,84,68
44,88,110
44,92,196
44,102,264
44,104,355
44,110,190
44,114,87
44,117,21
44,119,314
44,124,285
44,133,362
44,135,340
44,147,340
44,153,205
44,163,302
44,170,150
44,180,329
44,182,83
44,186,38
44,187,65
44,190,257
45,2,351
45,3,263
45,4,4
45,6,75
45,9,390
45,12,128
45,13,269
45,14,269
45,20,195
45,21,296
45,26,280
45,30,148
45,31,108
45,35,381
45,36,394
45,38,212
45,39,338
45,40,231
45,42,345
45,43,273
45,47,149
45,48,292
45,55,350
45,58,6
45,63,109
45,66,5
45,71,245
45,72,65
45,76,92
45,79,226
45,80,354
45,89,148
45,90,146
45,92,44
45,99,279
45,100,261
45,106,60
45,108,376
45,109,359
45,118,247
45,120,164
45,126,315
45,131,141
45,133,375
45,135,72
45,140,174
45,141,87
45,145,267
45,167,229
45,168,318
45,177,177
45,186,300
46,4,263
46,5,144
46,10,225
46,11,51
46,13,346
46,14,261
46,18,231
46,21,386
46,22,380
46,26,399
46,27,64
46,33,199
46,35,251
46,36,373
46,37,366
46,39,301
46,40,70
46,41,246
46,43,361
46,50,172
46,53,71
46,59,51
46,66,69
46,69,374
46,70,354
46,71,285
46,74,226
46,84,29
46,95,18
46,98,375
46,100,338
46,102,341
46,117,16
46,118,168
46,134,70
46,146,140
46,147,375
46,148,43
46,160,171
46,164,390
46,176,288
46,178,168
46,184,200
46,192,34
47,3,48
47,5,56
47,6,146
47,9,362
47,10,228
47,12,208
47,21,227
47,25,123
47,26,66
47,27,361
47,32,240
47,33,140
47,34,233
47,35,323
47,36,265
47,38,206
47,39,12
47,42,371
47,43,334
47,44,97
47,45,149
47,51,33
47,52,317
47,53,58
47,55,125
47,56,314
47,57,143
47,59,68
47,60,92
47,62,378
47,64,311
47,65,256
47,66,337
47,67,60
47,69,199
47,70,303
47,75,249
47,78,273
47,81,8
47,87,43
47,95,1
47,98,327
47,100,126
47,106,337
47,107,320
47,117,152
47,126,25
47,146,63
47,177,78
47,181,179
47,184,18
47,199,330
48,3,242
48,4,39
48,6,358
48,10,277
48,11,158
48,12,254
48,13,265
48,15,5
48,16,87
48,19,135
48,20,400
48,22,148
48,24,211
48,25,397
48,27,384
48,28,169
48,35,294
48,36,228
48,39,354
48,41,294
48,45,292
48,51,315
48,52,209
48,53,358
48,56,27
48,71,340
48,77,34
48,78,353
48,86,163
48,92,388
48,93,150
48,95,67
48,98,183
48,101,203
48,103,260
48,107,179
48,111,59
48,114,11
48,125,289
48,126,321
48,130,137
48,135,11
48,138,370
48,143,246
48,149,173
48,152,350
48,162,364
48,184,63
48,191,313
49,1,177
49,9,78
49,12,44
49,14,173
49,16,300
49,18,156
49,22,316
49,25,228
49,28,270
49,29,109
49,33,18
49,34,382
49,35,189
49,38,391
49,39,256
49,40,173
49,43,321
49,44,276
49,50,51
49,53,144
49,56,333
49,60,127
49,62,112
49,70,212
49,76,312
49,80,96
49,84,22
49,85,253
49,87,124
49,90,218
49,91,60
49,98,388
49,103,146
49,106,321
49,107,249
49,108,382
49,112,160
49,116,175
49,119,45
49,135,68
49,140,82
49,148,113
49,154,131
49,156,42
49,158,23
49,159,4
49,164,191
49,166,21
49,172,336
49,174,277
49,178,27
49,191,382
49,196,228
49,197,240
49,199,323
50,7,359
50,9,328
50,10,384
50,11,39
50,15,398
50,18,237
50,24,183
50,30,366
50,31,103
50,33,315
50,34,325
50,35,153
50,39,134
50,40,85
50,46,172
50,49,51
50,63,209
50,67,308
50,71,294
50,74,47
50,83,217
50,86,235
50,87,335
50,90,391
50,93,354
50,102,304
50,106,368
50,107,165
50,112,190
50,117,224
50,123,220
50,132,264
50,136,115
50,141,131
50,151,397
50,154,96
50,160,150
50,162,39
50,171,57
50,173,226
50,179,82
50,182,7
50,184,335
50,190,213
50,192,307
50,196,140
50,198,141
51,2,3
51,4,342
51,6,255
51,9,15
51,13,185
51,15,190
51,16,207
51,17,46
51,20,263
51,22,213
51,24,356
51,27,44
51,28,166
51,29,348
51,31,258
51,33,181
51,34,68
51,39,264
51,43,6
51,47,33
51,48,315
51,52,301
51,60,68
51,61,202
51,64,132
51,65,56
51,67,246
51,71,303
51,73,325
51,79,220
51,96,234
51,101,332
51,109,97
51,113,379
51,115,232
51,117,112
51,121,34
51,128,377
51,134,360
51,135,250
51,140,229
51,146,183
51,151,29
51,163,368
51,174,151
51,179,74
51,181,222
51,186,342
51,187,31
51,198,182
52,1,324
52,3,12
52,7,41
52,8,365
52,10,310
52,12,110
52,14,24
52,18,29
52,19,391
52,21,258
52,23,343
52,26,381
52,27,234
52,29,113
52,31,383
52,37,191
52,38,280
52,40,327
52,42,39
52,47,317
52,48,209
52,51,301
52,54,81
52,57,375
52,58,392
52,59,212
52,60,85
52,66,140
52,77,172
52,78,150
52,80,140
52,89,113
52,94,212
52,96,36
52,100,184
52,103,325
52,113,395
52,118,345
52,123,323
52,124,242
52,125,371
52,126,322
52,141,113
52,144,336
52,165,311
52,172,44
52,190,16
52,193,98
53,3,272
53,9,343
53,13,150
53,15,22
53,16,117
53,17,236
53,18,203
53,22,355
53,23,6
53,24,123
53,27,157
53,28,246
53,33,324
53,34,89
53,36,140
53,38,229
53,39,191
53,43,363
53,46,71
53,47,58
53,48,358
53,49,144
53,57,284
53,59,398
53,61,354
53,63,238
53,65,5
53,68,271
53,70,102
53,76,187
53,79,67
53,81,340
53,84,81
53,87,113
53,88,320
53,89,322
53,90,237
53,97,59
53,98,376
53,106,58
53,111,147
53,114,248
53,135,147
53,141,130
53,149,8
53,151,26
53,170,397
53,177,343
53,186,223
53,193,98
54,2,77
54,3,72
54,6,82
54,9,84
54,11,215
54,12,399
54,17,144
54,20,292
54,21,390
54,22,35
54,27,166
54,30,49
54,31,327
54,32,134
54,36,245
54,37,349
54,40,178
54,52,81
54,58,374
54,59,322
54,64,288
54,66,50
54,67,340
54,73,27
54,75,331
54,79,325
54,89,178
54,93,179
54,98,162
54,107,203
54,110,300
54,113,167
54,115,131
54,117,362
54,123,326
54,131,353
54,150,332
54,165,111
54,177,28
55,4,97
55,5,201
55,7,121
55,10,332
55,11,296
55,12,92
55,14,252
55,18,62
55,24,301
55,26,275
55,29,198
55,30,288
55,33,28
55,34,281
55,37,300
55,38,320
55,40,378
55,41,390
55,44,387
55,45,350
55,47,125
55,58,188
55,60,209
55,63,269
55,67,204
55,70,225
55,72,351
55,73,254
55,74,400
55,76,77
55,77,399
55,81,318
55,82,317
55,85,186
55,94,338
55,98,366
55,103,11
55,110,222
55,120,96
55,121,185
55,124,118
55,126,76
55,127,216
55,129,285
55,137,393
55,155,325
55,158,84
55,162,399
55,165,256
55,171,20
55,173,162
55,183,274
55,189,317
56,1,186
56,5,378
56,10,62
56,11,375
56,14,123
56,16,246
56,18,31
56,22,353
56,24,366
56,25,113
56,30,190
56,33,149
56,34,257
56,39,129
56,40,320
56,42,385
56,47,314
56,48,27
56,49,333
56,61,372
56,65,5
56,68,263
56,71,259
56,77,175
56,80,197
56,86,370
56,88,116
56,95,14
56,98,260
56,99,144
56,109,224
56,111,394
56,114,100
56,123,53
56,130,206
56,147,20
56,158,264
56,159,380
56,162,160
56,164,340
56,171,169
56,172,17
56,178,266
56,182,256
56,196,84
57,1,195
57,4,104
57,6,55
57,11,344
57,14,228
57,15,205
57,18,249
57,20,197
57,22,321
57,23,32
57,24,269
57,25,151
57,28,23
57,29,117
57,30,125
57,35,139
57,37,372
57,39,207
57,47,143
57,52,375
57,53,284
57,59,80
57,60,209
57,62,197
57,63,45
57,74,139
57,78,153
57,83,24
57,87,170
57,90,118
57,92,183
57,94,376
57,97,90
57,101,28
57,103,40
57,106,118
57,120,260
57,121,155
57,124,357
57,125,167
57,130,324
57,136,250
57,139,165
57,140,14
57,153,119
57,165,288
57,166,371
57,167,349
57,173,389
57,180,55
57,183,350
57,185,78
57,186,76
57,189,328
57,195,238
58,2,290
58,6,94
58,9,249
58,11,254
58,12,120
58,13,215
58,17,179
58,19,203
58,22,212
58,23,366
58,25,84
58,26,11
58,27,53
58,28,96
58,29,41
58,35,287
58,36,354
58,45,6
58,52,392
58,54,374
58,55,188
58,61,19
58,62,96
58,69,316
58,70,127
58,82,258
58,85,225
58,86,185
58,89,214
58,90,299
58,103,319
58,110,344
58,112,340
58,126,280
58,128,194
58,130,333
58,131,138
58,138,20
58,144,161
58,151,141
58,158,29
58,164,224
58,175,68
58,196,131
59,5,272
59,10,74
59,12,113
59,14,268
59,15,38
59,19,185
59,20,386
59,24,219
59,26,12
59,30,194
59,32,18
59,35,180
59,36,81
59,40,197
59,43,70
59,46,51
59,47,68
59,52,212
59,53,398
59,54,322
59,57,80
59,63,93
59,66,7
59,67,9
59,73,280
59,76,329
59,77,249
59,82,282
59,83,79
59,86,62
59,93,254
59,105,253
59,106,217
59,115,385
59,130,365
59,135,103
59,141,292
59,149,328
59,154,262
59,160,361
59,164,357
59,170,119
59,184,257
59,196,146
59,197,226
60,1,128
60,4,191
60,8,213
60,10,383
60,18,339
60,19,254
60,27,278
60,30,292
60,31,35
60,32,18
60,36,358
60,37,222
60,44,383
60,47,92
60,49,127
60,51,68
60,52,85
60,55,209
60,57,209
60,62,301
60,63,263
60,65,379
60,68,221
60,77,388
60,85,256
60,87,173
60,95,316
60,98,85
60,100,184
60,102,71
60,104,28
60,107,287
60,108,162
60,111,311
60,113,238
60,114,226
60,117,170
60,124,165
60,130,58
60,133,24
60,134,154
60,140,135
60,145,266
60,149,16
60,151,391
60,152,229
60,154,336
60,163,174
60,177,366
60,192,46
60,198,277
61,4,39
61,7,190
61,10,172
61,13,211
61,15,313
61,17,368
61,24,303
61,25,273
61,29,28
61,31,227
61,32,6
61,34,287
61,35,359
61,36,351
61,37,83
61,41,123
61,43,36
61,51,202
61,53,354
61,56,372
61,58,19
61,62,241
61,64,262
61,65,161
61,69,39
61,70,115
61,81,231
61,84,49
61,85,92
61,89,63
61,90,295
61,99,250
61,102,263
61,104,174
61,105,327
61,108,363
61,109,96
61,110,101
61,112,158
61,130,367
61,131,109
61,137,69
61,142,156
61,147,42
61,158,140
61,187,315
61,190,342
61,194,287
62,2,138
62,5,81
62,6,215
62,8,339
62,10,120
62,15,16
62,16,175
62,27,349
62,29,82
62,32,148
62,34,128
62,35,309
62,38,303
62,40,201
62,41,171
62,42,6
62,43,246
62,47,378
62,49,112
62,57,197
62,58,96
62,60,301
62,61,241
62,64,84
62,82,184
62,91,351
62,94,55
62,97,201
62,98,217
62,101,82
62,102,41
62,108,296
62,110,122
62,112,185
62,113,28
62,115,2
62,120,339
62,121,286
62,143,26
62,144,235
62,151,279
62,152,391
62,157,219
62,162,142
62,166,149
62,169,316
62,195,112
63,13,83
63,14,174
63,17,74
63,20,260
63,25,50
63,27,385
63,28,162
63,31,219
63,32,226
63,33,29
63,35,274
63,40,304
63,43,15
63,45,109
63,50,209
63,53,238
63,55,269
63,57,45
63,59,93
63,60,263
63,65,148
63,72,163
63,73,299
63,76,131
63,80,32
63,82,258
63,84,153
63,88,363
63,90,50
63,101,46
63,104,202
63,108,232
63,111,140
63,113,360
63,120,159
63,125,84
63,127,60
63,128,109
63,129,85
63,131,185
63,135,47
63,148,29
63,157,28
63,160,313
64,1,140
64,2,284
64,7,330
64,9,266
64,10,85
64,11,136
64,12,20
64,14,395
64,21,188
64,24,375
64,26,361
64,27,285
64,34,115
64,38,85
64,39,186
64,47,311
64,51,132
64,54,288
64,61,262
64,62,84
64,65,226
64,66,266
64,70,214
64,73,48
64,77,19
64,79,119
64,80,41
64,83,77
64,85,216
64,93,222
64,101,282
64,105,267
64,110,234
64,112,30
64,113,347
64,115,388
64,125,190
64,129,379
64,140,374
64,153,95
64,163,301
64,179,252
64,185,182
64,188,217
65,3,337
65,9,388
65,12,165
65,14,194
65,16,18
65,17,300
65,18,217
65,19,43
65,23,111
65,36,50
65,40,146
65,41,313
65,44,66
65,47,256
65,51,56
65,53,5
65,56,5
65,60,379
65,61,161
65,63,148
65,64,226
65,66,378
65,67,130
65,72,28
65,73,191
65,74,40
65,75,91
65,76,32
65,77,367
65,79,325
65,80,269
65,88,179
65,89,245
65,91,273
65,92,379
65,94,71
65,96,301
65,100,36
65,105,39
65,125,218
65,191,142
65,192,354
65,195,170
65,200,35
66,1,244
66,5,138
66,9,260
66,15,122
66,19,39
66,28,34
66,33,51
66,35,17
66,37,189
66,40,318
66,44,160
66,45,5
66,46,69
66,47,337
66,52,140
66,54,50
66,59,7
66,64,266
66,65,378
66,72,121
66,73,81
66,77,192
66,85,100
66,90,101
66,94,389
66,96,45
66,98,30
66,99,129
66,105,209
66,111,173
66,114,197
66,116,350
66,123,236
66,127,306
66,128,115
66,139,347
66,148,9
66,152,332
66,156,355
66,178,306
66,185,304
66,193,292
66,196,345
66,198,248
66,200,196
67,2,109
67,4,116
67,6,233
67,9,56
67,10,194
67,11,176
67,18,335
67,20,242
67,25,23
67,28,122
67,31,267
67,33,288
67,34,388
67,36,341
67,41,77
67,43,62
67,44,280
67,47,60
67,50,308
67,51,246
67,54,340
67,55,204
67,59,9
67,65,130
67,69,251
67,74,306
67,75,389
67,78,164
67,79,370
67,83,245
67,86,299
67,92,74
67,93,263
67,97,68
67,101,147
67,108,193
67,110,77
67,113,25
67,115,383
67,116,199
67,120,388
67,126,73
67,128,389
67,134,319
67,138,105
67,139,275
67,143,102
67,145,19
67,154,124
67,161,284
67,166,361
67,180,53
67,183,381
67,185,174
67,187,114
67,200,144
68,2,132
68,3,316
68,7,275
68,10,363
68,13,146
68,14,124
68,17,311
68,19,315
68,24,20
68,30,112
68,33,365
68,34,138
68,35,41
68,37,43
68,38,158
68,40,27
68,42,222
68,43,351
68,53,271
68,56,263
68,60,221
68,71,112
68,72,343
68,74,268
68,79,143
68,81,194
68,84,19
68,86,363
68,97,82
68,100,205
68,107,201
68,109,393
68,112,239
68,113,362
68,116,278
68,118,62
68,121,9
68,122,320
68,125,222
68,134,216
68,138,296
68,145,32
68,147,226
68,148,200
68,165,91
68,185,22
68,189,109
69,6,86
69,7,315
69,11,46
69,13,310
69,14,345
69,17,371
69,21,368
69,24,178
69,26,180
69,27,132
69,30,152
69,31,307
69,34,212
69,35,202
69,37,283
69,39,272
69,43,348
69,46,374
69,47,199
69,58,316
69,61,39
69,67,251
69,75,384
69,76,230
69,77,299
69,81,365
69,83,3
69,85,393
69,92,107
69,93,147
69,94,97
69,96,110
69,101,374
69,102,365
69,118,56
69,126,213
69,135,108
69,141,111
69,149,96
69,159,229
69,161,12
69,174,143
69,178,221
69,179,154
69,180,198
69,185,45
69,187,325
69,193,95
70,2,182
70,9,395
70,13,18
70,19,260
70,22,87
70,23,259
70,26,157
70,28,285
70,32,279
70,34,204
70,41,352
70,43,103
70,46,354
70,47,303
70,49,212
70,53,102
70,55,225
70,58,127
70,61,115
70,64,214
70,71,88
70,75,262
70,78,348
70,79,327
70,82,377
70,83,110
70,88,157
70,100,30
70,109,181
70,115,168
70,120,350
70,121,371
70,126,386
70,177,319
70,180,140
71,4,7
71,6,53
71,10,106
71,11,61
71,21,120
71,24,44
71,26,12
71,33,358
71,36,187
71,37,352
71,38,222
71,40,51
71,42,5
71,43,87
71,44,20
71,45,245
71,46,285
71,48,340
71,50,294
71,51,303
71,56,259
71,68,112
71,70,88
71,76,348
71,78,234
71,79,48
71,82,400
71,84,268
71,90,19
71,91,272
71,99,226
71,106,215
71,108,137
71,110,267
71,111,377
71,115,338
71,124,46
71,125,181
71,128,138
71,134,229
71,151,356
71,156,365
71,159,41
71,167,343
71,169,320
71,195,288
72,2,68
72,3,93
72,5,327
72,6,24
72,12,178
72,17,32
72,19,142
72,20,352
72,25,210
72,29,108
72,30,275
72,32,251
72,34,69
72,35,355
72,42,358
72,44,15
72,45,65
72,55,351
72,63,163
72,65,28
72,66,121
72,68,343
72,74,97
72,78,287
72,87,292
72,90,240
72,94,23
72,95,212
72,97,226
72,99,248
72,100,77
72,105,388
72,114,332
72,116,90
72,118,27
72,126,300
72,130,338
72,133,256
72,142,105
72,144,299
72,148,284
72,156,98
72,161,93
72,172,352
72,174,353
72,177,351
72,188,128
72,198,308
73,1,322
73,4,379
73,7,234
73,8,63
73,17,276
73,18,336
73,20,146
73,22,108
73,28,91
73,36,229
73,37,76
73,39,30
73,44,200
73,51,325
73,54,27
73,55,254
73,59,280
73,63,299
73,64,48
73,65,191
73,66,81
73,75,167
73,77,155
73,80,278
73,83,255
73,84,315
73,90,363
73,92,332
73,102,72
73,104,154
73,108,280
73,114,287
73,119,79
73,123,286
73,129,369
73,132,156
73,134,379
73,136,244
73,141,257
73,155,121
73,159,347
73,173,298
73,184,80
73,186,41
73,188,382
73,197,310
74,1,297
74,2,344
74,6,66
74,10,130
74,13,179
74,14,84
74,15,171
74,18,299
74,20,65
74,31,398
74,32,254
74,34,355
74,35,344
74,36,19
74,40,374
74,46,226
74,50,47
74,55,400
74,57,139
74,65,40
74,67,306
74,68,268
74,72,97
74,82,24
74,88,399
74,89,58
74,92,177
74,100,120
74,101,281
74,103,46
74,104,305
74,108,72
74,110,300
74,113,5
74,119,126
74,134,236
74,155,91
74,156,107
74,161,171
74,170,56
74,171,326
74,173,24
74,174,232
74,184,246
74,186,79
74,190,281
74,198,95
74,199,158
75,2,190
75,5,293
75,8,182
75,12,110
75,16,48
75,19,394
75,23,96
75,24,302
75,26,85
75,27,217
75,29,343
75,30,39
75,37,32
75,40,203
75,41,100
75,47,249
75,54,331
75,65,91
75,67,389
75,69,384
75,70,262
75,73,167
75,87,35
75,97,84
75,98,361
75,100,146
75,106,52
75,108,186
75,109,186
75,111,24
75,121,350
75,122,76
75,136,107
75,139,318
75,150,377
75,157,387
75,159,86
75,165,329
75,198,291
76,3,322
76,4,268
76,9,32
76,10,303
76,15,105
76,16,197
76,18,381
76,19,127
76,26,10
76,27,150
76,29,45
76,34,306
76,36,244
76,38,65
76,45,92
76,49,312
76,53,187
76,55,77
76,59,329
76,63,131
76,65,32
76,69,230
76,71,348
76,79,142
76,80,190
76,84,327
76,85,167
76,90,400
76,91,393
76,96,353
