source,target,weight
1,2,206
1,3,110
1,4,128
1,5,94
1,6,34
1,7,191
1,8,183
1,9,206
1,10,362
1,11,194
1,13,86
1,14,282
1,15,133
1,16,61
1,17,320
1,19,85
1,20,345
1,21,13
1,22,327
1,23,224
1,24,233
1,31,203
1,45,22
1,48,379
1,52,55
1,54,237
1,55,228
1,56,303
1,60,205
1,61,191
1,62,191
1,65,219
1,66,13
1,70,280
1,72,219
1,81,82
1,84,157
1,85,110
1,86,365
1,88,13
1,104,375
1,110,196
1,121,204
1,123,332
1,127,202
1,139,228
1,146,169
1,148,318
1,155,23
1,156,205
1,160,392
1,162,45
1,168,108
1,175,103
1,176,64
1,183,63
1,187,5
2,1,206
2,3,280
2,4,139
2,5,376
2,6,130
2,10,15
2,11,218
2,12,126
2,13,87
2,14,101
2,15,41
2,18,263
2,20,124
2,22,378
2,25,86
2,26,250
2,31,17
2,33,329
2,34,133
2,36,227
2,39,24
2,42,309
2,55,245
2,59,390
2,62,228
2,70,212
2,72,177
2,91,34
2,99,70
2,103,36
2,114,13
2,117,238
2,119,203
2,120,146
2,122,75
2,125,5
2,127,142
2,128,375
2,132,107
2,138,181
2,146,152
2,155,8
2,168,355
2,176,389
2,183,107
2,188,302
2,190,1
2,199,152
3,1,110
3,2,280
3,6,118
3,7,73
3,8,278
3,10,105
3,11,103
3,12,206
3,16,323
3,17,265
3,19,322
3,20,212
3,21,191
3,25,209
3,26,279
3,28,270
3,29,398
3,31,238
3,32,220
3,33,79
3,36,182
3,37,172
3,38,230
3,39,396
3,41,242
3,42,92
3,43,64
3,44,355
3,53,390
3,55,118
3,56,151
3,62,296
3,67,180
3,71,111
3,75,384
3,76,397
3,90,52
3,92,245
3,93,9
3,94,145
3,95,15
3,114,398
3,136,39
3,164,136
3,172,47
3,174,14
3,186,13
3,192,352
3,196,116
3,197,286
4,1,128
4,2,139
4,5,335
4,7,294
4,8,121
4,10,302
4,11,53
4,12,192
4,13,291
4,14,9
4,17,169
4,18,9
4,20,179
4,21,29
4,22,18
4,23,149
4,25,204
4,28,173
4,35,352
4,37,306
4,41,115
4,42,82
4,43,4
4,44,266
4,45,372
4,46,118
4,47,349
4,52,269
4,56,310
4,59,24
4,66,323
4,71,263
4,72,85
4,74,188
4,91,391
4,96,38
4,110,9
4,117,110
4,122,207
4,135,378
4,136,63
4,138,110
4,140,13
4,147,250
4,159,158
4,161,323
4,165,276
4,175,112
4,191,318
4,195,381
5,1,94
5,2,376
5,4,335
5,6,383
5,8,109
5,9,180
5,10,49
5,11,99
5,13,290
5,17,319
5,18,140
5,19,42
5,21,125
5,28,236
5,29,203
5,30,125
5,31,212
5,34,372
5,37,176
5,38,157
5,41,306
5,42,125
5,50,13
5,51,367
5,52,36
5,56,245
5,60,190
5,62,396
5,64,262
5,67,338
5,85,254
5,87,330
5,94,312
5,96,16
5,102,43
5,106,21
5,108,267
5,109,385
5,110,283
5,113,272
5,116,360
5,117,10
5,124,354
5,125,239
5,130,382
5,134,236
5,146,216
5,158,263
5,171,83
5,190,399
5,192,323
6,1,34
6,2,130
6,3,118
6,5,383
6,7,140
6,9,82
6,10,77
6,11,21
6,12,8
6,14,111
6,15,36
6,16,280
6,17,311
6,19,275
6,20,375
6,21,80
6,22,42
6,23,320
6,24,230
6,27,274
6,30,311
6,32,100
6,35,131
6,36,100
6,37,197
6,39,365
6,40,400
6,41,137
6,45,389
6,47,158
6,48,260
6,49,149
6,50,290
6,51,178
6,52,88
6,54,21
6,60,127
6,62,29
6,63,1
6,64,130
6,70,296
6,76,155
6,84,166
6,112,267
6,123,101
6,133,102
6,140,264
6,149,119
6,160,220
6,169,234
6,200,125
7,1,191
7,3,73
7,4,294
7,6,140
7,8,11
7,9,25
7,12,52
7,14,134
7,15,191
7,17,70
7,18,288
7,19,377
7,20,43
7,21,41
7,24,272
7,26,394
7,27,15
7,28,93
7,30,379
7,31,40
7,33,284
7,36,73
7,38,111
7,41,48
7,43,289
7,50,61
7,52,103
7,57,380
7,62,62
7,66,191
7,81,368
7,82,1
7,85,381
7,87,42
7,94,249
7,98,227
7,102,57
7,105,35
7,107,84
7,121,250
7,122,158
7,146,19
7,148,314
7,176,92
7,178,74
7,181,363
7,190,390
8,1,183
8,3,278
8,4,121
8,5,109
8,7,11
8,9,25
8,13,232
8,16,169
8,17,153
8,18,73
8,20,99
8,21,260
8,22,325
8,23,318
8,24,175
8,26,276
8,27,284
8,31,384
8,32,304
8,33,233
8,34,244
8,35,89
8,36,253
8,37,236
8,38,346
8,40,321
8,44,304
8,47,138
8,48,112
8,49,22
8,51,157
8,57,70
8,61,352
8,65,283
8,70,57
8,78,253
8,82,233
8,86,136
8,94,330
8,100,341
8,111,80
8,114,126
8,117,274
8,127,254
8,130,33
8,159,148
8,160,212
8,172,376
8,175,306
8,185,343
8,196,272
8,197,312
9,1,206
9,5,180
9,6,82
9,7,25
9,8,25
9,10,53
9,12,242
9,13,335
9,14,288
9,15,83
9,18,302
9,22,228
9,24,2
9,26,16
9,29,138
9,32,32
9,36,372
9,40,127
9,43,89
9,46,218
9,47,90
9,51,182
9,56,377
9,57,126
9,58,95
9,65,287
9,66,27
9,68,356
9,77,112
9,82,164
9,85,311
9,94,31
9,98,108
9,100,259
9,108,237
9,112,217
9,114,330
9,121,119
9,122,215
9,132,292
9,148,169
9,156,285
9,161,23
9,163,186
9,169,88
9,170,304
9,178,275
9,181,263
9,187,109
10,1,362
10,2,15
10,3,105
10,4,302
10,5,49
10,6,77
10,9,53
10,11,92
10,14,352
10,15,108
10,17,144
10,18,8
10,22,334
10,25,8
10,27,286
10,29,302
10,30,65
10,32,382
10,33,292
10,34,373
10,35,214
10,37,31
10,40,24
10,41,146
10,44,25
10,45,149
10,46,239
10,50,370
10,52,192
10,53,266
10,54,353
10,57,2
10,58,357
10,59,293
10,62,165
10,63,266
10,65,320
10,68,298
10,74,119
10,79,41
10,81,263
10,82,161
10,87,390
10,90,91
10,91,239
10,97,364
10,98,209
10,106,61
10,115,337
10,116,239
10,124,46
10,125,138
10,141,182
10,171,310
10,174,108
10,177,91
10,178,233
11,1,194
11,2,218
11,3,103
11,4,53
11,5,99
11,6,21
11,10,92
11,13,40
11,14,132
11,15,95
11,16,51
11,17,299
11,18,250
11,19,347
11,20,266
11,24,201
11,26,374
11,27,299
11,29,229
11,31,81
11,32,112
11,33,114
11,35,309
11,37,91
11,38,255
11,39,137
11,40,86
11,42,169
11,48,4
11,49,97
11,50,203
11,51,101
11,58,101
11,64,43
11,69,104
11,73,248
11,75,71
11,86,355
11,87,180
11,88,318
11,89,244
11,94,112
11,95,378
11,98,80
11,99,294
11,100,97
11,120,273
11,121,388
11,125,53
11,126,295
11,133,395
11,136,220
11,151,18
11,153,165
11,155,77
11,171,141
11,190,211
11,199,380
12,2,126
12,3,206
12,4,192
12,6,8
12,7,52
12,9,242
12,13,269
12,14,21
12,15,387
12,16,103
12,17,154
12,18,366
12,19,185
12,20,110
12,21,17
12,22,335
12,23,251
12,24,260
12,25,272
12,26,48
12,29,400
12,30,7
12,31,203
12,35,396
12,36,194
12,37,229
12,39,275
12,40,265
12,41,150
12,42,54
12,43,303
12,50,133
12,51,120
12,60,175
12,63,104
12,68,59
12,70,105
12,79,343
12,81,92
12,91,275
12,93,378
12,97,179
12,100,147
12,104,235
12,107,51
12,115,213
12,116,73
12,117,381
12,129,56
12,136,155
12,138,230
12,139,17
12,159,145
12,164,245
12,177,8
12,181,366
12,184,209
13,1,86
13,2,87
13,4,291
13,5,290
13,8,232
13,9,335
13,11,40
13,12,269
13,14,258
13,15,116
13,16,312
13,18,182
13,19,87
13,20,396
13,21,355
13,22,38
13,23,247
13,24,358
13,26,358
13,27,186
13,28,5
13,29,276
13,32,270
13,34,195
13,37,289
13,41,66
13,47,24
13,48,15
13,54,328
13,57,10
13,58,189
13,59,27
13,63,37
13,65,143
13,66,64
13,67,314
13,68,111
13,69,118
13,73,234
13,92,166
13,94,11
13,100,71
13,112,301
13,115,133
13,133,168
13,137,192
13,141,78
13,153,339
13,158,359
13,175,69
13,177,207
13,178,102
14,1,282
14,2,101
14,4,9
14,6,111
14,7,134
14,9,288
14,10,352
14,11,132
14,12,21
14,13,258
14,16,62
14,18,199
14,19,284
14,21,12
14,22,274
14,23,399
14,25,133
14,26,96
14,28,217
14,29,353
14,33,36
14,35,2
14,36,248
14,38,285
14,41,267
14,42,185
14,43,287
14,44,131
14,45,242
14,46,15
14,47,78
14,49,385
14,50,219
14,53,215
14,54,115
14,57,323
14,61,291
14,65,319
14,66,334
14,71,291
14,84,244
14,88,39
14,93,181
14,105,219
14,106,1
14,112,300
14,113,60
14,118,273
14,139,201
14,144,128
14,147,299
14,156,13
14,161,63
14,165,250
14,171,149
14,172,181
14,174,80
14,177,90
14,190,227
14,193,241
15,1,133
15,2,41
15,6,36
15,7,191
15,9,83
15,10,108
15,11,95
15,12,387
15,13,116
15,16,214
15,19,285
15,20,370
15,26,193
15,27,224
15,28,188
15,30,326
15,32,291
15,34,370
15,36,7
15,37,73
15,41,103
15,42,129
15,43,335
15,44,400
15,45,34
15,48,340
15,49,141
15,51,253
15,53,130
15,54,184
15,56,125
15,63,123
15,72,187
15,74,370
15,76,20
15,85,149
15,88,139
15,109,286
15,117,271
15,122,253
15,133,275
15,140,290
15,148,285
15,151,237
15,169,70
15,175,279
15,182,43
15,197,278
15,198,41
16,1,61
16,3,323
16,6,280
16,8,169
16,11,51
16,12,103
16,13,312
16,14,62
16,15,214
16,17,80
16,18,339
16,20,128
16,23,251
16,24,140
16,25,107
16,26,394
16,28,24
16,29,194
16,32,19
16,37,21
16,38,262
16,41,107
16,42,66
16,45,310
16,48,270
16,49,330
16,51,223
16,52,4
16,54,383
16,55,89
16,60,111
16,61,391
16,62,76
16,65,374
16,68,276
16,75,246
16,76,245
16,77,137
16,80,219
16,81,206
16,84,91
16,91,358
16,95,57
16,108,331
16,112,400
16,122,349
16,125,122
16,142,270
16,193,322
17,1,320
17,3,265
17,4,169
17,5,319
17,6,311
17,7,70
17,8,153
17,10,144
17,11,299
17,12,154
17,16,80
17,18,15
17,20,315
17,22,295
17,23,221
17,24,99
17,25,318
17,27,280
17,29,348
17,30,229
17,33,280
17,39,286
17,47,382
17,48,325
17,50,160
17,51,179
17,54,330
17,55,8
17,60,280
17,61,68
17,62,313
17,63,88
17,64,393
17,67,291
17,71,99
17,79,296
17,85,279
17,110,212
17,127,201
17,129,399
17,130,225
17,134,362
17,144,248
17,145,159
17,164,3
17,165,159
17,167,356
18,2,263
18,4,9
18,5,140
18,7,288
18,8,73
18,9,302
18,10,8
18,11,250
18,12,366
18,13,182
18,14,199
18,16,339
18,17,15
18,19,172
18,21,293
18,22,189
18,23,110
18,24,360
18,25,163
18,26,45
18,29,219
18,30,178
18,33,7
18,34,182
18,36,397
18,37,141
18,40,176
18,41,90
18,43,146
18,44,327
18,48,354
18,50,226
18,51,335
18,53,234
18,54,278
18,57,257
18,59,219
18,64,202
18,68,398
18,72,65
18,76,105
18,86,25
18,92,396
18,99,290
18,101,194
18,104,140
18,129,275
18,143,1
18,161,211
18,164,35
18,166,15
18,168,396
18,180,355
18,184,344
18,188,215
18,192,348
18,199,308
19,1,85
19,3,322
19,5,42
19,6,275
19,7,377
19,11,347
19,12,185
19,13,87
19,14,284
19,15,285
19,18,172
19,20,85
19,21,183
19,22,117
19,23,82
19,25,387
19,26,187
19,27,171
19,28,85
19,29,328
19,30,264
19,31,28
19,32,346
19,34,294
19,36,123
19,38,44
19,40,300
19,44,69
19,50,315
19,51,386
19,58,356
19,61,353
19,66,263
19,68,91
19,74,89
19,78,133
19,79,351
19,90,337
19,93,42
19,96,299
19,99,381
19,101,184
19,106,47
19,114,212
19,117,145
19,120,246
19,136,61
19,146,291
19,155,24
19,156,225
19,159,353
19,163,201
19,166,226
19,167,129
19,178,252
19,182,182
19,183,149
20,1,345
20,2,124
20,3,212
20,4,179
20,6,375
20,7,43
20,8,99
20,11,266
20,12,110
20,13,396
20,15,370
20,16,128
20,17,315
20,19,85
20,23,372
20,24,338
20,25,45
20,26,373
20,29,149
20,30,323
20,34,9
20,36,151
20,37,119
20,42,170
20,44,359
20,45,267
20,49,4
20,51,196
20,52,68
20,53,257
20,55,102
20,56,60
20,61,33
20,62,270
20,67,28
20,68,110
20,75,339
20,85,391
20,89,347
20,99,345
20,114,265
20,117,142
20,118,354
20,120,123
20,122,77
20,125,368
20,129,249
20,132,71
20,135,118
20,138,36
20,144,64
20,149,15
20,162,65
20,172,379
20,176,153
20,187,199
21,1,13
21,3,191
21,4,29
21,5,125
21,6,80
21,7,41
21,8,260
21,12,17
21,13,355
21,14,12
21,18,293
21,19,183
21,22,261
21,23,398
21,24,35
21,25,201
21,27,177
21,30,125
21,32,160
21,35,97
21,37,237
21,38,201
21,44,374
21,45,74
21,46,57
21,53,89
21,55,33
21,56,331
21,58,369
21,60,186
21,66,280
21,68,372
21,69,138
21,72,259
21,73,152
21,75,318
21,80,189
21,84,322
21,88,375
21,89,300
21,92,119
21,94,49
21,96,90
21,97,249
21,99,141
21,115,23
21,131,10
21,134,50
21,137,151
21,144,128
21,159,204
21,176,113
21,180,372
21,196,220
21,200,294
22,1,327
22,2,378
22,4,18
22,6,42
22,8,325
22,9,228
22,10,334
22,12,335
22,13,38
22,14,274
22,17,295
22,18,189
22,19,117
22,21,261
22,24,11
22,27,264
22,28,9
22,29,191
22,30,286
22,31,80
22,34,149
22,35,264
22,39,217
22,40,245
22,41,150
22,44,62
22,48,400
22,52,337
22,54,18
22,57,66
22,58,282
22,61,202
22,69,327
22,70,201
22,72,351
22,74,8
22,75,100
22,77,327
22,80,162
22,82,362
22,83,236
22,86,42
22,100,302
22,103,376
22,107,102
22,133,69
22,135,56
22,159,104
22,176,281
23,1,224
23,4,149
23,6,320
23,8,318
23,12,251
23,13,247
23,14,399
23,16,251
23,17,221
23,18,110
23,19,82
23,20,372
23,21,398
23,24,330
23,26,216
23,27,131
23,28,243
23,30,181
23,31,225
23,32,219
23,35,126
23,37,124
23,38,219
23,41,363
23,42,52
23,43,267
23,45,32
23,46,364
23,47,210
23,48,310
23,50,16
23,53,94
23,56,214
23,58,83
23,60,198
23,62,387
23,66,259
23,73,156
23,75,74
23,78,47
23,80,143
23,84,363
23,95,247
23,105,255
23,112,233
23,115,168
23,118,89
23,134,159
23,145,194
23,159,359
23,162,57
23,167,184
23,171,79
23,173,259
23,175,213
23,185,311
23,193,308
24,1,233
24,6,230
24,7,272
24,8,175
24,9,2
24,11,201
24,12,260
24,13,358
24,16,140
24,17,99
24,18,360
24,20,338
24,21,35
24,22,11
24,23,330
24,25,291
24,26,146
24,27,249
24,29,149
24,32,295
24,39,276
24,46,394
24,52,39
24,53,226
24,54,133
24,57,95
24,59,282
24,60,90
24,64,22
24,65,221
24,69,113
24,71,163
24,72,3
24,77,210
24,81,41
24,86,70
24,91,366
24,94,149
24,95,88
24,99,397
24,101,18
24,104,279
24,115,275
24,119,14
24,120,44
24,125,314
24,128,42
24,130,351
24,137,201
24,140,259
24,145,265
24,153,171
24,159,392
24,171,11
24,179,352
24,185,362
24,197,33
25,2,86
25,3,209
25,4,204
25,10,8
25,12,272
25,14,133
25,16,107
25,17,318
25,18,163
25,19,387
25,20,45
25,21,201
25,24,291
25,26,172
25,28,128
25,29,285
25,30,36
25,31,170
25,34,151
25,36,263
25,37,353
25,38,260
25,39,317
25,43,237
25,47,152
25,48,238
25,49,184
25,54,56
25,57,38
25,62,179
25,65,346
25,71,263
25,75,372
25,82,63
25,87,64
25,88,392
25,90,118
25,92,187
25,96,308
25,102,178
25,105,3
25,114,354
25,117,274
25,121,276
25,135,367
25,142,2
25,144,203
25,154,267
25,158,267
25,160,243
25,161,63
25,166,328
26,2,250
26,3,279
26,7,394
26,8,276
26,9,16
26,11,374
26,12,48
26,13,358
26,14,96
26,15,193
26,16,394
26,18,45
26,19,187
26,20,373
26,23,216
26,24,146
26,25,172
26,27,175
26,29,169
26,30,322
26,32,101
26,34,328
26,37,344
26,38,61
26,41,318
26,42,67
26,43,15
26,45,320
26,47,41
26,54,367
26,65,235
26,66,220
26,67,210
26,68,366
26,73,31
26,76,141
26,79,67
26,81,239
26,82,302
26,85,49
26,86,45
26,92,77
26,97,78
26,98,349
26,100,354
26,101,101
26,103,300
26,106,5
26,116,225
26,118,311
26,122,318
26,124,156
26,129,292
26,130,165
26,141,55
26,149,255
26,161,241
26,170,341
26,174,330
27,6,274
27,7,15
27,8,284
27,10,286
27,11,299
27,13,186
27,15,224
27,17,280
27,19,171
27,21,177
27,22,264
27,23,131
27,24,249
27,26,175
27,28,284
27,31,282
27,32,373
27,33,144
27,34,287
27,36,269
27,37,178
27,40,250
27,43,194
27,45,107
27,47,52
27,49,84
27,50,331
27,51,96
27,52,159
27,63,135
27,67,201
27,73,15
27,81,176
27,85,327
27,86,147
27,90,139
27,101,318
27,103,156
27,106,312
27,112,190
27,134,253
27,142,393
27,143,348
27,145,231
27,148,193
27,156,258
27,157,137
27,168,140
27,172,105
27,174,361
27,192,297
27,198,45
28,3,270
28,4,173
28,5,236
28,7,93
28,13,5
28,14,217
28,15,188
28,16,24
28,19,85
28,22,9
28,23,243
28,25,128
28,27,284
28,29,94
28,30,379
28,31,252
28,32,259
28,33,325
28,40,282
28,42,56
28,43,111
28,46,249
28,48,184
28,50,234
28,51,175
28,52,385
28,54,343
28,55,372
28,57,342
28,65,171
28,66,48
28,71,13
28,73,146
28,74,250
28,77,169
28,80,388
28,84,185
28,88,196
28,90,395
28,96,130
28,100,263
28,104,275
28,113,72
28,119,243
28,128,276
28,138,384
28,145,234
28,150,305
28,157,144
28,158,196
28,180,320
28,192,333
28,194,45
29,3,398
29,5,203
29,9,138
29,10,302
29,11,229
29,12,400
29,13,276
29,14,353
29,16,194
29,17,348
29,18,219
29,19,328
29,20,149
29,22,191
29,24,149
29,25,285
29,26,169
29,28,94
29,30,96
29,31,349
29,33,387
29,35,311
29,42,187
29,43,300
29,47,338
29,49,68
29,50,134
29,52,338
29,61,74
29,62,206
29,72,30
29,73,47
29,76,104
29,77,279
29,86,361
29,88,280
29,90,142
29,93,318
29,97,376
29,98,380
29,103,215
29,106,91
29,113,161
29,118,143
29,146,105
29,157,392
29,159,328
29,164,322
29,187,306
29,198,353
30,5,125
30,6,311
30,7,379
30,10,65
30,12,7
30,15,326
30,17,229
30,18,178
30,19,264
30,20,323
30,21,125
30,22,286
30,23,181
30,25,36
30,26,322
30,28,379
30,29,96
30,31,63
30,32,388
30,36,211
30,38,153
30,39,155
30,41,256
30,48,375
30,49,181
30,50,306
30,51,342
30,54,11
30,59,377
30,62,312
30,63,366
30,66,46
30,82,252
30,83,283
30,91,194
30,93,106
30,96,188
30,100,136
30,107,283
30,108,142
30,110,215
30,114,200
30,131,293
30,133,26
30,156,231
30,158,110
30,160,89
30,162,397
30,182,289
30,189,382
31,1,203
31,2,17
31,3,238
31,5,212
31,7,40
31,8,384
31,11,81
31,12,203
31,19,28
31,22,80
31,23,225
31,25,170
31,27,282
31,28,252
31,29,349
31,30,63
31,33,137
31,35,258
31,38,62
31,39,143
31,40,300
31,43,56
31,44,371
31,46,140
31,47,248
31,54,4
31,56,65
31,57,184
31,58,178
31,62,227
31,74,334
31,79,352
31,84,380
31,89,129
31,92,58
31,97,314
31,99,272
31,101,38
31,104,106
31,124,124
31,129,158
31,141,93
31,142,367
31,157,190
31,159,300
31,160,276
31,161,284
31,177,179
31,180,249
32,3,220
32,6,100
32,8,304
32,9,32
32,10,382
32,11,112
32,13,270
32,15,291
32,16,19
32,19,346
32,21,160
32,23,219
32,24,295
32,26,101
32,27,373
32,28,259
32,30,388
32,33,243
32,36,3
32,38,7
32,41,286
32,46,313
32,47,189
32,51,156
32,55,258
32,56,139
32,63,311
32,79,361
32,83,301
32,88,181
32,91,319
32,95,389
32,105,60
32,112,8
32,118,295
32,119,67
32,126,291
32,131,354
32,135,179
32,141,232
32,142,168
32,152,104
32,155,139
32,167,73
32,170,225
32,184,76
32,188,280
33,2,329
33,3,79
33,7,284
33,8,233
33,10,292
33,11,114
33,14,36
33,17,280
33,18,7
33,27,144
33,28,325
33,29,387
33,31,137
33,32,243
33,34,360
33,39,327
33,40,153
33,43,365
33,44,393
33,46,211
33,47,181
33,51,387
33,52,328
33,53,306
33,56,96
33,59,330
33,60,286
33,65,258
33,66,339
33,70,14
33,72,370
33,73,308
33,76,187
33,81,249
33,84,109
33,86,43
33,93,141
33,96,285
33,97,393
33,98,210
33,102,65
33,103,157
33,115,155
33,137,358
33,144,203
33,147,317
33,149,12
33,165,268
33,167,136
33,171,123
33,182,67
34,2,133
34,5,372
34,8,244
34,10,373
34,13,195
34,15,370
34,18,182
34,19,294
34,20,9
34,22,149
34,25,151
34,26,328
34,27,287
34,33,360
34,35,297
34,36,110
34,40,299
34,41,98
34,45,256
34,49,199
34,56,140
34,57,213
34,58,1
34,61,392
34,63,266
34,70,297
34,72,325
34,77,214
34,78,248
34,89,35
34,90,340
34,94,9
34,97,229
34,99,228
34,106,40
34,114,48
34,115,358
34,131,332
34,132,45
34,134,338
34,144,212
34,154,56
34,170,282
34,171,312
34,177,346
34,182,88
34,187,174
34,200,340
35,4,352
35,6,131
35,8,89
35,10,214
35,11,309
35,12,396
35,14,2
35,21,97
35,22,264
35,23,126
35,29,311
35,31,258
35,34,297
35,39,194
35,44,30
35,47,15
35,49,128
35,53,240
35,56,111
35,57,312
35,58,283
35,60,35
35,67,203
35,72,194
35,75,90
35,78,159
35,82,366
35,83,394
35,95,278
35,96,262
35,101,356
35,105,191
35,110,172
35,111,141
35,120,322
35,122,171
35,128,73
35,134,161
35,142,188
35,157,381
35,178,390
35,179,143
35,180,240
35,186,204
35,196,123
36,2,227
36,3,182
36,6,100
36,7,73
36,8,253
36,9,372
36,12,194
36,14,248
36,15,7
36,18,397
36,19,123
36,20,151
36,25,263
36,27,269
36,30,211
36,32,3
36,34,110
36,37,197
36,38,171
36,39,23
36,45,203
36,49,181
36,52,180
36,56,384
36,60,52
36,70,139
36,71,257
36,74,123
36,76,209
36,80,367
36,83,245
36,84,271
36,86,164
36,90,282
36,91,318
36,93,345
36,95,383
36,103,21
36,104,356
36,113,9
36,114,317
36,115,301
36,123,31
36,126,176
36,143,147
36,162,208
36,183,359
36,187,219
36,191,319
36,194,323
36,195,201
37,3,172
37,4,306
37,5,176
37,6,197
37,8,236
37,10,31
37,11,91
37,12,229
37,13,289
37,15,73
37,16,21
37,18,141
37,20,119
37,21,237
37,23,124
37,25,353
37,26,344
37,27,178
37,36,197
37,38,305
37,40,316
37,42,46
37,44,160
37,50,92
37,55,127
37,57,63
37,65,348
37,68,163
37,69,184
37,70,111
37,77,206
37,79,63
37,80,349
37,85,162
37,86,309
37,99,158
37,100,399
37,105,317
37,127,126
37,129,134
37,141,281
37,143,251
37,153,219
37,158,383
37,184,162
37,193,275
37,198,231
37,200,91
38,3,230
38,5,157
38,7,111
38,8,346
38,11,255
38,14,285
38,16,262
38,19,44
38,21,201
38,23,219
38,25,260
38,26,61
38,30,153
38,31,62
38,32,7
38,36,171
38,37,305
38,39,72
38,40,114
38,48,232
38,49,159
38,74,171
38,75,384
38,77,200
38,78,289
38,80,239
38,86,12
38,87,144
38,102,227
38,103,5
38,106,93
38,107,90
38,131,309
38,132,343
38,140,362
38,144,248
38,152,12
38,178,91
38,182,67
38,185,227
38,188,389
38,191,80
38,200,123
39,2,24
39,3,396
39,6,365
39,11,137
39,12,275
39,17,286
39,22,217
39,24,276
39,25,317
39,30,155
39,31,143
39,33,327
39,35,194
39,36,23
39,38,72
39,40,196
39,44,33
39,45,19
39,47,97
39,58,167
39,59,11
39,63,131
39,67,155
39,71,209
39,76,382
39,77,342
39,79,23
39,80,62
39,84,398
39,88,99
39,90,182
39,95,204
39,96,172
39,103,143
39,105,150
39,108,83
39,119,348
39,139,120
39,141,295
39,143,261
39,152,66
39,165,354
39,169,77
39,174,137
39,176,257
39,192,354
39,196,170
40,6,400
40,8,321
40,9,127
40,10,24
40,11,86
40,12,265
40,18,176
40,19,300
40,22,245
40,27,250
40,28,282
40,31,300
40,33,153
40,34,299
40,37,316
40,38,114
40,39,196
40,42,305
40,49,343
40,53,190
40,54,59
40,55,216
40,61,377
40,64,168
40,67,191
40,73,19
40,77,273
40,83,25
40,88,284
40,92,359
40,101,290
40,106,114
40,111,90
40,112,16
40,113,96
40,115,262
40,120,155
40,122,18
40,134,156
40,138,246
40,141,71
40,145,10
40,154,121
40,160,317
40,163,349
40,166,77
40,170,105
40,176,19
40,185,86
40,195,239
40,200,149
41,3,242
41,4,115
41,5,306
41,6,137
41,7,48
41,10,146
41,12,150
41,13,66
41,14,267
41,15,103
41,16,107
41,18,90
41,22,150
41,23,363
41,26,318
41,30,256
41,32,286
41,34,98
41,42,23
41,55,301
41,60,46
41,61,320
41,67,105
41,69,363
41,70,130
41,72,33
41,73,18
41,75,298
41,89,12
41,92,240
41,98,333
41,103,47
41,113,329
41,118,47
41,121,161
41,133,96
41,134,387
41,139,264
41,141,184
41,144,189
41,146,212
41,147,69
41,155,241
41,163,83
41,182,350
41,184,303
41,185,159
41,186,260
42,2,309
42,3,92
42,4,82
42,5,125
42,11,169
42,12,54
42,14,185
42,15,129
42,16,66
42,20,170
42,23,52
42,26,67
42,28,56
42,29,187
42,37,46
42,40,305
42,41,23
42,44,92
42,46,139
42,48,56
42,49,86
42,51,24
42,57,142
42,64,343
42,67,157
42,68,139
42,69,399
42,70,150
42,71,231
42,73,221
42,82,309
42,87,175
42,97,270
42,106,129
42,109,344
42,112,352
42,113,299
42,117,109
42,119,367
42,122,94
42,128,150
42,136,28
42,138,16
42,145,16
42,146,194
42,149,317
42,151,319
42,153,128
42,159,223
42,175,308
42,176,130
42,192,140
42,200,264
43,3,64
43,4,4
43,7,289
43,9,89
43,12,303
43,14,287
43,15,335
43,18,146
43,23,267
43,25,237
43,26,15
43,27,194
43,28,111
43,29,300
43,31,56
43,33,365
43,44,258
43,45,341
43,46,158
43,48,153
43,50,368
43,57,323
43,58,10
43,59,157
43,61,12
43,64,340
43,68,323
43,70,54
43,73,271
43,76,361
43,83,336
43,98,46
43,99,393
43,100,25
43,111,39
43,121,128
43,122,152
43,123,296
43,135,51
43,140,336
43,146,381
43,155,395
43,163,202
43,169,377
43,180,206
43,189,149
43,195,326
44,3,355
44,4,266
44,8,304
44,10,25
44,14,131
44,15,400
44,18,327
44,19,69
44,20,359
44,21,374
44,22,62
44,31,371
44,33,393
44,35,30
44,37,160
44,39,33
44,42,92
44,43,258
44,45,337
44,46,228
44,47,382
44,51,151
44,63,338
44,67,140
44,69,165
44,71,33
44,72,148
44,74,81
44,78,199
44,79,202
44,80,382
44,85,231
44,87,246
44,94,99
44,103,392
44,105,214
44,107,361
44,109,93
44,120,316
44,123,359
44,124,34
44,127,25
44,137,359
44,138,230
44,141,371
44,153,331
44,155,36
44,167,378
44,173,197
44,175,97
44,181,232
44,193,59
45,1,22
45,4,372
45,6,389
45,10,149
45,14,242
45,15,34
45,16,310
45,20,267
45,21,74
45,23,32
45,26,320
45,27,107
45,34,256
45,36,203
45,39,19
45,43,341
45,44,337
45,47,366
45,50,370
45,51,135
45,55,53
45,60,309
45,61,307
45,65,64
45,70,92
45,80,258
45,83,255
45,85,255
45,89,255
45,93,67
45,99,75
45,105,247
45,110,40
45,111,33
45,113,27
45,120,292
45,130,237
45,132,64
45,144,24
45,150,337
45,161,66
45,165,274
45,166,173
45,175,286
45,177,113
45,180,125
45,199,128
46,4,118
46,9,218
46,10,239
46,14,15
46,21,57
46,23,364
46,24,394
46,28,249
46,31,140
46,32,313
46,33,211
46,42,139
46,43,158
46,44,228
46,48,23
46,54,19
46,58,80
46,65,13
46,71,121
46,72,260
46,89,255
46,94,291
46,101,263
46,118,190
46,137,259
46,148,240
46,152,278
46,167,239
46,192,117
46,194,371
46,196,77
47,4,349
47,6,158
47,8,138
47,9,90
47,13,24
47,14,78
47,17,382
47,23,210
47,25,152
47,26,41
47,27,52
47,29,338
47,31,248
47,32,189
47,33,181
47,35,15
47,39,97
47,44,382
47,45,366
47,50,92
47,53,107
47,59,97
47,60,349
47,63,298
47,69,203
47,74,289
47,75,283
47,78,355
47,87,364
47,89,32
47,90,70
47,91,318
47,93,29
47,105,313
47,111,379
47,120,164
47,121,38
47,124,38
47,132,70
47,144,209
47,154,142
47,155,157
47,161,72
47,188,331
47,197,84
47,198,269
47,199,73
48,1,379
48,6,260
48,8,112
48,11,4
48,13,15
48,15,340
48,16,270
48,17,325
48,18,354
48,22,400
48,23,310
48,25,238
48,28,184
48,30,375
48,38,232
48,42,56
48,43,153
48,46,23
48,50,216
48,53,68
48,55,326
48,59,9
48,61,182
48,64,65
48,65,76
48,75,101
48,76,264
48,78,43
48,79,233
48,81,287
48,82,146
48,87,48
48,93,4
48,95,252
48,98,378
48,99,357
48,102,399
48,103,119
48,104,149
48,108,105
48,109,393
48,111,130
48,118,93
48,120,336
48,125,107
48,130,27
48,147,324
48,152,241
48,176,239
48,183,103
48,188,373
48,189,294
48,194,352
48,195,220
48,196,20
49,6,149
49,8,22
49,11,97
49,14,385
49,15,141
49,16,330
49,20,4
49,25,184
49,27,84
49,29,68
49,30,181
49,34,199
49,35,128
49,36,181
49,38,159
49,40,343
49,42,86
49,55,6
49,56,198
49,58,135
49,59,370
49,61,222
49,62,158
49,64,215
49,68,38
49,72,400
49,73,240
49,74,179
49,84,257
49,101,339
49,103,148
49,114,302
49,116,395
49,120,236
49,126,39
49,134,290
49,149,264
49,151,389
49,167,133
49,178,383
49,179,4
49,193,307
50,5,13
50,6,290
50,7,61
50,10,370
50,11,203
50,12,133
50,14,219
50,17,160
50,18,226
50,19,315
50,23,16
50,27,331
50,28,234
50,29,134
50,30,306
50,37,92
50,43,368
50,45,370
50,47,92
50,48,216
50,53,112
50,54,318
50,55,255
50,59,166
50,60,346
50,63,158
50,64,149
50,67,51
50,68,296
50,69,188
50,76,37
50,77,307
50,81,94
50,83,217
50,84,386
50,87,283
50,90,213
50,115,192
50,116,89
50,120,72
50,129,76
50,130,120
50,131,197
50,135,81
50,140,362
50,143,202
50,174,274
50,185,28
50,194,250
51,5,367
51,6,178
51,8,157
51,9,182
51,11,101
51,12,120
51,15,253
51,16,223
51,17,179
51,18,335
51,19,386
51,20,196
51,27,96
51,28,175
51,30,342
51,32,156
51,33,387
51,42,24
51,44,151
51,45,135
51,58,72
51,59,34
51,60,273
51,61,3
51,64,164
51,66,26
51,68,291
51,71,283
51,79,337
51,80,145
51,85,70
51,100,390
51,105,276
51,123,137
51,132,41
51,137,68
51,141,107
51,146,104
51,149,218
51,150,191
51,151,323
51,163,337
51,165,109
51,168,85
51,170,300
51,179,147
52,1,55
52,4,269
52,5,36
52,6,88
52,7,103
52,10,192
52,16,4
52,20,68
52,22,337
52,24,39
52,27,159
52,28,385
52,29,338
52,33,328
52,36,180
52,53,101
52,66,150
52,73,166
52,78,18
52,81,40
52,82,352
52,87,155
52,89,313
52,94,110
52,98,225
52,103,391
52,110,375
52,123,30
52,133,343
52,134,130
52,135,265
52,138,198
52,150,124
52,165,335
52,166,257
52,172,325
52,174,307
52,178,248
52,181,299
52,184,269
52,196,155
53,3,390
53,10,266
53,14,215
53,15,130
53,18,234
53,20,257
53,21,89
53,23,94
53,24,226
53,33,306
53,35,240
53,40,190
53,47,107
53,48,68
53,50,112
53,52,101
53,55,246
53,57,325
53,60,212
53,65,229
53,68,89
53,70,45
53,82,390
53,83,383
53,90,111
53,95,134
53,98,331
53,137,333
53,138,131
53,143,37
53,150,27
53,158,138
53,186,328
53,193,292
54,1,237
54,6,21
54,10,353
54,13,328
54,14,115
54,15,184
54,16,383
54,17,330
54,18,278
54,22,18
54,24,133
54,25,56
54,26,367
54,28,343
54,30,11
54,31,4
54,40,59
54,46,19
54,50,318
54,55,74
54,56,56
54,57,255
54,64,5
54,69,197
54,73,244
54,81,171
54,83,307
54,89,240
54,90,305
54,104,136
54,107,32
54,108,333
54,113,380
54,114,245
54,122,194
54,131,306
54,156,264
54,161,10
54,163,88
54,167,143
54,169,337
54,177,347
54,184,171
54,187,136
54,196,88
55,1,228
55,2,245
55,3,118
55,16,89
55,17,8
55,20,102
55,21,33
55,28,372
55,32,258
55,37,127
55,40,216
55,41,301
55,45,53
55,48,326
55,49,6
55,50,255
55,53,246
55,54,74
55,59,77
55,64,59
55,80,275
55,83,180
55,84,154
55,92,380
55,96,42
55,97,127
55,100,159
55,101,90
55,102,173
55,107,177
55,118,277
55,119,79
55,122,171
55,126,273
55,133,253
55,134,90
55,144,38
55,152,395
55,157,55
55,172,74
55,175,100
55,186,147
55,195,231
56,1,303
56,3,151
56,4,310
56,5,245
56,9,377
56,15,125
56,20,60
56,21,331
56,23,214
56,31,65
56,32,139
56,33,96
56,34,140
56,35,111
56,36,384
56,49,198
56,54,56
56,58,3
56,61,136
56,62,250
56,63,175
56,64,290
56,65,257
56,67,349
56,69,25
56,72,77
56,74,13
56,82,131
56,83,287
56,96,224
56,102,290
56,109,37
56,110,340
56,112,194
56,123,104
56,136,144
56,154,319
56,195,306
57,7,380
57,8,70
57,9,126
57,10,2
57,13,10
57,14,323
57,18,257
57,22,66
57,24,95
57,25,38
57,28,342
57,31,184
57,34,213
57,35,312
57,37,63
57,42,142
57,43,323
57,53,325
57,54,255
57,61,130
57,65,348
57,73,1
57,77,351
57,78,375
57,82,209
57,86,188
57,87,53
57,89,273
57,94,342
57,98,398
57,110,67
57,112,167
57,113,89
57,123,317
57,124,111
57,131,317
57,140,292
57,155,174
57,158,164
57,159,217
57,160,261
57,177,260
57,189,84
57,199,179
58,9,95
58,10,357
58,11,101
58,13,189
58,19,356
58,21,369
58,22,282
58,23,83
58,31,178
58,34,1
58,35,283
58,39,167
58,43,10
58,46,80
58,49,135
58,51,72
58,56,3
58,59,189
58,60,317
58,67,42
58,69,315
58,76,362
58,81,201
58,83,227
58,85,336
58,91,380
58,98,102
58,102,142
58,108,281
58,127,159
58,132,114
58,143,102
58,144,115
58,146,41
58,150,4
58,153,314
58,154,65
58,162,254
58,171,376
58,192,220
59,2,390
59,4,24
59,10,293
59,13,27
59,18,219
59,24,282
59,30,377
59,33,330
59,39,11
59,43,157
59,47,97
59,48,9
59,49,370
59,50,166
59,51,34
59,55,77
59,58,189
59,64,206
59,67,360
59,71,73
59,73,9
59,74,260
59,78,344
59,79,209
59,81,129
59,83,308
59,94,207
59,95,381
59,97,166
59,101,141
59,109,82
59,116,1
59,118,331
59,124,137
59,125,395
59,130,239
59,133,382
59,142,303
59,149,263
59,152,182
59,163,248
59,176,348
59,179,393
59,181,325
59,194,354
59,200,44
60,1,205
60,5,190
60,6,127
60,12,175
60,16,111
60,17,280
60,21,186
60,23,198
60,24,90
60,33,286
60,35,35
60,36,52
60,41,46
60,45,309
60,47,349
60,50,346
60,51,273
60,53,212
60,58,317
60,62,72
60,63,269
60,68,31
60,83,287
60,85,65
60,91,400
60,94,313
60,104,315
60,139,39
60,147,390
60,151,246
60,159,67
60,160,315
60,166,50
60,192,144
60,193,298
60,194,399
60,196,96
61,1,191
61,8,352
61,14,291
61,16,391
61,17,68
61,19,353
61,20,33
61,22,202
61,29,74
61,34,392
61,40,377
61,41,320
61,43,12
61,45,307
61,48,182
61,49,222
61,51,3
61,56,136
61,57,130
61,63,183
61,70,302
61,73,322
61,76,153
61,79,290
61,81,288
61,87,85
61,88,54
61,90,34
61,96,372
61,98,189
61,114,392
61,116,344
61,121,24
61,129,236
61,130,6
61,139,149
61,157,270
61,172,258
61,173,368
61,194,293
61,198,134
62,1,191
62,2,228
62,3,296
62,5,396
62,6,29
62,7,62
62,10,165
62,16,76
62,17,313
62,20,270
62,23,387
62,25,179
62,29,206
62,30,312
62,31,227
62,49,158
62,56,250
62,60,72
62,63,121
62,66,23
62,67,300
62,69,393
62,77,294
62,80,155
62,83,369
62,96,279
62,101,237
62,114,361
62,122,240
62,124,40
62,126,320
62,132,271
62,141,331
62,153,314
62,155,55
62,168,389
62,174,28
62,183,72
62,186,317
62,189,191
62,191,265
62,195,82
63,6,1
63,10,266
63,12,104
63,13,37
63,15,123
63,17,88
63,27,135
63,30,366
63,32,311
63,34,266
63,39,131
63,44,338
63,47,298
63,50,158
63,56,175
63,60,269
63,61,183
63,62,121
63,64,398
63,66,122
63,68,199
63,70,342
63,71,399
63,102,199
63,111,89
63,114,303
63,119,228
63,132,272
63,149,190
63,158,269
63,164,291
63,187,50
63,197,21
63,199,269
64,5,262
64,6,130
64,11,43
64,17,393
64,18,202
64,24,22
64,40,168
64,42,343
64,43,340
64,48,65
64,49,215
64,50,149
64,51,164
64,54,5
64,55,59
64,56,290
64,59,206
64,63,398
64,74,346
64,76,256
64,78,7
64,81,99
64,84,374
64,88,130
64,92,294
64,96,365
64,100,302
64,107,348
64,110,321
64,111,253
64,115,82
64,118,397
64,124,274
64,130,382
64,134,42
64,142,263
64,143,104
64,144,198
64,148,194
64,151,193
64,170,74
64,173,137
64,188,303
64,191,193
64,198,104
65,1,219
65,8,283
65,9,287
65,10,320
65,13,143
65,14,319
65,16,374
65,24,221
65,25,346
65,26,235
65,28,171
65,33,258
65,37,348
65,45,64
65,46,13
65,48,76
65,53,229
65,56,257
65,57,348
65,66,101
65,78,77
65,79,389
65,83,129
65,88,118
65,89,281
65,92,175
65,106,245
65,107,121
65,116,354
65,117,208
65,118,225
65,119,191
65,124,161
65,129,77
65,131,221
65,134,312
65,148,196
65,154,124
65,155,390
65,158,56
65,192,244
65,197,301
66,1,13
66,4,323
66,7,191
66,9,27
66,13,64
66,14,334
66,19,263
66,21,280
66,23,259
66,26,220
66,28,48
66,30,46
66,33,339
66,51,26
66,52,150
66,62,23
66,63,122
66,65,101
66,67,32
66,74,252
66,80,380
66,86,212
66,93,15
66,94,163
66,95,147
66,114,94
66,116,345
66,121,379
66,123,337
66,125,179
66,126,379
66,127,331
66,130,175
66,134,17
66,140,196
66,151,154
66,161,189
66,169,249
66,189,158
67,3,180
67,5,338
67,13,314
67,17,291
67,20,28
67,26,210
67,27,201
67,35,203
67,39,155
67,40,191
67,41,105
67,42,157
67,44,140
67,50,51
67,56,349
67,58,42
67,59,360
67,62,300
67,66,32
67,69,188
67,75,371
67,76,285
67,78,129
67,80,119
67,88,208
67,96,393
67,107,197
67,109,224
67,117,75
67,142,49
67,160,177
67,175,130
67,177,298
67,181,128
67,194,331
67,198,12
68,9,356
68,10,298
68,12,59
68,13,111
68,16,276
68,18,398
68,19,91
68,20,110
68,21,372
68,26,366
68,37,163
68,42,139
68,43,323
68,49,38
68,50,296
68,51,291
68,53,89
68,60,31
68,63,199
68,69,184
68,70,53
68,71,127
68,74,3
68,78,42
68,80,276
68,82,343
68,89,193
68,91,111
68,92,45
68,102,171
68,104,222
68,107,204
68,112,40
68,113,8
68,122,269
68,124,393
68,138,264
68,141,269
68,151,315
68,159,239
68,177,54
68,178,212
68,181,114
68,184,270
68,188,328
68,197,183
69,11,104
69,13,118
69,21,138
69,22,327
69,24,113
69,37,184
69,41,363
69,42,399
69,44,165
69,47,203
69,50,188
69,54,197
69,56,25
69,58,315
69,62,393
69,67,188
69,68,184
69,71,400
69,72,162
69,74,7
69,76,148
69,81,270
69,82,348
69,84,358
69,85,87
69,92,254
69,96,158
69,102,160
69,108,187
69,112,16
69,127,106
69,131,335
69,136,67
69,137,289
69,140,315
69,141,51
69,143,112
69,159,307
69,164,79
69,172,155
69,173,202
69,186,41
69,199,218
70,1,280
70,2,212
70,6,296
70,8,57
70,12,105
70,22,201
70,33,14
70,34,297
70,36,139
70,37,111
70,41,130
70,42,150
70,43,54
70,45,92
70,53,45
70,61,302
70,63,342
70,68,53
70,75,287
70,78,52
70,79,261
70,86,324
70,88,158
70,89,71
70,90,355
70,91,164
70,93,187
70,103,198
70,104,278
70,105,122
70,126,119
70,132,314
70,147,1
70,149,265
70,157,247
71,3,111
71,4,263
71,14,291
71,17,99
71,24,163
71,25,263
71,28,13
71,36,257
71,39,209
71,42,231
71,44,33
71,46,121
71,51,283
71,59,73
71,63,399
71,68,127
71,69,400
71,75,234
71,78,338
71,85,345
71,91,225
71,95,121
71,97,240
71,99,309
71,101,71
71,104,345
71,107,28
71,109,271
71,112,11
71,121,187
71,125,212
71,127,238
71,128,272
71,132,233
71,139,186
71,145,8
71,150,329
71,154,336
71,163,251
71,167,196
71,168,328
71,169,82
71,170,354
71,185,58
71,190,184
71,194,108
72,1,219
72,2,177
72,4,85
72,15,187
72,18,65
72,21,259
72,22,351
72,24,3
72,29,30
72,33,370
72,34,325
72,35,194
72,41,33
72,44,148
72,46,260
72,49,400
72,56,77
72,69,162
72,75,64
72,78,240
72,84,342
72,90,135
72,98,211
72,101,321
72,110,268
72,111,41
72,114,48
72,125,168
72,135,356
72,139,245
72,140,355
72,147,239
72,152,85
72,162,364
72,166,63
72,168,193
72,173,313
72,177,51
72,178,26
72,197,74
72,199,251
73,11,248
73,13,234
73,21,152
73,23,156
73,26,31
73,27,15
73,28,146
73,29,47
73,33,308
73,40,19
73,41,18
73,42,221
73,43,271
73,49,240
73,52,166
73,54,244
73,57,1
73,59,9
73,61,322
73,79,196
73,88,183
73,93,223
73,96,299
73,109,347
73,116,2
73,118,189
73,119,313
73,128,331
73,170,232
73,173,340
73,179,7
73,192,83
73,193,73
74,4,188
74,10,119
74,15,370
74,19,89
74,22,8
74,28,250
74,31,334
74,36,123
74,38,171
74,44,81
74,47,289
74,49,179
74,56,13
74,59,260
74,64,346
74,66,252
74,68,3
74,69,7
74,77,84
74,82,8
74,84,47
74,87,284
74,89,288
74,97,240
74,105,231
74,106,373
74,109,99
74,113,381
74,116,21
74,123,76
74,127,344
74,148,164
74,149,268
74,155,341
74,157,109
74,158,43
74,172,28
74,177,1
74,183,286
74,189,113
74,192,368
74,200,199
75,3,384
75,11,71
75,16,246
75,20,339
75,21,318
75,22,100
75,23,74
75,25,372
75,35,90
75,38,384
75,41,298
75,47,283
75,48,101
75,67,371
75,70,287
75,71,234
75,72,64
75,82,78
75,85,250
75,86,192
75,87,265
75,90,282
75,93,274
75,100,136
75,109,271
75,115,240
75,116,348
75,131,12
75,136,295
75,144,99
75,167,399
75,180,360
75,197,343
76,3,397
76,6,155
76,15,20
76,16,245
76,18,105
76,26,141
76,29,104
76,33,187
76,36,209
76,39,382
76,43,361
76,48,264
76,50,37
76,58,362
76,61,153
76,64,256
76,67,285
76,69,148
76,77,3
76,78,232
76,80,246
76,86,238
76,92,59
76,97,243
76,100,152
76,102,385
76,106,47
76,110,351
76,114,321
76,116,127
76,123,155
76,131,103
76,133,184
76,136,53
76,137,392
76,140,267
76,142,288
76,162,77
76,164,272
76,168,182
76,172,161
76,173,216
76,184,125
77,9,112
77,16,137
77,22,327
77,24,210
77,28,169
77,29,279
77,34,214
77,37,206
77,38,200
77,39,342
77,40,273
77,50,307
77,57,351
77,62,294
77,74,84
77,76,3
77,79,311
77,81,175
77,85,150
77,86,149
77,107,342
77,111,80
77,115,116
77,121,376
77,125,387
77,142,112
77,144,76
77,163,159
77,179,256
77,187,213
77,196,155
78,8,253
78,19,133
78,23,47
78,34,248
78,35,159
78,38,289
78,44,199
78,47,355
78,48,43
78,52,18
78,57,375
78,59,344
78,64,7
78,65,77
78,67,129
78,68,42
78,70,52
78,71,338
78,72,240
78,76,232
78,83,164
78,93,306
78,108,302
78,115,203
78,123,278
78,128,319
78,133,71
78,135,15
78,139,248
78,163,97
78,170,204
78,172,223
78,175,249
78,178,251
78,199,396
79,10,41
79,12,343
79,17,296
79,19,351
79,26,67
79,31,352
79,32,361
79,37,63
79,39,23
79,44,202
79,48,233
79,51,337
79,59,209
79,61,290
79,65,389
79,70,261
79,73,196
79,77,311
79,102,43
79,104,51
79,110,354
79,113,111
79,127,260
79,130,44
79,131,114
79,147,269
79,149,319
79,155,183
79,157,17
79,161,208
79,165,58
79,168,289
79,176,356
79,184,27
79,198,281
80,16,219
80,21,189
80,22,162
80,23,143
80,28,388
80,36,367
80,37,349
80,38,239
80,39,62
80,44,382
80,45,258
80,51,145
80,55,275
80,62,155
80,66,380
80,67,119
80,68,276
80,76,246
80,82,126
80,95,350
80,115,27
80,139,343
80,140,393
80,148,346
80,158,125
80,160,179
80,166,240
80,168,269
80,176,330
80,184,69
80,189,280
81,1,82
81,7,368
81,10,263
81,12,92
81,16,206
81,24,41
81,26,239
81,27,176
81,33,249
81,48,287
81,50,94
81,52,40
81,54,171
81,58,201
81,59,129
81,61,288
81,64,99
81,69,270
81,77,175
81,83,119
81,88,307
81,92,350
81,93,308
81,98,396
81,106,17
81,107,40
81,109,295
81,110,6
81,116,213
81,117,47
81,124,325
81,133,227
81,134,145
81,136,52
81,151,274
81,164,284
81,183,325
81,184,286
81,185,25
82,7,1
82,8,233
82,9,164
82,10,161
82,22,362
82,25,63
82,26,302
82,30,252
82,35,366
82,42,309
82,48,146
82,52,352
82,53,390
82,56,131
82,57,209
82,68,343
82,69,348
82,74,8
82,75,78
82,80,126
82,84,88
82,87,155
82,91,309
82,97,181
82,119,387
82,125,174
82,127,369
82,129,123
82,132,329
82,170,101
82,199,391
83,22,236
83,30,283
83,32,301
83,35,394
83,36,245
83,40,25
83,43,336
83,45,255
83,50,217
83,53,383
83,54,307
83,55,180
83,56,287
83,58,227
83,59,308
83,60,287
83,62,369
83,65,129
83,78,164
83,81,119
83,84,371
83,85,355
83,87,335
83,92,387
83,94,284
83,98,232
83,103,155
83,104,198
83,120,353
83,132,352
83,134,317
83,137,318
83,139,368
83,154,316
83,163,99
83,166,11
83,179,87
83,185,154
83,189,185
83,190,61
84,1,157
84,6,166
84,14,244
84,16,91
84,21,322
84,23,363
84,28,185
84,31,380
84,33,109
84,36,271
84,39,398
84,49,257
84,50,386
84,55,154
84,64,374
84,69,358
84,72,342
84,74,47
84,82,88
84,83,371
84,88,306
84,99,304
84,105,368
84,108,355
84,109,129
84,117,276
84,123,6
84,124,176
84,133,60
84,146,268
84,154,304
84,160,177
84,173,140
85,1,110
85,5,254
85,7,381
85,9,311
85,15,149
85,17,279
85,20,391
85,26,49
85,27,327
85,37,162
85,44,231
85,45,255
85,51,70
85,58,336
85,60,65
85,69,87
85,71,345
85,75,250
85,77,150
85,83,355
85,88,82
85,89,288
85,91,71
85,93,118
85,94,379
85,95,308
85,116,261
85,126,91
85,135,45
85,138,7
85,139,327
85,147,291
85,149,364
85,158,94
85,164,332
85,171,198
85,176,240
85,183,175
85,199,24
86,1,365
86,8,136
86,11,355
86,18,25
86,22,42
86,24,70
86,26,45
86,27,147
86,29,361
86,33,43
86,36,164
86,37,309
86,38,12
86,57,188
86,66,212
86,70,324
86,75,192
86,76,238
86,77,149
86,87,29
86,89,10
86,91,194
86,97,209
86,102,224
86,107,173
86,108,165
86,113,209
86,144,26
86,149,306
86,161,356
86,166,82
86,170,270
86,179,300
86,180,349
86,182,119
86,191,69
87,5,330
87,7,42
87,10,390
87,11,180
87,25,64
87,38,144
87,42,175
87,44,246
87,47,364
87,48,48
87,50,283
87,52,155
87,57,53
87,61,85
87,74,284
87,75,265
87,82,155
87,83,335
87,86,29
87,93,127
87,97,64
87,102,142
87,108,229
87,111,87
87,112,276
87,119,98
87,126,240
87,136,33
87,143,56
87,147,181
87,152,264
87,157,363
87,161,389
87,166,99
87,168,42
88,1,13
88,11,318
88,14,39
88,15,139
88,21,375
88,25,392
88,28,196
88,29,280
88,32,181
88,39,99
88,40,284
88,61,54
88,64,130
88,65,118
88,67,208
88,70,158
88,73,183
88,81,307
88,84,306
88,85,82
88,89,69
88,90,291
88,92,155
88,96,81
88,101,383
88,104,55
88,106,10
88,108,232
88,122,8
88,128,156
88,139,211
88,140,363
88,141,270
88,149,394
88,155,215
88,159,240
88,174,272
88,185,67
89,11,244
89,20,347
89,21,300
89,31,129
89,34,35
89,41,12
89,45,255
89,46,255
89,47,32
89,52,313
89,54,240
89,57,273
89,65,281
89,68,193
89,70,71
89,74,288
89,85,288
89,86,10
89,88,69
89,94,133
89,100,70
89,103,16
89,112,205
89,124,194
89,137,312
89,144,257
89,146,303
89,147,195
89,150,326
89,153,132
89,155,98
89,157,298
89,188,16
89,196,68
89,198,63
90,3,52
90,10,91
90,19,337
90,25,118
90,27,139
90,28,395
90,29,142
90,34,340
90,36,282
90,39,182
90,47,70
90,50,213
90,53,111
