source,target,weight
1,2,329
1,3,110
1,4,180
1,5,144
1,6,198
1,7,383
1,9,371
1,10,8
1,13,339
1,14,253
1,16,114
1,17,261
1,18,12
1,20,194
1,21,44
1,23,390
1,25,208
1,27,96
1,28,111
1,33,94
1,34,315
1,35,26
1,37,298
1,39,259
1,40,120
1,41,245
1,44,333
1,45,187
1,47,302
1,48,394
1,49,191
1,50,270
1,51,52
1,52,69
1,53,88
1,54,274
1,55,313
1,57,202
1,59,194
1,60,165
1,61,286
1,63,297
1,65,191
1,66,214
1,67,124
1,69,72
1,71,11
1,73,72
1,74,242
1,76,57
1,77,286
1,78,264
1,80,271
1,81,55
1,82,396
1,84,52
1,85,281
1,86,329
1,91,132
1,92,259
1,93,70
1,96,222
1,97,155
1,98,171
1,100,291
1,108,193
1,119,45
1,120,191
1,121,149
1,124,247
1,130,68
1,132,379
1,134,16
1,135,265
1,137,36
1,138,25
1,140,28
1,141,65
1,142,57
1,145,320
1,146,151
1,150,187
1,151,369
1,155,142
1,156,205
1,160,309
1,162,17
1,168,27
1,173,240
1,177,96
1,194,302
1,196,308
1,197,213
1,200,45
2,1,329
2,3,394
2,4,389
2,5,345
2,7,12
2,8,332
2,9,200
2,10,397
2,11,221
2,13,105
2,15,187
2,16,77
2,18,97
2,20,379
2,21,237
2,22,223
2,23,356
2,26,166
2,27,235
2,28,269
2,29,139
2,30,249
2,31,89
2,32,275
2,34,168
2,35,340
2,36,358
2,37,253
2,38,384
2,41,317
2,42,140
2,43,193
2,47,323
2,49,318
2,52,254
2,53,238
2,54,239
2,55,103
2,56,389
2,58,264
2,59,237
2,60,167
2,62,381
2,63,204
2,66,319
2,67,284
2,72,395
2,73,391
2,74,199
2,75,36
2,79,132
2,81,206
2,82,23
2,86,348
2,87,251
2,88,21
2,90,183
2,93,214
2,94,324
2,95,274
2,97,3
2,100,247
2,105,15
2,108,253
2,109,125
2,114,273
2,116,275
2,124,346
2,126,257
2,129,11
2,131,219
2,134,301
2,144,242
2,148,19
2,151,147
2,152,131
2,153,396
2,154,128
2,155,174
2,157,254
2,160,289
2,163,141
2,174,88
2,176,186
2,178,135
2,183,363
2,186,254
2,189,68
2,190,110
2,193,366
2,195,123
3,1,110
3,2,394
3,6,183
3,13,152
3,14,118
3,16,337
3,17,33
3,18,23
3,20,152
3,22,177
3,23,362
3,24,19
3,25,157
3,27,360
3,28,222
3,29,131
3,30,358
3,33,115
3,34,306
3,35,239
3,36,310
3,37,50
3,38,361
3,39,323
3,41,261
3,42,292
3,44,69
3,45,231
3,46,11
3,48,309
3,49,31
3,50,208
3,51,213
3,52,397
3,53,374
3,54,11
3,55,247
3,58,224
3,59,366
3,61,312
3,62,75
3,63,248
3,64,12
3,66,296
3,67,9
3,69,142
3,71,5
3,72,379
3,74,106
3,75,170
3,76,293
3,77,271
3,83,97
3,86,339
3,89,68
3,91,147
3,92,357
3,94,55
3,95,171
3,96,116
3,99,389
3,102,265
3,103,6
3,106,313
3,108,351
3,111,233
3,114,242
3,116,17
3,118,20
3,119,370
3,121,145
3,122,267
3,124,49
3,126,11
3,129,312
3,131,345
3,136,153
3,137,285
3,140,366
3,141,399
3,144,348
3,149,124
3,150,344
3,152,226
3,161,86
3,173,334
3,174,304
3,175,170
3,178,74
3,183,224
3,192,209
3,196,306
3,197,260
3,198,31
4,1,180
4,2,389
4,5,160
4,6,106
4,7,253
4,8,383
4,9,394
4,12,343
4,14,205
4,15,126
4,16,106
4,17,58
4,20,310
4,23,363
4,25,55
4,26,389
4,27,180
4,28,124
4,29,221
4,31,170
4,32,111
4,33,226
4,35,39
4,36,247
4,37,90
4,39,298
4,40,277
4,42,14
4,43,257
4,44,20
4,45,249
4,46,144
4,47,37
4,50,292
4,51,51
4,52,190
4,54,162
4,58,87
4,59,19
4,61,374
4,62,251
4,64,283
4,68,301
4,70,228
4,71,258
4,72,130
4,74,234
4,75,385
4,76,237
4,77,78
4,78,4
4,79,319
4,82,273
4,90,37
4,91,209
4,93,315
4,96,386
4,100,322
4,102,41
4,104,171
4,106,265
4,110,350
4,113,319
4,114,366
4,115,119
4,117,334
4,118,356
4,120,323
4,121,233
4,124,63
4,128,363
4,129,166
4,132,112
4,138,358
4,141,281
4,144,107
4,150,11
4,152,397
4,164,202
4,165,112
4,175,73
4,177,151
4,179,204
4,185,389
4,189,116
4,192,368
4,194,84
5,1,144
5,2,345
5,4,160
5,6,136
5,7,390
5,8,111
5,9,377
5,10,133
5,12,218
5,15,104
5,17,314
5,18,287
5,19,189
5,20,260
5,22,109
5,23,389
5,24,224
5,25,309
5,26,49
5,27,140
5,28,400
5,30,306
5,32,37
5,33,347
5,34,102
5,35,131
5,36,225
5,39,32
5,41,196
5,42,43
5,43,168
5,44,309
5,46,297
5,48,252
5,50,202
5,54,183
5,55,393
5,56,281
5,57,134
5,60,84
5,61,78
5,66,384
5,68,293
5,69,179
5,70,86
5,73,26
5,74,279
5,75,211
5,76,284
5,81,38
5,84,153
5,86,31
5,91,90
5,96,168
5,98,75
5,101,400
5,102,104
5,112,147
5,115,194
5,117,174
5,120,186
5,121,232
5,124,93
5,125,75
5,127,61
5,129,383
5,130,94
5,131,193
5,133,358
5,135,252
5,137,75
5,141,103
5,149,131
5,151,16
5,157,167
5,158,129
5,159,326
5,163,231
5,165,125
5,167,292
5,169,139
5,174,20
5,176,342
5,177,112
5,178,262
5,186,198
5,187,111
5,189,119
5,191,224
5,192,343
5,193,5
5,196,311
6,1,198
6,3,183
6,4,106
6,5,136
6,7,253
6,9,370
6,10,43
6,11,130
6,12,325
6,13,48
6,14,283
6,15,216
6,16,254
6,17,220
6,18,311
6,21,302
6,22,98
6,23,144
6,25,3
6,27,289
6,28,166
6,29,290
6,30,221
6,31,246
6,33,303
6,41,351
6,43,96
6,45,168
6,46,282
6,47,324
6,50,201
6,51,64
6,52,353
6,54,163
6,57,384
6,58,86
6,59,131
6,60,77
6,61,296
6,62,400
6,63,119
6,64,179
6,65,172
6,68,328
6,72,97
6,75,206
6,79,366
6,84,17
6,85,223
6,87,189
6,95,199
6,96,130
6,100,339
6,101,319
6,107,244
6,108,370
6,111,17
6,112,169
6,113,275
6,114,115
6,115,326
6,118,132
6,122,113
6,125,165
6,132,370
6,134,320
6,137,108
6,139,399
6,141,54
6,143,347
6,144,243
6,147,59
6,155,139
6,156,97
6,157,208
6,161,315
6,166,307
6,168,314
6,170,378
6,173,194
6,180,262
6,185,217
6,189,222
6,193,307
7,1,383
7,2,12
7,4,253
7,5,390
7,6,253
7,8,80
7,9,349
7,10,341
7,11,362
7,12,300
7,13,43
7,14,306
7,16,285
7,18,81
7,20,65
7,22,352
7,23,272
7,24,337
7,26,315
7,28,381
7,29,74
7,31,98
7,32,352
7,33,127
7,35,342
7,36,325
7,38,35
7,39,88
7,41,21
7,42,251
7,43,172
7,44,311
7,45,179
7,47,260
7,48,177
7,49,82
7,51,135
7,52,269
7,53,383
7,55,180
7,57,195
7,58,367
7,59,67
7,60,150
7,62,172
7,63,285
7,67,282
7,71,37
7,72,133
7,73,72
7,80,81
7,82,137
7,85,389
7,86,324
7,88,269
7,89,168
7,91,250
7,94,255
7,95,42
7,96,233
7,101,318
7,103,307
7,104,86
7,105,399
7,109,202
7,112,10
7,113,142
7,118,112
7,121,235
7,123,326
7,125,141
7,126,33
7,127,191
7,130,219
7,133,316
7,135,190
7,139,353
7,140,212
7,146,381
7,148,253
7,157,371
7,158,80
7,166,221
7,170,24
7,173,379
7,175,179
7,176,66
7,178,388
7,184,282
7,187,128
7,198,84
8,2,332
8,4,383
8,5,111
8,7,80
8,10,12
8,11,51
8,13,199
8,15,300
8,17,41
8,18,269
8,21,389
8,22,157
8,24,287
8,26,301
8,29,255
8,32,374
8,36,261
8,37,65
8,39,39
8,40,387
8,42,251
8,43,297
8,44,395
8,45,100
8,47,130
8,48,54
8,49,40
8,51,117
8,52,123
8,53,166
8,56,81
8,57,351
8,58,100
8,60,284
8,62,358
8,63,34
8,64,73
8,65,223
8,66,56
8,67,21
8,68,192
8,69,328
8,70,349
8,72,202
8,74,314
8,78,116
8,79,95
8,80,189
8,84,268
8,88,155
8,89,193
8,93,223
8,95,71
8,96,382
8,97,162
8,100,217
8,102,124
8,103,133
8,104,225
8,107,189
8,109,356
8,112,388
8,114,264
8,123,378
8,125,141
8,127,346
8,128,316
8,129,222
8,133,289
8,138,385
8,145,101
8,152,246
8,155,335
8,156,233
8,159,31
8,160,314
8,164,384
8,168,138
8,176,107
8,177,33
8,178,107
8,186,15
8,194,309
8,200,250
9,1,371
9,2,200
9,4,394
9,5,377
9,6,370
9,7,349
9,10,79
9,11,15
9,12,252
9,13,348
9,15,304
9,18,391
9,19,276
9,22,311
9,23,390
9,25,147
9,26,29
9,28,390
9,29,298
9,30,66
9,34,345
9,36,167
9,37,70
9,38,219
9,39,381
9,40,393
9,42,275
9,43,388
9,45,118
9,46,356
9,47,68
9,48,38
9,49,313
9,50,254
9,52,257
9,53,379
9,54,170
9,55,222
9,57,67
9,58,194
9,60,250
9,61,281
9,62,328
9,63,208
9,65,296
9,66,365
9,69,33
9,71,386
9,73,335
9,75,337
9,78,173
9,79,85
9,81,385
9,82,103
9,83,245
9,84,2
9,87,38
9,89,243
9,91,373
9,92,138
9,95,107
9,96,85
9,100,201
9,105,76
9,107,149
9,112,64
9,113,22
9,114,125
9,115,94
9,116,32
9,119,371
9,124,287
9,126,166
9,128,233
9,134,363
9,138,46
9,140,85
9,142,390
9,159,107
9,160,345
9,162,47
9,165,390
9,177,389
9,181,287
9,183,397
9,187,80
9,192,393
9,194,318
9,198,369
9,199,199
10,1,8
10,2,397
10,5,133
10,6,43
10,7,341
10,8,12
10,9,79
10,11,174
10,13,213
10,14,364
10,15,324
10,16,217
10,17,219
10,18,149
10,19,344
10,22,137
10,24,120
10,25,220
10,26,176
10,28,111
10,29,274
10,31,399
10,32,304
10,33,11
10,34,379
10,35,224
10,36,146
10,37,272
10,39,282
10,40,385
10,41,61
10,42,354
10,43,363
10,45,20
10,49,359
10,51,200
10,52,20
10,53,68
10,54,184
10,57,11
10,58,386
10,59,173
10,62,30
10,64,135
10,66,193
10,67,357
10,68,215
10,71,100
10,72,206
10,73,75
10,75,331
10,76,170
10,77,117
10,79,335
10,82,111
10,84,308
10,88,112
10,89,191
10,91,399
10,93,337
10,94,227
10,98,52
10,99,39
10,103,301
10,113,352
10,114,90
10,115,292
10,116,285
10,125,32
10,130,352
10,135,277
10,140,359
10,141,389
10,146,318
10,148,37
10,149,315
10,158,48
10,164,158
10,165,91
10,167,177
10,175,361
10,190,147
10,192,274
10,198,295
11,2,221
11,6,130
11,7,362
11,8,51
11,9,15
11,10,174
11,12,88
11,13,378
11,14,372
11,15,237
11,16,19
11,18,234
11,19,106
11,20,338
11,24,367
11,26,49
11,28,228
11,31,398
11,32,101
11,33,240
11,35,33
11,38,170
11,39,126
11,41,287
11,42,343
11,47,400
11,48,167
11,49,214
11,50,285
11,51,302
11,53,180
11,54,49
11,56,110
11,58,284
11,59,328
11,60,229
11,63,46
11,65,17
11,68,382
11,69,237
11,70,129
11,72,313
11,75,263
11,85,92
11,86,207
11,87,200
11,91,174
11,93,310
11,94,75
11,95,284
11,101,71
11,102,284
11,103,390
11,104,250
11,110,161
11,112,212
11,118,92
11,119,66
11,120,196
11,121,293
11,123,14
11,125,133
11,127,47
11,129,389
11,130,46
11,139,330
11,140,207
11,146,110
11,147,338
11,149,151
11,152,381
11,157,380
11,172,304
11,174,174
11,176,205
11,178,156
11,181,373
11,189,320
11,194,207
11,196,170
12,4,343
12,5,218
12,6,325
12,7,300
12,9,252
12,11,88
12,13,295
12,14,150
12,15,97
12,16,42
12,17,20
12,18,146
12,19,274
12,20,369
12,23,329
12,24,286
12,25,393
12,26,59
12,27,218
12,30,47
12,31,180
12,33,27
12,35,26
12,36,112
12,37,184
12,38,301
12,44,283
12,46,394
12,48,81
12,49,46
12,50,333
12,51,48
12,53,212
12,55,30
12,59,216
12,60,297
12,61,47
12,63,2
12,65,257
12,66,354
12,67,281
12,68,142
12,69,65
12,70,357
12,71,85
12,73,275
12,76,173
12,77,230
12,82,74
12,85,25
12,89,286
12,91,291
12,93,332
12,98,274
12,99,394
12,101,49
12,102,317
12,103,399
12,104,9
12,106,259
12,110,136
12,111,212
12,115,116
12,118,339
12,119,180
12,124,358
12,125,100
12,128,221
12,134,364
12,135,276
12,138,146
12,141,110
12,142,373
12,143,196
12,149,18
12,153,312
12,154,254
12,159,27
12,161,218
12,173,182
12,175,279
12,183,300
12,192,49
12,197,72
13,1,339
13,2,105
13,3,152
13,6,48
13,7,43
13,8,199
13,9,348
13,10,213
13,11,378
13,12,295
13,14,146
13,15,46
13,19,217
13,20,144
13,21,142
13,22,308
13,24,25
13,25,94
13,26,79
13,27,360
13,28,137
13,29,167
13,30,142
13,31,304
13,34,15
13,36,231
13,37,61
13,38,323
13,40,243
13,41,87
13,42,39
13,43,224
13,44,134
13,48,195
13,50,349
13,54,118
13,55,78
13,57,90
13,59,394
13,60,309
13,61,241
13,63,377
13,65,155
13,67,72
13,69,248
13,70,392
13,71,268
13,72,92
13,73,29
13,75,307
13,76,57
13,77,303
13,78,179
13,81,369
13,86,175
13,91,127
13,92,80
13,93,129
13,95,89
13,98,48
13,100,96
13,101,105
13,103,358
13,104,253
13,105,310
13,106,182
13,113,250
13,114,302
13,115,325
13,120,149
13,127,167
13,128,391
13,129,181
13,130,224
13,132,31
13,134,122
13,137,348
13,139,323
13,144,351
13,147,215
13,153,388
13,155,106
13,157,363
13,159,24
13,160,307
13,162,130
13,163,400
13,164,283
13,175,11
13,188,177
14,1,253
14,3,118
14,4,205
14,6,283
14,7,306
14,10,364
14,11,372
14,12,150
14,13,146
14,16,125
14,19,234
14,20,243
14,21,50
14,22,81
14,23,290
14,24,396
14,25,156
14,27,150
14,28,113
14,30,31
14,32,211
14,34,248
14,36,141
14,37,342
14,41,269
14,42,265
14,45,38
14,46,100
14,47,265
14,51,205
14,53,264
14,54,329
14,55,240
14,57,73
14,63,131
14,65,152
14,66,386
14,68,80
14,71,30
14,72,328
14,74,109
14,75,271
14,77,325
14,78,133
14,80,108
14,85,165
14,87,129
14,88,146
14,89,217
14,93,246
14,95,243
14,97,391
14,99,374
14,100,326
14,101,125
14,103,131
14,108,184
14,110,25
14,112,89
14,114,188
14,115,103
14,117,396
14,118,101
14,119,106
14,122,135
14,123,92
14,131,397
14,138,30
14,141,394
14,143,186
14,145,274
14,146,240
14,157,370
14,158,351
14,159,137
14,167,87
14,168,319
14,170,335
14,174,372
14,175,47
14,178,38
14,180,348
14,182,89
14,187,251
14,189,220
14,192,370
14,195,273
14,196,206
14,197,338
15,2,187
15,4,126
15,5,104
15,6,216
15,8,300
15,9,304
15,10,324
15,11,237
15,12,97
15,13,46
15,16,100
15,17,26
15,21,80
15,22,290
15,23,288
15,26,126
15,27,263
15,28,146
15,30,192
15,31,116
15,32,232
15,33,180
15,34,5
15,36,293
15,38,169
15,40,208
15,41,5
15,42,41
15,43,381
15,45,69
15,48,53
15,49,165
15,50,1
15,52,164
15,53,58
15,54,148
15,55,67
15,56,8
15,57,205
15,58,90
15,62,125
15,64,39
15,65,183
15,68,140
15,71,182
15,72,82
15,74,244
15,75,14
15,77,231
15,79,270
15,81,35
15,83,118
15,85,204
15,87,395
15,90,351
15,94,346
15,97,85
15,99,221
15,100,382
15,101,395
15,102,108
15,103,98
15,105,103
15,107,153
15,110,146
15,114,167
15,118,172
15,122,231
15,125,255
15,126,2
15,132,42
15,133,335
15,138,211
15,143,317
15,153,367
15,156,307
15,160,99
15,165,3
15,168,55
15,171,272
15,190,81
15,196,50
16,1,114
16,2,77
16,3,337
16,4,106
16,6,254
16,7,285
16,10,217
16,11,19
16,12,42
16,14,125
16,15,100
16,17,167
16,20,137
16,21,393
16,23,155
16,25,239
16,27,60
16,30,166
16,31,346
16,32,57
16,34,221
16,36,57
16,37,162
16,38,115
16,39,337
16,40,86
16,41,341
16,42,202
16,45,270
16,47,315
16,48,29
16,49,63
16,50,47
16,54,213
16,56,219
16,57,95
16,58,201
16,60,342
16,61,368
16,62,175
16,66,121
16,69,88
16,70,134
16,71,27
16,75,217
16,76,326
16,78,237
16,80,45
16,81,274
16,86,62
16,89,85
16,90,158
16,92,376
16,93,180
16,95,118
16,99,235
16,100,269
16,102,145
16,105,21
16,107,164
16,114,198
16,117,311
16,121,389
16,123,50
16,126,264
16,131,304
16,135,52
16,143,334
16,144,350
16,145,171
16,148,53
16,151,332
16,152,195
16,153,366
16,154,174
16,160,375
16,161,360
16,162,205
16,163,342
16,166,1
16,170,130
16,175,177
16,176,311
16,179,51
16,182,331
16,185,224
16,187,87
16,191,340
16,193,197
16,200,395
17,1,261
17,3,33
17,4,58
17,5,314
17,6,220
17,8,41
17,10,219
17,12,20
17,15,26
17,16,167
17,18,33
17,19,202
17,20,12
17,22,203
17,25,220
17,26,328
17,27,281
17,30,320
17,33,348
17,34,161
17,35,356
17,38,237
17,39,301
17,40,287
17,42,253
17,43,22
17,45,92
17,46,84
17,47,79
17,51,365
17,52,306
17,53,291
17,54,66
17,55,89
17,56,115
17,62,370
17,63,151
17,65,392
17,69,177
17,70,379
17,78,374
17,80,390
17,81,345
17,82,384
17,84,313
17,85,396
17,88,247
17,89,87
17,90,182
17,95,17
17,98,44
17,99,391
17,102,84
17,109,279
17,111,216
17,112,6
17,122,324
17,124,256
17,126,71
17,127,180
17,132,365
17,133,281
17,134,127
17,135,50
17,136,273
17,144,226
17,147,6
17,148,264
17,150,43
17,153,289
17,154,311
17,155,265
17,160,386
17,161,48
17,163,257
17,166,2
17,167,140
17,169,304
17,172,362
17,174,197
17,182,73
17,185,235
17,186,253
17,187,218
17,189,327
17,190,280
17,194,193
17,198,311
17,200,167
18,1,12
18,2,97
18,3,23
18,5,287
18,6,311
18,7,81
18,8,269
18,9,391
18,10,149
18,11,234
18,12,146
18,17,33
18,19,148
18,20,5
18,21,232
18,23,11
18,24,198
18,25,176
18,26,9
18,27,173
18,28,226
18,29,236
18,31,383
18,32,110
18,34,274
18,35,284
18,36,321
18,37,214
18,38,90
18,40,344
18,41,90
18,42,282
18,43,196
18,45,145
18,50,400
18,51,24
18,52,70
18,53,64
18,54,318
18,56,243
18,58,205
18,63,365
18,66,24
18,68,92
18,69,304
18,70,67
18,72,368
18,74,174
18,75,67
18,78,326
18,80,236
18,83,371
18,86,79
18,88,28
18,91,355
18,92,128
18,94,233
18,95,313
18,96,43
18,101,339
18,103,32
18,104,355
18,106,372
18,107,171
18,110,245
18,113,308
18,114,350
18,117,7
18,121,349
18,127,292
18,131,71
18,132,247
18,135,380
18,137,105
18,142,329
18,143,385
18,144,163
18,145,14
18,146,219
18,147,192
18,148,293
18,149,255
18,159,76
18,161,263
18,165,184
18,169,324
18,184,90
18,186,181
18,191,201
18,194,11
18,195,120
19,5,189
19,9,276
19,10,344
19,11,106
19,12,274
19,13,217
19,14,234
19,17,202
19,18,148
19,21,242
19,22,291
19,23,349
19,24,52
19,25,395
19,26,172
19,28,19
19,29,51
19,32,149
19,35,169
19,36,89
19,37,136
19,38,94
19,40,241
19,41,153
19,44,20
19,46,303
19,47,235
19,48,362
19,49,128
19,50,172
19,51,280
19,52,195
19,53,24
19,54,204
19,55,149
19,56,208
19,57,354
19,58,128
19,59,135
19,60,327
19,61,137
19,62,167
19,63,181
19,64,337
19,65,148
19,74,226
19,78,215
19,79,150
19,82,266
19,83,150
19,85,271
19,88,261
19,89,301
19,91,222
19,93,345
19,97,305
19,98,115
19,99,141
19,100,115
19,102,353
19,104,110
19,108,289
19,109,273
19,114,328
19,118,125
19,123,199
19,126,236
19,127,76
19,128,74
19,132,305
19,140,131
19,143,210
19,149,323
19,150,335
19,152,160
19,159,192
19,164,364
19,166,44
19,171,299
19,173,113
19,174,152
19,185,338
19,199,18
20,1,194
20,2,379
20,3,152
20,4,310
20,5,260
20,7,65
20,11,338
20,12,369
20,13,144
20,14,243
20,16,137
20,17,12
20,18,5
20,21,297
20,24,86
20,26,383
20,27,390
20,28,252
20,30,134
20,33,285
20,34,307
20,35,40
20,36,226
20,37,106
20,38,134
20,45,384
20,46,227
20,48,292
20,49,191
20,50,27
20,51,206
20,52,24
20,53,152
20,54,100
20,56,225
20,58,149
20,59,295
20,60,354
20,61,124
20,62,47
20,63,250
20,65,346
20,66,350
20,67,380
20,68,174
20,73,331
20,75,255
20,76,174
20,78,356
20,79,29
20,81,183
20,83,387
20,84,76
20,88,390
20,93,397
20,95,267
20,109,294
20,110,86
20,112,89
20,113,223
20,114,315
20,118,43
20,119,13
20,122,375
20,123,3
20,124,365
20,136,181
20,143,23
20,145,189
20,149,232
20,150,114
20,153,243
20,154,259
20,156,105
20,157,210
20,161,92
20,162,355
20,164,206
20,166,82
20,170,371
20,173,258
20,189,388
21,1,44
21,2,237
21,6,302
21,8,389
21,13,142
21,14,50
21,15,80
21,16,393
21,18,232
21,19,242
21,20,297
21,22,243
21,25,243
21,28,301
21,30,40
21,31,142
21,32,2
21,33,215
21,34,315
21,35,295
21,38,215
21,39,114
21,41,358
21,42,387
21,43,303
21,44,65
21,46,153
21,47,367
21,48,264
21,51,219
21,53,149
21,54,157
21,55,244
21,56,206
21,60,250
21,61,368
21,62,370
21,63,378
21,64,223
21,67,270
21,68,92
21,69,260
21,70,299
21,71,261
21,73,396
21,74,85
21,75,221
21,77,299
21,79,13
21,82,71
21,83,307
21,85,170
21,89,46
21,90,285
21,92,125
21,94,332
21,95,192
21,102,311
21,108,336
21,112,239
21,113,371
21,114,11
21,115,107
21,116,320
21,117,350
21,120,185
21,124,339
21,128,102
21,132,143
21,139,261
21,142,62
21,145,49
21,147,151
21,150,399
21,153,132
21,154,102
21,156,178
21,163,269
21,166,99
21,167,301
21,173,283
21,174,350
21,180,126
21,184,288
21,187,295
21,192,228
21,197,397
21,198,18
21,200,86
22,2,223
22,3,177
22,5,109
22,6,98
22,7,352
22,8,157
22,9,311
22,10,137
22,13,308
22,14,81
22,15,290
22,17,203
22,19,291
22,21,243
22,24,129
22,26,147
22,27,122
22,28,362
22,29,101
22,32,24
22,33,369
22,34,307
22,35,149
22,36,314
22,38,73
22,39,329
22,40,282
22,42,189
22,43,352
22,48,288
22,49,63
22,50,100
22,51,310
22,52,79
22,53,320
22,55,353
22,56,24
22,58,268
22,59,93
22,60,267
22,62,73
22,66,380
22,69,24
22,70,113
22,71,80
22,72,229
22,74,189
22,76,15
22,77,18
22,82,198
22,85,54
22,86,222
22,87,121
22,90,247
22,91,334
22,92,385
22,94,168
22,96,207
22,97,257
22,105,144
22,106,377
22,107,351
22,109,80
22,112,179
22,113,146
22,118,193
22,121,131
22,123,298
22,125,190
22,127,193
22,131,208
22,133,180
22,135,156
22,141,303
22,144,333
22,147,194
22,148,153
22,152,103
22,154,134
22,156,200
22,157,235
22,161,102
22,162,160
22,163,38
22,169,109
22,172,332
22,176,349
22,181,97
22,188,200
22,189,336
22,191,397
23,1,390
23,2,356
23,3,362
23,4,363
23,5,389
23,6,144
23,7,272
23,9,390
23,12,329
23,14,290
23,15,288
23,16,155
23,18,11
23,19,349
23,24,135
23,28,342
23,29,258
23,32,269
23,34,34
23,35,118
23,37,293
23,38,47
23,40,112
23,41,353
23,42,117
23,44,393
23,45,235
23,46,280
23,47,29
23,48,384
23,51,374
23,52,292
23,53,118
23,54,38
23,55,172
23,58,170
23,59,161
23,60,102
23,61,217
23,63,301
23,65,110
23,66,247
23,68,213
23,69,86
23,71,182
23,73,134
23,75,11
23,77,233
23,78,248
23,79,87
23,80,91
23,82,289
23,84,140
23,86,327
23,87,275
23,89,190
23,91,392
23,99,363
23,100,124
23,101,251
23,103,133
23,106,215
23,111,305
23,113,192
23,117,13
23,119,174
23,127,162
23,130,226
23,134,320
23,135,14
23,136,396
23,138,111
23,140,20
23,145,366
23,147,241
23,152,49
23,153,206
23,161,352
23,163,125
23,168,145
23,170,12
23,180,214
23,183,222
23,184,104
23,185,3
23,188,235
23,190,206
23,191,52
23,192,126
23,194,306
24,3,19
24,5,224
24,7,337
24,8,287
24,10,120
24,11,367
24,12,286
24,13,25
24,14,396
24,18,198
24,19,52
24,20,86
24,22,129
24,23,135
24,25,278
24,26,187
24,27,346
24,29,73
24,31,179
24,37,293
24,39,235
24,40,372
24,43,178
24,44,117
24,46,15
24,50,217
24,52,246
24,54,259
24,56,184
24,57,41
24,58,107
24,59,368
24,60,361
24,61,301
24,63,311
24,64,172
24,69,311
24,72,79
24,73,294
24,81,61
24,85,202
24,87,275
24,91,138
24,92,312
24,93,313
24,97,16
24,99,13
24,100,180
24,102,280
24,108,309
24,113,170
24,114,9
24,117,129
24,119,153
24,120,287
24,121,89
24,123,137
24,125,282
24,129,8
24,131,249
24,133,101
24,134,175
24,135,313
24,138,154
24,139,53
24,145,362
24,150,2
24,156,46
24,157,334
24,158,98
24,159,268
24,160,387
24,164,165
24,167,387
24,168,162
24,169,41
24,170,24
24,173,181
24,175,368
24,176,186
24,183,62
24,195,176
24,200,119
25,1,208
25,3,157
25,4,55
25,5,309
25,6,3
25,9,147
25,10,220
25,12,393
25,13,94
25,14,156
25,16,239
25,17,220
25,18,176
25,19,395
25,21,243
25,24,278
25,26,53
25,27,26
25,29,134
25,34,12
25,35,266
25,36,30
25,38,129
25,39,221
25,40,279
25,41,66
25,42,365
25,43,246
25,44,332
25,46,267
25,47,250
25,48,159
25,59,388
25,60,316
25,61,3
25,63,57
25,65,351
25,69,374
25,70,225
25,72,242
25,74,126
25,75,129
25,76,215
25,79,332
25,80,99
25,83,6
25,87,245
25,91,254
25,93,346
25,94,30
25,95,76
25,96,251
25,100,136
25,101,144
25,106,294
25,107,223
25,109,245
25,110,76
25,112,99
25,113,103
25,118,84
25,121,348
25,127,51
25,129,103
25,130,188
25,131,365
25,132,261
25,136,8
25,137,136
25,138,89
25,139,55
25,141,146
25,142,191
25,143,390
25,145,130
25,150,349
25,152,358
25,158,372
25,161,98
25,166,255
25,167,216
25,168,255
25,177,46
25,179,142
25,186,231
25,187,198
25,195,366
25,197,245
25,199,77
25,200,87
26,2,166
26,4,389
26,5,49
26,7,315
26,8,301
26,9,29
26,10,176
26,11,49
26,12,59
26,13,79
26,15,126
26,17,328
26,18,9
26,19,172
26,20,383
26,22,147
26,24,187
26,25,53
26,27,33
26,28,80
26,29,43
26,30,183
26,31,181
26,32,251
26,34,185
26,35,77
26,38,53
26,41,370
26,42,126
26,43,83
26,44,104
26,45,275
26,46,213
26,47,185
26,48,127
26,49,175
26,50,203
26,53,13
26,55,76
26,56,225
26,57,3
26,60,88
26,65,83
26,66,281
26,69,146
26,70,52
26,72,253
26,73,130
26,74,275
26,75,129
26,76,213
26,77,156
26,78,85
26,79,23
26,80,1
26,82,363
26,86,311
26,87,341
26,90,22
26,93,202
26,96,268
26,100,4
26,101,317
26,104,101
26,105,73
26,106,116
26,111,399
26,114,31
26,115,98
26,126,315
26,129,34
26,135,310
26,141,37
26,149,239
26,155,59
26,159,292
26,162,400
26,165,283
26,173,46
26,174,363
26,176,158
26,181,13
26,192,170
26,194,346
26,197,314
26,200,324
27,1,96
27,2,235
27,3,360
27,4,180
27,5,140
27,6,289
27,12,218
27,13,360
27,14,150
27,15,263
27,16,60
27,17,281
27,18,173
27,20,390
27,22,122
27,24,346
27,25,26
27,26,33
27,28,170
27,29,395
27,30,10
27,32,122
27,33,43
27,34,288
27,35,324
27,36,167
27,37,120
27,38,98
27,39,137
27,41,86
27,43,245
27,44,326
27,47,148
27,48,117
27,50,67
27,51,315
27,54,251
27,55,1
27,57,151
27,58,250
27,59,310
27,61,116
27,64,217
27,67,399
27,69,90
27,70,113
27,71,19
27,72,349
27,74,202
27,79,352
27,80,158
27,81,139
27,85,255
27,86,68
27,87,19
27,88,35
27,90,122
27,91,5
27,92,13
27,93,398
27,96,261
27,101,134
27,103,102
27,107,19
27,109,147
27,110,255
27,111,173
27,112,294
27,114,173
27,115,134
27,116,72
27,120,289
27,122,249
27,124,30
27,125,77
27,130,171
27,133,288
27,134,199
27,135,8
27,139,392
27,140,86
27,146,367
27,147,224
27,150,128
27,152,16
27,153,307
27,156,28
27,158,54
27,168,117
27,170,102
27,171,69
27,182,105
27,186,57
27,189,224
27,190,322
27,191,41
27,198,8
28,1,111
28,2,269
28,3,222
28,4,124
28,5,400
28,6,166
28,7,381
28,9,390
28,10,111
28,11,228
28,13,137
28,14,113
28,15,146
28,18,226
28,19,19
28,20,252
28,21,301
28,22,362
28,23,342
28,26,80
28,27,170
28,29,18
28,30,184
28,31,189
28,32,389
28,33,159
28,36,174
28,38,295
28,39,24
28,40,310
28,41,381
28,42,26
28,45,263
28,49,341
28,51,313
28,53,340
28,54,358
28,57,137
28,58,36
28,59,191
28,60,378
28,62,155
28,63,127
28,64,130
28,66,373
28,68,53
28,70,327
28,74,291
28,75,141
28,77,246
28,78,80
28,79,155
28,81,190
28,82,366
28,83,249
28,89,18
28,92,51
28,95,395
28,98,385
28,99,249
28,104,180
28,105,200
28,109,331
28,110,139
28,111,190
28,115,231
28,119,340
28,120,343
28,128,27
28,140,328
28,142,124
28,148,315
28,150,187
28,154,86
28,158,283
28,161,374
28,163,321
28,164,82
28,176,80
28,177,351
28,179,192
28,180,17
28,183,310
28,193,293
28,196,22
29,2,139
29,3,131
29,4,221
29,6,290
29,7,74
29,8,255
29,9,298
29,10,274
29,13,167
29,18,236
29,19,51
29,22,101
29,23,258
29,24,73
29,25,134
29,26,43
29,27,395
29,28,18
29,30,323
29,31,111
29,32,226
29,33,155
29,35,249
29,36,391
29,37,117
29,38,73
29,39,324
29,40,378
29,41,230
29,43,251
29,44,37
29,48,10
29,49,355
29,52,162
29,53,96
29,55,58
29,56,364
29,57,326
29,61,71
29,62,171
29,64,67
29,65,226
29,69,137
29,73,270
29,74,120
29,77,182
29,79,172
29,80,68
29,83,24
29,85,339
29,88,156
29,90,311
29,93,162
29,98,100
29,99,71
29,101,343
29,104,324
29,110,292
29,111,183
29,114,82
29,117,347
29,120,345
29,123,342
29,125,28
29,127,358
29,128,113
29,129,94
29,130,172
29,132,202
29,134,358
29,137,71
29,141,379
29,149,42
29,150,78
29,152,351
29,155,103
29,158,303
29,163,225
29,171,218
29,172,278
29,175,347
29,176,126
29,180,271
29,181,128
29,183,393
29,185,46
29,186,310
29,191,321
29,193,38
29,197,36
29,200,309
30,2,249
30,3,358
30,5,306
30,6,221
30,9,66
30,12,47
30,13,142
30,14,31
30,15,192
30,16,166
30,17,320
30,20,134
30,21,40
30,26,183
30,27,10
30,28,184
30,29,323
30,32,396
30,33,320
30,36,48
30,37,116
30,41,112
30,42,394
30,43,187
30,44,367
30,45,177
30,47,170
30,48,99
30,50,138
30,51,79
30,52,100
30,54,67
30,55,143
30,56,123
30,57,49
30,58,167
30,60,190
30,61,56
30,65,274
30,68,391
30,70,337
30,71,106
30,73,332
30,74,52
30,79,322
30,80,195
30,81,289
30,82,214
30,83,40
30,86,12
30,87,81
30,89,1
30,90,98
30,91,222
30,94,202
30,95,380
30,98,357
30,99,298
30,105,230
30,107,263
30,108,300
30,111,27
30,113,320
30,115,345
30,116,101
30,127,240
30,128,189
30,130,317
30,132,383
30,133,296
30,134,59
30,136,40
30,138,234
30,143,198
30,145,203
30,148,11
30,154,24
30,156,192
30,161,239
30,163,241
30,164,51
30,167,191
30,168,252
30,169,106
30,177,331
30,183,246
30,184,390
30,188,339
30,190,47
31,2,89
31,4,170
31,6,246
31,7,98
31,10,399
31,11,398
31,12,180
31,13,304
31,15,116
31,16,346
31,18,383
31,21,142
31,24,179
31,26,181
31,28,189
31,29,111
31,33,293
31,34,247
31,35,57
31,36,199
31,39,359
31,40,366
31,41,205
31,42,90
31,43,237
31,44,199
31,46,89
31,47,158
31,48,6
31,49,1
31,50,67
31,52,196
31,54,28
31,57,376
31,58,87
31,59,228
31,60,329
31,61,9
31,62,47
31,63,255
31,64,281
31,65,107
31,67,105
31,68,344
31,70,24
31,71,86
31,73,48
31,74,2
31,75,56
31,76,342
31,77,305
31,79,49
31,81,233
31,84,294
31,86,386
31,88,88
31,90,320
31,91,240
31,93,218
31,94,1
31,95,40
31,97,248
31,98,259
31,101,23
31,103,226
31,106,347
31,107,213
31,108,372
31,110,216
31,115,3
31,116,135
31,118,373
31,119,44
31,120,297
31,123,333
31,130,250
31,132,205
31,138,316
31,140,59
31,141,374
31,146,105
31,149,140
31,150,120
31,154,26
31,155,129
31,158,274
31,167,223
31,170,30
31,179,378
31,183,343
31,194,232
32,2,275
32,4,111
32,5,37
32,7,352
32,8,374
32,10,304
32,11,101
32,14,211
32,15,232
32,16,57
32,18,110
32,19,149
32,21,2
32,22,24
32,23,269
32,26,251
32,27,122
32,28,389
32,29,226
32,30,396
32,33,67
32,34,135
32,35,176
32,36,396
32,41,198
32,42,308
32,44,115
32,45,386
32,46,57
32,47,4
32,49,392
32,50,50
32,52,33
32,53,3
32,54,280
32,55,170
32,56,285
32,58,45
32,60,377
32,62,249
32,66,311
32,67,235
32,69,228
32,71,97
32,75,160
32,78,300
32,79,185
32,86,240
32,87,329
32,90,97
32,91,64
32,94,122
32,96,236
32,97,58
32,98,316
32,106,214
32,113,43
32,118,178
32,119,155
32,120,336
32,131,233
32,132,268
32,133,217
32,138,43
32,139,195
32,140,5
32,143,378
32,153,7
32,156,98
32,157,238
32,160,102
32,161,143
32,165,353
32,166,199
32,167,37
32,170,299
32,173,45
32,177,353
32,180,33
32,183,128
32,199,93
32,200,227
33,1,94
33,3,115
33,4,226
33,5,347
33,6,303
33,7,127
33,10,11
33,11,240
33,12,27
33,15,180
33,17,348
33,20,285
33,21,215
33,22,369
33,27,43
33,28,159
33,29,155
33,30,320
33,31,293
33,32,67
33,34,158
33,37,111
33,38,194
33,39,218
33,40,49
33,43,22
33,44,317
33,46,136
33,47,105
33,48,24
33,50,272
33,51,45
33,55,35
33,57,382
33,58,18
33,59,293
33,60,138
33,61,154
33,62,190
33,67,277
33,68,102
33,69,139
33,70,224
33,72,159
33,75,346
33,78,271
33,79,44
33,80,77
33,81,103
33,82,388
33,84,362
33,85,154
33,86,288
33,87,368
33,88,364
33,93,400
33,95,398
33,97,30
33,98,252
33,99,210
33,102,244
33,107,87
33,112,285
33,114,104
33,115,335
33,117,173
33,121,138
33,124,283
33,129,325
33,130,285
33,133,249
33,145,384
33,155,115
33,157,318
33,159,109
33,160,142
33,164,135
33,168,159
33,172,38
33,174,91
33,180,166
33,183,293
33,186,191
33,190,135
33,195,362
33,197,168
34,1,315
34,2,168
34,3,306
34,5,102
34,9,345
34,10,379
34,13,15
34,14,248
34,15,5
34,16,221
34,17,161
34,18,274
34,20,307
34,21,315
34,22,307
34,23,34
34,25,12
34,26,185
34,27,288
34,31,247
34,32,135
34,33,158
34,36,242
34,37,228
34,38,309
34,39,100
34,42,47
34,44,79
34,45,18
34,46,265
34,47,174
34,48,378
34,49,240
34,52,247
34,53,335
34,54,8
34,57,42
34,63,239
34,64,247
34,65,148
34,66,396
34,67,127
34,68,223
34,69,185
34,71,8
34,74,276
34,76,58
34,79,244
34,81,288
34,82,247
34,83,160
34,85,227
34,87,140
34,88,263
34,89,163
34,90,257
34,95,218
34,96,223
34,98,135
34,99,163
34,102,215
34,103,316
34,106,87
34,107,312
34,109,187
34,110,308
34,113,258
34,116,364
34,117,55
34,119,324
34,122,162
34,123,352
34,126,89
34,129,231
34,130,248
34,131,314
34,135,391
34,137,395
34,139,93
34,141,276
34,143,362
34,150,378
34,154,301
34,155,226
34,157,315
34,159,62
34,163,274
34,165,182
34,174,165
34,176,19
34,180,193
34,184,241
34,185,51
34,191,74
34,192,375
34,197,24
34,198,363
35,1,26
35,2,340
35,3,239
35,4,39
35,5,131
35,7,342
35,10,224
35,11,33
35,12,26
35,17,356
35,18,284
35,19,169
35,20,40
35,21,295
35,22,149
35,23,118
35,25,266
35,26,77
35,27,324
35,29,249
35,31,57
35,32,176
35,36,266
35,37,25
35,40,349
35,43,291
35,45,374
35,46,26
35,47,359
35,48,179
35,50,43
35,51,267
35,52,137
35,53,168
35,57,210
35,58,21
35,59,37
35,60,93
35,61,13
35,62,168
35,64,190
35,65,93
35,66,251
35,67,190
35,68,344
35,71,45
35,74,92
35,76,153
35,78,196
35,80,93
35,81,280
35,82,40
35,83,269
35,84,22
35,85,269
35,87,16
35,88,100
35,92,181
35,98,227
35,102,346
35,103,384
35,109,261
35,114,103
35,115,144
35,123,199
35,129,32
35,130,397
35,139,269
35,143,30
35,146,388
35,147,43
35,158,39
35,170,254
35,173,114
35,174,134
35,177,316
35,179,101
35,181,199
35,182,189
35,185,288
35,186,279
35,192,232
36,2,358
36,3,310
36,4,247
36,5,225
36,7,325
36,8,261
36,9,167
36,10,146
36,12,112
36,13,231
36,14,141
36,15,293
36,16,57
36,18,321
36,19,89
36,20,226
36,22,314
36,25,30
36,27,167
36,28,174
36,29,391
36,30,48
36,31,199
36,32,396
36,34,242
36,35,266
36,37,396
36,38,114
36,39,345
36,40,148
36,43,106
36,45,285
36,46,197
36,48,250
36,49,322
36,50,13
36,55,32
36,56,140
36,57,346
36,58,255
36,59,343
36,61,287
36,62,350
36,63,231
36,66,64
36,67,83
36,73,170
36,79,47
36,80,156
36,86,97
36,87,188
36,92,52
36,95,380
36,101,9
36,105,222
36,108,84
36,112,391
36,116,13
36,118,348
36,119,281
36,121,321
36,125,235
36,130,83
36,133,377
36,137,55
36,138,48
36,140,337
36,150,306
36,151,142
36,153,287
36,156,399
36,159,384
36,161,269
36,162,119
36,175,57
36,178,357
36,181,186
36,183,17
36,184,170
36,186,376
36,189,360
36,198,10
36,200,277
37,1,298
37,2,253
37,3,50
37,4,90
37,8,65
37,9,70
37,10,272
37,12,184
37,13,61
37,14,342
37,16,162
37,18,214
37,19,136
37,20,106
37,23,293
37,24,293
37,27,120
37,29,117
37,30,116
37,33,111
37,34,228
37,35,25
37,36,396
37,39,89
37,40,160
37,42,298
37,43,4
37,44,373
37,46,245
37,47,321
37,48,44
37,51,339
37,53,79
37,54,390
37,55,299
37,56,158
37,58,355
37,59,258
37,63,383
37,64,78
37,65,148
37,66,120
37,67,97
37,68,153
37,71,68
37,72,125
37,77,206
37,80,395
37,81,276
37,83,104
37,86,169
37,88,256
37,89,60
37,90,163
37,91,328
37,92,292
37,94,377
37,96,33
37,98,170
37,99,250
37,102,226
37,103,380
37,109,181
37,110,253
37,112,156
37,114,146
37,116,207
37,117,98
37,120,95
37,123,20
37,125,57
37,128,193
37,131,62
37,133,41
37,134,86
37,141,80
37,147,6
37,150,383
37,153,345
37,155,248
37,158,390
37,165,134
37,167,241
37,169,215
37,177,163
37,178,198
37,189,42
38,2,384
38,3,361
38,7,35
38,9,219
38,11,170
38,12,301
38,13,323
38,15,169
38,16,115
38,17,237
38,18,90
38,19,94
38,20,134
38,21,215
38,22,73
38,23,47
38,25,129
38,26,53
38,27,98
38,28,295
38,29,73
38,33,194
38,34,309
38,36,114
38,40,60
38,42,21
38,44,102
38,49,19
38,51,213
38,52,44
38,53,92
38,56,61
38,57,396
38,59,38
38,61,172
38,63,201
38,65,243
38,67,90
38,76,158
38,77,334
38,78,235
38,79,8
38,80,157
38,81,222
38,84,372
38,86,379
38,89,4
38,93,67
38,96,255
38,98,311
38,100,63
38,102,12
38,108,237
38,109,287
38,116,268
38,117,42
38,118,175
38,124,339
38,125,326
38,137,108
38,138,331
38,142,326
38,149,47
38,160,365
38,162,290
38,163,17
38,169,230
38,172,164
38,174,120
38,177,63
38,179,329
38,183,310
38,189,282
38,192,375
38,194,304
38,195,249
38,197,273
39,1,259
39,3,323
39,4,298
39,5,32
39,7,88
39,8,39
39,9,381
39,10,282
39,11,126
39,16,337
39,17,301
39,21,114
39,22,329
39,24,235
39,25,221
39,27,137
39,28,24
39,29,324
39,31,359
39,33,218
39,34,100
39,36,345
39,37,89
39,40,305
39,43,307
39,46,205
39,47,32
39,50,77
39,52,148
39,53,346
39,56,134
39,57,260
39,60,364
39,61,161
39,62,399
39,66,354
39,70,340
39,71,377
39,75,118
39,77,23
39,79,363
39,83,125
39,84,183
39,85,171
39,87,55
39,88,388
39,90,235
39,91,45
39,93,388
39,97,365
39,99,353
39,101,283
39,104,147
39,110,344
39,111,395
39,116,86
39,118,280
39,120,119
39,122,301
39,125,33
39,127,64
39,130,69
39,135,111
39,139,177
39,141,361
39,143,358
39,144,4
39,146,120
39,148,134
39,153,388
39,161,338
39,168,60
39,170,57
39,178,96
39,181,285
39,182,108
39,189,252
39,195,235
39,198,152
40,1,120
40,4,277
40,8,387
40,9,393
40,10,385
40,13,243
40,15,208
40,16,86
40,17,287
40,18,344
40,19,241
40,22,282
40,23,112
40,24,372
40,25,279
40,28,310
40,29,378
40,31,366
40,33,49
40,35,349
40,36,148
40,37,160
40,38,60
40,39,305
40,45,275
40,47,258
40,48,74
40,49,147
40,53,161
40,54,215
40,55,225
40,58,204
40,59,7
40,60,98
40,61,368
40,62,341
40,64,308
40,65,382
40,68,321
40,69,315
40,74,250
40,80,51
40,84,175
40,85,315
40,88,144
40,89,84
40,90,9
40,91,36
40,94,270
40,95,375
40,96,302
40,97,103
40,99,252
40,101,112
40,108,230
40,109,140
40,110,83
40,111,183
40,112,114
40,113,189
40,114,232
40,116,279
40,118,212
40,120,94
40,123,370
40,124,330
40,125,181
40,126,4
40,130,391
40,131,207
40,134,231
40,135,189
40,144,351
40,146,265
40,148,302
40,152,47
40,154,333
40,155,380
40,158,9
40,161,20
40,162,303
40,163,223
40,169,201
40,174,37
40,175,125
40,180,135
40,181,356
40,183,330
40,184,75
40,192,64
40,193,27
40,199,25
41,1,245
41,2,317
41,3,261
41,5,196
41,6,351
41,7,21
41,10,61
41,11,287
41,13,87
41,14,269
41,15,5
41,16,341
41,18,90
41,19,153
41,21,358
41,23,353
41,25,66
41,26,370
41,27,86
41,28,381
41,29,230
41,30,112
41,31,205
41,32,198
41,44,191
41,45,152
41,46,312
41,47,157
41,49,44
41,56,111
41,57,47
41,60,126
41,65,142
41,67,121
41,71,296
41,72,219
41,74,246
41,78,195
41,79,28
41,80,365
41,82,135
41,83,222
41,84,43
41,85,50
41,86,142
41,88,264
41,90,75
41,94,53
41,96,101
41,97,157
41,98,2
41,99,247
41,100,98
41,105,387
41,107,145
41,108,16
41,111,130
41,112,281
41,113,237
41,117,384
41,120,266
41,123,216
41,125,262
41,129,326
41,130,341
41,133,46
41,136,50
41,137,280
41,140,211
41,147,32
41,148,348
41,153,295
41,158,36
41,159,399
41,168,369
41,169,74
41,170,301
41,182,11
41,190,267
41,193,277
41,199,332
42,2,140
42,3,292
42,4,14
42,5,43
42,7,251
42,8,251
42,9,275
42,10,354
42,11,343
42,13,39
42,14,265
42,15,41
42,16,202
42,17,253
42,18,282
42,21,387
42,22,189
42,23,117
42,25,365
42,26,126
42,28,26
42,30,394
42,31,90
42,32,308
42,34,47
42,37,298
42,38,21
42,43,389
42,44,349
42,45,52
42,46,259
42,48,147
42,49,333
42,51,209
42,55,236
42,56,245
42,59,323
42,60,106
42,61,173
42,62,152
42,65,290
42,71,23
42,72,210
42,74,360
42,85,364
42,88,124
42,90,152
42,94,131
42,96,265
42,100,221
42,104,346
42,108,143
42,110,356
42,111,256
42,114,338
42,115,5
42,117,66
42,118,313
42,119,199
42,123,298
42,125,269
42,129,25
42,131,116
42,133,194
42,134,303
42,135,63
42,136,377
42,138,202
42,140,102
42,141,168
42,142,270
42,144,33
42,151,307
42,160,310
42,161,321
42,163,352
42,172,229
42,173,134
42,174,399
42,178,102
42,183,273
42,190,180
42,196,100
42,197,227
43,2,193
43,4,257
43,5,168
43,6,96
43,7,172
43,8,297
43,9,388
43,10,363
43,13,224
43,15,381
43,17,22
43,18,196
43,21,303
43,22,352
43,24,178
43,25,246
43,26,83
43,27,245
43,29,251
43,30,187
43,31,237
43,33,22
43,35,291
43,36,106
43,37,4
43,39,307
43,42,389
43,44,355
43,45,290
43,46,319
43,48,21
43,49,86
43,50,192
43,54,227
43,56,296
43,57,126
43,58,318
43,61,376
43,62,334
43,63,48
43,65,150
43,69,366
43,71,240
43,73,231
43,76,148
43,78,133
43,81,323
43,83,227
43,84,214
43,85,87
43,86,210
43,87,188
43,91,370
43,93,305
43,95,328
43,96,229
43,102,144
43,103,340
43,107,77
43,108,87
43,110,268
43,111,294
43,116,238
43,123,109
43,126,178
43,127,123
43,133,376
43,137,279
43,142,321
43,148,248
43,149,389
43,152,298
43,159,58
43,161,392
43,167,19
43,169,361
43,177,102
43,179,283
43,180,153
43,182,126
43,183,287
43,184,25
43,185,191
43,191,50
43,197,386
43,198,256
44,1,333
44,3,69
44,4,20
44,5,309
44,7,311
44,8,395
44,12,283
44,13,134
44,19,20
44,21,65
44,23,393
44,24,117
44,25,332
44,26,104
44,27,326
44,29,37
44,30,367
44,31,199
44,32,115
44,33,317
44,34,79
44,37,373
44,38,102
44,41,191
44,42,349
44,43,355
44,45,235
44,47,240
44,48,301
44,49,153
44,50,272
44,52,2
44,53,380
44,54,175
44,56,262
44,57,56
44,58,37
44,61,90
44,63,2
44,64,308
44,67,263
44,68,234
44,69,397
44,70,147
44,72,92
44,73,264
44,75,328
44,76,362
44,78,190
44,79,397
44,80,308
44,81,133
44,82,353
44,91,261
44,93,50
44,94,47
44,97,161
44,99,88
44,100,111
44,102,244
44,103,20
44,104,192
44,106,306
44,109,135
44,110,138
44,112,105
44,115,246
44,121,270
44,122,292
44,126,99
44,127,107
44,129,66
44,135,225
44,136,194
44,137,79
44,141,180
44,146,142
44,148,143
44,150,399
44,154,370
44,156,376
44,157,250
44,158,2
44,160,228
44,163,147
44,164,118
44,170,192
44,173,269
44,176,305
44,177,399
44,179,218
44,184,235
44,186,363
44,190,252
44,200,188
45,1,187
45,3,231
45,4,249
45,6,168
45,7,179
45,8,100
45,9,118
45,10,20
45,14,38
45,15,69
45,16,270
45,17,92
45,18,145
45,20,384
45,23,235
45,26,275
45,28,263
45,30,177
45,32,386
45,34,18
45,35,374
45,36,285
45,40,275
45,41,152
45,42,52
45,43,290
45,44,235
45,46,307
45,49,305
45,51,236
45,54,188
45,55,220
45,56,255
45,57,259
45,58,108
45,60,52
45,72,138
45,73,283
45,74,79
45,76,367
45,78,206
45,80,196
45,82,65
45,83,218
45,85,196
45,87,357
45,88,294
45,89,86
45,91,171
45,92,145
45,93,60
45,94,288
45,97,291
45,99,263
45,101,220
45,102,153
45,104,351
45,105,249
45,108,29
45,113,330
45,119,8
45,120,91
45,121,377
45,122,285
45,129,142
45,142,161
45,143,342
45,144,338
45,145,176
45,152,255
45,156,203
45,159,237
45,168,98
45,172,289
45,174,21
45,186,149
45,190,363
45,198,228
46,3,11
46,4,144
46,5,297
46,6,282
46,9,356
46,12,394
46,14,100
46,17,84
46,19,303
46,20,227
46,21,153
46,23,280
46,24,15
46,25,267
46,26,213
46,31,89
46,32,57
46,33,136
46,34,265
46,35,26
46,36,197
46,37,245
46,39,205
46,41,312
46,42,259
46,43,319
46,45,307
46,47,396
46,48,71
46,49,175
46,53,179
46,55,17
46,56,371
46,61,99
46,62,145
46,63,27
46,64,270
46,65,227
46,66,371
46,67,337
46,69,304
46,75,239
46,76,181
46,77,19
46,78,124
46,80,351
46,81,271
46,85,39
46,89,43
46,90,291
46,91,277
46,92,212
46,93,201
46,94,41
46,95,240
46,96,42
46,97,51
46,98,273
46,99,100
46,100,174
46,101,168
46,102,174
46,103,277
46,104,169
46,106,351
46,107,362
46,111,59
46,112,143
46,114,53
46,115,147
46,116,379
46,118,228
46,119,62
46,122,13
46,124,277
46,126,163
46,128,195
46,130,329
46,132,173
46,133,244
46,134,164
46,135,293
46,138,96
46,145,47
46,155,320
46,158,132
46,168,110
46,170,357
46,171,24
46,172,198
46,180,163
46,182,184
46,183,260
46,185,342
46,188,10
47,1,302
47,2,323
47,4,37
47,6,324
47,7,260
47,8,130
47,9,68
47,11,400
47,14,265
47,16,315
47,17,79
47,19,235
47,21,367
47,23,29
47,25,250
47,26,185
47,27,148
47,30,170
47,31,158
47,32,4
47,33,105
47,34,174
47,35,359
47,37,321
47,39,32
47,40,258
47,41,157
47,44,240
47,46,396
47,48,70
47,49,174
47,50,144
47,52,25
47,54,84
47,55,211
47,56,368
47,58,363
47,62,270
47,63,236
47,65,272
47,67,186
47,68,178
47,69,101
47,71,373
47,72,172
47,73,242
47,74,162
47,75,201
47,77,134
47,78,78
47,79,201
47,80,42
47,83,87
