source,target,weight
1,2,12
1,3,383
1,5,35
1,7,76
1,8,346
1,9,320
1,10,303
1,11,115
1,12,393
1,13,319
1,14,272
1,15,363
1,17,155
1,18,233
1,19,118
1,22,388
1,23,75
1,26,355
1,27,130
1,30,50
1,32,220
1,36,290
1,38,244
1,41,276
1,45,352
1,48,358
1,51,190
1,52,48
1,53,383
1,56,58
1,60,104
1,63,360
1,67,115
1,79,319
1,80,122
1,85,209
1,93,317
1,95,159
1,98,103
1,99,182
1,101,288
1,104,400
1,130,36
1,131,25
1,135,303
1,151,202
1,161,395
1,163,114
1,165,338
1,191,347
2,1,12
2,3,383
2,4,221
2,6,153
2,7,319
2,8,309
2,9,220
2,11,111
2,12,336
2,14,24
2,15,194
2,16,24
2,17,121
2,18,182
2,19,320
2,22,125
2,26,379
2,28,395
2,29,211
2,33,181
2,34,387
2,35,358
2,36,347
2,37,317
2,39,15
2,40,103
2,41,139
2,42,190
2,46,232
2,47,173
2,49,328
2,51,385
2,53,26
2,55,388
2,56,65
2,58,118
2,63,31
2,66,309
2,70,213
2,73,348
2,74,68
2,75,161
2,77,375
2,78,126
2,81,205
2,89,54
2,101,240
2,102,331
2,104,399
2,106,3
2,109,98
2,110,315
2,113,201
2,116,288
2,120,190
2,126,260
2,127,210
2,130,3
2,134,26
2,143,308
2,149,281
2,152,290
2,153,342
2,154,5
2,159,138
2,171,239
2,175,158
2,185,330
2,188,324
2,193,104
3,1,383
3,2,383
3,4,181
3,5,203
3,7,149
3,8,81
3,10,240
3,11,210
3,14,193
3,15,236
3,16,181
3,17,45
3,19,208
3,20,99
3,22,301
3,23,324
3,24,269
3,25,7
3,26,46
3,27,227
3,29,228
3,31,320
3,36,325
3,39,294
3,42,202
3,45,99
3,46,232
3,49,300
3,50,299
3,52,169
3,53,70
3,54,61
3,55,240
3,62,392
3,66,392
3,70,190
3,83,279
3,84,388
3,85,285
3,86,172
3,90,297
3,92,103
3,94,222
3,100,266
3,112,382
3,116,40
3,118,207
3,119,25
3,121,18
3,125,292
3,128,34
3,132,164
3,143,173
3,144,198
3,145,255
3,153,253
3,155,236
3,159,371
3,161,116
3,165,214
3,171,59
3,179,190
3,183,255
4,2,221
4,3,181
4,5,326
4,8,72
4,10,110
4,11,346
4,12,311
4,13,121
4,14,290
4,16,362
4,17,8
4,18,385
4,19,237
4,22,56
4,24,141
4,25,344
4,29,114
4,30,349
4,31,166
4,33,265
4,34,238
4,38,237
4,39,23
4,40,349
4,44,397
4,48,361
4,50,177
4,51,22
4,52,105
4,53,336
4,55,333
4,56,54
4,57,133
4,58,10
4,59,225
4,60,231
4,63,112
4,64,199
4,74,296
4,83,373
4,86,331
4,87,380
4,91,321
4,92,229
4,96,363
4,97,184
4,99,71
4,102,348
4,104,167
4,105,210
4,115,358
4,121,57
4,128,288
4,130,219
4,132,80
4,146,348
4,154,123
4,155,19
4,157,195
4,183,251
4,184,270
4,185,360
4,188,280
4,190,375
4,196,320
5,1,35
5,3,203
5,4,326
5,6,249
5,7,365
5,8,263
5,9,273
5,10,135
5,13,175
5,14,231
5,15,113
5,16,284
5,17,140
5,18,104
5,20,163
5,25,358
5,27,193
5,29,205
5,30,215
5,33,31
5,35,244
5,37,292
5,38,257
5,39,276
5,40,232
5,41,283
5,42,242
5,43,315
5,44,222
5,45,272
5,47,81
5,50,299
5,51,182
5,52,283
5,53,44
5,56,283
5,57,398
5,58,370
5,59,46
5,61,333
5,66,387
5,72,224
5,76,101
5,78,202
5,81,134
5,83,106
5,84,176
5,86,19
5,88,388
5,89,306
5,96,338
5,97,140
5,100,366
5,102,332
5,108,162
5,121,178
5,123,106
5,141,353
5,142,116
5,148,289
5,153,184
5,158,12
5,160,109
5,166,52
5,167,387
5,176,182
5,177,25
5,185,355
5,190,103
6,2,153
6,5,249
6,7,341
6,11,299
6,13,336
6,14,271
6,15,355
6,17,41
6,18,134
6,19,139
6,20,16
6,21,176
6,23,334
6,25,269
6,26,92
6,28,53
6,29,384
6,30,303
6,32,389
6,34,219
6,35,265
6,39,235
6,40,292
6,41,8
6,43,182
6,48,218
6,53,226
6,54,260
6,55,40
6,59,243
6,60,133
6,64,260
6,65,60
6,66,383
6,69,245
6,70,210
6,72,294
6,79,82
6,80,313
6,81,55
6,82,117
6,84,399
6,91,213
6,93,234
6,97,216
6,105,302
6,108,155
6,112,288
6,114,335
6,117,175
6,118,346
6,121,101
6,123,57
6,126,259
6,128,86
6,131,219
6,138,363
6,139,391
6,150,144
6,157,110
6,161,301
6,180,102
6,183,163
6,185,192
6,193,200
6,195,359
7,1,76
7,2,319
7,3,149
7,5,365
7,6,341
7,8,35
7,9,143
7,10,398
7,12,380
7,14,91
7,15,315
7,16,226
7,18,247
7,19,124
7,20,136
7,21,318
7,22,222
7,23,346
7,26,66
7,27,217
7,28,319
7,30,313
7,33,365
7,35,378
7,36,210
7,37,119
7,38,280
7,40,49
7,43,329
7,44,39
7,47,389
7,48,203
7,49,202
7,51,286
7,52,56
7,56,315
7,57,21
7,58,260
7,63,323
7,64,92
7,74,399
7,78,14
7,79,100
7,80,330
7,83,366
7,85,316
7,88,74
7,97,289
7,101,128
7,103,262
7,108,73
7,109,206
7,117,42
7,124,167
7,129,231
7,140,14
7,151,1
7,166,60
7,179,321
7,194,24
7,197,230
7,198,86
8,1,346
8,2,309
8,3,81
8,4,72
8,5,263
8,7,35
8,9,354
8,10,264
8,12,9
8,13,181
8,17,141
8,18,343
8,19,216
8,21,261
8,22,69
8,23,60
8,29,232
8,31,111
8,32,313
8,33,369
8,36,197
8,38,80
8,40,273
8,43,333
8,44,399
8,45,157
8,46,247
8,47,163
8,48,195
8,53,327
8,55,125
8,56,123
8,63,369
8,64,151
8,66,351
8,70,103
8,73,67
8,74,54
8,77,331
8,80,173
8,82,300
8,85,217
8,89,88
8,93,325
8,98,66
8,99,61
8,101,326
8,102,258
8,106,4
8,111,167
8,118,212
8,119,27
8,140,33
8,147,106
8,153,185
8,154,78
8,163,184
8,185,267
8,195,265
9,1,320
9,2,220
9,5,273
9,7,143
9,8,354
9,10,192
9,11,76
9,12,350
9,14,311
9,19,44
9,20,98
9,21,190
9,22,2
9,23,248
9,24,144
9,25,201
9,27,195
9,28,287
9,29,370
9,31,134
9,33,399
9,34,153
9,35,362
9,36,12
9,39,241
9,42,102
9,50,269
9,53,284
9,54,95
9,64,74
9,67,119
9,70,188
9,72,275
9,74,46
9,84,204
9,95,400
9,98,293
9,105,300
9,110,250
9,113,274
9,115,97
9,130,132
9,138,251
9,141,94
9,150,125
9,162,33
9,167,83
9,175,110
9,177,66
9,181,157
9,184,226
10,1,303
10,3,240
10,4,110
10,5,135
10,7,398
10,8,264
10,9,192
10,11,383
10,13,85
10,15,212
10,16,20
10,17,331
10,18,398
10,20,22
10,21,94
10,22,183
10,23,113
10,24,119
10,25,357
10,27,150
10,28,188
10,29,266
10,30,257
10,32,278
10,34,235
10,35,70
10,36,203
10,38,189
10,39,75
10,40,299
10,42,317
10,48,118
10,50,283
10,54,78
10,55,60
10,56,91
10,57,222
10,59,76
10,60,138
10,64,63
10,65,29
10,66,110
10,69,183
10,72,283
10,78,122
10,79,201
10,86,1
10,88,322
10,89,305
10,92,6
10,93,271
10,103,311
10,105,247
10,107,273
10,110,327
10,111,135
10,114,44
10,116,14
10,117,259
10,118,279
10,123,222
10,126,384
10,129,292
10,139,379
10,144,295
10,147,49
10,149,16
10,150,87
10,158,46
10,164,209
10,169,193
10,170,191
10,174,201
10,190,75
10,191,321
10,193,296
11,1,115
11,2,111
11,3,210
11,4,346
11,6,299
11,9,76
11,10,383
11,12,48
11,13,145
11,14,379
11,15,322
11,16,343
11,18,141
11,19,227
11,21,251
11,22,40
11,23,355
11,24,163
11,26,159
11,28,89
11,31,29
11,32,104
11,34,238
11,36,168
11,37,210
11,39,287
11,41,172
11,42,337
11,44,256
11,46,32
11,54,333
11,56,336
11,60,58
11,64,237
11,67,364
11,68,80
11,69,39
11,72,389
11,78,297
11,85,47
11,93,134
11,106,364
11,107,379
11,109,79
11,114,95
11,117,294
11,118,142
11,120,315
11,130,185
11,141,136
11,142,307
11,144,78
11,148,75
11,150,107
11,152,359
11,156,33
11,160,113
11,169,359
11,176,387
11,182,195
11,197,157
12,1,393
12,2,336
12,4,311
12,7,380
12,8,9
12,9,350
12,11,48
12,13,15
12,15,289
12,18,86
12,19,17
12,21,174
12,22,390
12,26,345
12,27,252
12,28,345
12,29,131
12,32,177
12,33,96
12,34,199
12,37,218
12,39,203
12,40,248
12,45,329
12,48,127
12,49,36
12,52,57
12,58,275
12,59,83
12,62,130
12,63,158
12,65,111
12,77,64
12,93,357
12,97,357
12,101,323
12,107,13
12,108,162
12,114,247
12,116,321
12,119,46
12,120,162
12,127,65
12,129,210
12,136,360
12,140,244
12,141,337
12,153,256
12,162,259
12,163,352
12,178,5
12,179,360
12,185,94
12,188,329
12,191,188
12,196,376
12,198,79
13,1,319
13,4,121
13,5,175
13,6,336
13,8,181
13,10,85
13,11,145
13,12,15
13,14,142
13,15,148
13,16,46
13,17,132
13,18,142
13,20,213
13,21,250
13,23,90
13,24,303
13,26,330
13,27,171
13,28,313
13,30,304
13,31,192
13,33,392
13,34,379
13,35,186
13,37,172
13,38,120
13,39,335
13,40,122
13,43,298
13,44,365
13,49,352
13,51,167
13,52,100
13,54,30
13,56,281
13,57,383
13,58,329
13,60,397
13,61,352
13,63,61
13,67,300
13,72,16
13,73,118
13,75,140
13,79,366
13,85,242
13,88,148
13,93,121
13,95,389
13,107,98
13,111,269
13,123,34
13,124,208
13,139,388
13,156,204
13,162,123
13,171,355
13,182,26
13,184,144
13,197,250
14,1,272
14,2,24
14,3,193
14,4,290
14,5,231
14,6,271
14,7,91
14,9,311
14,11,379
14,13,142
14,17,118
14,19,303
14,20,40
14,21,302
14,22,199
14,23,264
14,25,283
14,27,344
14,28,106
14,30,325
14,31,247
14,33,281
14,36,69
14,37,142
14,38,386
14,39,303
14,41,13
14,44,42
14,49,250
14,51,179
14,57,9
14,59,1
14,62,365
14,65,363
14,70,147
14,71,358
14,73,183
14,79,374
14,84,118
14,85,382
14,87,302
14,89,32
14,92,313
14,101,91
14,103,56
14,106,62
14,107,204
14,108,193
14,114,41
14,117,162
14,118,100
14,119,235
14,128,264
14,134,176
14,144,65
14,145,257
14,150,376
14,160,217
14,170,28
14,171,233
14,189,394
14,192,199
14,193,165
15,1,363
15,2,194
15,3,236
15,5,113
15,6,355
15,7,315
15,10,212
15,11,322
15,12,289
15,13,148
15,16,32
15,17,366
15,19,275
15,21,151
15,22,158
15,23,188
15,24,33
15,25,95
15,27,48
15,28,174
15,29,365
15,32,148
15,33,303
15,34,116
15,35,370
15,36,297
15,37,389
15,38,275
15,39,302
15,41,119
15,43,372
15,44,55
15,45,73
15,48,43
15,49,114
15,50,129
15,51,61
15,55,43
15,63,222
15,65,350
15,66,69
15,68,91
15,72,69
15,78,81
15,79,256
15,80,255
15,82,208
15,84,191
15,88,179
15,90,183
15,93,342
15,94,223
15,96,378
15,100,113
15,101,146
15,103,106
15,105,318
15,108,179
15,113,255
15,115,66
15,125,387
15,132,49
15,139,147
15,141,334
15,145,17
15,149,250
15,161,7
15,187,192
16,2,24
16,3,181
16,4,362
16,5,284
16,7,226
16,10,20
16,11,343
16,13,46
16,15,32
16,20,40
16,21,214
16,25,345
16,26,391
16,27,149
16,29,88
16,31,344
16,37,68
16,38,206
16,39,131
16,40,162
16,43,342
16,47,299
16,48,31
16,51,27
16,54,289
16,58,135
16,65,93
16,66,224
16,67,363
16,69,224
16,73,392
16,75,365
16,76,269
16,79,154
16,80,61
16,84,251
16,86,117
16,91,262
16,92,87
16,95,99
16,100,217
16,102,76
16,110,46
16,113,138
16,116,43
16,120,388
16,122,239
16,140,272
16,145,157
16,165,317
16,166,369
16,169,18
16,180,93
16,197,152
17,1,155
17,2,121
17,3,45
17,4,8
17,5,140
17,6,41
17,8,141
17,10,331
17,13,132
17,14,118
17,15,366
17,18,242
17,21,46
17,22,117
17,23,92
17,24,384
17,25,20
17,26,239
17,29,95
17,30,224
17,32,233
17,33,216
17,35,5
17,36,24
17,39,279
17,41,95
17,42,196
17,47,132
17,50,24
17,51,9
17,53,29
17,55,56
17,56,131
17,59,334
17,60,259
17,63,177
17,66,106
17,67,219
17,68,370
17,72,116
17,73,123
17,75,204
17,76,252
17,78,330
17,81,116
17,87,145
17,95,166
17,101,88
17,102,36
17,109,155
17,115,275
17,119,176
17,121,300
17,124,248
17,125,220
17,126,90
17,131,382
17,132,74
17,133,388
17,135,12
17,147,364
17,152,301
17,161,285
17,162,113
17,200,1
18,1,233
18,2,182
18,4,385
18,5,104
18,6,134
18,7,247
18,8,343
18,10,398
18,11,141
18,12,86
18,13,142
18,17,242
18,19,388
18,20,110
18,22,328
18,24,343
18,25,277
18,27,144
18,29,291
18,30,171
18,31,396
18,32,396
18,33,119
18,34,98
18,35,286
18,36,128
18,45,21
18,47,285
18,49,88
18,56,116
18,60,224
18,61,327
18,63,274
18,66,385
18,72,315
18,83,364
18,85,242
18,88,392
18,90,382
18,91,368
18,93,373
18,95,169
18,100,304
18,105,2
18,108,231
18,117,266
18,126,284
18,128,162
18,138,389
18,145,125
18,148,249
18,154,53
18,157,123
18,158,74
18,164,80
18,166,204
18,167,358
18,170,395
18,172,253
18,176,125
18,183,387
18,189,391
18,191,343
19,1,118
19,2,320
19,3,208
19,4,237
19,6,139
19,7,124
19,8,216
19,9,44
19,11,227
19,12,17
19,14,303
19,15,275
19,18,388
19,20,365
19,21,228
19,23,103
19,24,75
19,25,382
19,27,154
19,28,76
19,31,311
19,32,286
19,33,297
19,34,87
19,38,16
19,39,136
19,40,19
19,41,117
19,42,325
19,45,263
19,46,320
19,50,26
19,52,218
19,54,299
19,60,19
19,69,133
19,74,127
19,75,83
19,81,16
19,88,56
19,98,299
19,103,354
19,104,4
19,106,135
19,111,340
19,120,126
19,133,206
19,134,100
19,146,346
19,168,257
19,169,98
19,188,307
19,195,312
20,3,99
20,5,163
20,6,16
20,7,136
20,9,98
20,10,22
20,13,213
20,14,40
20,16,40
20,18,110
20,19,365
20,22,57
20,23,297
20,24,147
20,26,380
20,28,48
20,30,40
20,31,61
20,32,391
20,33,149
20,34,307
20,35,265
20,36,170
20,44,190
20,46,106
20,48,349
20,49,379
20,50,190
20,52,111
20,54,139
20,60,183
20,62,214
20,65,278
20,66,77
20,80,332
20,82,118
20,91,271
20,97,19
20,113,174
20,115,370
20,134,12
20,136,221
20,146,56
20,149,31
20,155,43
20,157,65
20,168,66
20,170,199
20,187,186
20,190,67
20,198,313
21,6,176
21,7,318
21,8,261
21,9,190
21,10,94
21,11,251
21,12,174
21,13,250
21,14,302
21,15,151
21,16,214
21,17,46
21,19,228
21,22,127
21,23,372
21,25,272
21,26,185
21,28,287
21,29,11
21,30,360
21,31,241
21,32,186
21,36,10
21,37,228
21,38,8
21,39,42
21,40,201
21,41,367
21,44,232
21,45,380
21,51,250
21,57,347
21,58,376
21,66,243
21,73,282
21,77,210
21,82,167
21,100,45
21,103,380
21,107,3
21,109,235
21,112,55
21,114,350
21,116,201
21,117,116
21,118,204
21,120,145
21,124,314
21,126,74
21,127,264
21,130,234
21,131,28
21,132,170
21,133,306
21,134,298
21,143,11
21,150,147
21,155,37
21,172,11
21,173,15
21,188,3
21,193,358
21,200,17
22,1,388
22,2,125
22,3,301
22,4,56
22,7,222
22,8,69
22,9,2
22,10,183
22,11,40
22,12,390
22,14,199
22,15,158
22,17,117
22,18,328
22,20,57
22,21,127
22,23,149
22,24,15
22,25,312
22,26,195
22,28,212
22,29,143
22,30,280
22,32,18
22,35,27
22,36,92
22,38,41
22,39,244
22,43,267
22,44,143
22,47,323
22,56,302
22,58,359
22,66,375
22,75,158
22,78,297
22,89,22
22,90,99
22,94,261
22,103,335
22,106,58
22,116,75
22,118,316
22,120,378
22,124,53
22,131,304
22,133,121
22,141,83
22,142,142
22,145,70
22,148,233
22,156,342
22,162,115
22,163,91
22,167,215
22,168,28
22,174,333
22,186,41
22,192,179
23,1,75
23,3,324
23,6,334
23,7,346
23,8,60
23,9,248
23,10,113
23,11,355
23,13,90
23,14,264
23,15,188
23,17,92
23,19,103
23,20,297
23,21,372
23,22,149
23,24,352
23,25,244
23,26,268
23,27,158
23,28,85
23,30,94
23,31,105
23,35,41
23,36,168
23,39,4
23,40,378
23,42,291
23,46,175
23,47,295
23,48,5
23,51,389
23,55,180
23,57,184
23,61,227
23,67,227
23,68,174
23,70,37
23,72,281
23,74,60
23,75,115
23,76,59
23,79,267
23,80,367
23,82,116
23,90,6
23,93,235
23,96,386
23,101,24
23,105,393
23,110,190
23,112,65
23,113,291
23,115,165
23,126,47
23,127,263
23,129,182
23,133,33
23,134,107
23,135,332
23,136,79
23,137,266
23,143,358
23,148,359
23,152,101
23,154,34
23,156,365
23,157,114
23,161,275
23,170,364
24,3,269
24,4,141
24,9,144
24,10,119
24,11,163
24,13,303
24,15,33
24,17,384
24,18,343
24,19,75
24,20,147
24,22,15
24,23,352
24,27,208
24,29,23
24,30,98
24,31,22
24,33,110
24,34,305
24,35,26
24,36,137
24,37,33
24,38,240
24,43,373
24,47,31
24,48,186
24,49,76
24,54,116
24,65,345
24,67,183
24,68,251
24,81,306
24,88,329
24,90,97
24,91,390
24,99,330
24,108,211
24,123,214
24,126,292
24,127,123
24,128,315
24,129,246
24,133,268
24,146,125
24,147,380
24,156,317
24,175,98
24,186,284
24,190,50
25,3,7
25,4,344
25,5,358
25,6,269
25,9,201
25,10,357
25,14,283
25,15,95
25,16,345
25,17,20
25,18,277
25,19,382
25,21,272
25,22,312
25,23,244
25,26,353
25,27,100
25,31,53
25,32,341
25,33,262
25,34,87
25,35,303
25,37,230
25,38,101
25,39,348
25,41,302
25,42,6
25,46,120
25,49,179
25,50,233
25,51,307
25,53,333
25,55,188
25,70,96
25,74,96
25,76,387
25,77,244
25,80,308
25,81,220
25,85,368
25,86,334
25,87,306
25,91,332
25,92,291
25,99,380
25,105,178
25,112,215
25,121,248
25,124,400
25,134,351
25,142,83
25,144,99
25,177,309
25,187,150
26,1,355
26,2,379
26,3,46
26,6,92
26,7,66
26,11,159
26,12,345
26,13,330
26,16,391
26,17,239
26,20,380
26,21,185
26,22,195
26,23,268
26,25,353
26,28,320
26,29,243
26,32,178
26,33,138
26,34,86
26,35,347
26,36,308
26,45,59
26,46,351
26,52,33
26,53,384
26,55,133
26,56,374
26,57,55
26,58,117
26,63,55
26,68,95
26,69,136
26,73,212
26,75,346
26,77,214
26,79,144
26,84,138
26,85,100
26,86,386
26,87,89
26,94,126
26,103,288
26,104,314
26,115,255
26,116,217
26,120,25
26,121,190
26,128,220
26,139,364
26,146,251
26,153,381
26,166,286
26,168,310
27,1,130
27,3,227
27,5,193
27,7,217
27,9,195
27,10,150
27,12,252
27,13,171
27,14,344
27,15,48
27,16,149
27,18,144
27,19,154
27,23,158
27,24,208
27,25,100
27,28,76
27,29,196
27,30,368
27,31,253
27,33,377
27,34,88
27,35,212
27,37,83
27,38,128
27,40,369
27,41,181
27,42,394
27,43,384
27,48,303
27,49,23
27,52,57
27,53,151
27,61,196
27,64,132
27,65,131
27,69,178
27,71,60
27,75,140
27,78,132
27,83,179
27,88,237
27,89,29
27,90,316
27,95,282
27,98,42
27,99,365
27,101,28
27,106,98
27,108,106
27,114,84
27,118,397
27,120,233
27,122,69
27,128,223
27,129,27
27,135,248
27,142,263
27,148,109
27,151,60
27,160,183
27,169,7
27,175,190
28,2,395
28,6,53
28,7,319
28,9,287
28,10,188
28,11,89
28,12,345
28,13,313
28,14,106
28,15,174
28,19,76
28,20,48
28,21,287
28,22,212
28,23,85
28,26,320
28,27,76
28,30,321
28,33,250
28,36,214
28,37,268
28,40,81
28,42,169
28,46,392
28,47,317
28,48,31
28,50,26
28,51,54
28,59,212
28,60,71
28,65,105
28,68,398
28,71,288
28,76,353
28,77,2
28,81,282
28,82,113
28,88,260
28,96,39
28,100,111
28,101,314
28,105,197
28,108,54
28,119,334
28,124,76
28,135,228
28,140,118
28,157,274
28,167,85
28,171,251
28,175,23
29,2,211
29,3,228
29,4,114
29,5,205
29,6,384
29,8,232
29,9,370
29,10,266
29,12,131
29,15,365
29,16,88
29,17,95
29,18,291
29,21,11
29,22,143
29,24,23
29,26,243
29,27,196
29,30,272
29,38,116
29,40,84
29,44,390
29,45,298
29,46,99
29,48,345
29,49,191
29,50,169
29,51,216
29,52,156
29,53,324
29,54,77
29,56,99
29,57,150
29,58,388
29,59,375
29,60,20
29,64,191
29,70,394
29,74,202
29,77,374
29,79,82
29,87,262
29,92,146
29,96,373
29,98,176
29,99,356
29,101,192
29,112,266
29,124,259
29,125,324
29,134,25
29,136,333
29,138,380
29,146,231
29,147,131
29,153,66
29,158,58
29,166,86
29,186,15
29,194,184
30,1,50
30,4,349
30,5,215
30,6,303
30,7,313
30,10,257
30,13,304
30,14,325
30,17,224
30,18,171
30,20,40
30,21,360
30,22,280
30,23,94
30,24,98
30,27,368
30,28,321
30,29,272
30,32,24
30,33,264
30,34,259
30,35,238
30,37,148
30,42,179
30,44,33
30,45,9
30,47,54
30,48,156
30,49,237
30,50,269
30,52,84
30,54,274
30,59,304
30,62,201
30,67,111
30,69,37
30,70,358
30,72,279
30,82,233
30,83,112
30,85,210
30,86,120
30,89,123
30,93,105
30,94,44
30,97,159
30,102,38
30,112,81
30,115,376
30,117,2
30,120,380
30,122,198
30,127,322
30,131,326
30,132,279
30,152,100
30,153,119
30,154,176
30,182,255
30,191,386
30,194,213
31,3,320
31,4,166
31,8,111
31,9,134
31,11,29
31,13,192
31,14,247
31,16,344
31,18,396
31,19,311
31,20,61
31,21,241
31,23,105
31,24,22
31,25,53
31,27,253
31,32,361
31,34,83
31,36,255
31,38,331
31,40,398
31,41,121
31,43,334
31,47,375
31,49,356
31,53,261
31,56,177
31,57,178
31,60,243
31,61,340
31,64,1
31,67,85
31,68,151
31,70,23
31,72,142
31,74,382
31,78,286
31,80,328
31,84,120
31,91,391
31,93,134
31,95,276
31,99,337
31,103,156
31,104,158
31,107,229
31,112,78
31,121,79
31,122,278
31,123,274
31,124,4
31,125,210
31,131,139
31,140,312
31,144,291
31,155,356
31,161,322
31,163,175
31,179,245
32,1,220
32,6,389
32,8,313
32,10,278
32,11,104
32,12,177
32,15,148
32,17,233
32,18,396
32,19,286
32,20,391
32,21,186
32,22,18
32,25,341
32,26,178
32,30,24
32,31,361
32,34,36
32,37,211
32,39,174
32,41,178
32,44,279
32,47,368
32,49,105
32,50,348
32,52,203
32,53,119
32,54,197
32,55,256
32,56,31
32,58,395
32,60,193
32,61,313
32,67,108
32,68,204
32,74,126
32,81,318
32,83,145
32,85,197
32,86,361
32,89,241
32,111,285
32,114,103
32,118,118
32,128,389
32,130,127
32,131,273
32,138,160
32,143,236
32,145,396
32,157,369
32,164,97
32,166,327
32,173,148
32,176,239
32,187,178
32,188,223
32,194,108
33,2,181
33,4,265
33,5,31
33,7,365
33,8,369
33,9,399
33,12,96
33,13,392
33,14,281
33,15,303
33,17,216
33,18,119
33,19,297
33,20,149
33,24,110
33,25,262
33,26,138
33,27,377
33,28,250
33,30,264
33,34,170
33,35,283
33,37,45
33,40,36
33,41,152
33,42,187
33,44,47
33,45,207
33,46,73
33,47,256
33,50,330
33,52,375
33,58,263
33,60,97
33,61,16
33,62,175
33,63,104
33,76,311
33,82,48
33,83,7
33,84,77
33,86,118
33,88,352
33,91,264
33,96,9
33,98,154
33,106,103
33,111,313
33,112,89
33,118,241
33,119,301
33,129,198
33,145,15
33,147,214
33,148,251
33,158,206
33,161,82
33,177,171
33,179,289
33,184,386
33,185,267
33,192,372
33,193,115
33,194,95
33,198,151
34,2,387
34,4,238
34,6,219
34,9,153
34,10,235
34,11,238
34,12,199
34,13,379
34,15,116
34,18,98
34,19,87
34,20,307
34,24,305
34,25,87
34,26,86
34,27,88
34,30,259
34,31,83
34,32,36
34,33,170
34,35,397
34,39,322
34,40,346
34,41,244
34,46,160
34,49,391
34,55,239
34,56,74
34,61,150
34,62,125
34,66,48
34,76,344
34,79,66
34,83,373
34,93,22
34,98,296
34,99,300
34,100,209
34,103,341
34,106,35
34,107,197
34,114,220
34,116,87
34,127,147
34,128,352
34,139,172
34,140,299
34,142,58
34,146,139
34,151,28
34,154,278
34,160,355
34,163,196
34,166,93
34,173,212
34,190,167
35,2,358
35,5,244
35,6,265
35,7,378
35,9,362
35,10,70
35,13,186
35,15,370
35,17,5
35,18,286
35,20,265
35,22,27
35,23,41
35,24,26
35,25,303
35,26,347
35,27,212
35,30,238
35,33,283
35,34,397
35,37,334
35,38,280
35,39,245
35,41,52
35,42,336
35,43,374
35,45,291
35,46,162
35,49,170
35,53,79
35,60,274
35,63,349
35,64,235
35,67,257
35,70,148
35,76,98
35,87,121
35,88,77
35,95,235
35,96,102
35,100,92
35,102,242
35,116,397
35,118,34
35,123,255
35,131,350
35,134,199
35,138,240
35,139,222
35,146,70
35,147,224
35,150,285
35,152,141
35,158,309
35,159,249
35,163,126
35,164,345
35,165,248
35,167,246
35,174,81
35,182,122
35,183,246
35,184,272
35,185,1
35,187,9
35,199,174
36,1,290
36,2,347
36,3,325
36,7,210
36,8,197
36,9,12
36,10,203
36,11,168
36,14,69
36,15,297
36,17,24
36,18,128
36,20,170
36,21,10
36,22,92
36,23,168
36,24,137
36,26,308
36,28,214
36,31,255
36,39,31
36,40,8
36,41,238
36,42,265
36,43,201
36,45,231
36,46,178
36,48,227
36,53,275
36,56,346
36,59,311
36,63,26
36,67,168
36,71,38
36,73,113
36,77,134
36,78,151
36,81,110
36,91,193
36,98,347
36,105,243
36,113,150
36,130,274
36,139,168
36,143,67
36,145,39
36,171,89
36,172,11
36,200,207
37,2,317
37,5,292
37,7,119
37,11,210
37,12,218
37,13,172
37,14,142
37,15,389
37,16,68
37,21,228
37,24,33
37,25,230
37,27,83
37,28,268
37,30,148
37,32,211
37,33,45
37,35,334
37,38,69
37,44,94
37,45,129
37,46,327
37,49,67
37,51,2
37,54,319
37,55,167
37,57,122
37,59,74
37,63,16
37,73,235
37,76,287
37,78,159
37,80,68
37,81,193
37,82,63
37,88,228
37,90,37
37,91,159
37,95,385
37,99,210
37,100,60
37,102,73
37,110,162
37,119,379
37,121,114
37,123,231
37,125,347
37,129,273
37,136,326
37,146,17
37,150,24
37,152,305
37,163,324
37,170,251
37,178,77
37,194,311
37,196,135
37,200,161
38,1,244
38,4,237
38,5,257
38,7,280
38,8,80
38,10,189
38,13,120
38,14,386
38,15,275
38,16,206
38,19,16
38,21,8
38,22,41
38,24,240
38,25,101
38,27,128
38,29,116
38,31,331
38,35,280
38,37,69
38,42,398
38,44,49
38,45,172
38,47,373
38,51,247
38,54,285
38,57,135
38,62,97
38,63,64
38,66,397
38,67,262
38,69,397
38,70,354
38,71,255
38,73,57
38,77,121
38,78,204
38,80,363
38,84,17
38,88,69
38,91,73
38,97,96
38,100,337
38,104,273
38,110,143
38,112,47
38,115,91
38,117,115
38,118,154
38,135,392
38,172,320
38,178,310
38,189,68
38,193,36
39,2,15
39,3,294
39,4,23
39,5,276
39,6,235
39,9,241
39,10,75
39,11,287
39,12,203
39,13,335
39,14,303
39,15,302
39,16,131
39,17,279
39,19,136
39,21,42
39,22,244
39,23,4
39,25,348
39,32,174
39,34,322
39,35,245
39,36,31
39,41,143
39,42,184
39,47,150
39,49,252
39,51,249
39,55,7
39,56,143
39,60,89
39,62,369
39,64,256
39,67,9
39,72,112
39,73,163
39,76,42
39,81,64
39,82,14
39,88,31
39,96,294
39,108,329
39,111,164
39,114,266
39,115,168
39,120,96
39,129,353
39,133,41
39,139,131
39,141,327
39,143,212
39,146,206
39,150,229
39,165,378
39,182,96
39,188,300
39,191,382
39,196,310
40,2,103
40,4,349
40,5,232
40,6,292
40,7,49
40,8,273
40,10,299
40,12,248
40,13,122
40,16,162
40,19,19
40,21,201
40,23,378
40,27,369
40,28,81
40,29,84
40,31,398
40,33,36
40,34,346
40,36,8
40,42,209
40,43,138
40,47,65
40,48,275
40,50,237
40,52,35
40,54,83
40,56,61
40,57,298
40,60,87
40,61,325
40,65,231
40,66,244
40,68,291
40,70,46
40,71,263
40,73,131
40,75,236
40,76,79
40,78,211
40,79,164
40,80,196
40,81,315
40,87,311
40,90,377
40,94,332
40,99,154
40,123,159
40,124,1
40,141,70
40,142,343
40,161,84
40,162,262
40,164,170
40,175,79
40,176,103
40,178,129
40,181,327
40,192,393
40,199,69
41,1,276
41,2,139
41,5,283
41,6,8
41,11,172
41,14,13
41,15,119
41,17,95
41,19,117
41,21,367
41,25,302
41,27,181
41,31,121
41,32,178
41,33,152
41,34,244
41,35,52
41,36,238
41,39,143
41,42,153
41,43,204
41,44,43
41,48,230
41,52,370
41,54,364
41,55,155
41,56,320
41,62,36
41,64,51
41,65,14
41,67,9
41,68,224
41,71,204
41,75,336
41,76,82
41,77,103
41,79,214
41,84,370
41,86,118
41,87,242
41,89,208
41,92,202
41,95,224
41,99,273
41,101,178
41,102,220
41,104,120
41,107,215
41,110,13
41,111,108
41,117,327
41,119,328
41,125,336
41,127,263
41,128,195
41,134,352
41,136,65
41,137,171
41,140,220
41,142,364
41,147,8
41,156,286
41,158,154
41,160,238
41,167,293
41,177,153
41,181,126
41,192,333
41,200,45
42,2,190
42,3,202
42,5,242
42,9,102
42,10,317
42,11,337
42,17,196
42,19,325
42,23,291
42,25,6
42,27,394
42,28,169
42,30,179
42,33,187
42,35,336
42,36,265
42,38,398
42,39,184
42,40,209
42,41,153
42,44,157
42,47,319
42,48,263
42,53,351
42,63,241
42,69,190
42,70,229
42,73,244
42,74,167
42,76,11
42,80,130
42,84,47
42,88,141
42,100,353
42,101,18
42,103,220
42,109,52
42,116,252
42,122,331
42,139,342
42,142,107
42,149,155
42,156,209
42,160,65
42,172,344
42,176,309
42,177,142
42,194,221
43,5,315
43,6,182
43,7,329
43,8,333
43,13,298
43,15,372
43,16,342
43,22,267
43,24,373
43,27,384
43,31,334
43,35,374
43,36,201
43,40,138
43,41,204
43,50,65
43,52,18
43,64,74
43,75,310
43,76,190
43,77,268
43,81,93
43,83,173
43,85,258
43,87,184
43,89,269
43,90,83
43,99,362
43,102,42
43,103,383
43,107,249
43,112,129
43,115,342
43,116,9
43,118,38
43,122,99
43,126,382
43,132,46
43,138,212
43,148,377
43,152,253
43,153,2
43,157,317
43,168,64
43,171,393
43,174,136
43,175,38
43,180,228
43,184,387
43,187,27
43,189,346
44,4,397
44,5,222
44,7,39
44,8,399
44,11,256
44,13,365
44,14,42
44,15,55
44,20,190
44,21,232
44,22,143
44,29,390
44,30,33
44,32,279
44,33,47
44,37,94
44,38,49
44,41,43
44,42,157
44,46,265
44,47,350
44,48,151
44,50,90
44,52,203
44,61,295
44,62,69
44,73,349
44,74,66
44,78,129
44,79,66
44,83,178
44,86,226
44,88,241
44,94,143
44,95,112
44,96,140
44,103,201
44,106,230
44,107,220
44,113,398
44,115,216
44,119,183
44,121,330
44,124,119
44,126,89
44,129,218
44,132,111
44,137,389
44,139,258
44,140,396
44,144,242
44,147,21
44,149,353
44,153,291
44,159,91
44,166,209
44,170,313
44,181,249
44,183,27
44,184,169
45,1,352
45,3,99
45,5,272
45,8,157
45,12,329
45,15,73
45,18,21
45,19,263
45,21,380
45,26,59
45,29,298
45,30,9
45,33,207
45,35,291
45,36,231
45,37,129
45,38,172
45,46,135
45,47,39
45,48,17
45,50,164
45,51,147
45,53,351
45,55,142
45,59,77
45,61,162
45,64,102
45,68,275
45,69,222
45,71,101
45,75,316
45,76,103
45,82,265
45,85,46
45,88,247
45,92,353
45,100,24
45,109,360
45,113,380
45,114,210
45,115,90
45,119,60
45,137,12
45,139,345
45,143,120
45,146,135
45,147,97
45,164,184
45,179,104
45,181,347
45,182,9
45,184,170
45,186,134
45,188,317
45,200,387
46,2,232
46,3,232
46,8,247
46,11,32
46,19,320
46,20,106
46,23,175
46,25,120
46,26,351
46,28,392
46,29,99
46,33,73
46,34,160
46,35,162
46,36,178
46,37,327
46,44,265
46,45,135
46,47,283
46,48,251
46,49,335
46,51,383
46,57,193
46,59,254
46,60,4
46,62,32
46,74,181
46,75,102
46,76,155
46,77,238
46,80,174
46,81,336
46,87,382
46,92,236
46,98,231
46,102,31
46,103,113
46,117,95
46,123,310
46,125,264
46,137,84
46,151,397
46,156,121
46,169,43
46,194,244
47,2,173
47,5,81
47,7,389
47,8,163
47,16,299
47,17,132
47,18,285
47,22,323
47,23,295
47,24,31
47,28,317
47,30,54
47,31,375
47,32,368
47,33,256
47,38,373
47,39,150
47,40,65
47,42,319
47,44,350
47,45,39
47,46,283
47,48,34
47,54,43
47,55,300
47,56,140
47,62,331
47,66,142
47,67,237
47,70,203
47,77,105
47,82,140
47,83,57
47,84,399
47,106,96
47,109,277
47,110,24
47,112,31
47,114,60
47,132,266
47,135,375
47,144,338
47,145,363
47,148,233
47,152,195
47,180,249
47,191,8
47,196,72
47,200,80
48,1,358
48,4,361
48,6,218
48,7,203
48,8,195
48,10,118
48,12,127
48,15,43
48,16,31
48,20,349
48,23,5
48,24,186
48,27,303
48,28,31
48,29,345
48,30,156
48,36,227
48,40,275
48,41,230
48,42,263
48,44,151
48,45,17
48,46,251
48,47,34
48,52,311
48,55,361
48,57,325
48,58,118
48,59,138
48,61,167
48,62,63
48,69,397
48,73,205
48,74,125
48,76,71
48,90,31
48,92,192
48,96,29
48,104,142
48,109,205
48,112,54
48,115,211
48,118,50
48,119,349
48,122,269
48,123,292
48,144,305
48,149,74
48,164,99
48,169,7
48,170,196
48,176,175
48,177,244
48,181,345
48,184,125
48,191,282
49,2,328
49,3,300
49,7,202
49,12,36
49,13,352
49,14,250
49,15,114
49,18,88
49,20,379
49,24,76
49,25,179
49,27,23
49,29,191
49,30,237
49,31,356
49,32,105
49,34,391
49,35,170
49,37,67
49,39,252
49,46,335
49,50,228
49,51,313
49,55,9
49,58,222
49,59,198
49,65,364
49,67,116
49,72,155
49,80,374
49,82,200
49,84,390
49,87,304
49,91,312
49,102,277
49,103,174
49,108,315
49,122,391
49,125,297
49,136,166
49,145,257
49,149,136
49,179,5
49,190,72
49,196,173
49,197,28
50,3,299
50,4,177
50,5,299
50,9,269
50,10,283
50,15,129
50,17,24
50,19,26
50,20,190
50,25,233
50,28,26
50,29,169
50,30,269
50,32,348
50,33,330
50,40,237
50,43,65
50,44,90
50,45,164
50,49,228
50,53,352
50,54,363
50,57,327
50,62,355
50,68,137
50,70,146
50,71,83
50,77,105
50,82,232
50,87,123
50,88,101
50,90,339
50,98,263
50,100,61
50,104,203
50,109,213
50,111,295
50,116,88
50,117,350
50,123,64
50,128,124
50,142,370
50,150,188
50,153,292
50,165,369
50,166,148
50,169,121
50,172,351
50,179,216
50,180,376
50,193,260
50,195,194
51,1,190
51,2,385
51,4,22
51,5,182
51,7,286
51,13,167
51,14,179
51,15,61
51,16,27
51,17,9
51,21,250
51,23,389
51,25,307
51,28,54
51,29,216
51,37,2
51,38,247
51,39,249
51,45,147
51,46,383
51,49,313
51,53,76
51,54,96
51,61,61
51,62,190
51,64,48
51,70,343
51,71,222
51,72,98
51,74,227
51,75,369
51,87,336
51,89,132
51,91,397
51,94,301
51,95,151
51,101,26
51,102,124
51,105,123
51,110,323
51,112,237
51,119,36
51,121,227
51,122,100
51,125,179
51,142,282
51,145,172
51,149,331
51,156,322
51,173,221
51,178,386
51,196,356
51,197,317
52,1,48
52,3,169
52,4,105
52,5,283
52,7,56
52,12,57
52,13,100
52,19,218
52,20,111
52,26,33
52,27,57
52,29,156
52,30,84
52,32,203
52,33,375
52,40,35
52,41,370
52,43,18
52,44,203
52,48,311
52,53,38
52,57,209
52,60,145
52,63,369
52,64,73
52,68,375
52,70,82
52,74,95
52,75,67
52,76,203
52,77,216
52,78,331
52,81,270
52,87,94
52,94,35
52,96,314
52,103,314
52,109,367
52,111,193
52,112,194
52,114,397
52,117,306
52,118,285
52,119,57
52,121,130
52,122,119
52,125,285
52,129,163
52,133,333
52,143,39
52,156,72
52,157,42
52,158,20
52,159,122
52,163,365
52,169,182
52,174,231
52,176,261
52,178,173
52,184,113
52,195,63
52,198,147
53,1,383
53,2,26
53,3,70
53,4,336
53,5,44
53,6,226
53,8,327
53,9,284
53,17,29
53,25,333
53,26,384
53,27,151
53,29,324
53,31,261
53,32,119
53,35,79
53,36,275
53,42,351
53,45,351
53,50,352
53,51,76
53,52,38
53,54,73
53,55,95
53,56,8
53,59,97
53,63,126
53,64,25
53,67,292
53,68,267
53,69,156
53,74,313
53,80,276
53,82,291
53,84,341
53,86,316
53,87,252
53,89,369
53,92,108
53,95,283
53,98,253
53,106,143
53,108,366
53,111,136
53,113,283
53,118,374
53,120,72
53,124,197
53,127,59
53,130,105
53,142,16
53,150,46
53,154,390
53,155,385
53,158,6
53,160,300
53,170,140
53,196,146
54,3,61
54,6,260
54,9,95
54,10,78
54,11,333
54,13,30
54,16,289
54,19,299
54,20,139
54,24,116
54,29,77
54,30,274
54,32,197
54,37,319
54,38,285
54,40,83
54,41,364
54,47,43
54,50,363
54,51,96
54,53,73
54,60,159
54,61,295
54,62,41
54,63,210
54,65,119
54,67,212
54,68,298
54,71,45
54,75,10
54,79,205
54,80,103
54,83,342
54,90,224
54,91,249
54,92,10
54,93,232
54,94,367
54,99,389
54,102,138
54,104,240
54,105,219
54,112,67
54,119,142
54,127,380
54,129,31
54,131,199
54,134,136
54,143,59
54,151,400
54,155,70
54,160,152
54,177,106
54,179,109
54,181,368
54,194,382
55,2,388
55,3,240
55,4,333
55,6,40
55,8,125
55,10,60
55,15,43
55,17,56
55,23,180
55,25,188
55,26,133
55,32,256
55,34,239
55,37,167
55,39,7
55,41,155
55,45,142
55,47,300
55,48,361
55,49,9
55,53,95
55,57,302
55,58,91
55,61,271
55,65,176
55,69,177
55,70,342
55,73,83
55,75,319
55,82,239
55,84,296
55,86,237
55,88,203
55,94,93
55,96,233
55,97,142
55,101,115
55,116,108
55,119,77
55,120,313
55,121,25
55,129,48
55,131,304
55,135,334
55,140,350
55,141,51
55,147,260
55,156,129
55,162,75
55,171,128
55,173,312
55,191,14
55,194,193
55,196,259
56,1,58
56,2,65
56,4,54
56,5,283
56,7,315
56,8,123
56,10,91
56,11,336
56,13,281
56,17,131
56,18,116
56,22,302
56,26,374
56,29,99
56,31,177
56,32,31
56,34,74
56,36,346
56,39,143
56,40,61
56,41,320
56,47,140
56,53,8
56,57,58
56,58,187
56,59,360
56,61,344
56,63,371
56,66,308
56,67,267
56,68,397
56,70,91
56,71,257
56,78,125
56,82,103
56,83,326
56,85,351
56,86,15
56,90,294
56,93,363
56,94,253
56,98,363
56,117,153
56,122,359
56,124,161
56,126,96
56,130,80
56,133,364
56,134,338
56,146,368
56,160,200
56,162,66
56,166,108
56,172,384
56,176,85
56,185,338
56,188,147
56,191,193
56,193,6
57,4,133
57,5,398
57,7,21
57,10,222
57,13,383
57,14,9
57,21,347
57,23,184
57,26,55
57,29,150
57,31,178
57,37,122
57,38,135
57,40,298
57,46,193
57,48,325
57,50,327
57,52,209
57,55,302
57,56,58
57,59,357
57,64,228
57,65,150
57,69,294
57,71,28
57,72,126
57,73,344
57,87,50
57,91,73
57,93,140
57,94,47
57,95,389
57,97,335
57,98,240
57,102,232
57,103,170
57,106,138
57,108,75
57,109,397
57,110,99
57,125,273
57,126,392
57,132,320
57,134,361
57,144,68
57,155,323
57,157,171
57,162,198
57,174,270
57,177,267
57,179,314
57,186,227
57,187,151
57,190,363
57,193,14
58,2,118
58,4,10
58,5,370
58,7,260
58,12,275
58,13,329
58,16,135
58,21,376
58,22,359
58,26,117
58,29,388
58,32,395
58,33,263
58,48,118
58,49,222
58,55,91
58,56,187
58,59,377
58,60,217
58,61,211
58,62,229
58,64,102
58,66,213
58,69,88
58,72,223
58,75,89
58,77,340
58,83,48
58,91,122
58,95,31
58,101,305
58,113,301
58,127,396
58,137,20
58,142,370
58,162,78
58,163,52
58,169,57
58,174,322
58,186,362
59,4,225
59,5,46
59,6,243
59,10,76
59,12,83
59,14,1
59,17,334
59,28,212
59,29,375
59,30,304
59,36,311
59,37,74
59,45,77
59,46,254
59,48,138
59,49,198
59,53,97
59,56,360
59,57,357
59,58,377
59,60,12
59,62,188
59,63,337
59,64,366
59,69,108
59,71,140
59,74,289
59,75,73
59,79,132
59,80,85
59,81,385
59,85,105
59,87,57
59,90,113
59,95,36
59,100,377
59,101,155
59,104,66
59,107,37
59,110,102
59,120,313
59,139,305
59,149,360
59,159,263
59,163,21
59,181,28
60,1,104
60,4,231
60,6,133
60,10,138
60,11,58
60,13,397
60,17,259
60,18,224
60,19,19
60,20,183
60,28,71
60,29,20
60,31,243
60,32,193
60,33,97
60,35,274
60,39,89
60,40,87
60,46,4
60,52,145
60,54,159
60,58,217
60,59,12
60,64,350
60,65,237
60,67,223
60,71,264
60,72,375
60,76,44
60,79,94
60,87,206
60,105,345
60,106,394
60,111,137
60,114,130
60,121,75
60,122,283
60,125,217
60,126,332
60,127,215
60,131,299
60,133,15
60,136,52
60,143,314
60,145,1
60,157,58
60,165,158
60,181,272
60,183,243
60,186,24
60,197,371
61,5,333
61,13,352
61,18,327
61,23,227
61,27,196
61,31,340
61,32,313
61,33,16
61,34,150
61,40,325
61,44,295
61,45,162
61,48,167
61,51,61
61,54,295
61,55,271
61,56,344
61,58,211
61,62,127
61,67,351
61,71,59
61,72,102
61,76,279
61,77,165
61,86,342
61,90,311
61,94,263
61,98,72
61,101,246
61,106,263
61,109,358
61,123,245
61,131,294
61,133,261
61,134,328
61,149,387
61,152,351
61,154,179
61,163,41
61,165,371
61,174,225
61,175,278
61,176,9
61,190,311
61,199,23
62,3,392
62,12,130
62,14,365
62,20,214
62,30,201
62,33,175
62,34,125
62,38,97
62,39,369
62,41,36
62,44,69
62,46,32
62,47,331
62,48,63
62,50,355
62,51,190
62,54,41
62,58,229
62,59,188
62,61,127
62,68,307
62,69,118
62,70,152
62,72,285
62,75,36
62,77,81
62,78,144
62,83,316
62,85,347
62,86,110
62,96,231
62,105,30
62,109,93
62,113,84
62,119,334
62,122,274
62,123,342
62,126,288
62,129,192
62,134,354
62,140,165
62,141,185
62,146,356
62,158,131
62,159,266
62,166,69
62,168,290
62,178,251
62,188,276
62,189,289
62,199,125
63,1,360
63,2,31
63,4,112
63,7,323
63,8,369
63,12,158
63,13,61
63,15,222
63,17,177
63,18,274
63,26,55
63,33,104
63,35,349
63,36,26
63,37,16
63,38,64
63,42,241
63,52,369
63,53,126
63,54,210
63,56,371
63,59,337
63,66,325
63,69,283
63,82,217
63,92,170
63,99,380
63,102,88
63,103,373
63,105,284
63,111,105
63,112,4
63,114,388
63,125,19
63,141,361
63,146,153
63,151,251
63,152,315
63,157,3
63,163,87
63,169,166
63,177,135
63,194,350
64,4,199
64,6,260
64,7,92
64,8,151
64,9,74
64,10,63
64,11,237
64,27,132
64,29,191
64,31,1
64,35,235
64,39,256
64,41,51
64,43,74
64,45,102
64,51,48
64,52,73
64,53,25
64,57,228
64,58,102
64,59,366
64,60,350
64,65,69
64,66,246
64,71,264
64,77,260
64,79,108
64,81,104
64,82,369
64,84,99
64,88,19
64,89,302
64,97,169
64,102,104
64,104,183
64,110,73
64,115,140
64,117,339
64,127,372
64,128,374
64,132,74
64,142,283
64,145,47
64,150,291
64,161,302
64,164,97
64,175,15
64,178,100
64,198,380
65,6,60
65,10,29
65,12,111
65,14,363
65,15,350
65,16,93
65,20,278
65,24,345
65,27,131
65,28,105
65,40,231
65,41,14
65,49,364
65,54,119
65,55,176
65,57,150
65,60,237
65,64,69
65,66,327
65,69,296
65,71,343
65,78,96
65,79,66
65,80,160
65,84,67
65,85,238
65,86,369
65,92,213
65,111,75
65,128,137
65,131,267
65,135,350
65,158,326
65,161,14
65,171,185
65,172,80
65,173,246
65,176,220
65,181,171
65,182,155
66,2,309
66,3,392
66,5,387
66,6,383
66,8,351
66,10,110
66,15,69
66,16,224
66,17,106
66,18,385
66,20,77
66,21,243
66,22,375
66,34,48
66,38,397
66,40,244
66,47,142
66,56,308
66,58,213
66,63,325
66,64,246
66,65,327
66,71,161
66,77,46
66,81,350
66,85,136
66,86,288
66,90,359
66,97,284
66,98,288
66,103,255
66,107,259
66,108,268
66,110,247
66,117,347
66,118,314
66,124,81
66,136,202
66,156,163
66,160,283
66,176,283
66,177,212
66,184,383
66,186,305
66,197,309
66,200,213
67,1,115
67,9,119
67,11,364
67,13,300
67,16,363
67,17,219
67,23,227
67,24,183
67,30,111
67,31,85
67,32,108
67,35,257
67,36,168
67,38,262
67,39,9
67,41,9
67,47,237
67,49,116
67,53,292
67,54,212
67,56,267
67,60,223
67,61,351
67,72,301
67,78,114
67,84,182
67,99,187
67,102,72
67,104,228
67,107,392
67,108,140
67,121,98
67,137,364
67,138,71
67,145,309
67,171,351
67,172,142
67,176,87
67,179,50
67,181,155
67,195,207
68,11,80
68,15,91
68,17,370
68,23,174
68,24,251
68,26,95
68,28,398
68,31,151
68,32,204
68,40,291
68,41,224
68,45,275
68,50,137
68,52,375
68,53,267
68,54,298
68,56,397
68,62,307
68,74,132
68,77,75
68,80,359
68,81,113
68,87,69
68,91,210
68,92,280
68,107,328
68,110,124
68,112,170
68,113,178
68,116,30
68,117,58
68,120,358
68,124,184
68,127,56
68,141,362
68,152,246
68,153,386
68,159,102
68,162,317
68,164,358
68,165,388
68,167,104
68,177,180
68,183,83
68,188,211
68,194,270
68,197,7
69,6,245
69,10,183
69,11,39
69,16,224
69,19,133
69,26,136
69,27,178
69,30,37
69,38,397
69,42,190
69,45,222
69,48,397
69,53,156
69,55,177
69,57,294
69,58,88
69,59,108
69,62,118
69,63,283
69,65,296
69,71,25
69,72,129
69,77,292
69,78,104
69,81,79
69,85,18
69,86,235
69,88,5
69,91,18
69,94,126
69,100,69
69,102,374
69,104,223
69,115,380
69,128,356
69,133,96
69,136,264
69,139,152
69,144,387
69,145,88
69,162,219
69,173,17
69,177,143
69,189,269
69,191,363
69,192,81
69,197,136
69,199,33
70,2,213
70,3,190
70,6,210
70,8,103
70,9,188
70,14,147
70,23,37
70,25,96
70,29,394
70,30,358
70,31,23
70,35,148
70,38,354
70,40,46
70,42,229
70,47,203
70,50,146
70,51,343
70,52,82
70,55,342
70,56,91
70,62,152
70,73,359
70,79,323
70,80,322
70,82,138
70,84,67
70,86,176
70,92,317
70,98,372
70,99,149
70,107,320
70,108,205
70,109,35
70,113,322
70,116,156
70,117,397
70,119,231
70,126,288
70,130,266
70,133,359
70,139,219
70,140,303
70,141,76
70,148,46
70,155,321
70,160,220
70,161,12
70,166,91
70,167,83
70,178,347
70,179,121
70,181,34
70,186,90
70,199,130
71,14,358
71,27,60
71,28,288
71,36,38
71,38,255
71,40,263
71,41,204
71,45,101
71,50,83
71,51,222
71,54,45
71,56,257
71,57,28
71,59,140
71,60,264
71,61,59
71,64,264
71,65,343
71,66,161
71,69,25
71,78,280
71,90,239
71,96,232
71,99,287
71,101,353
71,102,54
71,111,157
71,128,25
71,140,25
71,142,227
71,159,383
71,165,272
71,171,112
71,175,154
71,179,399
71,186,5
71,188,120
72,5,224
72,6,294
72,9,275
72,10,283
72,11,389
72,13,16
72,15,69
72,17,116
72,18,315
72,23,281
72,30,279
72,31,142
72,39,112
72,49,155
72,51,98
72,57,126
72,58,223
72,60,375
72,61,102
72,62,285
72,67,301
72,69,129
72,73,146
72,75,263
72,78,351
72,79,225
72,83,347
72,90,242
72,96,167
72,106,145
72,109,103
72,110,233
72,111,33
72,112,142
72,118,256
72,129,61
72,135,350
72,137,81
72,149,360
72,150,19
72,151,221
72,156,163
72,160,216
72,164,241
72,172,171
72,174,225
72,180,69
72,194,345
72,197,96
73,2,348
73,8,67
73,13,118
73,14,183
73,16,392
73,17,123
73,21,282
73,26,212
73,36,113
73,37,235
73,38,57
73,39,163
73,40,131
73,42,244
73,44,349
73,48,205
73,55,83
73,57,344
73,70,359
73,72,146
73,74,28
73,76,392
73,81,305
73,82,227
73,84,132
73,90,380
73,96,297
73,99,284
73,100,381
73,103,213
73,110,206
73,123,339
73,124,386
73,135,118
73,148,200
73,149,180
73,150,359
73,161,329
73,165,125
73,181,182
73,187,176
73,192,248
73,193,246
73,195,274
73,198,60
73,199,327
74,2,68
74,4,296
74,7,399
74,8,54
74,9,46
74,19,127
74,23,60
74,25,96
74,29,202
74,31,382
74,32,126
74,42,167
74,44,66
74,46,181
74,48,125
