source,target,weight
1,2,65
1,3,89
1,4,191
1,5,327
1,6,182
1,7,375
1,12,187
1,15,19
1,16,254
1,17,101
1,18,258
1,19,395
1,20,53
1,21,395
1,22,296
1,23,210
1,26,174
1,27,121
1,28,253
1,29,35
1,31,223
1,33,99
1,34,333
1,35,151
1,36,271
1,39,109
1,41,353
1,42,246
1,44,158
1,47,229
1,49,31
1,52,65
1,55,289
1,62,330
1,63,321
1,64,148
1,66,317
1,68,211
1,69,311
1,70,148
1,75,363
1,77,120
1,80,156
1,81,293
1,84,83
1,88,296
1,89,182
1,91,76
1,93,298
1,96,250
1,97,346
1,102,127
1,104,207
1,106,146
1,110,237
1,115,270
1,116,397
1,117,72
1,124,215
1,129,61
1,142,122
1,147,326
1,158,101
1,164,362
1,165,170
1,170,176
1,174,129
1,181,148
1,197,13
1,199,222
2,1,65
2,3,184
2,8,347
2,9,116
2,10,22
2,11,170
2,12,273
2,13,41
2,14,115
2,15,40
2,20,201
2,21,82
2,22,382
2,23,264
2,24,339
2,25,181
2,29,271
2,30,227
2,31,304
2,32,202
2,35,385
2,36,348
2,37,92
2,38,232
2,41,320
2,42,295
2,44,278
2,47,148
2,48,397
2,49,85
2,50,323
2,51,201
2,52,390
2,55,14
2,58,207
2,61,178
2,63,335
2,65,65
2,67,352
2,70,195
2,72,392
2,73,59
2,75,254
2,82,210
2,83,89
2,84,227
2,87,85
2,89,31
2,92,27
2,93,48
2,97,137
2,101,239
2,102,286
2,109,56
2,111,153
2,122,141
2,123,191
2,124,287
2,127,180
2,131,72
2,132,234
2,134,350
2,135,380
2,137,224
2,138,384
2,149,12
2,151,136
2,162,25
2,170,340
2,186,361
2,187,43
2,188,132
3,1,89
3,2,184
3,4,191
3,6,387
3,7,242
3,8,230
3,10,266
3,11,161
3,13,49
3,14,184
3,15,346
3,16,50
3,17,315
3,19,374
3,22,314
3,23,38
3,24,199
3,25,343
3,27,134
3,28,130
3,29,249
3,31,343
3,33,228
3,34,161
3,35,174
3,36,219
3,37,67
3,38,375
3,39,147
3,42,322
3,43,372
3,44,266
3,45,337
3,46,186
3,49,193
3,50,310
3,51,225
3,59,334
3,61,166
3,63,103
3,64,126
3,66,224
3,67,55
3,69,182
3,72,324
3,74,156
3,75,292
3,78,13
3,79,390
3,84,349
3,85,245
3,87,205
3,89,51
3,94,212
3,99,161
3,103,219
3,112,321
3,113,178
3,114,245
3,117,121
3,119,189
3,120,366
3,122,286
3,125,190
3,128,336
3,129,197
3,132,229
3,135,257
3,138,170
3,140,159
3,151,357
3,152,341
3,154,285
3,155,22
3,157,104
3,159,305
3,162,67
3,166,130
3,173,146
3,177,223
3,181,182
3,194,47
4,1,191
4,3,191
4,5,391
4,6,333
4,7,221
4,9,291
4,10,221
4,12,82
4,13,222
4,16,233
4,17,276
4,18,19
4,21,252
4,22,244
4,23,74
4,26,274
4,28,124
4,33,94
4,34,356
4,35,156
4,37,284
4,38,212
4,41,322
4,44,362
4,45,362
4,46,370
4,49,88
4,53,319
4,54,325
4,55,286
4,59,131
4,61,337
4,62,61
4,63,97
4,65,382
4,66,281
4,68,292
4,69,162
4,73,25
4,74,335
4,75,155
4,77,102
4,79,391
4,81,86
4,82,332
4,83,269
4,84,205
4,86,173
4,88,171
4,91,325
4,96,389
4,98,55
4,99,373
4,103,208
4,104,123
4,107,7
4,115,282
4,116,390
4,118,299
4,124,49
4,125,8
4,126,301
4,127,101
4,136,244
4,148,8
4,150,255
4,153,19
4,162,374
4,167,222
4,177,61
4,181,262
4,182,219
4,198,83
5,1,327
5,4,391
5,6,316
5,8,306
5,10,109
5,11,233
5,12,185
5,13,229
5,15,194
5,18,246
5,19,24
5,20,311
5,21,301
5,23,283
5,24,226
5,25,117
5,26,234
5,28,146
5,30,109
5,31,328
5,32,350
5,33,371
5,36,181
5,37,391
5,43,101
5,46,215
5,47,379
5,48,297
5,50,289
5,53,173
5,54,1
5,59,21
5,60,35
5,68,105
5,69,345
5,72,253
5,73,381
5,74,328
5,77,130
5,78,284
5,79,345
5,81,321
5,85,326
5,86,47
5,96,184
5,97,9
5,99,42
5,103,290
5,113,308
5,116,233
5,117,278
5,121,325
5,124,250
5,125,286
5,126,23
5,130,276
5,133,352
5,140,52
5,144,23
5,150,308
5,163,332
5,164,280
5,170,378
5,177,104
5,181,391
5,183,218
5,190,4
5,195,207
6,1,182
6,3,387
6,4,333
6,5,316
6,7,12
6,8,52
6,9,100
6,10,131
6,11,255
6,12,378
6,14,34
6,15,40
6,17,350
6,19,143
6,20,73
6,21,321
6,22,63
6,26,316
6,27,246
6,29,212
6,30,257
6,31,363
6,34,310
6,36,149
6,39,85
6,42,91
6,43,43
6,46,56
6,49,186
6,51,182
6,52,307
6,53,20
6,54,212
6,57,333
6,58,46
6,63,368
6,64,77
6,66,10
6,67,62
6,69,222
6,71,349
6,76,380
6,78,77
6,80,42
6,81,328
6,82,70
6,85,46
6,88,117
6,91,130
6,95,5
6,97,230
6,98,213
6,99,366
6,101,142
6,103,324
6,104,201
6,107,307
6,115,217
6,118,312
6,121,291
6,124,315
6,129,391
6,133,107
6,139,280
6,142,359
6,153,197
6,165,131
6,167,22
6,168,355
6,192,30
6,194,315
6,196,375
7,1,375
7,3,242
7,4,221
7,6,12
7,11,175
7,12,293
7,15,14
7,18,291
7,19,227
7,21,195
7,23,22
7,24,204
7,27,268
7,28,50
7,29,164
7,30,202
7,31,391
7,34,186
7,36,198
7,37,393
7,40,334
7,41,88
7,42,346
7,44,301
7,45,26
7,46,27
7,48,244
7,49,132
7,51,371
7,55,296
7,56,355
7,57,211
7,58,261
7,63,73
7,64,175
7,66,28
7,67,198
7,74,191
7,78,301
7,79,72
7,83,68
7,85,19
7,92,399
7,94,143
7,95,41
7,99,170
7,102,224
7,103,294
7,104,222
7,114,139
7,122,112
7,124,175
7,126,121
7,129,21
7,131,177
7,132,31
7,136,352
7,143,214
7,144,303
7,145,252
7,156,39
7,158,256
7,159,368
7,168,288
7,181,38
7,197,68
8,2,347
8,3,230
8,5,306
8,6,52
8,9,112
8,11,286
8,13,320
8,14,284
8,15,397
8,16,101
8,20,111
8,23,179
8,24,275
8,25,379
8,26,64
8,28,215
8,30,13
8,31,232
8,33,9
8,34,243
8,36,299
8,37,86
8,38,299
8,39,369
8,40,169
8,41,83
8,42,45
8,44,73
8,45,49
8,46,250
8,48,71
8,50,173
8,51,230
8,52,27
8,53,134
8,55,103
8,56,79
8,60,261
8,63,131
8,66,346
8,71,164
8,72,183
8,84,390
8,86,182
8,90,257
8,92,242
8,93,7
8,100,254
8,102,165
8,103,208
8,105,226
8,106,3
8,108,223
8,114,66
8,122,279
8,123,110
8,129,158
8,130,280
8,132,323
8,133,248
8,136,309
8,137,386
8,141,360
8,147,23
8,149,224
8,154,360
8,178,190
8,179,224
8,180,119
8,187,151
8,200,61
9,2,116
9,4,291
9,6,100
9,8,112
9,10,143
9,12,4
9,13,38
9,15,292
9,16,112
9,17,206
9,20,340
9,21,258
9,22,379
9,25,392
9,28,338
9,29,280
9,30,336
9,31,325
9,32,386
9,33,338
9,36,133
9,38,63
9,40,306
9,42,191
9,44,22
9,45,21
9,46,172
9,48,377
9,49,58
9,50,157
9,52,193
9,54,120
9,58,339
9,60,380
9,61,209
9,62,123
9,64,257
9,68,391
9,69,223
9,70,36
9,73,81
9,75,194
9,76,6
9,77,264
9,78,49
9,79,175
9,80,365
9,81,164
9,86,75
9,89,250
9,90,133
9,93,95
9,94,201
9,99,81
9,101,227
9,104,155
9,108,233
9,109,266
9,116,118
9,117,37
9,127,205
9,132,198
9,156,376
9,160,267
9,161,325
9,177,149
9,181,181
9,183,77
9,186,375
9,196,236
9,197,295
9,198,1
9,200,215
10,2,22
10,3,266
10,4,221
10,5,109
10,6,131
10,9,143
10,11,218
10,13,392
10,14,228
10,15,272
10,17,158
10,19,147
10,21,18
10,22,329
10,26,82
10,27,337
10,29,4
10,30,353
10,31,357
10,33,279
10,34,139
10,35,161
10,36,184
10,37,121
10,38,185
10,39,195
10,40,112
10,41,202
10,42,273
10,43,257
10,44,132
10,46,268
10,48,328
10,49,37
10,51,372
10,53,161
10,54,149
10,56,92
10,57,305
10,59,105
10,61,394
10,71,289
10,73,250
10,77,104
10,82,169
10,83,4
10,85,217
10,99,240
10,101,391
10,113,180
10,116,98
10,117,35
10,123,234
10,125,5
10,126,139
10,127,156
10,130,126
10,131,130
10,136,225
10,139,172
10,142,84
10,146,90
10,162,136
10,163,292
10,169,293
10,171,135
10,175,34
10,182,117
10,195,196
10,198,149
10,200,82
11,2,170
11,3,161
11,5,233
11,6,255
11,7,175
11,8,286
11,10,218
11,13,305
11,16,383
11,17,145
11,18,10
11,19,314
11,22,331
11,23,264
11,24,210
11,25,360
11,26,88
11,28,30
11,29,209
11,30,260
11,31,77
11,32,344
11,34,92
11,35,75
11,37,210
11,39,308
11,40,275
11,41,353
11,44,387
11,45,303
11,47,339
11,48,137
11,49,183
11,51,312
11,53,364
11,54,159
11,55,128
11,58,259
11,59,83
11,61,104
11,62,246
11,67,222
11,69,351
11,73,311
11,74,31
11,75,134
11,76,321
11,77,3
11,79,119
11,88,22
11,90,84
11,92,40
11,98,157
11,99,94
11,102,328
11,111,293
11,115,6
11,123,324
11,131,28
11,138,252
11,143,331
11,145,115
11,150,118
11,151,73
11,153,9
11,164,94
11,166,121
11,168,176
11,170,207
11,172,36
11,174,123
11,192,352
11,194,388
11,196,124
11,197,67
12,1,187
12,2,273
12,4,82
12,5,185
12,6,378
12,7,293
12,9,4
12,13,73
12,14,51
12,15,43
12,16,196
12,17,331
12,18,64
12,20,290
12,21,152
12,22,309
12,23,175
12,24,187
12,25,103
12,26,68
12,27,363
12,28,80
12,29,286
12,30,351
12,31,368
12,33,122
12,34,319
12,38,194
12,39,188
12,43,72
12,44,397
12,45,293
12,46,193
12,51,336
12,52,2
12,57,362
12,59,177
12,63,107
12,70,382
12,72,203
12,73,379
12,75,308
12,78,325
12,79,284
12,80,329
12,81,101
12,82,44
12,84,172
12,89,259
12,91,225
12,92,306
12,97,25
12,98,175
12,102,393
12,106,56
12,108,285
12,109,251
12,117,218
12,118,97
12,119,179
12,120,147
12,130,336
12,131,222
12,134,202
12,141,105
12,145,227
12,152,332
12,154,214
12,158,220
12,172,115
12,178,27
12,180,88
12,184,74
12,185,150
13,2,41
13,3,49
13,4,222
13,5,229
13,8,320
13,9,38
13,10,392
13,11,305
13,12,73
13,14,340
13,15,36
13,16,341
13,17,148
13,18,326
13,19,251
13,20,131
13,21,347
13,22,198
13,25,42
13,27,361
13,29,185
13,30,387
13,36,206
13,38,188
13,41,346
13,43,25
13,44,8
13,45,126
13,46,5
13,47,206
13,48,1
13,51,237
13,54,272
13,55,287
13,56,162
13,57,175
13,60,240
13,61,205
13,68,287
13,69,230
13,74,299
13,81,72
13,82,354
13,86,318
13,87,387
13,89,218
13,90,149
13,91,342
13,92,306
13,97,213
13,98,53
13,105,204
13,107,83
13,111,158
13,114,99
13,115,265
13,119,149
13,121,398
13,134,59
13,136,207
13,138,203
13,145,72
13,148,219
13,149,86
13,151,150
13,155,73
13,157,381
13,167,34
13,168,355
13,173,32
13,190,344
13,198,357
14,2,115
14,3,184
14,6,34
14,8,284
14,10,228
14,12,51
14,13,340
14,17,73
14,18,396
14,19,96
14,20,349
14,21,21
14,22,390
14,23,390
14,24,274
14,26,66
14,27,15
14,28,204
14,31,212
14,32,134
14,35,190
14,36,13
14,37,41
14,38,173
14,40,5
14,41,43
14,42,286
14,43,199
14,46,2
14,48,287
14,49,364
14,54,58
14,55,325
14,56,341
14,58,337
14,60,368
14,65,74
14,68,50
14,69,105
14,71,23
14,75,323
14,78,157
14,81,136
14,92,8
14,95,319
14,97,229
14,101,371
14,102,179
14,104,186
14,106,386
14,108,381
14,118,308
14,119,139
14,122,75
14,128,199
14,131,202
14,132,160
14,133,44
14,135,322
14,138,202
14,141,144
14,145,20
14,148,285
14,149,196
14,158,234
14,166,148
14,173,274
14,188,373
14,196,68
15,1,19
15,2,40
15,3,346
15,5,194
15,6,40
15,7,14
15,8,397
15,9,292
15,10,272
15,12,43
15,13,36
15,16,86
15,17,321
15,18,215
15,19,12
15,20,394
15,21,168
15,25,129
15,26,259
15,27,302
15,28,92
15,29,216
15,30,164
15,32,80
15,33,337
15,36,223
15,37,97
15,38,72
15,40,51
15,43,119
15,45,305
15,48,348
15,49,107
15,50,101
15,51,189
15,56,331
15,58,383
15,62,303
15,64,204
15,69,11
15,73,342
15,74,304
15,76,187
15,77,128
15,80,122
15,81,160
15,88,377
15,89,313
15,93,361
15,102,87
15,103,121
15,105,345
15,107,73
15,109,138
15,110,189
15,115,328
15,119,319
15,121,314
15,128,376
15,130,372
15,134,254
15,139,63
15,149,83
15,151,87
15,155,358
15,170,215
15,182,299
15,192,217
15,194,302
16,1,254
16,3,50
16,4,233
16,8,101
16,9,112
16,11,383
16,12,196
16,13,341
16,15,86
16,18,1
16,19,244
16,21,277
16,22,282
16,24,388
16,26,388
16,27,366
16,28,81
16,31,309
16,32,30
16,33,118
16,34,392
16,35,128
16,36,207
16,37,11
16,40,280
16,43,236
16,44,35
16,46,19
16,47,335
16,48,101
16,54,38
16,56,229
16,58,34
16,59,210
16,60,119
16,65,287
16,68,102
16,71,117
16,73,93
16,78,234
16,79,256
16,80,261
16,83,314
16,88,170
16,90,395
16,92,124
16,100,352
16,106,324
16,110,298
16,111,208
16,117,293
16,118,383
16,121,383
16,127,263
16,133,245
16,143,125
16,144,314
16,151,81
16,160,381
16,165,185
16,168,28
16,174,154
16,183,383
16,185,301
16,187,181
16,188,21
17,1,101
17,3,315
17,4,276
17,6,350
17,9,206
17,10,158
17,11,145
17,12,331
17,13,148
17,14,73
17,15,321
17,20,62
17,21,273
17,22,382
17,23,357
17,24,56
17,26,275
17,30,197
17,31,36
17,35,105
17,37,111
17,38,366
17,39,300
17,40,51
17,41,39
17,42,79
17,44,324
17,45,306
17,47,334
17,48,246
17,50,288
17,51,100
17,52,292
17,58,350
17,59,342
17,60,117
17,63,49
17,64,6
17,66,4
17,67,315
17,69,157
17,70,204
17,72,51
17,82,73
17,87,357
17,88,369
17,90,267
17,94,5
17,100,276
17,101,151
17,112,214
17,118,335
17,119,287
17,122,26
17,147,340
17,148,58
17,159,71
17,165,132
17,170,241
17,180,207
18,1,258
18,4,19
18,5,246
18,7,291
18,11,10
18,12,64
18,13,326
18,14,396
18,15,215
18,16,1
18,21,328
18,22,26
18,23,147
18,25,97
18,26,80
18,27,9
18,29,109
18,31,153
18,32,189
18,33,399
18,34,374
18,35,256
18,36,273
18,38,34
18,41,196
18,42,123
18,43,372
18,44,364
18,45,70
18,46,124
18,50,12
18,51,188
18,55,320
18,58,331
18,59,392
18,62,255
18,63,47
18,64,74
18,65,77
18,70,85
18,71,235
18,74,238
18,77,106
18,79,300
18,82,170
18,83,247
18,85,79
18,91,66
18,92,173
18,93,60
18,94,202
18,98,309
18,102,276
18,104,164
18,117,62
18,118,124
18,122,235
18,127,146
18,129,107
18,136,330
18,137,265
18,146,277
18,147,257
18,148,355
18,160,151
18,162,241
18,164,198
18,167,209
18,175,93
18,178,355
18,180,161
18,188,292
18,195,67
19,1,395
19,3,374
19,5,24
19,6,143
19,7,227
19,10,147
19,11,314
19,13,251
19,14,96
19,15,12
19,16,244
19,21,258
19,22,104
19,23,392
19,24,349
19,26,184
19,28,181
19,29,346
19,32,50
19,33,174
19,34,289
19,35,144
19,36,77
19,37,3
19,38,164
19,40,132
19,42,269
19,43,347
19,46,275
19,47,249
19,49,329
19,50,368
19,51,249
19,53,245
19,57,237
19,59,290
19,60,59
19,61,183
19,62,105
19,63,32
19,64,16
19,67,201
19,70,19
19,72,29
19,76,236
19,79,251
19,80,330
19,81,274
19,82,91
19,84,90
19,86,185
19,87,270
19,89,320
19,91,324
19,96,83
19,97,211
19,98,92
19,100,248
19,102,229
19,124,161
19,130,140
19,137,350
19,142,355
19,143,240
19,150,331
19,155,349
19,160,224
19,162,280
19,165,287
19,178,302
19,182,336
19,187,285
19,200,72
20,1,53
20,2,201
20,5,311
20,6,73
20,8,111
20,9,340
20,12,290
20,13,131
20,14,349
20,15,394
20,17,62
20,22,151
20,23,266
20,25,293
20,27,182
20,28,28
20,29,163
20,32,72
20,33,82
20,34,100
20,35,294
20,36,172
20,37,273
20,38,40
20,39,254
20,40,203
20,43,358
20,44,399
20,46,117
20,50,221
20,51,4
20,52,85
20,53,228
20,56,291
20,57,388
20,58,110
20,59,39
20,61,208
20,64,226
20,65,286
20,70,371
20,71,290
20,76,243
20,78,386
20,79,355
20,82,79
20,86,162
20,90,396
20,94,367
20,101,348
20,104,167
20,112,261
20,113,249
20,114,245
20,117,282
20,121,326
20,123,243
20,125,344
20,128,154
20,129,363
20,132,139
20,134,207
20,136,357
20,138,277
20,140,354
20,145,369
20,150,349
20,163,22
20,166,44
20,167,65
20,169,274
20,172,104
20,173,372
20,178,39
20,182,125
20,184,158
20,191,362
21,1,395
21,2,82
21,4,252
21,5,301
21,6,321
21,7,195
21,9,258
21,10,18
21,12,152
21,13,347
21,14,21
21,15,168
21,16,277
21,17,273
21,18,328
21,19,258
21,24,11
21,26,274
21,27,300
21,29,290
21,30,354
21,31,26
21,32,366
21,33,68
21,35,226
21,36,68
21,37,35
21,38,400
21,39,141
21,40,190
21,41,84
21,43,90
21,44,318
21,48,251
21,49,365
21,50,199
21,51,229
21,54,127
21,55,197
21,57,303
21,58,390
21,63,303
21,66,103
21,67,221
21,69,392
21,73,367
21,74,351
21,76,298
21,80,397
21,81,164
21,83,10
21,84,151
21,86,315
21,88,223
21,90,47
21,92,236
21,93,3
21,97,278
21,103,69
21,104,206
21,106,386
21,108,73
21,110,336
21,112,190
21,113,370
21,116,151
21,119,84
21,120,210
21,131,262
21,138,191
21,140,362
21,142,116
21,154,337
21,164,288
21,165,316
21,181,228
21,185,240
21,195,77
21,200,267
22,1,296
22,2,382
22,3,314
22,4,244
22,6,63
22,9,379
22,10,329
22,11,331
22,12,309
22,13,198
22,14,390
22,16,282
22,17,382
22,18,26
22,19,104
22,20,151
22,23,228
22,25,10
22,26,255
22,27,101
22,28,374
22,29,390
22,30,89
22,31,237
22,32,105
22,33,291
22,35,399
22,37,35
22,39,86
22,41,178
22,43,109
22,44,18
22,45,259
22,46,222
22,47,111
22,49,259
22,52,162
22,53,377
22,56,302
22,57,299
22,58,23
22,62,334
22,63,327
22,66,294
22,67,51
22,69,193
22,70,218
22,72,68
22,76,230
22,78,218
22,80,238
22,81,123
22,86,35
22,90,220
22,91,186
22,92,169
22,96,77
22,103,260
22,107,76
22,111,336
22,115,305
22,126,294
22,135,71
22,137,269
22,139,355
22,152,394
22,162,76
22,165,258
22,166,278
22,169,308
22,170,221
22,173,398
22,185,61
22,187,359
22,188,213
22,194,328
23,1,210
23,2,264
23,3,38
23,4,74
23,5,283
23,7,22
23,8,179
23,11,264
23,12,175
23,14,390
23,17,357
23,18,147
23,19,392
23,20,266
23,22,228
23,24,35
23,27,155
23,30,184
23,31,151
23,32,21
23,37,259
23,38,196
23,40,164
23,41,209
23,42,94
23,44,358
23,45,377
23,47,213
23,48,369
23,49,224
23,50,53
23,52,134
23,53,287
23,56,81
23,57,367
23,58,32
23,59,340
23,61,354
23,63,97
23,65,328
23,66,3
23,68,47
23,69,151
23,80,64
23,83,30
23,84,93
23,85,206
23,86,256
23,89,371
23,93,152
23,94,221
23,95,30
23,109,79
23,113,211
23,120,4
23,124,175
23,125,253
23,127,232
23,132,113
23,135,244
23,142,354
23,146,180
23,148,303
23,158,185
23,167,326
23,172,291
23,183,114
23,194,325
23,200,265
24,2,339
24,3,199
24,5,226
24,7,204
24,8,275
24,11,210
24,12,187
24,14,274
24,16,388
24,17,56
24,19,349
24,21,11
24,23,35
24,26,229
24,27,82
24,29,88
24,34,122
24,35,340
24,37,329
24,38,278
24,39,265
24,41,144
24,43,141
24,44,383
24,46,72
24,47,180
24,48,153
24,54,142
24,55,279
24,56,15
24,59,250
24,60,288
24,62,399
24,65,70
24,70,51
24,73,375
24,74,209
24,75,328
24,76,193
24,78,58
24,80,15
24,83,225
24,85,107
24,87,61
24,93,30
24,95,274
24,98,228
24,100,231
24,107,282
24,108,245
24,110,194
24,113,183
24,119,365
24,125,53
24,126,229
24,130,388
24,136,301
24,137,274
24,138,130
24,140,152
24,152,253
24,170,196
24,186,343
24,187,203
25,2,181
25,3,343
25,5,117
25,8,379
25,9,392
25,11,360
25,12,103
25,13,42
25,15,129
25,18,97
25,20,293
25,22,10
25,27,239
25,28,27
25,30,135
25,32,59
25,33,231
25,36,322
25,37,187
25,38,356
25,39,199
25,45,193
25,46,1
25,47,281
25,55,113
25,57,286
25,60,387
25,65,340
25,74,379
25,75,284
25,76,41
25,77,331
25,82,50
25,89,86
25,94,134
25,95,266
25,96,329
25,99,113
25,101,314
25,102,3
25,104,147
25,108,4
25,111,58
25,112,125
25,113,389
25,116,229
25,118,239
25,119,400
25,121,267
25,126,193
25,141,6
25,147,357
25,152,400
25,153,227
25,159,355
25,163,377
25,167,168
25,177,152
25,187,169
25,198,298
25,199,39
26,1,174
26,4,274
26,5,234
26,6,316
26,8,64
26,10,82
26,11,88
26,12,68
26,14,66
26,15,259
26,16,388
26,17,275
26,18,80
26,19,184
26,21,274
26,22,255
26,24,229
26,28,254
26,30,352
26,31,58
26,34,391
26,35,254
26,36,390
26,37,170
26,38,164
26,43,67
26,44,127
26,45,193
26,47,335
26,48,288
26,50,132
26,55,39
26,56,189
26,57,376
26,60,397
26,62,39
26,65,147
26,70,176
26,71,307
26,73,124
26,76,265
26,77,64
26,80,116
26,82,374
26,84,149
26,85,62
26,89,162
26,92,282
26,94,26
26,102,146
26,103,230
26,106,45
26,108,266
26,109,321
26,112,340
26,116,282
26,118,288
26,120,161
26,121,239
26,122,242
26,123,250
26,127,85
26,130,207
26,133,48
26,135,132
26,138,331
26,139,131
26,141,209
26,142,350
26,148,388
26,158,177
26,164,338
26,166,343
26,168,77
26,173,202
26,181,313
26,187,395
26,188,364
26,194,14
26,195,152
26,199,351
27,1,121
27,3,134
27,6,246
27,7,268
27,10,337
27,12,363
27,13,361
27,14,15
27,15,302
27,16,366
27,18,9
27,20,182
27,21,300
27,22,101
27,23,155
27,24,82
27,25,239
27,30,90
27,32,305
27,33,384
27,34,115
27,35,217
27,36,391
27,38,303
27,39,231
27,41,305
27,42,267
27,45,368
27,47,48
27,48,176
27,52,314
27,60,186
27,62,217
27,63,170
27,64,257
27,65,177
27,66,385
27,68,333
27,72,105
27,75,252
27,78,225
27,80,307
27,81,20
27,85,217
27,91,12
27,92,256
27,93,148
27,95,352
27,99,379
27,100,332
27,101,49
27,102,217
27,105,352
27,110,4
27,115,49
27,117,231
27,119,19
27,120,270
27,123,70
27,128,367
27,129,77
27,134,353
27,143,256
27,144,269
27,149,366
27,151,52
27,153,120
27,158,44
27,159,25
27,175,375
27,182,127
27,184,206
27,192,103
27,199,266
28,1,253
28,3,130
28,4,124
28,5,146
28,7,50
28,8,215
28,9,338
28,11,30
28,12,80
28,14,204
28,15,92
28,16,81
28,19,181
28,20,28
28,22,374
28,25,27
28,26,254
28,29,104
28,31,209
28,32,15
28,33,14
28,34,68
28,35,16
28,36,158
28,37,259
28,39,388
28,41,357
28,42,177
28,50,394
28,53,65
28,54,208
28,55,99
28,56,118
28,58,313
28,59,80
28,61,128
28,62,391
28,63,122
28,66,261
28,67,264
28,73,121
28,74,82
28,80,93
28,81,37
28,83,249
28,84,301
28,101,81
28,103,155
28,104,318
28,106,337
28,120,161
28,121,269
28,132,129
28,133,57
28,145,12
28,147,143
28,151,236
28,159,98
28,161,168
28,165,225
28,168,266
28,178,39
28,192,296
28,199,203
29,1,35
29,2,271
29,3,249
29,6,212
29,7,164
29,9,280
29,10,4
29,11,209
29,12,286
29,13,185
29,15,216
29,18,109
29,19,346
29,20,163
29,21,290
29,22,390
29,24,88
29,28,104
29,30,371
29,33,392
29,34,18
29,35,328
29,37,99
29,38,51
29,39,210
29,40,295
29,41,127
29,42,68
29,43,98
29,44,272
29,45,138
29,50,6
29,51,304
29,53,166
29,55,384
29,57,215
29,59,162
29,62,137
29,64,28
29,65,177
29,66,66
29,68,225
29,76,281
29,78,111
29,79,165
29,82,140
29,83,250
29,86,307
29,88,255
29,93,41
29,96,61
29,98,31
29,100,274
29,104,82
29,105,306
29,110,291
29,112,386
29,113,63
29,115,236
29,116,166
29,117,120
29,123,113
29,133,63
29,134,312
29,138,243
29,144,89
29,145,21
29,149,175
29,152,60
29,155,309
29,164,144
29,165,346
29,168,393
29,171,259
29,175,2
29,176,392
29,177,67
29,182,373
29,188,41
30,2,227
30,5,109
30,6,257
30,7,202
30,8,13
30,9,336
30,10,353
30,11,260
30,12,351
30,13,387
30,15,164
30,17,197
30,21,354
30,22,89
30,23,184
30,25,135
30,26,352
30,27,90
30,29,371
30,31,256
30,32,113
30,36,365
30,40,265
30,41,91
30,43,14
30,45,209
30,46,287
30,47,215
30,49,360
30,50,305
30,53,37
30,54,368
30,55,116
30,60,378
30,61,49
30,62,201
30,63,343
30,68,99
30,75,186
30,77,348
30,79,270
30,83,85
30,84,224
30,85,143
30,87,118
30,90,161
30,93,79
30,94,1
30,95,246
30,96,163
30,98,361
30,102,332
30,105,70
30,108,310
30,110,18
30,112,386
30,115,106
30,119,164
30,121,329
30,124,400
30,126,32
30,127,170
30,128,173
30,129,171
30,132,210
30,145,338
30,146,274
30,173,287
30,176,197
30,190,309
30,196,328
31,1,223
31,2,304
31,3,343
31,5,328
31,6,363
31,7,391
31,8,232
31,9,325
31,10,357
31,11,77
31,12,368
31,14,212
31,16,309
31,17,36
31,18,153
31,21,26
31,22,237
31,23,151
31,26,58
31,28,209
31,30,256
31,32,244
31,35,156
31,36,331
31,38,179
31,39,128
31,40,217
31,42,308
31,43,140
31,45,169
31,48,15
31,53,263
31,54,112
31,56,319
31,57,348
31,59,179
31,60,54
31,61,319
31,64,343
31,67,223
31,68,180
31,69,30
31,70,26
31,73,273
31,75,201
31,78,203
31,81,145
31,87,383
31,89,68
31,92,279
31,99,337
31,104,161
31,113,259
31,118,323
31,126,182
31,127,257
31,129,126
31,131,239
31,133,374
31,136,262
31,147,171
31,156,91
31,164,39
31,166,394
31,170,33
31,177,34
31,182,312
31,185,377
31,193,171
32,2,202
32,5,350
32,9,386
32,11,344
32,14,134
32,15,80
32,16,30
32,18,189
32,19,50
32,20,72
32,21,366
32,22,105
32,23,21
32,25,59
32,27,305
32,28,15
32,30,113
32,31,244
32,33,306
32,34,122
32,37,371
32,39,248
32,40,287
32,41,335
32,45,176
32,47,242
32,48,212
32,49,291
32,50,262
32,51,303
32,52,154
32,54,304
32,55,99
32,56,138
32,57,316
32,59,170
32,62,337
32,67,209
32,72,111
32,73,341
32,81,12
32,82,330
32,84,62
32,86,45
32,91,167
32,93,120
32,96,221
32,97,234
32,102,381
32,108,95
32,110,106
32,117,368
32,123,112
32,125,161
32,129,129
32,131,264
32,132,308
32,133,232
32,137,199
32,139,49
32,141,157
32,142,195
32,143,329
32,147,189
32,148,154
32,158,201
32,164,353
32,166,186
32,169,52
32,173,77
32,175,154
32,193,331
32,195,296
33,1,99
33,3,228
33,4,94
33,5,371
33,8,9
33,9,338
33,10,279
33,12,122
33,15,337
33,16,118
33,18,399
33,19,174
33,20,82
33,21,68
33,22,291
33,25,231
33,27,384
33,28,14
33,29,392
33,32,306
33,34,215
33,35,23
33,36,34
33,37,293
33,38,259
33,40,369
33,42,356
33,43,308
33,45,224
33,46,305
33,47,91
33,49,102
33,50,112
33,52,382
33,54,83
33,55,399
33,68,342
33,69,173
33,71,305
33,72,323
33,77,205
33,80,62
33,84,122
33,85,233
33,87,69
33,88,204
33,94,78
33,97,86
33,101,357
33,113,288
33,114,381
33,115,281
33,116,146
33,121,41
33,122,234
33,123,372
33,124,80
33,125,16
33,126,103
33,127,44
33,129,31
33,132,179
33,135,305
33,143,6
33,144,198
33,149,300
33,157,329
33,165,205
33,168,302
33,169,212
33,170,183
33,174,399
33,176,178
33,177,134
33,183,51
33,186,335
33,194,358
33,195,393
33,196,387
34,1,333
34,3,161
34,4,356
34,6,310
34,7,186
34,8,243
34,10,139
34,11,92
34,12,319
34,16,392
34,18,374
34,19,289
34,20,100
34,24,122
34,26,391
34,27,115
34,28,68
34,29,18
34,32,122
34,33,215
34,35,314
34,37,184
34,38,287
34,39,48
34,40,10
34,43,49
34,44,201
34,46,144
34,48,58
34,52,70
34,53,233
34,54,296
34,56,280
34,60,69
34,61,122
34,64,120
34,67,298
34,72,306
34,73,331
34,74,394
34,76,109
34,78,288
34,84,316
34,86,112
34,90,32
34,93,65
34,96,83
34,98,193
34,100,147
34,105,197
34,106,381
34,117,239
34,118,20
34,119,352
34,120,129
34,121,98
34,124,336
34,128,211
34,139,229
34,140,139
34,143,275
34,149,288
34,150,297
34,155,67
34,161,355
34,162,201
34,167,228
34,172,112
34,184,139
34,185,336
34,186,277
35,1,151
35,2,385
35,3,174
35,4,156
35,10,161
35,11,75
35,14,190
35,16,128
35,17,105
35,18,256
35,19,144
35,20,294
35,21,226
35,22,399
35,24,340
35,26,254
35,27,217
35,28,16
35,29,328
35,31,156
35,33,23
35,34,314
35,38,103
35,40,225
35,41,368
35,43,125
35,44,172
35,47,349
35,48,6
35,50,128
35,51,195
35,52,18
35,54,15
35,56,351
35,57,335
35,59,369
35,60,29
35,62,282
35,64,378
35,65,257
35,70,164
35,77,287
35,81,34
35,85,142
35,87,249
35,88,186
35,93,248
35,95,65
35,96,6
35,97,350
35,101,196
35,102,356
35,105,62
35,106,205
35,107,386
35,109,249
35,110,247
35,112,215
35,114,16
35,124,355
35,125,77
35,128,152
35,131,221
35,133,58
35,137,92
35,142,284
35,144,65
35,146,87
35,147,293
35,154,305
35,159,166
35,160,396
35,162,118
35,163,19
35,164,168
35,165,362
35,167,122
35,194,222
35,196,268
36,1,271
36,2,348
36,3,219
36,5,181
36,6,149
36,7,198
36,8,299
36,9,133
36,10,184
36,13,206
36,14,13
36,15,223
36,16,207
36,18,273
36,19,77
36,20,172
36,21,68
36,25,322
36,26,390
36,27,391
36,28,158
36,30,365
36,31,331
36,33,34
36,37,265
36,38,74
36,39,139
36,40,343
36,41,53
36,42,40
36,46,204
36,48,85
36,49,325
36,50,49
36,54,380
36,55,118
36,57,206
36,58,386
36,59,324
36,60,205
36,64,355
36,65,391
36,67,354
36,69,59
36,70,114
36,73,382
36,74,275
36,75,381
36,76,338
36,77,39
36,78,200
36,83,207
36,84,348
36,87,60
36,99,225
36,101,33
36,103,399
36,105,345
36,106,382
36,108,21
36,109,31
36,111,13
36,113,243
36,116,172
36,118,161
36,119,259
36,120,153
36,124,221
36,129,135
36,130,334
36,131,209
36,134,7
36,147,374
36,149,290
36,150,156
36,156,299
36,157,94
36,164,41
36,165,83
36,166,342
36,168,272
36,176,159
36,186,219
36,200,11
37,2,92
37,3,67
37,4,284
37,5,391
37,7,393
37,8,86
37,10,121
37,11,210
37,14,41
37,15,97
37,16,11
37,17,111
37,19,3
37,20,273
37,21,35
37,22,35
37,23,259
37,24,329
37,25,187
37,26,170
37,28,259
37,29,99
37,32,371
37,33,293
37,34,184
37,36,265
37,38,310
37,40,373
37,41,195
37,42,128
37,44,81
37,47,162
37,50,85
37,51,240
37,52,27
37,53,264
37,54,377
37,55,135
37,56,215
37,58,342
37,63,179
37,64,39
37,68,217
37,71,43
37,79,195
37,81,231
37,84,184
37,85,104
37,86,346
37,93,181
37,94,114
37,95,173
37,97,264
37,98,97
37,99,364
37,103,154
37,104,141
37,105,22
37,110,393
37,114,137
37,116,135
37,117,77
37,121,348
37,123,329
37,127,257
37,135,393
37,139,71
37,143,201
37,150,52
37,157,340
37,160,20
37,161,359
37,164,148
37,169,233
37,175,242
37,178,354
37,190,192
37,196,396
38,2,232
38,3,375
38,4,212
38,8,299
38,9,63
38,10,185
38,12,194
38,13,188
38,14,173
38,15,72
38,17,366
38,18,34
38,19,164
38,20,40
38,21,400
38,23,196
38,24,278
38,25,356
38,26,164
38,27,303
38,29,51
38,31,179
38,33,259
38,34,287
38,35,103
38,36,74
38,37,310
38,40,357
38,41,396
38,42,136
38,43,315
38,46,167
38,47,7
38,48,85
38,49,147
38,51,218
38,54,97
38,57,246
38,62,174
38,66,383
38,67,21
38,68,156
38,69,353
38,73,38
38,74,110
38,76,166
38,78,291
38,79,19
38,83,54
38,87,201
38,91,129
38,92,272
38,94,254
38,95,51
38,96,299
38,97,259
38,98,189
38,101,154
38,103,266
38,104,301
38,106,28
38,111,351
38,113,244
38,123,110
38,124,123
38,128,11
38,130,53
38,144,303
38,157,390
38,158,398
38,170,101
38,174,318
38,176,337
38,177,14
38,185,382
38,193,398
38,199,126
39,1,109
39,3,147
39,6,85
39,8,369
39,10,195
39,11,308
39,12,188
39,17,300
39,20,254
39,21,141
39,22,86
39,24,265
39,25,199
39,27,231
39,28,388
39,29,210
39,31,128
39,32,248
39,34,48
39,36,139
39,40,299
39,43,14
39,44,106
39,45,293
39,51,193
39,55,369
39,58,129
39,60,150
39,61,245
39,62,54
39,63,255
39,64,383
39,66,196
39,70,251
39,72,329
39,74,392
39,76,101
39,80,249
39,81,324
39,88,155
39,89,228
39,90,180
39,94,230
39,97,323
39,100,112
39,104,226
39,107,206
39,108,167
39,114,398
39,115,80
39,116,23
39,121,138
39,125,154
39,131,161
39,141,86
39,144,96
39,148,232
39,149,210
39,150,388
39,153,101
39,154,141
39,155,248
39,158,296
39,167,353
39,169,211
39,170,156
39,171,140
39,174,236
39,176,272
39,179,270
39,182,238
39,184,15
39,185,252
39,188,264
39,196,131
40,7,334
40,8,169
40,9,306
40,10,112
40,11,275
40,14,5
40,15,51
40,16,280
40,17,51
40,19,132
40,20,203
40,21,190
40,23,164
40,29,295
40,30,265
40,31,217
40,32,287
40,33,369
40,34,10
40,35,225
40,36,343
40,37,373
40,38,357
40,39,299
40,41,156
40,43,196
40,45,60
40,46,374
40,47,119
40,48,14
40,49,125
40,51,254
40,52,266
40,53,375
40,54,45
40,56,84
40,58,73
40,59,308
40,62,286
40,63,358
40,66,334
40,67,58
40,68,82
40,70,35
40,71,63
40,72,99
40,73,179
40,74,400
40,75,173
40,76,57
40,77,9
40,86,158
40,87,246
40,89,291
40,90,222
40,91,179
40,93,168
40,104,199
40,114,61
40,117,37
40,131,187
40,132,144
40,136,138
40,137,355
40,142,273
40,144,100
40,145,70
40,150,211
40,154,313
40,155,331
40,160,200
40,175,301
40,186,208
40,188,260
40,197,321
41,1,353
41,2,320
41,4,322
41,7,88
41,8,83
41,10,202
41,11,353
41,13,346
41,14,43
41,17,39
41,18,196
41,21,84
41,22,178
41,23,209
41,24,144
41,27,305
41,28,357
41,29,127
41,30,91
41,32,335
41,35,368
41,36,53
41,37,195
41,38,396
41,40,156
41,42,160
41,43,49
41,45,92
41,46,382
41,47,226
41,50,393
41,51,348
41,52,264
41,54,367
41,56,343
41,57,110
41,58,233
41,60,381
41,64,101
41,65,204
41,68,41
41,69,1
41,71,376
41,72,316
41,73,72
41,78,185
41,79,172
41,81,275
41,82,160
41,88,295
41,89,43
41,90,230
41,91,325
41,93,82
41,95,192
41,97,324
41,100,6
41,102,277
41,104,214
41,105,158
41,106,215
41,107,182
41,109,115
41,113,292
41,115,177
41,125,371
41,127,326
41,132,56
41,137,121
41,138,206
41,142,115
41,147,342
41,151,302
41,156,168
41,158,355
41,159,371
41,164,318
41,170,106
41,176,309
41,183,386
41,192,237
42,1,246
42,2,295
42,3,322
42,6,91
42,7,346
42,8,45
42,9,191
42,10,273
42,14,286
42,17,79
42,18,123
42,19,269
42,23,94
42,27,267
42,28,177
42,29,68
42,31,308
42,33,356
42,36,40
42,37,128
42,38,136
42,41,160
42,43,245
42,44,202
42,45,254
42,47,64
42,50,146
42,52,238
42,53,15
42,55,385
42,56,339
42,57,235
42,58,320
42,60,328
42,61,123
42,67,330
42,69,153
42,70,201
42,78,328
42,83,373
42,84,218
42,89,19
42,90,287
42,92,310
42,93,174
42,98,249
42,99,282
42,103,98
42,105,398
42,106,215
42,107,152
42,108,334
42,111,144
42,113,119
42,115,355
42,116,80
42,117,180
42,120,201
42,122,168
42,127,354
42,134,60
42,135,75
42,136,374
42,137,89
42,141,19
42,142,274
42,145,389
42,146,347
42,147,306
42,154,341
42,161,129
42,164,75
42,167,312
42,168,197
42,175,197
42,186,37
42,194,168
42,197,274
43,3,372
43,5,101
43,6,43
43,10,257
43,12,72
43,13,25
43,14,199
43,15,119
43,16,236
43,18,372
43,19,347
43,20,358
43,21,90
43,22,109
43,24,141
43,26,67
43,29,98
43,30,14
43,31,140
43,33,308
43,34,49
43,35,125
43,38,315
43,39,14
43,40,196
43,41,49
43,42,245
43,47,238
43,49,217
43,50,254
43,52,371
43,53,95
43,54,321
43,55,218
43,57,345
43,58,262
43,59,102
43,61,99
43,66,56
43,68,54
43,73,304
43,74,119
43,84,384
43,89,120
43,91,263
43,94,398
43,96,45
43,97,64
43,98,124
43,99,11
43,108,228
43,109,228
43,111,189
43,114,177
43,116,297
43,123,213
43,128,81
43,130,249
43,134,116
43,137,347
43,138,216
43,140,170
43,143,326
43,144,311
43,146,309
43,148,347
43,150,158
43,155,320
43,165,61
43,167,391
43,188,322
44,1,158
44,2,278
44,3,266
44,4,362
44,7,301
44,8,73
44,9,22
44,10,132
44,11,387
44,12,397
44,13,8
44,16,35
44,17,324
44,18,364
44,20,399
44,21,318
44,22,18
44,23,358
44,24,383
44,26,127
44,29,272
44,34,201
44,35,172
44,37,81
44,39,106
44,42,202
44,46,114
44,47,367
44,48,169
44,51,249
44,58,263
44,62,319
44,64,133
44,65,31
44,66,234
44,68,397
44,69,307
44,71,116
44,79,370
44,87,218
44,88,60
44,89,74
44,94,374
44,102,253
44,105,253
44,107,308
44,112,261
44,118,258
44,119,11
44,123,144
44,129,206
44,131,291
44,136,204
44,144,172
44,145,369
44,146,34
44,149,166
44,159,234
44,165,340
44,166,12
44,173,279
44,178,58
44,191,264
45,3,337
45,4,362
45,7,26
45,8,49
45,9,21
45,11,303
45,12,293
45,13,126
45,15,305
45,17,306
45,18,70
45,22,259
45,23,377
45,25,193
45,26,193
45,27,368
45,29,138
45,30,209
45,31,169
45,32,176
45,33,224
45,39,293
45,40,60
45,41,92
45,42,254
45,47,389
45,48,187
45,49,240
45,50,277
45,52,114
45,53,258
45,56,190
45,58,22
45,59,373
45,66,272
45,68,366
45,70,113
45,71,369
45,72,143
45,75,268
45,76,143
45,77,271
45,78,196
45,79,322
45,82,399
45,83,112
45,84,106
45,85,172
45,94,67
45,99,82
45,100,384
45,110,74
45,111,139
45,113,116
45,116,259
45,120,347
45,132,172
45,137,93
45,138,131
45,142,242
45,146,383
45,149,66
45,158,256
45,159,232
45,161,30
45,163,55
45,166,154
45,170,66
45,174,16
45,183,358
45,184,338
45,191,358
45,193,278
45,198,377
46,3,186
46,4,370
46,5,215
46,6,56
46,7,27
46,8,250
46,9,172
46,10,268
46,12,193
46,13,5
46,14,2
46,16,19
46,18,124
46,19,275
46,20,117
46,22,222
46,24,72
46,25,1
46,30,287
46,33,305
46,34,144
46,36,204
46,38,167
46,40,374
46,41,382
46,44,114
46,49,84
46,50,233
46,51,60
46,52,375
46,53,211
46,54,168
46,63,349
46,64,88
46,67,200
46,69,82
46,72,259
46,75,375
46,76,106
46,77,78
46,78,212
46,81,328
46,82,5
46,87,253
46,88,137
46,89,136
46,90,123
46,93,208
46,94,7
46,104,101
46,107,130
46,109,303
46,124,233
46,126,277
46,127,84
46,132,82
46,137,323
46,152,145
46,159,246
46,161,24
46,162,376
46,163,47
46,168,270
46,174,19
46,176,22
46,177,252
46,194,268
46,200,261
47,1,229
47,2,148
47,5,379
47,11,339
47,13,206
47,16,335
47,17,334
47,19,249
47,22,111
47,23,213
47,24,180
47,25,281
47,26,335
47,27,48
47,30,215
47,32,242
47,33,91
47,35,349
47,37,162
47,38,7
47,40,119
47,41,226
47,42,64
47,43,238
47,44,367
47,45,389
47,48,271
47,53,116
47,54,223
47,55,331
47,56,11
47,58,141
47,68,197
47,77,150
47,79,382
47,81,248
47,83,251
47,94,272
47,98,10
47,100,356
47,107,95
47,108,122
47,110,365
47,112,285
47,115,263
47,117,353
47,120,278
47,121,255
47,122,184
47,132,200
47,138,277
47,143,182
47,146,129
47,165,315
47,167,200
47,169,71
47,170,291
47,179,387
47,180,361
47,187,191
47,191,268
48,2,397
48,5,297
48,7,244
48,8,71
48,9,377
48,10,328
48,11,137
48,13,1
48,14,287
48,15,348
48,16,101
48,17,246
48,21,251
48,23,369
48,24,153
48,26,288
48,27,176
48,31,15
48,32,212
48,34,58
48,35,6
48,36,85
48,38,85
48,40,14
48,44,169
48,45,187
48,47,271
48,51,182
48,52,324
48,53,208
48,54,35
48,55,259
48,57,245
48,60,53
48,62,124
48,63,181
48,64,348
48,65,374
48,67,272
48,68,33
48,72,60
48,74,134
48,75,178
48,76,77
48,78,281
48,81,129
48,82,213
48,83,319
48,84,249
48,85,32
48,86,89
48,92,334
48,103,301
48,109,276
48,114,80
48,122,211
48,126,33
48,129,307
48,134,16
48,137,72
48,140,295
48,147,313
48,154,237
48,158,254
48,160,103
48,163,312
48,167,395
48,169,254
48,179,331
48,182,272
48,183,391
48,185,49
48,187,217
48,189,378
48,195,43
48,198,51
49,1,31
49,2,85
49,3,193
49,4,88
49,6,186
49,7,132
49,9,58
49,10,37
49,11,183
49,14,364
49,15,107
49,19,329
49,21,365
49,22,259
49,23,224
49,30,360
49,32,291
49,33,102
49,36,325
49,38,147
49,40,125
49,43,217
49,45,240
49,46,84
49,50,292
49,56,365
49,57,62
49,59,159
49,64,152
49,68,12
49,69,206
49,70,195
49,74,94
49,80,359
49,83,34
49,85,353
49,88,34
49,90,153
49,92,2
49,102,239
49,103,270
49,107,71
49,113,318
49,114,69
49,117,179
49,119,299
49,121,329
49,124,356
49,125,127
49,128,157
49,129,296
49,132,55
49,137,361
49,141,45
49,146,265
49,151,310
49,159,280
49,186,154
49,200,84
50,2,323
50,3,310
50,5,289
50,8,173
50,9,157
50,15,101
50,17,288
50,18,12
50,19,368
50,20,221
50,21,199
50,23,53
50,26,132
50,28,394
50,29,6
50,30,305
50,32,262
50,33,112
50,35,128
50,36,49
50,37,85
50,41,393
50,42,146
50,43,254
50,45,277
50,46,233
50,49,292
50,54,106
50,58,383
50,59,354
50,61,312
50,64,249
50,65,385
50,66,370
50,67,109
50,70,187
50,71,361
50,78,228
50,83,217
50,88,137
50,96,143
50,98,322
50,100,255
50,103,220
50,105,345
50,108,15
50,119,159
50,122,322
50,123,191
50,131,338
50,136,266
50,138,326
50,141,160
50,148,55
50,151,125
50,153,351
50,155,362
50,156,12
50,160,164
50,166,119
50,173,328
50,177,203
50,180,224
50,189,322
50,190,224
50,193,126
51,2,201
51,3,225
51,6,182
51,7,371
51,8,230
51,10,372
51,11,312
51,12,336
51,13,237
51,15,189
51,17,100
51,18,188
51,19,249
51,20,4
51,21,229
51,29,304
51,32,303
51,35,195
51,37,240
51,38,218
51,39,193
51,40,254
51,41,348
51,44,249
51,46,60
51,48,182
51,53,22
51,54,72
51,56,120
51,57,49
51,58,224
51,61,245
51,63,278
51,65,229
51,66,114
51,68,204
51,69,216
51,73,168
51,74,227
51,76,362
51,84,378
51,88,191
51,90,25
51,91,65
51,102,225
51,104,234
51,106,100
51,110,57
51,111,17
51,115,223
51,121,222
51,122,184
51,123,374
51,125,220
51,138,104
51,140,189
51,145,122
51,146,314
51,151,361
51,152,347
51,154,310
51,160,228
51,177,296
51,178,390
51,179,364
51,191,55
51,200,169
52,1,65
52,2,390
52,6,307
52,8,27
52,9,193
52,12,2
52,17,292
52,20,85
52,22,162
52,23,134
52,27,314
52,32,154
52,33,382
52,34,70
52,35,18
52,37,27
52,40,266
52,41,264
52,42,238
52,43,371
52,45,114
52,46,375
52,48,324
52,53,263
52,54,110
52,55,257
52,59,300
52,60,116
52,61,398
52,62,89
52,64,374
52,65,169
52,67,178
52,70,304
52,71,109
52,72,364
52,73,275
52,74,3
52,75,363
52,76,260
52,79,365
52,80,345
52,82,167
52,83,152
52,92,233
52,97,150
52,98,173
52,100,326
52,107,40
52,110,75
52,113,343
52,117,304
52,118,146
52,119,184
52,122,57
52,123,75
52,133,379
52,134,394
52,136,308
52,137,125
52,138,69
52,144,175
52,148,223
52,156,180
52,160,209
52,171,323
52,175,255
52,184,190
52,185,362
53,4,319
53,5,173
53,6,20
53,8,134
53,10,161
53,11,364
53,19,245
53,20,228
53,22,377
53,23,287
53,28,65
53,29,166
53,30,37
53,31,263
53,34,233
53,37,264
53,40,375
53,42,15
53,43,95
53,45,258
53,46,211
53,47,116
53,48,208
53,51,22
53,52,263
53,55,123
53,56,71
53,61,255
53,62,289
53,63,358
53,64,122
53,65,326
53,66,7
53,69,370
53,71,63
53,72,367
53,75,33
53,77,19
53,83,213
53,84,314
53,86,386
53,87,85
53,91,161
53,99,340
53,100,242
53,102,208
53,107,127
53,108,310
53,111,241
53,113,231
53,117,265
53,125,9
53,132,206
53,139,293
53,147,134
53,151,235
53,161,334
53,165,294
53,173,125
53,176,313
53,196,164
54,4,325
54,5,1
54,6,212
54,9,120
54,10,149
54,11,159
54,13,272
54,14,58
54,16,38
54,21,127
54,24,142
54,28,208
54,30,368
54,31,112
54,32,304
54,33,83
54,34,296
54,35,15
54,36,380
54,37,377
54,38,97
54,40,45
54,41,367
54,43,321
54,46,168
54,47,223
54,48,35
54,50,106
54,51,72
54,52,110
54,58,310
54,59,86
54,63,388
54,65,28
54,70,184
54,73,17
54,74,221
54,75,174
54,77,363
54,84,238
54,87,279
54,88,44
54,89,55
54,90,241
54,91,348
54,92,333
54,100,155
54,106,53
54,109,145
54,110,21
54,111,7
54,114,52
54,119,253
54,125,266
54,126,268
54,146,315
54,147,5
54,150,176
54,156,247
54,161,343
54,163,313
54,167,116
54,181,22
54,191,153
54,195,80
54,198,275
54,200,173
55,1,289
55,2,14
55,4,286
55,7,296
55,8,103
55,11,128
55,13,287
55,14,325
55,18,320
55,21,197
55,24,279
55,25,113
55,26,39
55,28,99
55,29,384
55,30,116
55,32,99
55,33,399
55,36,118
55,37,135
55,39,369
55,42,385
55,43,218
55,47,331
55,48,259
55,52,257
55,53,123
55,58,203
55,60,391
55,61,113
55,62,183
55,65,328
55,66,343
55,71,331
55,73,280
55,75,160
55,78,229
55,79,354
55,82,54
55,83,298
55,85,202
55,88,296
55,92,157
55,93,126
55,97,117
55,99,23
55,100,59
55,101,204
55,104,4
55,105,363
55,107,137
55,109,123
55,110,193
55,118,172
55,122,47
55,123,384
55,127,262
55,131,246
55,136,258
55,137,279
55,139,19
55,142,371
55,144,42
55,146,377
55,150,201
55,151,265
55,153,183
55,154,136
55,159,127
55,162,147
55,164,189
55,166,110
55,169,398
55,174,61
55,176,381
55,177,325
55,181,240
55,184,356
55,198,82
56,7,355
56,8,79
56,10,92
56,13,162
56,14,341
56,15,331
56,16,229
56,20,291
56,22,302
56,23,81
56,24,15
56,26,189
56,28,118
56,31,319
56,32,138
56,34,280
56,35,351
56,37,215
56,40,84
56,41,343
56,42,339
56,45,190
56,47,11
56,49,365
56,51,120
56,53,71
56,57,40
56,61,54
56,62,312
56,63,165
56,68,309
56,70,221
56,71,326
56,72,31
56,74,340
56,77,367
56,83,386
56,86,11
56,87,48
56,90,214
56,91,97
56,99,159
56,112,261
56,115,108
56,116,356
56,129,55
56,132,368
56,135,249
56,137,69
56,140,109
56,143,194
56,145,32
56,150,213
56,156,177
56,158,96
56,160,100
56,163,232
56,167,221
56,169,109
56,170,299
56,176,190
56,180,63
56,183,178
56,185,314
56,186,99
56,188,348
56,197,149
57,6,333
57,7,211
57,10,305
57,12,362
57,13,175
57,19,237
57,20,388
57,21,303
57,22,299
57,23,367
57,25,286
57,26,376
57,29,215
57,31,348
57,32,316
57,35,335
57,36,206
57,38,246
57,41,110
57,42,235
57,43,345
57,48,245
57,49,62
57,51,49
57,56,40
57,59,232
57,60,392
57,61,73
57,66,295
57,67,34
57,72,335
57,74,285
57,75,200
57,78,7
57,79,141
57,80,170
57,83,98
57,87,287
57,91,158
57,93,337
57,95,177
57,97,364
57,100,154
57,104,154
57,105,238
57,107,96
57,108,368
57,115,55
57,121,62
57,123,141
57,124,312
57,126,264
57,129,285
57,134,15
57,138,28
57,140,295
