source,target,weight
1,2,31
1,3,3
1,4,386
1,7,120
1,8,89
1,10,254
1,11,393
1,12,389
1,15,12
1,17,176
1,18,12
1,20,134
1,23,10
1,24,138
1,25,195
1,30,379
1,31,215
1,33,157
1,35,47
1,36,267
1,37,206
1,43,264
1,44,53
1,45,137
1,46,133
1,48,353
1,50,389
1,53,12
1,54,29
1,55,175
1,58,124
1,61,291
1,67,290
1,70,138
1,72,251
1,79,166
1,93,153
1,95,85
1,96,348
1,100,135
1,102,23
1,104,143
1,105,379
1,106,131
1,108,190
1,111,370
1,116,251
1,118,304
1,120,37
1,127,141
1,133,302
1,136,149
1,146,280
1,149,250
1,152,62
1,153,169
1,154,182
1,158,110
1,165,105
1,185,248
1,190,344
1,194,55
2,1,31
2,3,126
2,5,51
2,6,206
2,7,78
2,9,247
2,10,162
2,11,289
2,12,163
2,13,290
2,14,143
2,15,242
2,18,228
2,19,349
2,20,87
2,21,370
2,22,56
2,23,70
2,25,395
2,27,41
2,29,92
2,30,158
2,32,295
2,34,206
2,38,244
2,39,69
2,41,283
2,44,208
2,47,9
2,48,186
2,49,306
2,55,238
2,56,166
2,57,265
2,61,223
2,64,51
2,67,396
2,69,110
2,83,203
2,86,235
2,98,140
2,100,302
2,105,236
2,108,29
2,123,7
2,126,331
2,131,310
2,133,302
2,152,226
2,166,374
2,176,9
2,185,281
2,186,134
2,193,85
2,194,73
3,1,3
3,2,126
3,4,311
3,5,20
3,6,155
3,8,6
3,11,217
3,12,313
3,13,97
3,14,161
3,15,32
3,19,337
3,21,378
3,24,308
3,25,313
3,26,276
3,28,216
3,29,104
3,31,286
3,32,242
3,38,157
3,41,21
3,42,12
3,50,398
3,51,398
3,55,273
3,56,180
3,66,396
3,68,296
3,70,55
3,73,107
3,75,26
3,79,273
3,81,3
3,82,37
3,86,284
3,91,236
3,94,110
3,95,70
3,101,217
3,107,140
3,112,332
3,130,108
3,165,381
3,184,77
3,190,119
4,1,386
4,3,311
4,6,14
4,7,3
4,8,120
4,9,182
4,10,345
4,11,337
4,13,342
4,14,370
4,15,48
4,17,59
4,18,285
4,19,189
4,20,398
4,21,351
4,22,358
4,23,30
4,26,370
4,28,256
4,29,330
4,30,334
4,33,79
4,34,276
4,37,90
4,39,384
4,40,88
4,41,224
4,44,193
4,45,82
4,46,94
4,49,42
4,51,234
4,57,117
4,58,261
4,59,311
4,60,119
4,61,104
4,62,85
4,67,65
4,83,383
4,84,147
4,104,317
4,109,99
4,114,335
4,116,32
4,124,247
4,134,145
4,151,59
4,152,40
4,157,328
4,161,312
4,178,100
4,187,35
4,196,205
5,2,51
5,3,20
5,6,338
5,7,36
5,9,59
5,11,351
5,12,184
5,13,371
5,14,351
5,15,158
5,16,260
5,17,40
5,18,103
5,19,155
5,20,337
5,21,169
5,22,102
5,24,212
5,26,47
5,27,8
5,29,370
5,30,1
5,31,246
5,37,258
5,39,316
5,40,62
5,41,9
5,42,183
5,43,390
5,45,324
5,46,155
5,48,283
5,52,93
5,56,270
5,57,258
5,60,286
5,70,139
5,74,262
5,77,353
5,85,328
5,86,42
5,89,71
5,99,276
5,112,99
5,132,118
5,138,223
5,151,265
5,168,102
5,177,109
5,178,79
5,181,185
5,187,248
6,2,206
6,3,155
6,4,14
6,5,338
6,7,167
6,9,88
6,10,258
6,14,367
6,15,383
6,19,316
6,21,323
6,22,338
6,23,120
6,24,240
6,25,227
6,26,45
6,27,207
6,28,61
6,29,286
6,37,127
6,40,315
6,43,111
6,46,124
6,47,282
6,52,199
6,53,357
6,54,213
6,56,95
6,66,93
6,80,124
6,83,370
6,86,265
6,93,195
6,95,191
6,98,72
6,100,36
6,108,111
6,111,102
6,121,191
6,138,80
6,157,190
6,167,18
6,178,7
6,184,159
6,196,330
7,1,120
7,2,78
7,4,3
7,5,36
7,6,167
7,8,339
7,9,123
7,10,380
7,11,183
7,12,243
7,13,28
7,15,379
7,16,284
7,17,84
7,19,375
7,20,110
7,21,266
7,23,299
7,25,330
7,27,383
7,28,76
7,29,128
7,30,77
7,32,8
7,35,137
7,36,35
7,42,376
7,46,16
7,51,38
7,53,55
7,59,253
7,64,45
7,65,364
7,66,71
7,67,284
7,68,229
7,71,228
7,76,315
7,79,114
7,82,320
7,84,386
7,85,329
7,94,170
7,96,295
7,103,70
7,104,237
7,109,376
7,117,139
7,119,36
7,145,330
7,151,69
7,186,303
7,194,159
7,200,167
8,1,89
8,3,6
8,4,120
8,7,339
8,11,301
8,13,315
8,14,355
8,15,290
8,16,337
8,17,144
8,18,320
8,20,399
8,24,125
8,27,333
8,32,164
8,33,302
8,35,330
8,38,173
8,44,219
8,46,268
8,53,244
8,58,203
8,61,337
8,62,36
8,65,318
8,71,159
8,74,36
8,78,279
8,91,114
8,104,381
8,113,277
8,117,367
8,122,370
8,141,301
8,143,205
8,153,371
8,156,365
8,172,218
8,188,204
8,197,79
9,2,247
9,4,182
9,5,59
9,6,88
9,7,123
9,10,353
9,12,193
9,14,75
9,17,300
9,22,371
9,24,267
9,25,70
9,29,13
9,30,286
9,33,27
9,34,318
9,36,59
9,39,278
9,40,127
9,42,110
9,43,359
9,44,321
9,47,190
9,49,66
9,51,191
9,56,275
9,59,265
9,60,304
9,63,128
9,65,283
9,67,89
9,69,106
9,73,235
9,75,105
9,82,37
9,86,27
9,95,305
9,101,334
9,102,116
9,113,68
9,114,251
9,116,173
9,120,367
9,122,11
9,123,14
9,133,69
9,159,315
9,168,339
9,180,195
9,181,278
9,183,209
9,191,176
10,1,254
10,2,162
10,4,345
10,6,258
10,7,380
10,9,353
10,12,255
10,13,231
10,14,67
10,15,218
10,16,346
10,17,394
10,18,76
10,19,151
10,20,211
10,24,60
10,26,92
10,32,201
10,34,93
10,36,77
10,39,344
10,42,331
10,43,188
10,48,328
10,49,44
10,51,302
10,53,188
10,59,141
10,61,66
10,62,387
10,71,316
10,72,379
10,82,185
10,83,327
10,84,44
10,116,24
10,117,10
10,121,166
10,124,312
10,128,339
10,129,203
10,130,50
10,139,106
10,153,274
10,159,115
10,165,234
10,167,211
10,178,60
10,179,78
10,193,275
11,1,393
11,2,289
11,3,217
11,4,337
11,5,351
11,7,183
11,8,301
11,12,370
11,13,58
11,15,374
11,16,218
11,17,379
11,18,238
11,22,27
11,23,101
11,24,96
11,28,75
11,30,130
11,31,233
11,33,389
11,34,167
11,40,369
11,43,44
11,46,318
11,49,105
11,50,230
11,62,329
11,63,377
11,64,94
11,69,184
11,87,360
11,93,35
11,104,29
11,109,53
11,113,320
11,130,196
11,134,22
11,141,146
11,146,237
11,148,258
11,165,32
11,176,287
11,180,174
12,1,389
12,2,163
12,3,313
12,5,184
12,7,243
12,9,193
12,10,255
12,11,370
12,13,248
12,17,361
12,18,158
12,19,397
12,20,45
12,22,26
12,23,362
12,25,59
12,26,282
12,28,257
12,32,144
12,33,251
12,35,149
12,36,323
12,37,346
12,40,351
12,41,248
12,43,311
12,48,225
12,50,31
12,55,162
12,57,74
12,64,53
12,69,317
12,70,103
12,71,268
12,73,307
12,78,351
12,81,319
12,86,134
12,88,352
12,98,1
12,111,311
12,113,146
12,116,268
12,129,41
12,130,265
12,143,357
12,148,28
12,149,111
12,152,330
12,153,152
12,160,227
12,166,107
12,170,55
12,171,301
12,172,97
12,174,213
12,178,254
12,184,269
13,2,290
13,3,97
13,4,342
13,5,371
13,7,28
13,8,315
13,10,231
13,11,58
13,12,248
13,14,152
13,16,55
13,17,160
13,18,154
13,19,367
13,20,193
13,21,266
13,22,162
13,23,286
13,28,154
13,31,54
13,36,115
13,37,281
13,38,228
13,46,355
13,49,270
13,53,300
13,57,69
13,63,338
13,72,132
13,75,328
13,76,254
13,81,65
13,82,369
13,91,251
13,94,393
13,100,189
13,114,293
13,118,358
13,120,197
13,130,185
13,140,161
13,141,60
13,147,118
13,151,18
13,168,75
13,172,13
13,174,306
13,176,351
13,178,291
14,2,143
14,3,161
14,4,370
14,5,351
14,6,367
14,8,355
14,9,75
14,10,67
14,13,152
14,17,338
14,19,113
14,20,278
14,21,13
14,22,371
14,23,351
14,27,12
14,28,380
14,29,292
14,32,353
14,34,290
14,35,333
14,38,110
14,39,100
14,42,112
14,43,206
14,48,364
14,50,226
14,51,119
14,52,67
14,63,219
14,67,197
14,71,37
14,72,381
14,73,66
14,75,145
14,77,20
14,78,281
14,80,25
14,92,93
14,101,142
14,112,264
14,115,221
14,131,395
14,136,311
14,138,186
14,147,69
14,150,157
14,153,158
14,155,160
14,168,279
14,171,392
14,173,329
14,183,161
14,184,195
14,187,44
15,1,12
15,2,242
15,3,32
15,4,48
15,5,158
15,6,383
15,7,379
15,8,290
15,10,218
15,11,374
15,16,2
15,18,204
15,19,283
15,20,283
15,21,319
15,22,15
15,25,114
15,27,284
15,28,66
15,29,37
15,30,18
15,35,139
15,37,351
15,39,153
15,44,69
15,53,391
15,54,300
15,56,35
15,59,246
15,60,63
15,65,250
15,68,79
15,71,316
15,75,205
15,85,236
15,92,122
15,94,145
15,106,240
15,115,226
15,126,163
15,130,323
15,139,113
15,152,369
15,160,239
15,162,13
15,166,31
15,169,44
15,174,277
15,177,352
15,180,386
15,193,67
16,5,260
16,7,284
16,8,337
16,10,346
16,11,218
16,13,55
16,15,2
16,20,153
16,21,28
16,23,264
16,24,179
16,25,235
16,27,376
16,37,8
16,38,290
16,39,235
16,41,196
16,43,289
16,45,347
16,46,36
16,47,350
16,49,50
16,50,141
16,52,312
16,54,342
16,55,245
16,57,226
16,61,376
16,65,277
16,67,257
16,69,119
16,74,168
16,84,175
16,90,207
16,93,283
16,113,219
16,125,242
16,126,215
16,145,23
16,158,357
16,161,187
16,163,61
16,167,227
16,171,288
16,179,189
16,186,21
17,1,176
17,4,59
17,5,40
17,7,84
17,8,144
17,9,300
17,10,394
17,11,379
17,12,361
17,13,160
17,14,338
17,23,309
17,26,188
17,27,273
17,28,173
17,29,339
17,30,398
17,31,180
17,33,208
17,34,115
17,35,376
17,39,220
17,44,279
17,51,202
17,52,158
17,53,16
17,54,257
17,63,172
17,64,109
17,72,260
17,84,352
17,87,190
17,101,289
17,110,163
17,133,305
17,138,143
17,141,100
17,145,193
17,149,221
17,150,136
17,173,268
17,174,7
17,200,106
18,1,12
18,2,228
18,4,285
18,5,103
18,8,320
18,10,76
18,11,238
18,12,158
18,13,154
18,15,204
18,19,2
18,20,148
18,22,252
18,23,399
18,24,26
18,31,55
18,32,93
18,33,85
18,37,251
18,41,375
18,43,189
18,47,132
18,49,275
18,52,215
18,53,15
18,54,244
18,55,331
18,62,123
18,64,383
18,68,372
18,69,10
18,71,118
18,78,302
18,80,25
18,82,225
18,95,371
18,98,34
18,113,337
18,119,30
18,136,155
18,149,93
18,152,239
18,154,53
18,161,189
18,167,193
18,172,287
18,173,332
18,179,260
18,184,214
18,189,166
18,200,331
19,2,349
19,3,337
19,4,189
19,5,155
19,6,316
19,7,375
19,10,151
19,12,397
19,13,367
19,14,113
19,15,283
19,18,2
19,21,383
19,22,254
19,23,19
19,24,353
19,26,244
19,27,97
19,30,109
19,31,336
19,32,69
19,36,345
19,40,69
19,43,119
19,45,346
19,46,199
19,52,127
19,56,239
19,57,42
19,69,134
19,84,286
19,87,207
19,92,289
19,97,9
19,99,85
19,103,362
19,106,38
19,108,32
19,111,228
19,114,136
19,121,128
19,131,99
19,135,359
19,164,74
19,184,173
19,196,156
20,1,134
20,2,87
20,4,398
20,5,337
20,7,110
20,8,399
20,10,211
20,12,45
20,13,193
20,14,278
20,15,283
20,16,153
20,18,148
20,21,38
20,23,325
20,25,288
20,30,290
20,31,149
20,33,32
20,35,40
20,36,44
20,38,364
20,39,239
20,42,386
20,43,327
20,50,178
20,52,229
20,54,130
20,61,195
20,63,193
20,73,337
20,86,328
20,91,74
20,92,32
20,93,99
20,100,179
20,112,188
20,120,361
20,124,140
20,138,334
20,140,318
20,146,214
20,154,105
20,155,310
20,163,100
20,180,59
20,183,201
20,197,59
20,200,300
21,2,370
21,3,378
21,4,351
21,5,169
21,6,323
21,7,266
21,13,266
21,14,13
21,15,319
21,16,28
21,19,383
21,20,38
21,22,249
21,23,262
21,24,8
21,26,163
21,30,300
21,35,220
21,37,54
21,38,217
21,40,183
21,42,390
21,43,213
21,45,236
21,50,394
21,58,294
21,60,57
21,62,397
21,68,57
21,79,361
21,84,345
21,92,284
21,98,172
21,99,219
21,102,142
21,103,149
21,106,74
21,107,226
21,111,165
21,113,166
21,119,228
21,120,90
21,139,103
21,146,15
21,152,287
21,159,289
21,163,139
21,164,391
21,170,294
21,175,101
21,178,65
22,2,56
22,4,358
22,5,102
22,6,338
22,9,371
22,11,27
22,12,26
22,13,162
22,14,371
22,15,15
22,18,252
22,19,254
22,21,249
22,24,275
22,25,325
22,27,357
22,30,108
22,31,141
22,34,313
22,35,185
22,36,238
22,41,146
22,53,83
22,56,172
22,57,351
22,61,292
22,62,70
22,67,386
22,69,300
22,71,380
22,74,93
22,79,258
22,86,252
22,107,88
22,109,106
22,119,65
22,122,18
22,135,221
22,156,55
22,159,87
22,160,212
22,174,257
23,1,10
23,2,70
23,4,30
23,6,120
23,7,299
23,11,101
23,12,362
23,13,286
23,14,351
23,16,264
23,17,309
23,18,399
23,19,19
23,20,325
23,21,262
23,26,104
23,33,214
23,34,101
23,35,72
23,37,282
23,44,325
23,47,341
23,49,270
23,52,293
23,63,287
23,68,318
23,74,319
23,75,222
23,80,330
23,82,2
23,84,270
23,87,284
23,90,359
23,95,209
23,108,264
23,111,34
23,112,140
23,118,311
23,149,21
23,150,285
23,154,340
23,163,19
23,172,294
23,182,258
23,184,97
23,190,209
23,195,268
24,1,138
24,3,308
24,5,212
24,6,240
24,8,125
24,9,267
24,10,60
24,11,96
24,16,179
24,18,26
24,19,353
24,21,8
24,22,275
24,26,89
24,27,331
24,28,101
24,29,338
24,30,278
24,33,290
24,38,314
24,39,333
24,40,191
24,41,2
24,47,250
24,50,6
24,52,159
24,55,49
24,56,173
24,70,338
24,77,216
24,78,244
24,81,1
24,86,42
24,92,327
24,95,230
24,98,121
24,102,57
24,103,38
24,125,212
24,127,174
24,144,293
24,149,25
24,157,310
24,159,378
24,162,272
24,173,11
24,178,205
24,197,134
25,1,195
25,2,395
25,3,313
25,6,227
25,7,330
25,9,70
25,12,59
25,15,114
25,16,235
25,20,288
25,22,325
25,26,272
25,30,351
25,32,95
25,33,187
25,35,29
25,36,311
25,37,101
25,39,171
25,42,196
25,46,290
25,51,141
25,58,239
25,63,96
25,64,105
25,67,95
25,68,374
25,70,330
25,81,147
25,88,202
25,95,229
25,98,78
25,102,299
25,104,192
25,110,42
25,115,97
25,116,357
25,118,290
25,119,207
25,120,171
25,130,192
25,139,261
25,142,58
25,145,120
25,151,265
25,152,224
25,158,395
25,161,285
25,167,243
25,184,193
25,195,58
26,3,276
26,4,370
26,5,47
26,6,45
26,10,92
26,12,282
26,17,188
26,19,244
26,21,163
26,23,104
26,24,89
26,25,272
26,27,316
26,29,35
26,35,377
26,41,160
26,44,256
26,45,382
26,48,236
26,52,106
26,53,341
26,57,185
26,58,343
26,64,362
26,66,52
26,67,232
26,70,50
26,74,273
26,79,72
26,81,160
26,83,112
26,88,178
26,89,231
26,90,273
26,97,227
26,103,376
26,105,231
26,114,352
26,116,339
26,124,373
26,126,284
26,137,293
26,139,199
26,141,231
26,142,118
26,145,237
26,171,260
26,184,152
27,2,41
27,5,8
27,6,207
27,7,383
27,8,333
27,14,12
27,15,284
27,16,376
27,17,273
27,19,97
27,22,357
27,24,331
27,26,316
27,28,221
27,29,267
27,31,281
27,36,383
27,37,54
27,41,329
27,42,145
27,45,283
27,46,112
27,47,139
27,48,6
27,49,300
27,50,45
27,63,38
27,66,164
27,73,55
27,74,3
27,76,13
27,104,392
27,108,259
27,127,189
27,132,175
27,137,172
27,143,145
27,145,137
27,152,293
27,156,124
27,158,77
27,159,395
27,172,179
27,183,383
27,188,350
27,190,17
27,196,3
27,200,167
28,3,216
28,4,256
28,6,61
28,7,76
28,11,75
28,12,257
28,13,154
28,14,380
28,15,66
28,17,173
28,24,101
28,27,221
28,29,293
28,34,46
28,37,150
28,38,60
28,39,264
28,40,150
28,43,310
28,44,92
28,45,200
28,54,342
28,55,33
28,57,376
28,59,301
28,60,35
28,67,37
28,68,50
28,70,7
28,79,169
28,85,9
28,92,9
28,97,304
28,107,111
28,116,62
28,117,65
28,127,285
28,128,21
28,129,391
28,140,225
28,147,36
28,180,251
28,188,344
29,2,92
29,3,104
29,4,330
29,5,370
29,6,286
29,7,128
29,9,13
29,14,292
29,15,37
29,17,339
29,24,338
29,26,35
29,27,267
29,28,293
29,33,332
29,34,95
29,39,390
29,42,392
29,46,334
29,47,113
29,49,94
29,50,340
29,54,371
29,64,331
29,66,386
29,69,353
29,72,86
29,73,180
29,74,314
29,75,55
29,85,209
29,94,119
29,99,116
29,112,87
29,115,104
29,119,155
29,123,331
29,138,99
29,150,210
29,167,388
29,170,349
29,175,255
29,179,303
29,184,162
30,1,379
30,2,158
30,4,334
30,5,1
30,7,77
30,9,286
30,11,130
30,15,18
30,17,398
30,19,109
30,20,290
30,21,300
30,22,108
30,24,278
30,25,351
30,32,217
30,36,132
30,41,83
30,45,235
30,48,386
30,53,40
30,56,220
30,58,79
30,63,173
30,74,161
30,78,142
30,90,398
30,95,242
30,97,301
30,120,356
30,129,67
30,136,115
30,138,354
30,155,105
30,179,296
30,180,164
30,183,270
30,186,306
30,189,102
30,195,232
31,1,215
31,3,286
31,5,246
31,11,233
31,13,54
31,17,180
31,18,55
31,19,336
31,20,149
31,22,141
31,27,281
31,33,267
31,34,144
31,35,32
31,38,13
31,41,293
31,42,187
31,45,392
31,46,295
31,49,48
31,53,80
31,66,352
31,68,259
31,81,168
31,92,129
31,97,330
31,105,14
31,114,338
31,115,22
31,134,373
31,139,384
31,143,385
31,177,84
32,2,295
32,3,242
32,7,8
32,8,164
32,10,201
32,12,144
32,14,353
32,18,93
32,19,69
32,25,95
32,30,217
32,33,91
32,34,11
32,35,296
32,36,271
32,39,83
32,40,160
32,45,232
32,47,355
32,48,226
32,49,319
32,51,11
32,54,234
32,56,286
32,57,242
32,58,243
32,60,127
32,62,20
32,64,5
32,65,371
32,73,12
32,74,133
32,76,347
32,78,338
32,80,186
32,99,237
32,102,336
32,103,252
32,106,201
32,110,285
32,112,393
32,114,382
32,121,295
32,128,265
32,131,39
32,155,5
32,171,259
32,173,7
32,198,178
33,1,157
33,4,79
33,8,302
33,9,27
33,11,389
33,12,251
33,17,208
33,18,85
33,20,32
33,23,214
33,24,290
33,25,187
33,29,332
33,31,267
33,32,91
33,34,351
33,36,84
33,42,361
33,45,386
33,49,256
33,51,36
33,54,166
33,55,302
33,59,158
33,61,75
33,62,358
33,65,198
33,70,264
33,75,368
33,77,353
33,79,311
33,87,133
33,91,212
33,94,65
33,96,381
33,101,391
33,104,76
33,105,81
33,107,152
33,108,180
33,109,62
33,121,159
33,124,177
33,125,224
33,126,364
33,137,217
33,148,108
33,149,278
33,159,156
33,160,108
33,165,221
33,177,61
33,189,56
33,196,334
34,2,206
34,4,276
34,9,318
34,10,93
34,11,167
34,14,290
34,17,115
34,22,313
34,23,101
34,28,46
34,29,95
34,31,144
34,32,11
34,33,351
34,35,15
34,36,160
34,41,207
34,42,349
34,43,64
34,48,291
34,51,1
34,53,73
34,55,161
34,57,186
34,60,108
34,71,49
34,73,30
34,78,127
34,80,261
34,85,115
34,86,60
34,90,90
34,110,388
34,115,255
34,142,164
34,144,262
34,145,375
34,150,305
34,176,299
34,180,263
35,1,47
35,7,137
35,8,330
35,12,149
35,14,333
35,15,139
35,17,376
35,20,40
35,21,220
35,22,185
35,23,72
35,25,29
35,26,377
35,31,32
35,32,296
35,34,15
35,38,281
35,40,323
35,42,268
35,45,122
35,52,210
35,57,178
35,58,282
35,60,393
35,61,70
35,65,60
35,68,75
35,72,234
35,74,384
35,76,332
35,90,253
35,93,287
35,100,1
35,103,251
35,106,217
35,120,195
35,122,299
35,133,318
35,145,130
35,149,315
35,153,217
35,158,258
35,160,168
35,167,72
35,171,360
35,180,161
36,1,267
36,7,35
36,9,59
36,10,77
36,12,323
36,13,115
36,19,345
36,20,44
36,22,238
36,25,311
36,27,383
36,30,132
36,32,271
36,33,84
36,34,160
36,40,140
36,44,336
36,47,322
36,52,308
36,58,247
36,63,112
36,69,259
36,70,334
36,84,236
36,105,369
36,127,28
36,140,187
36,160,31
36,171,301
36,190,183
37,1,206
37,4,90
37,5,258
37,6,127
37,12,346
37,13,281
37,15,351
37,16,8
37,18,251
37,21,54
37,23,282
37,25,101
37,27,54
37,28,150
37,38,238
37,39,335
37,49,115
37,51,171
37,52,210
37,59,358
37,63,348
37,67,269
37,68,84
37,72,20
37,75,49
37,81,270
37,87,64
37,88,297
37,113,341
37,115,388
37,119,321
37,120,387
37,121,348
37,122,157
37,130,99
37,132,127
37,136,374
37,139,368
37,143,58
37,157,127
37,171,176
37,183,379
37,186,201
37,190,28
37,198,310
38,2,244
38,3,157
38,8,173
38,13,228
38,14,110
38,16,290
38,20,364
38,21,217
38,24,314
38,28,60
38,31,13
38,35,281
38,37,238
38,39,71
38,44,78
38,45,312
38,48,187
38,49,74
38,51,26
38,55,364
38,61,106
38,62,377
38,63,265
38,66,254
38,73,370
38,76,104
38,77,15
38,78,72
38,81,247
38,82,118
38,88,275
38,91,392
38,99,231
38,100,71
38,105,94
38,118,32
38,129,339
38,131,67
38,136,161
38,172,298
38,175,289
38,198,91
39,2,69
39,4,384
39,5,316
39,9,278
39,10,344
39,14,100
39,15,153
39,16,235
39,17,220
39,20,239
39,24,333
39,25,171
39,28,264
39,29,390
39,32,83
39,37,335
39,38,71
39,40,394
39,41,390
39,42,246
39,47,51
39,58,98
39,59,208
39,64,129
39,71,92
39,78,175
39,83,364
39,86,335
39,87,206
39,89,213
39,91,211
39,94,125
39,96,139
39,99,355
39,110,43
39,123,2
39,125,54
39,126,270
39,132,261
39,136,241
39,146,299
39,156,352
39,159,204
39,160,213
39,167,170
39,181,256
39,193,60
39,194,38
40,4,88
40,5,62
40,6,315
40,9,127
40,11,369
40,12,351
40,19,69
40,21,183
40,24,191
40,28,150
40,32,160
40,35,323
40,36,140
40,39,394
40,41,137
40,42,36
40,61,57
40,70,176
40,78,15
40,81,363
40,82,381
40,85,111
40,86,286
40,89,108
40,97,231
40,98,69
40,99,218
40,105,204
40,110,280
40,113,235
40,117,40
40,125,20
40,137,45
40,152,95
40,153,366
40,154,297
40,192,49
41,2,283
41,3,21
41,4,224
41,5,9
41,12,248
41,16,196
41,18,375
41,22,146
41,24,2
41,26,160
41,27,329
41,30,83
41,31,293
41,34,207
41,39,390
41,40,137
41,43,338
41,45,49
41,48,297
41,54,365
41,62,310
41,65,90
41,66,245
41,68,36
41,75,322
41,81,107
41,84,111
41,87,220
41,88,243
41,91,397
41,119,189
41,134,154
41,138,94
41,140,161
41,141,300
41,144,257
41,155,350
41,165,192
41,196,275
42,3,12
42,5,183
42,7,376
42,9,110
42,10,331
42,14,112
42,20,386
42,21,390
42,25,196
42,27,145
42,29,392
42,31,187
42,33,361
42,34,349
42,35,268
42,39,246
42,40,36
42,43,1
42,44,288
42,46,58
42,52,98
42,55,216
42,58,295
42,59,200
42,61,131
42,76,102
42,77,298
42,79,9
42,84,259
42,85,66
42,86,191
42,96,107
42,102,301
42,108,392
42,120,197
42,121,217
42,127,195
42,129,95
42,136,321
42,137,225
42,143,130
42,144,146
42,150,113
42,151,303
42,169,74
42,170,91
42,186,39
43,1,264
43,5,390
43,6,111
43,9,359
43,10,188
43,11,44
43,12,311
43,14,206
43,16,289
43,18,189
43,19,119
43,20,327
43,21,213
43,28,310
43,34,64
43,41,338
43,42,1
43,45,97
43,47,269
43,50,174
43,53,353
43,55,282
43,57,254
43,76,80
43,91,35
43,94,396
43,97,247
43,100,218
43,101,365
43,102,49
43,120,103
43,132,255
43,138,187
43,143,20
43,154,199
43,156,314
43,157,71
43,173,207
43,174,2
43,179,226
43,182,370
43,196,107
44,1,53
44,2,208
44,4,193
44,8,219
44,9,321
44,15,69
44,17,279
44,23,325
44,26,256
44,28,92
44,36,336
44,38,78
44,42,288
44,48,56
44,51,334
44,58,161
44,59,128
44,60,298
44,61,266
44,62,154
44,63,273
44,67,114
44,70,192
44,74,311
44,79,291
44,83,290
44,93,196
44,96,324
44,99,180
44,121,71
44,131,76
44,132,51
44,147,265
44,156,157
44,165,224
44,193,214
44,197,275
44,199,293
45,1,137
45,4,82
45,5,324
45,16,347
45,19,346
45,21,236
45,26,382
45,27,283
45,28,200
45,30,235
45,31,392
45,32,232
45,33,386
45,35,122
45,38,312
45,41,49
45,43,97
45,56,310
45,58,152
45,65,240
45,76,88
45,82,197
45,91,231
45,93,1
45,98,396
45,107,340
45,117,93
45,118,373
45,132,28
45,156,313
45,160,272
45,166,167
45,170,35
45,182,185
45,187,201
46,1,133
46,4,94
46,5,155
46,6,124
46,7,16
46,8,268
46,11,318
46,13,355
46,16,36
46,19,199
46,25,290
46,27,112
46,29,334
46,31,295
46,42,58
46,51,30
46,52,344
46,54,268
46,55,186
46,56,348
46,57,109
46,58,113
46,71,129
46,72,368
46,87,315
46,89,140
46,92,87
46,94,194
46,97,296
46,98,17
46,101,82
46,107,253
46,110,145
46,112,113
46,114,212
46,117,289
46,118,141
46,136,275
46,139,319
46,151,396
46,157,90
46,175,2
46,178,193
46,191,84
46,192,159
46,195,113
47,2,9
47,6,282
47,9,190
47,16,350
47,18,132
47,23,341
47,24,250
47,27,139
47,29,113
47,32,355
47,36,322
47,39,51
47,43,269
47,49,24
47,60,260
47,62,44
47,63,10
47,64,200
47,71,93
47,80,326
47,85,156
47,92,351
47,95,279
47,97,189
47,102,289
47,115,142
47,123,323
47,125,316
47,126,331
47,135,312
47,141,292
47,146,163
47,149,377
47,161,260
47,164,360
47,167,357
47,181,358
47,192,230
47,193,82
47,195,100
47,196,310
48,1,353
48,2,186
48,5,283
48,10,328
48,12,225
48,14,364
48,26,236
48,27,6
48,30,386
48,32,226
48,34,291
48,38,187
48,41,297
48,44,56
48,50,48
48,56,158
48,59,26
48,64,213
48,65,290
48,67,319
48,68,67
48,70,75
48,71,383
48,76,282
48,79,134
48,80,162
48,96,72
48,104,86
48,128,148
48,134,29
48,144,77
48,154,257
48,177,186
48,199,79
49,2,306
49,4,42
49,9,66
49,10,44
49,11,105
49,13,270
49,16,50
49,18,275
49,23,270
49,27,300
49,29,94
49,31,48
49,32,319
49,33,256
49,37,115
49,38,74
49,47,24
49,50,268
49,53,52
49,56,180
49,60,208
49,61,130
49,62,370
49,67,148
49,73,269
49,76,316
49,77,374
49,83,73
49,93,378
49,96,34
49,98,259
49,100,244
49,104,289
49,105,129
49,114,153
49,123,253
49,130,202
49,146,223
49,152,242
49,153,9
49,170,178
49,187,135
49,199,138
50,1,389
50,3,398
50,11,230
50,12,31
50,14,226
50,16,141
50,20,178
50,21,394
50,24,6
50,27,45
50,29,340
50,43,174
50,48,48
50,49,268
50,52,28
50,53,293
50,61,271
50,72,134
50,80,28
50,82,56
50,97,178
50,104,267
50,110,302
50,112,19
50,115,231
50,123,300
50,124,175
50,125,144
50,126,344
50,138,88
50,143,244
50,157,301
50,158,140
50,166,198
50,180,344
50,182,357
50,188,391
50,189,188
51,3,398
51,4,234
51,7,38
51,9,191
51,10,302
51,14,119
51,17,202
51,25,141
51,32,11
51,33,36
51,34,1
51,37,171
51,38,26
51,44,334
51,46,30
51,55,318
51,60,274
51,74,297
51,76,8
51,78,118
51,92,68
51,93,203
51,99,224
51,101,10
51,102,219
51,103,181
51,106,79
51,112,41
51,116,206
51,122,91
51,126,163
51,129,194
51,135,363
51,167,34
51,168,54
52,5,93
52,6,199
52,14,67
52,16,312
52,17,158
52,18,215
52,19,127
52,20,229
52,23,293
52,24,159
52,26,106
52,35,210
52,36,308
52,37,210
52,42,98
52,46,344
52,50,28
52,59,142
52,74,378
52,75,143
52,78,90
52,90,150
52,93,300
52,104,30
52,112,98
52,124,6
52,131,385
52,133,118
52,146,358
52,154,331
52,155,29
52,158,287
52,168,247
52,176,30
52,185,83
52,195,153
53,1,12
53,6,357
53,7,55
53,8,244
53,10,188
53,13,300
53,15,391
53,17,16
53,18,15
53,22,83
53,26,341
53,30,40
53,31,80
53,34,73
53,43,353
53,49,52
53,50,293
53,54,347
53,56,314
53,58,162
53,60,104
53,63,322
53,66,81
53,68,256
53,72,90
53,73,234
53,76,48
53,83,107
53,86,342
53,108,227
53,109,83
53,121,122
53,122,285
53,136,118
53,139,253
53,160,266
53,166,41
53,173,82
54,1,29
54,6,213
54,15,300
54,16,342
54,17,257
54,18,244
54,20,130
54,28,342
54,29,371
54,32,234
54,33,166
54,41,365
54,46,268
54,53,347
54,57,64
54,59,327
54,70,104
54,72,264
54,79,99
54,81,249
54,97,123
54,103,138
54,104,132
54,105,252
54,109,305
54,110,377
54,118,38
54,139,232
54,140,2
54,144,329
54,148,281
54,185,238
54,199,221
55,1,175
55,2,238
55,3,273
55,12,162
55,16,245
55,18,331
55,24,49
55,28,33
55,33,302
55,34,161
55,38,364
55,42,216
55,43,282
55,46,186
55,51,318
55,57,51
55,60,171
55,79,344
55,90,374
55,93,158
55,113,91
55,114,21
55,120,389
55,122,386
55,125,267
55,126,348
55,129,215
55,130,215
55,131,139
55,145,93
55,158,249
55,172,389
55,174,321
55,187,168
56,2,166
56,3,180
56,5,270
56,6,95
56,9,275
56,15,35
56,19,239
56,22,172
56,24,173
56,30,220
56,32,286
56,45,310
56,46,348
56,48,158
56,49,180
56,53,314
56,62,374
56,72,136
56,73,162
56,76,243
56,82,318
56,84,368
56,87,318
56,89,41
56,103,49
56,121,226
56,125,5
56,136,40
56,139,112
56,143,63
56,158,193
57,2,265
57,4,117
57,5,258
57,12,74
57,13,69
57,16,226
57,19,42
57,22,351
57,26,185
57,28,376
57,32,242
57,34,186
57,35,178
57,43,254
57,46,109
57,54,64
57,55,51
57,65,201
57,66,110
57,67,115
57,68,237
57,70,323
57,80,252
57,85,62
57,88,50
57,93,263
57,101,187
57,115,218
57,123,178
57,140,336
57,149,30
57,173,63
57,183,59
57,192,265
57,194,78
58,1,124
58,4,261
58,8,203
58,21,294
58,25,239
58,26,343
58,30,79
58,32,243
58,35,282
58,36,247
58,39,98
58,42,295
58,44,161
58,45,152
58,46,113
58,53,162
58,59,235
58,60,282
58,62,127
58,64,218
58,65,302
58,66,263
58,88,382
58,89,359
58,92,229
58,95,31
58,97,36
58,103,207
58,104,186
58,106,132
58,114,90
58,115,83
58,118,116
58,132,250
58,141,15
58,144,141
58,155,224
58,167,260
58,172,274
58,174,117
58,178,85
58,199,265
59,4,311
59,7,253
59,9,265
59,10,141
59,15,246
59,28,301
59,33,158
59,37,358
59,39,208
59,42,200
59,44,128
59,48,26
59,52,142
59,54,327
59,58,235
59,69,242
59,72,251
59,73,292
59,83,40
59,86,168
59,93,141
59,94,256
59,98,20
59,103,299
59,106,239
59,108,206
59,112,32
59,114,204
59,121,275
59,125,145
59,130,168
59,147,306
59,149,283
59,151,337
59,163,158
59,176,202
59,187,237
59,189,70
59,197,235
60,4,119
60,5,286
60,9,304
60,15,63
60,21,57
60,28,35
60,32,127
60,34,108
60,35,393
60,44,298
60,47,260
60,49,208
60,51,274
60,53,104
60,55,171
60,58,282
60,61,117
60,62,302
60,73,214
60,77,171
60,86,77
60,89,253
60,102,271
60,114,368
60,133,23
60,140,278
60,141,68
60,157,142
60,159,347
60,163,155
60,169,278
60,175,394
60,176,359
61,1,291
61,2,223
61,4,104
61,8,337
61,10,66
61,16,376
61,20,195
61,22,292
61,33,75
61,35,70
61,38,106
61,40,57
61,42,131
61,44,266
61,49,130
61,50,271
61,60,117
61,65,271
61,66,131
61,70,128
61,72,361
61,78,194
61,80,2
61,92,292
61,93,135
61,95,333
61,105,108
61,109,185
61,129,127
61,141,263
61,142,146
61,143,179
61,144,348
61,145,11
61,147,153
61,158,314
61,164,175
61,166,167
61,182,129
61,195,270
61,199,163
61,200,71
62,4,85
62,8,36
62,10,387
62,11,329
62,18,123
62,21,397
62,22,70
62,32,20
62,33,358
62,38,377
62,41,310
62,44,154
62,47,44
62,49,370
62,56,374
62,58,127
62,60,302
62,64,209
62,76,359
62,82,190
62,85,310
62,88,76
62,109,19
62,110,121
62,113,340
62,115,377
62,121,33
62,136,300
62,156,82
62,161,36
62,164,281
62,171,10
62,186,205
63,9,128
63,11,377
63,13,338
63,14,219
63,17,172
63,20,193
63,23,287
63,25,96
63,27,38
63,30,173
63,36,112
63,37,348
63,38,265
63,44,273
63,47,10
63,53,322
63,69,162
63,80,298
63,89,293
63,91,382
63,92,257
63,95,184
63,105,104
63,131,226
63,147,6
63,148,348
63,154,175
63,174,291
63,183,102
63,185,113
64,2,51
64,7,45
64,11,94
64,12,53
64,17,109
64,18,383
64,25,105
64,26,362
64,29,331
64,32,5
64,39,129
64,47,200
64,48,213
64,58,218
64,62,209
64,67,14
64,70,327
64,75,43
64,79,150
64,80,296
64,84,83
64,100,65
64,106,57
64,118,111
64,123,384
64,130,93
64,137,318
64,148,67
64,153,247
64,161,30
64,167,124
64,169,68
65,7,364
65,8,318
65,9,283
65,15,250
65,16,277
65,32,371
65,33,198
65,35,60
65,41,90
65,45,240
65,48,290
65,57,201
65,58,302
65,61,271
65,66,376
65,68,178
65,69,138
65,74,172
65,77,25
65,81,85
65,86,72
65,91,74
65,94,277
65,99,259
65,106,75
65,110,59
65,111,362
65,112,204
65,114,39
65,123,231
65,125,352
65,148,261
65,156,341
65,162,369
66,3,396
66,6,93
66,7,71
66,26,52
66,27,164
66,29,386
66,31,352
66,38,254
66,41,245
66,53,81
66,57,110
66,58,263
66,61,131
66,65,376
66,72,237
66,74,217
66,77,121
66,81,165
66,85,359
66,90,105
66,91,47
66,99,289
66,100,242
66,101,378
66,117,33
66,119,36
66,123,248
66,127,259
66,131,130
66,137,153
66,142,367
66,143,103
66,154,28
66,157,106
66,186,37
66,197,372
67,1,290
67,2,396
67,4,65
67,7,284
67,9,89
67,14,197
67,16,257
67,22,386
67,25,95
67,26,232
67,28,37
67,37,269
67,44,114
67,48,319
67,49,148
67,57,115
67,64,14
67,69,140
67,83,62
67,84,117
67,85,336
67,88,377
67,92,382
67,94,126
67,104,357
67,124,399
67,129,148
67,134,346
67,137,358
67,148,281
67,150,381
67,152,96
67,158,236
67,168,331
67,170,4
67,199,351
68,3,296
68,7,229
68,15,79
68,18,372
68,21,57
68,23,318
68,25,374
68,28,50
68,31,259
68,35,75
68,37,84
68,41,36
68,48,67
68,53,256
68,57,237
68,65,178
68,72,171
68,77,280
68,87,62
68,90,354
68,92,90
68,97,167
68,102,234
68,103,39
68,105,378
68,107,389
68,113,29
68,129,377
68,130,346
68,132,338
68,169,271
68,170,82
68,184,232
68,191,306
69,2,110
69,9,106
69,11,184
69,12,317
69,16,119
69,18,10
69,19,134
69,22,300
69,29,353
69,36,259
69,59,242
69,63,162
69,65,138
69,67,140
69,71,172
69,75,231
69,77,336
69,78,278
69,82,251
69,87,399
69,89,284
69,96,135
69,101,143
69,102,394
69,120,192
69,127,54
69,129,212
69,142,345
69,143,314
69,147,92
69,149,270
69,153,161
69,156,58
69,168,57
69,170,387
69,189,284
69,195,3
69,197,115
70,1,138
70,3,55
70,5,139
70,12,103
70,24,338
70,25,330
70,26,50
70,28,7
70,33,264
70,36,334
70,40,176
70,44,192
70,48,75
70,54,104
70,57,323
70,61,128
70,64,327
70,77,148
70,88,119
70,89,351
70,108,221
70,118,139
70,121,104
70,160,258
70,162,380
70,164,55
70,191,350
70,193,115
70,195,214
70,200,344
71,7,228
71,8,159
71,10,316
71,12,268
71,14,37
71,15,316
71,18,118
71,22,380
71,34,49
71,39,92
71,46,129
71,47,93
71,48,383
71,69,172
71,74,113
71,75,140
71,76,58
71,78,162
71,89,116
71,90,177
71,92,257
71,94,75
71,99,235
71,100,51
71,108,79
71,115,293
71,125,157
71,126,343
71,130,247
71,132,362
71,138,320
71,147,61
71,168,390
71,199,15
72,1,251
72,10,379
72,13,132
72,14,381
72,17,260
72,29,86
72,35,234
72,37,20
72,46,368
72,50,134
72,53,90
72,54,264
72,56,136
72,59,251
72,61,361
72,66,237
72,68,171
72,83,284
72,87,241
72,89,187
72,91,16
72,96,63
72,102,150
72,107,76
72,116,384
72,126,64
72,127,17
72,147,31
72,172,40
72,175,268
72,198,49
73,3,107
73,9,235
73,12,307
73,14,66
73,20,337
73,27,55
73,29,180
73,32,12
73,34,30
73,38,370
73,49,269
73,53,234
73,56,162
73,59,292
73,60,214
73,77,323
73,83,242
73,89,142
73,90,77
73,124,296
73,133,362
73,135,100
73,142,168
73,164,234
73,186,350
73,195,234
74,5,262
74,8,36
74,16,168
74,22,93
74,23,319
74,26,273
74,27,3
74,29,314
74,30,161
74,32,133
74,35,384
74,44,311
74,51,297
74,52,378
74,65,172
74,66,217
74,71,113
74,77,322
74,78,327
74,80,278
74,82,21
74,96,304
74,111,398
74,114,135
74,141,331
74,148,16
74,152,152
74,155,291
74,157,48
74,163,381
74,179,185
74,182,295
75,3,26
75,9,105
75,13,328
75,14,145
75,15,205
75,23,222
75,29,55
75,33,368
75,37,49
75,41,322
75,52,143
75,64,43
75,69,231
75,71,140
75,79,91
75,82,50
75,83,305
75,87,159
75,93,358
75,109,314
75,112,371
75,113,34
75,114,4
75,117,56
75,126,387
75,128,279
75,145,108
75,146,385
75,148,223
75,151,194
75,158,209
75,161,15
75,163,131
75,172,372
75,192,161
76,7,315
76,13,254
76,27,13
76,32,347
76,35,332
76,38,104
76,42,102
76,43,80
76,45,88
76,48,282
76,49,316
76,51,8
76,53,48
76,56,243
76,62,359
76,71,58
76,83,351
76,90,322
76,105,70
76,116,74
76,117,183
76,118,233
76,131,40
76,138,93
76,140,7
76,141,259
76,144,234
76,157,90
76,158,346
76,168,48
76,182,212
76,196,265
77,5,353
77,14,20
77,24,216
77,33,353
77,38,15
77,42,298
77,49,374
77,60,171
77,65,25
77,66,121
77,68,280
77,69,336
77,70,148
77,73,323
77,74,322
77,80,168
77,99,50
77,107,46
77,151,138
77,152,236
77,160,230
77,165,63
77,167,105
77,169,269
77,179,334
77,187,279
78,8,279
78,12,351
78,14,281
78,18,302
78,24,244
78,30,142
78,32,338
78,34,127
78,38,72
78,39,175
78,40,15
78,51,118
78,52,90
78,61,194
78,69,278
78,71,162
78,74,327
78,94,356
78,97,385
78,104,271
78,123,157
78,131,365
78,139,200
78,141,200
78,160,100
78,174,29
78,180,364
78,185,114
79,1,166
79,3,273
79,7,114
79,21,361
79,22,258
79,26,72
79,28,169
79,33,311
79,42,9
79,44,291
79,48,134
79,54,99
79,55,344
79,64,150
79,75,91
79,85,326
79,87,134
79,88,229
79,91,249
79,96,69
79,97,140
79,101,72
79,106,227
79,111,302
79,122,308
79,124,399
79,143,356
79,145,135
79,157,159
79,165,94
79,169,144
80,6,124
80,14,25
80,18,25
80,23,330
80,32,186
80,34,261
80,47,326
80,48,162
80,50,28
80,57,252
80,61,2
80,63,298
80,64,296
80,74,278
80,77,168
80,81,343
80,95,205
80,102,282
80,106,281
80,121,352
80,122,309
80,127,395
80,129,53
80,134,129
80,136,384
80,140,139
80,151,285
80,153,400
80,159,238
80,174,283
80,187,27
80,188,395
81,3,3
81,12,319
81,13,65
81,24,1
81,25,147
81,26,160
81,31,168
81,37,270
81,38,247
81,40,363
81,41,107
81,54,249
81,65,85
81,66,165
81,80,343
81,83,246
81,84,43
81,89,242
81,95,119
81,103,153
81,107,164
81,109,306
81,110,364
81,119,389
81,120,66
81,142,35
81,161,66
81,162,156
81,164,92
81,183,273
81,184,115
81,185,310
81,193,12
82,3,37
82,7,320
82,9,37
82,10,185
82,13,369
82,18,225
82,23,2
82,38,118
82,40,381
82,45,197
82,50,56
82,56,318
82,62,190
82,69,251
82,74,21
82,75,50
82,84,290
82,91,159
82,94,106
82,107,93
82,109,95
82,111,271
82,124,118
82,150,22
82,152,28
82,158,198
82,159,154
82,184,224
82,196,350
82,197,316
83,2,203
83,4,383
83,6,370
83,10,327
83,26,112
83,39,364
83,44,290
83,49,73
83,53,107
83,59,40
83,67,62
83,72,284
83,73,242
83,75,305
83,76,351
83,81,246
83,88,113
83,90,330
83,94,45
83,100,368
83,105,115
83,107,313
83,110,49
83,111,382
83,116,118
83,118,80
83,121,342
83,122,78
83,128,313
83,136,386
83,151,213
83,155,25
83,193,80
84,4,147
84,7,386
84,10,44
84,16,175
84,17,352
84,19,286
84,21,345
84,23,270
84,36,236
84,41,111
84,42,259
84,56,368
84,64,83
84,67,117
84,81,43
84,82,290
84,90,246
84,104,178
84,128,31
84,135,266
84,140,300
84,168,271
84,181,70
84,200,44
85,5,328
85,7,329
85,15,236
85,28,9
85,29,209
85,34,115
85,40,111
85,42,66
85,47,156
85,57,62
85,62,310
85,66,359
85,67,336
85,79,326
85,87,322
85,90,55
85,98,74
85,103,380
85,105,96
85,108,327
85,111,264
85,118,164
85,122,170
85,132,273
85,134,170
85,135,335
85,138,210
85,145,61
85,148,274
85,154,276
85,156,157
85,164,10
85,188,203
85,192,314
85,199,23
86,2,235
86,3,284
86,5,42
86,6,265
86,9,27
86,12,134
86,20,328
86,22,252
86,24,42
86,34,60
86,39,335
86,40,286
86,42,191
86,53,342
86,59,168
86,60,77
86,65,72
86,90,155
86,93,361
86,95,90
86,100,62
86,109,240
86,113,2
86,120,201
86,121,76
86,123,314
86,126,326
86,129,266
86,130,26
86,131,310
86,132,63
86,137,165
86,138,202
86,147,59
86,162,56
86,175,194
86,185,337
87,11,360
87,17,190
87,19,207
87,23,284
87,33,133
87,37,64
87,39,206
87,41,220
87,46,315
87,56,318
87,68,62
87,69,399
87,72,241
87,75,159
87,79,134
87,85,322
87,88,361
87,103,80
87,111,172
87,119,77
87,122,8
87,128,344
87,133,285
87,138,121
87,167,88
87,169,42
87,171,176
87,172,297
87,173,50
88,12,352
88,25,202
88,26,178
88,37,297
88,38,275
88,41,243
88,57,50
88,58,382
88,62,76
88,67,377
88,70,119
88,79,229
88,83,113
88,87,361
88,110,70
88,111,34
88,124,2
88,126,20
88,128,102
88,133,169
88,141,382
88,145,375
88,150,311
88,152,199
88,160,11
88,174,19
88,179,384
88,188,164
88,199,184
89,5,71
89,26,231
89,39,213
89,40,108
89,46,140
89,56,41
89,58,359
89,60,253
89,63,293
89,69,284
89,70,351
89,71,116
89,72,187
89,73,142
89,81,242
89,92,229
89,98,339
89,100,390
89,101,395
89,108,323
89,110,345
89,111,225
89,120,382
89,123,80
89,129,295
89,131,129
89,186,390
89,197,250
90,16,207
90,23,359
90,26,273
90,30,398
90,34,90
90,35,253
90,52,150
90,55,374
90,66,105
90,68,354
90,71,177
90,73,77
90,76,322
90,83,330
90,84,246
90,85,55
90,86,155
90,91,398
90,98,25
90,101,252
90,109,112
90,111,284
90,112,81
90,117,378
90,125,164
90,152,222
90,162,167
90,184,189
91,3,236
91,8,114
91,13,251
91,20,74
91,33,212
91,38,392
91,39,211
91,41,397
91,43,35
91,45,231
91,63,382
91,65,74
91,66,47
91,72,16
91,79,249
91,82,159
91,90,398
91,102,154
91,113,92
91,134,261
91,141,298
91,157,168
91,159,261
91,198,126
92,14,93
92,15,122
92,19,289
92,20,32
92,21,284
92,24,327
92,28,9
92,31,129
92,46,87
92,47,351
92,51,68
92,58,229
92,61,292
92,63,257
92,67,382
92,68,90
92,71,257
92,89,229
92,96,309
92,106,29
92,119,8
92,128,284
92,139,393
92,171,140
92,175,109
92,182,202
92,183,367
92,189,204
92,190,286
92,192,48
93,1,153
93,6,195
93,11,35
93,16,283
93,20,99
93,35,287
93,44,196
93,45,1
93,49,378
93,51,203
93,52,300
93,55,158
93,57,263
93,59,141
93,61,135
93,75,358
93,86,361
93,95,340
93,115,155
93,118,200
93,119,51
93,121,120
93,123,88
93,131,297
93,134,72
93,156,133
93,166,209
93,176,362
93,182,285
93,185,60
93,200,63
94,3,110
94,7,170
94,13,393
94,15,145
94,29,119
94,33,65
94,39,125
94,43,396
94,46,194
94,59,256
94,65,277
94,67,126
94,71,75
94,78,356
94,82,106
94,83,45
94,100,377
94,106,160
94,107,97
94,113,333
94,115,332
94,116,128
94,124,12
94,133,374
94,144,46
94,150,154
94,157,332
94,159,120
94,161,307
94,175,181
94,188,390
95,1,85
95,3,70
95,6,191
95,9,305
95,18,371
95,23,209
95,24,230
95,25,229
95,30,242
95,47,279
95,58,31
95,61,333
95,63,184
95,80,205
95,81,119
95,86,90
95,93,340
95,98,162
95,99,305
95,107,63
95,112,189
95,115,278
95,117,161
95,133,352
95,150,325
95,151,37
95,155,218
95,163,242
95,166,28
95,174,300
95,175,11
95,185,20
95,192,48
95,200,164
96,1,348
96,7,295
96,33,381
96,39,139
96,42,107
96,44,324
96,48,72
96,49,34
96,69,135
96,72,63
96,74,304
96,79,69
96,92,309
96,101,243
96,120,289
96,128,182
96,133,315
96,134,262
96,143,175
96,146,249
96,150,235
96,151,95
96,154,12
96,158,393
96,162,203
96,165,220
96,171,33
96,193,132
96,199,309
97,19,9
97,26,227
97,28,304
97,30,301
97,31,330
97,40,231
97,43,247
97,46,296
97,47,189
97,50,178
97,54,123
97,58,36
97,68,167
97,78,385
97,79,140
97,98,400
97,134,200
97,137,311
97,142,340
97,145,160
97,162,357
97,199,360
98,2,140
98,6,72
98,12,1
98,18,34
98,21,172
98,24,121
98,25,78
98,40,69
98,45,396
98,46,17
98,49,259
98,59,20
98,85,74
98,89,339
98,90,25
98,95,162
98,97,400
98,99,204
98,108,298
98,119,259
98,129,29
98,173,317
98,182,132
98,185,228
98,192,82
99,5,276
99,19,85
99,21,219
99,29,116
99,32,237
99,38,231
99,39,355
99,40,218
99,44,180
99,51,224
99,65,259
99,66,289
99,71,235
99,77,50
99,95,305
99,98,204
99,100,15
99,102,166
99,105,52
99,107,366
99,112,105
99,113,61
99,117,256
99,127,121
99,133,265
99,140,126
99,147,201
99,154,63
99,164,211
99,172,101
99,177,337
99,181,320
99,183,95
100,1,135
100,2,302
100,6,36
100,13,189
100,20,179
100,35,1
100,38,71
100,43,218
100,49,244
100,64,65
100,66,242
100,71,51
100,83,368
100,86,62
100,89,390
100,94,377
100,99,15
100,107,100
100,125,249
100,128,290
100,147,157
100,148,297
100,155,45
100,161,302
100,168,69
100,169,200
100,177,67
100,191,32
100,197,30
100,198,168
101,3,217
101,9,334
101,14,142
101,17,289
101,33,391
101,43,365
101,46,82
101,51,10
101,57,187
101,66,378
101,69,143
101,79,72
101,89,395
101,90,252
101,96,243
101,102,231
101,103,333
101,109,224
101,111,306
101,113,59
101,115,22
101,122,296
101,126,185
101,131,90
101,135,37
101,137,302
101,153,206
101,169,133
101,175,332
101,180,318
101,182,11
101,186,25
101,194,344
102,1,23
102,9,116
102,21,142
102,24,57
102,25,299
102,32,336
102,42,301
102,43,49
102,47,289
102,51,219
102,60,271
102,68,234
102,69,394
102,72,150
102,80,282
102,91,154
102,99,166
102,101,231
102,107,112
102,110,63
102,115,201
102,116,74
102,123,189
102,144,190
102,158,225
102,164,107
102,177,204
102,197,246
103,7,70
103,19,362
103,21,149
103,24,38
103,26,376
103,32,252
103,35,251
103,51,181
103,54,138
103,56,49
103,58,207
103,59,299
103,68,39
103,81,153
103,85,380
103,87,80
103,101,333
103,104,384
103,109,364
103,110,270
103,119,394
103,124,69
103,128,55
103,150,270
103,153,256
103,155,196
103,173,165
104,1,143
104,4,317
104,7,237
104,8,381
104,11,29
104,25,192
104,27,392
104,33,76
104,48,86
104,49,289
104,50,267
104,52,30
104,54,132
104,58,186
104,67,357
104,78,271
104,84,178
104,103,384
104,106,217
104,109,252
104,123,334
104,132,325
104,140,323
104,142,314
104,154,55
104,162,88
104,183,153
105,1,379
105,2,236
105,26,231
105,31,14
105,33,81
105,36,369
105,38,94
105,40,204
105,49,129
105,54,252
105,61,108
105,63,104
105,68,378
105,76,70
105,83,115
105,85,96
105,99,52
105,106,5
105,125,268
105,127,280
105,129,86
105,130,118
105,165,191
105,166,60
105,168,365
105,182,263
105,187,133
106,1,131
106,15,240
106,19,38
106,21,74
106,32,201
106,35,217
106,51,79
106,58,132
