source,target,weight
1,2,108
1,4,318
1,6,32
1,7,196
1,8,251
1,10,222
1,13,340
1,14,159
1,19,17
1,21,210
1,22,382
1,23,274
1,24,316
1,25,40
1,26,392
1,30,205
1,31,363
1,32,239
1,34,387
1,36,371
1,39,104
1,41,132
1,46,358
1,47,9
1,51,177
1,52,171
1,53,231
1,54,171
1,58,170
1,59,298
1,60,5
1,61,103
1,65,92
1,66,100
1,72,312
1,76,95
1,80,223
1,81,328
1,84,386
1,87,145
1,90,246
1,91,243
1,96,383
1,98,242
1,99,184
1,101,179
1,102,131
1,103,324
1,105,389
1,108,104
1,109,114
1,111,276
1,114,252
1,123,158
1,129,367
1,131,262
1,134,201
1,136,128
1,138,123
1,140,296
1,158,173
1,165,256
1,168,256
1,170,180
1,171,196
1,173,360
1,179,164
1,182,85
1,183,188
1,189,217
2,1,108
2,3,32
2,4,250
2,5,300
2,7,368
2,12,290
2,14,101
2,15,186
2,16,127
2,19,205
2,20,121
2,21,283
2,22,1
2,23,77
2,24,58
2,25,60
2,26,205
2,27,68
2,28,106
2,29,211
2,31,55
2,35,359
2,37,2
2,38,337
2,39,320
2,41,69
2,42,340
2,44,216
2,45,399
2,46,266
2,47,146
2,49,367
2,52,175
2,55,258
2,59,13
2,62,227
2,65,331
2,66,274
2,67,344
2,68,204
2,70,5
2,72,359
2,76,25
2,80,32
2,81,82
2,83,99
2,100,375
2,103,61
2,109,133
2,110,370
2,116,272
2,117,249
2,121,333
2,122,150
2,123,180
2,124,121
2,127,35
2,133,66
2,139,45
2,142,345
2,153,347
2,156,212
2,158,174
2,166,10
2,168,201
2,176,236
2,181,358
2,183,69
2,185,177
2,186,244
2,187,262
2,194,332
2,200,145
3,2,32
3,5,311
3,6,181
3,9,384
3,13,285
3,15,338
3,16,109
3,17,309
3,18,342
3,21,310
3,22,320
3,24,396
3,25,184
3,27,319
3,29,22
3,30,351
3,31,320
3,32,338
3,33,257
3,34,166
3,35,348
3,36,17
3,38,186
3,39,323
3,40,36
3,45,143
3,48,292
3,49,111
3,50,272
3,53,397
3,55,348
3,56,49
3,58,124
3,63,400
3,66,278
3,72,131
3,73,283
3,75,14
3,79,108
3,80,125
3,83,240
3,84,56
3,85,23
3,90,114
3,95,259
3,98,74
3,100,250
3,104,231
3,105,368
3,109,76
3,113,220
3,115,66
3,121,251
3,126,197
3,128,337
3,134,199
3,136,290
3,139,220
3,142,283
3,146,226
3,147,66
3,165,179
3,172,185
3,176,239
3,178,342
3,179,262
3,183,269
3,184,206
3,185,2
3,191,266
3,194,5
4,1,318
4,2,250
4,5,64
4,6,96
4,7,102
4,8,94
4,9,67
4,10,261
4,11,107
4,12,313
4,16,26
4,18,265
4,19,1
4,20,225
4,21,154
4,22,311
4,23,116
4,25,104
4,26,331
4,30,111
4,31,146
4,33,340
4,34,350
4,36,4
4,38,243
4,39,13
4,43,85
4,45,32
4,47,97
4,48,234
4,51,215
4,57,46
4,58,289
4,62,150
4,65,60
4,67,226
4,71,142
4,76,39
4,78,7
4,81,304
4,82,348
4,83,385
4,89,26
4,91,286
4,95,399
4,98,162
4,100,131
4,102,33
4,107,149
4,108,325
4,113,274
4,116,310
4,117,203
4,121,51
4,122,215
4,123,207
4,133,316
4,135,340
4,138,61
4,145,130
4,149,155
4,150,327
4,155,89
4,174,186
4,175,156
4,177,44
4,188,390
4,198,219
5,2,300
5,3,311
5,4,64
5,6,64
5,7,123
5,9,26
5,10,262
5,11,224
5,12,348
5,14,204
5,15,380
5,16,311
5,17,313
5,18,325
5,19,317
5,20,113
5,21,78
5,22,125
5,24,262
5,25,288
5,26,59
5,27,100
5,28,40
5,30,246
5,31,205
5,32,101
5,33,32
5,34,303
5,36,70
5,39,165
5,42,296
5,45,120
5,47,281
5,48,291
5,51,200
5,52,182
5,53,31
5,55,181
5,56,246
5,58,167
5,59,248
5,63,289
5,69,230
5,71,262
5,72,25
5,73,227
5,74,72
5,77,198
5,79,132
5,82,196
5,83,205
5,85,221
5,88,280
5,92,295
5,93,276
5,94,251
5,98,314
5,102,11
5,107,279
5,109,318
5,110,206
5,113,249
5,114,179
5,120,181
5,123,362
5,129,20
5,132,19
5,135,394
5,139,221
5,142,330
5,148,355
5,149,59
5,150,307
5,152,23
5,154,217
5,162,212
5,163,247
5,164,115
5,176,324
5,177,27
5,180,213
5,184,85
5,193,86
5,194,304
5,200,25
6,1,32
6,3,181
6,4,96
6,5,64
6,7,64
6,8,178
6,9,212
6,10,272
6,13,148
6,14,372
6,15,183
6,16,217
6,17,32
6,18,176
6,19,343
6,20,119
6,23,80
6,25,114
6,27,315
6,28,351
6,30,298
6,34,162
6,35,208
6,36,324
6,37,270
6,38,335
6,39,251
6,43,385
6,45,172
6,46,347
6,47,299
6,49,337
6,50,318
6,51,4
6,58,235
6,64,286
6,68,74
6,70,176
6,71,376
6,74,303
6,76,173
6,80,142
6,81,150
6,85,85
6,88,138
6,89,275
6,90,261
6,91,110
6,93,58
6,96,59
6,97,308
6,99,222
6,100,273
6,102,243
6,108,164
6,112,301
6,113,111
6,115,88
6,119,125
6,122,306
6,124,170
6,126,363
6,129,10
6,130,208
6,131,90
6,132,177
6,134,350
6,137,215
6,139,382
6,142,132
6,143,327
6,144,167
6,146,220
6,148,259
6,156,232
6,160,218
6,168,53
6,172,138
6,178,390
6,182,340
6,190,273
6,195,92
6,196,8
7,1,196
7,2,368
7,4,102
7,5,123
7,6,64
7,8,197
7,9,223
7,11,19
7,12,157
7,14,244
7,16,194
7,17,381
7,18,252
7,19,267
7,21,142
7,23,335
7,25,262
7,27,16
7,28,376
7,30,201
7,32,112
7,33,226
7,35,159
7,36,342
7,37,136
7,38,161
7,41,312
7,42,216
7,43,83
7,44,220
7,46,368
7,47,194
7,48,328
7,49,323
7,51,133
7,53,43
7,55,178
7,58,91
7,62,103
7,63,378
7,66,224
7,67,394
7,71,309
7,73,337
7,74,398
7,76,244
7,80,72
7,81,3
7,84,195
7,90,290
7,92,189
7,93,147
7,96,378
7,97,118
7,106,337
7,107,101
7,110,42
7,119,65
7,120,180
7,125,122
7,126,74
7,129,268
7,131,320
7,132,320
7,135,379
7,143,168
7,144,95
7,145,88
7,152,380
7,153,259
7,154,302
7,157,366
7,158,52
7,161,345
7,167,66
7,178,21
7,185,14
7,187,383
7,190,8
7,194,223
8,1,251
8,4,94
8,6,178
8,7,197
8,9,118
8,10,215
8,12,92
8,13,235
8,16,111
8,18,22
8,19,159
8,21,243
8,22,311
8,23,134
8,24,30
8,25,14
8,28,72
8,29,41
8,30,176
8,31,104
8,32,145
8,34,29
8,35,307
8,36,269
8,37,173
8,38,22
8,41,168
8,43,322
8,47,74
8,50,64
8,54,118
8,55,369
8,56,31
8,59,274
8,62,363
8,67,305
8,70,21
8,71,285
8,73,102
8,74,375
8,75,34
8,77,321
8,78,95
8,81,369
8,86,178
8,87,223
8,90,74
8,93,97
8,94,246
8,100,56
8,102,329
8,103,95
8,104,9
8,107,68
8,108,347
8,111,146
8,112,215
8,113,28
8,114,302
8,124,174
8,127,300
8,131,204
8,141,165
8,144,284
8,145,275
8,146,19
8,147,392
8,149,115
8,157,118
8,159,156
8,166,269
8,168,386
8,170,117
8,176,335
8,194,111
8,195,177
8,199,110
9,3,384
9,4,67
9,5,26
9,6,212
9,7,223
9,8,118
9,10,67
9,11,286
9,13,316
9,14,93
9,15,278
9,16,198
9,22,342
9,24,342
9,26,199
9,27,123
9,29,154
9,30,115
9,33,220
9,35,7
9,36,9
9,38,381
9,41,76
9,42,280
9,44,336
9,45,223
9,51,89
9,53,348
9,54,158
9,55,196
9,57,277
9,58,348
9,61,65
9,62,76
9,63,210
9,64,210
9,65,254
9,67,257
9,71,277
9,72,190
9,73,206
9,75,176
9,77,302
9,83,197
9,89,88
9,92,400
9,94,395
9,97,318
9,100,154
9,113,39
9,119,23
9,120,55
9,121,229
9,123,166
9,124,124
9,126,265
9,127,2
9,135,220
9,141,362
9,142,399
9,147,359
9,149,262
9,152,36
9,153,331
9,157,132
9,160,210
9,165,122
9,169,19
9,174,161
9,175,138
9,177,384
9,179,97
9,196,333
9,199,385
10,1,222
10,4,261
10,5,262
10,6,272
10,8,215
10,9,67
10,11,115
10,12,33
10,13,300
10,17,10
10,18,190
10,19,241
10,22,190
10,23,212
10,24,362
10,25,122
10,26,164
10,27,197
10,28,246
10,29,108
10,30,334
10,31,68
10,32,40
10,33,304
10,35,19
10,38,332
10,39,115
10,41,163
10,42,26
10,43,267
10,44,212
10,45,392
10,48,329
10,49,72
10,51,369
10,52,44
10,53,338
10,54,78
10,55,352
10,58,96
10,60,44
10,61,116
10,68,44
10,70,256
10,72,90
10,88,153
10,95,166
10,97,395
10,98,385
10,100,296
10,101,218
10,103,341
10,104,162
10,114,322
10,116,131
10,117,201
10,120,45
10,121,243
10,125,49
10,126,155
10,134,228
10,138,17
10,139,386
10,140,90
10,141,89
10,144,72
10,153,192
10,154,366
10,160,149
10,167,182
10,169,317
10,170,231
10,172,321
10,194,30
10,197,357
11,4,107
11,5,224
11,7,19
11,9,286
11,10,115
11,12,18
11,13,375
11,14,367
11,15,46
11,17,332
11,18,183
11,19,269
11,20,101
11,21,250
11,23,95
11,25,93
11,29,20
11,30,395
11,32,281
11,35,236
11,37,7
11,38,92
11,40,123
11,41,318
11,42,25
11,44,317
11,46,87
11,48,159
11,49,398
11,50,131
11,51,57
11,52,252
11,53,356
11,55,136
11,56,131
11,57,129
11,58,223
11,59,149
11,60,343
11,61,33
11,63,133
11,66,332
11,68,379
11,69,314
11,71,80
11,74,54
11,75,106
11,77,227
11,78,32
11,82,193
11,86,275
11,89,89
11,90,364
11,96,240
11,99,144
11,112,385
11,115,371
11,117,234
11,123,138
11,127,45
11,128,302
11,129,135
11,131,177
11,146,326
11,160,324
11,161,283
11,164,129
11,166,137
11,180,44
11,190,43
11,191,254
12,2,290
12,4,313
12,5,348
12,7,157
12,8,92
12,10,33
12,11,18
12,13,242
12,15,362
12,17,119
12,20,134
12,21,325
12,22,308
12,24,89
12,26,373
12,27,180
12,28,106
12,29,390
12,30,135
12,31,257
12,32,345
12,33,146
12,39,314
12,40,29
12,41,175
12,42,35
12,48,237
12,49,208
12,50,147
12,52,347
12,54,214
12,56,306
12,61,359
12,63,185
12,64,277
12,65,73
12,67,348
12,68,62
12,70,347
12,75,183
12,80,222
12,81,242
12,82,363
12,83,314
12,87,346
12,91,53
12,94,385
12,96,377
12,112,228
12,114,212
12,115,239
12,116,97
12,123,275
12,128,212
12,144,49
12,151,394
12,152,68
12,159,214
12,160,247
12,163,3
12,164,76
12,166,342
12,172,107
12,179,230
12,183,283
12,186,148
13,1,340
13,3,285
13,6,148
13,8,235
13,9,316
13,10,300
13,11,375
13,12,242
13,14,215
13,15,136
13,16,111
13,17,256
13,23,392
13,24,11
13,29,66
13,31,237
13,33,351
13,34,281
13,35,8
13,36,294
13,37,249
13,39,42
13,41,130
13,43,336
13,44,91
13,45,52
13,47,189
13,48,333
13,50,16
13,54,358
13,56,64
13,57,295
13,64,331
13,67,78
13,72,150
13,73,16
13,74,213
13,78,295
13,80,375
13,81,3
13,82,10
13,84,357
13,86,31
13,94,20
13,95,360
13,96,106
13,97,311
13,98,263
13,101,238
13,102,288
13,104,40
13,106,328
13,113,381
13,118,247
13,119,274
13,120,11
13,123,18
13,125,163
13,133,10
13,135,285
13,143,216
13,146,372
13,155,284
13,164,255
13,171,60
13,180,356
13,185,217
13,186,102
13,188,156
14,1,159
14,2,101
14,5,204
14,6,372
14,7,244
14,9,93
14,11,367
14,13,215
14,15,123
14,17,313
14,18,29
14,21,309
14,24,55
14,25,37
14,26,12
14,28,76
14,29,255
14,31,68
14,32,268
14,33,193
14,34,380
14,35,250
14,36,155
14,37,43
14,39,105
14,41,366
14,42,306
14,44,239
14,47,278
14,50,61
14,51,13
14,52,288
14,54,299
14,55,321
14,57,158
14,64,10
14,67,221
14,71,227
14,74,74
14,78,26
14,79,56
14,81,371
14,82,180
14,86,180
14,87,316
14,92,293
14,95,208
14,97,2
14,98,28
14,99,90
14,107,136
14,109,370
14,115,250
14,122,293
14,123,267
14,124,301
14,125,382
14,134,202
14,135,236
14,140,210
14,153,77
14,157,113
14,164,148
14,165,305
14,169,252
14,181,280
14,191,228
15,2,186
15,3,338
15,5,380
15,6,183
15,9,278
15,11,46
15,12,362
15,13,136
15,14,123
15,17,319
15,20,395
15,23,123
15,24,165
15,25,125
15,26,270
15,27,128
15,28,296
15,29,251
15,31,322
15,32,301
15,33,7
15,36,196
15,38,399
15,39,39
15,40,347
15,41,377
15,42,271
15,47,245
15,48,352
15,49,243
15,50,63
15,51,181
15,53,391
15,54,360
15,55,226
15,57,63
15,59,109
15,60,378
15,61,25
15,62,347
15,63,138
15,65,262
15,71,267
15,83,182
15,84,233
15,85,323
15,86,354
15,87,341
15,89,198
15,94,283
15,107,311
15,109,284
15,118,126
15,123,338
15,128,192
15,132,238
15,134,38
15,136,202
15,138,372
15,147,347
15,148,341
15,155,144
15,156,11
15,157,30
15,159,292
15,163,295
15,169,359
15,172,222
15,180,349
15,187,183
15,190,205
15,192,13
15,195,326
16,2,127
16,3,109
16,4,26
16,5,311
16,6,217
16,7,194
16,8,111
16,9,198
16,13,111
16,17,150
16,18,239
16,19,247
16,21,303
16,22,266
16,24,298
16,25,293
16,26,166
16,27,134
16,30,304
16,32,256
16,33,210
16,35,206
16,37,190
16,38,94
16,39,387
16,40,130
16,41,326
16,42,229
16,43,180
16,45,91
16,46,97
16,47,262
16,48,388
16,49,162
16,51,200
16,52,189
16,55,378
16,56,292
16,57,255
16,58,364
16,60,247
16,64,399
16,70,268
16,72,126
16,77,180
16,80,40
16,82,209
16,86,346
16,88,217
16,91,78
16,94,273
16,99,208
16,104,126
16,108,222
16,110,76
16,113,169
16,117,47
16,119,277
16,122,326
16,126,35
16,127,119
16,132,3
16,136,390
16,144,388
16,149,263
16,159,348
16,162,88
16,164,113
16,166,95
16,199,83
17,3,309
17,5,313
17,6,32
17,7,381
17,10,10
17,11,332
17,12,119
17,13,256
17,14,313
17,15,319
17,16,150
17,18,119
17,19,327
17,20,73
17,22,250
17,23,185
17,24,277
17,25,255
17,29,243
17,30,371
17,31,259
17,32,361
17,35,168
17,36,124
17,37,249
17,39,166
17,41,150
17,42,241
17,43,75
17,46,337
17,50,213
17,52,5
17,54,356
17,56,91
17,57,155
17,60,68
17,63,337
17,65,381
17,67,140
17,68,288
17,69,313
17,70,40
17,74,90
17,77,245
17,79,237
17,81,129
17,83,94
17,89,178
17,91,249
17,93,355
17,96,370
17,97,340
17,101,129
17,102,329
17,120,362
17,123,295
17,126,337
17,134,236
17,137,358
17,139,295
17,142,160
17,143,168
17,145,188
17,146,297
17,147,179
17,150,35
17,151,135
17,156,392
17,157,274
17,168,54
17,169,43
17,171,295
17,174,242
17,177,218
17,187,349
17,192,311
17,193,98
17,195,334
18,3,342
18,4,265
18,5,325
18,6,176
18,7,252
18,8,22
18,10,190
18,11,183
18,14,29
18,16,239
18,17,119
18,19,334
18,20,198
18,22,53
18,23,357
18,24,243
18,25,237
18,26,397
18,28,269
18,29,231
18,30,122
18,31,189
18,32,287
18,34,130
18,35,325
18,36,274
18,40,369
18,41,361
18,42,358
18,43,324
18,44,211
18,46,60
18,50,54
18,51,271
18,54,69
18,56,226
18,60,299
18,61,206
18,62,52
18,64,19
18,66,282
18,67,22
18,73,124
18,82,297
18,83,131
18,84,144
18,85,383
18,86,284
18,87,73
18,88,69
18,91,279
18,99,70
18,105,119
18,108,5
18,114,324
18,124,88
18,127,27
18,133,39
18,152,55
18,155,54
18,162,135
18,164,294
18,166,26
18,172,309
18,175,14
18,177,188
18,178,206
18,179,160
18,181,367
18,182,113
18,184,240
18,185,93
18,187,160
18,191,21
18,193,161
18,198,163
19,1,17
19,2,205
19,4,1
19,5,317
19,6,343
19,7,267
19,8,159
19,10,241
19,11,269
19,16,247
19,17,327
19,18,334
19,20,350
19,21,44
19,22,46
19,26,16
19,27,313
19,29,232
19,30,318
19,31,344
19,32,359
19,35,92
19,36,140
19,37,360
19,38,219
19,39,92
19,42,121
19,43,55
19,44,216
19,45,200
19,46,19
19,48,163
19,49,398
19,50,213
19,51,326
19,53,31
19,56,31
19,57,277
19,58,292
19,59,19
19,60,55
19,61,5
19,67,283
19,68,80
19,69,19
19,72,49
19,73,313
19,74,369
19,75,128
19,76,77
19,84,366
19,88,339
19,93,64
19,95,245
19,97,85
19,102,324
19,105,58
19,107,245
19,108,197
19,109,131
19,111,201
19,115,66
19,125,76
19,132,188
19,134,143
19,151,67
19,153,7
19,154,274
19,155,255
19,158,209
19,168,163
19,170,262
19,179,137
19,186,203
19,195,294
19,198,281
19,199,124
20,2,121
20,4,225
20,5,113
20,6,119
20,11,101
20,12,134
20,15,395
20,17,73
20,18,198
20,19,350
20,22,6
20,25,217
20,26,328
20,28,154
20,29,263
20,30,348
20,31,278
20,32,152
20,33,149
20,34,32
20,37,192
20,39,108
20,40,129
20,41,356
20,42,205
20,43,156
20,44,334
20,47,63
20,48,56
20,54,44
20,55,350
20,56,229
20,62,25
20,63,62
20,65,178
20,68,92
20,69,321
20,70,13
20,74,62
20,75,280
20,79,7
20,87,309
20,89,361
20,92,352
20,94,24
20,95,195
20,99,101
20,103,329
20,104,140
20,108,298
20,109,48
20,111,303
20,113,360
20,118,330
20,126,297
20,135,387
20,144,138
20,147,44
20,148,351
20,150,255
20,152,89
20,154,79
20,157,176
20,169,13
20,171,162
20,175,299
20,176,16
20,186,67
20,189,200
20,194,129
20,195,113
21,1,210
21,2,283
21,3,310
21,4,154
21,5,78
21,7,142
21,8,243
21,11,250
21,12,325
21,14,309
21,16,303
21,19,44
21,22,146
21,24,354
21,26,102
21,27,214
21,28,138
21,29,266
21,30,91
21,35,135
21,37,54
21,42,124
21,44,109
21,45,102
21,46,114
21,47,368
21,48,208
21,49,347
21,52,310
21,53,224
21,54,119
21,55,168
21,57,281
21,58,148
21,59,193
21,62,118
21,64,1
21,66,212
21,67,202
21,68,206
21,70,341
21,71,12
21,73,180
21,76,17
21,80,39
21,82,65
21,83,104
21,85,291
21,86,241
21,89,350
21,94,307
21,100,269
21,101,50
21,103,371
21,104,42
21,105,207
21,106,137
21,108,210
21,111,68
21,116,3
21,121,351
21,124,216
21,126,356
21,128,288
21,131,236
21,139,395
21,140,24
21,141,25
21,143,285
21,146,106
21,168,148
21,170,239
21,180,17
21,185,101
21,190,269
21,194,129
21,199,164
21,200,126
22,1,382
22,2,1
22,3,320
22,4,311
22,5,125
22,8,311
22,9,342
22,10,190
22,12,308
22,16,266
22,17,250
22,18,53
22,19,46
22,20,6
22,21,146
22,23,140
22,24,298
22,27,243
22,28,377
22,33,242
22,34,332
22,35,269
22,36,346
22,37,315
22,38,109
22,39,66
22,40,350
22,41,219
22,42,345
22,43,205
22,44,253
22,45,146
22,46,100
22,47,238
22,48,160
22,50,31
22,58,376
22,59,245
22,61,62
22,62,95
22,65,115
22,67,263
22,69,192
22,70,31
22,78,7
22,79,320
22,81,225
22,85,323
22,86,29
22,95,334
22,98,186
22,106,317
22,107,315
22,108,49
22,117,206
22,120,326
22,121,210
22,127,299
22,137,26
22,146,156
22,147,56
22,156,336
22,160,42
22,162,14
22,164,180
22,166,351
22,169,289
22,172,5
22,178,359
22,181,390
22,183,280
22,187,67
22,188,362
22,194,56
22,195,59
23,1,274
23,2,77
23,4,116
23,6,80
23,7,335
23,8,134
23,10,212
23,11,95
23,13,392
23,15,123
23,17,185
23,18,357
23,22,140
23,24,36
23,25,238
23,26,73
23,27,373
23,28,312
23,31,58
23,32,235
23,33,94
23,34,392
23,35,153
23,37,45
23,38,220
23,39,245
23,40,66
23,41,369
23,47,294
23,48,106
23,49,197
23,50,286
23,54,55
23,55,260
23,57,47
23,60,199
23,62,385
23,69,3
23,71,81
23,74,381
23,75,55
23,76,337
23,77,156
23,78,382
23,82,226
23,88,279
23,89,5
23,92,65
23,95,321
23,97,107
23,98,257
23,102,277
23,103,26
23,107,12
23,109,281
23,110,18
23,111,267
23,113,315
23,119,376
23,126,238
23,129,337
23,134,228
23,135,141
23,139,232
23,145,391
23,146,374
23,153,87
23,155,277
23,159,24
23,168,96
23,170,61
23,178,398
23,179,229
23,186,328
23,197,382
23,200,2
24,1,316
24,2,58
24,3,396
24,5,262
24,8,30
24,9,342
24,10,362
24,12,89
24,13,11
24,14,55
24,15,165
24,16,298
24,17,277
24,18,243
24,21,354
24,22,298
24,23,36
24,26,217
24,27,242
24,28,382
24,29,204
24,31,329
24,33,389
24,34,43
24,35,354
24,39,359
24,40,22
24,41,386
24,46,297
24,49,174
24,50,218
24,51,141
24,52,74
24,54,305
24,57,35
24,61,26
24,64,265
24,65,28
24,67,76
24,68,17
24,70,359
24,71,47
24,79,254
24,84,65
24,87,22
24,88,144
24,93,71
24,94,152
24,103,158
24,104,159
24,105,367
24,107,376
24,109,381
24,112,147
24,113,357
24,116,308
24,117,319
24,119,354
24,124,25
24,125,21
24,130,263
24,132,218
24,135,387
24,140,259
24,142,377
24,144,111
24,152,129
24,153,16
24,154,38
24,160,150
24,162,384
24,168,295
24,170,33
24,181,398
24,182,383
24,190,367
25,1,40
25,2,60
25,3,184
25,4,104
25,5,288
25,6,114
25,7,262
25,8,14
25,10,122
25,11,93
25,14,37
25,15,125
25,16,293
25,17,255
25,18,237
25,20,217
25,23,238
25,26,219
25,27,279
25,28,253
25,30,295
25,32,374
25,33,234
25,35,5
25,36,337
25,39,177
25,40,321
25,42,363
25,43,350
25,44,387
25,45,51
25,46,233
25,48,87
25,51,386
25,52,54
25,53,225
25,55,42
25,57,27
25,58,227
25,60,240
25,61,146
25,63,387
25,64,148
25,65,60
25,66,275
25,68,45
25,72,346
25,73,109
25,74,141
25,76,395
25,78,287
25,80,21
25,83,340
25,88,374
25,94,293
25,95,124
25,96,52
25,97,197
25,103,35
25,110,172
25,114,268
25,115,398
25,116,28
25,120,1
25,121,75
25,128,336
25,129,385
25,139,191
25,140,120
25,141,3
25,149,313
25,159,89
25,160,120
25,162,352
25,170,163
25,173,125
25,174,302
25,177,329
25,181,269
25,187,134
25,190,153
25,191,136
25,195,28
25,196,10
25,200,290
26,1,392
26,2,205
26,4,331
26,5,59
26,9,199
26,10,164
26,12,373
26,14,12
26,15,270
26,16,166
26,18,397
26,19,16
26,20,328
26,21,102
26,23,73
26,24,217
26,25,219
26,27,147
26,28,221
26,31,153
26,32,273
26,33,119
26,34,161
26,36,258
26,37,158
26,38,323
26,39,245
26,42,73
26,43,206
26,44,86
26,45,384
26,48,241
26,49,98
26,50,160
26,55,370
26,59,10
26,60,213
26,62,235
26,63,95
26,68,151
26,69,65
26,71,70
26,72,147
26,77,291
26,78,181
26,81,67
26,82,393
26,84,114
26,86,16
26,87,297
26,88,225
26,89,173
26,91,60
26,98,332
26,99,84
26,101,180
26,102,188
26,108,367
26,117,280
26,118,175
26,120,140
26,125,337
26,126,173
26,130,155
26,139,248
26,143,33
26,146,199
26,149,327
26,153,309
26,154,323
26,170,16
26,171,238
26,174,345
26,181,42
26,183,56
26,188,109
26,190,382
26,196,283
27,2,68
27,3,319
27,5,100
27,6,315
27,7,16
27,9,123
27,10,197
27,12,180
27,15,128
27,16,134
27,19,313
27,21,214
27,22,243
27,23,373
27,24,242
27,25,279
27,26,147
27,28,175
27,29,129
27,30,80
27,31,57
27,36,353
27,37,75
27,40,173
27,43,166
27,44,177
27,45,171
27,46,177
27,47,285
27,54,228
27,55,318
27,57,117
27,58,264
27,59,233
27,62,215
27,65,181
27,66,53
27,68,189
27,70,343
27,72,120
27,73,385
27,74,127
27,75,151
27,76,369
27,79,227
27,82,399
27,86,181
27,95,141
27,98,103
27,100,122
27,108,16
27,109,297
27,110,34
27,112,203
27,113,246
27,116,364
27,117,291
27,129,268
27,135,329
27,138,306
27,147,210
27,148,185
27,150,170
27,155,112
27,175,178
27,176,165
27,183,67
28,2,106
28,5,40
28,6,351
28,7,376
28,8,72
28,10,246
28,12,106
28,14,76
28,15,296
28,18,269
28,20,154
28,21,138
28,22,377
28,23,312
28,24,382
28,25,253
28,26,221
28,27,175
28,29,73
28,30,90
28,33,30
28,35,233
28,36,394
28,40,183
28,41,317
28,44,59
28,49,194
28,51,142
28,52,19
28,53,216
28,54,211
28,56,260
28,60,152
28,61,258
28,65,383
28,67,24
28,73,208
28,83,257
28,89,99
28,92,38
28,93,213
28,97,344
28,100,139
28,102,213
28,104,125
28,108,29
28,109,165
28,111,142
28,114,85
28,117,92
28,120,348
28,134,27
28,148,47
28,165,320
28,167,58
28,172,370
28,173,123
28,178,351
28,181,262
28,191,299
28,193,32
28,195,94
29,2,211
29,3,22
29,8,41
29,9,154
29,10,108
29,11,20
29,12,390
29,13,66
29,14,255
29,15,251
29,17,243
29,18,231
29,19,232
29,20,263
29,21,266
29,24,204
29,27,129
29,28,73
29,30,119
29,31,77
29,33,240
29,34,154
29,35,207
29,36,377
29,38,382
29,39,9
29,41,335
29,42,82
29,43,98
29,46,305
29,48,39
29,49,227
29,51,179
29,52,316
29,55,206
29,56,49
29,57,223
29,59,57
29,60,185
29,64,35
29,65,131
29,69,209
29,70,235
29,79,179
29,88,212
29,89,165
29,91,78
29,92,99
29,98,35
29,101,376
29,102,216
29,104,187
29,107,329
29,108,295
29,110,236
29,111,23
29,115,67
29,120,163
29,130,263
29,132,205
29,133,18
29,136,238
29,142,378
29,149,58
29,151,88
29,159,223
29,168,247
29,181,193
29,191,33
29,200,369
30,1,205
30,3,351
30,4,111
30,5,246
30,6,298
30,7,201
30,8,176
30,9,115
30,10,334
30,11,395
30,12,135
30,16,304
30,17,371
30,18,122
30,19,318
30,20,348
30,21,91
30,25,295
30,27,80
30,28,90
30,29,119
30,31,377
30,32,206
30,33,194
30,34,169
30,35,323
30,37,43
30,40,105
30,43,274
30,44,152
30,45,88
30,46,9
30,49,306
30,50,9
30,51,212
30,52,233
30,54,62
30,55,70
30,57,324
30,60,185
30,62,366
30,63,25
30,64,103
30,66,378
30,67,366
30,69,86
30,70,115
30,72,346
30,73,126
30,75,374
30,77,20
30,78,186
30,81,359
30,84,35
30,87,221
30,91,13
30,97,112
30,99,368
30,101,20
30,105,203
30,118,334
30,128,318
30,132,340
30,135,273
30,144,290
30,154,128
30,160,58
30,170,375
30,178,350
30,184,97
30,192,287
31,1,363
31,2,55
31,3,320
31,4,146
31,5,205
31,8,104
31,10,68
31,12,257
31,13,237
31,14,68
31,15,322
31,17,259
31,18,189
31,19,344
31,20,278
31,23,58
31,24,329
31,26,153
31,27,57
31,29,77
31,30,377
31,32,277
31,33,318
31,34,196
31,36,65
31,37,389
31,39,120
31,40,371
31,41,109
31,42,122
31,43,26
31,45,149
31,46,221
31,54,392
31,55,385
31,57,50
31,59,242
31,60,349
31,62,120
31,64,305
31,66,354
31,69,159
31,71,331
31,73,386
31,75,172
31,76,239
31,77,238
31,80,361
31,83,236
31,84,212
31,85,56
31,86,378
31,88,103
31,90,256
31,96,67
31,98,106
31,100,30
31,102,381
31,103,144
31,115,298
31,116,331
31,118,400
31,127,385
31,129,309
31,131,63
31,132,265
31,137,117
31,139,249
31,143,23
31,145,80
31,160,7
31,172,278
31,179,170
31,182,197
31,183,218
31,184,63
31,191,117
31,196,298
32,1,239
32,3,338
32,5,101
32,7,112
32,8,145
32,10,40
32,11,281
32,12,345
32,14,268
32,15,301
32,16,256
32,17,361
32,18,287
32,19,359
32,20,152
32,23,235
32,25,374
32,26,273
32,30,206
32,31,277
32,33,81
32,34,328
32,35,17
32,36,346
32,38,145
32,39,177
32,40,237
32,42,15
32,44,362
32,45,13
32,48,197
32,52,358
32,57,169
32,59,63
32,60,71
32,62,108
32,63,246
32,64,240
32,68,276
32,72,360
32,77,85
32,78,179
32,82,170
32,83,299
32,85,257
32,88,220
32,93,95
32,97,132
32,98,176
32,111,147
32,113,109
32,116,182
32,117,260
32,118,83
32,119,146
32,121,390
32,122,272
32,124,217
32,125,233
32,132,368
32,133,389
32,137,112
32,139,178
32,141,151
32,142,19
32,146,148
32,154,230
32,156,346
32,162,368
32,163,41
32,173,140
32,175,325
32,176,92
32,177,15
32,181,271
32,197,254
32,199,209
33,3,257
33,4,340
33,5,32
33,7,226
33,9,220
33,10,304
33,12,146
33,13,351
33,14,193
33,15,7
33,16,210
33,20,149
33,22,242
33,23,94
33,24,389
33,25,234
33,26,119
33,28,30
33,29,240
33,30,194
33,31,318
33,32,81
33,34,281
33,37,354
33,40,299
33,41,357
33,43,10
33,45,318
33,46,320
33,48,208
33,50,105
33,56,158
33,58,230
33,70,24
33,71,224
33,72,37
33,73,338
33,76,131
33,77,75
33,88,363
33,89,343
33,90,23
33,95,367
33,106,257
33,110,5
33,113,382
33,114,129
33,115,264
33,118,64
33,130,210
33,140,268
33,146,306
33,147,287
33,168,151
33,170,294
33,174,247
33,177,206
33,181,400
33,189,320
33,190,50
33,191,378
33,192,292
34,1,387
34,3,166
34,4,350
34,5,303
34,6,162
34,8,29
34,13,281
34,14,380
34,18,130
34,20,32
34,22,332
34,23,392
34,24,43
34,26,161
34,29,154
34,30,169
34,31,196
34,32,328
34,33,281
34,38,317
34,39,378
34,40,396
34,42,14
34,44,58
34,45,249
34,47,204
34,48,398
34,52,144
34,55,373
34,56,277
34,59,180
34,60,255
34,61,173
34,64,25
34,68,368
34,71,35
34,73,202
34,74,191
34,77,277
34,79,125
34,82,366
34,84,216
34,87,12
34,92,244
34,93,63
34,97,70
34,98,3
34,101,265
34,104,325
34,106,294
34,109,169
34,110,263
34,111,324
34,112,70
34,113,204
34,116,145
34,117,83
34,124,357
34,131,217
34,132,159
34,133,126
34,137,283
34,138,242
34,141,27
34,157,293
34,160,268
34,162,176
34,163,115
34,165,333
34,167,37
34,168,279
34,173,331
34,175,154
34,176,140
34,178,110
34,181,48
34,185,286
34,187,166
34,193,381
34,194,212
34,197,161
35,2,359
35,3,348
35,6,208
35,7,159
35,8,307
35,9,7
35,10,19
35,11,236
35,13,8
35,14,250
35,16,206
35,17,168
35,18,325
35,19,92
35,21,135
35,22,269
35,23,153
35,24,354
35,25,5
35,28,233
35,29,207
35,30,323
35,32,17
35,37,29
35,38,279
35,40,2
35,44,158
35,45,11
35,46,186
35,47,234
35,48,162
35,49,352
35,50,113
35,52,27
35,55,62
35,56,103
35,62,365
35,64,242
35,66,118
35,69,37
35,71,209
35,73,339
35,74,297
35,78,9
35,79,109
35,81,141
35,82,229
35,84,115
35,85,287
35,87,119
35,88,293
35,89,367
35,90,240
35,93,321
35,95,337
35,101,53
35,102,210
35,103,377
35,107,79
35,110,266
35,111,248
35,112,341
35,118,135
35,121,224
35,126,309
35,129,74
35,131,242
35,134,213
35,135,193
35,138,61
35,139,343
35,149,265
35,153,110
35,154,127
35,158,365
35,173,88
35,188,223
35,194,60
36,1,371
36,3,17
36,4,4
36,5,70
36,6,324
36,7,342
36,8,269
36,9,9
36,13,294
36,14,155
36,15,196
36,17,124
36,18,274
36,19,140
36,22,346
36,25,337
36,26,258
36,27,353
36,28,394
36,29,377
36,31,65
36,32,346
36,37,329
36,38,64
36,39,347
36,40,260
36,44,299
36,45,19
36,46,248
36,47,22
36,53,345
36,55,88
36,57,288
36,58,104
36,59,369
36,61,297
36,62,217
36,65,247
36,67,223
36,68,56
36,69,36
36,78,325
36,79,125
36,84,218
36,88,195
36,89,142
36,91,243
36,93,335
36,94,11
36,96,400
36,98,266
36,102,21
36,106,276
36,110,152
36,115,101
36,117,87
36,123,349
36,125,333
36,128,294
36,134,339
36,135,127
36,136,350
36,146,112
36,155,243
36,162,150
36,181,382
36,187,113
36,192,313
36,197,210
37,2,2
37,6,270
37,7,136
37,8,173
37,11,7
37,13,249
37,14,43
37,16,190
37,17,249
37,19,360
37,20,192
37,21,54
37,22,315
37,23,45
37,26,158
37,27,75
37,30,43
37,31,389
37,33,354
37,35,29
37,36,329
37,38,236
37,40,191
37,41,143
37,43,61
37,44,170
37,48,340
37,49,248
37,50,379
37,51,284
37,52,80
37,53,164
37,54,212
37,60,92
37,61,195
37,65,256
37,70,66
37,71,200
37,72,140
37,73,239
37,77,398
37,82,54
37,83,92
37,86,317
37,87,259
37,88,373
37,89,328
37,90,161
37,92,63
37,94,24
37,95,335
37,98,384
37,105,372
37,106,96
37,108,364
37,109,263
37,111,307
37,112,315
37,117,199
37,125,240
37,130,359
37,131,51
37,134,164
37,135,23
37,139,51
37,141,333
37,143,251
37,145,252
37,150,161
37,152,228
37,157,77
37,173,25
37,183,98
37,188,153
37,191,268
37,192,399
37,198,126
38,2,337
38,3,186
38,4,243
38,6,335
38,7,161
38,8,22
38,9,381
38,10,332
38,11,92
38,15,399
38,16,94
38,19,219
38,22,109
38,23,220
38,26,323
38,29,382
38,32,145
38,34,317
38,35,279
38,36,64
38,37,236
38,39,181
38,40,91
38,43,226
38,44,259
38,47,194
38,48,66
38,50,53
38,52,170
38,54,392
38,59,196
38,60,7
38,63,358
38,66,289
38,67,221
38,69,278
38,73,221
38,75,54
38,76,74
38,77,205
38,78,244
38,79,354
38,81,216
38,84,31
38,92,130
38,93,94
38,94,353
38,95,111
38,98,182
38,102,281
38,103,337
38,104,372
38,108,219
38,110,385
38,120,86
38,121,46
38,126,21
38,129,278
38,131,305
38,133,25
38,137,370
38,144,68
38,150,104
38,151,320
38,155,328
38,160,16
38,163,149
38,164,202
38,165,136
38,166,106
38,167,319
38,184,260
38,190,68
39,1,104
39,2,320
39,3,323
39,4,13
39,5,165
39,6,251
39,10,115
39,12,314
39,13,42
39,14,105
39,15,39
39,16,387
39,17,166
39,19,92
39,20,108
39,22,66
39,23,245
39,24,359
39,25,177
39,26,245
39,29,9
39,31,120
39,32,177
39,34,378
39,36,347
39,38,181
39,40,379
39,41,293
39,44,325
39,45,22
39,46,61
39,47,61
39,48,391
39,49,368
39,50,83
39,51,270
39,53,51
39,57,23
39,64,306
39,65,241
39,66,320
39,68,102
39,70,118
39,75,34
39,80,119
39,85,363
39,90,72
39,92,138
39,94,398
39,99,90
39,101,186
39,104,134
39,105,130
39,108,52
39,109,111
39,110,143
39,111,333
39,117,63
39,118,344
39,124,267
39,140,136
39,141,69
39,155,143
39,156,373
39,159,199
39,164,318
39,165,156
39,172,172
39,177,63
39,178,179
39,186,148
40,3,36
40,11,123
40,12,29
40,15,347
40,16,130
40,18,369
40,20,129
40,22,350
40,23,66
40,24,22
40,25,321
40,27,173
40,28,183
40,30,105
40,31,371
40,32,237
40,33,299
40,34,396
40,35,2
40,36,260
40,37,191
40,38,91
40,39,379
40,42,68
40,43,366
40,44,293
40,45,21
40,47,83
40,48,277
40,49,270
40,52,392
40,54,284
40,55,196
40,57,72
40,60,251
40,66,4
40,68,246
40,69,206
40,71,290
40,74,250
40,75,354
40,76,75
40,79,400
40,80,345
40,81,292
40,82,191
40,84,24
40,85,298
40,88,31
40,105,125
40,116,122
40,121,65
40,124,3
40,125,221
40,142,100
40,145,134
40,151,239
40,165,150
40,169,360
40,173,137
40,174,269
40,175,17
40,182,299
40,186,336
40,189,63
40,190,136
40,194,374
40,197,113
40,198,241
41,1,132
41,2,69
41,7,312
41,8,168
41,9,76
41,10,163
41,11,318
41,12,175
41,13,130
41,14,366
41,15,377
41,16,326
41,17,150
41,18,361
41,20,356
41,22,219
41,23,369
41,24,386
41,28,317
41,29,335
41,31,109
41,33,357
41,37,143
41,39,293
41,42,319
41,43,109
41,46,285
41,47,11
41,48,341
41,50,93
41,51,126
41,52,42
41,53,235
41,56,63
41,59,117
41,60,42
41,63,245
41,64,147
41,66,95
41,67,140
41,69,99
41,71,309
41,74,281
41,79,139
41,80,332
41,81,73
41,84,174
41,91,212
41,92,125
41,93,87
41,100,181
41,104,270
41,119,198
41,126,358
41,128,189
41,133,386
41,135,249
41,139,103
41,145,273
41,149,75
41,153,367
41,162,227
41,170,294
41,172,108
41,174,343
41,190,55
41,191,20
41,200,188
42,2,340
42,5,296
42,7,216
42,9,280
42,10,26
42,11,25
42,12,35
42,14,306
42,15,271
42,16,229
42,17,241
42,18,358
42,19,121
42,20,205
42,21,124
42,22,345
42,25,363
42,26,73
42,29,82
42,31,122
42,32,15
42,34,14
42,40,68
42,41,319
42,43,247
42,44,336
42,45,384
42,46,216
42,49,39
42,52,288
42,53,61
42,56,321
42,58,135
42,65,6
42,66,364
42,69,307
42,70,279
42,72,387
42,73,76
42,74,217
42,79,280
42,83,216
42,86,373
42,87,246
42,88,180
42,92,195
42,93,176
42,95,388
42,97,44
42,98,388
42,99,79
42,100,348
42,101,352
42,104,374
42,105,230
42,119,74
42,122,6
42,127,309
42,128,243
42,138,352
42,139,22
42,142,251
42,143,358
42,149,197
42,152,107
42,156,347
42,159,169
42,164,23
42,168,101
42,170,195
42,171,1
42,174,212
42,178,136
42,180,165
42,182,216
42,199,32
43,4,85
43,6,385
43,7,83
43,8,322
43,10,267
43,13,336
43,16,180
43,17,75
43,18,324
43,19,55
43,20,156
43,22,205
43,25,350
43,26,206
43,27,166
43,29,98
43,30,274
43,31,26
43,33,10
43,37,61
43,38,226
43,40,366
43,41,109
43,42,247
43,46,68
43,47,291
43,49,66
43,51,52
43,53,235
43,54,227
43,59,149
43,60,386
43,62,105
43,63,298
43,64,219
43,65,359
43,66,112
43,67,387
43,70,219
43,75,181
43,76,347
43,78,177
43,79,347
43,80,249
43,82,345
43,84,52
43,92,149
43,96,209
43,104,233
43,105,26
43,106,243
43,112,340
43,121,129
43,125,182
43,131,132
43,135,209
43,136,148
43,141,320
43,143,65
43,145,64
43,154,198
43,155,23
43,172,72
43,174,238
43,178,222
43,180,323
43,182,261
43,196,400
44,2,216
44,7,220
44,9,336
44,10,212
44,11,317
44,13,91
44,14,239
44,18,211
44,19,216
44,20,334
44,21,109
44,22,253
44,25,387
44,26,86
44,27,177
44,28,59
44,30,152
44,32,362
44,34,58
44,35,158
44,36,299
44,37,170
44,38,259
44,39,325
44,40,293
44,42,336
44,45,120
44,46,186
44,48,325
44,50,82
44,52,67
44,54,110
44,63,72
44,64,2
44,65,246
44,68,152
44,69,34
44,70,227
44,71,222
44,72,94
44,73,391
44,76,268
44,80,2
44,84,113
44,85,145
44,86,252
44,89,39
44,94,75
44,96,211
44,100,58
44,101,210
44,103,365
44,105,239
44,106,13
44,109,390
44,110,3
44,112,195
44,114,26
44,117,128
44,118,106
44,123,150
44,131,398
44,142,346
44,144,114
44,146,368
44,149,34
44,150,93
44,153,268
44,154,300
44,155,81
44,156,211
44,157,386
44,159,390
44,160,372
44,161,328
44,163,343
44,171,216
44,172,130
44,180,272
44,181,18
44,183,179
44,197,342
45,2,399
45,3,143
45,4,32
45,5,120
45,6,172
45,9,223
45,10,392
45,13,52
45,16,91
45,19,200
45,21,102
45,22,146
45,25,51
45,26,384
45,27,171
45,30,88
45,31,149
45,32,13
45,33,318
45,34,249
45,35,11
45,36,19
45,39,22
45,40,21
45,42,384
45,44,120
45,47,15
45,49,93
45,50,93
45,51,14
45,53,182
45,57,79
45,61,155
45,62,265
45,63,243
45,68,55
45,69,7
45,70,61
45,71,176
45,72,220
45,76,181
45,77,274
45,78,206
45,79,390
45,81,270
45,82,48
45,83,110
45,91,241
45,95,330
45,101,388
45,103,78
45,104,78
45,109,136
45,111,336
45,112,211
45,114,53
45,115,225
45,116,41
45,124,245
45,129,199
45,131,330
45,132,203
45,133,44
45,134,206
45,136,384
45,138,14
45,140,213
45,148,105
45,158,196
45,162,275
45,163,118
45,167,70
45,170,136
45,180,288
45,185,351
45,188,192
45,189,232
45,190,22
45,191,315
45,193,235
45,194,309
45,196,13
46,1,358
46,2,266
46,6,347
46,7,368
46,11,87
46,16,97
46,17,337
46,18,60
46,19,19
46,21,114
46,22,100
46,24,297
46,25,233
46,27,177
46,29,305
46,30,9
46,31,221
46,33,320
46,35,186
46,36,248
46,39,61
46,41,285
46,42,216
46,43,68
46,44,186
46,47,24
46,49,133
46,53,288
46,55,173
46,56,228
46,58,326
46,60,209
46,61,239
46,64,189
46,69,21
46,70,183
46,71,131
46,73,2
46,78,234
46,79,100
46,80,34
46,91,146
46,93,265
46,94,115
46,96,183
46,98,238
46,102,279
46,103,188
46,104,25
46,107,175
46,112,255
46,118,99
46,119,143
46,121,132
46,127,387
46,139,325
46,140,208
46,141,65
46,142,118
46,148,351
46,160,381
46,162,70
46,164,291
46,177,49
46,180,299
46,184,173
46,186,233
46,190,69
47,1,9
47,2,146
47,4,97
47,5,281
47,6,299
47,7,194
47,8,74
47,13,189
47,14,278
47,15,245
47,16,262
47,20,63
47,21,368
47,22,238
47,23,294
47,27,285
47,34,204
47,35,234
47,36,22
47,38,194
47,39,61
47,40,83
47,41,11
47,43,291
47,45,15
47,46,24
47,48,172
47,49,85
47,50,286
47,51,38
47,52,146
47,53,202
47,55,159
47,56,51
47,57,365
47,58,108
47,59,353
47,61,248
47,62,243
47,63,398
47,65,31
47,66,319
47,69,118
47,70,311
47,74,95
47,75,126
47,76,72
47,79,246
47,83,154
47,84,7
47,89,183
47,96,35
47,98,343
47,99,83
47,103,78
47,104,352
47,112,253
47,118,58
47,119,303
47,122,318
47,133,119
47,134,107
47,148,211
47,152,18
47,158,311
47,161,340
47,162,121
47,167,264
47,170,240
47,175,231
47,188,260
48,3,292
48,4,234
48,5,291
48,7,328
48,10,329
48,11,159
48,12,237
48,13,333
48,15,352
48,16,388
48,19,163
48,20,56
48,21,208
48,22,160
48,23,106
48,25,87
48,26,241
48,29,39
48,32,197
48,33,208
48,34,398
48,35,162
48,37,340
48,38,66
48,39,391
48,40,277
48,41,341
48,44,325
48,47,172
48,49,160
48,50,264
48,52,351
48,53,68
48,55,283
48,56,60
48,58,309
48,59,285
48,60,73
48,61,183
48,62,113
48,63,275
48,70,224
48,71,240
48,74,280
48,75,174
48,78,229
48,80,293
48,86,26
48,87,324
48,89,29
48,93,394
48,94,7
48,106,57
48,111,156
48,119,184
48,123,328
48,131,276
48,133,151
48,136,291
48,142,233
48,147,119
48,150,398
48,151,309
48,153,314
48,154,398
48,155,165
48,156,361
48,157,211
48,160,51
48,165,142
48,166,359
48,169,114
48,172,86
48,174,180
48,178,292
48,183,97
48,184,75
48,189,382
48,190,165
48,196,242
48,198,155
48,199,285
49,2,367
49,3,111
49,6,337
49,7,323
49,10,72
49,11,398
49,12,208
49,15,243
49,16,162
49,19,398
49,21,347
49,23,197
49,24,174
49,26,98
49,28,194
49,29,227
49,30,306
49,35,352
49,37,248
49,39,368
49,40,270
49,42,39
49,43,66
49,45,93
49,46,133
49,47,85
49,48,160
49,50,244
49,51,380
49,52,344
49,53,282
49,55,82
49,57,382
49,58,308
49,59,368
49,61,293
49,64,146
49,65,74
49,67,317
49,68,193
49,70,16
49,71,238
49,75,382
49,76,99
49,81,154
49,82,261
49,85,193
49,86,224
49,95,315
49,100,129
49,101,383
49,112,123
49,113,188
49,115,331
49,124,342
49,130,68
49,131,160
49,132,371
49,147,162
49,153,150
49,161,110
49,165,39
49,173,400
49,176,4
49,186,140
49,193,344
49,195,53
49,196,56
49,198,143
50,3,272
50,6,318
50,8,64
50,11,131
50,12,147
50,13,16
50,14,61
50,15,63
50,17,213
50,18,54
50,19,213
50,22,31
50,23,286
50,24,218
50,26,160
50,30,9
50,33,105
50,35,113
50,37,379
50,38,53
50,39,83
50,41,93
50,44,82
50,45,93
50,47,286
50,48,264
50,49,244
50,53,291
50,55,253
50,56,188
50,57,82
50,58,210
50,59,36
50,61,375
50,63,97
50,65,57
50,66,64
50,69,229
50,70,306
50,72,391
50,75,230
50,76,267
50,79,372
50,80,382
50,85,204
50,86,37
50,88,209
50,90,200
50,91,230
50,93,6
50,96,368
50,98,239
50,101,298
50,105,261
50,110,128
50,119,328
50,125,382
50,130,361
50,134,193
50,136,30
50,137,174
50,138,357
50,139,136
50,140,268
50,143,121
50,144,42
50,148,193
50,151,134
50,153,63
50,154,199
50,157,66
50,163,71
50,166,152
50,171,105
50,189,228
50,194,14
50,195,94
51,1,177
51,4,215
51,5,200
51,6,4
51,7,133
51,9,89
51,10,369
51,11,57
51,14,13
51,15,181
51,16,200
51,18,271
51,19,326
51,24,141
51,25,386
51,28,142
51,29,179
51,30,212
51,37,284
51,39,270
51,41,126
51,43,52
51,45,14
51,47,38
51,49,380
51,52,59
51,53,281
51,54,399
51,55,251
51,56,92
51,59,298
51,60,345
51,61,193
51,62,183
51,63,151
51,66,56
51,68,397
51,70,115
51,80,19
51,81,51
51,84,329
51,86,260
51,87,216
51,89,397
51,94,140
51,97,234
51,99,230
51,102,111
51,108,91
51,110,16
51,112,203
51,114,93
51,115,151
51,117,361
51,123,325
51,124,228
51,128,339
51,142,322
51,166,10
51,171,320
51,198,87
51,200,44
52,1,171
52,2,175
52,5,182
52,10,44
52,11,252
52,12,347
52,14,288
52,16,189
52,17,5
52,21,310
52,24,74
52,25,54
52,28,19
52,29,316
52,30,233
52,32,358
52,34,144
52,35,27
52,37,80
52,38,170
52,40,392
52,41,42
52,42,288
52,44,67
52,47,146
52,48,351
52,49,344
52,51,59
52,53,79
52,56,266
52,58,34
52,60,87
52,61,30
52,62,188
52,64,330
52,65,86
52,67,342
52,68,91
52,80,160
52,81,241
52,85,58
52,86,246
52,89,23
52,90,101
52,95,162
52,99,90
52,105,308
52,107,197
52,108,24
52,111,176
52,119,322
52,120,311
52,125,246
52,126,342
52,130,335
52,131,121
52,136,298
52,139,16
52,140,383
52,146,140
52,150,196
52,159,105
52,184,25
53,1,231
53,3,397
53,5,31
53,7,43
53,9,348
53,10,338
53,11,356
53,15,391
53,19,31
53,21,224
53,25,225
53,28,216
53,36,345
53,37,164
53,39,51
53,41,235
53,42,61
53,43,235
53,45,182
53,46,288
53,47,202
53,48,68
53,49,282
53,50,291
53,51,281
53,52,79
53,54,82
53,57,345
53,59,82
53,60,83
53,61,132
53,64,228
53,65,264
53,66,392
53,67,112
53,71,150
53,76,60
53,78,112
53,80,240
53,86,148
53,89,368
53,92,126
53,102,129
53,104,248
53,112,125
53,113,374
53,116,249
53,118,272
53,132,126
53,133,234
53,134,245
53,136,94
53,137,166
53,140,30
53,141,288
53,144,287
53,147,40
53,152,230
53,154,189
53,156,208
53,164,191
53,167,214
53,175,252
53,178,236
53,180,97
53,182,168
53,188,236
53,194,206
54,1,171
54,8,118
54,9,158
54,10,78
54,12,214
54,13,358
54,14,299
54,15,360
54,17,356
54,18,69
54,20,44
54,21,119
54,23,55
54,24,305
54,27,228
54,28,211
54,30,62
54,31,392
54,37,212
54,38,392
54,40,284
54,43,227
54,44,110
54,51,399
54,53,82
54,56,7
54,57,196
54,58,364
54,61,356
54,63,287
54,64,330
54,67,153
54,68,360
54,70,338
54,71,279
54,72,253
54,76,163
54,77,45
54,79,87
54,80,44
54,81,156
54,84,332
54,85,45
54,87,68
54,91,15
54,92,70
54,100,188
54,102,151
54,103,367
54,106,174
54,107,292
54,131,233
54,142,228
54,143,188
54,145,214
54,150,339
54,151,186
54,153,136
54,156,155
54,162,155
54,170,230
54,174,190
54,191,99
54,197,239
55,2,258
55,3,348
55,5,181
55,7,178
55,8,369
55,9,196
55,10,352
55,11,136
55,14,321
55,15,226
55,16,378
55,20,350
55,21,168
55,23,260
55,25,42
55,26,370
55,27,318
55,29,206
55,30,70
55,31,385
55,34,373
55,35,62
55,36,88
55,40,196
55,46,173
55,47,159
55,48,283
55,49,82
55,50,253
55,51,251
55,64,384
55,66,203
55,67,150
55,74,325
55,75,359
55,78,95
55,83,231
55,86,295
55,99,223
55,100,151
55,103,320
55,104,109
55,110,21
55,112,87
55,116,98
55,119,248
55,124,360
55,128,232
55,140,363
55,144,140
55,145,281
55,156,274
55,168,152
55,171,226
55,187,353
55,191,141
55,193,142
55,197,96
55,198,221
55,199,78
56,3,49
56,5,246
56,8,31
56,11,131
56,12,306
56,13,64
56,16,292
56,17,91
56,18,226
56,19,31
56,20,229
56,28,260
56,29,49
56,33,158
56,34,277
56,35,103
56,41,63
56,42,321
56,46,228
56,47,51
56,48,60
56,50,188
56,51,92
56,52,266
56,54,7
56,63,103
56,64,156
56,69,300
56,76,316
56,79,201
56,82,368
56,84,378
56,90,121
56,91,203
56,92,39
56,93,284
56,94,44
56,95,26
56,97,29
56,99,136
56,100,124
56,110,11
56,111,367
56,116,156
56,120,213
56,126,375
56,137,125
56,145,267
56,147,66
56,151,217
56,158,335
56,159,67
56,161,17
56,170,342
56,171,227
56,173,393
56,174,16
56,181,245
56,184,78
56,189,110
56,192,199
56,197,365
57,4,46
57,9,277
57,11,129
57,13,295
57,14,158
57,15,63
57,16,255
