source,target,weight
1,2,261
1,3,133
1,5,197
1,6,1
1,8,392
1,10,287
1,15,341
1,18,99
1,23,316
1,34,172
1,35,54
1,48,304
1,50,4
1,55,263
1,74,100
1,82,195
1,87,148
1,144,212
1,145,56
1,150,29
1,176,204
1,180,226
1,184,322
2,1,261
2,3,233
2,4,98
2,6,241
2,8,29
2,12,310
2,13,301
2,15,223
2,17,385
2,18,85
2,22,235
2,23,335
2,27,224
2,35,377
2,42,135
2,43,254
2,44,245
2,46,3
2,51,315
2,80,334
2,186,91
2,197,61
3,1,133
3,2,233
3,4,166
3,5,215
3,6,192
3,7,216
3,8,325
3,9,257
3,10,80
3,13,309
3,19,260
3,41,92
3,57,243
3,58,255
3,59,207
3,63,184
3,64,177
3,100,158
3,101,267
3,102,311
3,122,291
3,165,78
3,188,118
4,2,98
4,3,166
4,5,43
4,6,143
4,7,245
4,8,142
4,9,80
4,11,119
4,13,298
4,14,225
4,17,170
4,20,383
4,21,359
4,23,349
4,27,205
4,28,29
4,33,28
4,34,144
4,35,54
4,47,42
4,55,166
4,57,343
4,60,45
4,61,109
4,90,48
4,116,124
4,131,324
4,140,114
4,146,371
4,151,108
4,162,133
4,171,3
4,174,279
5,1,197
5,3,215
5,4,43
5,6,157
5,7,152
5,9,232
5,12,373
5,15,4
5,20,382
5,24,20
5,25,37
5,27,342
5,29,118
5,46,336
5,47,323
5,62,290
5,63,348
5,68,149
5,76,153
5,89,366
5,91,101
5,112,366
5,160,328
6,1,1
6,2,241
6,3,192
6,4,143
6,5,157
6,9,69
6,10,171
6,13,225
6,14,125
6,17,167
6,18,35
6,22,133
6,24,168
6,25,274
6,26,301
6,27,92
6,29,320
6,44,206
6,48,313
6,66,7
6,73,380
6,82,60
6,86,253
6,88,221
6,90,149
6,101,34
6,128,308
6,129,87
7,3,216
7,4,245
7,5,152
7,10,290
7,15,95
7,16,85
7,18,124
7,20,359
7,32,228
7,37,126
7,43,259
7,58,54
7,62,202
7,66,296
8,1,392
8,2,29
8,3,325
8,4,142
8,9,190
8,10,362
8,12,331
8,14,135
8,17,281
8,21,123
8,22,303
8,25,187
8,26,110
8,27,277
8,31,81
8,36,166
8,39,315
8,67,331
8,88,226
8,111,26
8,125,64
8,142,206
8,146,157
8,149,364
8,158,386
8,179,14
8,187,178
8,191,63
9,3,257
9,4,80
9,5,232
9,6,69
9,8,190
9,12,141
9,14,172
9,16,269
9,18,60
9,19,351
9,20,294
9,23,192
9,31,252
9,32,20
9,46,364
9,47,101
9,52,258
9,54,312
9,56,265
9,60,23
9,72,364
9,77,245
9,78,137
9,83,141
9,118,244
9,119,373
9,156,400
9,159,91
9,163,207
10,1,287
10,3,80
10,6,171
10,7,290
10,8,362
10,11,296
10,13,208
10,16,228
10,23,214
10,28,35
10,38,87
10,40,375
10,62,219
10,69,278
10,74,49
10,76,285
10,82,253
10,104,48
10,110,208
11,4,119
11,10,296
11,12,333
11,13,191
11,14,240
11,16,350
11,18,50
11,19,34
11,25,80
11,26,25
11,30,307
11,70,336
11,97,368
11,105,391
11,108,345
11,143,93
11,150,152
11,200,55
12,2,310
12,5,373
12,8,331
12,9,141
12,11,333
12,26,62
12,28,69
12,30,321
12,35,363
12,38,261
12,51,207
12,52,82
12,72,77
12,87,109
12,92,90
12,103,296
12,111,174
12,123,64
12,133,151
12,145,84
12,166,233
12,189,317
13,2,301
13,3,309
13,4,298
13,6,225
13,10,208
13,11,191
13,17,391
13,24,99
13,28,363
13,30,384
13,34,295
13,37,63
13,60,174
13,65,177
13,67,79
13,69,218
13,94,275
13,130,319
13,175,348
13,177,57
14,4,225
14,6,125
14,8,135
14,9,172
14,11,240
14,25,290
14,29,277
14,41,119
14,42,237
14,52,138
14,54,361
14,81,187
14,94,119
14,99,328
14,107,374
14,110,344
14,159,320
14,161,382
14,164,113
14,179,297
15,1,341
15,2,223
15,5,4
15,7,95
15,19,274
15,24,398
15,25,65
15,26,111
15,27,269
15,29,277
15,35,241
15,67,286
15,79,324
15,101,330
15,120,46
15,132,160
16,7,85
16,9,269
16,10,228
16,11,350
16,17,83
16,19,74
16,20,41
16,24,183
16,32,164
16,43,113
16,50,249
16,57,336
16,80,166
16,94,369
16,117,160
17,2,385
17,4,170
17,6,167
17,8,281
17,13,391
17,16,83
17,19,379
17,20,400
17,36,229
17,48,26
17,56,294
17,58,206
17,84,45
17,98,335
17,147,229
17,167,147
18,1,99
18,2,85
18,6,35
18,7,124
18,9,60
18,11,50
18,22,52
18,36,138
18,37,338
18,38,215
18,39,352
18,40,94
18,42,257
18,46,77
18,62,177
18,65,241
18,75,400
18,89,319
19,3,260
19,9,351
19,11,34
19,15,274
19,16,74
19,17,379
19,21,337
19,30,54
19,33,239
19,34,282
19,43,140
19,50,58
19,63,133
19,66,65
19,77,248
19,82,221
19,97,272
19,138,59
20,4,383
20,5,382
20,7,359
20,9,294
20,16,41
20,17,400
20,21,195
20,28,88
20,32,51
20,39,221
20,86,225
20,109,42
20,126,345
20,135,241
20,142,172
20,185,290
20,193,6
21,4,359
21,8,123
21,19,337
21,20,195
21,28,72
21,31,310
21,47,137
21,48,33
21,77,234
21,89,77
21,96,118
21,108,201
21,140,127
21,191,293
21,193,264
22,2,235
22,6,133
22,8,303
22,18,52
22,31,33
22,40,34
22,42,90
22,49,73
22,55,385
22,74,231
22,151,88
23,1,316
23,2,335
23,4,349
23,9,192
23,10,214
23,24,192
23,30,327
23,38,175
23,39,66
23,45,43
23,73,353
23,78,3
23,136,108
23,167,395
23,170,57
23,184,41
23,193,145
24,5,20
24,6,168
24,13,99
24,15,398
24,16,183
24,23,192
24,30,288
24,31,184
24,33,372
24,36,159
24,41,14
24,44,269
24,45,104
24,58,188
24,103,257
24,104,262
24,112,363
24,114,158
24,183,129
25,5,37
25,6,274
25,8,187
25,11,80
25,14,290
25,15,65
25,52,392
25,53,368
25,54,11
25,61,30
25,64,373
25,68,270
25,85,112
25,106,62
25,109,156
25,127,366
25,134,281
25,167,20
25,170,86
25,186,316
26,6,301
26,8,110
26,11,25
26,12,62
26,15,111
26,31,183
26,33,10
26,38,61
26,57,349
26,72,99
26,147,42
26,153,33
26,169,147
27,2,224
27,4,205
27,5,342
27,6,92
27,8,277
27,15,269
27,29,154
27,34,5
27,41,24
27,45,247
27,49,351
27,50,251
27,55,62
27,67,334
27,88,326
27,113,176
27,128,300
27,137,117
27,177,185
27,179,178
27,191,261
27,193,332
28,4,29
28,10,35
28,12,69
28,13,363
28,20,88
28,21,72
28,32,294
28,33,231
28,55,71
28,60,191
28,74,268
28,105,236
28,110,345
28,122,347
28,148,309
29,5,118
29,6,320
29,14,277
29,15,277
29,27,154
29,37,239
29,39,67
29,40,40
29,45,120
29,51,396
29,65,27
29,70,130
29,77,305
29,83,230
29,98,284
29,152,353
29,165,308
30,11,307
30,12,321
30,13,384
30,19,54
30,23,327
30,24,288
30,37,244
30,50,355
30,85,379
30,95,55
30,129,327
30,145,282
30,147,58
30,195,170
31,8,81
31,9,252
31,21,310
31,22,33
31,24,184
31,26,183
31,34,350
31,40,294
31,49,203
31,52,107
31,53,164
31,61,59
31,92,343
31,115,199
31,124,24
31,134,246
31,147,2
31,164,185
31,166,367
31,194,179
32,7,228
32,9,20
32,16,164
32,20,51
32,28,294
32,33,211
32,35,19
32,36,240
32,42,173
32,46,108
32,49,301
32,53,393
32,57,307
32,66,36
32,181,105
32,182,6
32,184,118
32,197,381
32,199,97
33,4,28
33,19,239
33,24,372
33,26,10
33,28,231
33,32,211
33,37,93
33,51,324
33,79,242
33,80,339
33,151,76
34,1,172
34,4,144
34,13,295
34,19,282
34,27,5
34,31,350
34,39,359
34,41,134
34,42,219
34,43,109
34,44,259
34,45,397
34,60,23
34,81,27
34,91,344
34,107,260
34,123,83
34,162,194
34,182,116
35,1,54
35,2,377
35,4,54
35,12,363
35,15,241
35,32,19
35,44,16
35,46,15
35,58,47
35,61,224
35,63,275
35,119,8
35,138,70
35,164,200
36,8,166
36,17,229
36,18,138
36,24,159
36,32,240
36,50,103
36,64,288
36,68,76
36,85,270
36,100,63
36,109,296
37,7,126
37,13,63
37,18,338
37,29,239
37,30,244
37,33,93
37,38,226
37,70,174
37,105,354
37,106,217
37,153,114
37,157,10
37,162,28
37,170,70
37,197,227
38,10,87
38,12,261
38,18,215
38,23,175
38,26,61
38,37,226
38,44,26
38,49,317
38,51,264
38,75,114
38,83,165
38,86,302
38,102,267
38,114,316
38,131,159
38,136,30
38,140,32
38,143,273
38,154,364
38,157,268
38,200,52
39,8,315
39,18,352
39,20,221
39,23,66
39,29,67
39,34,359
39,43,170
39,45,346
39,47,43
39,77,94
39,80,158
39,92,3
39,99,91
40,10,375
40,18,94
40,22,34
40,29,40
40,31,294
40,41,60
40,58,50
40,70,105
40,73,168
40,74,211
40,75,162
40,84,102
40,95,152
40,97,392
40,102,230
40,105,115
40,125,108
40,128,321
40,135,268
40,143,65
40,162,135
40,170,115
40,196,167
40,197,299
41,3,92
41,14,119
41,24,14
41,27,24
41,34,134
41,40,60
41,48,353
41,51,147
41,54,260
41,56,325
41,78,318
41,118,271
41,152,22
41,187,148
42,2,135
42,14,237
42,18,257
42,22,90
42,32,173
42,34,219
42,56,78
42,68,328
42,85,60
42,92,399
42,112,6
42,124,29
42,172,29
42,178,278
43,2,254
43,7,259
43,16,113
43,19,140
43,34,109
43,39,170
43,57,242
43,68,378
43,149,290
43,163,376
44,2,245
44,6,206
44,24,269
44,34,259
44,35,16
44,38,26
44,54,68
44,75,284
44,76,251
44,113,358
44,114,152
44,123,324
44,148,331
44,177,290
44,183,291
44,189,73
44,198,372
45,23,43
45,24,104
45,27,247
45,29,120
45,34,397
45,39,346
45,53,100
45,71,220
45,83,55
45,101,36
45,161,95
46,2,3
46,5,336
46,9,364
46,18,77
46,32,108
46,35,15
46,48,154
46,54,236
46,59,280
46,72,335
46,106,141
46,125,103
46,153,180
47,4,42
47,5,323
47,9,101
47,21,137
47,39,43
47,59,276
47,64,119
47,75,304
47,85,82
47,107,299
47,108,106
47,126,180
47,138,375
47,162,102
47,192,50
48,1,304
48,6,313
48,17,26
48,21,33
48,41,353
48,46,154
48,76,356
48,81,397
48,95,136
48,98,32
48,102,172
48,119,109
48,134,54
48,180,90
49,22,73
49,27,351
49,31,203
49,32,301
49,38,317
49,63,275
49,76,393
49,78,78
49,82,275
49,84,107
49,94,104
49,114,195
49,116,54
49,120,355
49,179,142
50,1,4
50,16,249
50,19,58
50,27,251
50,30,355
50,36,103
50,68,28
50,90,289
50,96,47
50,117,174
50,130,329
50,139,150
50,161,53
50,194,322
51,2,315
51,12,207
51,29,396
51,33,324
51,38,264
51,41,147
51,63,159
51,187,208
52,9,258
52,12,82
52,14,138
52,25,392
52,31,107
52,66,341
52,69,279
52,79,154
52,98,130
52,141,266
52,186,338
52,190,116
53,25,368
53,31,164
53,32,393
53,45,100
53,55,390
53,65,278
53,69,73
53,70,298
53,78,127
53,93,246
53,141,274
53,199,61
54,9,312
54,14,361
54,25,11
54,41,260
54,44,68
54,46,236
54,82,167
54,84,320
54,87,90
54,91,36
54,100,207
54,115,154
54,121,37
54,151,206
54,153,222
54,195,47
55,1,263
55,4,166
55,22,385
55,27,62
55,28,71
55,53,390
55,56,236
55,62,84
55,72,397
55,86,272
55,113,281
55,121,289
55,135,213
55,138,209
55,151,362
55,163,382
55,173,284
56,9,265
56,17,294
56,41,325
56,42,78
56,55,236
56,61,357
56,62,161
56,64,23
56,70,225
56,71,145
56,73,51
56,111,73
56,132,67
56,146,283
56,159,292
56,178,288
56,180,73
56,197,276
57,3,243
57,4,343
57,16,336
57,26,349
57,32,307
57,43,242
57,64,95
57,67,375
57,74,225
57,80,103
57,92,394
57,95,394
57,99,248
57,112,157
57,117,321
57,119,17
57,129,211
57,169,179
58,3,255
58,7,54
58,17,206
58,24,188
58,35,47
58,40,50
58,84,174
58,92,313
58,107,94
58,109,379
58,139,64
59,3,207
59,46,280
59,47,276
59,69,4
59,81,305
59,115,372
59,158,242
59,193,342
60,4,45
60,9,23
60,13,174
60,28,191
60,34,23
60,61,31
60,65,267
60,66,22
60,86,216
60,91,117
60,96,177
60,106,116
60,117,128
60,125,232
60,150,250
60,159,366
60,175,11
60,187,199
61,4,109
61,25,30
61,31,59
61,35,224
61,56,357
61,60,31
61,80,30
61,81,325
61,88,118
61,93,351
61,128,118
61,132,31
61,147,239
61,164,268
62,5,290
62,7,202
62,10,219
62,18,177
62,55,84
62,56,161
62,79,397
62,84,54
62,89,147
62,103,77
62,124,160
62,157,201
62,179,143
62,195,248
63,3,184
63,5,348
63,19,133
63,35,275
63,49,275
63,51,159
63,105,194
63,175,274
64,3,177
64,25,373
64,36,288
64,47,119
64,56,23
64,57,95
64,71,91
64,79,49
64,120,95
64,156,382
65,13,177
65,18,241
65,29,27
65,53,278
65,60,267
65,119,92
65,123,306
65,131,308
65,146,136
65,152,17
65,166,302
66,6,7
66,7,296
66,19,65
66,32,36
66,52,341
66,60,22
66,71,39
66,76,80
66,102,118
66,185,317
67,8,331
67,13,79
67,15,286
67,27,334
67,57,375
67,69,187
67,83,140
67,85,280
67,87,79
67,93,328
67,99,214
67,103,215
67,127,352
67,168,56
67,176,213
67,178,24
67,181,190
67,186,221
68,5,149
68,25,270
68,36,76
68,42,328
68,43,378
68,50,28
68,72,258
68,86,180
68,94,256
68,127,95
68,147,70
68,187,188
69,10,278
69,13,218
69,52,279
69,53,73
69,59,4
69,67,187
69,71,143
69,75,95
69,89,177
69,96,334
69,152,244
69,163,376
69,174,148
69,200,195
70,11,336
70,29,130
70,37,174
70,40,105
70,53,298
70,56,225
70,71,25
70,79,364
70,81,77
70,104,171
70,118,279
70,179,251
71,45,220
71,56,145
71,64,91
71,66,39
71,69,143
71,70,25
71,73,190
71,97,265
71,127,386
71,136,211
71,140,171
71,160,222
71,196,63
72,9,364
72,12,77
72,26,99
72,46,335
72,55,397
72,68,258
73,6,380
73,23,353
73,40,168
73,56,51
73,71,190
73,87,352
73,90,286
73,99,264
73,132,135
73,173,382
74,1,100
74,10,49
74,22,231
74,28,268
74,40,211
74,57,225
74,88,324
74,96,133
74,101,361
74,111,248
74,126,342
74,153,281
74,162,177
74,182,122
75,18,400
75,38,114
75,40,162
75,44,284
75,47,304
75,69,95
75,83,15
75,90,279
75,122,82
75,128,98
75,131,369
75,158,202
75,160,150
76,5,153
76,10,285
76,44,251
76,48,356
76,49,393
76,66,80
76,87,233
76,100,255
76,106,377
76,115,63
76,163,61
77,9,245
77,19,248
77,21,234
77,29,305
77,39,94
77,90,16
77,121,168
77,145,119
77,172,81
78,9,137
78,23,3
78,41,318
78,49,78
78,53,127
78,116,348
78,125,329
78,163,120
78,171,32
78,172,212
79,15,324
79,33,242
79,52,154
79,62,397
79,64,49
79,70,364
79,88,86
79,95,47
79,106,43
79,165,250
79,180,118
80,2,334
80,16,166
80,33,339
80,39,158
80,57,103
80,61,30
80,184,361
81,14,187
81,34,27
81,48,397
81,59,305
81,61,325
81,70,77
81,93,83
81,95,211
81,112,133
81,131,127
81,133,49
81,142,20
81,143,249
81,146,377
81,199,69
82,1,195
82,6,60
82,10,253
82,19,221
82,49,275
82,54,167
82,133,201
82,165,66
83,9,141
83,29,230
83,38,165
83,45,55
83,67,140
83,75,15
83,93,159
83,107,47
83,112,229
83,116,234
83,130,139
83,142,141
84,17,45
84,40,102
84,49,107
84,54,320
84,58,174
84,62,54
84,89,33
84,120,353
84,133,5
84,134,399
84,141,243
84,190,318
85,25,112
85,30,379
85,36,270
85,42,60
85,47,82
85,67,280
85,91,397
85,100,249
85,103,380
85,127,39
85,140,201
85,150,264
85,175,171
85,197,205
86,6,253
86,20,225
86,38,302
86,55,272
86,60,216
86,68,180
86,91,99
86,94,167
86,96,364
86,107,388
86,137,187
86,149,265
86,155,289
86,161,185
86,198,399
87,1,148
87,12,109
87,54,90
87,67,79
87,73,352
87,76,233
87,110,260
87,122,388
87,157,178
87,164,27
87,194,227
88,6,221
88,8,226
88,27,326
88,61,118
88,74,324
88,79,86
89,5,366
89,18,319
89,21,77
89,62,147
89,69,177
89,84,33
89,99,69
89,103,306
89,104,97
89,134,294
89,188,56
90,4,48
90,6,149
90,50,289
90,73,286
90,75,279
90,77,16
90,102,295
90,154,327
90,173,289
90,183,240
90,186,168
90,198,400
90,200,335
91,5,101
91,34,344
91,54,36
91,60,117
91,85,397
91,86,99
91,111,286
91,121,190
91,128,174
91,132,233
91,135,114
91,149,261
91,198,103
92,12,90
92,31,343
92,39,3
92,42,399
92,57,394
92,58,313
92,93,78
92,100,70
92,110,305
92,169,384
93,53,246
93,61,351
93,67,328
93,81,83
93,83,159
93,92,78
93,98,68
93,121,256
93,171,25
94,13,275
94,14,119
94,16,369
94,49,104
94,68,256
94,86,167
94,104,81
94,116,336
94,117,269
94,121,101
94,129,12
94,144,145
94,148,288
94,150,22
94,190,398
95,30,55
95,40,152
95,48,136
95,57,394
95,79,47
95,81,211
95,97,98
95,110,151
95,117,8
95,130,283
95,157,206
96,21,118
96,50,47
96,60,177
96,69,334
96,74,133
96,86,364
96,105,234
96,120,77
96,170,159
97,11,368
97,19,272
97,40,392
97,71,265
97,95,98
97,113,174
97,114,310
97,118,63
97,120,67
97,185,333
98,17,335
98,29,284
98,48,32
98,52,130
98,93,68
98,108,147
98,114,93
98,174,264
99,14,328
99,39,91
99,57,248
99,67,214
99,73,264
99,89,69
99,101,248
99,104,381
99,123,206
99,176,69
100,3,158
100,36,63
100,54,207
100,76,255
100,85,249
100,92,70
100,108,232
100,109,32
100,113,6
100,173,210
101,3,267
101,6,34
101,15,330
101,45,36
101,74,361
101,99,248
101,126,311
101,138,365
101,142,222
102,3,311
102,38,267
102,40,230
102,48,172
102,66,118
102,90,295
102,135,256
102,154,257
103,12,296
103,24,257
103,62,77
103,67,215
103,85,380
103,89,306
103,111,97
103,118,329
103,122,308
103,124,375
103,144,158
103,175,332
104,10,48
104,24,262
104,70,171
104,89,97
104,94,81
104,99,381
104,108,86
104,129,343
104,141,354
104,143,2
104,145,280
104,174,68
104,188,317
104,200,61
105,11,391
105,28,236
105,37,354
105,40,115
105,63,194
105,96,234
105,109,181
105,146,110
105,148,122
105,199,69
106,25,62
106,37,217
106,46,141
106,60,116
106,76,377
106,79,43
106,116,61
106,169,320
107,14,374
107,34,260
107,47,299
107,58,94
107,83,47
107,86,388
107,123,318
107,181,144
107,192,332
108,11,345
108,21,201
108,47,106
108,98,147
108,100,232
108,104,86
108,124,139
109,20,42
109,25,156
109,36,296
109,58,379
109,100,32
109,105,181
109,135,328
110,10,208
110,14,344
110,28,345
110,87,260
110,92,305
110,95,151
110,141,219
110,148,74
110,154,105
110,190,78
110,198,140
111,8,26
111,12,174
111,56,73
111,74,248
111,91,286
111,103,97
111,115,373
111,139,181
111,144,333
111,170,371
111,174,225
111,195,242
112,5,366
112,24,363
112,42,6
112,57,157
112,81,133
112,83,229
112,138,116
112,139,100
112,148,51
113,27,176
113,44,358
113,55,281
113,97,174
113,100,6
113,124,165
113,133,319
113,157,347
114,24,158
114,38,316
114,44,152
114,49,195
114,97,310
114,98,93
114,115,71
114,137,251
114,142,198
114,145,349
114,182,238
114,184,49
115,31,199
115,54,154
115,59,372
115,76,63
115,111,373
115,114,71
115,122,314
115,168,57
115,171,226
115,192,72
116,4,124
116,49,54
116,78,348
116,83,234
116,94,336
116,106,61
116,137,376
116,151,317
116,152,244
116,178,279
116,185,77
117,16,160
117,50,174
117,57,321
117,60,128
117,94,269
117,95,8
117,119,70
117,158,182
118,9,244
118,41,271
118,70,279
118,97,63
118,103,329
118,137,101
118,144,385
118,155,369
118,159,13
118,200,222
119,9,373
119,35,8
119,48,109
119,57,17
119,65,92
119,117,70
119,161,374
119,172,310
120,15,46
120,49,355
120,64,95
120,84,353
120,96,77
120,97,67
120,130,57
120,131,114
120,164,341
120,190,82
121,54,37
121,55,289
121,77,168
121,91,190
121,93,256
121,94,101
122,3,291
122,28,347
122,75,82
122,87,388
122,103,308
122,115,314
122,126,142
122,155,98
123,12,64
123,34,83
123,44,324
123,65,306
123,99,206
123,107,318
123,176,376
124,31,24
124,42,29
124,62,160
124,103,375
124,108,139
124,113,165
124,127,19
124,130,193
124,191,53
125,8,64
125,40,108
125,46,103
125,60,232
125,78,329
125,134,326
125,166,38
125,183,279
126,20,345
126,47,180
126,74,342
126,101,311
126,122,142
126,132,371
126,136,383
126,137,5
126,156,98
127,25,366
127,67,352
127,68,95
127,71,386
127,85,39
127,124,19
127,133,225
127,136,149
127,149,215
127,181,363
127,185,36
128,6,308
128,27,300
128,40,321
128,61,118
128,75,98
128,91,174
128,172,260
129,6,87
129,30,327
129,57,211
129,94,12
129,104,343
129,168,365
129,180,168
130,13,319
130,50,329
130,83,139
130,95,283
130,120,57
130,124,193
130,140,264
130,150,38
130,185,356
131,4,324
131,38,159
131,65,308
131,75,369
131,81,127
131,120,114
131,143,137
131,176,6
131,194,175
132,15,160
132,56,67
132,61,31
132,73,135
132,91,233
132,126,371
132,139,301
132,144,28
132,152,221
132,156,10
132,158,395
132,168,168
132,173,210
133,12,151
133,81,49
133,82,201
133,84,5
133,113,319
133,127,225
133,156,58
133,196,379
134,25,281
134,31,246
134,48,54
134,84,399
134,89,294
134,125,326
134,136,310
134,171,208
134,183,5
135,20,241
135,40,268
135,55,213
135,91,114
135,102,256
135,109,328
136,23,108
136,38,30
136,71,211
136,126,383
136,127,149
136,134,310
136,166,301
137,27,117
137,86,187
137,114,251
137,116,376
137,118,101
137,126,5
137,155,213
137,161,269
138,19,59
138,35,70
138,47,375
138,55,209
138,101,365
138,112,116
138,160,269
138,188,254
138,199,42
139,50,150
139,58,64
139,111,181
139,112,100
139,132,301
139,156,333
140,4,114
140,21,127
140,38,32
140,71,171
140,85,201
140,130,264
140,141,250
140,154,213
140,159,113
140,169,194
140,191,306
140,192,95
141,52,266
141,53,274
141,84,243
141,104,354
141,110,219
141,140,250
141,183,266
142,8,206
142,20,172
142,81,20
142,83,141
142,101,222
142,114,198
142,190,305
143,11,93
143,38,273
143,40,65
143,81,249
143,104,2
143,131,137
143,160,268
143,177,162
143,196,96
144,1,212
144,94,145
144,103,158
144,111,333
144,118,385
144,132,28
144,158,174
144,167,243
144,173,108
145,1,56
145,12,84
145,30,282
145,77,119
145,104,280
145,114,349
145,154,358
145,187,196
146,4,371
146,8,157
146,56,283
146,65,136
146,81,377
146,105,110
147,17,229
147,26,42
147,30,58
147,31,2
147,61,239
147,68,70
147,192,61
148,28,309
148,44,331
148,94,288
148,105,122
148,110,74
148,112,51
148,166,162
149,8,364
149,43,290
149,86,265
149,91,261
149,127,215
149,153,260
149,165,397
149,168,221
149,175,382
149,182,377
150,1,29
150,11,152
150,60,250
150,85,264
150,94,22
150,130,38
150,177,24
150,195,134
151,4,108
151,22,88
151,33,76
151,54,206
151,55,362
151,116,317
151,155,21
151,194,129
152,29,353
152,41,22
152,65,17
152,69,244
152,116,244
152,132,221
152,181,113
153,26,33
153,37,114
153,46,180
153,54,222
153,74,281
153,149,260
153,178,132
154,38,364
154,90,327
154,102,257
154,110,105
154,140,213
154,145,358
154,176,319
154,189,339
155,86,289
155,118,369
155,122,98
155,137,213
155,151,21
155,172,125
156,9,400
156,64,382
156,126,98
156,132,10
156,133,58
156,139,333
156,169,140
157,37,10
157,38,268
157,62,201
157,87,178
157,95,206
157,113,347
158,8,386
158,59,242
158,75,202
158,117,182
158,132,395
158,144,174
158,182,282
158,188,359
159,9,91
159,14,320
159,56,292
159,60,366
159,118,13
159,140,113
159,160,96
160,5,328
160,71,222
160,75,150
160,138,269
160,143,268
160,159,96
160,174,38
160,186,31
160,189,273
161,14,382
161,45,95
161,50,53
161,86,185
161,119,374
161,137,269
161,191,44
162,4,133
162,34,194
162,37,28
162,40,135
162,47,102
162,74,177
163,9,207
163,43,376
163,55,382
163,69,376
163,76,61
163,78,120
163,193,22
164,14,113
164,31,185
164,35,200
164,61,268
164,87,27
164,120,341
164,165,6
164,167,18
164,178,67
164,194,98
165,3,78
165,29,308
165,79,250
165,82,66
165,149,397
165,164,6
165,177,87
166,12,233
166,31,367
166,65,302
166,125,38
166,136,301
166,148,162
166,168,229
167,17,147
167,23,395
167,25,20
167,144,243
167,164,18
168,67,56
168,115,57
168,129,365
168,132,168
168,149,221
168,166,229
169,26,147
169,57,179
169,92,384
169,106,320
169,140,194
169,156,140
169,171,100
170,23,57
170,25,86
170,37,70
170,40,115
170,96,159
170,111,371
170,181,115
170,184,187
171,4,3
171,78,32
171,93,25
171,115,226
171,134,208
171,169,100
172,42,29
172,77,81
172,78,212
172,119,310
172,128,260
172,155,125
172,189,55
173,55,284
173,73,382
173,90,289
173,100,210
173,132,210
173,144,108
174,4,279
174,69,148
174,98,264
174,104,68
174,111,225
174,160,38
174,192,32
175,13,348
175,60,11
175,63,274
175,85,171
175,103,332
175,149,382
175,196,245
176,1,204
176,67,213
176,99,69
176,123,376
176,131,6
176,154,319
176,196,286
177,13,57
177,27,185
177,44,290
177,143,162
177,150,24
177,165,87
177,199,388
178,42,278
178,56,288
178,67,24
178,116,279
178,153,132
178,164,67
178,180,146
179,8,14
179,14,297
179,27,178
179,49,142
179,62,143
179,70,251
179,198,286
180,1,226
180,48,90
180,56,73
180,79,118
180,129,168
180,178,146
181,32,105
181,67,190
181,107,144
181,127,363
181,152,113
181,170,115
182,32,6
182,34,116
182,74,122
182,114,238
182,149,377
182,158,282
183,24,129
183,44,291
183,90,240
183,125,279
183,134,5
183,141,266
184,1,322
184,23,41
184,32,118
184,80,361
184,114,49
184,170,187
184,189,261
185,20,290
185,66,317
185,97,333
185,116,77
185,127,36
185,130,356
186,2,91
186,25,316
186,52,338
186,67,221
186,90,168
186,160,31
186,195,112
187,8,178
187,41,148
187,51,208
187,60,199
187,68,188
187,145,196
188,3,118
188,89,56
188,104,317
188,138,254
188,158,359
189,12,317
189,44,73
189,154,339
189,160,273
189,172,55
189,184,261
190,52,116
190,84,318
190,94,398
190,110,78
190,120,82
190,142,305
191,8,63
191,21,293
191,27,261
191,124,53
191,140,306
191,161,44
192,47,50
192,107,332
192,115,72
192,140,95
192,147,61
192,174,32
193,20,6
193,21,264
193,23,145
193,27,332
193,59,342
193,163,22
194,31,179
194,50,322
194,87,227
194,131,175
194,151,129
194,164,98
195,30,170
195,54,47
195,62,248
195,111,242
195,150,134
195,186,112
196,40,167
196,71,63
196,133,379
196,143,96
196,175,245
196,176,286
197,2,61
197,32,381
197,37,227
197,40,299
197,56,276
197,85,205
198,44,372
198,86,399
198,90,400
198,91,103
198,110,140
198,179,286
199,32,97
199,53,61
199,81,69
199,105,69
199,138,42
199,177,388
200,11,55
200,38,52
200,69,195
200,90,335
200,104,61
200,118,222
