source,target,weight
1,2,249
1,3,338
1,4,40
1,5,251
1,7,318
1,8,264
1,9,285
1,10,234
1,11,267
1,12,51
1,13,75
1,15,203
1,17,193
1,19,294
1,20,130
1,22,340
1,23,38
1,24,282
1,25,243
1,26,281
1,27,236
1,28,219
1,31,124
1,34,99
1,35,152
1,36,282
1,39,272
1,40,244
1,41,241
1,42,277
1,44,351
1,45,82
1,46,367
1,47,262
1,48,58
1,49,222
1,50,90
1,51,187
1,52,112
1,54,36
1,55,269
1,56,331
1,58,46
1,59,362
1,66,257
1,67,84
1,72,349
1,73,278
1,76,348
1,81,314
1,87,15
1,89,328
1,95,321
1,96,216
1,98,74
1,101,144
1,104,309
1,105,113
1,106,356
1,109,147
1,111,48
1,112,42
1,126,298
1,129,393
1,130,211
1,138,238
1,140,275
1,144,7
1,147,133
1,152,307
1,153,304
1,159,229
1,163,379
1,170,182
1,179,88
1,190,331
2,1,249
2,3,158
2,4,36
2,5,87
2,6,330
2,8,396
2,9,266
2,10,267
2,11,252
2,12,339
2,13,291
2,15,394
2,17,9
2,18,242
2,19,359
2,20,317
2,21,93
2,22,301
2,24,205
2,25,144
2,27,269
2,30,291
2,31,105
2,32,248
2,35,114
2,36,29
2,38,291
2,39,266
2,40,30
2,41,398
2,44,153
2,45,270
2,46,116
2,47,139
2,48,159
2,50,377
2,52,375
2,53,368
2,55,34
2,56,370
2,59,38
2,60,324
2,61,208
2,62,163
2,63,232
2,67,8
2,69,44
2,71,299
2,74,61
2,80,304
2,81,233
2,84,313
2,85,20
2,86,42
2,87,17
2,93,58
2,95,150
2,98,256
2,102,374
2,103,192
2,105,78
2,107,122
2,109,142
2,112,290
2,122,231
2,126,137
2,132,61
2,137,285
2,138,382
2,142,72
2,148,302
2,155,304
2,163,154
2,167,322
2,168,15
2,175,60
2,177,246
2,181,133
2,185,165
2,189,29
2,197,295
2,198,324
2,200,232
3,1,338
3,2,158
3,4,252
3,5,153
3,6,302
3,7,248
3,8,172
3,10,377
3,11,100
3,12,109
3,14,70
3,15,1
3,16,278
3,17,313
3,18,294
3,19,296
3,20,283
3,21,136
3,22,161
3,23,204
3,25,281
3,26,345
3,27,154
3,28,290
3,29,199
3,30,6
3,31,53
3,32,143
3,33,296
3,34,179
3,35,31
3,37,148
3,38,95
3,39,178
3,40,164
3,41,64
3,42,169
3,43,7
3,45,157
3,46,221
3,48,278
3,49,393
3,50,207
3,51,340
3,52,400
3,53,99
3,56,22
3,57,321
3,59,367
3,66,189
3,69,117
3,71,166
3,72,61
3,75,139
3,77,191
3,82,137
3,83,346
3,85,197
3,87,359
3,88,105
3,89,202
3,95,377
3,96,11
3,100,397
3,101,18
3,106,107
3,107,54
3,108,201
3,109,124
3,110,101
3,117,5
3,119,141
3,122,59
3,129,347
3,132,138
3,133,252
3,136,185
3,139,245
3,145,60
3,150,129
3,154,202
3,156,278
3,158,261
3,162,57
3,164,132
3,167,7
3,172,311
3,180,161
3,182,300
3,185,141
3,194,210
4,1,40
4,2,36
4,3,252
4,6,261
4,7,35
4,8,248
4,9,85
4,11,301
4,13,158
4,14,55
4,16,373
4,18,278
4,20,254
4,21,204
4,22,112
4,23,174
4,24,199
4,25,319
4,26,132
4,28,356
4,29,132
4,30,165
4,32,188
4,33,383
4,34,268
4,35,54
4,36,190
4,39,346
4,41,296
4,42,181
4,43,248
4,47,192
4,49,145
4,52,7
4,53,82
4,54,114
4,55,381
4,56,193
4,58,257
4,59,117
4,60,18
4,61,123
4,62,117
4,65,30
4,67,106
4,70,227
4,78,379
4,81,268
4,83,231
4,85,187
4,86,250
4,88,78
4,89,21
4,91,59
4,93,308
4,94,226
4,96,101
4,99,85
4,102,234
4,103,391
4,106,256
4,108,206
4,113,255
4,119,26
4,124,249
4,126,85
4,128,204
4,139,134
4,143,212
4,145,79
4,157,317
4,187,282
4,196,278
5,1,251
5,2,87
5,3,153
5,7,133
5,9,293
5,11,94
5,12,33
5,14,55
5,15,395
5,16,215
5,18,52
5,19,245
5,20,266
5,21,303
5,24,171
5,25,387
5,26,1
5,29,368
5,30,81
5,31,283
5,33,215
5,35,104
5,37,91
5,39,242
5,40,185
5,41,372
5,43,140
5,44,341
5,45,146
5,46,339
5,48,75
5,49,297
5,50,373
5,51,337
5,52,92
5,54,285
5,55,63
5,56,317
5,57,144
5,58,125
5,60,212
5,62,191
5,64,368
5,66,388
5,69,108
5,70,3
5,72,153
5,73,172
5,80,300
5,83,1
5,86,64
5,87,113
5,88,122
5,97,183
5,101,235
5,102,108
5,121,85
5,126,213
5,127,60
5,128,138
5,133,36
5,137,169
5,140,46
5,155,208
5,157,370
5,158,259
5,162,76
5,166,1
5,179,1
5,195,186
5,197,171
5,198,179
5,199,113
5,200,305
6,2,330
6,3,302
6,4,261
6,8,163
6,9,81
6,10,170
6,11,140
6,12,389
6,13,244
6,17,219
6,18,108
6,19,337
6,22,105
6,23,248
6,25,336
6,26,366
6,27,15
6,30,238
6,31,96
6,34,133
6,37,34
6,38,156
6,39,257
6,40,337
6,43,90
6,44,114
6,45,374
6,46,43
6,47,274
6,50,168
6,52,275
6,58,383
6,59,147
6,61,194
6,66,277
6,69,74
6,70,302
6,71,87
6,75,317
6,77,65
6,79,360
6,80,191
6,82,321
6,84,76
6,85,375
6,87,196
6,88,156
6,90,73
6,95,117
6,96,183
6,104,69
6,107,371
6,118,181
6,119,29
6,122,367
6,126,182
6,130,205
6,135,55
6,136,373
6,139,338
6,148,162
6,150,77
6,151,139
6,170,119
6,173,3
6,174,191
6,175,28
6,180,321
6,188,229
6,195,164
6,199,185
6,200,31
7,1,318
7,3,248
7,4,35
7,5,133
7,8,35
7,9,88
7,12,196
7,14,269
7,15,382
7,16,92
7,17,239
7,20,17
7,21,319
7,22,320
7,23,187
7,26,317
7,29,15
7,33,267
7,35,288
7,36,101
7,37,384
7,38,156
7,39,94
7,46,210
7,48,110
7,50,59
7,51,209
7,52,67
7,57,376
7,61,108
7,63,381
7,66,136
7,67,275
7,69,46
7,70,348
7,71,12
7,77,269
7,78,224
7,79,283
7,82,93
7,84,41
7,85,92
7,87,343
7,92,382
7,95,344
7,98,290
7,99,254
7,110,397
7,113,121
7,116,266
7,117,351
7,123,65
7,129,348
7,132,130
7,138,21
7,141,293
7,142,104
7,144,202
7,145,293
7,147,227
7,151,105
7,156,239
7,161,28
7,163,179
7,164,85
7,167,225
7,171,254
7,174,358
7,179,30
7,180,280
7,192,169
7,194,220
7,195,230
8,1,264
8,2,396
8,3,172
8,4,248
8,6,163
8,7,35
8,9,209
8,10,39
8,11,347
8,13,230
8,14,202
8,18,243
8,19,205
8,21,334
8,23,319
8,25,118
8,26,56
8,27,72
8,28,383
8,29,42
8,32,135
8,33,238
8,34,348
8,35,47
8,36,7
8,38,126
8,40,345
8,41,326
8,43,98
8,44,173
8,45,230
8,47,239
8,48,191
8,49,161
8,50,319
8,51,335
8,52,46
8,54,212
8,55,295
8,57,124
8,59,67
8,60,199
8,62,80
8,63,40
8,64,163
8,67,133
8,71,136
8,72,130
8,74,233
8,75,222
8,79,146
8,80,184
8,84,382
8,85,255
8,89,114
8,90,240
8,91,333
8,92,321
8,95,137
8,99,86
8,103,110
8,104,82
8,105,21
8,110,160
8,114,113
8,115,70
8,116,100
8,119,46
8,120,2
8,124,1
8,125,154
8,127,12
8,130,387
8,131,51
8,140,35
8,143,15
8,145,373
8,150,245
8,159,40
8,167,225
8,170,274
8,172,323
8,175,346
8,176,40
8,178,82
8,179,342
8,187,371
8,188,41
8,198,280
9,1,285
9,2,266
9,4,85
9,5,293
9,6,81
9,7,88
9,8,209
9,12,227
9,16,178
9,17,3
9,18,7
9,19,166
9,20,254
9,21,120
9,22,197
9,23,351
9,26,86
9,28,98
9,29,205
9,31,70
9,33,204
9,34,99
9,35,353
9,36,357
9,38,325
9,39,78
9,41,158
9,42,323
9,45,77
9,46,6
9,50,10
9,51,100
9,52,152
9,53,246
9,54,359
9,57,231
9,61,95
9,62,380
9,63,378
9,64,361
9,65,372
9,68,146
9,69,135
9,70,171
9,71,256
9,72,190
9,73,124
9,75,283
9,78,11
9,84,349
9,87,287
9,88,262
9,90,49
9,92,180
9,94,373
9,95,384
9,96,227
9,99,389
9,100,179
9,102,62
9,103,23
9,106,387
9,110,114
9,116,341
9,122,55
9,128,345
9,139,228
9,140,242
9,144,169
9,148,78
9,151,392
9,152,63
9,153,345
9,154,231
9,155,43
9,157,383
9,168,365
9,175,96
9,177,264
9,181,101
9,183,400
9,197,295
9,198,271
9,199,341
10,1,234
10,2,267
10,3,377
10,6,170
10,8,39
10,12,174
10,14,29
10,15,185
10,16,68
10,17,156
10,20,264
10,21,392
10,22,246
10,24,385
10,26,105
10,27,379
10,30,265
10,31,353
10,33,300
10,34,124
10,35,304
10,37,233
10,39,150
10,40,60
10,41,208
10,42,280
10,43,246
10,44,105
10,45,80
10,48,112
10,49,14
10,50,369
10,53,242
10,56,89
10,57,256
10,58,313
10,61,281
10,62,118
10,63,109
10,65,299
10,66,220
10,69,140
10,70,269
10,72,172
10,73,236
10,75,113
10,79,337
10,80,5
10,83,150
10,85,233
10,86,119
10,89,244
10,91,92
10,92,81
10,94,321
10,96,332
10,97,53
10,98,351
10,103,293
10,105,359
10,109,24
10,111,152
10,113,340
10,118,121
10,119,346
10,120,7
10,121,197
10,125,121
10,128,25
10,134,195
10,141,230
10,143,363
10,148,88
10,152,328
10,157,185
10,163,355
10,166,336
10,169,231
10,171,129
10,174,190
10,176,287
10,178,362
10,179,44
10,180,354
10,184,389
10,187,141
10,195,178
10,199,358
10,200,192
11,1,267
11,2,252
11,3,100
11,4,301
11,5,94
11,6,140
11,8,347
11,13,32
11,14,146
11,17,90
11,18,328
11,19,223
11,20,12
11,21,295
11,22,147
11,23,146
11,24,368
11,27,359
11,28,184
11,30,12
11,32,256
11,33,11
11,35,32
11,36,316
11,37,274
11,38,211
11,39,163
11,45,89
11,48,380
11,49,167
11,50,321
11,51,103
11,52,115
11,53,220
11,55,121
11,57,40
11,59,85
11,60,35
11,63,235
11,65,6
11,68,91
11,70,7
11,71,33
11,83,341
11,84,57
11,87,122
11,88,93
11,97,26
11,104,167
11,118,274
11,128,256
11,131,134
11,140,32
11,141,176
11,146,221
11,149,182
11,154,191
11,160,52
11,166,65
11,171,346
11,181,151
11,182,138
11,184,82
11,196,394
11,198,67
12,1,51
12,2,339
12,3,109
12,5,33
12,6,389
12,7,196
12,9,227
12,10,174
12,13,240
12,14,5
12,15,109
12,16,276
12,17,92
12,18,62
12,19,307
12,21,150
12,22,89
12,24,205
12,25,46
12,26,176
12,27,382
12,30,304
12,32,252
12,33,309
12,37,51
12,40,113
12,42,359
12,43,28
12,44,92
12,45,187
12,49,332
12,50,42
12,51,384
12,55,132
12,59,10
12,61,119
12,62,64
12,63,82
12,66,46
12,68,198
12,70,361
12,73,121
12,76,118
12,83,309
12,89,10
12,91,290
12,93,375
12,95,292
12,100,142
12,101,270
12,102,119
12,104,179
12,106,391
12,109,400
12,113,358
12,114,292
12,115,209
12,116,299
12,117,392
12,119,48
12,120,390
12,127,172
12,131,321
12,132,109
12,142,231
12,147,129
12,152,108
12,168,347
12,170,289
12,174,42
12,182,144
12,193,161
12,195,87
12,197,324
13,1,75
13,2,291
13,4,158
13,6,244
13,8,230
13,11,32
13,12,240
13,14,188
13,16,90
13,17,181
13,18,326
13,19,290
13,22,51
13,23,150
13,24,140
13,25,214
13,26,172
13,28,170
13,29,13
13,34,52
13,35,354
13,36,75
13,37,253
13,38,67
13,39,277
13,40,367
13,41,137
13,42,22
13,43,98
13,45,128
13,46,399
13,48,334
13,49,196
13,51,378
13,52,29
13,54,257
13,56,3
13,58,92
13,59,344
13,60,289
13,61,139
13,63,321
13,69,215
13,71,385
13,72,374
13,78,10
13,79,257
13,80,261
13,81,294
13,82,384
13,84,137
13,93,381
13,95,216
13,97,350
13,102,158
13,105,293
13,108,138
13,109,35
13,112,368
13,114,51
13,121,335
13,122,180
13,123,212
13,125,322
13,127,26
13,133,258
13,136,116
13,138,35
13,139,314
13,141,80
13,142,40
13,143,138
13,144,5
13,146,296
13,149,141
13,152,72
13,161,399
13,162,355
13,164,207
13,172,253
13,175,276
13,184,237
13,188,91
13,190,189
13,192,395
13,193,77
13,200,284
14,3,70
14,4,55
14,5,55
14,7,269
14,8,202
14,10,29
14,11,146
14,12,5
14,13,188
14,15,246
14,16,215
14,19,216
14,20,48
14,22,66
14,28,376
14,30,42
14,31,389
14,32,109
14,33,337
14,34,366
14,35,13
14,38,220
14,39,197
14,40,237
14,41,55
14,42,22
14,43,27
14,46,168
14,48,253
14,49,144
14,53,67
14,55,288
14,56,17
14,57,293
14,68,161
14,70,43
14,71,7
14,74,108
14,76,263
14,80,147
14,81,60
14,83,137
14,84,150
14,85,182
14,87,359
14,88,199
14,99,309
14,101,386
14,104,218
14,106,305
14,108,177
14,109,12
14,112,353
14,116,126
14,120,343
14,125,209
14,127,159
14,130,281
14,136,296
14,140,206
14,141,33
14,143,68
14,145,291
14,151,108
14,153,124
14,169,204
14,173,204
14,174,107
14,180,261
14,185,317
14,186,327
14,189,168
14,190,176
14,197,176
15,1,203
15,2,394
15,3,1
15,5,395
15,7,382
15,10,185
15,12,109
15,14,246
15,18,298
15,19,124
15,20,358
15,23,341
15,25,26
15,26,222
15,27,267
15,28,138
15,30,87
15,31,217
15,32,222
15,34,289
15,35,12
15,36,259
15,37,159
15,38,287
15,39,287
15,40,126
15,41,85
15,42,90
15,43,75
15,44,163
15,46,40
15,47,148
15,48,301
15,50,272
15,51,1
15,54,142
15,55,350
15,56,26
15,60,272
15,62,207
15,63,256
15,65,276
15,67,192
15,68,87
15,69,162
15,70,364
15,72,27
15,76,70
15,79,377
15,83,349
15,87,189
15,89,92
15,91,336
15,93,239
15,94,52
15,95,335
15,98,58
15,99,213
15,103,259
15,107,114
15,108,106
15,109,331
15,110,13
15,111,355
15,113,319
15,119,104
15,129,334
15,132,198
15,133,134
15,136,228
15,137,178
15,138,43
15,143,172
15,156,300
15,158,307
15,162,167
15,165,196
15,172,363
15,173,76
15,177,318
15,180,312
15,181,385
15,191,182
16,3,278
16,4,373
16,5,215
16,7,92
16,9,178
16,10,68
16,12,276
16,13,90
16,14,215
16,17,152
16,20,297
16,21,101
16,22,212
16,23,393
16,25,385
16,26,390
16,27,11
16,28,138
16,32,165
16,34,334
16,35,194
16,37,322
16,40,172
16,44,197
16,46,333
16,47,331
16,48,400
16,49,207
16,50,31
16,52,108
16,54,165
16,56,354
16,61,304
16,62,139
16,63,206
16,64,56
16,67,180
16,69,375
16,71,247
16,72,73
16,74,278
16,76,79
16,77,213
16,78,308
16,79,272
16,83,101
16,84,69
16,86,58
16,88,134
16,90,103
16,92,131
16,94,145
16,95,26
16,96,52
16,99,331
16,103,42
16,105,52
16,106,185
16,109,329
16,111,334
16,112,284
16,116,123
16,122,315
16,125,327
16,127,274
16,128,32
16,131,291
16,134,374
16,140,11
16,143,359
16,147,229
16,149,236
16,154,322
16,159,133
16,161,283
16,168,14
16,169,30
16,173,36
16,200,400
17,1,193
17,2,9
17,3,313
17,6,219
17,7,239
17,9,3
17,10,156
17,11,90
17,12,92
17,13,181
17,16,152
17,19,90
17,20,52
17,21,117
17,23,377
17,25,79
17,26,87
17,28,389
17,30,40
17,32,250
17,33,157
17,34,389
17,36,259
17,37,288
17,40,6
17,41,373
17,43,45
17,46,205
17,48,318
17,49,331
17,51,310
17,53,274
17,54,52
17,55,346
17,56,379
17,61,156
17,62,356
17,64,131
17,65,242
17,67,208
17,72,356
17,75,252
17,78,266
17,80,228
17,82,256
17,83,65
17,85,299
17,87,244
17,90,5
17,91,292
17,92,134
17,96,360
17,99,134
17,101,292
17,103,328
17,106,354
17,107,87
17,108,296
17,109,51
17,112,46
17,113,352
17,114,109
17,115,97
17,116,189
17,119,330
17,126,111
17,134,74
17,135,128
17,136,222
17,138,53
17,142,390
17,146,364
17,149,101
17,153,386
17,154,397
17,161,91
17,164,395
17,165,99
17,169,260
17,175,223
17,177,275
17,180,150
17,192,20
17,196,117
17,199,115
18,2,242
18,3,294
18,4,278
18,5,52
18,6,108
18,8,243
18,9,7
18,11,328
18,12,62
18,13,326
18,15,298
18,21,271
18,23,170
18,24,339
18,26,183
18,30,221
18,32,124
18,34,334
18,35,191
18,36,276
18,37,24
18,38,13
18,39,131
18,40,49
18,41,386
18,42,218
18,43,2
18,44,42
18,46,51
18,48,165
18,49,393
18,51,151
18,54,161
18,59,110
18,63,349
18,65,176
18,68,282
18,69,33
18,72,14
18,73,230
18,74,53
18,79,260
18,84,33
18,87,48
18,88,372
18,90,397
18,96,200
18,97,10
18,98,12
18,101,53
18,103,182
18,105,283
18,107,26
18,109,350
18,110,155
18,112,93
18,117,214
18,120,65
18,123,59
18,124,14
18,131,327
18,133,147
18,139,343
18,142,20
18,145,93
18,146,32
18,147,339
18,149,110
18,152,383
18,154,176
18,157,37
18,161,63
18,166,246
18,169,313
18,173,114
18,185,160
18,200,121
19,1,294
19,2,359
19,3,296
19,5,245
19,6,337
19,8,205
19,9,166
19,11,223
19,12,307
19,13,290
19,14,216
19,15,124
19,17,90
19,21,188
19,23,74
19,24,142
19,26,151
19,27,140
19,29,161
19,31,332
19,32,239
19,33,58
19,34,307
19,37,302
19,38,280
19,40,211
19,41,195
19,43,216
19,47,144
19,48,266
19,49,271
19,50,107
19,51,269
19,55,134
19,56,377
19,57,86
19,58,257
19,59,238
19,60,333
19,61,29
19,65,151
19,67,224
19,68,152
19,69,190
19,71,251
19,72,2
19,73,334
19,78,27
19,84,267
19,86,234
19,88,43
19,91,113
19,94,382
19,95,237
19,101,116
19,102,12
19,104,107
19,107,92
19,113,67
19,116,345
19,117,82
19,118,217
19,123,17
19,132,332
19,135,257
19,143,183
19,144,234
19,156,247
19,157,353
19,158,341
19,159,67
19,160,1
19,163,336
19,165,38
19,173,345
19,188,164
19,191,79
19,194,325
19,200,195
20,1,130
20,2,317
20,3,283
20,4,254
20,5,266
20,7,17
20,9,254
20,10,264
20,11,12
20,14,48
20,15,358
20,16,297
20,17,52
20,22,142
20,24,8
20,27,113
20,33,352
20,35,268
20,37,251
20,38,267
20,39,309
20,42,127
20,45,269
20,46,156
20,50,354
20,51,314
20,52,336
20,58,212
20,60,362
20,65,363
20,67,76
20,68,75
20,69,136
20,70,181
20,71,372
20,72,339
20,73,95
20,74,128
20,75,127
20,76,155
20,79,348
20,82,263
20,83,105
20,88,90
20,91,328
20,93,93
20,95,363
20,99,208
20,101,234
20,104,207
20,106,89
20,109,374
20,110,225
20,111,122
20,112,18
20,115,292
20,117,117
20,118,6
20,119,112
20,123,122
20,124,156
20,125,291
20,129,310
20,133,222
20,134,151
20,152,375
20,158,398
20,159,281
20,164,236
20,165,286
20,179,132
20,185,398
20,187,176
20,188,102
20,190,398
20,191,27
20,197,398
21,2,93
21,3,136
21,4,204
21,5,303
21,7,319
21,8,334
21,9,120
21,10,392
21,11,295
21,12,150
21,16,101
21,17,117
21,18,271
21,19,188
21,24,106
21,26,253
21,27,376
21,28,26
21,29,151
21,30,50
21,31,150
21,33,316
21,34,218
21,35,77
21,36,166
21,37,161
21,38,119
21,40,15
21,41,393
21,42,141
21,45,291
21,47,378
21,48,152
21,51,172
21,53,87
21,55,345
21,57,252
21,59,231
21,62,114
21,63,371
21,64,23
21,66,192
21,67,36
21,68,184
21,69,172
21,70,370
21,74,198
21,75,311
21,79,213
21,81,97
21,83,375
21,88,49
21,89,326
21,91,47
21,92,75
21,95,236
21,97,140
21,102,370
21,103,143
21,108,360
21,112,167
21,123,41
21,129,197
21,130,35
21,132,127
21,133,143
21,139,382
21,142,156
21,145,72
21,149,215
21,157,175
21,172,285
21,180,340
21,182,89
21,192,88
22,1,340
22,2,301
22,3,161
22,4,112
22,6,105
22,7,320
22,9,197
22,10,246
22,11,147
22,12,89
22,13,51
22,14,66
22,16,212
22,20,142
22,24,213
22,25,17
22,26,247
22,28,356
22,29,396
22,30,27
22,31,41
22,32,181
22,34,336
22,35,116
22,36,140
22,38,66
22,39,283
22,40,370
22,41,90
22,42,71
22,44,348
22,45,149
22,47,275
22,48,36
22,51,348
22,53,17
22,56,353
22,57,267
22,64,277
22,66,271
22,70,227
22,72,183
22,73,389
22,75,118
22,77,80
22,80,14
22,82,295
22,87,88
22,97,363
22,98,135
22,100,249
22,102,161
22,103,379
22,104,343
22,105,61
22,108,282
22,112,168
22,117,248
22,124,378
22,125,349
22,129,389
22,131,229
22,132,283
22,137,33
22,140,279
22,141,157
22,147,262
22,149,175
22,154,395
22,158,269
22,160,153
22,164,226
22,167,132
22,172,45
22,179,258
22,182,95
22,199,134
23,1,38
23,3,204
23,4,174
23,6,248
23,7,187
23,8,319
23,9,351
23,11,146
23,13,150
23,15,341
23,16,393
23,17,377
23,18,170
23,19,74
23,24,319
23,25,52
23,26,294
23,27,136
23,28,264
23,29,63
23,30,74
23,31,6
23,32,151
23,34,87
23,35,109
23,38,9
23,40,266
23,41,251
23,43,94
23,45,365
23,46,145
23,47,23
23,48,228
23,49,400
23,50,366
23,52,314
23,53,43
23,54,31
23,56,59
23,57,333
23,60,223
23,63,278
23,68,313
23,70,129
23,71,53
23,76,319
23,77,363
23,80,324
23,81,170
23,83,397
23,84,20
23,85,93
23,90,348
23,91,68
23,93,164
23,100,135
23,101,313
23,105,350
23,106,116
23,107,335
23,110,23
23,114,3
23,115,296
23,117,157
23,119,130
23,122,181
23,123,353
23,126,120
23,131,37
23,137,104
23,138,74
23,142,201
23,146,69
23,151,163
23,153,123
23,156,72
23,168,164
23,170,313
23,173,73
23,185,91
23,186,64
23,191,67
23,194,72
23,195,240
23,196,257
23,197,393
24,1,282
24,2,205
24,4,199
24,5,171
24,10,385
24,11,368
24,12,205
24,13,140
24,18,339
24,19,142
24,20,8
24,21,106
24,22,213
24,23,319
24,25,88
24,26,11
24,27,359
24,28,338
24,29,276
24,30,260
24,31,289
24,32,224
24,34,289
24,36,102
24,39,182
24,40,3
24,42,84
24,44,316
24,45,47
24,46,82
24,47,137
24,48,127
24,49,228
24,50,8
24,51,392
24,53,137
24,54,340
24,57,211
24,58,111
24,59,349
24,61,93
24,63,98
24,68,265
24,70,304
24,72,242
24,74,141
24,75,199
24,76,339
24,80,183
24,81,278
24,83,5
24,86,148
24,87,365
24,93,308
24,94,364
24,96,366
24,97,139
24,101,154
24,107,391
24,108,165
24,114,54
24,117,220
24,118,86
24,119,83
24,124,236
24,126,2
24,129,142
24,131,369
24,132,71
24,135,265
24,146,258
24,149,222
24,155,197
24,157,259
24,159,126
24,165,16
24,176,40
24,183,188
24,186,221
24,196,240
25,1,243
25,2,144
25,3,281
25,4,319
25,5,387
25,6,336
25,8,118
25,12,46
25,13,214
25,15,26
25,16,385
25,17,79
25,22,17
25,23,52
25,24,88
25,26,27
25,27,337
25,29,37
25,30,329
25,31,302
25,32,204
25,33,273
25,34,209
25,36,67
25,38,235
25,39,168
25,42,18
25,43,132
25,47,37
25,49,122
25,51,25
25,52,169
25,54,378
25,55,258
25,56,74
25,57,336
25,58,194
25,60,121
25,61,13
25,63,160
25,64,187
25,66,16
25,67,248
25,71,115
25,72,181
25,80,339
25,82,47
25,83,189
25,84,151
25,86,147
25,87,162
25,88,268
25,89,272
25,93,362
25,94,44
25,103,212
25,110,57
25,112,323
25,113,16
25,125,387
25,128,376
25,129,327
25,133,30
25,134,139
25,143,234
25,146,348
25,151,269
25,158,234
25,161,206
25,163,62
25,187,2
25,189,60
26,1,281
26,3,345
26,4,132
26,5,1
26,6,366
26,7,317
26,8,56
26,9,86
26,10,105
26,12,176
26,13,172
26,15,222
26,16,390
26,17,87
26,18,183
26,19,151
26,21,253
26,22,247
26,23,294
26,24,11
26,25,27
26,27,137
26,28,196
26,29,245
26,30,279
26,31,146
26,33,122
26,34,275
26,35,111
26,36,302
26,37,265
26,40,176
26,41,171
26,42,160
26,44,213
26,49,200
26,51,98
26,52,335
26,55,102
26,56,240
26,57,102
26,58,37
26,59,230
26,60,296
26,61,279
26,67,109
26,69,302
26,70,176
26,72,354
26,73,265
26,76,176
26,77,113
26,79,126
26,81,6
26,84,315
26,85,234
26,86,321
26,88,175
26,90,99
26,91,237
26,92,65
26,93,200
26,94,125
26,98,33
26,104,55
26,108,133
26,113,304
26,119,105
26,121,95
26,122,40
26,123,270
26,124,231
26,133,294
26,134,73
26,137,199
26,144,291
26,146,211
26,147,43
26,151,207
26,154,206
26,156,334
26,163,38
26,168,208
26,178,238
26,183,328
26,184,52
26,186,252
26,187,379
26,190,40
26,200,31
27,1,236
27,2,269
27,3,154
27,6,15
27,8,72
27,10,379
27,11,359
27,12,382
27,15,267
27,16,11
27,19,140
27,20,113
27,21,376
27,23,136
27,24,359
27,25,337
27,26,137
27,28,379
27,31,127
27,32,117
27,34,322
27,35,287
27,36,346
27,37,179
27,40,28
27,41,70
27,42,212
27,43,295
27,45,80
27,49,280
27,50,384
27,52,275
27,54,31
27,55,36
27,57,1
27,59,288
27,60,164
27,61,301
27,62,239
27,66,257
27,68,138
27,70,7
27,76,298
27,78,210
27,79,90
27,86,266
27,88,321
27,90,233
27,97,38
27,98,293
27,99,94
27,106,154
27,108,19
27,109,191
27,111,386
27,116,40
27,122,218
27,123,106
27,124,307
27,134,199
27,138,250
27,141,46
27,144,46
27,145,175
27,148,190
27,153,124
27,154,7
27,158,136
27,159,256
27,161,340
27,163,280
27,176,107
27,186,117
27,192,209
27,195,121
27,197,323
28,1,219
28,3,290
28,4,356
28,8,383
28,9,98
28,11,184
28,13,170
28,14,376
28,15,138
28,16,138
28,17,389
28,21,26
28,22,356
28,23,264
28,24,338
28,26,196
28,27,379
28,29,20
28,30,19
28,31,135
28,33,111
28,34,399
28,35,258
28,37,52
28,39,56
28,41,221
28,42,178
28,43,8
28,44,287
28,45,92
28,47,22
28,49,277
28,51,28
28,53,199
28,55,324
28,56,271
28,58,253
28,59,30
28,62,18
28,63,266
28,67,132
28,74,90
28,78,378
28,80,40
28,81,58
28,82,268
28,85,99
28,86,350
28,87,207
28,88,186
28,91,380
28,97,116
28,103,152
28,107,136
28,111,127
28,116,386
28,117,19
28,118,61
28,119,162
28,122,118
28,125,257
28,126,163
28,127,389
28,130,99
28,139,69
28,147,371
28,150,162
28,156,186
28,157,8
28,158,313
28,164,211
28,167,347
28,173,314
28,187,96
28,188,149
28,189,324
28,195,205
29,3,199
29,4,132
29,5,368
29,7,15
29,8,42
29,9,205
29,13,13
29,19,161
29,21,151
29,22,396
29,23,63
29,24,276
29,25,37
29,26,245
29,28,20
29,30,71
29,31,161
29,32,374
29,33,362
29,35,213
29,36,218
29,37,89
29,41,279
29,42,274
29,43,179
29,44,179
29,46,207
29,48,142
29,50,238
29,51,24
29,52,139
29,54,173
29,55,193
29,57,124
29,59,261
29,61,10
29,64,158
29,66,200
29,67,79
29,68,222
29,70,21
29,71,59
29,73,271
29,76,216
29,79,104
29,80,366
29,84,143
29,87,159
29,88,52
29,89,293
29,91,42
29,95,200
29,97,225
29,99,4
29,110,233
29,118,288
29,120,229
29,127,223
29,128,307
29,129,166
29,133,237
29,135,61
29,137,140
29,143,343
29,144,190
29,146,131
29,150,44
29,153,328
29,154,243
29,156,84
29,165,362
29,171,388
29,188,43
29,193,386
30,2,291
30,3,6
30,4,165
30,5,81
30,6,238
30,10,265
30,11,12
30,12,304
30,14,42
30,15,87
30,17,40
30,18,221
30,21,50
30,22,27
30,23,74
30,24,260
30,25,329
30,26,279
30,28,19
30,29,71
30,31,32
30,32,274
30,35,258
30,36,96
30,38,309
30,39,244
30,42,330
30,43,303
30,44,108
30,46,394
30,47,135
30,53,39
30,54,67
30,56,92
30,57,193
30,58,231
30,59,203
30,64,6
30,67,354
30,71,100
30,72,135
30,74,281
30,76,41
30,82,185
30,83,313
30,89,100
30,90,232
30,95,55
30,96,173
30,102,205
30,105,140
30,110,270
30,112,156
30,116,184
30,117,77
30,118,214
30,122,353
30,129,211
30,130,185
30,133,97
30,136,138
30,147,99
30,148,158
30,153,80
30,156,33
30,183,87
30,186,83
30,196,79
30,200,224
31,1,124
31,2,105
31,3,53
31,5,283
31,6,96
31,9,70
31,10,353
31,14,389
31,15,217
31,19,332
31,21,150
31,22,41
31,23,6
31,24,289
31,25,302
31,26,146
31,27,127
31,28,135
31,29,161
31,30,32
31,32,9
31,34,380
31,35,311
31,36,255
31,37,108
31,38,334
31,40,266
31,41,207
31,42,349
31,44,238
31,45,305
31,47,11
31,52,338
31,53,356
31,59,372
31,61,380
31,62,307
31,63,358
31,64,199
31,65,33
31,66,17
31,69,222
31,70,242
31,78,269
31,80,398
31,81,176
31,82,389
31,84,117
31,85,311
31,89,33
31,94,376
31,97,244
31,103,185
31,111,344
31,112,108
31,121,270
31,122,121
31,134,38
31,136,28
31,138,173
31,141,185
31,142,371
31,146,27
31,148,47
31,150,25
31,151,119
31,164,232
31,166,58
31,171,310
31,175,336
31,185,351
31,191,294
31,193,18
32,2,248
32,3,143
32,4,188
32,8,135
32,11,256
32,12,252
32,14,109
32,15,222
32,16,165
32,17,250
32,18,124
32,19,239
32,22,181
32,23,151
32,24,224
32,25,204
32,27,117
32,29,374
32,30,274
32,31,9
32,34,353
32,37,274
32,38,380
32,40,367
32,42,311
32,43,188
32,44,386
32,46,353
32,47,356
32,48,156
32,51,150
32,53,175
32,55,266
32,56,267
32,57,168
32,59,97
32,60,261
32,62,239
32,67,136
32,75,362
32,76,126
32,78,217
32,79,360
32,80,128
32,84,339
32,85,2
32,92,31
32,93,196
32,94,272
32,95,184
32,96,54
32,98,3
32,100,32
32,102,122
32,105,10
32,110,219
32,111,219
32,115,191
32,118,370
32,122,159
32,123,31
32,126,55
32,131,167
32,133,21
32,135,176
32,137,253
32,138,65
32,142,256
32,145,115
32,148,380
32,150,201
32,152,103
32,161,124
32,163,178
32,166,241
32,169,311
32,171,322
32,178,144
32,180,322
32,182,349
32,186,85
32,188,276
32,189,15
32,195,214
33,3,296
33,4,383
33,5,215
33,7,267
33,8,238
33,9,204
33,10,300
33,11,11
33,12,309
33,14,337
33,17,157
33,19,58
33,20,352
33,21,316
33,25,273
33,26,122
33,28,111
33,29,362
33,34,53
33,36,160
33,37,75
33,38,173
33,39,368
33,40,316
33,42,191
33,44,378
33,45,291
33,48,11
33,49,226
33,50,1
33,54,342
33,56,239
33,58,142
33,61,251
33,62,142
33,63,251
33,64,316
33,66,179
33,69,246
33,71,291
33,72,288
33,77,369
33,80,188
33,83,254
33,84,123
33,92,256
33,93,222
33,97,95
33,101,249
33,114,113
33,116,33
33,122,291
33,123,310
33,126,85
33,127,204
33,130,203
33,140,196
33,142,84
33,143,253
33,144,214
33,145,14
33,146,165
33,147,232
33,162,356
33,167,174
33,169,375
33,171,74
33,176,274
33,177,388
33,185,385
33,188,393
33,192,258
33,194,389
33,195,330
33,196,249
33,198,145
33,199,62
34,1,99
34,3,179
34,4,268
34,6,133
34,8,348
34,9,99
34,10,124
34,13,52
34,14,366
34,15,289
34,16,334
34,17,389
34,18,334
34,19,307
34,21,218
34,22,336
34,23,87
34,24,289
34,25,209
34,26,275
34,27,322
34,28,399
34,31,380
34,32,353
34,33,53
34,35,387
34,37,10
34,40,292
34,41,228
34,43,20
34,44,323
34,45,353
34,47,226
34,48,9
34,54,188
34,56,147
34,60,379
34,62,354
34,64,99
34,66,242
34,70,389
34,71,75
34,73,296
34,75,79
34,76,118
34,77,186
34,78,214
34,82,114
34,83,111
34,89,331
34,94,210
34,95,22
34,101,233
34,104,351
34,105,215
34,108,60
34,109,4
34,112,198
34,120,146
34,123,368
34,132,39
34,133,153
34,136,161
34,139,21
34,140,14
34,142,94
34,145,369
34,149,53
34,152,109
34,159,186
34,173,21
34,178,113
34,181,285
34,182,304
34,184,111
34,189,367
34,191,72
35,1,152
35,2,114
35,3,31
35,4,54
35,5,104
35,7,288
35,8,47
35,9,353
35,10,304
35,11,32
35,13,354
35,14,13
35,15,12
35,16,194
35,18,191
35,20,268
35,21,77
35,22,116
35,23,109
35,26,111
35,27,287
35,28,258
35,29,213
35,30,258
35,31,311
35,34,387
35,37,144
35,38,150
35,43,83
35,45,306
35,47,152
35,48,51
35,49,77
35,50,135
35,54,94
35,59,330
35,63,2
35,68,238
35,69,270
35,73,73
35,74,17
35,75,231
35,77,385
35,84,238
35,90,90
35,93,189
35,96,12
35,98,375
35,112,288
35,114,205
35,117,364
35,121,328
35,122,305
35,124,270
35,129,332
35,130,321
35,131,371
35,132,243
35,134,52
35,137,280
35,146,246
35,153,164
35,158,306
35,170,340
35,171,76
35,179,309
35,193,6
35,196,142
36,1,282
36,2,29
36,4,190
36,7,101
36,8,7
36,9,357
36,11,316
36,13,75
36,15,259
36,17,259
36,18,276
36,21,166
36,22,140
36,24,102
36,25,67
36,26,302
36,27,346
36,29,218
36,30,96
36,31,255
36,33,160
36,37,355
36,38,224
36,39,334
36,40,175
36,43,250
36,45,20
36,46,99
36,51,247
36,53,298
36,58,39
36,59,11
36,60,68
36,61,22
36,62,391
36,63,226
36,64,397
36,65,209
36,66,93
36,67,312
36,69,326
36,72,70
36,73,38
36,75,369
36,78,25
36,79,52
36,89,354
36,93,175
36,106,354
36,108,323
36,111,250
36,114,266
36,121,248
36,124,154
36,129,50
36,136,173
36,140,339
36,144,67
36,148,286
36,155,302
36,161,377
36,165,327
36,170,58
36,184,97
36,188,256
36,193,170
36,194,258
36,197,240
37,3,148
37,5,91
37,6,34
37,7,384
37,10,233
37,11,274
37,12,51
37,13,253
37,15,159
37,16,322
37,17,288
37,18,24
37,19,302
37,20,251
37,21,161
37,26,265
37,27,179
37,28,52
37,29,89
37,31,108
37,32,274
37,33,75
37,34,10
37,35,144
37,36,355
37,38,61
37,39,102
37,42,238
37,43,202
37,44,343
37,45,87
37,46,163
37,47,109
37,48,212
37,49,179
37,51,179
37,52,95
37,53,105
37,54,166
37,58,139
37,60,177
37,61,6
37,62,156
37,65,199
37,67,204
37,68,353
37,72,91
37,73,165
37,78,316
37,81,217
37,82,68
37,84,95
37,85,364
37,87,52
37,89,62
37,90,231
37,92,10
37,93,126
37,94,78
37,97,73
37,101,83
37,104,240
37,110,122
37,111,353
37,136,306
37,137,6
37,146,88
37,150,63
37,153,60
37,157,367
37,158,368
37,160,26
37,165,255
37,174,78
37,182,180
37,190,292
37,194,216
37,196,318
38,2,291
38,3,95
38,6,156
38,7,156
38,8,126
38,9,325
38,11,211
38,13,67
38,14,220
38,15,287
38,18,13
38,19,280
38,20,267
38,21,119
38,22,66
38,23,9
38,25,235
38,30,309
38,31,334
38,32,380
38,33,173
38,35,150
38,36,224
38,37,61
38,43,165
38,44,123
38,46,382
38,48,371
38,50,144
38,52,205
38,56,102
38,57,220
38,58,396
38,60,306
38,61,67
38,63,361
38,64,250
38,65,307
38,68,276
38,71,189
38,72,379
38,75,327
38,76,264
38,80,173
38,81,115
38,82,151
38,90,88
38,91,225
38,97,217
38,99,245
38,100,305
38,102,85
38,104,379
38,108,363
38,109,154
38,114,296
38,115,42
38,126,303
38,130,204
38,131,343
38,133,143
38,136,23
38,137,2
38,138,306
38,142,323
38,143,282
38,147,272
38,150,71
38,153,108
38,161,315
38,162,252
38,165,10
38,170,349
38,172,212
38,180,265
38,186,66
38,188,304
38,190,32
38,191,187
38,195,69
39,1,272
39,2,266
39,3,178
39,4,346
39,5,242
39,6,257
39,7,94
39,9,78
39,10,150
39,11,163
39,13,277
39,14,197
39,15,287
39,18,131
39,20,309
39,22,283
39,24,182
39,25,168
39,28,56
39,30,244
39,33,368
39,36,334
39,37,102
39,43,377
39,44,249
39,47,26
39,49,155
39,54,248
39,59,358
39,61,263
39,63,258
39,65,167
39,68,6
39,70,368
39,71,275
39,72,332
39,73,255
39,77,126
39,78,55
39,82,336
39,90,288
39,92,65
39,93,223
39,94,243
39,97,23
39,99,144
39,100,173
39,103,3
39,104,348
39,106,223
39,110,3
39,112,39
39,119,320
39,125,371
39,138,299
39,141,369
39,147,77
39,149,1
39,154,375
39,155,175
39,161,312
39,162,111
39,164,295
39,171,381
39,172,379
39,176,211
39,178,44
39,181,298
39,187,371
39,191,206
40,1,244
40,2,30
40,3,164
40,5,185
40,6,337
40,8,345
40,10,60
40,12,113
40,13,367
40,14,237
40,15,126
40,16,172
40,17,6
40,18,49
40,19,211
40,21,15
40,22,370
40,23,266
40,24,3
40,26,176
40,27,28
40,31,266
40,32,367
40,33,316
40,34,292
40,36,175
40,43,53
40,44,182
40,46,136
40,48,49
40,49,260
40,52,265
40,53,154
40,54,363
40,55,242
40,56,245
40,58,365
40,59,164
40,61,334
40,64,183
40,65,54
40,68,278
40,69,137
40,70,61
40,71,19
40,72,379
40,73,319
40,77,142
40,78,143
40,79,155
40,82,33
40,83,265
40,87,176
40,89,24
40,90,14
40,96,282
40,99,45
40,100,241
40,104,202
40,106,59
40,112,88
40,114,98
40,116,156
40,118,209
40,123,87
40,125,325
40,129,377
40,130,94
40,134,377
40,139,174
40,140,72
40,149,54
40,167,107
40,172,210
40,173,330
40,176,215
40,177,229
40,181,50
40,184,343
40,185,69
40,191,39
40,199,358
41,1,241
41,2,398
41,3,64
41,4,296
41,5,372
41,8,326
41,9,158
41,10,208
41,13,137
41,14,55
41,15,85
41,17,373
41,18,386
41,19,195
41,21,393
41,22,90
41,23,251
41,26,171
41,27,70
41,28,221
41,29,279
41,31,207
41,34,228
41,43,67
41,44,373
41,50,18
41,51,363
41,53,128
41,55,22
41,56,235
41,57,349
41,60,354
41,61,126
41,64,111
41,68,300
41,71,329
41,74,28
41,79,232
41,84,95
41,85,84
41,88,299
41,91,311
41,97,262
41,101,90
41,107,103
41,108,309
41,112,113
41,118,34
41,119,129
41,121,334
41,135,379
41,150,167
41,155,396
41,156,131
41,178,35
41,190,18
41,193,88
41,194,97
42,1,277
42,3,169
42,4,181
42,9,323
42,10,280
42,12,359
42,13,22
42,14,22
42,15,90
42,18,218
42,20,127
42,21,141
42,22,71
42,24,84
42,25,18
42,26,160
42,27,212
42,28,178
42,29,274
42,30,330
42,31,349
42,32,311
42,33,191
42,37,238
42,45,155
42,46,5
42,47,274
42,48,155
42,49,150
42,51,125
42,52,212
42,53,129
42,55,109
42,56,306
42,58,51
42,60,106
42,62,287
42,63,341
42,64,315
42,66,26
42,68,102
42,71,197
42,72,69
42,73,268
42,74,319
42,75,359
42,77,95
42,86,315
42,90,276
42,92,240
42,96,279
42,99,255
42,104,171
42,105,204
42,109,236
42,118,314
42,124,15
42,137,323
42,145,277
42,154,336
42,156,325
42,158,393
42,159,242
42,169,130
42,183,4
42,187,49
43,3,7
43,4,248
43,5,140
43,6,90
43,8,98
43,10,246
43,12,28
43,13,98
43,14,27
43,15,75
43,17,45
43,18,2
43,19,216
43,23,94
43,25,132
43,27,295
43,28,8
43,29,179
43,30,303
43,32,188
43,34,20
43,35,83
43,36,250
43,37,202
43,38,165
43,39,377
43,40,53
43,41,67
43,45,346
43,46,40
43,47,238
43,50,217
43,53,229
43,54,388
43,55,125
43,58,338
43,59,266
43,61,22
43,62,400
43,63,345
43,67,26
43,69,234
43,71,304
43,74,302
43,75,22
43,76,298
43,77,167
43,79,217
43,82,134
43,86,292
43,87,20
43,88,300
43,94,304
43,97,141
43,100,15
43,104,121
43,108,238
43,115,342
43,116,210
43,117,187
43,121,160
43,122,157
43,131,364
43,136,100
43,142,373
43,143,215
43,157,26
43,158,381
43,159,323
43,165,125
43,166,379
43,167,18
43,169,253
43,170,244
43,177,119
43,187,147
43,190,90
43,196,223
43,199,110
44,1,351
44,2,153
44,5,341
44,6,114
44,8,173
44,10,105
44,12,92
44,15,163
44,16,197
44,18,42
44,22,348
44,24,316
44,26,213
44,28,287
44,29,179
44,30,108
44,31,238
44,32,386
44,33,378
44,34,323
44,37,343
44,38,123
44,39,249
44,40,182
44,41,373
44,45,309
44,46,128
44,48,8
44,52,195
44,53,394
44,59,147
44,60,124
44,61,190
44,70,379
44,74,13
44,78,188
44,80,121
44,81,246
44,86,178
44,90,82
44,91,95
44,94,196
44,97,382
44,99,172
44,105,325
44,110,106
44,113,206
44,118,398
44,124,60
44,128,246
44,130,126
44,131,251
44,137,355
44,149,50
44,151,180
44,154,253
44,155,336
44,157,256
44,160,121
44,171,283
44,172,18
44,173,240
44,181,163
44,191,23
44,195,39
45,1,82
45,2,270
45,3,157
45,5,146
45,6,374
45,8,230
45,9,77
45,10,80
45,11,89
45,12,187
45,13,128
45,20,269
45,21,291
45,22,149
45,23,365
45,24,47
45,27,80
45,28,92
45,31,305
45,33,291
45,34,353
45,35,306
45,36,20
45,37,87
45,42,155
45,43,346
45,44,309
45,46,90
45,47,148
45,53,141
45,54,51
45,55,205
45,58,20
45,60,93
45,61,329
45,63,372
45,66,118
45,67,65
45,68,174
45,70,96
45,73,27
45,74,287
45,75,9
45,76,302
45,80,176
45,83,366
45,87,94
45,89,282
45,90,392
45,91,271
45,92,368
45,95,211
45,100,266
45,102,386
45,104,105
45,111,291
45,114,382
45,115,386
45,116,27
45,117,6
45,121,308
45,122,61
45,126,124
45,127,328
45,133,368
45,134,259
45,135,274
45,139,116
45,148,332
45,149,288
45,150,224
45,153,127
45,163,169
45,167,80
45,174,393
45,176,310
45,181,250
45,194,193
46,1,367
46,2,116
46,3,221
46,5,339
46,6,43
46,7,210
46,9,6
46,13,399
46,14,168
46,15,40
46,16,333
46,17,205
46,18,51
46,20,156
46,23,145
46,24,82
46,29,207
46,30,394
46,32,353
46,36,99
46,37,163
46,38,382
46,40,136
46,42,5
46,43,40
46,44,128
46,45,90
46,47,27
46,48,125
46,51,127
46,53,247
46,54,316
46,56,262
46,58,102
46,62,69
46,63,318
46,64,79
46,65,396
46,66,87
46,67,229
46,71,159
46,73,306
46,75,165
46,80,183
46,81,113
46,83,1
46,94,100
46,96,281
46,102,277
46,103,344
46,107,235
46,124,91
46,127,324
46,132,177
46,135,61
46,136,306
46,142,150
46,143,250
46,145,302
46,147,314
46,149,313
46,153,180
46,162,5
46,167,173
46,178,252
46,181,69
46,187,229
46,189,237
47,1,262
47,2,139
47,4,192
47,6,274
47,8,239
47,15,148
47,16,331
47,19,144
47,21,378
47,22,275
47,23,23
47,24,137
47,25,37
47,28,22
47,30,135
47,31,11
47,32,356
47,34,226
47,35,152
47,37,109
47,39,26
47,42,274
47,43,238
47,45,148
47,46,27
47,49,257
47,50,348
47,52,283
47,53,197
47,56,41
47,57,280
47,59,313
47,60,126
47,66,150
47,67,25
47,68,316
47,70,73
47,72,44
47,73,220
47,74,258
47,76,290
47,77,155
47,78,163
47,79,21
47,85,385
47,88,26
47,89,355
47,90,192
47,94,87
47,95,33
47,99,216
47,100,37
47,106,98
47,111,143
47,113,284
47,115,60
47,118,21
47,119,245
47,120,42
47,123,400
47,126,73
47,132,61
47,135,391
47,136,17
47,144,164
47,147,357
47,153,324
47,157,380
47,161,285
47,164,87
47,165,266
47,167,160
47,168,370
47,178,201
47,180,29
47,184,64
47,187,153
47,188,94
47,196,337
47,199,368
48,1,58
48,2,159
48,3,278
48,5,75
48,7,110
48,8,191
48,10,112
48,11,380
48,13,334
48,14,253
48,15,301
48,16,400
48,17,318
48,18,165
48,19,266
48,21,152
48,22,36
48,23,228
48,24,127
48,29,142
48,32,156
48,33,11
48,34,9
48,35,51
48,37,212
48,38,371
48,40,49
48,42,155
48,44,8
48,46,125
48,52,371
48,57,344
48,60,15
48,62,246
48,63,206
48,64,57
48,68,271
48,69,376
48,70,96
48,71,344
48,72,279
48,74,291
48,78,167
48,79,9
48,81,45
48,85,143
48,89,333
48,90,96
48,91,183
48,93,193
48,97,301
48,105,288
48,107,126
48,108,371
48,111,377
48,112,367
48,113,55
48,114,224
48,115,118
48,116,269
48,120,156
48,129,214
48,137,277
48,147,184
48,148,232
48,149,214
48,158,290
48,160,396
48,165,140
48,166,246
48,170,38
48,174,255
48,175,82
48,184,128
48,191,15
48,192,48
48,198,365
49,1,222
49,3,393
49,4,145
49,5,297
49,8,161
49,10,14
49,11,167
49,12,332
49,13,196
49,14,144
49,16,207
49,17,331
49,18,393
49,19,271
49,23,400
49,24,228
49,25,122
49,26,200
49,27,280
49,28,277
49,33,226
49,35,77
49,37,179
49,39,155
49,40,260
49,42,150
49,47,257
49,50,167
49,52,351
49,54,383
49,56,136
49,60,133
49,61,1
49,64,379
49,65,151
49,68,153
49,69,389
49,71,15
49,73,252
49,74,137
49,77,180
49,80,331
49,82,315
49,83,37
49,84,316
49,89,239
49,91,24
49,95,234
49,96,353
49,98,252
49,100,321
49,101,308
49,104,311
49,105,259
49,113,290
49,114,222
49,115,396
49,118,383
49,119,60
49,125,62
49,127,7
49,129,204
49,130,21
49,132,341
49,133,348
49,136,128
49,141,194
49,144,119
49,150,109
49,157,375
49,160,129
49,163,326
49,166,21
49,167,17
49,168,175
49,172,80
49,182,240
49,191,181
49,194,373
49,195,100
49,200,90
50,1,90
50,2,377
50,3,207
50,5,373
50,6,168
50,7,59
50,8,319
50,9,10
50,10,369
50,11,321
50,12,42
50,15,272
50,16,31
50,19,107
50,20,354
50,23,366
50,24,8
50,27,384
50,29,238
50,33,1
50,35,135
50,38,144
50,41,18
50,43,217
50,47,348
50,49,167
50,51,225
50,52,40
50,54,10
50,57,37
50,59,308
50,60,325
50,62,279
50,65,256
50,66,387
50,67,186
50,71,104
50,72,227
50,73,371
50,78,197
50,80,187
50,81,46
50,87,52
50,91,316
50,101,145
50,102,90
50,108,148
50,109,210
50,110,391
50,114,126
50,117,324
50,119,356
50,120,85
50,126,131
50,130,26
50,131,23
50,138,201
50,141,235
50,144,351
50,148,109
50,149,275
50,166,360
50,170,222
50,185,215
50,192,187
50,197,287
50,200,82
51,1,187
51,3,340
51,5,337
51,7,209
51,8,335
51,9,100
51,11,103
51,12,384
51,13,378
51,15,1
51,17,310
51,18,151
51,19,269
51,20,314
51,21,172
51,22,348
51,24,392
51,25,25
51,26,98
51,28,28
51,29,24
51,32,150
51,36,247
51,37,179
51,41,363
51,42,125
51,46,127
51,50,225
51,53,17
51,55,323
51,57,328
51,58,339
51,60,227
51,65,341
51,70,179
51,71,33
51,74,10
51,77,322
51,82,249
51,84,162
51,85,347
51,89,185
51,90,270
51,93,166
51,98,213
51,100,344
51,101,299
51,102,137
51,106,283
51,115,71
51,116,185
51,122,363
51,126,105
51,135,58
51,136,298
51,142,313
51,144,388
51,145,142
51,149,233
51,152,32
51,160,257
51,166,89
51,171,75
51,185,10
51,187,243
51,188,185
51,194,393
51,196,350
52,1,112
52,2,375
52,3,400
52,4,7
52,5,92
52,6,275
52,7,67
52,8,46
52,9,152
52,11,115
52,13,29
52,16,108
52,20,336
52,23,314
52,25,169
52,26,335
52,27,275
52,29,139
52,31,338
52,37,95
52,38,205
52,40,265
52,42,212
52,44,195
52,47,283
52,48,371
52,49,351
52,50,40
52,54,282
52,55,263
52,57,351
52,60,121
52,62,36
52,63,85
52,66,227
52,68,192
52,69,35
52,75,52
52,76,84
52,77,246
52,79,141
52,81,155
52,84,300
52,86,118
52,87,283
52,89,120
52,90,394
52,93,72
52,97,227
52,100,70
52,104,87
52,105,358
52,106,381
52,108,323
52,110,251
52,118,399
52,121,253
52,123,328
52,125,215
52,127,232
52,128,194
52,129,205
52,130,331
52,131,238
52,133,181
52,135,157
52,146,322
52,148,203
52,150,46
52,153,382
52,154,400
52,159,31
52,164,370
52,166,42
52,171,48
52,176,26
52,178,17
52,179,76
52,184,94
52,189,294
52,190,92
52,193,70
52,194,212
52,195,117
53,2,368
53,3,99
53,4,82
53,9,246
53,10,242
53,11,220
53,14,67
53,17,274
53,21,87
53,22,17
53,23,43
53,24,137
53,28,199
53,30,39
53,31,356
53,32,175
53,36,298
53,37,105
53,40,154
53,41,128
53,42,129
53,43,229
53,44,394
53,45,141
53,46,247
53,47,197
53,51,17
53,54,279
53,55,217
53,56,355
53,58,116
53,59,168
53,61,251
53,64,235
53,68,166
53,70,20
53,74,229
53,77,387
53,78,255
53,79,107
53,81,58
53,83,126
53,86,391
53,95,193
53,97,95
53,107,342
53,109,45
53,112,308
53,114,329
53,121,388
53,128,384
53,132,125
53,133,340
53,136,316
53,147,139
53,163,292
53,164,41
53,168,370
53,169,198
53,178,3
53,179,290
53,188,389
53,192,372
53,197,388
53,199,364
53,200,192
54,1,36
54,4,114
54,5,285
54,8,212
54,9,359
54,13,257
54,15,142
54,16,165
54,17,52
54,18,161
54,23,31
54,24,340
54,25,378
54,27,31
54,29,173
54,30,67
54,33,342
54,34,188
54,35,94
54,37,166
54,39,248
54,40,363
54,43,388
54,45,51
54,46,316
54,49,383
54,50,10
54,52,282
54,53,279
54,55,59
54,58,320
54,62,290
54,63,294
54,65,138
