source,target,weight
1,2,203
1,3,226
1,4,531
1,5,66
1,7,14
1,8,320
1,11,583
1,12,232
1,13,508
1,14,296
1,15,218
1,16,28
1,17,595
1,18,298
1,20,101
1,21,454
1,22,101
1,25,226
1,26,66
1,29,436
1,30,262
1,31,183
1,33,200
1,34,292
1,36,1
1,37,13
1,38,372
1,39,322
1,40,193
1,41,582
1,42,600
1,44,550
1,47,410
1,48,543
1,50,41
1,51,13
1,54,518
1,55,386
1,56,573
1,57,340
1,61,199
1,63,531
1,64,124
1,66,560
1,67,100
1,68,526
1,69,126
1,70,41
1,72,125
1,76,377
1,77,44
1,79,294
1,81,522
1,82,79
1,83,594
1,84,97
1,88,421
1,89,17
1,97,524
1,101,390
1,103,516
1,108,526
1,111,320
1,112,531
1,113,595
1,115,502
1,116,216
1,118,474
1,119,41
1,120,581
1,129,563
1,130,450
1,132,442
1,136,469
1,144,210
1,145,332
1,148,362
1,151,594
1,156,473
1,157,246
1,159,240
1,165,176
1,167,498
1,169,422
1,178,239
1,182,202
1,191,390
1,197,565
1,201,26
1,204,200
1,205,377
1,214,423
1,215,220
1,218,204
1,220,73
1,221,63
1,231,477
1,239,199
1,243,325
1,245,44
1,252,378
1,254,266
1,255,369
1,261,283
1,263,279
1,265,42
1,275,136
1,276,253
1,284,426
1,288,432
1,293,240
1,294,298
1,295,263
2,1,203
2,6,81
2,7,26
2,9,96
2,10,414
2,12,327
2,13,28
2,15,177
2,16,179
2,17,120
2,18,198
2,19,492
2,20,378
2,21,269
2,24,351
2,25,423
2,26,8
2,27,188
2,28,374
2,30,484
2,31,34
2,34,354
2,37,364
2,38,408
2,42,423
2,43,523
2,44,114
2,45,475
2,47,262
2,48,574
2,50,425
2,52,523
2,53,567
2,54,510
2,56,250
2,57,537
2,58,175
2,59,475
2,61,103
2,62,571
2,63,65
2,65,529
2,67,256
2,70,318
2,72,109
2,73,236
2,74,527
2,75,35
2,80,102
2,82,158
2,83,273
2,86,512
2,87,44
2,89,456
2,90,354
2,94,223
2,97,296
2,100,104
2,101,417
2,103,154
2,104,72
2,106,265
2,108,364
2,113,414
2,116,338
2,119,127
2,121,534
2,123,525
2,126,200
2,127,372
2,128,570
2,129,81
2,130,575
2,132,256
2,135,210
2,137,265
2,138,73
2,144,590
2,146,69
2,147,440
2,149,206
2,152,214
2,155,250
2,158,466
2,163,92
2,164,144
2,165,13
2,170,170
2,171,233
2,181,374
2,185,178
2,216,182
2,220,168
2,221,341
2,229,85
2,232,426
2,234,41
2,237,108
2,264,370
2,267,63
2,273,453
2,279,270
2,280,106
2,281,561
2,290,379
2,293,557
3,1,226
3,4,247
3,5,451
3,6,133
3,7,316
3,8,133
3,10,356
3,11,255
3,12,104
3,13,2
3,15,533
3,18,127
3,20,474
3,21,188
3,22,546
3,25,52
3,26,397
3,28,345
3,32,535
3,33,150
3,35,158
3,36,463
3,37,500
3,38,318
3,39,506
3,40,490
3,41,497
3,42,388
3,43,354
3,45,109
3,46,80
3,49,496
3,52,174
3,53,581
3,54,566
3,59,120
3,60,510
3,61,229
3,63,489
3,66,310
3,68,513
3,69,83
3,70,105
3,72,84
3,74,375
3,75,507
3,77,150
3,84,311
3,86,492
3,89,269
3,92,254
3,94,391
3,95,361
3,100,535
3,101,361
3,103,44
3,104,255
3,108,308
3,109,366
3,111,449
3,112,570
3,113,98
3,115,526
3,117,135
3,118,102
3,122,420
3,124,348
3,127,185
3,137,121
3,140,377
3,142,31
3,147,130
3,153,155
3,156,541
3,158,571
3,161,595
3,165,386
3,167,536
3,171,555
3,177,200
3,181,377
3,188,384
3,196,60
3,199,207
3,208,61
3,213,171
3,214,103
3,217,263
3,225,463
3,228,456
3,236,284
3,246,160
3,249,31
3,257,117
3,268,376
3,269,46
3,273,148
3,284,393
3,286,300
3,288,8
3,289,552
4,1,531
4,3,247
4,5,112
4,6,335
4,7,498
4,8,222
4,9,79
4,10,511
4,11,347
4,12,39
4,13,89
4,14,77
4,15,569
4,17,223
4,18,106
4,19,485
4,22,85
4,24,398
4,28,494
4,29,297
4,32,582
4,33,176
4,34,99
4,35,25
4,39,577
4,41,47
4,47,107
4,48,559
4,50,364
4,52,421
4,53,82
4,55,107
4,57,477
4,60,562
4,61,381
4,63,506
4,65,273
4,66,444
4,67,111
4,70,305
4,71,162
4,72,244
4,73,244
4,74,541
4,75,183
4,76,486
4,80,318
4,84,432
4,86,406
4,87,321
4,88,505
4,89,178
4,90,471
4,92,25
4,94,592
4,95,129
4,97,28
4,98,470
4,99,339
4,101,69
4,102,121
4,105,485
4,109,501
4,110,341
4,112,81
4,114,176
4,115,5
4,116,374
4,121,511
4,125,86
4,126,177
4,127,398
4,134,491
4,140,272
4,143,69
4,154,485
4,161,217
4,171,44
4,179,365
4,181,39
4,185,270
4,200,207
4,207,298
4,209,555
4,211,184
4,215,447
4,217,68
4,221,544
4,228,122
4,238,304
4,248,17
4,258,169
4,266,244
4,287,252
4,294,436
5,1,66
5,3,451
5,4,112
5,9,260
5,12,413
5,14,48
5,15,1
5,17,23
5,19,62
5,20,280
5,22,38
5,23,547
5,24,476
5,25,493
5,26,28
5,27,200
5,28,211
5,29,540
5,31,346
5,33,21
5,34,563
5,37,469
5,38,552
5,39,245
5,41,252
5,42,440
5,43,560
5,45,72
5,48,598
5,50,168
5,51,401
5,52,83
5,53,368
5,54,498
5,55,333
5,56,486
5,57,493
5,58,456
5,60,496
5,64,590
5,65,528
5,66,299
5,67,549
5,68,539
5,70,173
5,73,3
5,74,587
5,76,580
5,77,168
5,79,127
5,83,550
5,87,122
5,90,13
5,94,193
5,95,581
5,96,446
5,97,242
5,98,476
5,99,486
5,103,333
5,107,76
5,110,560
5,111,62
5,113,120
5,114,257
5,115,321
5,116,108
5,118,427
5,119,33
5,124,389
5,128,442
5,130,73
5,132,251
5,134,528
5,140,101
5,142,40
5,143,28
5,146,270
5,147,167
5,151,331
5,159,91
5,160,533
5,167,501
5,170,148
5,174,399
5,175,239
5,178,147
5,180,136
5,183,109
5,189,289
5,190,295
5,194,38
5,197,91
5,203,80
5,205,239
5,207,308
5,208,417
5,219,456
5,223,143
5,226,582
5,227,289
5,234,448
5,240,276
5,244,508
5,252,249
5,260,600
5,263,528
5,264,288
5,268,281
5,270,382
5,274,149
5,280,376
5,285,476
5,294,233
5,295,522
6,2,81
6,3,133
6,4,335
6,7,335
6,8,588
6,9,130
6,10,592
6,11,54
6,12,322
6,16,161
6,18,249
6,19,138
6,21,450
6,22,559
6,25,62
6,27,58
6,30,98
6,31,28
6,32,193
6,33,178
6,34,340
6,36,575
6,38,514
6,40,587
6,42,30
6,44,96
6,45,287
6,46,434
6,48,69
6,49,18
6,50,534
6,51,255
6,52,427
6,53,383
6,54,200
6,55,40
6,57,395
6,58,257
6,59,459
6,62,216
6,67,405
6,68,534
6,69,300
6,70,578
6,72,180
6,73,544
6,74,46
6,76,170
6,77,400
6,80,46
6,81,461
6,83,210
6,84,598
6,85,255
6,87,13
6,88,223
6,89,123
6,96,499
6,97,171
6,99,86
6,105,558
6,109,335
6,110,302
6,112,512
6,113,303
6,123,392
6,126,392
6,128,407
6,129,158
6,131,256
6,136,574
6,149,541
6,151,534
6,154,312
6,156,313
6,158,538
6,162,388
6,163,180
6,169,402
6,170,143
6,176,246
6,185,346
6,186,318
6,188,378
6,192,135
6,193,44
6,195,581
6,197,593
6,199,567
6,205,286
6,213,308
6,215,185
6,221,232
6,226,592
6,236,368
6,252,498
6,260,45
6,264,273
6,296,517
7,1,14
7,2,26
7,3,316
7,4,498
7,6,335
7,8,21
7,10,28
7,11,112
7,12,508
7,14,417
7,15,457
7,16,15
7,17,41
7,19,207
7,21,514
7,22,177
7,23,299
7,24,359
7,26,221
7,27,5
7,29,177
7,30,506
7,32,317
7,33,447
7,34,21
7,35,443
7,36,428
7,37,331
7,38,20
7,39,574
7,40,581
7,41,149
7,42,320
7,44,338
7,45,241
7,46,309
7,49,468
7,52,234
7,54,271
7,55,279
7,57,425
7,58,21
7,59,455
7,60,401
7,61,589
7,63,332
7,65,99
7,71,217
7,74,56
7,75,465
7,77,564
7,83,368
7,84,416
7,87,53
7,90,163
7,91,167
7,92,25
7,93,141
7,94,239
7,99,481
7,100,150
7,101,100
7,102,120
7,104,99
7,111,201
7,115,473
7,116,563
7,117,400
7,118,572
7,119,464
7,121,188
7,122,564
7,123,433
7,125,269
7,129,418
7,131,75
7,132,500
7,135,419
7,141,263
7,146,359
7,149,345
7,153,594
7,155,119
7,156,77
7,158,540
7,159,95
7,160,508
7,163,303
7,166,228
7,167,454
7,169,537
7,170,585
7,173,177
7,183,208
7,184,33
7,185,282
7,195,528
7,196,213
7,199,90
7,200,336
7,201,285
7,206,376
7,208,221
7,221,399
7,222,97
7,228,51
7,239,45
7,240,355
7,241,226
7,251,267
7,254,219
7,258,145
7,259,573
7,260,369
7,267,326
7,268,574
7,272,525
7,279,421
7,280,456
7,284,85
7,287,53
7,297,67
8,1,320
8,3,133
8,4,222
8,6,588
8,7,21
8,11,58
8,13,182
8,14,290
8,16,21
8,17,526
8,18,55
8,19,98
8,20,200
8,21,109
8,22,83
8,23,241
8,24,386
8,25,27
8,26,317
8,31,79
8,32,86
8,33,414
8,34,195
8,35,386
8,37,217
8,38,316
8,39,304
8,42,103
8,43,394
8,44,338
8,46,231
8,48,87
8,49,523
8,52,210
8,53,392
8,54,110
8,55,210
8,56,493
8,58,295
8,61,304
8,62,132
8,63,180
8,64,233
8,65,585
8,66,540
8,67,526
8,68,224
8,70,11
8,72,250
8,73,457
8,75,600
8,77,309
8,80,240
8,81,248
8,82,548
8,83,337
8,84,239
8,85,62
8,86,157
8,88,406
8,89,597
8,91,598
8,93,599
8,94,303
8,95,2
8,97,13
8,98,236
8,100,103
8,101,476
8,103,561
8,108,255
8,115,225
8,116,20
8,117,18
8,118,246
8,126,382
8,127,329
8,128,44
8,129,206
8,133,131
8,134,518
8,139,203
8,140,347
8,146,356
8,149,141
8,157,314
8,171,4
8,172,290
8,175,91
8,177,541
8,186,51
8,188,332
8,192,388
8,197,542
8,198,231
8,200,48
8,201,273
8,206,216
8,211,337
8,214,154
8,222,402
8,228,6
8,238,148
8,243,418
8,245,499
8,247,236
8,251,143
8,253,219
8,259,457
8,268,122
8,270,216
8,272,269
8,273,479
8,274,336
8,293,107
8,296,445
8,298,320
9,2,96
9,4,79
9,5,260
9,6,130
9,11,324
9,12,82
9,13,472
9,14,186
9,15,313
9,16,223
9,19,41
9,20,314
9,22,470
9,23,162
9,24,287
9,28,59
9,30,527
9,34,582
9,35,573
9,37,455
9,38,297
9,39,204
9,43,303
9,46,458
9,49,267
9,51,229
9,53,55
9,54,538
9,56,266
9,57,228
9,61,357
9,63,595
9,64,181
9,65,323
9,77,346
9,80,507
9,82,313
9,83,164
9,86,497
9,92,450
9,95,528
9,97,419
9,99,515
9,100,293
9,103,506
9,104,132
9,105,514
9,107,205
9,108,274
9,109,72
9,114,305
9,116,230
9,135,163
9,137,328
9,141,10
9,145,78
9,149,183
9,155,49
9,160,320
9,165,102
9,168,476
9,174,453
9,180,35
9,182,52
9,184,387
9,188,347
9,198,330
9,204,258
9,205,11
9,206,408
9,212,291
9,216,351
9,217,64
9,218,24
9,220,565
9,221,115
9,226,2
9,228,172
9,231,198
9,233,590
9,239,133
9,240,9
9,249,575
9,251,248
9,258,276
9,261,506
9,264,305
9,281,28
9,283,521
9,288,584
9,297,524
9,299,120
9,300,61
10,2,414
10,3,356
10,4,511
10,6,592
10,7,28
10,11,324
10,12,569
10,13,566
10,14,485
10,15,369
10,17,142
10,18,225
10,19,231
10,20,479
10,21,385
10,23,338
10,24,520
10,25,547
10,28,15
10,29,107
10,31,512
10,32,215
10,33,181
10,34,569
10,35,291
10,44,359
10,46,232
10,48,112
10,49,288
10,52,269
10,53,7
10,55,245
10,57,569
10,59,87
10,61,96
10,62,338
10,64,433
10,67,254
10,68,579
10,69,362
10,71,292
10,74,365
10,75,230
10,78,175
10,79,544
10,81,229
10,83,586
10,85,176
10,87,210
10,88,465
10,92,246
10,94,563
10,96,260
10,99,44
10,102,217
10,103,450
10,108,239
10,113,102
10,115,73
10,117,335
10,124,475
10,128,257
10,130,353
10,132,264
10,135,516
10,144,208
10,145,433
10,152,162
10,157,544
10,167,330
10,173,96
10,174,118
10,176,599
10,180,189
10,185,250
10,186,190
10,189,562
10,190,171
10,196,65
10,199,27
10,202,169
10,205,372
10,206,404
10,219,19
10,225,298
10,227,583
10,229,48
10,237,377
10,241,54
10,246,463
10,253,498
10,260,371
10,262,331
10,273,597
10,281,163
10,292,76
11,1,583
11,3,255
11,4,347
11,6,54
11,7,112
11,8,58
11,9,324
11,10,324
11,13,17
11,14,494
11,16,137
11,17,285
11,18,542
11,22,437
11,25,147
11,27,262
11,29,590
11,30,233
11,32,108
11,33,344
11,35,232
11,36,578
11,39,422
11,40,352
11,41,346
11,42,404
11,46,88
11,48,90
11,49,433
11,50,536
11,51,183
11,52,84
11,53,209
11,54,214
11,56,448
11,60,596
11,61,425
11,68,567
11,71,21
11,77,99
11,78,39
11,83,139
11,87,412
11,88,169
11,91,460
11,95,342
11,96,359
11,97,107
11,98,165
11,103,478
11,104,483
11,105,342
11,106,494
11,108,142
11,118,241
11,126,119
11,131,131
11,132,32
11,135,170
11,141,51
11,147,447
11,157,54
11,159,130
11,161,135
11,169,4
11,171,413
11,173,63
11,174,497
11,180,473
11,188,358
11,190,256
11,191,433
11,197,389
11,199,513
11,207,264
11,210,321
11,216,199
11,229,598
11,233,438
11,234,46
11,236,421
11,241,398
11,253,389
11,254,10
11,262,401
11,263,77
11,267,200
11,272,568
11,274,101
11,283,318
11,284,293
11,286,321
11,298,150
12,1,232
12,2,327
12,3,104
12,4,39
12,5,413
12,6,322
12,7,508
12,9,82
12,10,569
12,13,127
12,14,430
12,15,358
12,16,481
12,19,79
12,21,328
12,22,196
12,23,417
12,26,161
12,28,73
12,30,359
12,31,190
12,32,490
12,33,479
12,35,568
12,36,505
12,37,551
12,38,532
12,41,256
12,47,546
12,49,133
12,50,120
12,52,264
12,54,584
12,55,127
12,56,176
12,58,408
12,59,410
12,60,381
12,63,458
12,68,112
12,70,526
12,71,92
12,72,503
12,77,299
12,83,200
12,85,456
12,88,152
12,89,449
12,90,320
12,91,54
12,92,166
12,94,46
12,96,177
12,100,370
12,102,498
12,103,427
12,106,424
12,109,268
12,110,450
12,113,180
12,114,11
12,116,239
12,119,27
12,120,527
12,123,181
12,125,376
12,128,19
12,130,340
12,137,259
12,144,355
12,147,252
12,154,366
12,157,434
12,161,499
12,162,500
12,173,298
12,174,311
12,179,132
12,180,366
12,181,482
12,183,305
12,191,541
12,194,484
12,197,97
12,199,21
12,202,114
12,208,51
12,215,563
12,219,219
12,227,401
12,230,203
12,232,266
12,237,444
12,243,143
12,262,2
12,265,91
12,272,516
12,278,358
12,282,25
12,285,20
12,290,256
12,291,45
12,300,341
13,1,508
13,2,28
13,3,2
13,4,89
13,8,182
13,9,472
13,10,566
13,11,17
13,12,127
13,14,111
13,16,445
13,17,395
13,18,3
13,19,419
13,20,289
13,21,352
13,23,249
13,24,387
13,25,432
13,26,115
13,27,197
13,28,181
13,29,179
13,30,83
13,32,176
13,33,580
13,34,236
13,35,207
13,38,29
13,40,217
13,42,494
13,43,337
13,45,220
13,47,159
13,49,221
13,51,528
13,54,3
13,55,475
13,58,250
13,59,526
13,61,179
13,64,215
13,68,219
13,70,254
13,71,228
13,74,355
13,77,558
13,83,502
13,85,91
13,87,190
13,88,430
13,91,27
13,93,147
13,94,436
13,96,60
13,97,89
13,98,337
13,100,253
13,101,254
13,104,218
13,105,529
13,117,286
13,118,379
13,122,40
13,125,575
13,127,384
13,134,476
13,136,518
13,137,29
13,140,324
13,143,95
13,144,172
13,145,7
13,146,103
13,150,487
13,151,532
13,159,152
13,163,503
13,166,597
13,167,114
13,173,217
13,175,233
13,178,311
13,191,213
13,192,299
13,194,3
13,202,307
13,205,314
13,210,213
13,211,575
13,222,263
13,223,20
13,224,590
13,228,352
13,240,179
13,243,7
13,257,275
13,261,325
13,262,437
13,267,595
13,269,288
13,287,188
13,294,60
13,296,571
14,1,296
14,4,77
14,5,48
14,7,417
14,8,290
14,9,186
14,10,485
14,11,494
14,12,430
14,13,111
14,15,387
14,17,547
14,18,77
14,20,457
14,21,546
14,24,549
14,25,69
14,26,323
14,27,536
14,29,305
14,31,56
14,32,415
14,33,75
14,37,448
14,39,201
14,40,243
14,46,52
14,47,25
14,48,292
14,49,414
14,50,474
14,51,401
14,52,415
14,53,354
14,54,223
14,55,564
14,58,22
14,59,209
14,61,563
14,63,132
14,64,371
14,65,266
14,66,408
14,67,34
14,68,309
14,69,236
14,70,212
14,75,202
14,78,114
14,79,578
14,80,86
14,81,541
14,82,124
14,86,199
14,88,439
14,89,495
14,93,461
14,97,545
14,98,200
14,102,52
14,108,105
14,109,264
14,115,34
14,117,449
14,118,5
14,122,268
14,129,192
14,130,505
14,131,564
14,132,357
14,133,455
14,139,493
14,141,202
14,142,35
14,143,560
14,145,467
14,146,127
14,150,422
14,153,406
14,156,592
14,158,43
14,159,547
14,161,118
14,163,196
14,164,120
14,168,96
14,186,150
14,191,51
14,200,28
14,212,576
14,213,359
14,215,475
14,222,503
14,230,2
14,246,181
14,250,329
14,264,598
14,265,179
14,272,460
14,288,390
14,292,133
14,296,92
15,1,218
15,2,177
15,3,533
15,4,569
15,5,1
15,7,457
15,9,313
15,10,369
15,12,358
15,14,387
15,16,365
15,19,126
15,20,3
15,22,570
15,23,71
15,24,504
15,25,159
15,26,371
15,27,301
15,29,309
15,30,419
15,31,583
15,33,585
15,34,565
15,35,132
15,37,515
15,38,402
15,41,138
15,43,547
15,44,209
15,46,531
15,51,500
15,52,20
15,53,459
15,55,457
15,56,217
15,57,224
15,58,382
15,59,593
15,61,350
15,62,503
15,65,401
15,66,321
15,69,180
15,73,356
15,74,242
15,76,246
15,78,453
15,81,229
15,83,227
15,84,255
15,86,133
15,90,160
15,93,531
15,94,562
15,95,492
15,96,498
15,97,115
15,99,402
15,105,430
15,108,255
15,110,205
15,113,311
15,117,544
15,119,537
15,120,351
15,130,104
15,132,295
15,137,204
15,139,86
15,150,450
15,155,333
15,162,65
15,163,419
15,166,34
15,170,287
15,176,321
15,178,569
15,180,248
15,185,146
15,187,23
15,190,225
15,193,503
15,200,178
15,203,569
15,204,155
15,208,351
15,210,270
15,212,236
15,213,357
15,215,363
15,219,576
15,225,243
15,238,444
15,239,582
15,245,274
15,254,444
15,259,132
15,264,424
15,265,355
15,269,499
15,273,314
15,276,537
15,279,124
15,292,548
15,298,286
16,1,28
16,2,179
16,6,161
16,7,15
16,8,21
16,9,223
16,11,137
16,12,481
16,13,445
16,15,365
16,17,266
16,18,189
16,19,457
16,23,357
16,24,198
16,27,518
16,29,128
16,31,438
16,32,7
16,33,529
16,34,510
16,35,354
16,36,256
16,37,121
16,38,287
16,40,153
16,41,539
16,43,22
16,44,70
16,46,301
16,48,166
16,50,569
16,51,22
16,52,307
16,55,475
16,57,580
16,58,391
16,59,144
16,60,486
16,61,592
16,62,252
16,67,543
16,68,188
16,69,483
16,71,164
16,73,268
16,74,161
16,76,495
16,79,376
16,80,85
16,81,273
16,85,157
16,86,280
16,89,280
16,90,496
16,94,256
16,96,348
16,100,419
16,101,328
16,107,548
16,110,566
16,113,63
16,114,233
16,116,27
16,117,520
16,121,280
16,131,263
16,132,301
16,133,305
16,139,220
16,141,42
16,143,201
16,149,337
16,160,259
16,161,45
16,166,471
16,169,70
16,170,98
16,172,108
16,177,14
16,187,262
16,188,190
16,190,280
16,197,371
16,203,573
16,208,10
16,211,281
16,221,533
16,223,343
16,227,236
16,232,393
16,238,62
16,239,297
16,248,537
16,250,87
16,251,181
16,254,383
16,255,435
16,257,119
16,264,246
16,268,36
16,277,416
16,282,334
16,295,424
17,1,595
17,2,120
17,4,223
17,5,23
17,7,41
17,8,526
17,10,142
17,11,285
17,13,395
17,14,547
17,16,266
17,19,302
17,20,565
17,22,578
17,23,297
17,24,457
17,26,371
17,28,522
17,31,235
17,33,567
17,34,335
17,35,566
17,36,19
17,37,308
17,38,243
17,39,277
17,40,209
17,41,178
17,42,43
17,44,342
17,45,560
17,46,479
17,47,12
17,48,387
17,49,256
17,51,156
17,52,8
17,54,136
17,56,422
17,57,152
17,58,375
17,59,190
17,62,488
17,63,123
17,64,138
17,65,520
17,67,79
17,68,160
17,69,261
17,70,372
17,72,360
17,74,349
17,75,290
17,76,542
17,77,124
17,79,336
17,80,376
17,81,360
17,82,414
17,85,398
17,86,481
17,87,467
17,91,356
17,92,393
17,94,437
17,96,359
17,98,64
17,99,237
17,101,209
17,102,179
17,103,337
17,104,599
17,106,117
17,108,275
17,109,362
17,111,170
17,112,106
17,113,397
17,116,495
17,120,393
17,121,332
17,125,475
17,127,106
17,128,507
17,129,64
17,131,145
17,132,324
17,138,567
17,141,337
17,143,495
17,150,62
17,151,364
17,152,31
17,161,394
17,164,96
17,171,262
17,175,448
17,177,537
17,178,101
17,182,270
17,190,374
17,196,127
17,202,320
17,207,527
17,209,575
17,217,98
17,219,509
17,227,230
17,229,320
17,232,453
17,236,214
17,237,96
17,240,1
17,251,569
17,254,521
17,262,462
17,263,242
17,265,561
17,267,466
17,270,339
17,275,147
17,293,469
17,297,132
17,300,255
18,1,298
18,2,198
18,3,127
18,4,106
18,6,249
18,8,55
18,10,225
18,11,542
18,13,3
18,14,77
18,16,189
18,20,215
18,21,54
18,22,5
18,23,309
18,24,539
18,25,168
18,28,392
18,29,98
18,30,3
18,31,496
18,32,362
18,33,502
18,34,399
18,37,262
18,38,63
18,39,43
18,40,380
18,42,384
18,43,260
18,46,19
18,47,243
18,48,385
18,50,494
18,51,284
18,52,451
18,53,32
18,55,242
18,56,272
18,60,483
18,61,303
18,62,62
18,64,152
18,65,368
18,67,105
18,69,55
18,72,363
18,76,438
18,77,584
18,79,383
18,80,585
18,82,117
18,85,553
18,86,554
18,88,445
18,91,259
18,93,4
18,97,405
18,98,488
18,99,79
18,100,520
18,101,557
18,111,2
18,112,358
18,119,54
18,128,430
18,133,573
18,138,369
18,145,527
18,155,342
18,162,562
18,166,202
18,169,10
18,170,459
18,177,537
18,185,272
18,188,274
18,192,113
18,199,460
18,206,302
18,217,253
18,221,392
18,222,173
18,224,505
18,233,69
18,234,63
18,235,219
18,238,223
18,250,536
18,253,39
18,257,461
18,261,154
18,266,505
18,271,201
18,274,520
18,283,262
18,286,244
18,290,435
18,297,161
19,2,492
19,4,485
19,5,62
19,6,138
19,7,207
19,8,98
19,9,41
19,10,231
19,12,79
19,13,419
19,15,126
19,16,457
19,17,302
19,20,579
19,21,29
19,22,570
19,25,226
19,26,198
19,27,289
19,28,569
19,29,467
19,30,292
19,31,282
19,34,74
19,36,544
19,37,460
19,38,549
19,39,214
19,40,2
19,42,355
19,43,424
19,45,504
19,46,4
19,48,451
19,49,413
19,52,184
19,53,283
19,54,13
19,55,227
19,57,183
19,59,11
19,60,40
19,61,484
19,62,500
19,66,511
19,67,319
19,68,513
19,69,503
19,70,355
19,71,281
19,73,367
19,78,30
19,79,110
19,80,539
19,81,191
19,82,367
19,83,453
19,84,35
19,87,316
19,92,202
19,93,567
19,94,42
19,95,461
19,96,577
19,97,589
19,101,562
19,106,404
19,108,461
19,115,125
19,121,70
19,122,586
19,123,479
19,126,459
19,127,193
19,134,492
19,135,353
19,140,60
19,141,385
19,144,30
19,145,13
19,148,376
19,153,172
19,157,181
19,161,114
19,167,285
19,169,567
19,170,143
19,171,82
19,173,180
19,175,243
19,176,58
19,178,500
19,179,178
19,183,482
19,186,1
19,188,156
19,197,175
19,213,539
19,219,143
19,230,188
19,231,220
19,233,420
19,248,193
19,250,202
19,257,496
19,259,72
19,262,78
19,270,90
19,275,35
19,285,279
19,289,359
19,295,134
19,300,187
20,1,101
20,2,378
20,3,474
20,5,280
20,8,200
20,9,314
20,10,479
20,13,289
20,14,457
20,15,3
20,17,565
20,18,215
20,19,579
20,24,376
20,25,545
20,26,379
20,29,76
20,30,98
20,31,130
20,32,55
20,33,12
20,34,6
20,36,326
20,38,554
20,39,285
20,40,341
20,41,591
20,42,58
20,44,475
20,46,273
20,48,378
20,49,152
20,50,351
20,51,302
20,52,303
20,56,493
20,58,497
20,62,372
20,63,494
20,64,394
20,65,484
20,67,444
20,68,166
20,69,326
20,70,411
20,71,362
20,73,367
20,76,494
20,77,148
20,80,417
20,82,10
20,83,348
20,88,236
20,92,188
20,93,567
20,98,204
20,101,148
20,104,6
20,108,243
20,109,251
20,110,191
20,111,454
20,112,340
20,113,159
20,118,99
20,124,128
20,128,484
20,130,231
20,135,161
20,136,564
20,138,10
20,139,78
20,148,556
20,153,87
20,154,522
20,157,156
20,160,255
20,161,521
20,163,248
20,172,245
20,186,162
20,187,10
20,190,308
20,191,512
20,192,89
20,198,429
20,199,307
20,207,228
20,217,170
20,219,298
20,220,440
20,223,483
20,231,70
20,234,49
20,244,340
20,253,151
20,258,143
20,259,131
20,261,532
20,276,77
20,278,56
20,293,81
20,297,373
21,1,454
21,2,269
21,3,188
21,6,450
21,7,514
21,8,109
21,10,385
21,12,328
21,13,352
21,14,546
21,18,54
21,19,29
21,23,8
21,26,544
21,27,22
21,28,448
21,29,98
21,32,371
21,33,501
21,36,395
21,38,61
21,39,195
21,40,138
21,41,257
21,42,123
21,43,435
21,44,214
21,45,542
21,47,510
21,48,571
21,49,513
21,50,518
21,52,132
21,56,533
21,57,458
21,58,407
21,60,504
21,61,32
21,63,345
21,66,106
21,70,327
21,71,64
21,72,326
21,73,562
21,75,431
21,78,265
21,79,153
21,81,155
21,83,588
21,85,210
21,86,200
21,87,153
21,89,97
21,90,461
21,91,553
21,94,281
21,95,269
21,98,386
21,99,94
21,101,47
21,103,219
21,104,259
21,106,44
21,109,472
21,111,45
21,113,11
21,114,244
21,117,392
21,119,434
21,122,8
21,124,577
21,128,109
21,133,249
21,134,189
21,142,197
21,146,11
21,150,462
21,152,179
21,154,364
21,155,371
21,160,565
21,161,259
21,165,319
21,167,537
21,174,356
21,179,210
21,180,200
21,186,170
21,189,295
21,191,98
21,193,482
21,196,309
21,204,51
21,207,127
21,211,268
21,218,502
21,222,156
21,224,427
21,225,91
21,236,165
21,238,385
21,247,21
21,251,550
21,252,8
21,255,14
21,260,222
21,267,413
21,270,454
21,274,119
21,279,364
21,284,101
21,289,174
21,290,414
21,294,314
22,1,101
22,3,546
22,4,85
22,5,38
22,6,559
22,7,177
22,8,83
22,9,470
22,11,437
22,12,196
22,15,570
22,17,578
22,18,5
22,19,570
22,25,329
22,27,570
22,28,397
22,29,205
22,30,593
22,34,389
22,35,492
22,36,572
22,37,17
22,38,423
22,39,275
22,41,520
22,42,365
22,44,311
22,45,130
22,46,283
22,47,490
22,51,318
22,52,281
22,53,104
22,54,458
22,56,455
22,57,22
22,58,180
22,60,77
22,62,174
22,63,574
22,65,98
22,66,333
22,69,487
22,72,472
22,74,196
22,75,182
22,77,29
22,78,233
22,82,45
22,84,277
22,86,225
22,88,573
22,90,74
22,93,387
22,98,262
22,101,174
22,106,399
22,110,77
22,112,317
22,113,442
22,120,199
22,123,163
22,124,366
22,127,45
22,129,288
22,131,215
22,132,302
22,133,23
22,134,39
22,139,322
22,140,545
22,145,193
22,148,343
22,149,267
22,150,416
22,154,356
22,155,52
22,162,248
22,164,599
22,165,202
22,168,538
22,177,57
22,181,51
22,183,197
22,192,196
22,202,544
22,213,600
22,233,397
22,235,250
22,242,420
22,246,127
22,247,500
22,251,296
22,260,388
22,262,130
22,263,465
22,267,93
22,268,297
23,5,547
23,7,299
23,8,241
23,9,162
23,10,338
23,12,417
23,13,249
23,15,71
23,16,357
23,17,297
23,18,309
23,21,8
23,24,237
23,26,138
23,28,191
23,29,164
23,30,50
23,31,171
23,33,52
23,34,365
23,35,474
23,37,122
23,38,307
23,39,8
23,40,583
23,41,263
23,42,381
23,43,115
23,46,469
23,47,534
23,48,301
23,51,283
23,54,201
23,55,478
23,56,320
23,57,128
23,58,94
23,59,532
23,60,146
23,61,261
23,62,245
23,63,78
23,64,308
23,66,484
23,70,470
23,71,8
23,72,525
23,77,89
23,81,195
23,82,476
23,84,134
23,86,67
23,87,106
23,88,572
23,90,436
23,96,452
23,97,17
23,99,311
23,100,304
23,102,334
23,103,49
23,105,62
23,107,290
23,111,419
23,115,113
23,116,168
23,122,348
23,126,32
23,127,148
23,133,567
23,136,124
23,137,243
23,138,503
23,139,308
23,144,486
23,151,502
23,152,498
23,153,383
23,155,281
23,162,50
23,163,122
23,166,180
23,173,577
23,174,211
23,178,336
23,184,214
23,198,377
23,206,494
23,210,444
23,219,154
23,221,545
23,223,26
23,252,560
23,254,343
23,261,262
23,268,87
23,269,401
23,281,53
23,286,155
23,291,345
23,294,236
23,299,93
24,2,351
24,4,398
24,5,476
24,7,359
24,8,386
24,9,287
24,10,520
24,13,387
24,14,549
24,15,504
24,16,198
24,17,457
24,18,539
24,20,376
24,23,237
24,25,130
24,26,69
24,27,194
24,32,23
24,33,592
24,35,209
24,37,412
24,39,506
24,41,241
24,42,564
24,43,101
24,44,237
24,45,297
24,46,250
24,50,286
24,54,245
24,55,499
24,59,587
24,60,433
24,63,512
24,64,289
24,67,515
24,68,497
24,69,411
24,71,201
24,73,453
24,74,334
24,79,568
24,80,444
24,81,371
24,84,334
24,88,415
24,92,179
24,94,135
24,95,304
24,98,374
24,99,571
24,106,57
24,107,452
24,108,465
24,110,407
24,111,113
24,112,367
24,115,21
24,116,151
24,119,102
24,120,268
24,124,222
24,125,227
24,127,550
24,128,592
24,130,19
24,132,592
24,135,577
24,137,299
24,138,370
24,141,305
24,142,322
24,150,56
24,155,432
24,157,264
24,161,13
24,168,508
24,173,464
24,174,460
24,183,90
24,184,507
24,185,97
24,187,433
24,191,241
24,194,3
24,195,162
24,202,305
24,205,410
24,208,454
24,216,230
24,217,81
24,237,290
24,241,160
24,242,510
24,243,450
24,249,331
24,265,370
24,276,540
24,280,153
24,288,355
24,299,100
24,300,516
25,1,226
25,2,423
25,3,52
25,5,493
25,6,62
25,8,27
25,10,547
25,11,147
25,13,432
25,14,69
25,15,159
25,18,168
25,19,226
25,20,545
25,22,329
25,24,130
25,27,586
25,28,29
25,30,246
25,31,79
25,32,237
25,34,22
25,35,51
25,36,96
25,38,508
25,39,370
25,40,248
25,41,505
25,42,338
25,44,500
25,45,201
25,47,481
25,48,475
25,50,267
25,52,590
25,55,153
25,56,220
25,57,509
25,58,533
25,59,279
25,60,131
25,61,491
25,62,471
25,63,235
25,66,163
25,69,38
25,71,41
25,72,226
25,73,30
25,74,66
25,75,231
25,76,111
25,77,256
25,78,343
25,79,371
25,82,189
25,83,113
25,85,369
25,86,561
25,87,21
25,91,340
25,103,511
25,105,510
25,106,69
25,107,357
25,110,198
25,111,94
25,113,319
25,118,268
25,121,514
25,122,157
25,123,217
25,127,20
25,128,367
25,131,190
25,133,211
25,135,111
25,136,260
25,141,328
25,142,458
25,144,594
25,150,173
25,154,105
25,155,527
25,156,220
25,158,321
25,161,490
25,162,211
25,163,147
25,164,365
25,171,60
25,172,105
25,181,551
25,187,570
25,188,562
25,190,170
25,204,32
25,211,449
25,223,211
25,227,390
25,228,4
25,234,154
25,236,385
25,237,84
25,241,331
25,244,416
25,245,391
25,269,463
25,276,550
25,277,116
25,290,143
25,299,585
26,1,66
26,2,8
26,3,397
26,5,28
26,7,221
26,8,317
26,12,161
26,13,115
26,14,323
26,15,371
26,17,371
26,19,198
26,20,379
26,21,544
26,23,138
26,24,69
26,27,469
26,28,349
26,30,584
26,31,496
26,32,228
26,35,110
26,36,205
26,37,202
26,39,462
26,40,531
26,42,366
26,43,468
26,45,578
26,46,240
26,47,342
26,49,370
26,51,7
26,53,498
26,57,344
26,58,181
26,60,255
26,63,501
26,64,349
26,66,482
26,68,158
26,71,168
26,74,158
26,75,8
26,76,315
26,79,190
26,81,125
26,86,7
26,88,231
26,93,553
26,94,219
26,96,222
26,98,170
26,104,171
26,105,56
26,107,390
26,109,422
26,111,368
26,117,267
26,118,485
26,119,37
26,120,126
26,122,206
26,124,505
26,127,279
26,131,13
26,138,553
26,145,576
26,146,229
26,147,27
26,148,303
26,156,478
26,157,48
26,161,249
26,162,416
26,163,9
26,165,269
26,167,98
26,171,469
26,172,45
26,174,389
26,175,196
26,177,323
26,179,18
26,181,142
26,183,504
26,188,167
26,190,451
26,196,577
26,201,61
26,202,105
26,203,495
26,208,535
26,212,278
26,213,497
26,216,566
26,225,176
26,227,319
26,233,72
26,242,102
26,244,29
26,245,238
26,247,13
26,258,218
26,261,409
26,267,153
26,272,521
26,274,573
26,275,508
26,293,44
26,299,351
27,2,188
27,5,200
27,6,58
27,7,5
27,11,262
27,13,197
27,14,536
27,15,301
27,16,518
27,19,289
27,21,22
27,22,570
27,24,194
27,25,586
27,26,469
27,28,594
27,30,264
27,32,515
27,33,104
27,34,385
27,38,82
27,39,284
27,41,470
27,42,479
27,43,398
27,45,365
27,46,543
27,48,486
27,49,72
27,51,309
27,52,418
27,53,236
27,56,394
27,58,227
27,59,133
27,65,82
27,66,193
27,69,483
27,72,534
27,75,375
27,76,37
27,78,421
27,84,157
27,88,169
27,90,193
27,91,175
27,92,475
27,93,589
27,94,228
27,96,335
27,99,142
27,100,162
27,102,325
27,103,35
27,104,487
27,105,71
27,109,357
27,112,546
27,115,535
27,118,540
27,123,453
27,124,355
27,127,74
27,130,444
27,131,216
27,132,570
27,134,585
27,138,573
27,162,298
27,163,115
27,170,197
27,171,461
27,172,326
27,173,222
27,179,161
27,180,239
27,181,23
27,182,218
27,184,181
27,185,263
27,188,325
27,190,339
27,193,13
27,206,240
27,209,26
27,211,491
27,214,139
27,215,453
27,216,484
27,226,462
27,228,344
27,229,1
27,231,295
27,239,315
27,241,366
27,246,581
27,250,256
27,253,314
27,257,590
27,261,325
27,269,178
27,273,18
27,284,167
27,288,398
27,290,93
27,292,243
27,294,438
27,295,237
28,2,374
28,3,345
28,4,494
28,5,211
28,9,59
28,10,15
28,12,73
28,13,181
28,17,522
28,18,392
28,19,569
28,21,448
28,22,397
28,23,191
28,25,29
28,26,349
28,27,594
28,29,128
28,30,79
28,31,253
28,34,34
28,35,261
28,36,538
28,37,518
28,38,330
28,43,366
28,44,271
28,45,187
28,47,498
28,48,460
28,49,121
28,51,367
28,53,558
28,57,46
28,59,165
28,62,428
28,64,587
28,68,405
28,70,356
28,72,423
28,77,553
28,79,80
28,80,276
28,83,5
28,88,456
28,90,77
28,96,576
28,100,493
28,102,288
28,103,320
28,105,78
28,109,35
28,115,128
28,116,140
28,118,239
28,120,465
28,124,592
28,127,271
28,135,309
28,138,184
28,141,163
28,145,53
28,148,519
28,154,440
28,155,541
28,158,517
28,165,143
28,171,537
28,186,590
28,187,144
28,189,175
28,190,482
28,193,368
28,194,254
28,196,586
28,198,509
28,210,379
28,212,203
28,216,532
28,217,470
28,221,467
28,237,147
28,243,275
28,247,334
28,258,278
28,274,302
28,278,195
28,283,282
28,285,307
28,290,449
28,293,186
28,296,155
28,300,465
29,1,436
29,4,297
29,5,540
29,7,177
29,10,107
29,11,590
29,13,179
29,14,305
29,15,309
29,16,128
29,18,98
29,19,467
29,20,76
29,21,98
29,22,205
29,23,164
29,28,128
29,30,352
29,31,381
29,32,455
29,34,460
29,35,574
29,36,87
29,37,246
29,40,81
29,41,460
29,43,185
29,44,350
29,45,65
29,47,588
29,48,528
29,49,4
29,51,462
29,52,39
29,56,29
29,59,72
29,60,158
29,62,476
29,63,364
29,64,447
29,65,79
29,66,19
29,67,90
29,68,499
29,69,198
29,71,571
29,72,547
29,73,55
29,75,198
29,76,505
29,77,199
29,79,593
29,81,548
29,82,207
29,84,485
29,85,191
29,86,410
29,90,584
29,92,107
29,93,195
29,94,93
29,97,54
29,99,43
29,100,296
29,101,81
29,102,312
29,106,330
29,107,467
29,111,374
29,112,265
29,113,194
29,114,70
29,115,358
29,116,416
29,117,496
29,120,146
29,125,330
29,128,335
29,132,97
29,136,106
29,137,488
29,139,143
29,142,295
29,153,559
29,158,364
29,159,482
29,163,47
29,169,255
29,171,317
29,175,519
29,178,529
29,179,214
29,180,350
29,181,143
29,182,266
29,187,238
29,189,596
29,191,371
29,192,384
29,195,133
29,197,24
29,205,128
29,207,319
29,219,62
29,221,283
29,222,461
29,226,212
29,254,387
29,257,186
29,259,149
29,260,463
29,261,364
29,263,4
29,286,425
29,289,586
30,1,262
30,2,484
30,6,98
30,7,506
30,9,527
30,11,233
30,12,359
30,13,83
30,15,419
30,18,3
30,19,292
30,20,98
30,22,593
30,23,50
30,25,246
30,26,584
30,27,264
30,28,79
30,29,352
30,32,11
30,35,224
30,36,429
30,37,528
30,39,47
30,42,476
30,44,165
30,45,476
30,47,48
30,50,574
30,51,247
30,53,187
30,56,162
30,58,197
30,59,266
30,61,165
30,62,476
30,63,163
30,67,275
30,69,437
30,70,276
30,71,106
30,73,463
30,78,278
30,80,555
30,83,538
30,85,345
30,87,109
30,92,6
30,95,95
30,96,582
30,98,38
30,100,495
30,103,571
30,104,345
30,106,374
30,108,336
30,110,56
30,111,84
30,112,67
30,114,429
30,116,412
30,117,72
30,120,185
30,121,58
30,123,120
30,126,38
30,127,474
30,130,101
30,136,78
30,153,329
30,154,327
30,155,504
30,162,389
30,165,526
30,167,15
30,171,33
30,177,22
30,178,182
30,185,488
30,200,413
30,203,391
30,207,334
30,221,193
30,224,396
30,226,502
30,227,250
30,231,217
30,240,78
30,249,17
30,259,135
30,260,154
30,263,135
30,272,373
30,279,392
30,285,379
30,291,473
30,292,518
30,296,482
31,1,183
31,2,34
31,5,346
31,6,28
31,8,79
31,10,512
31,12,190
31,14,56
31,15,583
31,16,438
31,17,235
31,18,496
31,19,282
31,20,130
31,23,171
31,25,79
31,26,496
31,28,253
31,29,381
31,32,106
31,35,39
31,37,493
31,39,303
31,40,488
31,41,253
31,42,16
31,45,1
31,46,40
31,47,320
31,48,98
31,49,450
31,50,577
31,51,10
31,52,300
31,56,54
31,60,146
31,62,236
31,63,517
31,65,178
31,66,493
31,68,15
31,70,184
31,71,41
31,72,256
31,73,35
31,74,530
31,79,429
31,80,309
31,83,460
31,84,214
31,85,168
31,89,36
31,92,146
31,93,567
31,94,345
31,100,123
31,101,317
31,102,381
31,106,504
31,107,572
31,115,137
31,116,435
31,121,10
31,123,293
31,124,38
31,126,353
31,127,524
31,128,381
31,134,534
31,139,86
31,141,530
31,142,167
31,145,446
31,146,92
31,147,593
31,149,158
31,151,232
31,154,444
31,157,461
31,164,323
31,168,262
31,171,162
31,172,485
31,173,507
31,176,17
31,180,266
31,189,134
31,190,507
31,196,487
31,203,457
31,204,171
31,209,79
31,212,468
31,213,209
31,218,560
31,220,382
31,224,413
31,228,378
31,236,508
31,244,276
31,251,448
31,252,320
31,254,366
31,259,580
31,266,543
31,268,503
31,290,93
31,294,64
31,297,164
32,3,535
32,4,582
32,6,193
32,7,317
32,8,86
32,10,215
32,11,108
32,12,490
32,13,176
32,14,415
32,16,7
32,18,362
32,20,55
32,21,371
32,24,23
32,25,237
32,26,228
32,27,515
32,29,455
32,30,11
32,31,106
32,33,417
32,34,530
32,35,198
32,36,276
32,37,188
32,39,594
32,40,600
32,41,495
32,43,403
32,44,450
32,46,502
32,48,140
32,50,130
32,51,430
32,52,334
32,53,248
32,54,501
32,55,306
32,57,129
32,59,515
32,61,164
32,69,273
32,70,460
32,73,407
32,76,291
32,77,349
32,78,347
32,86,324
32,88,133
32,89,575
32,90,271
32,95,315
32,96,380
32,97,383
32,100,443
32,104,361
32,112,403
32,114,599
32,117,530
32,119,460
32,125,469
32,126,16
32,128,116
32,132,325
32,133,349
32,135,402
32,136,349
32,138,82
32,139,304
32,141,295
32,143,28
32,144,226
32,158,295
32,159,66
32,164,19
32,165,172
32,166,21
32,173,433
32,176,174
32,177,364
32,181,441
32,185,559
32,189,495
32,191,98
32,196,544
32,198,313
32,199,326
32,202,2
32,205,21
32,209,344
32,210,114
32,211,503
32,212,593
32,213,396
32,219,30
32,220,266
32,222,392
32,227,558
32,231,513
32,238,217
32,239,324
32,240,194
32,242,206
32,252,583
32,260,32
32,262,387
32,265,247
32,290,273
32,292,81
33,1,200
33,3,150
33,4,176
33,5,21
33,6,178
33,7,447
33,8,414
33,10,181
33,11,344
33,12,479
33,13,580
33,14,75
33,15,585
33,16,529
33,17,567
33,18,502
33,20,12
33,21,501
33,23,52
33,24,592
33,27,104
33,32,417
33,34,60
33,35,403
33,39,44
33,40,498
33,41,496
33,42,544
33,45,491
33,46,333
33,47,372
33,49,586
33,50,15
33,51,8
33,52,527
33,53,468
33,54,14
33,55,54
33,58,286
33,61,459
33,63,405
33,65,322
33,68,515
33,69,183
33,70,562
33,71,207
33,77,281
33,78,526
33,80,214
33,82,146
33,83,232
33,84,320
33,87,331
33,88,450
33,89,183
33,91,357
33,93,477
33,94,237
33,97,262
33,99,71
33,105,547
33,113,312
33,114,476
33,116,283
33,117,369
33,121,295
33,123,267
33,132,352
33,134,22
33,137,495
33,141,32
33,142,525
33,143,347
33,144,30
33,146,528
33,149,337
33,151,459
33,152,526
33,154,292
33,158,396
33,161,60
33,162,65
33,168,331
33,180,205
33,189,406
33,192,576
33,193,480
33,194,259
33,196,184
33,198,339
33,200,419
33,206,337
33,211,335
33,213,569
33,214,453
33,215,577
33,222,288
33,225,197
33,226,574
33,229,470
33,237,44
33,238,59
33,240,188
33,242,369
33,245,34
33,248,125
33,252,247
33,253,116
33,255,87
33,259,40
33,261,122
33,265,148
33,271,46
33,278,343
33,279,349
33,288,373
33,298,333
34,1,292
34,2,354
34,4,99
34,5,563
34,6,340
34,7,21
34,8,195
34,9,582
34,10,569
34,13,236
34,15,565
34,16,510
34,17,335
34,18,399
34,19,74
34,20,6
34,22,389
34,23,365
34,25,22
34,27,385
34,28,34
34,29,460
34,32,530
34,33,60
34,35,571
34,37,478
34,38,554
34,39,496
34,40,401
34,42,78
34,43,184
34,44,204
34,45,582
34,46,272
34,47,254
34,48,459
34,49,382
34,50,78
34,53,382
34,55,365
34,57,317
34,58,150
34,59,192
34,60,452
34,62,91
34,66,452
34,68,513
34,70,339
34,71,14
34,73,100
34,74,398
34,78,454
34,83,9
34,87,266
34,88,317
34,89,453
34,91,589
34,93,407
34,100,587
34,107,21
34,109,589
34,110,333
34,114,395
34,117,525
34,119,123
34,120,363
34,121,268
34,122,383
34,123,455
34,124,277
34,142,78
34,146,149
34,150,310
34,158,275
34,160,558
34,162,378
34,163,8
34,165,540
34,168,70
34,171,225
34,173,380
34,178,205
34,180,323
34,183,328
34,189,278
34,190,77
34,191,222
34,198,472
34,207,336
34,210,376
34,219,567
34,225,600
34,226,471
34,228,542
34,229,302
34,232,280
34,235,270
34,239,469
34,249,247
34,252,160
34,256,36
34,257,587
34,258,127
34,261,218
34,284,120
34,286,239
34,294,335
34,300,286
35,3,158
35,4,25
35,7,443
35,8,386
35,9,573
35,10,291
35,11,232
35,12,568
35,13,207
35,15,132
35,16,354
35,17,566
35,22,492
35,23,474
35,24,209
35,25,51
35,26,110
35,28,261
35,29,574
35,30,224
35,31,39
35,32,198
35,33,403
35,34,571
35,36,153
35,37,504
35,38,595
35,40,557
35,41,175
35,42,201
35,43,575
35,45,465
35,46,589
35,47,565
35,50,232
35,51,436
35,52,129
35,54,218
35,55,538
35,57,2
35,61,248
35,62,464
35,63,501
35,64,517
35,65,262
35,66,368
35,67,157
35,68,188
35,69,3
35,72,18
35,74,94
35,76,38
35,78,245
35,82,23
35,84,577
35,88,286
35,89,558
35,91,533
35,92,471
35,94,575
35,98,218
35,99,126
35,100,575
35,101,385
35,102,453
35,104,141
35,107,479
35,108,322
35,109,492
35,110,7
35,113,268
35,119,564
35,120,440
35,122,510
35,131,171
35,139,284
35,141,48
35,142,587
35,148,8
35,151,12
35,154,438
35,156,438
35,170,476
35,176,70
35,180,156
35,187,419
35,188,559
35,190,566
35,192,259
35,197,364
35,202,233
35,208,185
35,213,220
35,215,118
35,218,164
35,225,267
35,228,32
35,241,332
35,242,543
35,243,468
35,250,94
35,255,366
35,259,527
35,260,95
35,268,217
35,276,514
35,283,244
35,287,594
35,288,221
35,289,425
35,297,71
36,1,1
36,3,463
36,6,575
36,7,428
36,11,578
36,12,505
36,16,256
36,17,19
36,19,544
36,20,326
36,21,395
36,22,572
36,25,96
36,26,205
36,28,538
36,29,87
36,30,429
36,32,276
36,35,153
36,37,304
36,39,308
36,40,299
36,41,518
36,42,410
36,43,107
36,44,406
36,48,577
36,50,318
36,51,477
36,53,348
36,54,386
36,55,87
36,56,534
36,58,306
36,60,471
36,61,83
36,62,489
36,63,547
36,64,32
36,65,381
36,66,166
36,67,63
36,71,211
36,72,550
36,77,196
36,79,308
36,80,426
36,82,328
36,84,599
36,87,52
36,89,101
36,90,374
36,92,309
36,93,207
36,94,393
36,98,135
36,99,564
36,102,72
36,103,163
36,106,430
36,107,237
36,108,45
36,113,30
36,116,191
36,120,49
36,123,194
36,124,134
36,128,567
36,133,326
36,139,250
36,140,157
36,143,202
36,149,448
36,157,438
36,160,59
36,169,381
36,171,279
36,182,429
36,191,565
36,194,223
36,203,90
36,210,59
36,212,333
36,214,346
36,215,224
36,216,600
36,222,155
36,223,148
36,229,476
36,233,121
36,247,302
36,250,363
36,253,399
36,255,310
36,269,240
36,276,582
36,282,425
37,1,13
37,2,364
37,3,500
37,5,469
37,7,331
37,8,217
37,9,455
37,12,551
37,14,448
37,15,515
37,16,121
37,17,308
37,18,262
37,19,460
37,22,17
37,23,122
37,24,412
37,26,202
37,28,518
37,29,246
37,30,528
37,31,493
37,32,188
37,34,478
37,35,504
37,36,304
37,38,387
37,40,137
37,41,343
37,42,48
37,44,259
37,45,260
37,47,521
37,48,134
37,49,89
37,50,484
37,53,200
37,55,281
37,56,202
37,57,9
37,58,539
37,59,80
37,60,330
37,63,27
37,64,441
37,67,403
37,70,419
37,72,499
37,73,500
37,75,402
37,76,169
37,77,539
37,79,370
37,81,377
37,82,320
37,83,535
37,84,212
37,85,521
37,91,449
37,95,68
37,96,490
37,98,585
37,99,139
37,105,400
37,106,228
37,110,481
37,112,139
37,125,375
37,127,142
37,128,565
37,134,40
37,136,490
37,141,544
37,145,548
37,147,58
37,148,478
37,153,391
37,166,26
37,168,242
37,177,142
37,180,41
37,181,413
37,184,175
37,187,520
37,191,344
37,196,254
37,200,426
37,208,6
37,215,438
37,221,316
37,226,172
37,228,317
37,242,383
37,248,445
37,251,525
37,252,431
37,277,493
37,284,515
37,286,404
37,287,4
37,288,298
37,290,181
37,291,31
37,292,355
37,297,479
38,1,372
38,2,408
38,3,318
38,5,552
38,6,514
38,7,20
38,8,316
38,9,297
38,12,532
38,13,29
38,15,402
38,16,287
38,17,243
38,18,63
38,19,549
38,20,554
38,21,61
38,22,423
38,23,307
38,25,508
38,27,82
38,28,330
38,34,554
38,35,595
38,37,387
38,39,42
38,40,109
38,41,465
38,42,469
38,44,219
38,45,406
38,47,311
38,50,461
38,51,432
38,52,527
38,53,307
38,54,125
38,55,346
38,56,157
38,57,537
38,58,286
38,59,67
38,60,184
38,61,554
38,62,50
38,63,200
38,67,148
38,70,23
38,72,401
38,73,250
38,78,324
38,79,179
38,85,396
38,88,551
38,89,356
38,93,539
38,94,449
38,101,314
38,102,29
38,104,403
38,106,141
38,108,80
38,109,483
38,111,252
38,114,146
38,119,407
38,120,344
38,122,23
38,127,443
38,129,497
38,130,570
38,140,416
38,144,232
38,147,514
38,156,550
38,166,236
38,170,550
38,171,160
38,173,24
38,182,71
38,190,295
38,201,115
38,204,522
38,209,533
38,211,361
38,219,159
38,231,361
38,233,250
38,234,257
38,240,511
