source,target,weight
1,2,241
1,3,502
1,5,265
1,7,65
1,9,68
1,11,494
1,12,427
1,14,269
1,17,269
1,19,153
1,21,462
1,24,464
1,25,147
1,28,416
1,29,203
1,30,86
1,31,287
1,32,518
1,33,470
1,34,413
1,35,342
1,39,492
1,40,454
1,42,471
1,43,151
1,44,155
1,49,170
1,52,491
1,53,362
1,54,316
1,55,536
1,58,20
1,60,545
1,62,119
1,64,255
1,65,5
1,66,314
1,67,380
1,71,392
1,74,238
1,76,569
1,79,231
1,80,166
1,82,76
1,84,71
1,85,57
1,86,181
1,87,357
1,89,211
1,90,187
1,93,82
1,95,346
1,97,440
1,100,355
1,104,396
1,106,395
1,109,390
1,119,446
1,131,265
1,132,503
1,133,348
1,134,166
1,135,2
1,142,269
1,143,178
1,145,387
1,150,229
1,154,57
1,157,540
1,161,122
1,162,125
1,163,121
1,165,593
1,166,508
1,167,16
1,179,3
1,186,248
1,208,341
1,213,28
1,214,119
1,220,406
1,227,46
1,240,426
1,241,591
1,242,371
1,253,574
1,264,333
1,270,365
1,272,68
1,273,225
1,277,459
1,278,460
1,282,379
1,283,34
1,285,40
1,286,94
1,293,86
2,1,241
2,3,568
2,4,159
2,5,163
2,7,473
2,9,594
2,10,160
2,12,381
2,14,533
2,17,239
2,18,221
2,20,324
2,22,381
2,24,477
2,25,124
2,26,84
2,27,477
2,28,377
2,30,460
2,32,180
2,34,303
2,35,492
2,36,503
2,38,287
2,39,62
2,42,523
2,44,64
2,47,369
2,49,352
2,50,131
2,51,37
2,54,281
2,56,502
2,57,163
2,59,500
2,60,225
2,62,447
2,63,287
2,67,248
2,72,396
2,80,476
2,84,463
2,87,229
2,89,416
2,90,453
2,91,193
2,92,161
2,93,87
2,101,574
2,103,532
2,107,75
2,112,283
2,116,363
2,119,520
2,131,582
2,141,179
2,152,99
2,156,585
2,159,11
2,166,40
2,167,349
2,169,45
2,171,72
2,178,457
2,180,554
2,183,347
2,184,231
2,186,550
2,190,10
2,194,27
2,199,133
2,201,137
2,202,413
2,209,199
2,213,590
2,215,351
2,221,386
2,243,397
2,256,591
2,257,597
2,275,572
2,284,72
2,291,575
2,293,484
2,294,589
2,299,268
3,1,502
3,2,568
3,4,311
3,6,236
3,8,564
3,10,84
3,11,101
3,12,573
3,13,480
3,14,199
3,18,57
3,23,212
3,24,597
3,25,418
3,26,129
3,27,287
3,28,97
3,29,433
3,30,199
3,32,552
3,33,553
3,34,133
3,35,291
3,36,166
3,38,378
3,41,407
3,46,288
3,47,121
3,48,249
3,49,567
3,51,594
3,52,100
3,53,548
3,55,66
3,56,373
3,57,586
3,59,206
3,60,371
3,62,155
3,64,136
3,65,174
3,70,530
3,73,323
3,75,417
3,80,591
3,81,329
3,85,520
3,90,261
3,91,393
3,95,290
3,99,273
3,100,96
3,101,367
3,102,317
3,103,382
3,104,438
3,113,153
3,116,442
3,120,90
3,122,250
3,128,460
3,129,1
3,134,594
3,135,533
3,143,234
3,144,182
3,150,307
3,152,235
3,166,132
3,167,595
3,179,566
3,180,26
3,185,39
3,186,407
3,197,588
3,211,359
3,214,68
3,216,585
3,217,285
3,219,488
3,221,569
3,234,10
3,241,139
3,259,176
3,261,73
3,263,63
3,284,530
3,289,53
3,292,363
3,300,423
4,2,159
4,3,311
4,5,98
4,6,442
4,7,38
4,8,435
4,9,552
4,14,388
4,16,196
4,17,425
4,19,368
4,20,101
4,22,455
4,23,365
4,24,322
4,26,200
4,27,256
4,28,360
4,29,478
4,30,98
4,33,388
4,36,197
4,39,309
4,40,538
4,41,15
4,44,310
4,45,196
4,46,5
4,52,549
4,53,212
4,57,303
4,61,155
4,75,355
4,77,52
4,78,481
4,80,335
4,82,78
4,83,490
4,85,314
4,91,428
4,98,561
4,100,580
4,107,38
4,110,223
4,114,572
4,120,246
4,125,541
4,126,493
4,129,358
4,131,592
4,138,81
4,140,526
4,143,496
4,155,560
4,157,229
4,159,427
4,162,23
4,170,181
4,172,88
4,186,479
4,189,132
4,203,469
4,207,503
4,208,174
4,210,529
4,215,27
4,222,359
4,231,84
4,253,107
4,256,541
4,257,507
4,266,357
4,269,525
4,272,465
4,280,401
4,285,216
4,291,336
5,1,265
5,2,163
5,4,98
5,7,166
5,8,549
5,9,225
5,10,131
5,12,128
5,13,27
5,14,315
5,16,213
5,17,549
5,18,215
5,19,147
5,22,78
5,23,168
5,26,30
5,28,600
5,30,49
5,31,118
5,33,320
5,35,55
5,36,108
5,37,583
5,42,577
5,43,503
5,48,283
5,50,553
5,52,250
5,53,133
5,55,496
5,56,48
5,60,170
5,61,311
5,68,263
5,71,216
5,72,304
5,77,213
5,78,238
5,80,95
5,81,516
5,83,141
5,85,329
5,88,165
5,89,376
5,90,209
5,91,260
5,93,392
5,97,203
5,105,17
5,107,501
5,109,63
5,113,397
5,114,258
5,117,257
5,122,453
5,143,378
5,144,258
5,152,472
5,159,378
5,166,306
5,167,210
5,171,83
5,177,472
5,187,182
5,189,111
5,193,570
5,195,31
5,198,414
5,201,173
5,210,489
5,211,452
5,223,56
5,231,419
5,232,420
5,243,394
5,260,19
5,264,535
5,266,514
5,268,14
5,279,35
5,299,203
6,3,236
6,4,442
6,8,78
6,10,500
6,11,143
6,13,245
6,15,109
6,16,176
6,18,536
6,19,436
6,20,579
6,22,494
6,24,23
6,26,542
6,28,10
6,30,509
6,31,428
6,34,310
6,37,133
6,39,184
6,40,411
6,41,463
6,45,534
6,46,522
6,50,425
6,51,476
6,52,570
6,55,311
6,57,120
6,59,21
6,60,117
6,61,385
6,64,158
6,65,29
6,71,496
6,74,67
6,79,280
6,81,356
6,89,496
6,90,427
6,97,218
6,98,467
6,99,412
6,102,496
6,103,311
6,105,204
6,106,488
6,111,315
6,116,364
6,124,491
6,125,324
6,130,426
6,136,38
6,147,600
6,153,542
6,155,520
6,160,158
6,161,487
6,172,13
6,173,387
6,187,224
6,190,455
6,192,561
6,193,345
6,197,108
6,214,257
6,215,357
6,234,23
6,244,564
6,254,67
6,258,447
6,260,1
6,269,119
6,271,321
6,272,452
6,289,120
6,299,586
7,1,65
7,2,473
7,4,38
7,5,166
7,8,135
7,9,235
7,10,538
7,11,429
7,12,163
7,14,279
7,15,336
7,16,242
7,17,333
7,18,104
7,19,118
7,20,529
7,21,321
7,23,573
7,25,240
7,29,509
7,30,396
7,31,263
7,32,360
7,33,417
7,34,295
7,35,196
7,37,482
7,40,368
7,41,468
7,43,6
7,44,165
7,47,84
7,48,569
7,50,227
7,51,172
7,55,590
7,59,143
7,62,274
7,65,199
7,66,211
7,67,253
7,68,343
7,69,442
7,70,548
7,79,482
7,80,159
7,84,317
7,86,51
7,88,227
7,89,531
7,92,344
7,97,79
7,108,403
7,110,35
7,111,267
7,116,599
7,121,541
7,126,578
7,128,339
7,132,36
7,133,370
7,134,484
7,142,349
7,154,483
7,155,12
7,156,68
7,157,455
7,160,569
7,161,189
7,176,182
7,186,279
7,196,143
7,202,32
7,204,239
7,205,55
7,232,562
7,242,302
7,252,355
7,255,37
7,258,509
7,261,196
7,277,525
7,280,482
7,290,64
7,292,121
8,3,564
8,4,435
8,5,549
8,6,78
8,7,135
8,9,330
8,10,175
8,11,87
8,12,238
8,13,307
8,14,173
8,16,325
8,17,216
8,18,453
8,19,489
8,20,332
8,22,322
8,23,427
8,24,48
8,25,348
8,27,347
8,28,17
8,29,275
8,30,260
8,32,217
8,33,418
8,34,321
8,36,338
8,37,507
8,41,429
8,42,507
8,43,40
8,44,378
8,48,566
8,51,438
8,52,90
8,53,305
8,54,406
8,59,446
8,60,236
8,61,453
8,63,268
8,66,493
8,67,69
8,68,491
8,69,120
8,71,522
8,74,2
8,78,87
8,83,50
8,86,8
8,87,419
8,91,382
8,93,484
8,99,290
8,101,460
8,102,599
8,111,387
8,112,146
8,124,474
8,125,458
8,127,185
8,130,498
8,131,500
8,136,531
8,141,220
8,148,485
8,151,464
8,153,325
8,157,132
8,159,407
8,161,436
8,173,53
8,179,374
8,182,446
8,191,521
8,199,174
8,205,54
8,210,57
8,219,419
8,221,142
8,229,585
8,232,5
8,238,211
8,247,33
8,249,72
8,259,506
8,261,249
8,265,115
8,282,195
8,293,12
9,1,68
9,2,594
9,4,552
9,5,225
9,7,235
9,8,330
9,10,215
9,11,450
9,12,322
9,13,33
9,15,387
9,17,338
9,18,208
9,19,286
9,20,396
9,22,81
9,24,227
9,25,326
9,27,406
9,28,590
9,29,114
9,30,419
9,32,28
9,33,260
9,34,457
9,36,230
9,38,105
9,39,478
9,40,585
9,41,47
9,45,121
9,46,541
9,48,274
9,51,387
9,53,279
9,54,138
9,55,534
9,56,145
9,58,100
9,59,23
9,60,67
9,61,130
9,62,196
9,64,104
9,67,405
9,68,262
9,69,90
9,71,488
9,72,373
9,76,113
9,77,292
9,82,586
9,84,445
9,88,342
9,90,186
9,104,542
9,105,444
9,109,206
9,110,78
9,113,178
9,114,46
9,119,76
9,122,177
9,126,146
9,141,184
9,143,224
9,147,149
9,149,523
9,150,335
9,153,437
9,154,21
9,159,585
9,178,283
9,180,492
9,181,443
9,185,42
9,188,236
9,189,260
9,191,51
9,205,580
9,208,454
9,237,94
9,240,573
9,244,468
9,246,180
9,249,508
9,263,88
9,276,546
10,2,160
10,3,84
10,5,131
10,6,500
10,7,538
10,8,175
10,9,215
10,11,329
10,12,491
10,13,467
10,15,485
10,16,123
10,17,521
10,18,311
10,19,516
10,20,134
10,21,100
10,23,259
10,24,394
10,25,264
10,26,575
10,27,488
10,28,343
10,32,510
10,34,555
10,37,367
10,38,127
10,39,345
10,40,537
10,44,100
10,45,533
10,46,421
10,47,8
10,49,175
10,50,439
10,53,405
10,55,85
10,58,411
10,59,54
10,60,374
10,65,282
10,66,455
10,68,430
10,70,140
10,74,117
10,77,108
10,78,69
10,82,433
10,86,5
10,92,73
10,94,561
10,99,50
10,100,174
10,102,79
10,105,327
10,108,458
10,114,579
10,116,572
10,124,595
10,125,40
10,127,578
10,134,79
10,143,272
10,145,528
10,146,541
10,147,506
10,149,112
10,150,285
10,152,479
10,158,223
10,164,122
10,167,226
10,175,336
10,180,458
10,183,66
10,205,533
10,210,269
10,217,42
10,220,72
10,228,469
10,230,99
10,232,596
10,240,428
10,246,245
10,248,105
10,254,354
10,258,595
10,268,396
10,278,210
10,285,153
10,296,579
11,1,494
11,3,101
11,6,143
11,7,429
11,8,87
11,9,450
11,10,329
11,13,372
11,14,563
11,15,265
11,16,73
11,17,228
11,18,214
11,19,518
11,20,493
11,22,29
11,23,147
11,26,65
11,27,523
11,28,46
11,29,464
11,30,418
11,33,521
11,34,55
11,35,35
11,37,199
11,38,187
11,39,586
11,40,102
11,41,490
11,44,155
11,47,419
11,48,49
11,49,19
11,51,277
11,54,40
11,56,104
11,58,119
11,59,120
11,65,79
11,69,164
11,70,568
11,71,499
11,72,124
11,73,454
11,75,44
11,76,360
11,77,203
11,79,408
11,83,122
11,85,559
11,87,168
11,90,126
11,91,39
11,94,353
11,96,436
11,101,544
11,102,250
11,104,542
11,108,545
11,110,543
11,112,416
11,114,5
11,115,18
11,116,573
11,118,288
11,120,282
11,122,465
11,125,280
11,126,83
11,127,504
11,129,331
11,137,460
11,142,232
11,146,323
11,147,324
11,156,523
11,157,516
11,160,55
11,163,564
11,165,367
11,169,62
11,171,196
11,174,113
11,178,73
11,181,51
11,187,131
11,190,113
11,195,271
11,208,448
11,209,264
11,212,99
11,213,554
11,216,359
11,219,72
11,222,222
11,244,441
11,251,99
11,256,126
11,268,129
11,273,547
11,281,233
11,286,440
11,287,254
11,288,180
11,290,76
11,296,572
11,300,235
12,1,427
12,2,381
12,3,573
12,5,128
12,7,163
12,8,238
12,9,322
12,10,491
12,13,212
12,15,279
12,19,126
12,20,559
12,22,88
12,26,101
12,27,118
12,28,261
12,29,10
12,30,112
12,32,172
12,34,245
12,35,172
12,38,548
12,39,62
12,42,139
12,43,96
12,46,82
12,48,197
12,51,370
12,52,402
12,57,80
12,61,561
12,64,563
12,72,477
12,74,298
12,75,482
12,76,12
12,77,493
12,82,209
12,84,35
12,85,79
12,87,15
12,88,418
12,92,312
12,95,116
12,98,92
12,107,7
12,108,196
12,109,400
12,113,34
12,114,122
12,116,367
12,120,21
12,122,102
12,128,156
12,131,548
12,137,360
12,138,250
12,139,193
12,140,485
12,152,337
12,155,389
12,158,505
12,164,220
12,167,166
12,170,490
12,177,268
12,180,465
12,181,30
12,182,86
12,196,391
12,200,599
12,212,444
12,215,327
12,218,426
12,221,79
12,225,371
12,230,451
12,240,64
12,244,195
12,254,164
12,275,136
12,277,111
12,283,266
12,292,270
12,297,508
12,300,114
13,3,480
13,5,27
13,6,245
13,8,307
13,9,33
13,10,467
13,11,372
13,12,212
13,14,375
13,15,312
13,16,452
13,17,473
13,19,515
13,20,272
13,21,424
13,25,300
13,26,59
13,29,185
13,31,528
13,34,583
13,36,514
13,38,343
13,39,105
13,40,571
13,42,151
13,44,91
13,47,363
13,48,527
13,50,301
13,54,78
13,57,354
13,63,332
13,64,133
13,66,590
13,67,378
13,69,71
13,70,456
13,73,272
13,76,584
13,77,542
13,78,419
13,79,89
13,84,15
13,86,499
13,90,61
13,93,552
13,103,521
13,104,7
13,110,537
13,112,369
13,113,81
13,114,554
13,116,80
13,121,214
13,123,401
13,130,229
13,132,359
13,135,358
13,138,443
13,143,512
13,148,577
13,153,525
13,160,516
13,167,228
13,170,267
13,174,517
13,175,452
13,185,118
13,208,181
13,217,203
13,224,402
13,230,141
13,232,211
13,251,370
13,255,351
13,256,419
13,263,26
13,274,534
13,281,297
13,284,24
13,289,193
14,1,269
14,2,533
14,3,199
14,4,388
14,5,315
14,7,279
14,8,173
14,11,563
14,13,375
14,15,408
14,16,366
14,18,211
14,22,500
14,24,459
14,25,505
14,26,122
14,29,46
14,32,271
14,33,47
14,34,471
14,35,248
14,36,33
14,37,583
14,39,165
14,40,321
14,41,476
14,43,357
14,45,61
14,48,596
14,54,72
14,55,400
14,56,297
14,57,360
14,58,485
14,60,426
14,62,579
14,67,535
14,69,425
14,70,15
14,72,588
14,74,216
14,75,597
14,79,18
14,80,309
14,82,249
14,85,322
14,87,166
14,88,202
14,95,545
14,101,74
14,104,297
14,105,120
14,107,583
14,108,128
14,109,212
14,111,362
14,112,229
14,120,50
14,122,427
14,124,571
14,126,117
14,129,463
14,130,416
14,137,281
14,144,285
14,147,377
14,148,74
14,162,493
14,195,92
14,206,566
14,216,135
14,218,451
14,220,336
14,221,138
14,223,14
14,244,220
14,247,353
14,253,406
14,255,144
14,265,407
14,267,456
14,275,216
14,297,374
15,6,109
15,7,336
15,9,387
15,10,485
15,11,265
15,12,279
15,13,312
15,14,408
15,16,214
15,17,362
15,18,264
15,19,334
15,20,493
15,21,526
15,22,138
15,23,419
15,24,410
15,25,17
15,26,323
15,27,533
15,28,43
15,29,504
15,30,477
15,32,66
15,34,415
15,35,335
15,36,30
15,39,46
15,41,362
15,42,558
15,45,578
15,47,202
15,48,200
15,49,380
15,50,32
15,51,270
15,54,462
15,55,283
15,56,512
15,57,112
15,59,303
15,62,75
15,68,112
15,73,247
15,75,250
15,76,460
15,77,548
15,79,380
15,93,563
15,95,95
15,97,183
15,103,151
15,105,314
15,110,203
15,113,354
15,117,324
15,124,366
15,125,392
15,132,273
15,138,134
15,145,83
15,155,288
15,156,174
15,161,537
15,162,165
15,168,265
15,180,586
15,190,113
15,191,409
15,192,145
15,202,338
15,211,12
15,220,304
15,239,295
15,246,519
15,249,569
15,273,19
15,284,58
16,4,196
16,5,213
16,6,176
16,7,242
16,8,325
16,10,123
16,11,73
16,13,452
16,14,366
16,15,214
16,20,45
16,21,152
16,22,597
16,23,524
16,24,5
16,25,298
16,26,579
16,28,555
16,30,421
16,31,190
16,33,262
16,34,120
16,35,102
16,36,103
16,37,407
16,39,37
16,40,516
16,42,553
16,45,533
16,47,518
16,50,438
16,51,528
16,52,148
16,54,380
16,55,483
16,56,205
16,61,361
16,64,280
16,66,301
16,71,156
16,75,567
16,76,205
16,80,194
16,85,483
16,88,370
16,89,527
16,91,477
16,93,311
16,96,277
16,97,106
16,100,422
16,103,328
16,108,49
16,114,49
16,116,365
16,121,397
16,123,65
16,125,351
16,134,479
16,138,298
16,143,274
16,144,506
16,150,195
16,151,333
16,157,336
16,158,190
16,171,61
16,172,245
16,179,130
16,181,498
16,185,418
16,187,16
16,188,52
16,191,591
16,209,30
16,218,281
16,223,367
16,230,238
16,232,280
16,237,326
16,242,163
16,243,202
16,244,160
16,255,73
16,265,2
16,273,26
16,287,245
16,292,445
16,294,23
17,1,269
17,2,239
17,4,425
17,5,549
17,7,333
17,8,216
17,9,338
17,10,521
17,11,228
17,13,473
17,15,362
17,18,423
17,20,164
17,21,364
17,22,91
17,24,150
17,25,485
17,26,342
17,27,390
17,28,210
17,31,439
17,32,131
17,37,341
17,38,104
17,39,306
17,41,56
17,43,197
17,45,308
17,46,304
17,47,214
17,48,358
17,51,544
17,52,131
17,53,239
17,56,320
17,57,486
17,58,370
17,59,553
17,60,557
17,61,86
17,64,584
17,66,569
17,67,151
17,72,513
17,81,546
17,82,528
17,83,261
17,88,278
17,90,122
17,91,372
17,93,245
17,95,404
17,96,2
17,103,598
17,106,416
17,110,496
17,111,164
17,118,358
17,119,439
17,120,551
17,123,58
17,126,103
17,128,374
17,130,122
17,137,454
17,138,375
17,144,341
17,150,523
17,154,383
17,157,34
17,161,176
17,166,175
17,167,10
17,171,458
17,174,51
17,175,586
17,199,309
17,202,349
17,203,112
17,211,216
17,212,183
17,221,543
17,226,422
17,227,165
17,236,92
17,241,230
17,243,23
17,249,227
17,255,556
17,256,444
17,257,131
17,262,193
17,265,505
17,275,216
17,288,286
17,297,328
18,2,221
18,3,57
18,5,215
18,6,536
18,7,104
18,8,453
18,9,208
18,10,311
18,11,214
18,14,211
18,15,264
18,17,423
18,19,391
18,20,167
18,23,203
18,24,542
18,25,337
18,27,466
18,28,118
18,29,88
18,30,424
18,31,419
18,32,375
18,33,59
18,35,265
18,38,407
18,40,218
18,42,425
18,43,375
18,47,577
18,50,368
18,53,32
18,54,369
18,56,288
18,57,238
18,60,173
18,61,102
18,63,8
18,64,385
18,67,318
18,71,214
18,72,405
18,77,90
18,78,538
18,87,178
18,89,112
18,98,552
18,99,542
18,100,88
18,101,82
18,104,403
18,106,497
18,116,358
18,119,197
18,122,597
18,123,54
18,129,469
18,136,353
18,142,492
18,145,408
18,150,57
18,152,508
18,169,251
18,174,72
18,175,600
18,177,105
18,178,74
18,189,182
18,191,37
18,193,347
18,194,487
18,204,392
18,209,16
18,218,447
18,229,274
18,234,592
18,235,270
18,245,313
18,249,440
18,262,308
18,271,188
18,280,233
18,281,366
18,285,370
18,292,221
18,294,173
18,300,186
19,1,153
19,4,368
19,5,147
19,6,436
19,7,118
19,8,489
19,9,286
19,10,516
19,11,518
19,12,126
19,13,515
19,15,334
19,18,391
19,22,544
19,23,504
19,26,393
19,27,64
19,28,460
19,30,129
19,31,31
19,32,127
19,34,303
19,36,559
19,38,557
19,40,495
19,41,316
19,42,326
19,43,78
19,44,490
19,46,77
19,47,118
19,52,201
19,53,343
19,55,334
19,59,328
19,60,339
19,64,310
19,66,43
19,67,527
19,70,281
19,74,264
19,76,186
19,77,276
19,78,172
19,85,453
19,91,1
19,93,267
19,94,572
19,95,10
19,97,547
19,108,510
19,112,529
19,120,571
19,131,226
19,136,530
19,137,92
19,139,109
19,145,175
19,148,549
19,151,135
19,152,166
19,160,252
19,162,343
19,168,337
19,170,162
19,181,222
19,185,452
19,197,115
19,202,164
19,206,326
19,209,365
19,216,539
19,221,247
19,224,508
19,225,429
19,228,444
19,235,581
19,239,101
19,241,424
19,244,130
19,254,381
19,255,393
19,267,56
19,277,317
19,279,317
19,283,236
19,284,363
19,285,585
19,290,432
19,296,524
20,2,324
20,4,101
20,6,579
20,7,529
20,8,332
20,9,396
20,10,134
20,11,493
20,12,559
20,13,272
20,15,493
20,16,45
20,17,164
20,18,167
20,21,152
20,22,195
20,23,372
20,25,154
20,30,513
20,31,340
20,32,590
20,33,455
20,34,286
20,35,259
20,36,280
20,37,70
20,40,59
20,41,106
20,43,468
20,44,542
20,45,268
20,47,177
20,54,593
20,57,561
20,61,464
20,63,427
20,64,234
20,69,529
20,70,449
20,72,473
20,73,193
20,76,495
20,77,335
20,79,409
20,80,478
20,82,458
20,83,129
20,84,547
20,85,403
20,86,353
20,88,299
20,96,347
20,104,23
20,105,443
20,106,16
20,107,592
20,110,458
20,114,138
20,115,323
20,118,289
20,121,493
20,122,209
20,123,502
20,127,489
20,128,100
20,131,94
20,132,83
20,140,128
20,144,122
20,145,290
20,168,399
20,172,226
20,175,153
20,178,295
20,179,505
20,183,151
20,184,56
20,187,343
20,203,239
20,205,566
20,206,5
20,208,582
20,209,417
20,244,147
20,248,160
20,250,348
20,259,561
20,274,25
20,278,75
20,287,11
20,291,488
21,1,462
21,7,321
21,10,100
21,13,424
21,15,526
21,16,152
21,17,364
21,20,152
21,25,175
21,26,256
21,27,334
21,28,186
21,29,25
21,31,377
21,32,305
21,33,17
21,34,521
21,35,107
21,37,73
21,38,320
21,44,119
21,45,484
21,46,559
21,48,563
21,49,557
21,51,531
21,53,559
21,54,126
21,55,317
21,56,111
21,58,371
21,59,132
21,60,40
21,61,491
21,66,238
21,70,161
21,73,127
21,74,109
21,78,556
21,79,73
21,80,82
21,83,51
21,84,60
21,85,60
21,87,513
21,88,530
21,90,174
21,94,171
21,95,126
21,96,373
21,98,382
21,100,281
21,102,558
21,105,16
21,115,41
21,117,139
21,119,398
21,124,121
21,125,199
21,126,505
21,128,509
21,135,6
21,136,349
21,137,577
21,139,221
21,143,448
21,149,525
21,151,217
21,152,45
21,153,424
21,160,469
21,174,159
21,175,367
21,184,594
21,189,267
21,190,309
21,193,308
21,194,282
21,196,300
21,210,336
21,212,338
21,222,415
21,226,503
21,233,339
21,240,454
21,242,197
21,243,463
21,259,475
21,270,179
21,273,446
21,277,297
21,282,5
21,296,238
22,2,381
22,4,455
22,5,78
22,6,494
22,8,322
22,9,81
22,11,29
22,12,88
22,14,500
22,15,138
22,16,597
22,17,91
22,19,544
22,20,195
22,24,184
22,25,531
22,27,277
22,28,153
22,29,400
22,31,139
22,33,134
22,34,328
22,35,150
22,36,315
22,37,573
22,39,147
22,40,469
22,43,552
22,44,492
22,45,491
22,46,74
22,49,164
22,50,473
22,54,589
22,55,206
22,57,46
22,59,138
22,62,13
22,63,30
22,67,581
22,68,150
22,70,127
22,71,436
22,76,469
22,77,13
22,78,387
22,80,52
22,84,65
22,86,196
22,92,348
22,104,289
22,107,268
22,108,110
22,109,274
22,124,235
22,131,480
22,135,337
22,149,28
22,155,291
22,165,19
22,170,16
22,176,416
22,177,267
22,183,464
22,193,343
22,194,148
22,196,459
22,198,522
22,211,9
22,223,15
22,226,225
22,246,541
22,247,336
22,248,97
22,270,210
22,274,517
22,275,438
22,279,108
22,285,209
22,286,498
22,289,36
23,3,212
23,4,365
23,5,168
23,7,573
23,8,427
23,10,259
23,11,147
23,15,419
23,16,524
23,18,203
23,19,504
23,20,372
23,24,279
23,26,352
23,27,145
23,29,500
23,30,334
23,31,251
23,32,114
23,34,357
23,35,131
23,37,191
23,40,392
23,41,382
23,43,128
23,46,6
23,47,425
23,50,233
23,51,50
23,58,77
23,59,40
23,60,489
23,62,316
23,63,276
23,64,49
23,66,540
23,69,530
23,71,498
23,75,82
23,78,126
23,80,317
23,81,349
23,82,77
23,88,25
23,89,355
23,91,319
23,94,117
23,96,1
23,99,35
23,100,584
23,101,172
23,102,70
23,105,451
23,107,528
23,116,361
23,119,184
23,122,428
23,123,407
23,131,37
23,132,6
23,134,376
23,136,13
23,138,30
23,140,92
23,143,433
23,147,134
23,151,32
23,157,337
23,164,302
23,166,390
23,172,253
23,177,327
23,178,19
23,184,23
23,188,500
23,191,541
23,206,319
23,208,188
23,216,553
23,219,252
23,244,255
23,245,557
23,258,508
24,1,464
24,2,477
24,3,597
24,4,322
24,6,23
24,8,48
24,9,227
24,10,394
24,14,459
24,15,410
24,16,5
24,17,150
24,18,542
24,22,184
24,23,279
24,25,20
24,26,373
24,27,514
24,28,157
24,29,302
24,31,312
24,33,379
24,35,405
24,37,395
24,39,139
24,40,522
24,42,13
24,46,535
24,49,170
24,54,540
24,55,202
24,56,387
24,58,231
24,59,72
24,60,212
24,62,404
24,63,489
24,65,304
24,66,444
24,67,242
24,68,258
24,69,174
24,71,476
24,76,494
24,80,349
24,82,78
24,84,81
24,86,371
24,101,368
24,112,403
24,113,162
24,116,355
24,121,349
24,131,241
24,132,48
24,147,487
24,156,456
24,157,312
24,172,233
24,173,362
24,177,381
24,181,313
24,183,28
24,184,298
24,187,84
24,190,592
24,199,86
24,204,378
24,205,500
24,219,427
24,221,424
24,223,164
24,228,178
24,230,448
24,231,121
24,235,502
24,246,41
24,256,548
24,268,315
24,275,487
24,278,271
24,294,162
25,1,147
25,2,124
25,3,418
25,7,240
25,8,348
25,9,326
25,10,264
25,13,300
25,14,505
25,15,17
25,16,298
25,17,485
25,18,337
25,20,154
25,21,175
25,22,531
25,24,20
25,31,421
25,32,431
25,34,483
25,35,75
25,37,256
25,38,546
25,39,199
25,40,489
25,41,354
25,42,348
25,44,169
25,46,447
25,47,147
25,49,393
25,50,359
25,51,192
25,52,229
25,54,291
25,55,167
25,58,242
25,59,235
25,60,269
25,62,440
25,68,137
25,69,218
25,70,416
25,74,128
25,75,156
25,80,317
25,82,460
25,85,334
25,90,566
25,93,108
25,95,77
25,96,443
25,97,437
25,100,236
25,101,3
25,103,250
25,108,354
25,109,17
25,111,497
25,114,99
25,118,101
25,120,203
25,124,1
25,125,78
25,126,285
25,128,346
25,134,423
25,137,577
25,142,316
25,151,474
25,153,573
25,156,260
25,159,85
25,167,406
25,181,252
25,195,481
25,196,537
25,197,317
25,200,23
25,205,184
25,206,372
25,219,217
25,229,532
25,247,221
25,250,410
25,256,428
25,260,165
25,270,267
25,271,461
25,282,100
26,2,84
26,3,129
26,4,200
26,5,30
26,6,542
26,10,575
26,11,65
26,12,101
26,13,59
26,14,122
26,15,323
26,16,579
26,17,342
26,19,393
26,21,256
26,23,352
26,24,373
26,27,68
26,29,334
26,31,63
26,32,450
26,33,74
26,34,349
26,37,488
26,38,293
26,39,86
26,40,420
26,41,384
26,43,410
26,47,374
26,50,446
26,51,415
26,52,416
26,55,173
26,56,71
26,57,86
26,58,434
26,59,593
26,62,94
26,63,127
26,64,401
26,66,242
26,76,514
26,79,153
26,81,373
26,88,355
26,90,115
26,97,371
26,101,476
26,104,103
26,105,18
26,109,197
26,121,554
26,123,552
26,124,200
26,130,271
26,136,346
26,140,537
26,144,180
26,145,563
26,151,505
26,157,434
26,160,426
26,169,7
26,171,363
26,178,463
26,187,529
26,195,234
26,206,311
26,208,445
26,224,139
26,225,214
26,227,303
26,228,262
26,235,252
26,238,152
26,243,422
26,244,69
26,246,301
26,248,509
26,252,367
26,254,552
26,259,255
26,287,336
26,290,115
27,2,477
27,3,287
27,4,256
27,8,347
27,9,406
27,10,488
27,11,523
27,12,118
27,15,533
27,17,390
27,18,466
27,19,64
27,21,334
27,22,277
27,23,145
27,24,514
27,26,68
27,28,311
27,29,553
27,30,318
27,31,481
27,32,567
27,33,592
27,36,226
27,37,465
27,38,182
27,41,126
27,45,388
27,46,527
27,47,98
27,48,405
27,49,218
27,53,221
27,54,329
27,56,578
27,59,595
27,60,443
27,62,55
27,63,216
27,65,561
27,70,210
27,71,556
27,78,343
27,81,160
27,84,547
27,86,477
27,91,554
27,97,577
27,98,212
27,99,588
27,102,335
27,103,536
27,111,146
27,116,81
27,127,201
27,130,383
27,131,8
27,132,6
27,137,186
27,140,172
27,155,367
27,162,550
27,166,96
27,169,525
27,176,511
27,183,59
27,187,270
27,189,372
27,193,175
27,195,106
27,199,114
27,202,31
27,204,235
27,206,322
27,224,462
27,225,357
27,230,47
27,234,269
27,238,393
27,249,27
27,275,15
27,281,465
27,285,538
27,287,290
28,1,416
28,2,377
28,3,97
28,4,360
28,5,600
28,6,10
28,8,17
28,9,590
28,10,343
28,11,46
28,12,261
28,15,43
28,16,555
28,17,210
28,18,118
28,19,460
28,21,186
28,22,153
28,24,157
28,27,311
28,29,327
28,30,311
28,31,384
28,33,161
28,34,253
28,37,56
28,38,423
28,39,406
28,40,493
28,41,78
28,42,37
28,43,231
28,45,577
28,46,315
28,51,190
28,52,477
28,54,372
28,55,84
28,56,581
28,57,454
28,59,353
28,60,183
28,61,34
28,62,476
28,63,78
28,65,210
28,70,352
28,72,166
28,83,12
28,85,39
28,86,239
28,92,296
28,96,444
28,99,70
28,101,326
28,106,326
28,107,331
28,109,224
28,110,307
28,114,172
28,117,260
28,118,357
28,121,541
28,125,521
28,135,486
28,137,213
28,142,331
28,143,528
28,144,270
28,149,491
28,153,121
28,159,449
28,163,196
28,164,594
28,165,35
28,166,167
28,176,22
28,178,14
28,185,518
28,189,177
28,195,548
28,200,207
28,203,129
28,205,157
28,212,95
28,213,567
28,214,180
28,216,448
28,220,137
28,224,176
28,236,94
28,246,263
28,259,338
28,261,331
28,262,30
28,263,52
28,267,94
28,274,338
28,284,523
28,300,220
29,1,203
29,3,433
29,4,478
29,7,509
29,8,275
29,9,114
29,11,464
29,12,10
29,13,185
29,14,46
29,15,504
29,18,88
29,21,25
29,22,400
29,23,500
29,24,302
29,26,334
29,27,553
29,28,327
29,31,144
29,32,461
29,34,408
29,35,565
29,36,380
29,37,573
29,38,143
29,41,307
29,42,595
29,43,405
29,48,449
29,49,73
29,50,415
29,51,406
29,53,138
29,54,106
29,55,333
29,58,384
29,60,118
29,62,532
29,63,109
29,65,393
29,66,288
29,67,95
29,70,202
29,72,238
29,73,179
29,75,173
29,80,49
29,81,353
29,88,585
29,89,22
29,90,442
29,91,343
29,93,100
29,100,191
29,102,558
29,103,522
29,110,134
29,112,512
29,116,395
29,117,199
29,120,281
29,124,102
29,128,524
29,130,516
29,133,78
29,135,369
29,137,190
29,140,163
29,144,457
29,147,572
29,149,447
29,153,73
29,166,547
29,169,518
29,172,525
29,175,153
29,176,154
29,178,585
29,186,210
29,199,463
29,201,506
29,202,591
29,215,349
29,232,593
29,233,462
29,236,70
29,240,1
29,262,335
29,271,192
29,279,285
29,288,512
29,292,158
30,1,86
30,2,460
30,3,199
30,4,98
30,5,49
30,6,509
30,7,396
30,8,260
30,9,419
30,11,418
30,12,112
30,15,477
30,16,421
30,18,424
30,19,129
30,20,513
30,23,334
30,27,318
30,28,311
30,31,214
30,32,323
30,34,130
30,36,581
30,38,420
30,39,587
30,40,262
30,41,82
30,42,548
30,44,1
30,45,92
30,46,329
30,47,391
30,49,208
30,50,534
30,52,234
30,55,15
30,57,380
30,59,117
30,60,87
30,61,283
30,67,302
30,68,62
30,72,239
30,73,313
30,75,376
30,76,585
30,79,125
30,80,396
30,88,280
30,92,250
30,95,21
30,97,362
30,102,20
30,115,352
30,118,529
30,125,237
30,126,517
30,127,223
30,134,319
30,135,268
30,140,571
30,142,75
30,147,390
30,165,129
30,171,102
30,177,423
30,187,558
30,188,320
30,194,44
30,197,552
30,201,336
30,203,328
30,206,150
30,207,243
30,224,199
30,233,586
30,237,337
30,240,564
30,245,73
30,258,273
30,259,137
30,276,66
30,281,471
30,297,40
31,1,287
31,5,118
31,6,428
31,7,263
31,13,528
31,16,190
31,17,439
31,18,419
31,19,31
31,20,340
31,21,377
31,22,139
31,23,251
31,24,312
31,25,421
31,26,63
31,27,481
31,28,384
31,29,144
31,30,214
31,33,214
31,34,1
31,35,483
31,36,153
31,37,199
31,38,236
31,40,261
31,41,63
31,43,424
31,48,340
31,52,231
31,55,565
31,56,490
31,58,501
31,59,64
31,64,28
31,66,285
31,68,88
31,71,150
31,73,504
31,74,359
31,76,536
31,79,162
31,82,148
31,83,248
31,87,250
31,89,352
31,92,21
31,99,148
31,111,588
31,114,280
31,115,105
31,116,392
31,120,195
31,121,534
31,131,229
31,135,306
31,138,69
31,143,315
31,144,29
31,162,29
31,163,587
31,167,580
31,170,567
31,173,533
31,189,487
31,197,144
31,211,7
31,218,451
31,224,547
31,231,216
31,232,342
31,238,486
31,243,592
31,254,1
31,263,240
31,264,261
31,278,200
31,279,113
31,287,408
32,1,518
32,2,180
32,3,552
32,7,360
32,8,217
32,9,28
32,10,510
32,12,172
32,14,271
32,15,66
32,17,131
32,18,375
32,19,127
32,20,590
32,21,305
32,23,114
32,25,431
32,26,450
32,27,567
32,29,461
32,30,323
32,33,221
32,34,402
32,35,412
32,36,421
32,37,123
32,38,343
32,39,434
32,40,228
32,41,299
32,43,596
32,44,475
32,45,281
32,47,597
32,48,346
32,50,54
32,51,558
32,52,405
32,53,82
32,57,320
32,58,4
32,59,535
32,61,481
32,64,254
32,66,269
32,68,322
32,69,186
32,71,240
32,73,139
32,74,370
32,77,246
32,79,88
32,81,68
32,82,555
32,84,548
32,92,571
32,94,34
32,96,130
32,98,518
32,102,578
32,104,427
32,107,393
32,108,174
32,109,172
32,111,475
32,117,183
32,122,346
32,123,162
32,125,165
32,126,329
32,127,204
32,128,221
32,132,538
32,138,236
32,141,559
32,143,352
32,144,194
32,145,388
32,146,554
32,155,412
32,157,570
32,158,428
32,163,214
32,173,431
32,174,347
32,181,594
32,194,473
32,200,243
32,202,428
32,213,74
32,215,211
32,216,242
32,217,416
32,226,168
32,227,113
32,228,315
32,230,259
32,231,499
32,233,512
32,244,131
32,247,87
32,272,597
32,276,142
32,282,466
32,288,421
32,290,422
32,295,81
33,1,470
33,3,553
33,4,388
33,5,320
33,7,417
33,8,418
33,9,260
33,11,521
33,14,47
33,16,262
33,18,59
33,20,455
33,21,17
33,22,134
33,24,379
33,26,74
33,27,592
33,28,161
33,31,214
33,32,221
33,34,484
33,35,161
33,36,396
33,37,507
33,39,411
33,42,220
33,44,528
33,45,277
33,46,196
33,50,51
33,51,50
33,52,316
33,53,404
33,57,122
33,58,565
33,60,168
33,62,159
33,63,287
33,65,310
33,67,551
33,69,190
33,70,410
33,71,114
33,85,268
33,86,222
33,87,576
33,92,153
33,96,525
33,99,403
33,104,130
33,108,290
33,115,15
33,125,141
33,129,26
33,131,124
33,147,492
33,152,449
33,167,581
33,171,229
33,179,475
33,183,359
33,185,522
33,190,584
33,199,75
33,203,278
33,204,141
33,213,231
33,218,109
33,224,264
33,230,7
33,238,339
33,241,336
33,247,599
33,251,365
33,252,94
33,257,556
33,260,349
33,265,178
33,276,259
33,280,262
33,285,265
33,287,513
33,291,467
33,298,559
34,1,413
34,2,303
34,3,133
34,6,310
34,7,295
34,8,321
34,9,457
34,10,555
34,11,55
34,12,245
34,13,583
34,14,471
34,15,415
34,16,120
34,19,303
34,20,286
34,21,521
34,22,328
34,23,357
34,25,483
34,26,349
34,28,253
34,29,408
34,30,130
34,31,1
34,32,402
34,33,484
34,35,517
34,36,107
34,37,575
34,39,388
34,42,276
34,43,235
34,44,106
34,45,71
34,48,190
34,53,588
34,54,431
34,56,242
34,58,310
34,64,454
34,67,375
34,68,594
34,71,313
34,72,268
34,74,420
34,75,450
34,77,227
34,78,496
34,80,162
34,81,581
34,82,215
34,86,253
34,87,482
34,88,476
34,96,144
34,97,485
34,102,125
34,103,54
34,110,208
34,115,464
34,117,114
34,121,18
34,123,533
34,126,138
34,128,76
34,133,239
34,137,414
34,138,23
34,139,97
34,140,455
34,146,228
34,151,421
34,152,134
34,157,81
34,158,527
34,160,290
34,162,442
34,163,435
34,164,90
34,176,113
34,178,111
34,182,492
34,191,376
34,198,10
34,201,410
34,210,456
34,213,338
34,215,325
34,218,173
34,231,192
34,235,260
34,246,402
34,255,58
34,257,272
34,260,532
34,278,96
34,287,474
34,294,114
34,299,310
35,1,342
35,2,492
35,3,291
35,5,55
35,7,196
35,11,35
35,12,172
35,14,248
35,15,335
35,16,102
35,18,265
35,20,259
35,21,107
35,22,150
35,23,131
35,24,405
35,25,75
35,29,565
35,31,483
35,32,412
35,33,161
35,34,517
35,37,107
35,38,459
35,39,322
35,40,596
35,41,451
35,43,366
35,44,268
35,45,233
35,46,555
35,47,218
35,48,247
35,49,306
35,51,324
35,53,67
35,54,346
35,55,94
35,56,327
35,58,295
35,60,327
35,62,473
35,68,448
35,72,121
35,73,58
35,75,124
35,78,248
35,79,206
35,81,200
35,83,271
35,84,194
35,85,376
35,87,81
35,91,541
35,95,509
35,97,437
35,98,267
35,99,167
35,100,351
35,106,132
35,107,379
35,109,245
35,111,485
35,113,314
35,116,132
35,119,362
35,122,432
35,123,565
35,124,530
35,125,504
35,128,168
35,133,528
35,137,465
35,147,502
35,148,508
35,151,393
35,153,48
35,156,106
35,166,478
35,176,93
35,177,141
35,185,569
35,205,469
35,208,63
35,213,50
35,215,578
35,229,444
35,231,151
35,237,483
35,245,276
35,252,503
35,263,219
35,265,368
35,273,415
35,280,231
35,281,350
35,293,144
36,2,503
36,3,166
36,4,197
36,5,108
36,8,338
36,9,230
36,13,514
36,14,33
36,15,30
36,16,103
36,19,559
36,20,280
36,22,315
36,27,226
36,29,380
36,30,581
36,31,153
36,32,421
36,33,396
36,34,107
36,37,390
36,41,444
36,44,574
36,46,269
36,47,395
36,48,64
36,49,302
36,52,389
36,53,155
36,58,465
36,63,8
36,64,551
36,65,519
36,67,45
36,68,259
36,71,30
36,76,234
36,77,253
36,82,243
36,83,543
36,94,568
36,109,563
36,111,546
36,112,203
36,117,302
36,128,120
36,129,44
36,131,13
36,132,73
36,136,174
36,137,288
36,151,16
36,153,214
36,167,550
36,173,15
36,181,165
36,184,390
36,189,244
36,199,369
36,204,401
36,238,436
36,240,306
36,242,468
36,243,579
36,260,84
36,261,137
36,264,376
36,279,505
36,288,114
37,5,583
37,6,133
37,7,482
37,8,507
37,10,367
37,11,199
37,14,583
37,16,407
37,17,341
37,20,70
37,21,73
37,22,573
37,23,191
37,24,395
37,25,256
37,26,488
37,27,465
37,28,56
37,29,573
37,31,199
37,32,123
37,33,507
37,34,575
37,35,107
37,36,390
37,38,237
37,39,3
37,42,437
37,47,303
37,49,114
37,50,340
37,51,549
37,52,118
37,53,345
37,55,297
37,58,50
37,59,568
37,60,531
37,61,338
37,65,242
37,68,551
37,69,419
37,70,86
37,75,600
37,79,137
37,82,321
37,85,162
37,92,426
37,97,452
37,98,207
37,100,215
37,107,568
37,108,212
37,110,464
37,111,577
37,115,134
37,118,327
37,119,222
37,127,50
37,128,58
37,132,223
37,137,577
37,142,304
37,146,185
37,148,599
37,153,288
37,154,48
37,157,418
37,159,89
37,174,526
37,193,116
37,198,240
37,199,44
37,210,186
37,217,21
37,221,526
37,223,427
37,232,516
37,233,306
37,239,200
37,241,197
37,246,97
37,251,492
37,260,195
37,264,547
37,268,312
37,270,489
37,279,258
37,295,536
38,2,287
38,3,378
38,9,105
38,10,127
38,11,187
38,12,548
38,13,343
38,17,104
38,18,407
38,19,557
38,21,320
38,25,546
38,26,293
38,27,182
38,28,423
38,29,143
38,30,420
38,31,236
38,32,343
38,35,459
38,37,237
38,42,72
38,43,532
38,45,450
38,47,102
38,48,46
38,49,123
38,54,393
38,55,41
38,56,335
38,61,296
38,64,477
38,66,342
38,67,328
38,70,233
38,73,8
38,74,25
38,76,380
38,77,546
38,80,237
38,83,81
38,85,188
38,86,509
38,88,171
38,91,418
38,95,246
38,96,584
38,100,106
38,109,136
38,114,165
38,115,201
38,116,129
38,117,257
38,124,135
38,126,186
38,131,541
38,132,535
38,137,567
38,148,326
38,153,362
38,171,551
38,180,557
38,182,500
38,185,21
38,198,347
38,206,507
38,223,77
38,224,367
38,230,362
38,234,421
38,241,341
38,245,311
38,248,440
38,249,106
38,276,397
38,283,388
38,286,406
38,300,129
39,1,492
39,2,62
39,4,309
39,6,184
39,9,478
39,10,345
39,11,586
39,12,62
39,13,105
39,14,165
39,15,46
39,16,37
39,17,306
39,22,147
39,24,139
39,25,199
39,26,86
39,28,406
39,30,587
39,32,434
39,33,411
39,34,388
39,35,322
39,37,3
39,41,242
39,44,194
39,45,448
39,46,406
39,48,159
39,52,290
39,54,90
39,57,175
39,58,539
39,63,600
39,69,305
39,71,233
39,72,254
39,75,394
39,77,225
39,78,204
39,79,90
39,80,320
39,82,351
39,87,235
39,92,511
39,96,49
39,99,223
39,100,556
39,103,538
39,106,62
39,107,271
39,109,18
39,116,338
39,117,488
39,121,183
39,126,111
39,128,85
39,138,580
39,139,481
39,143,520
39,144,231
39,148,508
39,150,303
39,160,295
39,163,362
39,177,89
39,185,349
39,190,208
39,196,380
39,215,447
39,221,528
39,222,144
39,226,202
39,233,136
39,235,176
39,253,276
39,257,490
39,265,336
39,270,564
39,279,301
39,286,24
39,290,133
39,291,186
40,1,454
40,4,538
40,6,411
40,7,368
40,9,585
40,10,537
40,11,102
40,13,571
40,14,321
40,16,516
40,18,218
40,19,495
40,20,59
40,22,469
40,23,392
40,24,522
40,25,489
40,26,420
40,28,493
40,30,262
40,31,261
40,32,228
40,35,596
40,42,147
40,43,484
40,45,193
40,46,85
40,47,234
40,49,444
40,50,261
40,55,186
40,59,59
40,70,113
40,72,538
40,75,99
40,81,457
40,83,371
40,86,250
40,94,386
40,95,586
40,96,532
40,104,21
40,108,75
40,110,176
40,112,74
40,113,254
40,114,168
40,115,532
40,124,424
40,129,143
40,130,54
40,134,291
40,135,580
40,136,568
40,149,179
40,151,211
40,152,468
40,159,515
40,160,300
40,161,293
40,162,587
40,165,403
40,170,354
40,172,196
40,175,376
40,186,454
40,194,592
40,198,345
40,211,578
40,214,163
40,243,242
40,244,249
40,247,182
40,256,587
40,270,129
40,271,182
40,275,215
40,283,139
40,284,30
41,3,407
41,4,15
41,6,463
41,7,468
41,8,429
41,9,47
41,11,490
41,14,476
41,15,362
41,17,56
41,19,316
41,20,106
41,23,382
41,25,354
41,26,384
41,27,126
41,28,78
41,29,307
41,30,82
41,31,63
41,32,299
41,35,451
41,36,444
41,39,242
41,42,244
41,43,110
41,44,117
41,45,568
41,46,269
41,49,529
41,50,203
41,52,153
41,58,84
41,61,8
41,64,584
41,66,563
41,70,202
41,74,509
41,77,552
41,78,282
41,82,52
41,83,238
41,84,454
41,90,473
41,93,489
41,96,221
41,98,344
41,99,326
41,102,578
41,106,14
41,107,447
41,108,504
41,110,200
41,112,525
41,113,210
41,122,593
41,123,9
41,128,239
41,137,433
41,138,566
41,139,370
41,146,12
41,151,117
41,163,571
41,174,141
41,175,153
41,176,470
41,178,33
41,186,76
41,187,264
41,190,583
41,202,561
41,213,297
41,215,559
41,217,431
41,219,231
41,230,429
41,236,364
41,251,180
41,260,400
41,273,509
41,274,274
41,281,417
41,292,379
41,294,418
41,297,321
42,1,471
42,2,523
42,5,577
42,8,507
42,12,139
42,13,151
42,15,558
42,16,553
42,18,425
42,19,326
42,24,13
42,25,348
42,28,37
42,29,595
42,30,548
42,33,220
42,34,276
42,37,437
42,38,72
42,40,147
42,41,244
42,43,475
42,45,77
42,47,540
42,49,585
42,50,570
42,56,491
42,57,141
42,60,261
42,61,469
42,63,137
42,65,219
42,69,392
42,70,119
42,74,291
42,75,278
42,76,240
42,77,514
42,78,234
42,81,19
42,89,478
42,93,379
42,95,348
42,105,42
42,106,510
42,114,347
42,118,308
42,119,126
42,123,281
42,124,465
42,126,598
42,131,43
42,139,115
42,140,541
42,145,236
42,147,118
42,149,463
42,155,200
42,158,126
42,159,435
42,164,317
42,168,112
42,169,184
42,173,205
42,180,409
42,182,250
42,184,542
42,190,143
42,193,54
42,206,534
42,207,7
42,238,504
42,249,421
42,257,417
42,259,327
42,271,169
42,276,568
42,285,408
42,292,412
42,294,179
42,296,93
42,297,326
43,1,151
43,5,503
43,7,6
43,8,40
43,12,96
43,14,357
43,17,197
43,18,375
43,19,78
43,20,468
43,22,552
43,23,128
43,26,410
43,28,231
43,29,405
43,31,424
43,32,596
43,34,235
43,35,366
43,38,532
43,40,484
43,41,110
43,42,475
43,44,474
43,45,25
43,46,38
43,47,54
43,49,152
43,52,286
43,58,416
43,62,194
43,63,513
43,66,399
43,68,11
43,69,138
43,70,400
43,73,255
43,81,422
43,83,431
43,84,467
43,85,484
43,86,395
43,89,26
43,97,396
43,98,142
43,100,354
43,106,221
43,118,385
43,119,337
43,120,245
43,128,175
43,130,332
43,137,227
43,147,141
43,156,428
43,163,498
43,165,286
43,169,151
43,170,441
43,172,443
43,176,532
43,184,240
43,187,119
43,196,444
43,199,472
43,200,100
43,211,549
43,212,153
43,213,526
43,214,122
43,216,390
43,221,63
43,227,141
43,237,67
43,243,25
43,254,404
43,256,195
43,263,252
43,267,426
43,272,277
43,273,327
43,279,105
43,297,144
43,300,183
44,1,155
44,2,64
44,4,310
44,7,165
44,8,378
44,10,100
44,11,155
44,13,91
44,19,490
44,20,542
44,21,119
44,22,492
44,25,169
44,30,1
44,32,475
44,33,528
44,34,106
44,35,268
44,36,574
44,39,194
44,41,117
44,43,474
44,45,346
44,46,130
44,48,478
44,49,36
44,50,509
44,51,71
44,55,448
44,57,38
44,62,5
44,63,521
44,67,124
44,68,389
44,69,72
44,74,367
44,77,516
44,79,457
44,80,472
44,82,578
44,85,119
44,87,277
44,88,439
44,90,593
44,92,17
44,105,49
44,107,210
44,112,331
44,113,599
44,116,467
44,120,497
44,124,332
44,129,483
44,144,441
44,145,473
44,154,41
44,156,398
44,161,343
44,168,256
44,176,462
44,178,525
44,194,154
44,198,388
44,199,267
44,212,96
44,223,394
44,227,566
44,230,548
44,234,427
44,243,375
44,244,251
44,257,565
44,270,414
44,281,551
44,284,588
44,287,248
44,290,474
45,4,196
45,6,534
45,9,121
45,10,533
45,14,61
45,15,578
45,16,533
45,17,308
45,20,268
45,21,484
45,22,491
45,27,388
45,28,577
45,30,92
45,32,281
45,33,277
45,34,71
45,35,233
45,38,450
45,39,448
45,40,193
45,41,568
45,42,77
45,43,25
45,44,346
45,46,318
45,47,518
45,48,325
45,49,451
45,51,321
45,53,513
45,54,205
45,56,58
45,57,375
45,58,498
45,60,96
45,61,326
45,63,425
45,64,57
45,65,22
45,68,121
45,69,527
45,73,388
45,75,134
45,77,351
45,78,393
45,79,13
45,83,213
45,85,465
45,86,599
45,87,589
45,91,117
45,93,170
45,105,517
45,107,580
45,115,564
45,120,40
45,125,251
45,127,412
45,130,73
45,135,467
45,136,6
45,145,384
45,148,581
45,154,152
45,155,545
45,159,126
45,163,96
45,173,198
45,180,402
45,185,183
45,186,587
45,201,296
45,202,17
45,207,216
45,219,337
45,220,355
45,232,495
45,233,355
45,239,419
45,254,596
45,263,33
45,264,27
45,277,587
45,279,573
45,290,548
45,292,529
45,297,226
46,3,288
46,4,5
46,6,522
46,9,541
46,10,421
46,12,82
46,17,304
46,19,77
46,21,559
46,22,74
46,23,6
46,24,535
46,25,447
46,27,527
46,28,315
46,30,329
46,33,196
46,35,555
46,36,269
46,39,406
46,40,85
46,41,269
46,43,38
46,44,130
46,45,318
46,49,371
46,52,346
46,53,483
46,56,208
46,58,33
46,59,33
46,60,365
46,61,537
46,62,294
46,64,60
46,68,348
46,72,398
46,74,255
46,75,340
46,79,578
46,83,444
46,89,198
46,90,469
46,91,475
46,98,8
46,100,204
46,104,83
46,108,7
46,110,247
46,113,167
46,114,213
46,116,276
46,117,185
46,118,140
46,122,521
46,123,210
46,127,417
46,134,338
46,135,343
46,137,269
46,138,84
46,144,494
46,146,218
46,148,303
46,155,85
46,159,65
46,162,447
46,182,76
46,183,251
46,188,159
46,190,358
46,197,428
46,201,470
46,215,242
46,218,376
46,220,583
46,224,346
46,226,6
46,229,243
46,230,415
46,231,32
46,234,590
46,237,362
46,250,14
46,266,178
46,267,207
46,274,581
46,275,157
