source,target,weight
1,2,64
1,3,496
1,5,301
1,6,567
1,7,52
1,8,197
1,9,63
1,10,186
1,12,403
1,13,167
1,14,367
1,15,439
1,16,335
1,17,106
1,18,556
1,19,569
1,21,498
1,22,341
1,24,357
1,25,367
1,26,202
1,28,206
1,29,486
1,30,126
1,33,142
1,34,584
1,35,429
1,36,64
1,37,395
1,38,264
1,39,501
1,40,487
1,44,471
1,45,298
1,47,332
1,48,203
1,49,126
1,51,560
1,55,471
1,60,398
1,61,599
1,66,471
1,67,467
1,70,50
1,72,124
1,75,546
1,77,37
1,78,109
1,80,483
1,82,19
1,84,17
1,85,586
1,86,270
1,87,576
1,88,44
1,89,299
1,92,161
1,99,545
1,102,82
1,106,299
1,108,538
1,111,316
1,112,2
1,115,123
1,120,214
1,121,7
1,125,58
1,128,180
1,131,415
1,132,292
1,135,447
1,137,199
1,142,67
1,152,229
1,156,543
1,159,363
1,162,586
1,163,105
1,164,177
1,168,221
1,170,252
1,171,348
1,184,152
1,190,240
1,200,29
1,203,405
1,205,239
1,213,378
1,215,85
1,227,234
1,230,515
1,239,348
1,252,342
1,264,350
1,265,451
1,266,490
1,267,196
1,269,469
1,274,432
1,275,574
1,278,110
1,292,363
1,293,572
1,295,367
2,1,64
2,3,270
2,4,579
2,5,467
2,6,392
2,7,454
2,8,475
2,11,439
2,12,390
2,13,134
2,15,463
2,16,337
2,17,66
2,18,158
2,19,181
2,20,214
2,21,113
2,22,554
2,23,346
2,24,409
2,28,8
2,29,570
2,35,216
2,36,388
2,39,156
2,41,42
2,42,375
2,44,206
2,46,124
2,47,108
2,50,64
2,54,323
2,57,366
2,58,330
2,60,316
2,62,238
2,64,242
2,67,170
2,68,5
2,76,188
2,80,501
2,82,441
2,83,451
2,90,462
2,91,27
2,92,478
2,93,278
2,99,366
2,101,87
2,102,495
2,103,89
2,104,524
2,105,362
2,108,538
2,112,21
2,117,235
2,119,537
2,121,286
2,123,441
2,124,367
2,128,507
2,130,228
2,132,581
2,133,193
2,138,254
2,142,396
2,143,266
2,147,223
2,152,413
2,153,347
2,157,4
2,161,89
2,171,463
2,173,475
2,176,61
2,177,517
2,178,507
2,184,149
2,186,129
2,189,39
2,190,39
2,206,95
2,209,199
2,214,336
2,218,88
2,226,537
2,227,68
2,250,149
2,258,344
2,264,453
2,273,66
2,279,278
2,284,560
2,294,218
2,296,466
2,298,47
3,1,496
3,2,270
3,4,379
3,5,123
3,6,219
3,10,584
3,11,410
3,13,168
3,14,315
3,15,311
3,17,284
3,18,182
3,24,144
3,25,140
3,26,141
3,27,88
3,28,192
3,31,234
3,32,404
3,33,167
3,34,385
3,35,331
3,36,593
3,37,97
3,39,87
3,42,410
3,43,287
3,46,60
3,47,436
3,49,134
3,50,324
3,51,216
3,53,374
3,54,5
3,55,99
3,57,497
3,59,103
3,60,274
3,62,274
3,63,219
3,65,483
3,66,506
3,69,175
3,71,374
3,73,57
3,74,179
3,82,12
3,86,49
3,89,371
3,96,307
3,100,71
3,109,249
3,110,194
3,114,96
3,116,501
3,117,63
3,124,285
3,132,422
3,145,368
3,148,437
3,149,229
3,163,347
3,165,70
3,168,441
3,169,114
3,173,41
3,176,423
3,179,65
3,183,421
3,184,210
3,189,280
3,191,534
3,199,278
3,212,474
3,214,145
3,216,368
3,218,425
3,224,201
3,227,337
3,244,399
3,247,302
3,252,318
3,253,437
3,255,98
3,258,472
3,269,445
3,288,339
3,291,254
3,294,118
4,2,579
4,3,379
4,6,156
4,8,594
4,10,545
4,11,392
4,12,13
4,16,360
4,17,87
4,18,341
4,20,70
4,21,116
4,23,279
4,24,587
4,25,274
4,27,46
4,29,299
4,31,199
4,32,32
4,34,381
4,35,154
4,36,186
4,37,501
4,39,519
4,40,164
4,41,278
4,42,308
4,43,181
4,44,242
4,46,529
4,49,127
4,50,401
4,51,85
4,57,139
4,58,111
4,59,1
4,60,382
4,61,373
4,62,410
4,63,178
4,65,571
4,68,480
4,71,209
4,73,355
4,75,107
4,78,222
4,81,5
4,82,11
4,85,344
4,90,132
4,91,520
4,95,113
4,97,43
4,99,387
4,104,346
4,105,327
4,107,160
4,108,504
4,110,111
4,111,13
4,118,506
4,120,87
4,123,24
4,130,422
4,134,376
4,140,538
4,141,519
4,143,130
4,144,299
4,145,207
4,147,574
4,156,44
4,162,276
4,166,284
4,172,432
4,180,330
4,183,402
4,189,222
4,194,490
4,195,453
4,203,374
4,208,534
4,210,334
4,215,186
4,230,30
4,240,172
4,249,327
4,260,223
4,277,45
4,284,221
4,295,57
4,297,238
5,1,301
5,2,467
5,3,123
5,6,301
5,7,130
5,8,155
5,9,196
5,11,512
5,12,274
5,13,544
5,14,342
5,16,77
5,17,51
5,18,137
5,19,347
5,20,45
5,21,535
5,22,26
5,23,440
5,25,469
5,26,333
5,27,448
5,30,362
5,32,39
5,33,287
5,34,250
5,35,29
5,37,38
5,38,544
5,39,525
5,41,381
5,42,142
5,43,249
5,44,562
5,45,517
5,46,443
5,47,128
5,48,370
5,50,502
5,51,305
5,52,168
5,53,203
5,54,176
5,56,321
5,59,250
5,61,401
5,63,215
5,64,176
5,66,84
5,67,553
5,68,286
5,74,326
5,76,408
5,77,549
5,79,357
5,80,267
5,82,580
5,83,299
5,85,283
5,91,241
5,93,52
5,95,402
5,97,261
5,99,360
5,102,336
5,105,427
5,106,502
5,113,554
5,114,322
5,115,493
5,116,402
5,118,427
5,119,293
5,124,408
5,128,305
5,136,111
5,140,516
5,141,125
5,160,361
5,163,311
5,164,531
5,168,317
5,175,329
5,179,120
5,182,376
5,188,185
5,192,12
5,194,33
5,195,25
5,198,229
5,201,580
5,204,238
5,210,110
5,221,372
5,223,237
5,225,486
5,226,240
5,232,61
5,233,556
5,235,477
5,239,279
5,244,234
5,250,291
5,287,81
5,288,480
5,300,448
6,1,567
6,2,392
6,3,219
6,4,156
6,5,301
6,7,30
6,9,455
6,11,524
6,12,440
6,13,579
6,14,303
6,15,580
6,16,327
6,17,500
6,20,103
6,21,423
6,22,321
6,23,87
6,25,546
6,26,565
6,27,599
6,28,228
6,29,468
6,30,588
6,31,361
6,32,563
6,34,227
6,35,589
6,36,557
6,38,114
6,39,184
6,40,190
6,41,106
6,42,437
6,43,76
6,44,346
6,45,397
6,46,426
6,48,201
6,49,383
6,50,400
6,55,26
6,56,107
6,59,256
6,65,530
6,66,521
6,69,461
6,70,518
6,71,379
6,75,73
6,77,418
6,78,573
6,80,70
6,81,40
6,83,339
6,84,588
6,85,189
6,89,202
6,95,462
6,103,584
6,104,21
6,117,473
6,118,568
6,119,228
6,122,281
6,123,210
6,127,351
6,134,25
6,136,441
6,137,191
6,139,375
6,145,225
6,146,492
6,148,399
6,150,290
6,158,76
6,159,573
6,164,355
6,170,209
6,171,471
6,177,136
6,181,566
6,191,123
6,195,255
6,201,543
6,222,352
6,229,79
6,231,20
6,236,294
6,238,81
6,240,563
6,243,57
6,244,131
6,256,26
6,266,134
6,269,16
6,276,552
6,278,237
6,282,68
6,284,277
6,285,236
6,293,268
6,296,230
7,1,52
7,2,454
7,5,130
7,6,30
7,9,359
7,10,128
7,11,170
7,12,338
7,17,213
7,19,512
7,20,332
7,22,492
7,24,372
7,25,449
7,27,460
7,29,253
7,30,247
7,31,188
7,32,558
7,34,561
7,35,76
7,40,104
7,42,374
7,43,98
7,45,592
7,46,116
7,48,595
7,50,533
7,51,511
7,52,398
7,56,267
7,57,336
7,59,125
7,60,579
7,63,524
7,65,509
7,69,413
7,70,207
7,71,381
7,74,338
7,81,514
7,83,528
7,84,455
7,85,324
7,86,262
7,87,173
7,89,397
7,90,528
7,91,205
7,92,69
7,94,182
7,95,109
7,96,190
7,97,114
7,98,40
7,99,339
7,103,304
7,104,460
7,105,539
7,106,190
7,111,444
7,113,548
7,115,395
7,118,253
7,120,62
7,121,514
7,122,332
7,124,143
7,126,15
7,128,453
7,129,359
7,132,560
7,134,252
7,136,252
7,141,264
7,145,562
7,146,352
7,147,77
7,151,233
7,155,70
7,156,337
7,159,595
7,160,315
7,162,77
7,171,377
7,172,506
7,177,275
7,179,20
7,183,363
7,187,301
7,188,379
7,189,467
7,190,395
7,195,338
7,197,271
7,204,32
7,211,308
7,212,378
7,215,219
7,217,582
7,218,24
7,221,216
7,223,452
7,226,395
7,233,262
7,241,384
7,243,143
7,245,161
7,246,68
7,249,241
7,251,271
7,254,476
7,262,591
7,265,559
7,271,245
7,273,196
7,282,514
7,288,78
7,294,529
7,296,226
7,298,488
7,299,583
8,1,197
8,2,475
8,4,594
8,5,155
8,9,248
8,11,172
8,13,341
8,15,298
8,16,470
8,19,581
8,22,132
8,24,318
8,26,243
8,27,430
8,28,50
8,31,283
8,34,225
8,35,323
8,36,393
8,38,111
8,41,460
8,45,297
8,46,575
8,47,347
8,50,224
8,51,253
8,52,57
8,55,204
8,56,489
8,59,251
8,61,261
8,68,189
8,69,560
8,70,124
8,71,73
8,72,332
8,73,135
8,75,116
8,77,33
8,79,481
8,80,68
8,81,424
8,82,177
8,86,595
8,87,46
8,89,310
8,91,592
8,92,507
8,93,14
8,97,528
8,98,108
8,101,297
8,102,598
8,110,179
8,118,397
8,120,313
8,121,129
8,122,468
8,128,443
8,130,472
8,131,256
8,133,335
8,136,300
8,148,341
8,153,230
8,163,148
8,166,261
8,167,235
8,171,132
8,172,85
8,174,428
8,175,343
8,179,485
8,181,375
8,182,6
8,188,332
8,189,246
8,196,379
8,199,599
8,200,411
8,209,163
8,224,36
8,227,419
8,231,187
8,232,25
8,233,213
8,238,23
8,245,401
8,252,266
8,262,280
8,285,427
8,288,2
8,291,257
8,295,287
9,1,63
9,5,196
9,6,455
9,7,359
9,8,248
9,10,380
9,11,533
9,12,295
9,14,65
9,16,175
9,19,14
9,22,259
9,23,157
9,24,599
9,27,187
9,28,86
9,29,486
9,30,478
9,31,228
9,32,293
9,35,404
9,36,304
9,37,80
9,40,274
9,41,111
9,42,187
9,43,310
9,45,441
9,47,227
9,48,591
9,50,588
9,51,404
9,52,489
9,53,456
9,54,544
9,55,197
9,58,10
9,60,595
9,61,92
9,62,102
9,64,406
9,66,218
9,68,465
9,70,486
9,71,159
9,73,468
9,78,281
9,79,576
9,82,314
9,87,194
9,93,374
9,97,452
9,98,301
9,99,115
9,100,166
9,101,324
9,106,229
9,113,555
9,115,101
9,124,115
9,127,561
9,131,270
9,132,596
9,135,2
9,141,495
9,145,151
9,155,539
9,158,57
9,159,451
9,160,24
9,162,342
9,168,118
9,169,12
9,170,451
9,174,148
9,177,462
9,180,249
9,182,291
9,183,279
9,185,503
9,188,208
9,190,504
9,191,167
9,201,544
9,208,542
9,210,182
9,219,298
9,223,78
9,226,260
9,228,66
9,231,75
9,236,502
9,244,560
9,257,522
9,263,469
9,278,110
9,282,146
9,289,64
9,291,214
9,293,482
10,1,186
10,3,584
10,4,545
10,7,128
10,9,380
10,11,337
10,13,331
10,14,464
10,15,44
10,16,3
10,17,445
10,18,434
10,21,117
10,24,12
10,25,258
10,26,333
10,27,13
10,28,538
10,29,326
10,33,213
10,34,379
10,38,453
10,39,368
10,40,534
10,43,341
10,44,191
10,48,107
10,51,264
10,57,458
10,58,88
10,60,366
10,61,55
10,62,39
10,64,177
10,68,555
10,74,426
10,76,142
10,77,181
10,78,351
10,80,153
10,83,378
10,86,301
10,89,533
10,92,325
10,93,402
10,96,326
10,99,416
10,104,19
10,111,128
10,112,469
10,127,452
10,128,358
10,131,593
10,136,589
10,140,592
10,143,213
10,145,427
10,148,116
10,157,485
10,158,424
10,166,403
10,168,347
10,177,427
10,178,536
10,181,180
10,189,39
10,190,406
10,199,335
10,207,392
10,210,548
10,214,297
10,215,421
10,228,527
10,229,45
10,234,286
10,237,190
10,238,80
10,240,179
10,244,83
10,246,19
10,248,523
10,252,546
10,254,491
10,259,180
10,260,476
10,261,482
10,264,461
10,265,464
10,266,370
10,273,225
10,279,447
10,293,596
10,300,336
11,2,439
11,3,410
11,4,392
11,5,512
11,6,524
11,7,170
11,8,172
11,9,533
11,10,337
11,12,287
11,13,479
11,15,174
11,16,198
11,18,140
11,20,579
11,21,328
11,22,204
11,23,490
11,24,393
11,25,506
11,26,587
11,27,166
11,29,366
11,31,480
11,33,573
11,34,78
11,35,329
11,36,384
11,37,167
11,38,442
11,39,78
11,40,317
11,41,511
11,42,466
11,43,433
11,45,172
11,47,256
11,50,309
11,52,10
11,53,77
11,55,432
11,58,407
11,63,494
11,67,474
11,68,479
11,70,356
11,72,107
11,74,584
11,75,159
11,77,314
11,79,262
11,81,591
11,83,32
11,86,306
11,87,239
11,89,508
11,90,297
11,98,157
11,99,257
11,101,310
11,103,23
11,108,400
11,109,317
11,110,523
11,113,225
11,114,20
11,116,478
11,124,362
11,125,257
11,135,161
11,140,586
11,147,12
11,150,541
11,158,4
11,162,418
11,166,229
11,167,66
11,168,526
11,183,516
11,188,285
11,190,256
11,196,130
11,198,70
11,207,562
11,214,501
11,219,315
11,220,421
11,225,137
11,226,598
11,227,96
11,229,135
11,233,219
11,237,439
11,238,325
11,243,70
11,248,594
11,253,569
11,258,410
11,268,141
11,274,395
11,275,372
11,286,59
11,292,400
11,295,337
12,1,403
12,2,390
12,4,13
12,5,274
12,6,440
12,7,338
12,9,295
12,11,287
12,15,543
12,17,103
12,18,459
12,20,293
12,21,217
12,23,329
12,25,296
12,26,176
12,27,22
12,29,221
12,30,45
12,32,428
12,33,169
12,34,81
12,35,431
12,36,413
12,37,287
12,38,459
12,39,475
12,41,129
12,44,106
12,46,570
12,47,520
12,49,563
12,50,355
12,53,550
12,59,272
12,60,75
12,65,208
12,68,198
12,70,426
12,71,8
12,73,478
12,76,592
12,86,263
12,87,194
12,88,588
12,89,373
12,94,328
12,95,299
12,96,146
12,97,187
12,98,402
12,107,391
12,113,407
12,114,110
12,115,33
12,118,427
12,126,64
12,145,194
12,149,338
12,150,498
12,155,598
12,156,553
12,158,558
12,162,276
12,163,404
12,164,50
12,167,219
12,170,159
12,171,278
12,178,504
12,189,552
12,197,468
12,201,238
12,203,44
12,205,219
12,206,101
12,207,61
12,212,289
12,213,384
12,214,384
12,219,598
12,226,564
12,236,289
12,241,558
12,259,532
12,292,91
13,1,167
13,2,134
13,3,168
13,5,544
13,6,579
13,8,341
13,10,331
13,11,479
13,14,180
13,15,32
13,18,53
13,20,299
13,21,596
13,22,332
13,23,588
13,25,141
13,27,21
13,28,433
13,30,217
13,31,79
13,32,503
13,33,520
13,34,62
13,35,238
13,36,496
13,39,488
13,40,53
13,42,173
13,43,133
13,44,452
13,46,289
13,47,582
13,49,131
13,50,119
13,52,294
13,53,383
13,55,190
13,57,394
13,60,166
13,61,427
13,63,193
13,66,558
13,68,588
13,71,429
13,73,554
13,74,341
13,75,599
13,78,460
13,81,359
13,82,455
13,84,397
13,85,417
13,87,346
13,88,164
13,89,487
13,91,24
13,92,478
13,93,126
13,94,60
13,95,384
13,96,368
13,98,122
13,102,472
13,106,290
13,108,130
13,110,444
13,111,40
13,114,505
13,116,442
13,120,593
13,122,383
13,129,545
13,147,326
13,149,91
13,155,46
13,161,268
13,162,451
13,165,75
13,168,468
13,171,263
13,176,447
13,183,488
13,193,361
13,196,591
13,201,504
13,203,159
13,208,140
13,210,461
13,225,585
13,226,425
13,238,494
13,240,23
13,257,591
13,273,433
13,274,434
13,278,244
13,284,171
13,289,224
13,292,206
13,294,50
13,299,79
13,300,303
14,1,367
14,3,315
14,5,342
14,6,303
14,9,65
14,10,464
14,13,180
14,16,341
14,19,398
14,20,215
14,21,129
14,22,242
14,23,96
14,24,568
14,26,403
14,29,292
14,30,326
14,36,300
14,37,215
14,38,53
14,39,37
14,41,151
14,42,327
14,43,310
14,45,39
14,47,292
14,48,161
14,49,258
14,51,357
14,52,568
14,53,346
14,55,560
14,56,494
14,58,350
14,61,598
14,62,258
14,63,123
14,64,309
14,69,577
14,70,147
14,71,240
14,73,272
14,75,550
14,76,390
14,77,443
14,82,590
14,83,13
14,88,301
14,90,143
14,91,595
14,94,482
14,96,242
14,103,203
14,105,578
14,106,514
14,107,557
14,109,564
14,110,170
14,112,250
14,113,479
14,114,215
14,118,89
14,119,585
14,121,4
14,125,159
14,126,459
14,133,143
14,134,414
14,135,26
14,142,595
14,143,418
14,147,383
14,152,25
14,154,30
14,155,373
14,160,126
14,164,224
14,170,238
14,186,243
14,189,458
14,202,421
14,210,420
14,211,472
14,212,145
14,218,562
14,220,206
14,224,258
14,238,575
14,256,19
14,266,321
14,271,201
14,272,257
14,275,448
14,280,240
14,281,383
14,289,594
15,1,439
15,2,463
15,3,311
15,6,580
15,8,298
15,10,44
15,11,174
15,12,543
15,13,32
15,18,568
15,19,573
15,20,388
15,21,75
15,22,46
15,23,434
15,24,18
15,26,422
15,27,138
15,28,500
15,29,133
15,31,391
15,32,460
15,35,92
15,37,579
15,38,137
15,39,197
15,40,395
15,41,579
15,42,99
15,44,164
15,45,98
15,47,545
15,48,432
15,52,519
15,54,264
15,55,213
15,57,121
15,59,140
15,62,586
15,63,78
15,64,219
15,68,137
15,69,544
15,70,386
15,71,321
15,72,483
15,73,147
15,75,321
15,77,431
15,78,409
15,79,94
15,81,331
15,82,486
15,85,464
15,87,240
15,90,247
15,91,421
15,93,158
15,95,282
15,97,490
15,98,469
15,103,362
15,104,558
15,106,451
15,109,132
15,110,406
15,111,214
15,113,360
15,114,247
15,116,232
15,117,25
15,125,269
15,127,26
15,130,77
15,133,223
15,134,537
15,141,45
15,142,54
15,144,448
15,148,236
15,150,206
15,153,185
15,158,103
15,159,31
15,165,573
15,168,485
15,176,262
15,181,47
15,185,510
15,192,44
15,194,347
15,196,510
15,199,593
15,207,125
15,208,279
15,221,296
15,224,421
15,232,92
15,253,465
15,254,420
15,255,124
15,258,74
15,266,88
15,272,522
15,273,569
15,282,219
15,283,16
15,286,574
15,294,295
15,300,217
16,1,335
16,2,337
16,4,360
16,5,77
16,6,327
16,8,470
16,9,175
16,10,3
16,11,198
16,14,341
16,17,533
16,18,411
16,20,228
16,21,248
16,22,209
16,24,298
16,26,288
16,27,50
16,28,286
16,31,235
16,32,450
16,33,15
16,34,181
16,36,403
16,37,560
16,38,354
16,40,382
16,41,254
16,42,556
16,43,42
16,45,576
16,46,392
16,47,43
16,48,90
16,49,358
16,50,316
16,53,114
16,55,539
16,56,223
16,58,591
16,60,517
16,63,352
16,64,235
16,66,552
16,67,535
16,69,222
16,70,376
16,72,373
16,73,524
16,74,19
16,81,108
16,82,526
16,83,344
16,85,90
16,88,121
16,89,148
16,99,55
16,101,310
16,102,575
16,105,297
16,107,254
16,108,482
16,112,296
16,113,257
16,115,326
16,116,426
16,118,133
16,121,223
16,128,231
16,138,27
16,139,165
16,142,100
16,148,437
16,149,302
16,165,398
16,166,43
16,168,369
16,171,177
16,172,560
16,174,583
16,184,309
16,188,260
16,190,251
16,191,450
16,199,79
16,204,431
16,208,18
16,210,451
16,220,411
16,221,123
16,226,268
16,230,191
16,236,312
16,239,377
16,241,63
16,245,502
16,250,11
16,258,26
16,278,522
16,279,554
16,289,107
17,1,106
17,2,66
17,3,284
17,4,87
17,5,51
17,6,500
17,7,213
17,10,445
17,12,103
17,16,533
17,19,469
17,21,478
17,23,414
17,24,567
17,26,239
17,27,8
17,28,598
17,30,269
17,31,570
17,32,566
17,33,370
17,36,274
17,38,280
17,39,409
17,40,364
17,41,346
17,42,246
17,43,441
17,46,204
17,47,35
17,49,381
17,50,67
17,52,569
17,54,381
17,55,151
17,56,494
17,57,487
17,58,90
17,61,95
17,62,280
17,64,423
17,65,29
17,66,402
17,68,550
17,69,109
17,70,437
17,72,28
17,73,94
17,74,264
17,78,508
17,79,127
17,83,91
17,93,191
17,94,320
17,98,11
17,99,176
17,100,237
17,111,160
17,117,561
17,118,109
17,127,520
17,130,312
17,131,195
17,133,205
17,135,287
17,136,410
17,140,437
17,143,383
17,144,509
17,150,319
17,154,13
17,161,422
17,165,401
17,168,516
17,173,113
17,175,446
17,176,550
17,181,209
17,185,541
17,194,57
17,195,563
17,196,477
17,198,158
17,201,7
17,211,204
17,213,44
17,220,474
17,223,27
17,226,213
17,232,452
17,234,21
17,243,216
17,248,564
17,252,22
17,253,447
17,255,275
17,256,96
17,259,138
17,262,240
17,273,382
17,274,81
17,277,173
17,287,100
17,288,359
17,289,275
17,291,288
17,293,106
18,1,556
18,2,158
18,3,182
18,4,341
18,5,137
18,10,434
18,11,140
18,12,459
18,13,53
18,15,568
18,16,411
18,19,320
18,20,298
18,22,8
18,23,345
18,26,172
18,27,203
18,28,574
18,29,255
18,30,278
18,31,178
18,35,557
18,36,32
18,37,236
18,38,526
18,39,549
18,42,441
18,43,569
18,44,512
18,45,118
18,47,317
18,48,362
18,49,539
18,51,422
18,53,110
18,54,157
18,55,523
18,57,278
18,59,337
18,60,491
18,64,247
18,65,313
18,67,511
18,69,577
18,71,438
18,73,384
18,74,424
18,76,354
18,77,336
18,78,29
18,79,27
18,81,237
18,82,294
18,83,342
18,85,350
18,86,580
18,91,585
18,95,354
18,98,533
18,100,442
18,106,451
18,107,258
18,109,412
18,110,524
18,112,15
18,115,148
18,116,340
18,117,36
18,120,378
18,122,355
18,123,471
18,124,40
18,125,513
18,127,237
18,129,456
18,130,561
18,136,26
18,140,127
18,144,437
18,150,28
18,151,211
18,152,458
18,153,525
18,158,544
18,159,478
18,160,463
18,164,537
18,165,331
18,167,551
18,178,351
18,183,464
18,196,256
18,198,320
18,203,307
18,206,489
18,223,412
18,232,595
18,235,115
18,236,307
18,237,271
18,240,123
18,241,247
18,253,466
18,261,119
18,266,206
18,267,134
18,268,185
18,269,74
18,271,275
18,279,374
18,281,265
18,291,238
18,295,523
19,1,569
19,2,181
19,5,347
19,7,512
19,8,581
19,9,14
19,14,398
19,15,573
19,17,469
19,18,320
19,20,306
19,21,462
19,25,25
19,26,430
19,27,289
19,29,403
19,30,307
19,31,497
19,34,577
19,35,354
19,36,398
19,37,566
19,38,212
19,40,219
19,41,507
19,43,9
19,44,399
19,45,222
19,46,454
19,49,277
19,50,256
19,51,337
19,52,523
19,53,476
19,54,297
19,59,433
19,60,582
19,61,52
19,63,437
19,65,19
19,66,126
19,68,311
19,69,436
19,70,411
19,73,490
19,74,375
19,76,76
19,78,302
19,79,24
19,80,577
19,85,491
19,87,24
19,88,573
19,89,347
19,90,552
19,91,539
19,92,436
19,99,292
19,102,84
19,104,307
19,106,94
19,107,465
19,109,566
19,114,594
19,116,153
19,118,125
19,123,62
19,126,178
19,127,7
19,131,564
19,132,530
19,133,458
19,142,516
19,144,465
19,146,105
19,148,531
19,151,51
19,153,443
19,154,67
19,156,466
19,160,260
19,162,275
19,163,173
19,169,11
19,171,366
19,177,581
19,184,484
19,226,565
19,227,578
19,228,540
19,237,209
19,246,193
19,247,3
19,250,142
19,271,359
19,275,381
19,282,324
19,283,379
19,289,559
19,290,236
19,294,280
19,295,295
19,296,543
20,2,214
20,4,70
20,5,45
20,6,103
20,7,332
20,11,579
20,12,293
20,13,299
20,14,215
20,15,388
20,16,228
20,18,298
20,19,306
20,21,446
20,25,464
20,26,423
20,28,368
20,29,159
20,30,538
20,33,328
20,34,557
20,36,356
20,37,276
20,38,455
20,39,553
20,40,506
20,41,359
20,43,509
20,44,187
20,46,478
20,47,525
20,49,306
20,52,417
20,53,156
20,54,373
20,55,397
20,56,363
20,57,480
20,58,597
20,59,570
20,60,162
20,61,378
20,62,204
20,64,418
20,66,47
20,68,356
20,69,67
20,70,157
20,71,363
20,72,182
20,75,190
20,76,344
20,78,359
20,79,435
20,80,221
20,81,186
20,82,129
20,83,594
20,86,225
20,87,347
20,88,418
20,92,446
20,93,496
20,94,256
20,95,443
20,96,225
20,97,66
20,99,92
20,100,521
20,102,529
20,103,245
20,107,245
20,108,571
20,116,81
20,117,20
20,120,382
20,125,137
20,131,465
20,134,369
20,137,252
20,138,90
20,145,241
20,146,75
20,148,317
20,151,518
20,154,460
20,157,462
20,160,238
20,181,574
20,184,502
20,188,597
20,189,599
20,193,451
20,198,172
20,217,516
20,226,138
20,227,175
20,231,18
20,235,599
20,243,241
20,247,187
20,251,102
20,254,331
20,262,308
20,263,97
20,271,237
20,280,152
20,295,407
20,299,7
21,1,498
21,2,113
21,4,116
21,5,535
21,6,423
21,10,117
21,11,328
21,12,217
21,13,596
21,14,129
21,15,75
21,16,248
21,17,478
21,19,462
21,20,446
21,23,429
21,24,403
21,27,61
21,28,391
21,30,141
21,32,444
21,33,384
21,34,397
21,35,35
21,36,133
21,38,423
21,40,461
21,43,179
21,45,489
21,46,337
21,47,368
21,48,131
21,49,312
21,50,13
21,53,43
21,55,238
21,56,586
21,57,498
21,58,271
21,60,90
21,61,316
21,67,515
21,72,173
21,74,172
21,75,593
21,79,463
21,80,382
21,83,526
21,84,373
21,85,122
21,86,313
21,87,261
21,88,533
21,89,188
21,91,122
21,93,386
21,96,151
21,102,222
21,105,219
21,106,494
21,109,53
21,118,3
21,121,152
21,124,412
21,133,204
21,143,539
21,146,72
21,153,280
21,155,8
21,161,520
21,167,397
21,169,98
21,176,253
21,181,222
21,186,166
21,192,534
21,193,109
21,200,387
21,207,78
21,208,225
21,211,284
21,214,488
21,217,233
21,219,451
21,221,46
21,222,557
21,233,236
21,235,41
21,237,593
21,238,574
21,240,372
21,241,310
21,242,84
21,247,595
21,252,65
21,255,466
21,259,93
21,263,393
21,265,468
21,272,306
21,273,17
21,279,37
21,286,314
21,293,448
21,295,23
21,296,219
21,297,505
22,1,341
22,2,554
22,5,26
22,6,321
22,7,492
22,8,132
22,9,259
22,11,204
22,13,332
22,14,242
22,15,46
22,16,209
22,18,8
22,23,482
22,24,246
22,25,254
22,29,298
22,30,566
22,31,159
22,32,191
22,33,509
22,36,173
22,37,117
22,38,62
22,41,530
22,42,193
22,44,335
22,45,502
22,47,381
22,48,468
22,49,165
22,50,229
22,54,564
22,57,236
22,63,565
22,64,21
22,66,514
22,70,520
22,72,322
22,74,59
22,76,220
22,79,196
22,82,158
22,84,170
22,88,112
22,90,374
22,92,257
22,93,397
22,96,536
22,98,208
22,99,147
22,100,499
22,101,7
22,103,562
22,104,211
22,105,101
22,107,17
22,108,444
22,109,520
22,111,576
22,113,442
22,115,148
22,123,147
22,125,481
22,129,400
22,130,311
22,131,29
22,135,263
22,138,6
22,140,571
22,142,224
22,145,304
22,147,193
22,150,375
22,164,351
22,165,284
22,166,134
22,167,491
22,172,489
22,175,293
22,181,376
22,184,145
22,201,308
22,204,91
22,205,370
22,209,485
22,220,168
22,222,500
22,226,89
22,230,505
22,236,157
22,238,426
22,246,92
22,259,300
22,260,441
22,261,361
22,264,528
22,270,232
22,274,579
22,276,246
22,278,143
22,284,229
22,287,233
22,294,343
22,296,484
23,2,346
23,4,279
23,5,440
23,6,87
23,9,157
23,11,490
23,12,329
23,13,588
23,14,96
23,15,434
23,17,414
23,18,345
23,21,429
23,22,482
23,24,304
23,25,579
23,28,350
23,31,217
23,32,229
23,33,162
23,34,507
23,36,347
23,37,115
23,38,427
23,40,23
23,41,588
23,44,573
23,46,443
23,47,118
23,48,375
23,49,302
23,50,340
23,53,400
23,54,178
23,56,542
23,57,39
23,59,391
23,61,275
23,63,418
23,65,587
23,66,548
23,72,200
23,84,555
23,85,480
23,86,344
23,89,12
23,91,223
23,92,105
23,95,463
23,100,509
23,101,478
23,104,49
23,105,4
23,107,229
23,110,107
23,117,426
23,119,369
23,120,471
23,128,438
23,129,332
23,130,435
23,131,19
23,141,143
23,144,593
23,149,281
23,150,498
23,151,222
23,152,354
23,153,61
23,157,286
23,160,343
23,173,170
23,179,111
23,180,584
23,186,566
23,190,302
23,192,382
23,193,392
23,197,469
23,199,126
23,209,580
23,214,146
23,216,37
23,217,245
23,224,311
23,233,374
23,248,335
23,250,455
23,252,498
23,254,487
23,267,101
23,270,410
23,286,539
23,291,242
23,294,244
24,1,357
24,2,409
24,3,144
24,4,587
24,7,372
24,8,318
24,9,599
24,10,12
24,11,393
24,14,568
24,15,18
24,16,298
24,17,567
24,21,403
24,22,246
24,23,304
24,25,301
24,26,183
24,29,52
24,30,495
24,31,201
24,33,8
24,35,276
24,36,239
24,39,127
24,40,579
24,42,178
24,44,315
24,45,502
24,48,168
24,49,485
24,50,17
24,51,446
24,53,420
24,54,184
24,55,290
24,56,533
24,59,186
24,60,376
24,61,215
24,63,560
24,64,402
24,65,331
24,68,368
24,69,352
24,71,574
24,72,394
24,73,160
24,77,13
24,79,271
24,87,271
24,89,80
24,94,553
24,96,127
24,102,378
24,104,578
24,106,418
24,107,301
24,111,327
24,112,349
24,116,231
24,120,398
24,122,507
24,123,473
24,124,580
24,128,285
24,136,260
24,138,192
24,139,277
24,140,384
24,142,443
24,152,599
24,156,46
24,159,50
24,164,233
24,168,578
24,181,25
24,182,550
24,183,241
24,184,306
24,185,473
24,187,224
24,188,523
24,189,216
24,190,291
24,195,95
24,196,580
24,198,345
24,202,296
24,211,266
24,212,230
24,222,131
24,230,22
24,248,429
24,252,366
24,256,189
24,274,52
24,277,485
24,285,352
24,296,3
24,299,229
25,1,367
25,3,140
25,4,274
25,5,469
25,6,546
25,7,449
25,10,258
25,11,506
25,12,296
25,13,141
25,19,25
25,20,464
25,22,254
25,23,579
25,24,301
25,26,273
25,27,581
25,28,580
25,29,279
25,30,315
25,31,170
25,32,453
25,33,555
25,34,118
25,39,428
25,41,490
25,43,305
25,45,155
25,48,273
25,52,330
25,55,542
25,57,568
25,61,54
25,62,582
25,63,356
25,65,300
25,66,110
25,75,262
25,76,82
25,78,63
25,80,293
25,81,429
25,84,152
25,86,471
25,88,49
25,92,247
25,93,370
25,94,383
25,98,451
25,99,452
25,100,221
25,102,118
25,103,53
25,104,506
25,112,189
25,113,200
25,118,143
25,120,315
25,125,18
25,126,94
25,128,64
25,131,227
25,134,135
25,137,286
25,138,518
25,142,56
25,143,41
25,147,497
25,151,253
25,152,172
25,155,234
25,169,264
25,173,328
25,179,52
25,181,54
25,183,183
25,189,330
25,190,144
25,198,183
25,200,566
25,204,437
25,205,514
25,206,257
25,208,263
25,211,577
25,215,140
25,223,262
25,225,317
25,228,395
25,242,285
25,263,23
25,268,293
25,269,101
25,273,396
25,284,507
25,287,421
25,290,599
25,292,524
25,297,279
25,298,573
25,300,275
26,1,202
26,3,141
26,5,333
26,6,565
26,8,243
26,10,333
26,11,587
26,12,176
26,14,403
26,15,422
26,16,288
26,17,239
26,18,172
26,19,430
26,20,423
26,24,183
26,25,273
26,27,340
26,29,446
26,30,192
26,31,572
26,32,382
26,36,189
26,37,346
26,38,344
26,39,376
26,40,109
26,43,141
26,44,329
26,45,344
26,46,226
26,47,142
26,48,387
26,49,280
26,51,322
26,54,348
26,55,142
26,56,298
26,57,592
26,58,104
26,59,361
26,60,566
26,68,97
26,69,293
26,70,223
26,72,120
26,74,170
26,80,327
26,83,71
26,84,301
26,85,545
26,86,498
26,87,562
26,89,39
26,92,59
26,93,103
26,95,377
26,99,362
26,100,518
26,101,131
26,103,269
26,104,508
26,107,485
26,113,368
26,114,571
26,116,45
26,121,380
26,122,376
26,124,382
26,132,169
26,133,347
26,140,163
26,142,204
26,146,173
26,148,121
26,151,157
26,155,274
26,157,296
26,158,12
26,165,116
26,173,560
26,179,392
26,182,546
26,196,472
26,206,152
26,211,383
26,215,229
26,218,316
26,233,431
26,234,574
26,241,50
26,249,517
26,251,153
26,256,246
26,269,412
26,272,36
26,277,125
26,280,24
26,282,563
26,285,347
27,3,88
27,4,46
27,5,448
27,6,599
27,7,460
27,8,430
27,9,187
27,10,13
27,11,166
27,12,22
27,13,21
27,15,138
27,16,50
27,17,8
27,18,203
27,19,289
27,21,61
27,25,581
27,26,340
27,28,486
27,30,584
27,31,9
27,32,193
27,33,339
27,35,303
27,37,258
27,39,163
27,40,29
27,41,579
27,42,141
27,43,364
27,45,219
27,46,512
27,47,22
27,48,22
27,49,15
27,50,315
27,52,39
27,53,428
27,54,412
27,55,461
27,56,580
27,59,375
27,61,552
27,62,514
27,65,320
27,66,241
27,67,142
27,71,315
27,74,146
27,77,376
27,79,567
27,80,556
27,81,457
27,82,574
27,85,508
27,86,398
27,88,172
27,89,387
27,93,64
27,96,85
27,101,375
27,106,115
27,108,237
27,110,354
27,114,273
27,116,374
27,119,560
27,121,219
27,124,162
27,126,194
27,131,84
27,132,368
27,137,118
27,141,586
27,142,67
27,145,247
27,152,130
27,154,136
27,155,504
27,159,334
27,162,128
27,170,23
27,172,434
27,176,108
27,178,384
27,180,505
27,185,88
27,190,332
27,193,327
27,196,145
27,200,318
27,212,554
27,217,600
27,221,94
27,225,29
27,229,51
27,250,181
27,252,378
27,256,403
27,269,531
27,270,593
27,276,535
27,295,534
27,298,188
28,1,206
28,2,8
28,3,192
28,6,228
28,8,50
28,9,86
28,10,538
28,13,433
28,15,500
28,16,286
28,17,598
28,18,574
28,20,368
28,21,391
28,23,350
28,25,580
28,27,486
28,29,216
28,30,89
28,31,328
28,32,508
28,33,247
28,34,118
28,36,591
28,37,577
28,38,171
28,39,585
28,41,506
28,43,122
28,45,221
28,47,233
28,48,544
28,50,523
28,51,400
28,52,135
28,53,547
28,54,256
28,56,49
28,57,314
28,58,457
28,61,301
28,62,491
28,63,560
28,64,274
28,67,195
28,69,437
28,70,12
28,72,318
28,73,12
28,74,109
28,75,244
28,77,42
28,78,101
28,80,187
28,82,488
28,84,131
28,86,498
28,91,68
28,95,516
28,99,424
28,100,81
28,104,600
28,107,353
28,110,39
28,112,120
28,114,120
28,116,546
28,117,590
28,119,111
28,120,195
28,123,594
28,125,567
28,126,534
28,129,588
28,135,325
28,137,544
28,139,89
28,140,87
28,141,83
28,142,110
28,152,241
28,160,135
28,161,281
28,163,237
28,164,485
28,167,473
28,171,37
28,178,411
28,191,268
28,192,434
28,195,530
28,200,517
28,205,56
28,206,13
28,208,163
28,212,177
28,215,563
28,224,140
28,227,26
28,231,469
28,232,264
28,233,169
28,234,423
28,252,101
28,259,312
28,261,373
28,267,202
28,273,490
28,279,3
28,288,186
28,292,440
29,1,486
29,2,570
29,4,299
29,6,468
29,7,253
29,9,486
29,10,326
29,11,366
29,12,221
29,14,292
29,15,133
29,18,255
29,19,403
29,20,159
29,22,298
29,24,52
29,25,279
29,26,446
29,28,216
29,30,225
29,32,320
29,33,191
29,35,294
29,37,322
29,38,391
29,39,238
29,40,304
29,42,517
29,45,588
29,46,269
29,48,463
29,49,39
29,50,521
29,51,525
29,52,430
29,53,458
29,54,11
29,58,284
29,60,581
29,62,188
29,63,449
29,68,444
29,70,520
29,72,79
29,74,506
29,75,266
29,80,320
29,81,7
29,86,568
29,87,229
29,89,518
29,90,372
29,94,87
29,97,35
29,99,238
29,100,401
29,101,426
29,103,516
29,105,242
29,106,471
29,107,333
29,109,368
29,114,421
29,115,11
29,123,78
29,126,333
29,129,139
29,133,97
29,135,582
29,138,105
29,142,428
29,145,572
29,146,590
29,147,593
29,148,585
29,153,303
29,154,319
29,167,273
29,176,448
29,179,340
29,180,316
29,185,32
29,186,516
29,188,317
29,191,559
29,192,415
29,193,130
29,201,2
29,203,359
29,212,383
29,221,400
29,222,553
29,231,155
29,232,207
29,233,120
29,235,194
29,243,588
29,250,582
29,251,180
29,255,404
29,259,320
29,263,537
29,271,350
29,292,370
30,1,126
30,5,362
30,6,588
30,7,247
30,9,478
30,12,45
30,13,217
30,14,326
30,17,269
30,18,278
30,19,307
30,20,538
30,21,141
30,22,566
30,24,495
30,25,315
30,26,192
30,27,584
30,28,89
30,29,225
30,32,418
30,33,208
30,36,553
30,37,441
30,39,10
30,42,272
30,43,547
30,44,418
30,46,111
30,47,211
30,48,52
30,52,98
30,53,201
30,57,204
30,58,175
30,59,245
30,62,82
30,64,165
30,65,130
30,67,258
30,68,572
30,70,156
30,72,316
30,76,427
30,77,514
30,81,199
30,82,563
30,87,456
30,97,155
30,102,231
30,103,215
30,107,165
30,108,413
30,109,238
30,110,86
30,120,230
30,126,290
30,129,417
30,133,550
30,136,63
30,154,436
30,159,580
30,162,298
30,166,68
30,169,550
30,170,265
30,183,138
30,187,587
30,190,390
30,192,52
30,193,498
30,196,344
30,198,269
30,204,191
30,205,13
30,207,383
30,209,273
30,212,68
30,219,116
30,221,250
30,226,218
30,229,409
30,241,540
30,242,344
30,247,441
30,253,480
30,254,128
30,264,361
30,272,245
30,275,326
30,278,306
30,291,114
30,292,223
30,299,445
31,3,234
31,4,199
31,6,361
31,7,188
31,8,283
31,9,228
31,11,480
31,13,79
31,15,391
31,16,235
31,17,570
31,18,178
31,19,497
31,22,159
31,23,217
31,24,201
31,25,170
31,26,572
31,27,9
31,28,328
31,32,226
31,33,292
31,34,453
31,35,466
31,36,114
31,37,295
31,38,342
31,39,511
31,41,315
31,42,386
31,43,74
31,45,186
31,47,228
31,50,459
31,55,526
31,57,199
31,58,185
31,63,244
31,67,124
31,69,436
31,70,504
31,71,82
31,74,157
31,75,68
31,77,314
31,79,403
31,82,536
31,83,333
31,85,257
31,88,567
31,90,282
31,92,555
31,95,72
31,97,313
31,99,183
31,101,569
31,106,442
31,107,334
31,110,348
31,122,79
31,124,105
31,125,222
31,126,238
31,129,313
31,130,145
31,132,162
31,134,415
31,137,251
31,138,315
31,142,400
31,144,59
31,145,550
31,155,585
31,156,534
31,158,56
31,165,5
31,170,143
31,174,404
31,175,488
31,184,198
31,188,385
31,192,142
31,205,128
31,210,398
31,213,319
31,215,459
31,216,466
31,217,416
31,231,324
31,232,248
31,233,88
31,240,237
31,255,560
31,259,114
31,267,219
31,272,130
31,274,310
31,285,246
32,3,404
32,4,32
32,5,39
32,6,563
32,7,558
32,9,293
32,12,428
32,13,503
32,15,460
32,16,450
32,17,566
32,21,444
32,22,191
32,23,229
32,25,453
32,26,382
32,27,193
32,28,508
32,29,320
32,30,418
32,31,226
32,33,155
32,34,194
32,39,512
32,41,248
32,42,232
32,44,57
32,45,391
32,47,178
32,50,239
32,51,136
32,53,422
32,54,225
32,55,249
32,56,224
32,59,59
32,61,269
32,62,109
32,63,35
32,65,46
32,66,163
32,68,580
32,71,515
32,72,532
32,73,539
32,74,568
32,84,109
32,85,25
32,87,263
32,88,556
32,93,177
32,100,397
32,102,585
32,103,63
32,104,230
32,107,528
32,108,292
32,109,561
32,110,193
32,111,37
32,112,591
32,113,472
32,116,526
32,120,489
32,124,121
32,125,500
32,126,186
32,127,29
32,133,126
32,135,177
32,136,563
32,137,539
32,138,290
32,139,108
32,142,158
32,146,68
32,150,418
32,154,512
32,157,12
32,161,81
32,162,303
32,174,464
32,180,238
32,185,187
32,186,472
32,188,551
32,189,299
32,190,575
32,194,320
32,196,108
32,199,495
32,203,13
32,204,49
32,212,213
32,214,576
32,215,477
32,217,234
32,222,239
32,232,260
32,234,475
32,237,457
32,249,561
32,262,37
32,263,64
32,266,220
32,270,195
32,274,363
32,278,534
32,283,230
32,287,49
33,1,142
33,3,167
33,5,287
33,10,213
33,11,573
33,12,169
33,13,520
33,16,15
33,17,370
33,20,328
33,21,384
33,22,509
33,23,162
33,24,8
33,25,555
33,27,339
33,28,247
33,29,191
33,30,208
33,31,292
33,32,155
33,34,234
33,35,499
33,38,418
33,39,467
33,41,553
33,43,222
33,44,569
33,45,191
33,47,436
33,51,170
33,52,586
33,54,495
33,55,552
33,56,409
33,57,349
33,58,41
33,59,128
33,60,506
33,63,337
33,64,232
33,65,247
33,66,236
33,68,567
33,69,31
33,70,104
33,72,1
33,73,540
33,76,518
33,81,526
33,82,160
33,85,124
33,87,511
33,89,512
33,91,222
33,97,263
33,98,263
33,100,275
33,101,105
33,102,553
33,104,189
33,109,102
33,111,310
33,112,127
33,123,25
33,126,14
33,131,197
33,132,565
33,136,246
33,143,571
33,147,432
33,156,235
33,161,112
33,163,386
33,169,3
33,170,279
33,176,599
33,177,65
33,178,277
33,179,400
33,180,518
33,183,50
33,185,462
33,187,531
33,200,81
33,204,359
33,206,258
33,208,369
33,211,196
33,213,566
33,229,206
33,232,164
33,237,118
33,242,23
33,248,108
33,249,547
33,262,142
33,266,402
33,267,508
33,273,520
33,299,331
34,1,584
34,3,385
34,4,381
34,5,250
34,6,227
34,7,561
34,8,225
34,10,379
34,11,78
34,12,81
34,13,62
34,16,181
34,19,577
34,20,557
34,21,397
34,23,507
34,25,118
34,28,118
34,31,453
34,32,194
34,33,234
34,35,446
34,36,197
34,39,505
34,40,217
34,41,143
34,42,540
34,44,291
34,45,334
34,46,220
34,48,246
34,50,375
34,51,105
34,52,213
34,53,325
34,54,124
34,55,100
34,58,325
34,64,179
34,65,266
34,69,310
34,71,500
34,73,438
34,75,568
34,76,357
34,77,291
34,78,473
34,79,335
34,82,440
34,84,460
34,90,176
34,91,514
34,92,16
34,94,157
34,97,53
34,100,223
34,102,136
34,103,234
34,104,62
34,105,182
34,110,128
34,114,542
34,117,568
34,119,128
34,124,266
34,125,62
34,127,243
34,129,217
34,133,555
34,152,309
34,155,300
34,158,566
34,161,33
34,163,500
34,165,63
34,168,13
34,169,262
34,171,398
34,184,19
34,188,89
34,190,381
34,193,322
34,201,420
34,204,395
34,205,20
34,206,462
34,223,285
34,225,87
34,243,502
34,244,339
34,251,22
34,257,20
34,260,73
34,266,375
34,271,384
34,275,435
35,1,429
35,2,216
35,3,331
35,4,154
35,5,29
35,6,589
35,7,76
35,8,323
35,9,404
35,11,329
35,12,431
35,13,238
35,15,92
35,18,557
35,19,354
35,21,35
35,24,276
35,27,303
35,29,294
35,31,466
35,33,499
35,34,446
35,36,427
35,37,362
35,40,507
35,41,597
35,42,511
35,43,96
35,45,279
35,47,555
35,48,15
35,49,518
35,52,14
35,53,45
35,55,532
35,57,206
35,58,536
35,61,386
35,62,415
35,63,304
35,65,568
35,67,144
35,79,598
35,80,432
35,84,193
35,86,284
35,87,575
35,89,433
35,90,410
35,92,536
35,93,109
35,96,242
35,98,453
35,103,289
35,105,97
35,110,201
35,111,535
35,115,281
35,116,248
35,120,165
35,127,349
35,128,600
35,129,487
35,135,378
35,141,244
35,151,390
35,152,477
35,158,197
35,165,582
35,171,126
35,173,36
35,176,216
35,184,600
35,190,256
35,192,104
35,193,222
35,199,534
35,203,597
35,210,573
35,212,595
35,213,65
35,214,235
35,220,79
35,221,347
35,224,130
35,239,342
35,250,301
35,266,466
35,267,257
35,271,458
35,274,290
35,279,590
35,288,418
35,291,593
35,294,464
35,297,11
36,1,64
36,2,388
36,3,593
36,4,186
36,6,557
36,8,393
36,9,304
36,11,384
36,12,413
36,13,496
36,14,300
36,16,403
36,17,274
36,18,32
36,19,398
36,20,356
36,21,133
36,22,173
36,23,347
36,24,239
36,26,189
36,28,591
36,30,553
36,31,114
36,34,197
36,35,427
36,37,393
36,39,13
36,40,205
36,43,563
36,44,299
36,45,276
36,51,322
36,52,298
36,55,445
36,56,27
36,59,346
36,60,148
36,62,165
36,63,216
36,64,263
36,65,45
36,67,497
36,73,45
36,77,56
36,78,236
36,82,220
36,83,455
36,84,88
36,87,250
36,88,177
36,95,446
36,97,39
36,106,195
36,109,325
36,113,155
36,115,369
36,119,582
36,124,344
36,129,16
36,131,471
36,132,269
36,133,577
36,135,399
36,137,305
36,139,67
36,140,371
36,147,324
36,153,315
36,158,342
36,162,189
36,163,577
36,166,310
36,167,470
36,168,8
36,173,378
36,176,50
36,178,83
36,179,149
36,185,29
36,193,398
36,195,69
36,205,559
36,214,39
36,217,463
36,219,250
36,220,428
36,222,544
36,231,218
36,232,594
36,237,486
36,239,249
36,251,114
36,253,367
36,256,43
36,258,276
36,262,422
36,266,256
36,278,299
36,283,245
36,285,92
36,286,298
36,290,586
36,293,6
37,1,395
37,3,97
37,4,501
37,5,38
37,9,80
37,11,167
37,12,287
37,14,215
37,15,579
37,16,560
37,18,236
37,19,566
37,20,276
37,22,117
37,23,115
37,26,346
37,27,258
37,28,577
37,29,322
37,30,441
37,31,295
37,35,362
37,36,393
37,38,500
37,40,308
37,41,513
37,42,42
37,43,321
37,45,325
37,46,7
37,48,72
37,49,70
37,50,588
37,51,343
37,52,161
37,53,40
37,54,235
37,55,316
37,56,4
37,58,149
37,59,558
37,60,213
37,61,86
37,62,480
37,63,585
37,66,565
37,67,480
37,68,87
37,72,63
37,73,503
37,74,34
37,75,226
37,76,265
37,78,297
37,79,132
37,80,360
37,81,508
37,84,337
37,89,434
37,90,579
37,91,599
37,95,2
37,103,379
37,107,595
37,110,59
37,114,418
37,115,561
37,121,112
37,124,437
37,127,413
37,129,139
37,131,18
37,132,442
37,133,575
37,137,143
37,143,489
37,148,265
37,154,510
37,160,296
37,179,399
37,184,593
37,194,9
37,197,453
37,198,293
37,200,533
37,202,288
37,204,536
37,208,359
37,214,418
37,216,31
37,219,538
37,224,73
37,235,52
37,240,329
37,242,149
37,250,571
37,251,83
37,255,110
37,257,321
37,258,182
37,262,490
37,264,76
37,265,374
37,268,425
37,269,462
37,270,521
37,275,132
37,289,24
37,294,320
38,1,264
38,5,544
38,6,114
38,8,111
38,10,453
38,11,442
38,12,459
38,14,53
38,15,137
38,16,354
38,17,280
38,18,526
38,19,212
38,20,455
38,21,423
38,22,62
38,23,427
38,26,344
38,28,171
38,29,391
38,31,342
38,33,418
38,37,500
38,39,463
38,41,120
38,43,356
38,44,31
38,45,279
38,46,353
38,47,558
38,48,287
38,52,470
38,54,322
38,57,80
38,59,43
38,62,506
38,65,500
38,67,408
38,68,174
38,69,197
38,74,105
38,75,530
38,81,453
38,83,328
38,84,306
38,86,77
38,88,171
38,91,582
38,92,48
38,97,526
38,101,517
38,102,515
38,108,275
38,116,33
38,119,369
38,124,32
38,125,90
38,128,500
38,131,484
38,132,153
38,135,388
38,137,534
38,138,195
38,139,576
38,147,460
38,149,37
38,154,23
38,155,520
38,157,279
38,159,458
38,164,315
38,177,108
38,191,380
38,200,295
38,201,258
38,206,25
38,207,1
38,225,172
38,231,380
38,234,310
38,237,378
38,240,475
38,250,152
38,252,547
38,254,119
38,255,107
38,262,72
38,268,179
38,279,489
38,280,545
38,285,490
38,289,487
38,293,17
38,297,538
38,298,454
38,299,599
39,1,501
39,2,156
39,3,87
39,4,519
39,5,525
39,6,184
39,10,368
39,11,78
39,12,475
39,13,488
39,14,37
39,15,197
39,17,409
39,18,549
39,20,553
39,24,127
39,25,428
39,26,376
39,27,163
39,28,585
39,29,238
39,30,10
39,31,511
39,32,512
39,33,467
39,34,505
39,36,13
39,38,463
39,40,118
39,41,271
39,42,64
39,43,123
39,44,152
39,45,515
39,47,348
39,49,485
39,54,317
39,55,83
39,57,289
39,58,122
39,59,363
39,60,570
39,61,367
39,62,110
39,63,273
39,64,519
39,66,39
39,69,308
39,70,255
39,71,274
39,75,104
39,76,221
39,78,263
39,79,218
39,81,188
39,82,188
39,84,446
39,85,108
39,90,553
39,91,44
39,92,547
39,94,471
39,97,315
39,100,372
39,103,570
39,106,76
39,114,125
39,115,174
39,121,144
39,131,344
39,140,395
39,143,272
39,145,565
39,149,218
39,153,339
39,154,488
39,157,390
39,166,495
39,169,138
39,172,115
39,179,555
39,184,509
39,185,495
39,197,479
39,213,361
39,214,525
39,215,504
39,230,471
39,231,535
39,234,143
39,239,42
39,245,224
39,253,288
39,254,430
39,263,127
39,270,155
39,273,374
39,277,84
39,288,72
39,290,279
39,297,598
40,1,487
40,4,164
40,6,190
40,7,104
40,9,274
40,10,534
40,11,317
40,13,53
40,15,395
40,16,382
40,17,364
40,19,219
40,20,506
40,21,461
40,23,23
40,24,579
40,26,109
40,27,29
40,29,304
40,34,217
40,35,507
40,36,205
40,37,308
40,39,118
40,44,319
40,45,226
40,46,125
40,47,59
40,48,338
40,49,104
40,50,131
40,51,241
40,52,58
