source,target,weight
1,2,301
1,3,288
1,5,272
1,6,477
1,7,282
1,10,504
1,11,589
1,12,550
1,13,321
1,14,100
1,15,282
1,16,189
1,18,346
1,20,358
1,22,462
1,24,578
1,31,142
1,35,467
1,37,102
1,38,114
1,41,274
1,43,136
1,49,516
1,52,578
1,54,584
1,58,194
1,60,263
1,65,514
1,67,132
1,70,143
1,88,418
1,91,37
1,95,225
1,122,566
1,123,260
1,126,431
1,136,543
1,146,167
1,147,198
1,160,260
1,168,249
1,172,298
1,173,203
1,188,228
1,202,583
1,220,520
1,233,354
1,241,238
1,291,41
2,1,301
2,3,291
2,4,304
2,5,88
2,6,534
2,8,565
2,11,352
2,13,38
2,14,322
2,17,513
2,18,14
2,19,308
2,20,129
2,23,464
2,31,112
2,37,70
2,41,481
2,43,305
2,47,457
2,52,299
2,59,206
2,60,448
2,79,252
2,85,49
2,96,74
2,120,513
2,124,527
2,128,593
2,132,347
2,142,89
2,147,495
2,156,1
2,162,41
2,184,125
2,226,157
2,233,441
2,238,64
2,244,295
2,271,273
2,278,319
2,292,134
3,1,288
3,2,291
3,4,308
3,5,183
3,6,566
3,7,461
3,8,283
3,9,395
3,10,494
3,11,550
3,12,120
3,14,152
3,16,436
3,17,26
3,20,391
3,21,425
3,26,297
3,34,288
3,44,569
3,45,147
3,46,22
3,47,42
3,48,225
3,55,248
3,70,124
3,73,155
3,94,380
3,125,214
3,165,164
3,166,18
3,172,22
3,177,286
3,180,64
3,192,175
3,204,61
3,257,1
3,259,57
3,295,97
4,2,304
4,3,308
4,5,423
4,7,15
4,9,287
4,10,566
4,12,597
4,13,473
4,14,113
4,17,68
4,18,263
4,20,505
4,21,274
4,22,191
4,24,385
4,27,544
4,30,501
4,31,583
4,36,62
4,40,548
4,41,54
4,42,301
4,44,17
4,47,159
4,49,471
4,51,313
4,53,232
4,55,360
4,66,370
4,72,470
4,80,34
4,87,126
4,89,300
4,94,238
4,96,547
4,104,518
4,111,219
4,113,321
4,135,230
4,146,135
4,147,560
4,158,6
4,180,386
4,182,451
4,192,396
4,208,404
4,224,533
4,229,192
4,288,163
4,298,458
5,1,272
5,2,88
5,3,183
5,4,423
5,7,158
5,8,33
5,9,566
5,11,591
5,12,392
5,14,229
5,16,221
5,17,394
5,18,254
5,19,359
5,20,583
5,21,55
5,25,415
5,30,37
5,35,105
5,40,100
5,41,383
5,42,26
5,44,508
5,45,148
5,46,100
5,47,151
5,51,30
5,56,126
5,62,311
5,65,24
5,66,335
5,80,110
5,81,36
5,85,132
5,89,33
5,93,33
5,99,529
5,101,547
5,113,297
5,134,343
5,154,5
5,155,343
5,173,97
5,178,37
5,183,580
5,191,425
5,218,316
5,256,196
6,1,477
6,2,534
6,3,566
6,7,371
6,8,16
6,9,116
6,10,199
6,12,363
6,13,226
6,14,364
6,15,536
6,16,219
6,19,478
6,22,88
6,25,401
6,26,404
6,31,385
6,37,429
6,38,14
6,40,209
6,55,280
6,59,566
6,65,76
6,69,72
6,76,185
6,78,99
6,79,504
6,81,33
6,84,165
6,105,362
6,112,547
6,118,312
6,122,230
6,125,172
6,127,499
6,130,398
6,131,488
6,148,228
6,149,129
6,190,366
6,192,212
6,206,448
6,209,176
6,225,568
6,226,549
6,234,166
6,241,83
6,244,309
6,268,591
6,277,551
7,1,282
7,3,461
7,4,15
7,5,158
7,6,371
7,8,112
7,9,581
7,11,109
7,14,111
7,15,152
7,16,476
7,17,210
7,18,321
7,23,76
7,25,295
7,29,72
7,37,73
7,39,464
7,40,148
7,41,480
7,46,237
7,49,567
7,56,416
7,63,459
7,64,470
7,72,523
7,77,271
7,92,562
7,94,401
7,98,23
7,99,478
7,106,6
7,111,352
7,124,137
7,140,432
7,144,484
7,169,54
7,178,226
7,196,465
7,211,420
7,227,425
7,229,335
7,235,72
7,280,248
8,2,565
8,3,283
8,5,33
8,6,16
8,7,112
8,9,175
8,10,273
8,11,420
8,12,76
8,15,18
8,18,221
8,19,486
8,21,104
8,23,338
8,29,77
8,32,511
8,33,39
8,40,300
8,41,46
8,46,448
8,50,315
8,51,476
8,61,531
8,74,320
8,78,319
8,83,266
8,93,557
8,98,490
8,122,487
8,136,225
8,148,599
8,166,150
8,178,210
8,197,532
8,217,208
8,264,370
8,265,372
8,273,161
8,299,121
8,300,470
9,3,395
9,4,287
9,5,566
9,6,116
9,7,581
9,8,175
9,10,246
9,11,160
9,12,430
9,13,4
9,15,109
9,17,494
9,19,189
9,20,436
9,21,429
9,26,538
9,29,277
9,30,587
9,33,120
9,44,238
9,50,179
9,77,515
9,78,501
9,79,245
9,81,48
9,86,379
9,87,386
9,90,544
9,104,195
9,105,476
9,114,445
9,119,471
9,124,250
9,136,546
9,150,367
9,156,514
9,163,300
9,169,528
9,201,365
9,214,407
9,215,521
9,220,587
9,221,162
9,224,137
9,226,293
9,290,473
10,1,504
10,3,494
10,4,566
10,6,199
10,8,273
10,9,246
10,15,390
10,16,154
10,17,91
10,19,235
10,20,253
10,22,511
10,24,323
10,25,164
10,28,121
10,29,399
10,31,25
10,38,193
10,40,363
10,42,378
10,49,400
10,55,598
10,59,556
10,61,572
10,63,569
10,69,336
10,75,351
10,83,273
10,86,380
10,87,126
10,104,145
10,108,343
10,126,375
10,131,443
10,139,430
10,140,145
10,212,454
10,229,50
10,235,537
10,270,38
10,276,452
10,283,241
10,298,290
11,1,589
11,2,352
11,3,550
11,5,591
11,7,109
11,8,420
11,9,160
11,12,365
11,13,219
11,15,413
11,16,579
11,17,173
11,19,560
11,22,318
11,24,128
11,25,175
11,27,439
11,28,129
11,30,213
11,32,177
11,35,56
11,38,522
11,44,372
11,59,505
11,60,172
11,62,2
11,65,99
11,116,173
11,130,49
11,135,127
11,136,557
11,148,95
11,160,300
11,166,265
11,195,181
11,222,299
11,250,583
12,1,550
12,3,120
12,4,597
12,5,392
12,6,363
12,8,76
12,9,430
12,11,365
12,14,522
12,15,321
12,18,140
12,19,40
12,27,384
12,30,13
12,32,363
12,37,459
12,38,127
12,39,492
12,47,52
12,55,306
12,60,13
12,64,49
12,65,106
12,73,480
12,78,57
12,81,459
12,97,537
12,104,460
12,112,38
12,116,322
12,131,414
12,142,281
12,147,511
12,151,102
12,158,158
12,168,102
12,171,478
12,178,249
12,190,585
12,225,156
12,236,513
12,239,287
12,247,391
12,269,77
13,1,321
13,2,38
13,4,473
13,6,226
13,9,4
13,11,219
13,15,551
13,16,25
13,17,556
13,18,428
13,19,86
13,20,569
13,21,194
13,22,26
13,28,353
13,29,264
13,31,97
13,33,78
13,39,210
13,43,536
13,46,273
13,49,163
13,54,97
13,70,338
13,71,112
13,78,489
13,81,21
13,83,296
13,96,492
13,107,159
13,108,487
13,112,151
13,147,343
13,154,129
13,168,487
13,257,151
13,267,303
14,1,100
14,2,322
14,3,152
14,4,113
14,5,229
14,6,364
14,7,111
14,12,522
14,15,542
14,18,389
14,21,541
14,23,21
14,25,94
14,26,449
14,32,253
14,33,518
14,34,355
14,35,203
14,36,40
14,44,548
14,50,76
14,51,325
14,52,5
14,57,259
14,61,543
14,79,338
14,104,289
14,107,341
14,116,554
14,118,157
14,125,177
14,127,186
14,156,220
14,168,204
14,184,485
14,189,582
14,191,544
14,197,530
15,1,282
15,6,536
15,7,152
15,8,18
15,9,109
15,10,390
15,11,413
15,12,321
15,13,551
15,14,542
15,16,346
15,17,246
15,19,282
15,20,68
15,21,547
15,24,187
15,25,486
15,26,425
15,36,409
15,38,31
15,45,553
15,51,503
15,62,376
15,65,256
15,74,178
15,76,59
15,97,180
15,114,182
15,138,32
15,143,158
15,167,235
15,171,268
15,173,467
15,177,282
15,209,465
15,219,125
15,265,412
15,271,182
16,1,189
16,3,436
16,5,221
16,6,219
16,7,476
16,10,154
16,11,579
16,13,25
16,15,346
16,19,92
16,20,92
16,21,54
16,22,257
16,23,302
16,24,436
16,25,385
16,27,550
16,28,545
16,30,495
16,34,430
16,37,526
16,38,378
16,46,363
16,52,455
16,58,226
16,62,400
16,70,156
16,77,103
16,80,20
16,82,458
16,83,329
16,86,119
16,87,441
16,91,360
16,92,400
16,101,11
16,105,120
16,115,214
16,119,271
16,126,182
16,154,546
16,182,289
16,202,475
16,204,576
16,226,71
16,227,324
16,228,64
16,243,477
16,251,351
16,262,5
17,2,513
17,3,26
17,4,68
17,5,394
17,7,210
17,9,494
17,10,91
17,11,173
17,13,556
17,15,246
17,21,553
17,22,79
17,24,413
17,27,384
17,33,294
17,35,300
17,38,245
17,45,575
17,50,274
17,52,385
17,57,166
17,58,316
17,68,302
17,92,302
17,97,158
17,100,389
17,107,439
17,113,354
17,115,306
17,124,557
17,150,68
17,151,18
17,156,256
17,168,239
17,176,390
17,178,140
17,179,325
17,196,464
17,198,446
17,210,56
17,220,291
17,265,150
18,1,346
18,2,14
18,4,263
18,5,254
18,7,321
18,8,221
18,12,140
18,13,428
18,14,389
18,19,83
18,26,407
18,31,545
18,32,498
18,33,56
18,35,597
18,37,253
18,39,213
18,41,138
18,42,499
18,67,28
18,68,283
18,71,241
18,100,47
18,110,300
18,126,393
18,130,254
18,135,151
18,154,241
18,177,105
18,180,522
18,190,478
18,207,382
18,245,462
18,255,572
18,261,28
18,264,482
18,269,100
19,2,308
19,5,359
19,6,478
19,8,486
19,9,189
19,10,235
19,11,560
19,12,40
19,13,86
19,15,282
19,16,92
19,18,83
19,20,163
19,22,596
19,23,359
19,28,590
19,36,431
19,42,217
19,43,71
19,58,3
19,74,257
19,75,515
19,79,348
19,82,482
19,107,107
19,108,164
19,110,227
19,133,458
19,158,484
19,164,397
19,210,162
19,269,66
19,294,516
20,1,358
20,2,129
20,3,391
20,4,505
20,5,583
20,9,436
20,10,253
20,13,569
20,15,68
20,16,92
20,19,163
20,22,475
20,23,597
20,25,560
20,27,44
20,30,363
20,33,454
20,36,509
20,37,423
20,40,518
20,43,313
20,47,574
20,49,505
20,52,215
20,54,368
20,61,313
20,69,15
20,73,405
20,74,246
20,77,431
20,86,32
20,99,345
20,110,14
20,117,211
20,163,480
20,170,305
20,233,70
20,247,504
20,271,53
20,272,404
20,276,550
21,3,425
21,4,274
21,5,55
21,8,104
21,9,429
21,13,194
21,14,541
21,15,547
21,16,54
21,17,553
21,23,338
21,24,438
21,28,356
21,36,305
21,39,2
21,40,43
21,45,111
21,47,520
21,53,514
21,54,499
21,58,398
21,61,424
21,81,425
21,84,60
21,91,573
21,94,375
21,95,561
21,96,467
21,115,238
21,131,452
21,138,149
21,151,235
21,162,3
21,215,230
21,219,176
21,236,177
21,245,587
21,248,230
21,266,318
21,269,58
21,275,428
21,283,503
22,1,462
22,4,191
22,6,88
22,10,511
22,11,318
22,13,26
22,16,257
22,17,79
22,19,596
22,20,475
22,24,382
22,26,590
22,27,59
22,28,304
22,29,251
22,56,533
22,58,33
22,63,483
22,64,470
22,65,90
22,66,541
22,69,418
22,75,320
22,76,376
22,90,387
22,109,180
22,119,566
22,137,125
22,153,513
22,174,253
22,175,165
22,181,270
22,190,539
22,191,31
22,206,186
22,213,9
22,216,453
22,221,600
22,237,531
22,245,318
22,285,21
23,2,464
23,7,76
23,8,338
23,14,21
23,16,302
23,19,359
23,20,597
23,21,338
23,26,333
23,27,198
23,29,32
23,34,41
23,41,597
23,42,291
23,56,96
23,67,504
23,72,331
23,73,121
23,75,301
23,77,492
23,78,428
23,80,535
23,84,504
23,87,297
23,89,600
23,123,473
23,143,135
23,148,514
23,154,442
23,165,477
23,183,98
23,215,512
23,222,342
23,224,596
23,287,463
24,1,578
24,4,385
24,10,323
24,11,128
24,15,187
24,16,436
24,17,413
24,21,438
24,22,382
24,25,185
24,28,175
24,31,315
24,35,259
24,37,448
24,38,466
24,39,118
24,42,579
24,43,531
24,45,279
24,51,501
24,57,569
24,60,232
24,70,212
24,77,319
24,83,553
24,84,44
24,97,400
24,99,424
24,139,55
24,177,575
24,179,352
24,201,462
24,253,359
24,269,398
25,5,415
25,6,401
25,7,295
25,10,164
25,11,175
25,14,94
25,15,486
25,16,385
25,20,560
25,24,185
25,32,397
25,38,26
25,39,508
25,41,63
25,48,1
25,50,140
25,52,523
25,53,357
25,54,40
25,56,262
25,61,370
25,62,531
25,70,347
25,77,506
25,84,442
25,97,21
25,106,584
25,109,233
25,112,213
25,144,565
25,187,65
25,202,523
25,209,22
25,251,405
25,263,60
25,284,399
26,3,297
26,6,404
26,9,538
26,14,449
26,15,425
26,18,407
26,22,590
26,23,333
26,29,103
26,30,164
26,31,364
26,35,573
26,36,534
26,38,392
26,43,111
26,46,27
26,47,289
26,51,229
26,53,43
26,55,423
26,59,125
26,62,258
26,68,294
26,107,14
26,153,589
26,174,318
26,182,51
26,205,554
26,232,53
26,249,449
26,261,248
26,267,16
26,284,174
26,290,479
26,294,500
27,4,544
27,11,439
27,12,384
27,16,550
27,17,384
27,20,44
27,22,59
27,23,198
27,30,281
27,32,119
27,33,548
27,37,440
27,39,24
27,42,465
27,43,419
27,47,582
27,48,100
27,59,281
27,60,212
27,61,465
27,68,560
27,98,531
27,102,569
27,105,287
27,114,19
27,132,432
27,133,128
27,145,110
27,152,292
27,156,238
27,216,587
27,218,561
27,231,287
27,233,557
27,237,319
27,260,134
27,275,586
27,296,574
28,10,121
28,11,129
28,13,353
28,16,545
28,19,590
28,21,356
28,22,304
28,24,175
28,29,457
28,30,311
28,32,415
28,39,67
28,48,334
28,54,191
28,85,166
28,89,170
28,91,368
28,92,197
28,97,119
28,100,6
28,104,27
28,116,504
28,124,575
28,141,251
28,142,448
28,147,374
28,174,390
28,232,600
28,237,518
28,245,314
28,252,155
28,274,353
28,299,51
29,7,72
29,8,77
29,9,277
29,10,399
29,13,264
29,22,251
29,23,32
29,26,103
29,28,457
29,31,320
29,32,295
29,33,178
29,36,58
29,40,116
29,51,350
29,54,537
29,55,143
29,61,68
29,66,73
29,72,373
29,96,423
29,100,242
29,102,491
29,110,59
29,111,21
29,121,429
29,141,339
29,143,127
29,144,227
29,156,178
29,188,440
29,213,86
29,230,7
29,273,266
29,295,264
30,4,501
30,5,37
30,9,587
30,11,213
30,12,13
30,16,495
30,20,363
30,26,164
30,27,281
30,28,311
30,32,88
30,34,125
30,39,201
30,43,204
30,44,187
30,46,581
30,48,44
30,52,458
30,55,151
30,64,75
30,66,153
30,74,415
30,76,126
30,81,331
30,83,169
30,97,449
30,100,443
30,110,340
30,123,542
30,132,328
30,135,333
30,138,206
30,141,419
30,144,542
30,165,312
30,178,115
30,202,118
30,221,121
30,229,315
30,237,460
30,264,170
31,1,142
31,2,112
31,4,583
31,6,385
31,10,25
31,13,97
31,18,545
31,24,315
31,26,364
31,29,320
31,33,281
31,41,57
31,45,462
31,46,479
31,47,275
31,53,31
31,54,311
31,57,102
31,59,284
31,66,69
31,67,308
31,70,187
31,74,271
31,77,438
31,83,154
31,93,449
31,98,250
31,118,445
31,126,246
31,134,238
31,157,577
31,167,107
31,201,337
31,202,16
31,252,81
31,277,72
31,279,195
32,8,511
32,11,177
32,12,363
32,14,253
32,18,498
32,25,397
32,27,119
32,28,415
32,29,295
32,30,88
32,33,171
32,34,563
32,35,211
32,36,165
32,49,549
32,50,405
32,57,447
32,58,311
32,63,64
32,64,537
32,83,115
32,85,359
32,94,476
32,102,156
32,112,559
32,115,483
32,118,86
32,133,212
32,135,191
32,153,16
32,198,566
32,213,570
32,248,390
32,272,188
32,279,452
32,285,431
32,299,227
32,300,214
33,8,39
33,9,120
33,13,78
33,14,518
33,17,294
33,18,56
33,20,454
33,27,548
33,29,178
33,31,281
33,32,171
33,34,49
33,37,442
33,42,122
33,53,41
33,58,162
33,85,213
33,87,45
33,95,543
33,112,124
33,117,49
33,128,89
33,132,490
33,191,565
33,193,564
33,205,56
33,216,569
33,218,247
33,246,119
34,3,288
34,14,355
34,16,430
34,23,41
34,30,125
34,32,563
34,33,49
34,35,304
34,48,34
34,66,358
34,90,533
34,91,10
34,106,97
34,109,596
34,113,191
34,116,295
34,117,410
34,121,225
34,123,470
34,128,33
34,188,209
34,199,302
34,212,47
34,243,421
34,286,188
34,291,389
34,298,57
35,1,467
35,5,105
35,11,56
35,14,203
35,17,300
35,18,597
35,24,259
35,26,573
35,32,211
35,34,304
35,36,246
35,42,575
35,49,8
35,51,96
35,53,243
35,64,578
35,79,366
35,88,384
35,94,351
35,103,155
35,137,178
35,145,479
35,164,62
35,170,523
35,173,377
35,203,334
35,206,589
35,262,83
35,267,344
35,278,494
35,291,522
35,297,201
36,4,62
36,14,40
36,15,409
36,19,431
36,20,509
36,21,305
36,26,534
36,29,58
36,32,165
36,35,246
36,38,400
36,41,187
36,42,581
36,45,195
36,50,190
36,57,238
36,58,180
36,62,217
36,63,159
36,69,181
36,70,72
36,71,59
36,77,557
36,82,26
36,88,422
36,97,65
36,106,314
36,145,373
36,157,387
36,184,345
36,202,398
36,208,340
36,242,236
36,243,443
37,1,102
37,2,70
37,6,429
37,7,73
37,12,459
37,16,526
37,18,253
37,20,423
37,24,448
37,27,440
37,33,442
37,40,140
37,43,250
37,49,18
37,50,235
37,51,100
37,54,299
37,63,577
37,73,311
37,76,511
37,78,580
37,92,132
37,93,305
37,102,281
37,120,77
37,126,279
37,127,350
37,151,443
37,155,81
37,158,249
37,164,531
37,212,572
37,218,499
37,221,195
37,228,154
37,230,300
37,275,404
38,1,114
38,6,14
38,10,193
38,11,522
38,12,127
38,15,31
38,16,378
38,17,245
38,24,466
38,25,26
38,26,392
38,36,400
38,40,22
38,45,164
38,46,209
38,47,458
38,57,205
38,59,552
38,65,105
38,66,284
38,73,508
38,74,570
38,75,396
38,76,346
38,92,82
38,103,271
38,109,527
38,121,266
38,123,459
38,129,180
38,142,328
38,156,37
38,178,119
38,183,416
38,185,261
38,188,54
38,225,385
38,228,74
38,241,489
38,300,223
39,7,464
39,12,492
39,13,210
39,18,213
39,21,2
39,24,118
39,25,508
39,27,24
39,28,67
39,30,201
39,51,586
39,55,557
39,60,456
39,73,557
39,75,137
39,81,521
39,84,279
39,96,547
39,99,18
39,102,517
39,103,85
39,104,545
39,132,137
39,143,545
39,152,253
39,165,272
39,205,267
39,286,534
39,299,317
40,4,548
40,5,100
40,6,209
40,7,148
40,8,300
40,10,363
40,20,518
40,21,43
40,29,116
40,37,140
40,38,22
40,46,416
40,50,585
40,51,23
40,54,4
40,58,339
40,61,317
40,67,514
40,75,86
40,92,299
40,93,394
40,108,123
40,130,142
40,138,250
40,148,2
40,153,585
40,159,169
40,180,321
40,185,37
40,194,397
40,207,76
40,220,348
40,250,101
40,272,247
40,285,34
40,289,212
41,1,274
41,2,481
41,4,54
41,5,383
41,7,480
41,8,46
41,18,138
41,23,597
41,25,63
41,31,57
41,36,187
41,44,12
41,48,373
41,50,225
41,55,362
41,64,75
41,66,64
41,67,120
41,70,269
41,83,292
41,88,260
41,89,272
41,96,439
41,101,432
41,108,332
41,115,474
41,147,127
41,163,367
41,247,218
42,4,301
42,5,26
42,10,378
42,18,499
42,19,217
42,23,291
42,24,579
42,27,465
42,33,122
42,35,575
42,36,581
42,46,245
42,56,385
42,60,112
42,61,191
42,68,429
42,71,438
42,76,470
42,111,414
42,113,543
42,122,538
42,124,450
42,125,399
42,138,166
42,149,179
42,157,140
42,169,54
42,172,349
42,236,355
42,242,67
42,247,44
43,1,136
43,2,305
43,13,536
43,19,71
43,20,313
43,24,531
43,26,111
43,27,419
43,30,204
43,37,250
43,45,343
43,48,350
43,49,475
43,54,244
43,58,180
43,60,556
43,61,231
43,63,568
43,65,514
43,67,237
43,73,190
43,75,524
43,79,497
43,88,330
43,95,323
43,98,146
43,100,323
43,106,576
43,108,366
43,109,558
43,114,261
43,116,541
43,124,138
43,135,508
43,141,347
43,144,35
43,182,372
43,200,388
43,213,245
43,267,346
43,272,137
43,280,529
43,287,40
44,3,569
44,4,17
44,5,508
44,9,238
44,11,372
44,14,548
44,30,187
44,41,12
44,45,417
44,50,574
44,54,211
44,56,404
44,63,349
44,69,265
44,82,215
44,83,340
44,85,19
44,93,439
44,99,169
44,103,486
44,119,513
44,121,441
44,122,577
44,124,182
44,132,209
44,145,288
44,159,573
44,163,59
44,169,86
44,194,487
44,195,232
44,225,475
44,227,296
44,243,76
44,251,462
44,266,310
44,273,131
44,293,332
45,3,147
45,5,148
45,15,553
45,17,575
45,21,111
45,24,279
45,31,462
45,36,195
45,38,164
45,43,343
45,44,417
45,48,51
45,49,316
45,50,526
45,53,296
45,60,546
45,62,529
45,63,482
45,66,456
45,72,418
45,77,92
45,90,362
45,99,466
45,113,13
45,132,49
45,147,213
45,154,403
45,159,473
45,160,336
45,173,284
45,189,135
45,211,544
45,219,231
45,233,380
45,293,204
45,295,210
46,3,22
46,5,100
46,7,237
46,8,448
46,13,273
46,16,363
46,26,27
46,30,581
46,31,479
46,38,209
46,40,416
46,42,245
46,48,324
46,56,224
46,73,452
46,74,288
46,77,571
46,80,328
46,86,580
46,103,548
46,104,524
46,110,516
46,111,328
46,112,418
46,115,498
46,118,231
46,121,112
46,125,256
46,150,14
46,172,109
46,174,231
46,197,70
46,208,507
46,220,210
46,227,571
46,250,373
46,259,211
46,267,39
47,2,457
47,3,42
47,4,159
47,5,151
47,12,52
47,20,574
47,21,520
47,26,289
47,27,582
47,31,275
47,38,458
47,56,419
47,57,332
47,89,25
47,95,96
47,139,366
47,168,144
47,194,460
47,203,30
47,224,315
47,235,304
47,236,515
47,260,343
47,290,433
47,293,353
48,3,225
48,25,1
48,27,100
48,28,334
48,30,44
48,34,34
48,41,373
48,43,350
48,45,51
48,46,324
48,52,261
48,57,373
48,68,367
48,70,297
48,73,80
48,131,570
48,146,164
48,173,426
48,206,588
48,231,373
48,232,379
48,234,224
49,1,516
49,4,471
49,7,567
49,10,400
49,13,163
49,20,505
49,32,549
49,35,8
49,37,18
49,43,475
49,45,316
49,67,232
49,68,542
49,81,345
49,84,51
49,117,134
49,136,197
49,146,138
49,152,425
49,155,237
49,180,439
49,181,487
49,189,551
49,210,245
49,211,155
49,214,198
49,218,560
49,220,317
49,226,266
49,266,308
49,296,248
50,8,315
50,9,179
50,14,76
50,17,274
50,25,140
50,32,405
50,36,190
50,37,235
50,40,585
50,41,225
50,44,574
50,45,526
50,52,205
50,64,256
50,69,200
50,74,57
50,88,345
50,99,555
50,101,119
50,102,107
50,103,321
50,121,158
50,134,533
50,146,359
50,234,226
50,259,524
50,284,444
50,294,493
51,4,313
51,5,30
51,8,476
51,14,325
51,15,503
51,24,501
51,26,229
51,29,350
51,35,96
51,37,100
51,39,586
51,40,23
51,58,382
51,59,455
51,78,141
51,81,339
51,82,552
51,97,94
51,189,277
51,232,275
51,265,2
51,284,177
51,294,40
52,1,578
52,2,299
52,14,5
52,16,455
52,17,385
52,20,215
52,25,523
52,30,458
52,48,261
52,50,205
52,53,72
52,56,35
52,59,265
52,63,166
52,65,130
52,70,34
52,71,544
52,72,155
52,84,79
52,87,330
52,101,245
52,107,585
52,132,29
52,157,457
52,188,145
52,196,410
52,227,384
52,237,110
52,239,234
52,246,526
52,250,83
52,265,126
52,283,391
53,4,232
53,21,514
53,25,357
53,26,43
53,31,31
53,33,41
53,35,243
53,45,296
53,52,72
53,62,15
53,64,38
53,66,417
53,67,278
53,71,412
53,72,450
53,80,452
53,93,408
53,96,169
53,103,461
53,128,484
53,149,154
53,176,52
53,191,510
53,224,96
53,247,495
53,258,275
53,285,338
53,288,159
53,296,157
53,300,512
54,1,584
54,13,97
54,20,368
54,21,499
54,25,40
54,28,191
54,29,537
54,31,311
54,37,299
54,40,4
54,43,244
54,44,211
54,79,177
54,80,299
54,84,349
54,86,471
54,90,414
54,94,568
54,98,465
54,108,587
54,110,334
54,112,109
54,115,228
54,121,448
54,145,13
54,160,589
54,172,523
54,192,599
54,219,398
54,228,501
54,252,568
54,286,552
55,3,248
55,4,360
55,6,280
55,10,598
55,12,306
55,26,423
55,29,143
55,30,151
55,39,557
55,41,362
55,56,79
55,57,306
55,64,20
55,69,460
55,86,485
55,87,373
55,98,232
55,108,404
55,115,483
55,118,33
55,119,440
55,133,50
55,136,96
55,161,288
55,167,281
55,171,42
55,173,464
55,217,377
55,228,72
55,230,160
55,250,550
56,5,126
56,7,416
56,22,533
56,23,96
56,25,262
56,42,385
56,44,404
56,46,224
56,47,419
56,52,35
56,55,79
56,57,599
56,59,235
56,60,203
56,69,318
56,76,56
56,79,526
56,86,478
56,114,560
56,123,315
56,129,298
56,155,174
56,171,176
56,197,428
56,234,158
57,14,259
57,17,166
57,24,569
57,31,102
57,32,447
57,36,238
57,38,205
57,47,332
57,48,373
57,55,306
57,56,599
57,62,359
57,64,83
57,67,1
57,70,46
57,75,403
57,80,308
57,82,59
57,105,275
57,107,339
57,111,495
57,117,353
57,123,463
57,134,542
57,162,328
57,163,18
57,172,443
57,190,201
57,219,597
57,229,459
57,232,123
57,244,62
57,260,213
57,279,292
58,1,194
58,16,226
58,17,316
58,19,3
58,21,398
58,22,33
58,32,311
58,33,162
58,36,180
58,40,339
58,43,180
58,51,382
58,72,5
58,95,52
58,99,311
58,100,586
58,102,483
58,110,175
58,120,250
58,135,200
58,140,345
58,148,536
58,153,586
58,171,16
58,204,288
58,209,594
58,245,346
58,259,566
59,2,206
59,6,566
59,10,556
59,11,505
59,26,125
59,27,281
59,31,284
59,38,552
59,51,455
59,52,265
59,56,235
59,68,186
59,71,18
59,80,113
59,91,189
59,92,569
59,98,239
59,120,517
59,125,346
59,149,325
59,179,517
59,181,364
59,187,419
59,196,338
59,267,380
59,269,37
59,272,520
59,281,327
60,1,263
60,2,448
60,11,172
60,12,13
60,24,232
60,27,212
60,39,456
60,42,112
60,43,556
60,45,546
60,56,203
60,63,143
60,69,19
60,71,117
60,75,311
60,76,27
60,85,305
60,90,171
60,93,201
60,100,466
60,106,256
60,112,490
60,113,88
60,129,456
60,142,356
60,144,524
60,158,490
60,184,103
60,186,185
60,219,19
60,231,27
60,249,29
60,257,114
61,8,531
61,10,572
61,14,543
61,20,313
61,21,424
61,25,370
61,27,465
61,29,68
61,40,317
61,42,191
61,43,231
61,66,276
61,67,75
61,71,306
61,108,400
61,125,95
61,127,235
61,128,599
61,130,138
61,139,201
61,143,153
61,151,509
61,199,442
61,259,183
62,5,311
62,11,2
62,15,376
62,16,400
62,25,531
62,26,258
62,36,217
62,45,529
62,53,15
62,57,359
62,65,509
62,85,575
62,88,587
62,102,444
62,127,226
62,128,421
62,137,180
62,139,435
62,150,164
62,153,451
62,171,539
62,179,408
62,194,238
62,205,346
62,213,368
62,223,240
62,225,318
62,231,371
62,233,214
62,254,21
62,256,488
62,290,219
62,292,94
63,7,459
63,10,569
63,22,483
63,32,64
63,36,159
63,37,577
63,43,568
63,44,349
63,45,482
63,52,166
63,60,143
63,74,315
63,78,83
63,81,92
63,83,350
63,103,518
63,106,420
63,107,522
63,109,507
63,113,446
63,114,575
63,121,30
63,128,29
63,152,96
63,153,424
63,182,123
63,187,378
63,211,469
63,214,437
63,223,600
63,232,325
63,261,188
63,270,5
63,276,77
63,292,306
64,7,470
64,12,49
64,22,470
64,30,75
64,32,537
64,35,578
64,41,75
64,50,256
64,53,38
64,55,20
64,57,83
64,68,505
64,69,68
64,72,328
64,76,290
64,85,266
64,91,142
64,94,399
64,95,62
64,127,61
64,146,378
64,175,330
64,213,341
64,231,101
64,239,29
64,298,344
65,1,514
65,5,24
65,6,76
65,11,99
65,12,106
65,15,256
65,22,90
65,38,105
65,43,514
65,52,130
65,62,509
65,78,34
65,91,332
65,92,407
65,103,513
65,119,432
65,145,251
65,149,6
65,155,468
65,165,508
65,198,115
65,204,192
65,227,278
65,240,113
65,263,517
65,275,234
65,280,167
66,4,370
66,5,335
66,22,541
66,29,73
66,30,153
66,31,69
66,34,358
66,38,284
66,41,64
66,45,456
66,53,417
66,61,276
66,80,189
66,84,382
66,93,200
66,105,500
66,118,600
66,141,122
66,151,490
66,176,89
66,239,516
66,245,158
66,250,70
66,255,251
66,273,165
67,1,132
67,18,28
67,23,504
67,31,308
67,40,514
67,41,120
67,43,237
67,49,232
67,53,278
67,57,1
67,61,75
67,75,376
67,77,488
67,90,310
67,99,579
67,101,71
67,131,304
67,150,210
67,156,176
67,180,51
67,181,380
67,185,312
67,205,214
67,206,510
67,209,144
67,249,412
67,250,339
68,17,302
68,18,283
68,26,294
68,27,560
68,42,429
68,48,367
68,49,542
68,59,186
68,64,505
68,74,391
68,87,218
68,89,501
68,94,202
68,105,214
68,108,470
68,111,536
68,114,291
68,119,246
68,131,12
68,158,261
68,160,67
68,175,469
68,176,243
68,187,348
68,198,43
68,201,561
68,267,583
68,292,46
69,6,72
69,10,336
69,20,15
69,22,418
69,36,181
69,44,265
69,50,200
69,55,460
69,56,318
69,60,19
69,64,68
69,71,22
69,104,78
69,105,7
69,109,322
69,110,533
69,122,395
69,126,137
69,129,5
69,144,383
69,149,365
69,167,394
69,184,513
69,195,560
69,200,39
69,289,160
70,1,143
70,3,124
70,13,338
70,16,156
70,24,212
70,25,347
70,31,187
70,36,72
70,41,269
70,48,297
70,52,34
70,57,46
70,71,331
70,79,356
70,82,413
70,88,396
70,102,169
70,127,362
70,129,420
70,130,416
70,139,260
70,182,2
70,216,229
70,235,495
70,268,1
70,290,306
71,13,112
71,18,241
71,36,59
71,42,438
71,52,544
71,53,412
71,59,18
71,60,117
71,61,306
71,69,22
71,70,331
71,81,542
71,87,484
71,88,426
71,90,171
71,91,243
71,93,172
71,94,94
71,101,584
71,102,105
71,131,224
71,133,45
71,136,184
71,158,290
71,162,498
71,177,490
71,248,377
71,274,366
71,297,595
72,4,470
72,7,523
72,23,331
72,29,373
72,45,418
72,52,155
72,53,450
72,58,5
72,64,328
72,73,184
72,74,175
72,78,64
72,79,341
72,95,107
72,99,493
72,101,561
72,125,316
72,126,496
72,137,37
72,151,520
72,183,439
72,185,280
72,189,588
72,217,386
72,231,517
72,232,81
72,247,1
72,257,294
72,258,472
72,278,135
72,294,415
73,3,155
73,12,480
73,20,405
73,23,121
73,37,311
73,38,508
73,39,557
73,43,190
73,46,452
73,48,80
73,72,184
73,76,236
73,78,566
73,79,50
73,82,313
73,84,142
73,92,524
73,95,232
73,99,54
73,103,236
73,107,132
73,114,515
73,120,25
73,133,171
73,200,51
73,223,150
73,239,26
73,284,85
73,293,39
74,8,320
74,15,178
74,19,257
74,20,246
74,30,415
74,31,271
74,38,570
74,46,288
74,50,57
74,63,315
74,68,391
74,72,175
74,82,145
74,84,32
74,89,357
74,100,542
74,110,200
74,114,488
74,144,8
74,159,249
74,175,502
74,183,492
74,198,286
74,203,307
74,239,428
74,241,345
74,242,197
74,245,241
74,296,393
75,10,351
75,19,515
75,22,320
75,23,301
75,38,396
75,39,137
75,40,86
75,43,524
75,57,403
75,60,311
75,67,376
75,82,476
75,90,548
75,108,162
75,122,290
75,129,582
75,143,173
75,145,47
75,149,374
75,150,562
75,154,122
75,166,147
75,183,264
75,196,375
75,201,408
75,203,560
75,207,527
75,211,76
75,213,192
75,234,424
75,262,88
75,270,492
75,284,183
75,291,34
75,298,505
76,6,185
76,15,59
76,22,376
76,30,126
76,37,511
76,38,346
76,42,470
76,56,56
76,60,27
76,64,290
76,73,236
76,80,492
76,91,583
76,92,350
76,95,292
76,100,41
76,120,451
76,128,245
76,139,423
76,164,293
76,180,478
76,193,118
76,206,159
76,274,562
77,7,271
77,9,515
77,16,103
77,20,431
77,23,492
77,24,319
77,25,506
77,31,438
77,36,557
77,45,92
77,46,571
77,67,488
77,129,186
77,132,266
77,159,432
77,167,61
77,189,166
77,203,62
77,213,264
77,215,87
77,216,157
77,217,8
77,246,106
77,273,484
77,278,191
77,281,234
78,6,99
78,8,319
78,9,501
78,12,57
78,13,489
78,23,428
78,37,580
78,51,141
78,63,83
78,65,34
78,72,64
78,73,566
78,87,443
78,97,275
78,105,531
78,118,407
78,130,517
78,135,401
78,152,25
78,154,463
78,167,70
78,190,493
78,192,480
78,212,251
78,233,254
78,234,182
78,243,133
78,244,108
78,259,571
78,273,272
78,280,333
78,281,265
79,2,252
79,6,504
79,9,245
79,14,338
79,19,348
79,35,366
79,43,497
79,54,177
79,56,526
79,70,356
79,72,341
79,73,50
79,80,33
79,86,196
79,91,180
79,94,69
79,95,283
79,97,357
79,101,332
79,118,306
79,123,62
79,134,414
79,143,505
79,165,328
79,186,27
79,187,393
79,192,460
79,212,123
79,221,494
79,258,54
79,280,135
80,4,34
80,5,110
80,16,20
80,23,535
80,46,328
80,53,452
80,54,299
80,57,308
80,59,113
80,66,189
80,76,492
80,79,33
80,82,498
80,86,583
80,90,283
80,101,294
80,115,14
80,117,474
80,118,543
80,128,96
80,129,19
80,130,261
80,140,362
80,168,128
80,179,60
80,199,205
80,208,111
80,251,333
80,272,298
80,291,434
81,5,36
81,6,33
81,9,48
81,12,459
81,13,21
81,21,425
81,30,331
81,39,521
81,49,345
81,51,339
81,63,92
81,71,542
81,90,123
81,116,125
81,123,516
81,177,232
81,181,30
81,183,340
81,195,301
81,197,497
81,238,272
81,260,591
81,263,375
81,284,68
82,16,458
82,19,482
82,36,26
82,44,215
82,51,552
82,57,59
82,70,413
82,73,313
82,74,145
82,75,476
82,80,498
82,90,504
82,98,92
82,104,587
82,105,428
82,116,70
82,134,172
82,144,163
82,161,87
82,204,197
82,218,64
82,252,245
82,259,27
82,292,523
82,300,11
83,8,266
83,10,273
83,13,296
83,16,329
83,24,553
83,30,169
83,31,154
83,32,115
83,41,292
83,44,340
83,63,350
83,85,446
83,86,533
83,89,600
83,93,420
83,121,307
83,136,307
83,138,196
83,158,13
83,180,588
84,6,165
84,21,60
84,23,504
84,24,44
84,25,442
84,39,279
84,49,51
84,52,79
84,54,349
84,66,382
84,73,142
84,74,32
84,86,58
84,89,505
84,129,5
84,147,267
84,161,228
84,188,591
84,193,5
84,231,538
84,249,361
84,262,509
84,271,52
84,300,124
85,2,49
85,5,132
85,28,166
85,32,359
85,33,213
85,44,19
85,60,305
85,62,575
85,64,266
85,83,446
85,89,68
85,105,24
85,107,588
85,134,114
85,175,434
85,187,317
85,224,318
85,243,340
85,253,423
86,9,379
86,10,380
86,16,119
86,20,32
86,46,580
86,54,471
86,55,485
86,56,478
86,79,196
86,80,583
86,83,533
86,84,58
86,92,41
86,100,273
86,117,592
86,127,562
86,154,543
86,170,343
86,181,293
86,189,520
86,194,28
86,208,55
86,220,507
86,253,558
86,262,429
86,270,376
86,274,66
86,300,59
87,4,126
87,9,386
87,10,126
87,16,441
87,23,297
87,33,45
87,52,330
87,55,373
87,68,218
87,71,484
87,78,443
87,89,541
87,96,41
87,120,344
87,123,378
87,124,165
87,151,461
87,174,352
87,176,213
87,184,141
87,196,143
87,253,272
87,278,458
88,1,418
88,35,384
88,36,422
88,41,260
88,43,330
88,50,345
88,62,587
88,70,396
88,71,426
88,95,481
88,101,446
88,116,505
88,130,534
88,159,124
88,171,458
88,236,43
88,286,129
88,299,366
89,4,300
89,5,33
89,23,600
89,28,170
89,41,272
89,47,25
89,68,501
89,74,357
89,83,600
89,84,505
89,85,68
89,87,541
89,94,146
89,96,388
89,98,518
89,103,356
89,107,173
89,120,573
89,122,218
89,139,282
89,145,486
89,172,365
89,180,510
89,202,91
89,266,491
89,280,16
90,9,544
90,22,387
90,34,533
90,45,362
90,54,414
90,60,171
90,67,310
90,71,171
90,75,548
90,80,283
90,81,123
90,82,504
90,119,294
90,131,317
90,176,240
90,193,153
90,222,455
90,229,251
90,272,221
90,273,218
91,1,37
91,16,360
91,21,573
91,28,368
91,34,10
91,59,189
91,64,142
91,65,332
91,71,243
91,76,583
91,79,180
91,93,327
91,96,382
91,98,85
91,102,365
91,105,220
91,113,201
91,117,491
91,123,27
91,134,93
91,145,251
91,174,160
91,199,234
91,242,454
91,274,229
92,7,562
92,16,400
92,17,302
92,28,197
92,37,132
92,38,82
92,40,299
92,59,569
92,65,407
92,73,524
92,76,350
92,86,41
92,106,46
92,111,202
92,161,297
92,189,128
92,233,241
92,244,284
92,252,428
92,258,415
92,273,591
92,295,127
93,5,33
93,8,557
93,31,449
93,37,305
93,40,394
93,44,439
93,53,408
93,60,201
93,66,200
93,71,172
93,83,420
93,91,327
93,104,425
93,112,149
93,122,375
93,127,43
93,176,77
93,216,321
93,256,488
93,272,215
93,287,97
94,3,380
94,4,238
94,7,401
94,21,375
94,32,476
94,35,351
94,54,568
94,64,399
94,68,202
94,71,94
94,79,69
94,89,146
94,122,471
94,135,447
94,143,234
94,145,593
94,282,257
95,1,225
95,21,561
95,33,543
95,43,323
95,47,96
95,58,52
95,64,62
95,72,107
95,73,232
95,76,292
95,79,283
95,88,481
95,120,593
95,122,252
95,125,193
95,128,326
95,130,569
95,133,388
95,134,287
95,135,333
95,150,434
95,164,302
95,176,402
95,177,262
95,194,102
95,196,68
95,207,52
95,210,442
95,224,476
95,232,482
95,251,381
95,255,496
95,268,94
96,2,74
96,4,547
96,13,492
96,21,467
96,29,423
96,39,547
96,41,439
96,53,169
96,87,41
96,89,388
96,91,382
96,97,147
96,104,257
96,106,64
96,124,136
96,134,177
96,164,352
96,201,486
96,210,433
96,214,498
96,243,518
97,12,537
97,15,180
97,17,158
97,24,400
97,25,21
97,28,119
97,30,449
97,36,65
97,51,94
97,78,275
97,79,357
97,96,147
97,106,504
97,111,575
97,112,327
97,131,358
97,133,495
97,144,174
97,157,430
97,159,552
97,160,80
97,224,564
97,229,315
97,234,499
97,246,374
97,261,473
97,268,53
97,280,318
97,287,321
97,292,229
98,7,23
98,8,490
98,27,531
98,31,250
98,43,146
98,54,465
98,55,232
98,59,239
98,82,92
98,89,518
98,91,85
98,103,556
98,129,150
98,140,323
98,157,88
98,166,560
98,167,359
98,171,600
98,173,565
98,178,27
98,197,335
98,241,115
98,246,201
98,268,236
99,5,529
99,7,478
99,20,345
99,24,424
99,39,18
99,44,169
99,45,466
99,50,555
99,58,311
99,67,579
99,72,493
99,73,54
99,106,288
99,111,354
99,117,395
99,119,26
99,120,35
99,121,559
99,153,100
99,163,7
99,169,462
99,170,480
99,207,204
99,208,410
99,226,356
99,255,103
99,259,222
99,279,566
100,17,389
100,18,47
100,28,6
100,29,242
100,30,443
100,43,323
100,58,586
100,60,466
100,74,542
100,76,41
100,86,273
100,109,343
100,116,465
100,149,381
100,177,113
100,190,306
100,193,4
100,199,406
100,214,434
100,251,565
100,268,398
100,280,318
101,5,547
101,16,11
101,41,432
101,50,119
101,52,245
101,67,71
101,71,584
101,72,561
101,79,332
101,80,294
101,88,446
101,114,51
101,137,79
101,144,81
101,165,448
101,184,555
101,225,7
101,248,526
101,251,545
101,274,158
101,289,457
102,27,569
102,29,491
102,32,156
102,37,281
102,39,517
102,50,107
102,58,483
102,62,444
102,70,169
102,71,105
102,91,365
102,111,189
102,112,331
102,117,524
102,129,203
102,133,354
102,136,498
102,138,13
102,147,253
102,154,432
102,218,550
102,221,190
102,228,254
102,286,39
103,35,155
103,38,271
103,39,85
103,44,486
103,46,548
103,50,321
103,53,461
103,63,518
103,65,513
103,73,236
103,89,356
103,98,556
103,113,266
103,114,126
103,123,578
103,125,232
103,137,85
103,172,511
103,174,186
103,185,257
103,238,273
103,243,217
103,266,3
103,283,101
103,294,359
104,4,518
104,9,195
104,10,145
104,12,460
104,14,289
104,28,27
104,39,545
104,46,524
104,69,78
104,82,587
104,93,425
104,96,257
104,145,53
104,166,251
104,181,596
104,212,347
104,222,483
104,228,445
104,239,387
104,241,76
104,244,170
104,279,83
105,6,362
105,9,476
105,16,120
105,27,287
105,57,275
105,66,500
105,68,214
105,69,7
105,78,531
105,82,428
105,85,24
105,91,220
105,115,485
105,128,341
105,140,289
105,159,517
105,168,81
105,179,88
105,192,122
105,194,36
105,238,388
105,240,153
105,246,337
105,248,527
105,269,257
105,283,437
105,290,317
106,7,6
106,25,584
106,34,97
106,36,314
106,43,576
106,60,256
106,63,420
106,92,46
106,96,64
106,97,504
106,99,288
106,108,105
106,109,96
106,110,174
106,140,191
106,141,539
106,155,432
106,224,446
106,227,359
106,229,251
106,233,353
106,255,301
106,260,511
107,13,159
107,14,341
107,17,439
107,19,107
107,26,14
107,52,585
107,57,339
107,63,522
107,73,132
107,85,588
107,89,173
107,109,25
107,110,465
107,121,205
107,133,595
107,139,528
107,153,226
107,160,302
107,162,106
107,169,43
107,174,29
107,187,24
107,190,119
107,199,137
107,200,183
107,220,306
107,241,243
107,254,586
107,271,417
107,279,395
108,10,343
108,13,487
108,19,164
108,40,123
108,41,332
108,43,366
108,54,587
108,55,404
108,61,400
108,68,470
108,75,162
108,106,105
108,109,67
108,120,361
108,122,218
108,142,277
108,173,568
108,185,441
108,190,300
108,225,590
108,239,515
108,277,196
108,296,307
109,22,180
109,25,233
109,34,596
109,38,527
109,43,558
109,63,507
109,69,322
109,100,343
109,106,96
109,107,25
109,108,67
109,113,151
109,118,235
109,121,565
109,130,574
109,135,587
109,146,290
109,147,207
109,171,337
109,172,88
109,174,38
109,200,584
109,216,21
109,225,554
109,284,247
110,18,300
110,19,227
110,20,14
110,29,59
110,30,340
110,46,516
110,54,334
110,58,175
110,69,533
110,74,200
110,106,174
110,107,465
110,114,415
110,119,144
110,120,403
110,127,168
110,142,188
110,148,127
110,152,450
110,169,151
110,174,135
110,200,589
110,240,74
110,248,223
110,259,255
110,278,469
110,289,467
111,4,219
111,7,352
111,29,21
111,42,414
111,46,328
111,57,495
111,68,536
111,92,202
111,97,575
111,99,354
111,102,189
111,116,452
111,119,549
111,131,376
111,133,70
111,212,495
111,221,103
111,249,450
112,6,547
112,12,38
112,13,151
112,25,213
112,32,559
112,33,124
112,46,418
112,54,109
112,60,490
112,93,149
112,97,327
112,102,331
112,116,169
112,118,423
112,131,316
112,142,347
112,160,41
112,161,210
112,170,141
112,186,359
112,191,116
112,226,26
112,234,452
112,237,218
112,245,535
112,255,15
112,258,117
112,264,520
112,286,424
113,4,321
113,5,297
113,17,354
113,34,191
113,42,543
113,45,13
113,60,88
113,63,446
113,91,201
113,103,266
113,109,151
113,115,371
113,124,265
113,126,504
113,137,416
113,138,74
113,155,100
113,170,415
113,179,564
113,220,536
113,231,243
113,236,401
113,238,235
113,250,301
113,256,423
113,277,562
114,9,445
114,15,182
114,27,19
114,43,261
114,56,560
114,63,575
114,68,291
114,73,515
114,74,488
114,101,51
114,103,126
114,110,415
114,124,532
114,125,197
114,157,478
114,187,158
114,193,245
114,194,527
114,204,181
114,205,462
114,215,499
114,219,176
114,246,70
114,264,583
114,286,220
115,16,214
115,17,306
115,21,238
115,32,483
115,41,474
115,46,498
115,54,228
115,55,483
115,80,14
115,105,485
115,113,371
115,132,269
115,152,379
115,161,66
115,165,372
115,171,532
115,179,199
115,190,90
115,205,76
115,226,561
115,256,416
115,275,265
115,287,108
116,11,173
116,12,322
116,14,554
116,28,504
116,34,295
116,43,541
116,81,125
116,82,70
116,88,505
116,100,465
116,111,452
116,112,169
116,132,91
116,203,20
116,228,152
116,237,348
116,248,151
116,253,130
116,285,172
116,289,561
117,20,211
117,33,49
117,34,410
117,49,134
117,57,353
117,80,474
117,86,592
117,91,491
117,99,395
117,102,524
117,151,73
117,152,74
117,153,541
117,165,453
117,169,529
117,177,537
117,186,271
117,208,273
117,240,265
117,279,387
117,293,113
117,299,25
118,6,312
118,14,157
118,31,445
118,32,86
118,46,231
118,55,33
118,66,600
118,78,407
118,79,306
118,80,543
118,109,235
118,112,423
118,119,30
118,137,587
118,141,491
118,143,330
118,155,168
118,166,259
118,168,427
118,175,473
118,182,540
118,193,527
118,257,290
118,261,36
118,263,125
118,275,129
118,285,291
119,9,471
119,16,271
119,22,566
119,44,513
119,55,440
119,65,432
119,68,246
119,90,294
119,99,26
119,110,144
119,111,549
119,118,30
119,126,501
119,136,286
119,140,429
119,146,436
119,150,91
119,155,162
119,156,329
119,159,221
119,189,106
119,219,134
119,223,34
119,247,491
119,254,181
119,299,518
120,2,513
120,37,77
120,58,250
120,59,517
120,73,25
120,76,451
120,87,344
120,89,573
120,95,593
120,99,35
120,108,361
120,110,403
120,125,126
120,126,70
120,137,179
120,147,410
120,160,489
120,174,504
120,191,178
120,289,379
121,29,429
121,34,225
121,38,266
121,44,441
121,46,112
121,50,158
121,54,448
121,63,30
121,83,307
121,99,559
121,107,205
121,109,565
121,136,446
121,152,463
121,162,128
121,183,245
121,198,126
121,199,280
121,211,110
121,284,353
122,1,566
122,6,230
122,8,487
122,42,538
122,44,577
122,69,395
122,75,290
122,89,218
122,93,375
122,94,471
122,95,252
122,108,218
122,127,112
122,139,115
122,152,360
122,153,3
122,185,180
123,1,260
123,23,473
123,30,542
123,34,470
123,38,459
123,56,315
123,57,463
123,79,62
123,81,516
123,87,378
123,91,27
123,103,578
123,137,468
123,139,281
123,140,270
123,149,344
123,166,27
123,168,536
123,172,442
123,181,4
123,227,11
123,290,515
123,295,26
124,2,527
124,7,137
124,9,250
124,17,557
124,28,575
124,42,450
124,43,138
124,44,182
124,87,165
124,96,136
124,113,265
124,114,532
124,127,70
124,129,89
124,142,102
124,149,525
124,157,57
124,171,492
124,175,315
124,195,234
124,200,224
124,215,446
124,230,441
124,261,528
124,288,81
124,296,288
124,298,215
125,3,214
125,6,172
125,14,177
125,42,399
125,46,256
125,59,346
125,61,95
125,72,316
125,95,193
125,103,232
125,114,197
125,120,126
125,161,482
125,184,523
125,207,461
125,216,36
125,261,431
126,1,431
126,10,375
126,16,182
126,18,393
126,31,246
126,37,279
126,69,137
126,72,496
126,113,504
126,119,501
126,120,70
126,132,382
126,136,17
126,142,54
126,145,462
126,160,351
126,161,408
126,164,107
126,186,568
126,207,340
126,210,444
126,234,264
126,242,125
126,247,551
126,293,163
126,299,552
127,6,499
127,14,186
127,37,350
127,61,235
127,62,226
127,64,61
127,70,362
127,86,562
127,93,43
127,110,168
127,122,112
127,124,70
127,140,433
127,180,477
127,186,501
127,206,193
127,255,33
127,278,429
128,2,593
128,33,89
128,34,33
128,53,484
128,61,599
128,62,421
128,63,29
128,76,245
128,80,96
128,95,326
128,105,341
128,135,12
128,137,489
128,138,291
128,140,472
128,162,261
128,170,216
128,177,256
128,182,101
128,196,60
128,212,151
128,213,329
128,220,217
128,237,43
128,243,479
128,260,592
128,266,588
128,274,416
128,283,384
129,38,180
129,56,298
129,60,456
129,69,5
129,70,420
129,75,582
129,77,186
129,80,19
129,84,5
129,98,150
129,102,203
129,124,89
129,148,504
129,154,351
129,155,186
129,182,292
129,186,84
129,200,587
129,214,411
129,223,289
129,241,501
129,257,444
129,267,153
130,6,398
130,11,49
130,18,254
130,40,142
130,61,138
130,70,416
