source,target,weight
1,2,400
1,3,236
1,5,521
1,6,540
1,7,168
1,8,110
1,11,438
1,13,514
1,16,536
1,17,482
1,20,407
1,24,545
1,25,147
1,28,103
1,29,513
1,30,95
1,31,124
1,32,399
1,35,586
1,36,483
1,37,78
1,38,30
1,40,571
1,41,350
1,42,370
1,44,285
1,45,168
1,47,401
1,49,349
1,53,96
1,55,526
1,57,390
1,59,600
1,60,150
1,61,233
1,62,190
1,63,399
1,66,146
1,68,316
1,69,379
1,75,576
1,76,326
1,81,378
1,82,390
1,84,209
1,85,134
1,88,444
1,89,305
1,93,490
1,94,149
1,95,50
1,97,134
1,101,314
1,103,328
1,105,330
1,107,434
1,111,431
1,114,527
1,118,507
1,119,50
1,120,538
1,122,528
1,126,459
1,127,185
1,128,484
1,129,299
1,130,251
1,131,24
1,137,469
1,145,133
1,153,196
1,158,107
1,164,57
1,169,503
1,179,524
1,188,251
1,189,489
1,191,127
1,200,581
1,203,332
1,205,587
1,206,407
1,207,480
1,212,164
1,213,23
1,221,370
1,233,306
1,234,286
1,237,67
1,249,45
1,254,29
1,265,465
1,269,74
1,284,377
1,287,127
1,299,363
2,1,400
2,3,522
2,4,457
2,6,167
2,7,543
2,9,377
2,10,509
2,11,322
2,13,326
2,14,199
2,18,299
2,20,409
2,21,464
2,22,176
2,23,470
2,24,441
2,26,139
2,27,443
2,28,586
2,29,322
2,30,318
2,31,42
2,32,150
2,33,478
2,37,335
2,42,118
2,43,429
2,44,38
2,45,599
2,46,419
2,47,253
2,49,121
2,51,226
2,52,324
2,56,242
2,57,339
2,58,174
2,60,151
2,61,553
2,62,88
2,64,525
2,67,101
2,69,583
2,72,35
2,73,264
2,75,549
2,78,295
2,81,278
2,82,7
2,83,313
2,84,102
2,85,190
2,87,469
2,88,172
2,89,353
2,90,204
2,94,164
2,96,254
2,105,103
2,106,332
2,108,160
2,109,511
2,110,232
2,115,401
2,119,537
2,122,364
2,124,87
2,125,130
2,136,590
2,143,11
2,147,260
2,148,357
2,151,181
2,156,399
2,158,58
2,161,204
2,166,285
2,168,6
2,176,70
2,177,295
2,191,71
2,193,472
2,196,525
2,198,160
2,208,242
2,214,482
2,230,18
2,233,296
2,250,493
2,262,410
2,264,593
2,270,371
2,275,4
2,280,373
2,295,471
3,1,236
3,2,522
3,4,186
3,5,35
3,7,437
3,8,208
3,9,190
3,10,290
3,11,248
3,12,535
3,14,86
3,15,13
3,16,105
3,17,433
3,18,209
3,19,260
3,20,113
3,21,495
3,22,195
3,23,560
3,24,107
3,25,535
3,28,153
3,29,217
3,31,539
3,33,476
3,35,332
3,36,483
3,38,476
3,41,376
3,42,430
3,43,243
3,44,280
3,47,540
3,48,473
3,50,544
3,52,147
3,53,519
3,54,388
3,56,515
3,58,354
3,65,108
3,66,486
3,70,566
3,78,530
3,79,355
3,83,22
3,88,363
3,93,204
3,94,266
3,97,345
3,99,489
3,101,559
3,105,360
3,108,184
3,109,185
3,110,201
3,112,574
3,116,340
3,120,445
3,125,435
3,126,2
3,127,511
3,128,263
3,133,215
3,134,276
3,137,489
3,141,512
3,147,401
3,150,281
3,165,423
3,168,11
3,169,550
3,171,22
3,175,420
3,177,71
3,180,5
3,181,197
3,184,119
3,192,232
3,198,94
3,203,432
3,204,51
3,212,40
3,224,429
3,229,291
3,231,396
3,232,266
3,237,523
3,242,278
3,246,115
3,252,403
3,254,292
3,258,554
3,261,301
3,263,34
3,281,194
3,289,115
3,294,280
4,2,457
4,3,186
4,5,544
4,6,110
4,8,310
4,9,74
4,10,461
4,13,200
4,14,197
4,16,340
4,18,1
4,19,21
4,20,567
4,22,214
4,23,196
4,25,78
4,27,243
4,28,471
4,29,100
4,30,421
4,31,364
4,32,454
4,34,260
4,37,347
4,38,511
4,39,434
4,40,419
4,41,126
4,42,322
4,43,463
4,44,359
4,45,23
4,46,1
4,47,470
4,49,411
4,52,111
4,54,465
4,58,317
4,61,433
4,64,222
4,65,366
4,66,268
4,68,161
4,70,9
4,71,366
4,72,57
4,75,384
4,82,285
4,86,202
4,91,335
4,92,406
4,93,293
4,96,190
4,98,226
4,99,123
4,101,384
4,104,473
4,108,83
4,109,138
4,110,491
4,111,74
4,113,225
4,128,371
4,130,470
4,132,579
4,137,192
4,138,145
4,141,398
4,142,108
4,144,386
4,152,282
4,155,460
4,158,297
4,162,520
4,164,148
4,167,51
4,171,567
4,174,317
4,176,382
4,177,134
4,179,198
4,183,420
4,190,411
4,194,75
4,196,250
4,198,266
4,200,416
4,201,375
4,205,186
4,213,516
4,218,160
4,225,356
4,228,32
4,231,557
4,236,69
4,240,259
4,254,468
4,255,551
4,263,227
4,278,327
4,287,460
4,290,201
4,292,587
4,293,383
5,1,521
5,3,35
5,4,544
5,6,595
5,7,65
5,8,427
5,9,377
5,13,262
5,14,565
5,19,242
5,21,255
5,23,194
5,25,71
5,26,320
5,27,245
5,29,189
5,30,155
5,31,9
5,32,540
5,33,102
5,38,168
5,45,425
5,46,438
5,47,195
5,53,567
5,55,550
5,56,72
5,58,577
5,59,581
5,61,259
5,63,41
5,66,153
5,69,152
5,70,232
5,71,110
5,72,117
5,75,514
5,77,501
5,79,526
5,84,211
5,91,545
5,92,1
5,93,237
5,96,594
5,97,113
5,99,291
5,100,16
5,102,53
5,103,52
5,111,448
5,113,200
5,114,380
5,124,362
5,125,460
5,126,575
5,129,156
5,131,237
5,132,302
5,136,191
5,139,382
5,140,95
5,148,197
5,151,32
5,153,511
5,154,97
5,156,347
5,161,105
5,164,354
5,186,296
5,188,469
5,189,145
5,192,150
5,196,299
5,202,536
5,203,439
5,209,294
5,211,131
5,217,410
5,218,122
5,226,82
5,231,439
5,232,112
5,244,22
5,248,542
5,256,139
5,272,156
5,277,408
5,289,70
6,1,540
6,2,167
6,4,110
6,5,595
6,8,372
6,11,436
6,12,570
6,13,349
6,14,341
6,15,238
6,16,483
6,17,242
6,18,23
6,19,408
6,20,247
6,22,152
6,24,462
6,27,541
6,28,148
6,29,596
6,31,186
6,32,123
6,33,72
6,35,362
6,38,208
6,39,282
6,41,472
6,42,208
6,43,279
6,44,45
6,45,367
6,46,131
6,47,434
6,48,195
6,49,340
6,50,247
6,51,470
6,53,530
6,55,450
6,56,30
6,57,560
6,60,404
6,62,141
6,63,371
6,64,292
6,68,407
6,70,413
6,72,460
6,74,112
6,78,561
6,79,318
6,80,247
6,82,413
6,83,60
6,91,50
6,94,370
6,95,263
6,97,465
6,98,547
6,101,378
6,105,304
6,106,101
6,111,431
6,119,435
6,123,465
6,124,22
6,131,108
6,132,294
6,137,326
6,138,146
6,139,270
6,143,210
6,146,403
6,147,367
6,148,569
6,162,574
6,166,536
6,168,257
6,184,410
6,192,48
6,195,378
6,207,320
6,211,297
6,216,92
6,218,182
6,225,343
6,227,439
6,232,385
6,233,14
6,236,111
6,241,269
6,249,389
6,255,148
6,266,341
6,269,593
6,275,129
6,283,463
6,293,377
7,1,168
7,2,543
7,3,437
7,5,65
7,9,557
7,10,261
7,11,431
7,12,57
7,15,209
7,16,242
7,17,49
7,21,309
7,24,127
7,26,209
7,27,115
7,28,568
7,30,496
7,31,143
7,32,552
7,33,17
7,34,283
7,35,566
7,36,413
7,39,517
7,41,208
7,43,530
7,44,309
7,45,599
7,46,170
7,48,297
7,50,149
7,52,337
7,53,132
7,54,477
7,56,541
7,61,430
7,63,62
7,67,584
7,69,270
7,70,523
7,74,293
7,75,235
7,76,324
7,77,491
7,81,582
7,82,263
7,83,100
7,84,352
7,86,185
7,87,138
7,88,398
7,90,433
7,93,392
7,94,104
7,98,550
7,104,520
7,106,252
7,108,298
7,109,425
7,110,28
7,111,186
7,114,375
7,115,240
7,117,271
7,121,495
7,122,350
7,123,255
7,125,213
7,126,259
7,131,526
7,140,259
7,147,229
7,148,169
7,149,192
7,151,247
7,152,118
7,155,520
7,156,598
7,158,450
7,159,365
7,163,352
7,168,417
7,170,478
7,175,523
7,178,6
7,182,525
7,183,68
7,184,516
7,188,381
7,203,570
7,209,453
7,216,559
7,239,591
7,241,159
7,244,118
7,263,317
7,264,466
7,274,70
7,284,539
7,287,91
7,289,389
7,293,222
7,294,513
7,295,10
8,1,110
8,3,208
8,4,310
8,5,427
8,6,372
8,9,132
8,10,141
8,12,429
8,14,209
8,15,367
8,18,2
8,21,443
8,22,428
8,23,537
8,25,559
8,29,206
8,30,120
8,31,522
8,32,152
8,33,438
8,36,134
8,39,273
8,40,69
8,41,433
8,44,593
8,45,315
8,47,510
8,48,432
8,49,126
8,51,246
8,53,411
8,54,114
8,56,201
8,57,400
8,61,57
8,62,310
8,63,382
8,64,373
8,65,221
8,71,246
8,73,344
8,74,35
8,77,265
8,80,549
8,83,77
8,86,251
8,88,559
8,92,308
8,94,453
8,96,133
8,98,508
8,100,525
8,102,207
8,104,251
8,105,358
8,107,412
8,108,235
8,111,513
8,112,19
8,114,237
8,116,332
8,117,308
8,119,578
8,121,212
8,122,125
8,123,274
8,124,348
8,131,222
8,132,342
8,133,512
8,135,7
8,136,553
8,149,400
8,161,92
8,162,424
8,163,500
8,164,107
8,166,277
8,168,191
8,170,18
8,171,204
8,173,289
8,176,201
8,185,183
8,188,319
8,192,390
8,195,67
8,204,33
8,206,154
8,212,485
8,213,509
8,216,230
8,220,306
8,225,410
8,230,342
8,237,85
8,240,14
8,245,513
8,262,538
8,263,176
8,275,295
8,288,318
8,300,170
9,2,377
9,3,190
9,4,74
9,5,377
9,7,557
9,8,132
9,10,335
9,11,497
9,13,342
9,14,325
9,15,146
9,16,332
9,18,59
9,19,327
9,20,565
9,22,373
9,24,253
9,25,230
9,26,111
9,29,90
9,30,293
9,33,534
9,34,250
9,35,482
9,36,521
9,39,153
9,41,483
9,42,398
9,44,527
9,45,85
9,46,514
9,50,382
9,51,240
9,53,97
9,55,147
9,57,17
9,63,223
9,66,8
9,68,92
9,69,542
9,75,170
9,76,465
9,85,539
9,86,123
9,87,129
9,97,502
9,104,266
9,107,591
9,108,174
9,109,520
9,110,477
9,113,317
9,116,153
9,117,583
9,118,10
9,120,457
9,125,20
9,126,35
9,127,151
9,128,91
9,129,123
9,130,515
9,139,160
9,140,433
9,142,351
9,146,28
9,149,466
9,152,169
9,155,284
9,156,391
9,162,65
9,163,261
9,165,249
9,166,294
9,167,449
9,170,397
9,175,416
9,177,128
9,178,265
9,179,234
9,181,149
9,184,72
9,185,444
9,186,454
9,192,274
9,193,401
9,194,290
9,199,478
9,200,234
9,203,497
9,206,339
9,213,312
9,221,461
9,224,86
9,226,535
9,238,118
9,239,169
9,243,417
9,247,430
9,250,508
9,251,425
9,259,509
9,262,264
9,282,277
9,283,594
9,297,198
9,299,591
10,2,509
10,3,290
10,4,461
10,7,261
10,8,141
10,9,335
10,12,352
10,13,302
10,16,324
10,17,462
10,19,419
10,20,501
10,21,234
10,22,200
10,24,417
10,25,104
10,26,337
10,28,334
10,29,478
10,31,355
10,32,430
10,34,531
10,35,437
10,37,275
10,38,394
10,39,160
10,40,130
10,41,408
10,42,341
10,43,152
10,44,140
10,45,576
10,46,366
10,49,543
10,51,124
10,52,228
10,53,210
10,54,570
10,58,153
10,59,414
10,60,459
10,61,179
10,66,103
10,67,568
10,70,162
10,71,200
10,74,211
10,76,7
10,80,196
10,81,236
10,83,558
10,84,263
10,85,84
10,86,159
10,87,449
10,89,105
10,90,484
10,93,146
10,95,374
10,96,422
10,98,470
10,99,195
10,100,303
10,107,438
10,109,88
10,112,220
10,115,321
10,117,33
10,122,298
10,123,233
10,125,518
10,130,250
10,135,381
10,136,545
10,141,354
10,144,49
10,146,567
10,153,544
10,155,485
10,177,376
10,181,540
10,195,272
10,196,216
10,197,193
10,198,233
10,199,524
10,201,573
10,207,254
10,209,354
10,210,73
10,211,117
10,213,413
10,230,355
10,232,515
10,235,345
10,243,516
10,255,591
10,256,47
10,258,494
10,261,56
10,268,355
10,271,595
10,291,155
10,295,400
10,297,258
10,298,266
11,1,438
11,2,322
11,3,248
11,6,436
11,7,431
11,9,497
11,12,540
11,14,487
11,16,270
11,17,98
11,19,347
11,21,167
11,23,149
11,26,219
11,28,427
11,30,40
11,31,151
11,32,574
11,35,163
11,36,298
11,37,461
11,38,176
11,40,218
11,41,226
11,42,355
11,44,535
11,45,76
11,46,554
11,48,290
11,50,445
11,51,257
11,53,517
11,54,557
11,57,525
11,58,202
11,60,73
11,61,249
11,62,600
11,63,289
11,64,23
11,65,426
11,67,402
11,69,291
11,71,510
11,73,23
11,75,139
11,76,332
11,80,422
11,81,49
11,84,353
11,88,561
11,91,351
11,93,472
11,94,236
11,95,93
11,98,391
11,101,472
11,106,307
11,114,366
11,121,378
11,122,279
11,123,387
11,124,497
11,126,145
11,128,531
11,135,188
11,136,5
11,137,308
11,138,451
11,140,13
11,153,344
11,157,505
11,158,244
11,160,593
11,161,443
11,162,294
11,163,34
11,164,203
11,168,343
11,172,480
11,173,308
11,180,303
11,181,39
11,188,384
11,192,8
11,194,77
11,202,98
11,213,595
11,225,198
11,235,21
11,240,393
11,248,506
11,250,218
11,252,577
11,256,47
11,260,29
11,264,483
11,271,565
11,276,2
11,280,277
11,291,449
12,3,535
12,6,570
12,7,57
12,8,429
12,10,352
12,11,540
12,13,113
12,15,351
12,19,288
12,20,193
12,22,358
12,23,95
12,24,516
12,25,563
12,26,196
12,27,219
12,31,368
12,32,599
12,35,514
12,36,504
12,38,27
12,39,207
12,40,306
12,49,558
12,51,536
12,52,21
12,54,182
12,55,490
12,56,217
12,57,582
12,58,539
12,65,125
12,68,87
12,74,273
12,75,298
12,76,506
12,77,407
12,83,522
12,86,592
12,87,566
12,89,222
12,90,583
12,95,219
12,96,537
12,102,226
12,103,143
12,104,538
12,105,506
12,106,374
12,108,287
12,115,462
12,117,394
12,121,220
12,124,405
12,126,234
12,127,200
12,130,109
12,132,138
12,134,467
12,135,102
12,138,427
12,140,427
12,144,207
12,147,457
12,148,285
12,149,143
12,158,586
12,159,212
12,166,564
12,171,55
12,182,543
12,189,526
12,191,547
12,193,223
12,195,274
12,201,411
12,213,127
12,214,150
12,217,418
12,218,161
12,221,529
12,227,454
12,230,101
12,237,553
12,240,247
12,249,226
12,257,575
12,263,482
12,269,488
12,281,598
12,286,174
12,288,306
12,295,323
13,1,514
13,2,326
13,4,200
13,5,262
13,6,349
13,9,342
13,10,302
13,12,113
13,14,471
13,15,568
13,16,341
13,17,504
13,18,201
13,19,78
13,20,496
13,21,46
13,22,206
13,23,388
13,24,501
13,25,241
13,26,493
13,27,418
13,30,131
13,32,147
13,33,73
13,36,487
13,38,436
13,39,294
13,42,156
13,43,579
13,44,328
13,45,104
13,48,206
13,49,147
13,50,124
13,52,299
13,53,484
13,54,191
13,55,441
13,58,32
13,59,21
13,62,131
13,63,357
13,65,330
13,66,300
13,68,86
13,69,231
13,71,239
13,72,45
13,73,307
13,74,498
13,75,135
13,78,80
13,79,15
13,80,30
13,82,567
13,84,583
13,85,497
13,87,85
13,88,237
13,90,526
13,91,350
13,92,74
13,94,244
13,97,128
13,98,21
13,102,414
13,104,569
13,108,1
13,110,530
13,112,161
13,114,144
13,115,40
13,117,457
13,120,346
13,123,449
13,124,579
13,128,588
13,130,106
13,131,175
13,133,470
13,135,144
13,147,363
13,153,181
13,155,509
13,156,460
13,159,218
13,162,541
13,165,559
13,170,512
13,172,251
13,175,72
13,178,245
13,179,212
13,181,77
13,212,474
13,222,337
13,230,516
13,232,242
13,238,65
13,245,403
13,248,44
13,258,172
13,259,482
13,269,418
13,270,87
13,286,244
13,297,83
14,2,199
14,3,86
14,4,197
14,5,565
14,6,341
14,8,209
14,9,325
14,11,487
14,13,471
14,15,563
14,16,103
14,18,115
14,22,53
14,24,325
14,25,252
14,26,293
14,27,440
14,29,392
14,32,548
14,33,117
14,34,78
14,35,422
14,37,286
14,39,95
14,40,350
14,44,87
14,45,478
14,48,411
14,49,67
14,51,598
14,53,230
14,61,156
14,62,565
14,66,359
14,68,527
14,70,570
14,72,291
14,76,82
14,80,234
14,85,30
14,88,263
14,89,173
14,93,101
14,94,397
14,97,573
14,101,266
14,103,426
14,105,360
14,108,333
14,110,71
14,113,388
14,114,234
14,115,226
14,118,521
14,125,380
14,128,316
14,133,243
14,136,399
14,140,344
14,141,517
14,149,329
14,154,494
14,156,283
14,157,389
14,158,172
14,162,466
14,167,16
14,173,377
14,174,445
14,179,139
14,180,133
14,193,522
14,198,418
14,199,413
14,203,442
14,206,516
14,208,56
14,218,313
14,219,567
14,221,195
14,228,395
14,233,481
14,235,308
14,236,63
14,240,179
14,243,387
14,247,50
14,248,422
14,250,157
14,251,393
14,256,454
14,264,170
14,272,415
14,279,297
14,284,407
14,293,513
14,296,589
14,297,313
15,3,13
15,6,238
15,7,209
15,8,367
15,9,146
15,12,351
15,13,568
15,14,563
15,16,166
15,17,368
15,19,412
15,20,264
15,23,535
15,24,63
15,26,364
15,27,514
15,28,122
15,31,327
15,33,312
15,34,302
15,36,163
15,37,116
15,39,145
15,41,32
15,42,267
15,43,383
15,44,235
15,45,577
15,46,228
15,47,50
15,48,134
15,49,227
15,51,477
15,53,547
15,54,313
15,55,136
15,56,497
15,58,293
15,59,213
15,61,400
15,62,244
15,63,574
15,68,72
15,70,324
15,71,299
15,73,78
15,75,454
15,76,189
15,79,428
15,80,421
15,82,98
15,85,129
15,86,411
15,87,438
15,90,33
15,92,379
15,94,479
15,98,302
15,100,166
15,105,312
15,106,189
15,108,472
15,112,248
15,113,427
15,114,64
15,115,397
15,119,537
15,120,293
15,122,555
15,123,413
15,124,595
15,126,42
15,132,433
15,137,161
15,138,99
15,140,271
15,142,542
15,147,181
15,150,239
15,158,143
15,159,546
15,160,412
15,162,45
15,166,390
15,173,122
15,174,366
15,176,579
15,177,239
15,178,466
15,186,431
15,187,265
15,188,335
15,192,223
15,194,162
15,199,369
15,200,325
15,205,317
15,207,466
15,214,383
15,225,316
15,229,44
15,233,113
15,234,536
15,235,513
15,238,107
15,239,117
15,246,26
15,262,593
15,271,527
15,275,181
15,277,499
15,280,258
15,281,11
15,288,550
15,298,202
16,1,536
16,3,105
16,4,340
16,6,483
16,7,242
16,9,332
16,10,324
16,11,270
16,13,341
16,14,103
16,15,166
16,17,564
16,18,147
16,21,440
16,22,121
16,23,540
16,25,436
16,26,577
16,27,310
16,28,307
16,29,499
16,31,395
16,33,4
16,35,373
16,39,39
16,40,15
16,44,352
16,45,505
16,46,169
16,47,212
16,49,184
16,50,370
16,51,25
16,52,213
16,53,459
16,55,397
16,56,477
16,57,80
16,59,487
16,60,192
16,62,251
16,63,440
16,64,288
16,65,26
16,66,262
16,68,220
16,69,394
16,70,139
16,73,80
16,76,299
16,77,307
16,78,113
16,81,466
16,84,371
16,91,297
16,97,218
16,98,165
16,100,145
16,103,491
16,104,91
16,105,246
16,106,164
16,109,587
16,110,405
16,111,335
16,114,153
16,120,597
16,129,254
16,130,539
16,134,91
16,137,512
16,141,373
16,142,280
16,146,285
16,147,574
16,155,67
16,159,409
16,165,448
16,167,286
16,169,166
16,175,497
16,181,528
16,191,476
16,202,592
16,217,81
16,218,287
16,223,513
16,234,406
16,236,249
16,238,212
16,243,273
16,253,374
16,262,504
16,265,561
16,268,539
16,279,578
16,280,34
16,296,106
16,298,145
16,299,505
17,1,482
17,3,433
17,6,242
17,7,49
17,10,462
17,11,98
17,13,504
17,15,368
17,16,564
17,18,248
17,22,261
17,23,466
17,24,418
17,25,61
17,27,33
17,28,471
17,29,90
17,30,44
17,31,334
17,32,73
17,33,57
17,35,65
17,37,414
17,38,245
17,39,517
17,42,600
17,43,373
17,44,235
17,46,269
17,48,271
17,49,92
17,50,26
17,51,53
17,52,213
17,53,216
17,54,552
17,56,33
17,57,544
17,58,320
17,59,182
17,60,473
17,65,389
17,66,113
17,67,194
17,69,356
17,70,32
17,71,250
17,73,549
17,78,131
17,79,142
17,80,243
17,83,561
17,86,235
17,90,10
17,91,463
17,93,300
17,95,553
17,99,26
17,100,290
17,101,116
17,106,111
17,118,517
17,122,24
17,123,193
17,124,70
17,125,88
17,128,141
17,130,14
17,135,33
17,140,58
17,143,412
17,145,396
17,150,333
17,154,112
17,159,496
17,172,467
17,173,371
17,174,298
17,185,106
17,187,62
17,188,531
17,191,352
17,193,63
17,198,515
17,202,50
17,204,435
17,217,341
17,218,124
17,220,101
17,227,568
17,237,254
17,254,196
17,284,172
17,287,152
17,291,492
17,292,41
17,299,479
18,2,299
18,3,209
18,4,1
18,6,23
18,8,2
18,9,59
18,13,201
18,14,115
18,16,147
18,17,248
18,19,246
18,20,355
18,21,537
18,23,490
18,26,502
18,28,320
18,29,69
18,31,449
18,32,24
18,33,58
18,34,287
18,35,152
18,36,368
18,37,385
18,38,300
18,40,16
18,41,109
18,42,502
18,45,96
18,46,28
18,48,246
18,49,558
18,51,579
18,53,131
18,54,222
18,55,406
18,56,134
18,58,533
18,64,33
18,66,127
18,68,46
18,69,427
18,70,522
18,72,583
18,73,337
18,78,241
18,81,303
18,84,535
18,86,423
18,87,412
18,93,224
18,94,231
18,95,190
18,100,297
18,102,318
18,103,412
18,105,18
18,106,130
18,114,36
18,115,132
18,116,307
18,117,496
18,120,258
18,122,273
18,127,583
18,128,68
18,133,265
18,135,119
18,139,147
18,145,328
18,147,9
18,151,177
18,157,448
18,164,494
18,196,267
18,198,384
18,203,534
18,205,2
18,210,510
18,213,566
18,221,377
18,223,13
18,226,162
18,228,474
18,246,312
18,247,273
18,253,408
18,257,284
18,266,156
18,270,250
18,276,56
18,279,586
18,281,324
18,297,49
19,3,260
19,4,21
19,5,242
19,6,408
19,9,327
19,10,419
19,11,347
19,12,288
19,13,78
19,15,412
19,18,246
19,20,277
19,22,288
19,23,61
19,24,3
19,26,574
19,27,538
19,28,407
19,29,347
19,30,161
19,32,383
19,33,289
19,34,367
19,39,29
19,41,112
19,42,529
19,44,205
19,48,370
19,49,332
19,50,396
19,51,416
19,52,474
19,53,289
19,54,225
19,57,474
19,58,373
19,59,582
19,61,565
19,62,282
19,63,553
19,64,302
19,66,56
19,68,238
19,70,270
19,71,197
19,74,34
19,76,545
19,77,480
19,78,551
19,79,238
19,81,226
19,88,545
19,89,291
19,90,108
19,91,143
19,92,545
19,95,23
19,96,413
19,99,367
19,100,346
19,101,170
19,102,3
19,103,20
19,104,318
19,106,347
19,108,549
19,109,367
19,111,306
19,120,220
19,125,487
19,127,234
19,130,122
19,131,15
19,132,115
19,134,207
19,139,113
19,141,369
19,142,141
19,143,233
19,144,511
19,145,473
19,151,570
19,152,163
19,154,296
19,161,278
19,166,171
19,167,357
19,171,504
19,180,285
19,182,463
19,194,507
19,198,590
19,205,56
19,206,403
19,207,270
19,211,58
19,215,268
19,217,202
19,219,131
19,223,284
19,236,1
19,239,582
19,240,156
19,243,122
19,244,351
19,245,207
19,255,396
19,260,381
19,261,67
19,262,132
19,268,162
19,274,509
19,279,146
19,281,9
19,282,87
19,284,301
19,295,161
19,296,203
20,1,407
20,2,409
20,3,113
20,4,567
20,6,247
20,9,565
20,10,501
20,12,193
20,13,496
20,15,264
20,18,355
20,19,277
20,21,101
20,22,472
20,24,276
20,26,251
20,31,378
20,32,522
20,34,190
20,35,460
20,36,228
20,37,85
20,38,168
20,39,120
20,40,204
20,41,340
20,43,417
20,44,401
20,45,331
20,46,584
20,47,310
20,48,371
20,49,376
20,50,73
20,53,418
20,55,476
20,57,222
20,58,464
20,60,116
20,63,369
20,66,15
20,67,355
20,68,564
20,69,236
20,73,227
20,74,135
20,76,311
20,79,360
20,81,218
20,82,163
20,84,287
20,88,119
20,89,290
20,92,282
20,94,346
20,97,483
20,100,25
20,103,42
20,107,95
20,110,340
20,111,118
20,112,45
20,114,600
20,115,517
20,117,13
20,123,360
20,128,587
20,133,252
20,139,35
20,140,44
20,153,499
20,169,81
20,174,33
20,179,370
20,181,365
20,193,475
20,200,362
20,209,263
20,211,53
20,213,99
20,214,37
20,219,433
20,221,120
20,232,306
20,240,208
20,244,195
20,248,330
20,255,285
20,259,353
20,263,386
20,267,535
20,272,278
20,279,522
20,284,431
21,2,464
21,3,495
21,5,255
21,7,309
21,8,443
21,10,234
21,11,167
21,13,46
21,16,440
21,18,537
21,20,101
21,24,569
21,26,115
21,28,175
21,29,487
21,30,161
21,31,257
21,32,32
21,33,242
21,34,542
21,36,333
21,37,244
21,39,82
21,41,308
21,42,151
21,43,99
21,48,168
21,49,375
21,50,126
21,54,289
21,55,529
21,56,261
21,57,181
21,58,576
21,59,94
21,60,339
21,64,143
21,66,423
21,67,268
21,68,404
21,69,14
21,70,21
21,78,394
21,79,212
21,81,439
21,86,62
21,87,125
21,90,71
21,91,364
21,93,588
21,98,112
21,99,46
21,102,171
21,107,447
21,109,259
21,111,580
21,115,549
21,116,88
21,117,204
21,123,192
21,124,278
21,127,303
21,131,419
21,135,336
21,140,255
21,141,220
21,143,546
21,144,276
21,147,440
21,148,139
21,150,447
21,151,587
21,153,597
21,154,357
21,160,93
21,165,377
21,167,81
21,168,254
21,169,333
21,170,94
21,179,37
21,181,176
21,185,457
21,186,35
21,187,384
21,190,502
21,196,502
21,200,165
21,201,497
21,203,137
21,220,287
21,235,450
21,242,322
21,247,252
21,253,466
21,254,485
21,255,142
21,260,107
21,275,502
21,278,550
21,286,379
21,292,190
21,295,558
22,2,176
22,3,195
22,4,214
22,6,152
22,8,428
22,9,373
22,10,200
22,12,358
22,13,206
22,14,53
22,16,121
22,17,261
22,19,288
22,20,472
22,23,131
22,24,11
22,25,207
22,26,489
22,28,431
22,29,40
22,30,381
22,31,293
22,32,24
22,35,194
22,37,141
22,38,324
22,43,155
22,44,318
22,45,485
22,46,410
22,47,57
22,48,368
22,50,185
22,51,145
22,52,192
22,53,159
22,55,210
22,58,17
22,59,278
22,60,77
22,62,170
22,64,386
22,66,89
22,69,237
22,72,191
22,73,193
22,74,347
22,78,152
22,81,500
22,82,194
22,85,539
22,86,17
22,90,18
22,98,92
22,99,144
22,102,433
22,109,29
22,119,13
22,123,11
22,124,71
22,129,478
22,131,586
22,134,468
22,135,12
22,140,507
22,143,197
22,144,545
22,146,165
22,149,485
22,156,508
22,165,425
22,169,73
22,170,310
22,178,501
22,181,416
22,187,468
22,190,364
22,195,507
22,196,107
22,201,309
22,224,244
22,225,378
22,226,141
22,232,31
22,238,447
22,242,70
22,253,401
22,259,165
22,270,392
22,276,250
22,286,262
22,295,85
22,298,63
23,2,470
23,3,560
23,4,196
23,5,194
23,8,537
23,11,149
23,12,95
23,13,388
23,15,535
23,16,540
23,17,466
23,18,490
23,19,61
23,22,131
23,24,402
23,26,436
23,28,167
23,32,187
23,33,224
23,36,324
23,37,466
23,38,585
23,39,312
23,42,358
23,43,31
23,45,396
23,46,447
23,47,285
23,48,588
23,51,271
23,52,174
23,53,299
23,54,328
23,55,429
23,58,442
23,60,411
23,61,426
23,66,519
23,67,62
23,68,415
23,70,449
23,72,318
23,74,115
23,76,161
23,77,272
23,80,400
23,81,401
23,83,503
23,84,273
23,88,109
23,93,83
23,98,492
23,101,495
23,103,360
23,107,167
23,109,63
23,110,205
23,111,337
23,113,160
23,114,217
23,118,416
23,119,95
23,122,593
23,125,71
23,128,125
23,129,225
23,130,65
23,133,187
23,134,279
23,140,288
23,142,319
23,146,230
23,149,44
23,153,557
23,156,429
23,157,379
23,158,436
23,164,379
23,165,32
23,176,259
23,177,394
23,180,501
23,181,578
23,183,335
23,189,448
23,194,85
23,199,556
23,203,168
23,213,592
23,221,577
23,225,532
23,228,525
23,230,385
23,235,491
23,241,298
23,243,471
23,254,238
23,256,384
23,257,235
23,259,231
23,260,424
23,261,216
23,262,41
23,267,205
23,272,350
23,286,34
23,287,39
23,288,432
23,294,293
24,1,545
24,2,441
24,3,107
24,6,462
24,7,127
24,9,253
24,10,417
24,12,516
24,13,501
24,14,325
24,15,63
24,17,418
24,19,3
24,20,276
24,21,569
24,22,11
24,23,402
24,27,68
24,28,516
24,30,159
24,31,293
24,34,384
24,35,359
24,36,267
24,37,499
24,38,29
24,39,262
24,40,109
24,41,566
24,42,32
24,44,520
24,45,193
24,46,587
24,47,565
24,48,249
24,52,82
24,53,175
24,54,506
24,57,444
24,58,203
24,60,377
24,61,444
24,63,181
24,64,521
24,66,266
24,69,76
24,71,62
24,72,314
24,74,276
24,75,87
24,78,327
24,79,492
24,83,291
24,84,35
24,85,558
24,86,57
24,87,220
24,89,485
24,90,279
24,92,52
24,93,2
24,95,315
24,100,245
24,101,224
24,102,494
24,103,439
24,105,250
24,106,109
24,107,350
24,108,161
24,109,277
24,111,246
24,113,23
24,121,404
24,125,91
24,129,159
24,133,28
24,138,393
24,140,402
24,141,543
24,152,518
24,156,108
24,158,520
24,164,507
24,182,533
24,186,475
24,197,58
24,200,399
24,207,541
24,223,144
24,227,182
24,231,122
24,248,103
24,249,101
24,258,143
24,275,300
24,286,38
24,287,87
24,288,80
24,289,15
24,290,420
24,292,438
24,299,253
25,1,147
25,3,535
25,4,78
25,5,71
25,8,559
25,9,230
25,10,104
25,12,563
25,13,241
25,14,252
25,16,436
25,17,61
25,22,207
25,26,125
25,27,2
25,28,271
25,29,354
25,30,566
25,31,549
25,33,527
25,34,491
25,35,422
25,36,217
25,37,98
25,38,61
25,40,129
25,41,244
25,42,55
25,43,429
25,45,171
25,47,286
25,49,443
25,50,496
25,51,261
25,53,513
25,54,124
25,56,196
25,58,599
25,59,13
25,66,56
25,67,88
25,68,540
25,69,42
25,71,177
25,72,40
25,75,133
25,76,243
25,77,22
25,78,433
25,79,307
25,81,401
25,82,281
25,83,214
25,85,185
25,86,265
25,87,86
25,89,148
25,90,388
25,91,236
25,94,26
25,98,405
25,101,312
25,102,206
25,104,524
25,105,592
25,108,503
25,109,282
25,113,333
25,117,175
25,118,383
25,119,19
25,120,128
25,121,355
25,123,84
25,124,504
25,125,46
25,127,384
25,130,107
25,133,588
25,136,17
25,140,393
25,141,66
25,146,377
25,147,147
25,151,202
25,156,350
25,157,488
25,159,583
25,161,508
25,167,346
25,170,512
25,176,295
25,184,258
25,187,547
25,193,577
25,196,146
25,198,362
25,212,287
25,219,454
25,220,550
25,222,243
25,230,22
25,232,111
25,236,275
25,243,283
25,244,393
25,247,291
25,256,196
25,260,105
25,262,457
25,267,137
25,269,540
25,277,369
25,285,443
25,286,325
25,290,579
26,2,139
26,5,320
26,7,209
26,9,111
26,10,337
26,11,219
26,12,196
26,13,493
26,14,293
26,15,364
26,16,577
26,18,502
26,19,574
26,20,251
26,21,115
26,22,489
26,23,436
26,25,125
26,27,300
26,28,156
26,29,389
26,34,458
26,35,244
26,36,294
26,38,252
26,39,576
26,40,230
26,41,82
26,45,358
26,47,133
26,50,239
26,58,279
26,59,204
26,61,552
26,62,352
26,63,512
26,65,65
26,67,262
26,68,252
26,69,579
26,77,19
26,78,429
26,80,347
26,81,590
26,83,350
26,89,253
26,91,171
26,93,528
26,94,511
26,95,324
26,98,314
26,99,206
26,101,355
26,104,117
26,108,159
26,109,286
26,110,508
26,118,547
26,121,80
26,124,384
26,125,74
26,128,192
26,129,99
26,130,34
26,133,186
26,136,180
26,142,335
26,144,89
26,146,574
26,151,150
26,152,462
26,157,429
26,159,294
26,161,354
26,175,339
26,182,19
26,186,55
26,188,292
26,192,281
26,196,110
26,201,519
26,205,424
26,207,212
26,216,127
26,217,145
26,222,412
26,228,485
26,236,222
26,238,414
26,239,526
26,252,82
26,261,186
26,262,580
26,268,511
26,280,147
26,284,286
26,287,75
26,293,108
26,295,96
26,298,109
27,2,443
27,4,243
27,5,245
27,6,541
27,7,115
27,12,219
27,13,418
27,14,440
27,15,514
27,16,310
27,17,33
27,19,538
27,24,68
27,25,2
27,26,300
27,28,97
27,29,280
27,30,473
27,32,73
27,34,227
27,36,216
27,37,216
27,40,351
27,41,303
27,42,242
27,43,80
27,44,533
27,45,282
27,46,185
27,47,122
27,48,417
27,49,407
27,52,155
27,54,577
27,56,404
27,57,251
27,59,330
27,60,342
27,61,72
27,68,432
27,69,454
27,71,169
27,72,560
27,74,458
27,75,106
27,77,461
27,79,419
27,80,537
27,81,156
27,82,67
27,86,146
27,91,138
27,94,283
27,95,404
27,101,256
27,102,347
27,103,357
27,108,38
27,113,6
27,115,199
27,116,429
27,117,9
27,119,552
27,122,325
27,124,268
27,132,129
27,136,281
27,138,428
27,143,90
27,149,145
27,151,245
27,156,184
27,158,118
27,160,585
27,161,457
27,163,450
27,164,501
27,166,185
27,172,362
27,174,290
27,177,258
27,191,73
27,194,274
27,204,7
27,220,174
27,221,26
27,223,104
27,226,249
27,227,292
27,231,262
27,233,201
27,243,410
27,269,102
27,275,430
27,284,67
27,285,541
27,290,423
27,292,123
27,294,42
28,1,103
28,2,586
28,3,153
28,4,471
28,6,148
28,7,568
28,10,334
28,11,427
28,15,122
28,16,307
28,17,471
28,18,320
28,19,407
28,21,175
28,22,431
28,23,167
28,24,516
28,25,271
28,26,156
28,27,97
28,30,196
28,31,95
28,32,153
28,34,112
28,35,22
28,36,350
28,37,96
28,38,187
28,39,265
28,43,300
28,44,128
28,45,139
28,46,61
28,48,450
28,49,599
28,53,225
28,59,341
28,61,404
28,64,11
28,65,522
28,70,271
28,71,117
28,73,116
28,76,354
28,77,269
28,79,434
28,81,574
28,83,183
28,85,181
28,86,162
28,87,385
28,88,352
28,89,488
28,90,279
28,93,430
28,105,11
28,106,15
28,117,219
28,119,361
28,120,208
28,133,565
28,135,451
28,140,237
28,143,585
28,148,168
28,149,11
28,155,304
28,156,85
28,163,477
28,170,456
28,171,170
28,173,377
28,181,65
28,186,491
28,188,290
28,189,9
28,192,559
28,195,194
28,199,227
28,203,598
28,206,598
28,207,431
28,215,258
28,218,336
28,226,211
28,234,385
28,238,88
28,244,520
28,250,481
28,256,550
28,272,519
28,275,392
28,278,46
28,285,18
28,294,597
29,1,513
29,2,322
29,3,217
29,4,100
29,5,189
29,6,596
29,8,206
29,9,90
29,10,478
29,14,392
29,16,499
29,17,90
29,18,69
29,19,347
29,21,487
29,22,40
29,25,354
29,26,389
29,27,280
29,30,286
29,33,180
29,34,478
29,36,184
29,37,492
29,38,306
29,39,173
29,40,303
29,42,108
29,46,367
29,48,163
29,49,582
29,54,143
29,56,508
29,57,338
29,58,127
29,59,487
29,60,68
29,62,328
29,63,536
29,64,597
29,65,141
29,71,518
29,74,186
29,75,77
29,76,96
29,79,130
29,82,38
29,86,593
29,90,28
29,94,27
29,96,260
29,97,288
29,98,108
29,102,13
29,104,248
29,106,422
29,110,551
29,112,170
29,118,49
29,119,308
29,120,557
29,121,70
29,134,398
29,136,251
29,137,221
29,139,162
29,141,53
29,142,374
29,148,244
29,153,31
29,155,70
29,161,233
29,164,19
29,165,252
29,169,45
29,172,481
29,175,583
29,176,578
29,186,77
29,194,175
29,203,461
29,204,263
29,209,263
29,221,173
29,236,27
29,252,394
29,253,261
29,261,270
29,269,199
29,275,257
29,286,588
29,290,356
29,299,452
29,300,157
30,1,95
30,2,318
30,4,421
30,5,155
30,7,496
30,8,120
30,9,293
30,11,40
30,13,131
30,17,44
30,19,161
30,21,161
30,22,381
30,24,159
30,25,566
30,27,473
30,28,196
30,29,286
30,33,408
30,34,259
30,37,403
30,38,364
30,39,244
30,40,365
30,41,272
30,43,64
30,45,323
30,49,135
30,50,384
30,51,245
30,55,2
30,56,437
30,58,80
30,67,382
30,68,233
30,71,122
30,72,337
30,73,224
30,75,248
30,76,389
30,77,115
30,78,226
30,80,434
30,81,416
30,83,350
30,85,519
30,86,311
30,92,129
30,96,409
30,97,155
30,105,293
30,106,507
30,111,382
30,112,293
30,114,369
30,115,229
30,116,415
30,117,323
30,122,76
30,131,270
30,132,3
30,133,575
30,138,254
30,141,476
30,147,283
30,148,195
30,150,426
30,153,388
30,155,175
30,165,247
30,166,263
30,167,509
30,168,559
30,180,379
30,183,483
30,186,103
30,188,366
30,189,320
30,190,512
30,193,370
30,201,503
30,207,368
30,208,574
30,212,467
30,214,167
30,218,461
30,223,149
30,232,3
30,236,288
30,237,581
30,241,108
30,242,476
30,248,50
30,254,414
30,255,369
30,256,51
30,257,430
30,268,403
30,270,159
30,275,80
30,280,513
30,296,470
31,1,124
31,2,42
31,3,539
31,4,364
31,5,9
31,6,186
31,7,143
31,8,522
31,10,355
31,11,151
31,12,368
31,15,327
31,16,395
31,17,334
31,18,449
31,20,378
31,21,257
31,22,293
31,24,293
31,25,549
31,28,95
31,32,48
31,33,7
31,35,276
31,36,352
31,38,264
31,39,137
31,40,389
31,42,590
31,43,119
31,46,546
31,47,499
31,48,261
31,50,312
31,51,598
31,52,49
31,53,360
31,55,185
31,56,266
31,57,378
31,59,522
31,60,151
31,61,76
31,63,410
31,64,269
31,65,474
31,68,223
31,70,278
31,75,510
31,76,482
31,82,457
31,89,172
31,94,258
31,95,224
31,96,392
31,97,102
31,98,539
31,100,335
31,112,381
31,116,116
31,118,400
31,120,454
31,121,197
31,123,106
31,124,80
31,128,420
31,131,447
31,132,483
31,138,174
31,145,356
31,150,139
31,151,281
31,156,433
31,157,555
31,159,507
31,164,272
31,168,418
31,173,370
31,187,99
31,193,372
31,194,207
31,197,112
31,198,29
31,199,221
31,203,81
31,204,167
31,209,557
31,215,513
31,216,564
31,217,322
31,218,292
31,223,203
31,237,78
31,244,311
31,249,40
31,250,572
31,251,38
31,252,488
31,255,310
31,259,17
31,271,471
31,277,479
31,279,510
31,284,286
31,286,587
31,287,179
31,288,508
31,293,83
31,296,177
32,1,399
32,2,150
32,4,454
32,5,540
32,6,123
32,7,552
32,8,152
32,10,430
32,11,574
32,12,599
32,13,147
32,14,548
32,17,73
32,18,24
32,19,383
32,20,522
32,21,32
32,22,24
32,23,187
32,27,73
32,28,153
32,31,48
32,36,17
32,37,502
32,40,528
32,42,267
32,43,343
32,44,12
32,45,247
32,46,90
32,47,89
32,48,478
32,50,542
32,51,332
32,52,304
32,54,580
32,55,254
32,58,122
32,60,442
32,61,225
32,62,448
32,63,314
32,65,468
32,66,275
32,69,255
32,75,49
32,76,35
32,78,587
32,80,72
32,81,392
32,82,385
32,83,120
32,85,15
32,87,420
32,88,87
32,90,240
32,93,2
32,101,550
32,105,192
32,108,456
32,113,556
32,116,517
32,117,485
32,129,89
32,130,338
32,134,244
32,136,415
32,138,581
32,139,172
32,145,207
32,146,563
32,156,63
32,157,46
32,158,553
32,159,316
32,163,337
32,167,120
32,170,45
32,171,107
32,173,49
32,177,356
32,180,402
32,183,98
32,185,79
32,187,568
32,190,67
32,198,207
32,199,520
32,202,24
32,204,480
32,206,207
32,212,582
32,213,168
32,216,364
32,217,20
32,220,450
32,237,452
32,238,223
32,248,47
32,262,245
32,263,509
32,267,388
32,275,370
32,288,195
32,293,13
32,300,328
33,2,478
33,3,476
33,5,102
33,6,72
33,7,17
33,8,438
33,9,534
33,13,73
33,14,117
33,15,312
33,16,4
33,17,57
33,18,58
33,19,289
33,21,242
33,23,224
33,25,527
33,29,180
33,30,408
33,31,7
33,36,130
33,37,270
33,39,123
33,42,410
33,43,198
33,44,510
33,45,456
33,46,3
33,49,381
33,50,360
33,51,502
33,52,393
33,53,200
33,54,574
33,57,426
33,62,77
33,63,388
33,68,40
33,69,209
33,70,172
33,72,64
33,73,200
33,77,440
33,78,82
33,79,580
33,80,306
33,81,575
33,88,426
33,92,529
33,94,376
33,96,180
33,98,144
33,99,160
33,101,194
33,105,356
33,107,45
33,109,237
33,110,245
33,111,93
33,112,271
33,114,265
33,117,420
33,118,374
33,119,302
33,120,131
33,124,208
33,135,330
33,142,49
33,146,232
33,147,585
33,152,507
33,159,124
33,161,560
33,164,423
33,168,310
33,170,27
33,172,125
33,175,387
33,179,446
33,181,343
33,185,294
33,192,492
33,194,515
33,200,354
33,206,210
33,209,502
33,215,413
33,219,429
33,237,237
33,241,106
33,246,129
33,257,55
33,264,575
33,272,327
33,278,28
33,281,440
33,283,484
33,286,239
33,293,11
33,297,151
34,4,260
34,7,283
34,9,250
34,10,531
34,14,78
34,15,302
34,18,287
34,19,367
34,20,190
34,21,542
34,24,384
34,25,491
34,26,458
34,27,227
34,28,112
34,29,478
34,30,259
34,37,534
34,38,512
34,40,456
34,41,442
34,43,559
34,44,505
34,45,395
34,46,113
34,47,509
34,49,383
34,50,564
34,51,410
34,52,109
34,54,521
34,55,143
34,56,114
34,57,227
34,61,246
34,62,451
34,63,25
34,66,524
34,67,284
34,68,125
34,71,342
34,77,104
34,86,517
34,95,589
34,96,391
34,101,566
34,103,261
34,105,544
34,110,395
34,114,583
34,118,411
34,120,415
34,121,35
34,123,189
34,124,315
34,125,156
34,126,297
34,132,352
34,133,449
34,136,133
34,138,594
34,139,427
34,140,593
34,141,198
34,152,480
34,153,511
34,156,573
34,162,569
34,177,166
34,186,259
34,194,393
34,198,456
34,201,349
34,205,459
34,221,258
34,222,278
34,224,96
34,225,312
34,228,77
34,229,63
34,231,500
34,239,502
34,241,268
34,244,57
34,248,20
34,250,572
34,259,484
34,276,136
34,280,415
34,294,552
34,295,484
34,296,527
35,1,586
35,3,332
35,6,362
35,7,566
35,9,482
35,10,437
35,11,163
35,12,514
35,14,422
35,16,373
35,17,65
35,18,152
35,20,460
35,22,194
35,24,359
35,25,422
35,26,244
35,28,22
35,31,276
35,37,318
35,39,445
35,40,95
35,41,211
35,43,15
35,44,434
35,46,439
35,47,14
35,48,239
35,49,402
35,50,60
35,52,529
35,55,354
35,56,509
35,59,568
35,60,16
35,63,446
35,64,458
35,66,369
35,70,14
35,71,296
35,72,126
35,73,323
35,78,237
35,79,234
35,80,91
35,81,73
35,83,401
35,84,144
35,87,177
35,88,444
35,90,528
35,92,125
35,94,31
35,96,271
35,99,43
35,100,94
35,105,20
35,107,446
35,111,515
35,115,429
35,117,416
35,119,571
35,124,413
35,125,295
35,129,439
35,130,104
35,132,20
35,134,544
35,136,282
35,147,4
35,151,189
35,152,551
35,158,49
35,164,583
35,183,349
35,185,460
35,188,269
35,200,43
35,204,599
35,206,558
35,210,326
35,226,345
35,235,564
35,251,63
35,255,338
35,258,513
35,276,563
35,277,498
35,280,482
35,283,201
35,292,509
35,295,426
36,1,483
36,3,483
36,7,413
36,8,134
36,9,521
36,11,298
36,12,504
36,13,487
36,15,163
36,18,368
36,20,228
36,21,333
36,23,324
36,24,267
36,25,217
36,26,294
36,27,216
36,28,350
36,29,184
36,31,352
36,32,17
36,33,130
36,40,92
36,41,352
36,42,148
36,44,148
36,47,469
36,50,119
36,52,538
36,53,145
36,54,11
36,55,487
36,56,440
36,57,127
36,60,255
36,61,100
36,71,373
36,72,246
36,74,119
36,75,348
36,76,347
36,78,192
36,79,594
36,82,198
36,84,449
36,85,229
36,87,51
36,88,191
36,90,452
36,91,39
36,97,164
36,99,283
36,102,70
36,103,572
36,107,222
36,108,151
36,109,208
36,119,428
36,120,540
36,121,456
36,124,289
36,129,427
36,130,107
36,131,437
36,133,185
36,136,45
36,140,421
36,149,559
36,150,231
36,158,469
36,160,582
36,161,209
36,164,127
36,170,147
36,171,237
36,173,387
36,180,336
36,190,350
36,193,114
36,198,32
36,204,346
36,206,540
36,208,364
36,210,100
36,217,84
36,219,146
36,220,260
36,222,498
36,229,89
36,235,422
36,244,234
36,254,565
36,260,184
36,266,189
36,270,485
36,282,400
36,288,66
36,291,278
36,294,438
36,295,18
36,296,205
36,297,339
37,1,78
37,2,335
37,4,347
37,10,275
37,11,461
37,14,286
37,15,116
37,17,414
37,18,385
37,20,85
37,21,244
37,22,141
37,23,466
37,24,499
37,25,98
37,27,216
37,28,96
37,29,492
37,30,403
37,32,502
37,33,270
37,34,534
37,35,318
37,40,497
37,41,334
37,42,256
37,43,278
37,44,498
37,47,112
37,48,341
37,50,193
37,52,370
37,53,428
37,54,216
37,56,489
37,57,323
37,59,235
37,60,539
37,62,559
37,63,243
37,64,70
37,65,381
37,67,447
37,68,352
37,69,436
37,70,400
37,71,44
37,73,166
37,76,23
37,79,229
37,80,465
37,81,32
37,83,51
37,86,5
37,88,166
37,89,435
37,93,377
37,96,100
37,97,257
37,98,318
37,101,276
37,107,592
37,109,400
37,112,334
37,117,54
37,120,49
37,122,428
37,128,465
37,133,370
37,143,470
37,146,500
37,150,156
37,157,377
37,161,232
37,168,317
37,171,467
37,172,241
37,174,591
37,177,111
37,182,272
37,183,132
37,189,482
37,196,506
37,197,116
37,199,587
37,208,514
37,218,565
37,236,237
37,243,310
37,247,400
37,257,164
37,262,45
37,274,55
37,288,118
38,1,30
38,3,476
38,4,511
38,5,168
38,6,208
38,10,394
38,11,176
38,12,27
38,13,436
38,17,245
38,18,300
38,20,168
38,22,324
38,23,585
38,24,29
38,25,61
38,26,252
38,28,187
38,29,306
38,30,364
38,31,264
38,34,512
38,39,299
38,40,400
38,41,85
38,42,142
38,43,143
38,44,527
38,45,122
38,46,382
38,47,432
38,48,459
38,49,498
38,50,136
38,51,81
38,52,508
38,53,325
38,55,38
38,57,352
38,59,228
38,60,397
38,64,462
38,68,206
38,71,364
38,73,265
38,74,163
38,76,324
38,77,361
38,79,350
38,81,588
38,82,436
38,84,470
38,86,149
38,87,422
38,91,536
38,92,433
38,96,496
38,98,152
38,99,565
38,100,473
38,102,494
38,103,321
38,106,68
38,116,65
38,117,477
38,118,409
38,122,475
38,123,490
38,124,55
38,126,87
38,127,218
38,133,181
38,134,496
38,135,183
38,137,144
38,138,537
38,142,7
38,143,156
38,150,52
38,155,485
38,157,376
38,160,135
38,172,96
38,173,183
38,174,572
38,177,502
38,180,228
38,181,332
38,182,181
38,190,325
38,191,71
38,202,238
38,207,40
38,212,490
38,217,320
38,220,318
38,223,316
38,236,495
38,258,302
38,263,118
38,266,142
38,267,54
38,271,63
38,280,436
38,286,262
39,4,434
39,6,282
39,7,517
39,8,273
39,9,153
39,10,160
39,12,207
39,13,294
39,14,95
39,15,145
39,16,39
39,17,517
39,19,29
39,20,120
39,21,82
39,23,312
39,24,262
39,26,576
39,28,265
39,29,173
39,30,244
39,31,137
39,33,123
39,35,445
39,38,299
39,40,282
39,41,130
39,42,501
39,43,347
39,44,305
39,45,329
39,46,413
39,48,16
39,49,195
39,50,42
39,51,56
39,54,271
39,56,130
39,58,120
39,59,465
39,60,331
39,61,121
39,62,218
39,63,439
39,64,78
39,66,592
39,67,274
39,68,320
39,69,555
39,71,497
39,74,86
39,75,532
39,78,74
39,80,137
39,81,290
39,82,456
39,86,408
39,89,299
39,90,271
39,94,533
39,99,402
39,100,195
39,101,497
39,105,19
39,109,457
39,110,302
39,113,303
39,115,531
39,118,503
39,120,362
39,125,428
39,130,122
39,132,338
39,135,300
39,137,85
39,138,463
39,146,246
39,147,543
39,148,549
39,151,387
39,152,537
39,153,111
39,160,230
39,165,578
39,167,514
39,168,219
39,176,154
39,178,506
39,182,232
39,185,469
39,186,436
39,189,180
39,190,146
39,191,378
39,199,286
39,202,259
39,214,255
39,215,84
39,226,505
39,237,103
39,241,557
39,247,599
39,252,239
39,259,351
39,266,279
39,270,123
39,278,186
39,293,472
39,296,326
40,1,571
40,4,419
40,8,69
40,10,130
40,11,218
40,12,306
40,14,350
40,16,15
40,18,16
40,20,204
40,24,109
40,25,129
40,26,230
40,27,351
40,29,303
40,30,365
40,31,389
40,32,528
40,34,456
40,35,95
40,36,92
40,37,497
40,38,400
40,39,282
40,41,90
40,43,43
40,44,345
40,45,520
40,46,16
40,48,466
40,51,350
40,52,80
40,53,210
40,55,35
40,56,586
40,57,473
40,58,132
40,59,592
40,62,204
40,64,3
40,67,204
40,70,290
40,73,572
40,76,524
40,77,55
40,79,73
40,85,316
40,90,134
40,95,250
40,97,361
40,99,15
40,101,553
40,102,456
40,103,92
40,114,57
