source,target,weight
1,2,401
1,4,133
1,5,24
1,6,465
1,7,546
1,8,505
1,10,557
1,12,343
1,13,344
1,14,454
1,17,384
1,19,587
1,20,5
1,21,259
1,22,600
1,23,368
1,24,588
1,25,369
1,26,255
1,28,184
1,29,291
1,31,496
1,33,41
1,37,379
1,38,235
1,39,118
1,40,546
1,41,154
1,45,56
1,46,535
1,47,424
1,49,273
1,53,288
1,55,293
1,57,336
1,59,58
1,62,262
1,65,9
1,66,45
1,67,319
1,70,356
1,71,538
1,73,599
1,74,157
1,78,286
1,79,365
1,83,270
1,88,261
1,100,312
1,102,432
1,103,352
1,108,79
1,110,203
1,113,4
1,114,261
1,117,277
1,122,504
1,123,462
1,126,582
1,129,394
1,138,457
1,140,162
1,142,264
1,143,350
1,152,450
1,166,258
1,167,526
1,184,140
1,191,210
1,192,373
1,193,584
1,197,364
1,199,249
1,200,509
1,213,158
1,214,442
1,222,444
1,244,139
1,245,364
1,251,434
1,267,581
1,277,322
1,278,569
1,286,534
1,287,529
1,293,515
1,296,483
1,298,492
2,1,401
2,3,406
2,5,372
2,6,95
2,7,230
2,8,19
2,9,30
2,13,346
2,14,119
2,15,483
2,16,197
2,18,366
2,21,58
2,22,114
2,24,535
2,25,132
2,27,10
2,28,65
2,30,471
2,31,272
2,32,79
2,33,179
2,34,41
2,35,313
2,37,5
2,40,261
2,41,181
2,43,399
2,44,61
2,48,346
2,53,102
2,54,482
2,55,457
2,57,437
2,60,582
2,62,192
2,63,340
2,65,321
2,67,49
2,68,494
2,69,89
2,71,154
2,72,447
2,73,130
2,74,166
2,78,564
2,81,24
2,82,378
2,84,99
2,91,469
2,95,21
2,122,504
2,123,118
2,127,519
2,139,357
2,148,586
2,154,337
2,156,136
2,158,435
2,163,474
2,165,230
2,166,263
2,175,503
2,198,581
2,200,336
2,201,307
2,206,328
2,221,523
2,222,12
2,223,269
2,239,240
2,240,169
2,263,167
2,264,228
2,266,122
2,282,206
2,298,384
3,2,406
3,5,265
3,6,40
3,7,111
3,9,584
3,11,558
3,15,532
3,16,13
3,17,258
3,18,348
3,19,483
3,20,228
3,22,352
3,23,556
3,24,433
3,25,420
3,27,150
3,28,25
3,30,30
3,33,154
3,34,122
3,36,228
3,37,342
3,38,84
3,40,352
3,41,257
3,42,72
3,44,57
3,47,589
3,48,471
3,49,178
3,52,144
3,55,299
3,57,361
3,61,172
3,67,389
3,68,237
3,69,506
3,72,173
3,75,120
3,77,129
3,78,184
3,86,443
3,90,347
3,93,216
3,98,110
3,105,587
3,124,108
3,129,179
3,135,60
3,138,274
3,151,45
3,157,6
3,164,326
3,179,65
3,180,376
3,185,484
3,199,35
3,203,243
3,237,498
3,238,212
3,251,258
3,263,394
3,265,287
3,271,95
3,276,43
3,285,327
4,1,133
4,7,205
4,9,21
4,11,412
4,13,1
4,14,431
4,15,506
4,16,416
4,17,25
4,18,546
4,19,462
4,21,544
4,22,67
4,23,22
4,24,323
4,25,34
4,30,145
4,31,471
4,32,59
4,34,117
4,37,194
4,38,169
4,41,151
4,42,256
4,44,482
4,47,203
4,50,157
4,53,89
4,54,215
4,56,592
4,58,422
4,59,169
4,60,326
4,62,483
4,65,462
4,67,193
4,74,152
4,84,126
4,88,356
4,92,275
4,102,61
4,104,172
4,109,425
4,120,58
4,124,202
4,125,573
4,128,334
4,131,592
4,133,431
4,135,339
4,144,44
4,145,310
4,147,380
4,150,548
4,154,189
4,167,56
4,169,581
4,171,274
4,172,453
4,180,71
4,186,285
4,187,505
4,194,480
4,195,220
4,201,350
4,204,244
4,218,340
4,222,262
4,225,482
4,231,561
4,238,323
4,245,347
4,252,49
4,261,282
4,263,115
4,300,117
5,1,24
5,2,372
5,3,265
5,8,576
5,9,525
5,12,591
5,15,524
5,16,293
5,17,321
5,20,569
5,22,474
5,23,155
5,24,115
5,26,71
5,27,328
5,29,286
5,31,113
5,34,478
5,36,331
5,37,591
5,38,568
5,39,209
5,44,118
5,45,404
5,49,59
5,51,98
5,52,200
5,53,286
5,54,548
5,61,580
5,64,118
5,68,48
5,69,325
5,73,415
5,74,103
5,77,320
5,78,313
5,79,501
5,81,35
5,88,267
5,90,111
5,91,575
5,96,195
5,102,424
5,103,34
5,109,352
5,110,372
5,112,266
5,117,121
5,125,335
5,127,63
5,132,489
5,138,433
5,142,555
5,146,143
5,147,486
5,148,327
5,151,150
5,155,290
5,157,61
5,164,154
5,176,251
5,179,64
5,187,354
5,206,48
5,211,54
5,224,340
5,261,27
5,268,360
5,273,106
5,276,392
5,287,563
5,292,517
6,1,465
6,2,95
6,3,40
6,12,248
6,13,382
6,14,21
6,17,472
6,18,385
6,20,577
6,21,371
6,22,307
6,24,545
6,25,350
6,27,496
6,28,203
6,29,120
6,31,274
6,32,152
6,35,35
6,40,555
6,44,508
6,45,473
6,46,69
6,47,555
6,50,375
6,52,52
6,54,324
6,58,447
6,59,35
6,60,14
6,63,261
6,69,576
6,70,384
6,72,500
6,81,151
6,82,444
6,86,258
6,89,157
6,91,512
6,93,432
6,96,562
6,98,216
6,106,317
6,116,292
6,121,164
6,125,496
6,128,154
6,137,551
6,143,387
6,147,486
6,153,493
6,154,442
6,162,352
6,172,233
6,176,330
6,182,162
6,183,35
6,185,153
6,200,324
6,201,301
6,210,72
6,220,315
6,228,352
6,236,127
6,247,303
6,249,472
6,274,369
6,275,594
6,284,20
6,292,146
7,1,546
7,2,230
7,3,111
7,4,205
7,8,71
7,9,64
7,10,200
7,11,142
7,13,545
7,14,485
7,15,157
7,16,562
7,18,313
7,20,145
7,25,86
7,26,271
7,28,226
7,29,487
7,31,508
7,32,375
7,34,183
7,35,163
7,36,494
7,39,527
7,40,378
7,41,569
7,42,292
7,43,396
7,46,432
7,47,168
7,48,365
7,51,519
7,52,175
7,53,529
7,58,236
7,62,352
7,64,370
7,65,299
7,68,574
7,71,335
7,72,212
7,74,162
7,76,6
7,77,224
7,80,548
7,84,307
7,90,137
7,96,253
7,98,444
7,103,560
7,104,82
7,105,29
7,117,158
7,128,325
7,137,329
7,146,261
7,148,450
7,162,256
7,167,315
7,169,87
7,170,69
7,171,493
7,175,256
7,189,129
7,192,223
7,197,177
7,199,398
7,201,440
7,203,117
7,208,380
7,214,285
7,218,281
7,226,123
7,258,288
7,261,479
7,262,240
7,269,486
7,274,170
7,280,447
7,290,269
8,1,505
8,2,19
8,5,576
8,7,71
8,9,548
8,11,448
8,12,506
8,13,138
8,14,218
8,15,112
8,16,253
8,17,597
8,18,167
8,19,461
8,20,137
8,22,461
8,23,329
8,25,229
8,26,247
8,30,498
8,33,167
8,34,162
8,39,229
8,40,46
8,44,64
8,46,154
8,48,88
8,49,417
8,50,34
8,52,561
8,55,129
8,56,259
8,59,207
8,60,236
8,63,174
8,64,189
8,72,513
8,75,250
8,82,205
8,86,381
8,90,371
8,92,143
8,93,160
8,102,513
8,108,32
8,110,163
8,112,569
8,116,454
8,118,432
8,121,194
8,130,478
8,138,11
8,152,203
8,161,278
8,168,4
8,176,42
8,177,138
8,178,314
8,192,142
8,193,179
8,205,137
8,213,192
8,215,479
8,218,563
8,220,334
8,223,193
8,225,142
8,231,144
8,233,48
8,235,391
8,236,291
8,257,582
8,269,401
8,286,137
8,290,299
9,2,30
9,3,584
9,4,21
9,5,525
9,7,64
9,8,548
9,10,396
9,11,370
9,12,592
9,14,309
9,16,66
9,17,420
9,21,26
9,23,5
9,24,588
9,25,278
9,28,152
9,33,154
9,35,194
9,39,464
9,40,188
9,49,431
9,52,435
9,54,272
9,58,556
9,59,135
9,61,210
9,62,296
9,63,572
9,65,542
9,67,432
9,72,135
9,75,113
9,78,79
9,83,192
9,84,515
9,86,295
9,88,170
9,89,252
9,93,318
9,106,399
9,111,366
9,114,430
9,115,213
9,119,230
9,141,444
9,149,439
9,151,558
9,161,252
9,169,7
9,174,506
9,182,127
9,200,428
9,208,191
9,209,300
9,210,567
9,215,194
9,226,244
9,227,3
9,235,372
9,242,582
9,250,477
9,257,158
9,273,342
9,286,260
9,291,27
9,292,405
10,1,557
10,7,200
10,9,396
10,11,218
10,13,358
10,14,571
10,15,456
10,16,45
10,17,191
10,19,452
10,23,444
10,24,491
10,26,444
10,30,126
10,31,9
10,32,421
10,36,383
10,37,147
10,38,3
10,39,179
10,41,338
10,44,155
10,45,541
10,48,383
10,49,445
10,51,470
10,52,10
10,56,405
10,58,413
10,69,145
10,72,140
10,77,321
10,79,560
10,84,568
10,88,385
10,89,21
10,90,337
10,92,80
10,95,554
10,97,271
10,101,271
10,121,132
10,129,112
10,136,366
10,143,322
10,152,271
10,153,307
10,164,60
10,168,539
10,181,206
10,187,354
10,191,108
10,208,109
10,223,35
10,231,216
10,236,587
10,246,573
10,248,121
10,257,215
10,277,394
10,281,526
10,292,341
10,298,128
11,3,558
11,4,412
11,7,142
11,8,448
11,9,370
11,10,218
11,12,17
11,14,396
11,15,138
11,16,272
11,17,65
11,19,181
11,20,262
11,21,344
11,22,418
11,23,7
11,25,316
11,26,352
11,27,359
11,28,221
11,29,440
11,30,249
11,31,417
11,32,460
11,33,416
11,34,482
11,35,62
11,38,480
11,45,260
11,46,526
11,51,62
11,52,251
11,54,289
11,55,233
11,56,224
11,58,172
11,59,580
11,66,247
11,67,315
11,68,89
11,71,539
11,81,116
11,85,279
11,96,582
11,104,478
11,106,566
11,109,558
11,111,185
11,116,177
11,118,473
11,126,375
11,133,204
11,141,136
11,149,479
11,161,420
11,162,233
11,166,131
11,167,178
11,169,218
11,172,511
11,179,83
11,181,247
11,182,125
11,188,148
11,193,34
11,202,250
11,204,212
11,222,348
11,242,397
11,253,142
11,270,18
11,280,407
11,281,536
11,287,437
11,289,97
11,295,397
11,297,494
11,298,585
12,1,343
12,5,591
12,6,248
12,8,506
12,9,592
12,11,17
12,15,416
12,18,105
12,19,379
12,20,210
12,21,256
12,22,53
12,23,123
12,24,37
12,25,223
12,26,408
12,27,161
12,28,123
12,30,260
12,31,489
12,35,407
12,42,234
12,43,77
12,47,426
12,48,307
12,49,240
12,54,348
12,55,539
12,57,514
12,60,51
12,61,92
12,62,482
12,63,304
12,64,122
12,68,28
12,72,488
12,74,381
12,77,433
12,78,539
12,81,305
12,82,230
12,85,65
12,86,167
12,94,209
12,95,386
12,99,522
12,100,106
12,102,361
12,110,479
12,113,150
12,115,192
12,124,203
12,126,593
12,128,75
12,129,209
12,132,538
12,135,389
12,140,415
12,144,475
12,145,441
12,147,164
12,154,403
12,155,28
12,161,524
12,165,486
12,166,515
12,176,38
12,192,153
12,194,233
12,214,488
12,224,509
12,230,363
12,234,85
12,236,43
12,248,347
12,250,213
12,259,569
12,263,110
12,269,496
12,283,74
12,284,120
12,289,139
12,293,534
13,1,344
13,2,346
13,4,1
13,6,382
13,7,545
13,8,138
13,10,358
13,14,248
13,15,308
13,16,95
13,17,509
13,18,486
13,19,162
13,21,238
13,22,276
13,23,331
13,27,4
13,28,245
13,29,411
13,30,192
13,34,444
13,36,287
13,37,3
13,38,249
13,39,176
13,41,563
13,43,41
13,44,264
13,45,528
13,46,388
13,48,308
13,50,510
13,55,130
13,57,341
13,63,135
13,65,519
13,66,180
13,67,106
13,69,95
13,71,254
13,77,329
13,83,414
13,86,315
13,87,575
13,88,411
13,90,565
13,91,395
13,97,515
13,99,483
13,100,465
13,106,250
13,113,4
13,114,11
13,117,256
13,126,161
13,141,349
13,144,233
13,149,379
13,153,521
13,164,414
13,190,474
13,198,125
13,199,199
13,201,169
13,224,507
13,227,386
13,240,431
13,242,569
13,253,231
13,258,462
13,281,348
13,283,350
14,1,454
14,2,119
14,4,431
14,6,21
14,7,485
14,8,218
14,9,309
14,10,571
14,11,396
14,13,248
14,15,29
14,16,264
14,18,95
14,19,232
14,21,149
14,22,486
14,24,507
14,25,145
14,26,426
14,28,179
14,29,419
14,30,346
14,31,464
14,33,571
14,35,557
14,36,314
14,38,63
14,39,20
14,40,581
14,41,495
14,42,585
14,43,232
14,44,47
14,45,201
14,46,443
14,48,144
14,49,240
14,50,489
14,51,294
14,55,475
14,56,320
14,59,139
14,60,409
14,61,593
14,71,183
14,72,358
14,84,556
14,89,158
14,100,210
14,102,439
14,106,45
14,126,596
14,128,568
14,135,476
14,142,203
14,145,291
14,149,395
14,150,567
14,153,476
14,160,56
14,175,441
14,177,544
14,178,142
14,179,105
14,190,498
14,191,401
14,192,572
14,193,397
14,203,108
14,209,364
14,214,336
14,218,80
14,220,123
14,226,471
14,231,531
14,234,413
14,251,422
14,253,583
14,257,160
14,282,312
14,283,440
14,286,397
14,296,70
14,300,82
15,2,483
15,3,532
15,4,506
15,5,524
15,7,157
15,8,112
15,10,456
15,11,138
15,12,416
15,13,308
15,14,29
15,16,201
15,19,466
15,20,126
15,22,102
15,24,450
15,25,464
15,26,163
15,27,507
15,29,480
15,30,239
15,32,19
15,33,350
15,34,36
15,35,238
15,36,323
15,37,357
15,38,570
15,40,486
15,41,595
15,44,224
15,46,6
15,47,238
15,57,442
15,58,72
15,64,16
15,66,164
15,76,317
15,85,224
15,87,317
15,93,488
15,94,422
15,104,44
15,111,522
15,113,226
15,127,170
15,135,232
15,136,418
15,152,378
15,155,263
15,160,362
15,183,143
15,188,532
15,200,111
15,225,309
15,226,248
15,242,109
15,246,417
15,257,279
15,260,448
15,266,525
15,285,341
15,290,405
16,2,197
16,3,13
16,4,416
16,5,293
16,7,562
16,8,253
16,9,66
16,10,45
16,11,272
16,13,95
16,14,264
16,15,201
16,18,465
16,20,312
16,21,247
16,23,440
16,24,11
16,25,232
16,26,466
16,27,405
16,29,374
16,30,508
16,31,328
16,32,405
16,33,108
16,35,271
16,40,246
16,41,352
16,43,190
16,45,153
16,47,544
16,52,198
16,54,60
16,56,128
16,57,292
16,58,458
16,59,13
16,60,36
16,61,14
16,63,288
16,66,520
16,67,2
16,68,475
16,69,301
16,70,173
16,83,539
16,84,52
16,87,271
16,88,293
16,92,572
16,94,479
16,101,500
16,102,51
16,107,238
16,110,567
16,118,227
16,120,567
16,132,407
16,134,58
16,135,276
16,142,411
16,146,443
16,160,593
16,172,329
16,178,198
16,190,384
16,192,330
16,205,395
16,220,95
16,224,473
16,233,391
16,245,512
16,249,130
16,261,272
16,263,144
16,279,449
17,1,384
17,3,258
17,4,25
17,5,321
17,6,472
17,8,597
17,9,420
17,10,191
17,11,65
17,13,509
17,18,227
17,19,555
17,20,500
17,21,207
17,25,16
17,26,272
17,27,122
17,28,332
17,29,92
17,30,344
17,31,473
17,32,434
17,33,4
17,34,197
17,37,24
17,39,485
17,44,144
17,45,542
17,48,333
17,49,315
17,50,447
17,53,175
17,57,120
17,58,289
17,61,179
17,62,238
17,63,68
17,68,81
17,72,517
17,75,20
17,76,391
17,81,9
17,82,85
17,89,143
17,93,521
17,96,325
17,99,503
17,105,593
17,107,555
17,117,59
17,118,459
17,122,4
17,127,564
17,128,149
17,130,573
17,137,459
17,139,24
17,141,101
17,142,550
17,148,483
17,157,116
17,178,442
17,181,501
17,188,463
17,190,355
17,199,212
17,203,156
17,211,42
17,212,344
17,213,541
17,216,284
17,225,118
17,229,227
17,263,439
17,271,564
17,275,209
17,292,261
18,2,366
18,3,348
18,4,546
18,6,385
18,7,313
18,8,167
18,12,105
18,13,486
18,14,95
18,16,465
18,17,227
18,19,531
18,20,262
18,21,490
18,22,243
18,23,557
18,26,493
18,27,31
18,28,249
18,31,101
18,32,254
18,33,299
18,34,589
18,35,57
18,36,514
18,37,394
18,39,446
18,41,141
18,42,366
18,43,347
18,44,50
18,46,508
18,49,26
18,52,394
18,53,39
18,54,61
18,56,484
18,60,528
18,61,269
18,63,476
18,65,9
18,68,564
18,79,366
18,80,521
18,85,435
18,87,79
18,93,252
18,95,445
18,99,258
18,108,140
18,110,582
18,115,592
18,116,200
18,119,55
18,123,127
18,124,579
18,126,415
18,128,392
18,132,548
18,136,122
18,139,247
18,140,85
18,142,555
18,151,439
18,154,191
18,162,266
18,166,141
18,173,170
18,193,282
18,197,564
18,208,163
18,220,440
18,225,350
18,228,363
18,231,511
18,237,83
18,242,573
18,244,93
18,255,519
18,259,367
18,269,96
18,293,397
19,1,587
19,3,483
19,4,462
19,8,461
19,10,452
19,11,181
19,12,379
19,13,162
19,14,232
19,15,466
19,17,555
19,18,531
19,20,16
19,23,264
19,26,270
19,27,151
19,29,593
19,30,72
19,32,198
19,34,594
19,35,470
19,36,166
19,38,256
19,40,209
19,42,407
19,45,226
19,46,493
19,48,287
19,49,561
19,50,386
19,51,14
19,52,525
19,53,52
19,56,339
19,57,219
19,58,485
19,59,565
19,63,102
19,68,597
19,69,207
19,70,214
19,79,274
19,83,26
19,86,463
19,93,279
19,94,4
19,95,546
19,99,313
19,100,12
19,108,381
19,111,434
19,115,341
19,126,120
19,133,463
19,135,437
19,144,295
19,149,78
19,150,239
19,167,25
19,180,93
19,186,588
19,187,373
19,206,120
19,210,319
19,217,83
19,223,378
19,224,299
19,243,578
19,284,91
19,287,277
19,293,312
20,1,5
20,3,228
20,5,569
20,6,577
20,7,145
20,8,137
20,11,262
20,12,210
20,15,126
20,16,312
20,17,500
20,18,262
20,19,16
20,21,119
20,23,297
20,24,443
20,27,246
20,28,75
20,30,86
20,32,229
20,36,574
20,38,320
20,40,186
20,41,447
20,43,516
20,44,552
20,46,484
20,47,580
20,50,412
20,51,177
20,55,65
20,57,485
20,58,300
20,59,367
20,66,494
20,68,286
20,69,131
20,70,304
20,72,122
20,73,165
20,74,25
20,75,523
20,76,197
20,78,284
20,79,17
20,85,132
20,95,439
20,97,141
20,100,228
20,104,217
20,105,60
20,112,443
20,114,399
20,118,267
20,121,270
20,123,448
20,130,164
20,132,503
20,136,185
20,137,338
20,138,156
20,139,301
20,140,365
20,142,147
20,144,572
20,147,39
20,148,477
20,150,451
20,153,230
20,156,229
20,158,462
20,169,519
20,192,161
20,207,334
20,215,520
20,225,132
20,226,89
20,234,71
20,244,250
20,272,261
20,273,57
20,280,243
20,285,73
20,288,35
20,296,116
20,300,212
21,1,259
21,2,58
21,4,544
21,6,371
21,9,26
21,11,344
21,12,256
21,13,238
21,14,149
21,16,247
21,17,207
21,18,490
21,20,119
21,23,577
21,24,322
21,25,78
21,27,17
21,28,448
21,31,453
21,32,77
21,33,224
21,35,15
21,36,440
21,37,96
21,38,23
21,40,187
21,42,119
21,43,389
21,44,561
21,45,322
21,46,210
21,49,366
21,51,590
21,53,335
21,54,416
21,55,337
21,58,5
21,60,255
21,61,125
21,64,72
21,71,558
21,80,318
21,86,221
21,88,213
21,91,299
21,92,302
21,97,308
21,98,411
21,100,290
21,101,519
21,102,567
21,107,150
21,108,293
21,110,504
21,114,403
21,119,527
21,122,338
21,124,526
21,132,163
21,133,337
21,139,427
21,143,103
21,151,90
21,155,158
21,171,346
21,188,558
21,191,141
21,214,261
21,235,465
21,257,582
21,269,193
21,275,519
21,276,569
21,277,78
21,280,84
21,282,374
21,293,184
21,297,239
22,1,600
22,2,114
22,3,352
22,4,67
22,5,474
22,6,307
22,8,461
22,11,418
22,12,53
22,13,276
22,14,486
22,15,102
22,18,243
22,23,277
22,25,300
22,26,579
22,28,266
22,29,159
22,30,230
22,31,271
22,32,279
22,33,598
22,36,596
22,37,276
22,38,522
22,39,110
22,40,288
22,41,324
22,42,323
22,44,189
22,46,103
22,47,595
22,50,557
22,51,214
22,54,493
22,56,184
22,59,65
22,62,53
22,72,294
22,75,262
22,77,597
22,78,596
22,79,410
22,82,154
22,86,341
22,93,543
22,96,10
22,98,285
22,100,178
22,105,97
22,110,29
22,112,252
22,113,593
22,116,11
22,118,427
22,120,534
22,121,187
22,122,408
22,123,560
22,128,439
22,130,379
22,132,237
22,133,55
22,137,264
22,141,3
22,144,355
22,148,310
22,149,333
22,153,580
22,162,509
22,165,336
22,166,477
22,172,358
22,173,375
22,178,226
22,193,102
22,199,559
22,200,156
22,210,367
22,211,396
22,219,286
22,223,477
22,235,397
22,243,209
22,249,319
22,252,571
22,260,160
22,272,35
22,294,480
23,1,368
23,3,556
23,4,22
23,5,155
23,8,329
23,9,5
23,10,444
23,11,7
23,12,123
23,13,331
23,16,440
23,18,557
23,19,264
23,20,297
23,21,577
23,22,277
23,25,221
23,26,554
23,27,309
23,29,436
23,30,24
23,31,408
23,33,535
23,36,596
23,37,86
23,38,393
23,41,92
23,42,564
23,45,136
23,47,315
23,48,275
23,49,526
23,50,278
23,52,183
23,53,231
23,54,415
23,55,104
23,57,527
23,59,95
23,63,401
23,64,174
23,67,128
23,69,203
23,70,585
23,73,515
23,74,224
23,79,483
23,85,208
23,86,117
23,97,419
23,105,254
23,106,46
23,109,240
23,111,305
23,115,443
23,117,171
23,123,469
23,124,208
23,133,24
23,134,557
23,135,589
23,136,320
23,138,71
23,155,109
23,160,572
23,165,360
23,174,86
23,177,454
23,187,354
23,189,311
23,196,380
23,200,521
23,202,259
23,228,137
23,234,482
23,253,346
23,261,121
23,272,135
23,300,346
24,1,588
24,2,535
24,3,433
24,4,323
24,5,115
24,6,545
24,9,588
24,10,491
24,12,37
24,14,507
24,15,450
24,16,11
24,20,443
24,21,322
24,25,48
24,27,319
24,29,11
24,30,242
24,33,445
24,35,578
24,36,221
24,40,180
24,41,355
24,43,480
24,45,243
24,47,96
24,52,17
24,53,389
24,57,100
24,58,447
24,60,308
24,63,70
24,64,300
24,71,439
24,74,523
24,83,413
24,85,5
24,90,484
24,97,166
24,100,522
24,101,265
24,109,19
24,116,93
24,119,574
24,120,449
24,122,70
24,129,553
24,132,380
24,145,95
24,158,65
24,165,27
24,168,566
24,173,352
24,180,284
24,181,563
24,190,252
24,213,97
24,228,548
24,259,305
24,266,480
24,269,294
24,283,362
24,284,590
24,287,589
24,288,208
25,1,369
25,2,132
25,3,420
25,4,34
25,6,350
25,7,86
25,8,229
25,9,278
25,11,316
25,12,223
25,14,145
25,15,464
25,16,232
25,17,16
25,21,78
25,22,300
25,23,221
25,24,48
25,28,558
25,29,510
25,30,282
25,31,147
25,33,452
25,35,166
25,39,2
25,43,11
25,44,288
25,47,560
25,49,86
25,51,64
25,52,354
25,53,223
25,54,85
25,56,77
25,57,513
25,60,232
25,61,151
25,62,142
25,64,479
25,68,267
25,70,530
25,75,330
25,76,321
25,85,576
25,91,65
25,102,92
25,105,1
25,110,160
25,117,599
25,122,131
25,131,569
25,136,504
25,139,386
25,146,428
25,147,327
25,166,162
25,170,197
25,171,491
25,172,478
25,193,195
25,202,45
25,206,497
25,211,412
25,213,106
25,214,408
25,220,94
25,232,179
25,241,215
25,253,414
25,264,39
25,266,403
25,271,545
25,274,38
25,280,220
25,287,598
26,1,255
26,5,71
26,7,271
26,8,247
26,10,444
26,11,352
26,12,408
26,14,426
26,15,163
26,16,466
26,17,272
26,18,493
26,19,270
26,22,579
26,23,554
26,28,521
26,32,174
26,34,255
26,37,325
26,38,571
26,40,433
26,41,296
26,42,69
26,43,417
26,48,502
26,52,42
26,60,478
26,64,293
26,65,302
26,74,53
26,77,53
26,78,301
26,83,327
26,85,584
26,86,65
26,88,539
26,94,442
26,96,300
26,98,215
26,104,561
26,107,51
26,108,396
26,110,154
26,111,241
26,115,440
26,120,70
26,122,83
26,126,183
26,130,448
26,135,186
26,137,98
26,140,342
26,145,485
26,146,600
26,156,319
26,160,258
26,163,332
26,182,43
26,190,197
26,198,398
26,199,583
26,200,89
26,206,62
26,237,534
26,240,572
26,255,401
26,262,278
26,267,302
26,283,240
26,286,196
27,2,10
27,3,150
27,5,328
27,6,496
27,11,359
27,12,161
27,13,4
27,15,507
27,16,405
27,17,122
27,18,31
27,19,151
27,20,246
27,21,17
27,23,309
27,24,319
27,28,355
27,29,300
27,30,454
27,31,123
27,32,268
27,33,108
27,34,460
27,35,155
27,36,199
27,37,307
27,38,477
27,39,52
27,43,145
27,46,576
27,47,591
27,48,331
27,50,166
27,51,585
27,55,302
27,56,556
27,57,65
27,58,112
27,60,253
27,61,418
27,62,378
27,63,385
27,64,283
27,70,320
27,71,10
27,73,581
27,81,407
27,83,562
27,84,75
27,94,508
27,100,197
27,107,88
27,109,9
27,114,439
27,120,267
27,122,134
27,124,473
27,130,41
27,137,110
27,142,469
27,145,365
27,150,384
27,155,9
27,157,557
27,162,88
27,171,521
27,175,158
27,177,252
27,178,177
27,188,140
27,193,156
27,196,596
27,212,396
27,213,365
27,216,302
27,222,227
27,237,162
27,248,147
27,260,299
27,264,475
28,1,184
28,2,65
28,3,25
28,6,203
28,7,226
28,9,152
28,11,221
28,12,123
28,13,245
28,14,179
28,17,332
28,18,249
28,20,75
28,21,448
28,22,266
28,25,558
28,26,521
28,27,355
28,29,503
28,32,307
28,35,455
28,36,2
28,38,453
28,40,481
28,42,354
28,43,543
28,45,472
28,49,371
28,51,188
28,52,513
28,54,416
28,56,478
28,59,433
28,62,44
28,70,111
28,71,423
28,76,79
28,77,88
28,80,419
28,103,217
28,104,452
28,107,431
28,113,11
28,117,286
28,119,426
28,121,49
28,130,67
28,134,477
28,144,234
28,155,250
28,161,549
28,174,366
28,180,279
28,196,413
28,197,53
28,204,265
28,205,317
28,208,323
28,211,594
28,239,450
28,247,344
28,272,361
28,278,302
28,288,441
28,297,316
29,1,291
29,5,286
29,6,120
29,7,487
29,11,440
29,13,411
29,14,419
29,15,480
29,16,374
29,17,92
29,19,593
29,22,159
29,23,436
29,24,11
29,25,510
29,27,300
29,28,503
29,30,582
29,31,394
29,33,319
29,35,553
29,36,98
29,41,332
29,46,266
29,48,539
29,51,492
29,52,240
29,55,237
29,56,390
29,61,133
29,63,242
29,74,469
29,82,166
29,84,244
29,88,237
29,93,253
29,94,143
29,98,380
29,101,152
29,102,214
29,109,140
29,112,577
29,117,175
29,122,46
29,141,106
29,146,69
29,150,273
29,154,104
29,168,600
29,173,552
29,177,327
29,184,374
29,192,396
29,202,546
29,208,488
29,212,298
29,224,486
29,228,598
29,231,588
29,234,344
29,235,143
29,253,540
29,259,242
29,262,424
29,269,534
30,2,471
30,3,30
30,4,145
30,8,498
30,10,126
30,11,249
30,12,260
30,13,192
30,14,346
30,15,239
30,16,508
30,17,344
30,19,72
30,20,86
30,22,230
30,23,24
30,24,242
30,25,282
30,27,454
30,29,582
30,31,143
30,32,281
30,33,393
30,34,19
30,37,505
30,39,204
30,40,568
30,42,206
30,43,352
30,44,562
30,46,488
30,48,353
30,50,118
30,53,400
30,56,134
30,61,297
30,64,248
30,66,364
30,70,563
30,73,199
30,76,176
30,79,94
30,82,414
30,83,572
30,92,335
30,95,426
30,100,466
30,101,99
30,106,425
30,107,263
30,115,388
30,131,460
30,134,457
30,137,128
30,139,299
30,166,461
30,167,255
30,192,249
30,202,105
30,212,369
30,223,24
30,227,469
30,231,305
30,232,10
30,236,165
30,237,293
30,240,463
30,241,583
30,294,105
30,297,499
31,1,496
31,2,272
31,4,471
31,5,113
31,6,274
31,7,508
31,10,9
31,11,417
31,12,489
31,14,464
31,16,328
31,17,473
31,18,101
31,21,453
31,22,271
31,23,408
31,25,147
31,27,123
31,29,394
31,30,143
31,33,56
31,35,21
31,36,82
31,38,307
31,39,473
31,40,3
31,41,193
31,42,88
31,45,54
31,52,589
31,53,586
31,56,133
31,60,517
31,62,266
31,63,111
31,64,340
31,66,513
31,68,500
31,76,277
31,78,553
31,81,570
31,87,314
31,93,546
31,94,599
31,96,441
31,106,382
31,112,170
31,124,402
31,132,137
31,144,346
31,154,598
31,161,317
31,162,531
31,167,471
31,177,4
31,180,374
31,185,287
31,196,357
31,208,526
31,211,390
31,212,298
31,217,359
31,237,331
31,242,153
31,256,161
31,297,35
32,2,79
32,4,59
32,6,152
32,7,375
32,10,421
32,11,460
32,15,19
32,16,405
32,17,434
32,18,254
32,19,198
32,20,229
32,21,77
32,22,279
32,26,174
32,27,268
32,28,307
32,30,281
32,34,264
32,35,442
32,38,347
32,39,446
32,40,508
32,41,451
32,42,65
32,44,10
32,47,394
32,48,58
32,49,139
32,50,413
32,53,100
32,55,558
32,57,150
32,59,520
32,63,564
32,65,323
32,67,465
32,70,412
32,75,395
32,76,431
32,77,388
32,78,202
32,79,539
32,80,471
32,93,404
32,95,400
32,97,72
32,105,586
32,106,419
32,108,91
32,109,345
32,110,31
32,115,214
32,117,35
32,127,401
32,129,8
32,137,86
32,142,536
32,148,315
32,151,23
32,156,590
32,163,510
32,166,197
32,167,446
32,170,221
32,175,571
32,182,213
32,195,424
32,206,282
32,209,152
32,210,301
32,223,461
32,226,229
32,230,182
32,231,359
32,241,495
32,245,586
32,247,31
32,262,479
32,264,545
32,265,410
33,1,41
33,2,179
33,3,154
33,8,167
33,9,154
33,11,416
33,14,571
33,15,350
33,16,108
33,17,4
33,18,299
33,21,224
33,22,598
33,23,535
33,24,445
33,25,452
33,27,108
33,29,319
33,30,393
33,31,56
33,36,81
33,37,251
33,39,182
33,41,309
33,43,381
33,45,497
33,46,194
33,49,564
33,54,572
33,57,116
33,58,263
33,60,399
33,61,596
33,63,498
33,65,445
33,66,256
33,70,596
33,71,377
33,72,38
33,76,98
33,79,445
33,84,539
33,89,168
33,91,375
33,94,107
33,102,77
33,104,507
33,106,584
33,110,553
33,111,179
33,117,307
33,118,104
33,120,200
33,121,121
33,124,474
33,133,269
33,134,85
33,135,34
33,137,27
33,138,13
33,150,428
33,158,476
33,159,189
33,171,74
33,175,94
33,182,338
33,185,262
33,204,466
33,211,579
33,212,563
33,215,34
33,222,348
33,238,213
33,247,408
33,254,515
33,267,22
33,275,511
33,288,548
33,290,267
33,296,564
34,2,41
34,3,122
34,4,117
34,5,478
34,7,183
34,8,162
34,11,482
34,13,444
34,15,36
34,17,197
34,18,589
34,19,594
34,26,255
34,27,460
34,30,19
34,32,264
34,37,152
34,39,267
34,41,79
34,42,114
34,43,338
34,44,149
34,47,267
34,52,26
34,55,136
34,58,365
34,60,174
34,61,249
34,65,573
34,67,52
34,69,444
34,73,408
34,78,83
34,81,363
34,87,177
34,89,334
34,92,103
34,97,136
34,99,366
34,106,432
34,119,99
34,121,182
34,123,32
34,127,82
34,133,275
34,151,34
34,152,306
34,153,519
34,154,524
34,156,499
34,159,548
34,162,407
34,172,54
34,179,366
34,180,263
34,181,244
34,188,289
34,189,327
34,207,582
34,221,106
34,231,458
34,237,131
34,240,387
34,242,57
34,243,414
34,253,527
34,254,515
34,257,435
34,261,467
34,264,497
34,270,316
34,274,519
34,286,504
34,291,354
34,292,140
34,297,497
35,2,313
35,6,35
35,7,163
35,9,194
35,11,62
35,12,407
35,14,557
35,15,238
35,16,271
35,18,57
35,19,470
35,21,15
35,24,578
35,25,166
35,27,155
35,28,455
35,29,553
35,31,21
35,32,442
35,36,558
35,37,137
35,38,199
35,39,376
35,40,373
35,41,63
35,42,43
35,45,111
35,47,435
35,48,548
35,52,409
35,56,484
35,58,323
35,61,274
35,62,126
35,64,468
35,65,38
35,72,424
35,73,466
35,76,403
35,77,176
35,84,62
35,87,236
35,91,365
35,93,132
35,101,16
35,105,98
35,108,70
35,109,465
35,111,335
35,112,338
35,115,246
35,116,551
35,117,566
35,143,545
35,146,274
35,166,179
35,170,45
35,174,398
35,185,47
35,194,2
35,196,87
35,202,235
35,207,49
35,218,144
35,227,522
35,257,97
35,280,207
36,3,228
36,5,331
36,7,494
36,10,383
36,13,287
36,14,314
36,15,323
36,18,514
36,19,166
36,20,574
36,21,440
36,22,596
36,23,596
36,24,221
36,27,199
36,28,2
36,29,98
36,31,82
36,33,81
36,35,558
36,37,283
36,38,336
36,40,355
36,42,236
36,43,163
36,44,491
36,45,549
36,46,443
36,49,104
36,52,476
36,53,312
36,54,240
36,55,433
36,59,80
36,61,89
36,64,278
36,65,454
36,66,217
36,71,78
36,72,351
36,74,280
36,77,330
36,79,37
36,80,42
36,85,47
36,90,297
36,92,124
36,93,126
36,95,535
36,96,583
36,102,589
36,113,190
36,115,288
36,131,116
36,133,448
36,135,338
36,141,443
36,150,539
36,160,517
36,163,581
36,168,124
36,172,271
36,180,499
36,181,104
36,191,10
36,194,244
36,209,141
36,215,231
36,217,452
36,220,284
36,221,4
36,229,45
36,256,362
36,272,54
36,276,17
36,293,499
37,1,379
37,2,5
37,3,342
37,4,194
37,5,591
37,10,147
37,13,3
37,15,357
37,17,24
37,18,394
37,21,96
37,22,276
37,23,86
37,26,325
37,27,307
37,30,505
37,33,251
37,34,152
37,35,137
37,36,283
37,40,217
37,43,315
37,44,518
37,45,33
37,51,578
37,58,25
37,59,153
37,62,407
37,66,190
37,67,343
37,69,416
37,70,331
37,71,36
37,72,164
37,80,180
37,83,555
37,86,255
37,97,139
37,98,211
37,99,23
37,101,510
37,102,4
37,103,560
37,104,399
37,105,66
37,107,398
37,110,214
37,113,147
37,116,158
37,120,520
37,121,24
37,125,476
37,128,121
37,153,439
37,160,511
37,161,579
37,162,470
37,166,78
37,172,171
37,189,75
37,190,311
37,197,357
37,200,487
37,204,179
37,212,160
37,223,83
37,224,533
37,238,298
37,246,491
37,249,283
37,250,61
37,254,508
37,258,574
37,272,296
37,277,340
37,288,455
37,290,245
38,1,235
38,3,84
38,4,169
38,5,568
38,10,3
38,11,480
38,13,249
38,14,63
38,15,570
38,19,256
38,20,320
38,21,23
38,22,522
38,23,393
38,26,571
38,27,477
38,28,453
38,31,307
38,32,347
38,35,199
38,36,336
38,39,559
38,42,377
38,47,461
38,48,221
38,51,319
38,52,381
38,54,462
38,56,255
38,59,570
38,64,540
38,69,22
38,71,161
38,72,87
38,73,345
38,79,211
38,80,448
38,81,303
38,82,203
38,87,456
38,89,5
38,90,142
38,92,113
38,99,353
38,100,335
38,102,143
38,106,405
38,110,343
38,111,524
38,112,557
38,118,493
38,120,11
38,137,135
38,142,181
38,147,494
38,150,597
38,155,513
38,156,81
38,162,82
38,163,296
38,173,585
38,176,100
38,177,534
38,178,382
38,183,476
38,194,575
38,196,361
38,209,118
38,215,567
38,220,555
38,245,210
38,247,360
38,255,347
38,256,558
38,283,180
38,295,425
38,300,590
39,1,118
39,5,209
39,7,527
39,8,229
39,9,464
39,10,179
39,13,176
39,14,20
39,17,485
39,18,446
39,22,110
39,25,2
39,27,52
39,30,204
39,31,473
39,32,446
39,33,182
39,34,267
39,35,376
39,38,559
39,41,480
39,44,170
39,45,17
39,48,527
39,49,62
39,54,36
39,56,309
39,57,300
39,62,244
39,64,500
39,66,201
39,69,248
39,76,56
39,77,92
39,78,15
39,79,403
39,80,37
39,81,491
39,82,352
39,85,141
39,90,466
39,93,74
39,101,45
39,109,38
39,119,25
39,121,503
39,124,591
39,149,123
39,161,582
39,170,156
39,174,85
39,175,14
39,179,12
39,195,58
39,205,474
39,227,149
39,233,558
39,243,406
39,255,135
39,274,441
39,284,274
39,293,442
39,295,472
40,1,546
40,2,261
40,3,352
40,6,555
40,7,378
40,8,46
40,9,188
40,14,581
40,15,486
40,16,246
40,19,209
40,20,186
40,21,187
40,22,288
40,24,180
40,26,433
40,28,481
40,30,568
40,31,3
40,32,508
40,35,373
40,36,355
40,37,217
40,43,10
40,44,454
40,46,399
40,47,311
40,49,319
40,53,114
40,55,518
40,56,3
40,60,363
40,61,23
40,63,578
40,65,455
40,68,135
40,73,465
40,76,146
40,89,247
40,90,10
40,91,458
40,96,594
40,97,105
40,99,436
40,112,63
40,113,511
40,115,332
40,120,237
40,121,428
40,127,594
40,130,493
40,132,402
40,147,218
40,152,49
40,183,464
40,189,45
40,203,423
40,204,280
40,213,114
40,235,7
40,236,60
40,239,281
40,245,126
40,253,165
40,262,587
40,263,173
40,265,258
40,295,37
41,1,154
41,2,181
41,3,257
41,4,151
41,7,569
41,10,338
41,13,563
41,14,495
41,15,595
41,16,352
41,18,141
41,20,447
41,22,324
41,23,92
41,24,355
41,26,296
41,29,332
41,31,193
41,32,451
41,33,309
41,34,79
41,35,63
41,39,480
41,42,23
41,43,234
41,45,36
41,47,325
41,48,210
41,50,203
41,51,565
41,53,173
41,55,439
41,57,466
41,58,523
41,60,573
41,61,122
41,63,480
41,65,303
41,66,112
41,67,98
41,72,379
41,75,324
41,80,448
41,83,83
41,87,122
41,92,290
41,94,159
41,96,241
41,99,550
41,107,508
41,109,245
41,114,537
41,120,533
41,126,181
41,129,532
41,131,550
41,133,87
41,135,249
41,156,59
41,157,397
41,158,443
41,164,102
41,166,24
41,190,326
41,191,466
41,194,303
41,201,134
41,215,85
41,220,364
41,224,501
41,232,405
41,239,216
41,245,450
41,274,143
41,279,586
41,282,195
41,291,25
42,3,72
42,4,256
42,7,292
42,12,234
42,14,585
42,18,366
42,19,407
42,21,119
42,22,323
42,23,564
42,26,69
42,28,354
42,30,206
42,31,88
42,32,65
42,34,114
42,35,43
42,36,236
42,38,377
42,41,23
42,43,71
42,45,82
42,46,574
42,50,33
42,51,152
42,55,108
42,56,143
42,61,380
42,62,95
42,66,379
42,69,587
42,77,540
42,84,504
42,86,470
42,88,238
42,89,500
42,91,540
42,93,487
42,95,458
42,96,576
42,103,335
42,107,553
42,108,204
42,114,463
42,117,347
42,118,464
42,122,88
42,126,559
42,129,145
42,130,419
42,131,183
42,134,59
42,148,315
42,151,556
42,171,440
42,172,371
42,175,503
42,177,444
42,184,115
42,189,491
42,198,80
42,199,152
42,204,213
42,214,223
42,223,181
42,238,366
42,239,252
42,241,50
42,267,103
42,294,410
42,298,574
43,2,399
43,7,396
43,12,77
43,13,41
43,14,232
43,16,190
43,18,347
43,20,516
43,21,389
43,24,480
43,25,11
43,26,417
43,27,145
43,28,543
43,30,352
43,33,381
43,34,338
43,36,163
43,37,315
43,40,10
43,41,234
43,42,71
43,45,255
43,48,225
43,50,300
43,51,573
43,53,350
43,54,432
43,55,186
43,57,226
43,59,314
43,61,147
43,67,366
43,71,221
43,72,380
43,73,225
43,75,591
43,76,399
43,77,135
43,79,314
43,86,88
43,90,149
43,92,278
43,95,170
43,97,428
43,101,295
43,103,212
43,106,591
43,107,429
43,108,218
43,110,288
43,127,489
43,134,57
43,139,187
43,144,82
43,150,498
43,156,213
43,157,172
43,160,442
43,163,188
43,165,254
43,166,207
43,167,315
43,180,302
43,187,306
43,190,285
43,195,151
43,196,390
43,199,425
43,200,109
43,204,396
43,209,426
43,221,594
43,231,391
43,233,333
43,238,446
43,254,428
43,282,480
43,284,288
43,285,431
43,288,118
43,290,360
43,294,397
44,2,61
44,3,57
44,4,482
44,5,118
44,6,508
44,8,64
44,10,155
44,13,264
44,14,47
44,15,224
44,17,144
44,18,50
44,20,552
44,21,561
44,22,189
44,25,288
44,30,562
44,32,10
44,34,149
44,36,491
44,37,518
44,39,170
44,40,454
44,45,197
44,46,322
44,47,555
44,48,563
44,50,35
44,51,125
44,53,454
44,55,290
44,56,383
44,59,516
44,60,505
44,61,389
44,64,439
44,70,357
44,71,430
44,85,11
44,86,525
44,87,377
44,90,419
44,94,514
44,98,449
44,103,96
44,105,299
44,112,292
44,121,389
44,122,530
44,123,512
44,125,12
44,126,149
44,137,344
44,144,545
44,145,533
44,146,393
44,164,589
44,168,339
44,174,59
44,178,477
44,187,574
44,188,460
44,191,538
44,194,420
44,197,449
44,207,413
44,211,522
44,212,441
44,220,380
44,234,37
44,263,215
44,277,220
44,278,113
44,282,354
44,286,318
44,289,542
45,1,56
45,5,404
45,6,473
45,10,541
45,11,260
45,13,528
45,14,201
45,16,153
45,17,542
45,19,226
45,21,322
45,23,136
45,24,243
45,28,472
45,31,54
45,33,497
45,35,111
45,36,549
45,37,33
45,39,17
45,41,36
45,42,82
45,43,255
45,44,197
45,46,176
45,49,133
45,52,348
45,54,426
45,55,142
45,56,161
45,57,543
45,58,75
45,65,25
45,70,390
45,72,163
45,73,362
45,76,535
45,78,80
45,83,193
45,94,56
45,97,444
45,104,181
45,106,415
45,108,116
45,113,363
45,116,179
45,124,297
45,129,597
45,131,52
45,152,297
45,159,316
45,184,381
45,210,329
45,224,405
45,244,484
45,250,481
45,260,438
45,268,90
45,269,596
46,1,535
46,6,69
46,7,432
46,8,154
46,11,526
46,13,388
46,14,443
46,15,6
46,18,508
46,19,493
46,20,484
46,21,210
46,22,103
46,27,576
46,29,266
46,30,488
46,33,194
46,36,443
46,40,399
46,42,574
46,44,322
46,45,176
46,50,155
46,55,89
46,59,110
46,62,200
46,64,170
46,74,342
46,75,201
46,76,144
46,84,105
46,89,259
46,92,381
46,100,553
46,118,196
46,144,142
46,146,595
46,155,65
46,172,9
46,173,206
46,176,253
46,179,508
46,181,239
46,186,585
46,200,14
46,203,1
46,217,315
46,220,339
46,225,489
46,239,318
46,242,33
46,248,50
46,254,302
46,268,578
46,271,427
46,275,490
46,278,28
46,286,552
47,1,424
47,3,589
47,4,203
47,6,555
47,7,168
47,12,426
47,15,238
47,16,544
47,20,580
47,22,595
47,23,315
47,24,96
47,25,560
47,27,591
47,32,394
47,34,267
47,35,435
47,38,461
47,40,311
47,41,325
47,44,555
47,51,586
47,54,328
47,60,356
47,62,272
47,63,63
47,65,226
47,67,281
47,69,343
47,70,208
47,71,312
47,75,570
47,76,370
47,81,464
47,82,127
47,97,173
47,98,268
47,103,154
47,109,257
47,118,208
47,120,371
47,121,581
47,124,248
47,126,321
47,140,477
47,144,301
47,148,248
47,150,271
47,152,550
47,165,502
47,176,457
47,180,5
47,184,507
47,185,140
47,187,483
47,207,327
47,222,174
47,230,587
47,247,48
47,257,81
47,271,202
47,275,31
47,281,448
47,293,273
47,296,162
47,299,67
48,2,346
48,3,471
48,7,365
48,8,88
48,10,383
48,12,307
48,13,308
48,14,144
48,17,333
48,19,287
48,23,275
48,26,502
48,27,331
48,29,539
48,30,353
48,32,58
48,35,548
48,38,221
48,39,527
48,41,210
48,43,225
48,44,563
48,49,385
48,50,475
48,51,408
48,52,452
48,53,511
48,55,296
48,57,372
48,58,277
48,60,466
48,63,194
48,67,223
48,74,294
48,78,489
48,82,524
48,83,133
48,84,191
48,87,444
48,89,499
48,92,76
48,95,198
48,96,151
48,98,313
48,100,469
48,104,309
48,108,114
48,111,250
48,119,361
48,125,270
48,128,55
48,133,281
48,136,21
48,137,431
48,145,231
48,148,29
48,159,587
48,160,578
48,162,310
48,164,180
48,167,145
48,168,572
48,169,203
48,173,212
48,175,16
48,179,538
48,185,316
48,195,552
48,197,237
48,209,195
48,217,211
48,226,410
48,231,598
48,232,417
48,244,346
48,254,285
48,257,354
48,263,442
48,266,321
48,270,94
48,278,405
48,282,174
48,300,153
49,1,273
49,3,178
49,5,59
49,8,417
49,9,431
49,10,445
49,12,240
49,14,240
49,17,315
49,18,26
49,19,561
49,21,366
49,23,526
49,25,86
49,28,371
49,32,139
49,33,564
49,36,104
49,39,62
49,40,319
49,45,133
49,48,385
49,50,511
49,53,33
49,55,494
49,64,530
49,72,114
49,76,428
49,77,123
49,78,330
49,80,323
49,83,454
49,88,7
49,89,182
49,90,501
49,91,396
49,95,29
49,97,221
49,98,599
49,102,325
49,103,403
49,107,64
49,114,233
49,116,379
49,117,322
49,126,361
49,128,266
49,141,38
49,158,369
49,176,339
49,180,48
49,183,347
49,192,453
49,197,136
49,201,170
49,210,119
49,216,460
49,218,278
49,224,470
49,231,214
49,237,98
49,270,229
49,275,212
49,278,477
49,289,596
49,295,351
50,4,157
50,6,375
50,8,34
50,13,510
50,14,489
50,17,447
50,19,386
50,20,412
50,22,557
50,23,278
50,27,166
50,30,118
50,32,413
50,41,203
50,42,33
50,43,300
50,44,35
50,46,155
50,48,475
50,49,511
50,51,596
50,61,263
50,62,598
50,63,16
50,73,508
50,74,231
50,75,272
50,80,564
50,84,535
50,87,210
50,92,380
50,97,434
50,99,245
50,106,518
50,108,378
50,113,375
50,114,45
50,119,139
50,123,311
50,128,234
50,134,342
50,141,125
50,143,421
50,144,358
50,148,188
50,157,316
50,164,577
50,165,90
50,166,183
50,168,329
50,176,279
50,178,121
50,201,515
50,213,168
50,219,238
50,229,194
50,239,30
50,258,512
50,266,383
50,279,370
50,285,523
51,5,98
51,7,519
51,10,470
51,11,62
51,14,294
51,19,14
51,20,177
51,21,590
51,22,214
51,25,64
51,27,585
51,28,188
51,29,492
51,37,578
51,38,319
51,41,565
51,42,152
51,43,573
51,44,125
51,47,586
51,48,408
51,50,596
51,54,205
51,56,543
51,57,336
51,58,585
51,59,515
51,60,586
51,63,517
51,67,463
51,68,65
51,71,257
51,76,121
51,86,420
51,88,50
51,91,195
51,94,58
51,99,162
51,106,493
51,110,599
51,111,321
51,116,477
51,124,346
51,126,248
51,127,479
51,128,461
51,131,153
51,132,408
51,143,205
51,147,519
51,152,467
51,167,45
51,168,21
51,177,226
51,179,542
51,182,218
51,191,43
51,200,565
51,203,567
51,213,534
51,225,316
51,226,303
51,240,189
51,247,554
51,263,488
51,276,391
51,283,399
51,286,234
52,3,144
52,5,200
52,6,52
52,7,175
52,8,561
52,9,435
52,10,10
52,11,251
52,16,198
52,18,394
52,19,525
52,23,183
52,24,17
52,25,354
52,26,42
52,28,513
52,29,240
52,31,589
52,34,26
52,35,409
52,36,476
52,38,381
52,45,348
52,48,452
52,55,454
52,58,21
52,59,364
52,62,410
52,66,474
52,67,480
52,71,62
52,73,444
52,74,409
52,78,524
52,80,2
52,81,482
52,84,334
52,85,456
52,91,524
52,95,532
52,96,274
52,100,147
52,105,394
52,107,186
52,119,445
52,123,291
52,129,433
52,130,142
52,135,384
52,139,403
52,159,584
52,163,447
52,177,261
52,180,73
52,202,4
52,205,587
52,207,46
52,210,175
52,218,465
52,221,308
52,222,72
52,240,81
52,258,364
52,264,225
52,289,126
53,1,288
53,2,102
53,4,89
53,5,286
53,7,529
53,17,175
53,18,39
53,19,52
53,21,335
53,23,231
53,24,389
53,25,223
53,30,400
53,31,586
53,32,100
53,36,312
53,40,114
53,41,173
53,43,350
53,44,454
53,48,511
53,49,33
53,55,269
53,56,340
53,59,294
53,63,21
53,64,91
53,75,399
53,77,46
53,85,407
53,94,149
53,95,433
53,96,459
53,104,536
53,106,413
53,108,395
53,112,429
53,117,484
53,118,440
53,122,385
53,131,562
53,147,92
53,157,279
53,166,94
53,202,325
53,205,291
53,207,198
53,217,47
53,223,359
53,243,587
53,248,358
53,251,292
53,277,575
53,282,484
53,293,108
53,299,9
54,2,482
54,4,215
54,5,548
54,6,324
54,9,272
54,11,289
54,12,348
54,16,60
54,18,61
54,21,416
54,22,493
54,23,415
54,25,85
54,28,416
54,33,572
54,36,240
54,38,462
54,39,36
54,43,432
54,45,426
54,47,328
54,51,205
54,57,300
54,58,247
54,59,315
54,62,565
54,63,136
54,64,567
54,65,246
54,69,8
54,70,345
54,73,386
54,75,119
54,78,599
54,80,235
54,81,184
54,83,248
54,88,34
54,91,443
54,92,40
54,94,346
54,98,248
54,100,465
54,111,566
54,130,332
54,133,483
54,136,346
54,140,78
54,141,56
54,142,523
54,155,91
54,157,205
54,160,414
54,163,474
54,172,293
54,173,186
54,182,39
54,185,558
54,190,422
54,195,569
54,200,465
54,203,496
54,204,224
54,211,475
54,212,557
54,216,514
54,221,130
54,234,244
54,242,568
54,248,522
54,256,563
54,262,188
54,267,364
54,276,492
54,290,287
54,299,488
55,1,293
55,2,457
55,3,299
55,8,129
55,11,233
55,12,539
55,13,130
55,14,475
55,20,65
55,21,337
55,23,104
55,27,302
55,29,237
55,32,558
55,34,136
55,36,433
55,40,518
55,41,439
55,42,108
55,43,186
55,44,290
55,45,142
55,46,89
55,48,296
55,49,494
55,52,454
55,53,269
55,57,128
55,59,508
55,60,584
55,61,139
55,68,510
55,69,296
55,71,247
55,73,238
55,75,74
55,77,573
55,79,122
55,86,176
55,87,139
55,91,551
55,104,557
55,105,212
55,112,275
55,114,498
55,116,436
55,117,576
55,126,302
55,128,255
55,134,270
55,136,24
55,137,180
55,138,90
55,140,306
55,141,268
55,143,194
55,148,134
55,150,213
55,155,109
55,158,275
55,165,433
55,171,508
