source,target,weight
1,2,479
1,3,41
1,4,174
1,5,471
1,6,399
1,8,136
1,10,22
1,11,403
1,15,44
1,16,154
1,17,550
1,19,473
1,20,98
1,23,515
1,28,171
1,34,477
1,36,164
1,37,573
1,38,427
1,39,468
1,43,528
1,46,552
1,52,38
1,53,549
1,54,354
1,55,284
1,59,271
1,60,194
1,64,217
1,65,214
1,68,259
1,69,482
1,71,592
1,74,339
1,75,142
1,76,253
1,81,170
1,83,548
1,90,548
1,97,529
1,99,554
1,104,279
1,111,163
1,116,211
1,118,27
1,120,205
1,130,151
1,132,358
1,140,378
1,171,478
1,179,452
1,190,311
1,199,278
1,203,47
1,216,354
1,218,229
1,234,275
1,266,600
1,284,274
2,1,479
2,3,89
2,4,352
2,7,325
2,9,400
2,11,431
2,12,169
2,16,282
2,17,214
2,18,343
2,20,196
2,21,566
2,23,450
2,24,451
2,26,53
2,27,322
2,28,408
2,29,505
2,30,190
2,31,199
2,32,350
2,33,364
2,36,123
2,37,194
2,42,304
2,43,485
2,50,428
2,55,321
2,56,308
2,60,504
2,63,546
2,74,292
2,81,532
2,92,124
2,95,422
2,96,126
2,100,218
2,108,101
2,128,334
2,130,157
2,138,188
2,141,88
2,143,384
2,161,570
2,162,50
2,164,553
2,166,165
2,173,491
2,176,135
2,182,374
2,189,100
2,196,215
2,207,411
2,208,271
2,221,422
2,229,12
2,240,171
2,249,386
2,250,60
2,265,486
2,279,164
3,1,41
3,2,89
3,5,537
3,6,349
3,7,6
3,9,527
3,10,308
3,11,10
3,12,490
3,13,9
3,14,502
3,21,312
3,24,504
3,25,249
3,28,141
3,35,420
3,37,517
3,38,333
3,42,503
3,43,407
3,45,121
3,46,510
3,47,139
3,50,474
3,51,460
3,52,402
3,53,229
3,55,167
3,57,208
3,58,383
3,59,521
3,61,72
3,63,125
3,76,55
3,79,14
3,82,397
3,85,71
3,87,520
3,91,131
3,94,218
3,100,248
3,105,155
3,113,85
3,129,238
3,130,99
3,132,195
3,135,563
3,141,346
3,160,336
3,184,151
3,190,478
3,203,559
3,216,250
3,218,38
3,221,344
3,230,246
3,241,40
3,249,364
3,266,242
3,271,527
4,1,174
4,2,352
4,5,414
4,6,500
4,7,248
4,8,477
4,9,45
4,10,444
4,11,9
4,13,187
4,14,167
4,15,260
4,16,319
4,17,106
4,18,323
4,19,66
4,20,436
4,22,141
4,23,351
4,24,338
4,26,262
4,27,64
4,28,325
4,29,187
4,32,13
4,33,540
4,34,56
4,35,578
4,36,322
4,39,345
4,40,506
4,41,295
4,42,60
4,45,179
4,46,459
4,47,143
4,49,258
4,51,312
4,56,310
4,60,469
4,61,500
4,62,528
4,74,123
4,78,567
4,80,253
4,82,58
4,86,577
4,91,132
4,103,20
4,104,563
4,106,100
4,114,551
4,121,247
4,123,52
4,163,438
4,171,365
4,174,444
4,181,309
4,185,72
4,186,318
4,187,526
4,188,461
4,201,267
4,202,21
4,206,417
4,223,518
4,241,497
4,269,49
4,271,21
4,289,350
4,292,519
5,1,471
5,3,537
5,4,414
5,6,546
5,7,537
5,9,473
5,10,130
5,11,391
5,13,567
5,14,42
5,15,536
5,16,501
5,19,141
5,20,448
5,21,273
5,23,539
5,24,554
5,25,305
5,28,528
5,30,7
5,35,567
5,38,316
5,40,134
5,41,73
5,42,127
5,44,18
5,45,37
5,50,586
5,51,251
5,52,533
5,54,336
5,60,589
5,62,83
5,68,234
5,72,566
5,73,289
5,75,161
5,76,464
5,78,265
5,82,208
5,88,482
5,89,363
5,90,235
5,97,134
5,101,439
5,107,88
5,108,96
5,109,253
5,121,388
5,135,499
5,138,274
5,172,558
5,180,195
5,186,389
5,219,51
5,225,60
5,231,297
5,300,418
6,1,399
6,3,349
6,4,500
6,5,546
6,7,483
6,8,424
6,9,156
6,11,301
6,12,120
6,13,185
6,14,356
6,15,354
6,16,543
6,17,248
6,18,233
6,19,246
6,20,300
6,24,503
6,25,413
6,29,167
6,30,168
6,36,57
6,40,150
6,41,597
6,43,263
6,45,243
6,47,385
6,48,11
6,51,1
6,53,255
6,62,175
6,67,63
6,70,145
6,71,312
6,74,62
6,76,389
6,84,85
6,97,69
6,100,47
6,113,434
6,116,198
6,119,66
6,121,283
6,124,321
6,136,501
6,140,497
6,157,299
6,164,538
6,167,551
6,176,54
6,179,133
6,188,407
6,189,421
6,199,449
6,213,53
6,216,316
6,241,325
6,259,48
6,285,163
6,295,196
7,2,325
7,3,6
7,4,248
7,5,537
7,6,483
7,8,165
7,9,228
7,10,187
7,12,310
7,14,57
7,15,127
7,17,23
7,18,378
7,21,99
7,24,85
7,25,239
7,27,379
7,29,26
7,32,240
7,33,580
7,34,308
7,35,204
7,37,262
7,38,213
7,39,446
7,42,296
7,52,244
7,56,381
7,57,183
7,58,203
7,59,457
7,61,277
7,64,560
7,68,56
7,71,111
7,78,438
7,81,20
7,82,231
7,84,3
7,93,281
7,96,14
7,97,354
7,104,385
7,105,487
7,109,256
7,111,309
7,123,529
7,135,362
7,147,64
7,150,53
7,155,582
7,157,572
7,164,120
7,170,4
7,183,379
7,185,451
7,187,222
7,191,548
7,202,296
7,206,268
7,234,7
7,252,569
7,257,370
7,271,114
7,277,73
7,283,567
8,1,136
8,4,477
8,6,424
8,7,165
8,9,118
8,10,2
8,11,584
8,12,127
8,13,80
8,14,244
8,16,334
8,19,331
8,22,371
8,25,551
8,29,248
8,30,439
8,32,449
8,33,483
8,34,275
8,35,392
8,38,126
8,40,56
8,42,298
8,43,289
8,46,366
8,49,31
8,51,65
8,56,105
8,60,251
8,61,166
8,66,426
8,67,364
8,69,14
8,71,338
8,81,44
8,82,448
8,83,311
8,96,390
8,98,586
8,106,524
8,113,462
8,116,166
8,117,183
8,125,258
8,128,448
8,130,6
8,134,80
8,136,506
8,152,238
8,164,569
8,169,405
8,173,54
8,188,484
8,189,404
8,197,290
8,199,273
8,238,541
8,244,463
8,279,466
8,298,163
9,2,400
9,3,527
9,4,45
9,5,473
9,6,156
9,7,228
9,8,118
9,12,207
9,13,7
9,14,502
9,16,471
9,17,190
9,18,205
9,20,268
9,22,291
9,23,277
9,24,156
9,25,28
9,26,353
9,27,214
9,28,184
9,31,38
9,32,185
9,36,259
9,39,333
9,41,405
9,43,526
9,44,24
9,48,118
9,53,313
9,55,597
9,58,55
9,62,458
9,69,355
9,75,517
9,77,145
9,78,85
9,81,258
9,83,234
9,84,581
9,85,254
9,87,332
9,89,450
9,90,175
9,91,556
9,96,485
9,108,436
9,119,445
9,123,157
9,125,56
9,133,146
9,136,380
9,137,16
9,152,36
9,155,259
9,157,350
9,168,366
9,171,378
9,193,328
9,205,460
9,228,173
9,281,510
10,1,22
10,3,308
10,4,444
10,5,130
10,7,187
10,8,2
10,11,215
10,12,206
10,14,131
10,15,325
10,16,208
10,18,595
10,23,428
10,26,207
10,31,238
10,32,387
10,34,79
10,37,30
10,38,510
10,42,199
10,46,391
10,47,261
10,48,470
10,49,72
10,50,495
10,51,237
10,53,470
10,55,96
10,58,236
10,64,442
10,65,235
10,68,507
10,70,548
10,73,576
10,78,494
10,91,363
10,95,555
10,99,357
10,100,53
10,109,38
10,115,254
10,124,444
10,127,505
10,128,572
10,130,453
10,132,535
10,134,363
10,141,69
10,143,129
10,156,44
10,159,8
10,162,37
10,169,397
10,187,362
10,220,257
10,226,157
10,229,300
10,233,143
10,239,247
10,243,314
10,259,446
10,285,20
10,287,448
10,293,74
10,295,169
11,1,403
11,2,431
11,3,10
11,4,9
11,5,391
11,6,301
11,8,584
11,10,215
11,12,575
11,13,101
11,15,523
11,17,389
11,19,264
11,20,299
11,21,560
11,22,295
11,23,63
11,24,365
11,25,327
11,26,402
11,27,189
11,28,9
11,29,210
11,30,139
11,31,220
11,32,420
11,33,522
11,34,142
11,36,488
11,38,313
11,39,597
11,41,267
11,44,265
11,46,182
11,48,430
11,53,418
11,63,138
11,70,57
11,73,274
11,79,437
11,81,275
11,98,30
11,99,378
11,100,512
11,102,190
11,105,356
11,112,529
11,114,152
11,115,113
11,116,359
11,119,335
11,141,298
11,144,170
11,152,76
11,154,299
11,159,20
11,161,521
11,168,452
11,171,193
11,175,569
11,176,411
11,179,383
11,181,86
11,182,228
11,186,153
11,211,53
11,217,451
11,229,360
11,234,545
11,249,444
11,254,196
11,287,184
11,295,284
11,299,142
12,2,169
12,3,490
12,6,120
12,7,310
12,8,127
12,9,207
12,10,206
12,11,575
12,13,284
12,14,27
12,15,292
12,17,567
12,18,324
12,19,230
12,20,386
12,21,548
12,22,495
12,24,399
12,26,231
12,27,369
12,30,462
12,31,452
12,33,253
12,35,1
12,39,247
12,42,178
12,44,305
12,46,69
12,48,420
12,54,417
12,57,307
12,58,431
12,62,289
12,65,555
12,67,262
12,69,405
12,75,377
12,76,32
12,77,270
12,79,568
12,85,155
12,89,486
12,95,145
12,106,526
12,108,26
12,126,558
12,133,364
12,145,577
12,147,201
12,148,156
12,158,534
12,177,278
12,204,554
12,214,120
12,221,212
12,222,78
12,232,184
12,242,28
12,246,97
12,254,600
12,258,564
12,267,271
12,276,90
12,283,220
12,294,230
13,3,9
13,4,187
13,5,567
13,6,185
13,8,80
13,9,7
13,11,101
13,12,284
13,14,237
13,15,354
13,16,126
13,19,81
13,20,15
13,21,513
13,22,177
13,23,346
13,25,132
13,26,283
13,29,501
13,30,70
13,32,25
13,35,140
13,37,28
13,39,506
13,40,560
13,41,269
13,42,10
13,43,595
13,44,521
13,45,521
13,47,57
13,51,482
13,52,342
13,53,597
13,55,184
13,56,528
13,58,321
13,59,4
13,63,332
13,64,266
13,65,120
13,68,289
13,77,59
13,86,494
13,89,328
13,91,512
13,93,341
13,94,281
13,98,232
13,100,314
13,131,170
13,138,167
13,141,413
13,168,242
13,170,484
13,171,267
13,175,208
13,180,175
13,185,572
13,187,361
13,190,275
13,201,313
13,210,262
13,219,357
13,243,413
13,250,387
13,271,334
13,279,129
14,3,502
14,4,167
14,5,42
14,6,356
14,7,57
14,8,244
14,9,502
14,10,131
14,12,27
14,13,237
14,15,167
14,16,361
14,18,220
14,19,526
14,20,588
14,21,576
14,22,573
14,23,296
14,27,42
14,29,29
14,32,208
14,33,477
14,34,309
14,36,45
14,37,291
14,38,71
14,39,369
14,40,349
14,43,53
14,44,549
14,45,21
14,46,79
14,47,580
14,54,442
14,56,322
14,64,578
14,66,409
14,67,35
14,68,103
14,72,580
14,73,110
14,75,167
14,77,143
14,80,10
14,84,422
14,98,438
14,101,597
14,102,74
14,104,507
14,105,189
14,106,55
14,109,547
14,114,408
14,119,325
14,120,68
14,121,305
14,130,554
14,134,206
14,153,377
14,156,17
14,189,286
14,202,117
14,210,339
14,215,70
14,238,92
14,285,441
15,1,44
15,4,260
15,5,536
15,6,354
15,7,127
15,10,325
15,11,523
15,12,292
15,13,354
15,14,167
15,17,134
15,18,241
15,19,36
15,21,388
15,22,222
15,23,378
15,25,576
15,28,153
15,30,598
15,43,122
15,46,69
15,50,542
15,51,509
15,63,127
15,65,432
15,67,362
15,68,470
15,74,78
15,78,522
15,80,289
15,84,32
15,88,200
15,98,340
15,99,311
15,100,92
15,110,258
15,111,163
15,114,67
15,122,543
15,127,152
15,128,583
15,133,427
15,138,152
15,139,3
15,160,277
15,162,16
15,163,577
15,190,472
15,193,90
15,194,575
15,201,238
15,206,540
15,216,160
15,218,534
15,230,323
15,232,26
15,239,1
15,258,160
15,260,510
15,263,598
15,266,28
15,267,309
15,273,335
15,277,454
15,280,79
15,284,28
16,1,154
16,2,282
16,4,319
16,5,501
16,6,543
16,8,334
16,9,471
16,10,208
16,13,126
16,14,361
16,17,388
16,18,129
16,21,499
16,22,13
16,24,90
16,28,388
16,29,513
16,30,232
16,34,178
16,36,163
16,39,488
16,40,187
16,41,519
16,44,475
16,45,32
16,48,353
16,50,98
16,51,180
16,52,62
16,56,110
16,57,314
16,58,285
16,61,410
16,62,410
16,73,268
16,76,194
16,80,474
16,81,193
16,88,252
16,89,33
16,102,342
16,104,20
16,118,460
16,120,5
16,125,520
16,135,512
16,145,30
16,149,62
16,159,411
16,165,294
16,168,240
16,169,289
16,177,211
16,186,200
16,195,504
16,204,359
16,209,229
16,219,273
16,229,319
16,237,249
16,261,533
17,1,550
17,2,214
17,4,106
17,6,248
17,7,23
17,9,190
17,11,389
17,12,567
17,15,134
17,16,388
17,18,191
17,21,576
17,22,296
17,23,19
17,24,213
17,32,359
17,35,351
17,36,276
17,38,230
17,41,273
17,43,298
17,44,397
17,46,477
17,48,238
17,50,69
17,65,494
17,69,578
17,71,146
17,72,241
17,77,218
17,82,288
17,87,384
17,101,338
17,103,301
17,105,169
17,112,194
17,114,548
17,125,59
17,126,403
17,128,573
17,133,272
17,143,220
17,145,215
17,147,160
17,156,98
17,157,520
17,159,13
17,160,491
17,169,316
17,173,455
17,179,475
17,199,170
17,206,178
17,248,289
17,264,354
17,267,174
17,289,455
18,2,343
18,4,323
18,6,233
18,7,378
18,9,205
18,10,595
18,12,324
18,14,220
18,15,241
18,16,129
18,17,191
18,19,111
18,21,342
18,22,300
18,23,377
18,24,131
18,26,416
18,29,159
18,30,434
18,32,282
18,33,344
18,34,288
18,35,128
18,38,343
18,41,489
18,42,433
18,44,111
18,47,498
18,54,185
18,57,173
18,58,18
18,60,228
18,63,253
18,70,551
18,84,214
18,85,573
18,93,286
18,94,311
18,95,334
18,96,163
18,97,141
18,99,385
18,101,574
18,105,278
18,106,46
18,111,206
18,114,389
18,124,412
18,127,597
18,133,503
18,139,428
18,146,523
18,186,555
18,202,88
18,209,590
18,211,124
18,226,28
18,228,344
18,229,20
18,242,5
18,253,539
18,256,432
18,263,135
18,282,184
18,288,347
18,293,222
18,298,543
19,1,473
19,4,66
19,5,141
19,6,246
19,8,331
19,11,264
19,12,230
19,13,81
19,14,526
19,15,36
19,18,111
19,20,580
19,21,278
19,22,236
19,23,37
19,26,246
19,27,467
19,28,462
19,30,312
19,33,285
19,35,572
19,37,523
19,39,587
19,40,126
19,42,556
19,44,31
19,45,383
19,52,87
19,54,42
19,57,293
19,61,493
19,65,12
19,66,245
19,67,542
19,72,168
19,77,267
19,81,367
19,84,363
19,87,355
19,88,29
19,90,318
19,94,118
19,95,592
19,110,70
19,126,531
19,127,328
19,131,57
19,134,171
19,138,451
19,139,511
19,144,40
19,149,288
19,153,375
19,163,522
19,168,590
19,171,93
19,173,54
19,177,327
19,181,599
19,183,597
19,191,208
19,208,412
19,215,342
19,224,487
19,259,61
19,279,452
19,295,529
19,299,578
19,300,145
20,1,98
20,2,196
20,4,436
20,5,448
20,6,300
20,9,268
20,11,299
20,12,386
20,13,15
20,14,588
20,19,580
20,22,268
20,23,173
20,26,336
20,30,187
20,32,135
20,33,414
20,34,586
20,36,398
20,38,395
20,39,259
20,40,33
20,41,386
20,42,69
20,44,476
20,45,218
20,47,112
20,50,369
20,55,47
20,57,455
20,63,151
20,70,500
20,74,63
20,79,125
20,81,189
20,82,77
20,93,333
20,100,234
20,110,141
20,122,199
20,133,63
20,147,544
20,148,170
20,149,229
20,151,145
20,155,308
20,159,444
20,160,223
20,170,178
20,178,357
20,192,430
20,197,203
20,204,251
20,207,536
20,215,243
20,265,246
20,270,189
20,288,543
21,2,566
21,3,312
21,5,273
21,7,99
21,11,560
21,12,548
21,13,513
21,14,576
21,15,388
21,16,499
21,17,576
21,18,342
21,19,278
21,24,600
21,25,209
21,26,299
21,27,494
21,30,197
21,31,572
21,33,248
21,44,493
21,45,271
21,48,9
21,49,494
21,55,105
21,56,107
21,58,41
21,61,391
21,64,558
21,65,194
21,67,208
21,75,584
21,85,515
21,92,111
21,94,50
21,96,75
21,106,117
21,108,552
21,110,130
21,114,149
21,116,89
21,119,476
21,122,6
21,131,319
21,137,508
21,140,229
21,142,376
21,149,245
21,152,342
21,155,323
21,178,562
21,180,249
21,182,576
21,201,400
21,221,334
21,226,366
21,232,591
21,234,39
21,261,517
21,274,405
21,298,469
22,4,141
22,8,371
22,9,291
22,11,295
22,12,495
22,13,177
22,14,573
22,15,222
22,16,13
22,17,296
22,18,300
22,19,236
22,20,268
22,24,275
22,25,190
22,26,34
22,27,231
22,28,124
22,29,468
22,31,311
22,32,528
22,34,342
22,35,106
22,42,96
22,43,494
22,46,387
22,48,419
22,53,307
22,54,379
22,57,516
22,62,322
22,63,323
22,66,575
22,67,145
22,68,215
22,73,471
22,75,454
22,76,331
22,78,330
22,79,62
22,86,70
22,92,135
22,98,277
22,100,410
22,112,328
22,120,483
22,124,352
22,129,186
22,132,130
22,133,290
22,144,352
22,150,166
22,155,600
22,157,548
22,161,392
22,166,15
22,172,156
22,177,160
22,193,77
22,203,431
22,225,353
22,247,565
22,263,529
22,266,330
23,1,515
23,2,450
23,4,351
23,5,539
23,9,277
23,10,428
23,11,63
23,13,346
23,14,296
23,15,378
23,17,19
23,18,377
23,19,37
23,20,173
23,25,584
23,26,116
23,28,192
23,29,476
23,30,403
23,31,91
23,32,163
23,33,69
23,34,443
23,40,422
23,43,205
23,44,466
23,46,444
23,56,60
23,60,28
23,66,362
23,69,153
23,74,402
23,78,5
23,83,490
23,86,176
23,93,37
23,99,493
23,100,188
23,101,376
23,107,212
23,113,380
23,115,102
23,126,306
23,134,523
23,135,404
23,137,573
23,138,319
23,140,52
23,143,187
23,155,71
23,164,37
23,166,407
23,172,447
23,175,194
23,182,445
23,187,519
23,203,34
23,212,496
23,222,313
23,233,27
23,235,509
23,254,231
23,266,53
23,287,10
23,298,216
24,2,451
24,3,504
24,4,338
24,5,554
24,6,503
24,7,85
24,9,156
24,11,365
24,12,399
24,16,90
24,17,213
24,18,131
24,21,600
24,22,275
24,25,444
24,28,95
24,29,222
24,30,436
24,34,125
24,37,429
24,39,321
24,42,258
24,43,140
24,46,259
24,47,260
24,49,502
24,59,281
24,61,65
24,64,431
24,67,24
24,68,510
24,69,454
24,72,332
24,73,485
24,76,133
24,77,30
24,86,410
24,87,220
24,92,444
24,102,459
24,103,252
24,107,28
24,109,469
24,113,325
24,114,111
24,117,152
24,119,506
24,139,383
24,151,332
24,170,26
24,176,150
24,180,475
24,191,235
24,194,229
24,201,455
24,218,289
24,226,500
24,231,552
24,239,383
24,266,166
24,283,477
24,284,367
24,298,316
25,3,249
25,5,305
25,6,413
25,7,239
25,8,551
25,9,28
25,11,327
25,13,132
25,15,576
25,21,209
25,22,190
25,23,584
25,24,444
25,26,253
25,27,75
25,28,354
25,33,362
25,34,8
25,36,112
25,38,351
25,39,17
25,41,350
25,42,450
25,43,475
25,45,478
25,47,322
25,48,239
25,51,184
25,52,568
25,54,566
25,61,135
25,62,581
25,64,295
25,66,184
25,68,483
25,71,365
25,73,192
25,74,102
25,81,487
25,83,329
25,93,350
25,103,427
25,107,65
25,111,507
25,117,272
25,121,237
25,129,575
25,136,489
25,148,230
25,169,130
25,175,308
25,177,135
25,187,477
25,196,172
25,209,544
25,243,173
25,250,103
25,269,376
26,2,53
26,4,262
26,9,353
26,10,207
26,11,402
26,12,231
26,13,283
26,18,416
26,19,246
26,20,336
26,21,299
26,22,34
26,23,116
26,25,253
26,27,180
26,29,201
26,30,594
26,31,539
26,33,295
26,34,19
26,35,67
26,46,252
26,47,591
26,52,501
26,66,142
26,67,227
26,68,499
26,69,106
26,70,81
26,71,482
26,72,219
26,73,154
26,77,291
26,79,542
26,81,263
26,83,147
26,85,478
26,89,592
26,93,445
26,97,69
26,99,560
26,114,309
26,115,475
26,117,562
26,120,103
26,124,304
26,126,217
26,128,199
26,132,163
26,144,597
26,146,339
26,153,206
26,154,101
26,157,234
26,168,383
26,190,575
26,191,8
26,197,400
26,198,328
26,205,570
26,211,354
26,220,135
26,225,358
26,255,220
26,270,323
26,277,111
26,281,79
27,2,322
27,4,64
27,7,379
27,9,214
27,11,189
27,12,369
27,14,42
27,19,467
27,21,494
27,22,231
27,25,75
27,26,180
27,28,201
27,29,451
27,32,72
27,36,126
27,37,535
27,40,418
27,41,510
27,44,589
27,47,265
27,49,151
27,50,141
27,53,262
27,55,20
27,57,188
27,59,280
27,61,578
27,64,27
27,66,592
27,69,454
27,70,150
27,75,280
27,77,216
27,86,299
27,87,418
27,88,177
27,89,57
27,98,164
27,101,480
27,106,531
27,111,242
27,112,137
27,123,329
27,131,117
27,134,161
27,138,105
27,143,599
27,156,215
27,164,514
27,178,134
27,221,175
27,231,181
27,237,570
27,244,576
27,272,212
27,280,122
27,289,34
27,299,443
28,1,171
28,2,408
28,3,141
28,4,325
28,5,528
28,9,184
28,11,9
28,15,153
28,16,388
28,19,462
28,22,124
28,23,192
28,24,95
28,25,354
28,27,201
28,30,524
28,31,466
28,33,437
28,35,268
28,36,576
28,37,424
28,41,468
28,50,183
28,54,355
28,59,126
28,71,554
28,74,560
28,75,7
28,79,578
28,80,115
28,83,248
28,85,20
28,87,19
28,90,413
28,91,167
28,96,27
28,99,359
28,100,217
28,104,525
28,114,237
28,115,402
28,116,514
28,122,445
28,127,543
28,130,543
28,131,95
28,134,351
28,140,587
28,147,450
28,148,407
28,150,216
28,162,136
28,171,249
28,182,65
28,186,435
28,190,240
28,197,475
28,205,512
28,208,104
28,233,329
28,253,584
28,275,201
28,277,102
28,281,131
28,289,233
29,2,505
29,4,187
29,6,167
29,7,26
29,8,248
29,11,210
29,13,501
29,14,29
29,16,513
29,18,159
29,22,468
29,23,476
29,24,222
29,26,201
29,27,451
29,31,411
29,32,366
29,33,160
29,34,210
29,35,542
29,38,248
29,39,575
29,48,254
29,49,391
29,50,83
29,52,509
29,53,237
29,54,189
29,58,490
29,60,374
29,61,458
29,64,239
29,72,88
29,77,186
29,78,440
29,79,78
29,80,186
29,81,93
29,83,506
29,85,58
29,91,545
29,100,586
29,105,159
29,107,165
29,112,172
29,114,367
29,137,448
29,141,377
29,153,14
29,160,495
29,162,272
29,169,501
29,215,275
29,217,239
29,220,302
29,225,572
29,231,234
29,241,102
29,247,2
29,251,46
29,274,114
29,279,347
29,296,268
30,2,190
30,5,7
30,6,168
30,8,439
30,11,139
30,12,462
30,13,70
30,15,598
30,16,232
30,18,434
30,19,312
30,20,187
30,21,197
30,23,403
30,24,436
30,26,594
30,28,524
30,31,544
30,33,332
30,34,46
30,35,207
30,38,520
30,45,340
30,48,252
30,52,592
30,58,581
30,59,146
30,62,250
30,64,259
30,77,419
30,78,589
30,79,14
30,87,304
30,90,360
30,95,505
30,97,154
30,101,25
30,111,39
30,117,137
30,124,532
30,129,145
30,132,249
30,140,119
30,151,25
30,153,208
30,161,578
30,162,588
30,165,186
30,167,551
30,172,97
30,196,337
30,200,405
30,205,476
30,210,448
30,211,245
30,217,82
30,236,504
30,241,487
30,247,288
30,251,79
30,267,487
30,280,126
30,291,460
31,2,199
31,9,38
31,10,238
31,11,220
31,12,452
31,21,572
31,22,311
31,23,91
31,26,539
31,28,466
31,29,411
31,30,544
31,32,476
31,36,79
31,37,475
31,39,394
31,42,362
31,44,408
31,46,103
31,49,88
31,50,206
31,51,113
31,52,34
31,56,309
31,62,443
31,63,80
31,64,562
31,68,593
31,77,460
31,80,473
31,81,573
31,84,154
31,88,532
31,91,429
31,98,431
31,102,433
31,105,233
31,114,6
31,125,304
31,126,60
31,129,153
31,131,534
31,134,208
31,136,24
31,144,23
31,158,273
31,164,583
31,169,470
31,181,326
31,198,516
31,210,217
31,226,35
31,242,186
31,244,286
31,254,457
31,262,410
31,268,290
31,271,437
31,274,409
31,279,235
31,284,595
31,293,227
31,294,320
32,2,350
32,4,13
32,7,240
32,8,449
32,9,185
32,10,387
32,11,420
32,13,25
32,14,208
32,17,359
32,18,282
32,20,135
32,22,528
32,23,163
32,27,72
32,29,366
32,31,476
32,36,540
32,37,312
32,38,409
32,45,197
32,46,380
32,47,585
32,48,565
32,55,536
32,57,385
32,59,268
32,60,241
32,62,102
32,68,16
32,79,185
32,94,490
32,100,596
32,105,396
32,106,63
32,147,180
32,155,247
32,166,99
32,173,583
32,192,80
32,198,484
32,207,451
32,216,277
32,229,334
32,245,336
32,257,164
32,259,413
32,260,307
32,281,224
33,2,364
33,4,540
33,7,580
33,8,483
33,11,522
33,12,253
33,14,477
33,18,344
33,19,285
33,20,414
33,21,248
33,23,69
33,25,362
33,26,295
33,28,437
33,29,160
33,30,332
33,34,321
33,35,44
33,36,226
33,39,399
33,40,497
33,41,274
33,44,12
33,47,527
33,49,561
33,52,354
33,55,510
33,56,582
33,57,354
33,59,544
33,60,442
33,66,376
33,67,226
33,74,264
33,76,471
33,85,348
33,88,374
33,89,467
33,97,430
33,105,111
33,109,450
33,120,53
33,122,8
33,140,293
33,146,255
33,147,60
33,149,437
33,152,543
33,158,466
33,164,529
33,173,63
33,175,148
33,180,100
33,185,202
33,199,344
33,217,398
33,228,139
33,237,378
33,247,326
33,256,38
33,261,280
33,292,450
34,1,477
34,4,56
34,7,308
34,8,275
34,10,79
34,11,142
34,14,309
34,16,178
34,18,288
34,20,586
34,22,342
34,23,443
34,24,125
34,25,8
34,26,19
34,29,210
34,30,46
34,33,321
34,37,476
34,38,533
34,40,384
34,41,2
34,43,425
34,47,418
34,48,461
34,49,230
34,50,560
34,52,331
34,53,304
34,60,217
34,63,184
34,65,62
34,70,70
34,71,76
34,74,503
34,76,349
34,79,222
34,81,528
34,84,341
34,93,78
34,96,543
34,102,360
34,103,583
34,108,334
34,114,143
34,120,4
34,127,193
34,130,179
34,133,255
34,135,466
34,140,590
34,141,548
34,142,116
34,153,57
34,161,297
34,163,573
34,181,518
34,187,95
34,188,225
34,206,323
34,208,140
34,213,278
34,216,563
34,223,396
34,227,67
34,232,88
34,271,105
34,278,184
34,288,576
34,291,511
35,3,420
35,4,578
35,5,567
35,7,204
35,8,392
35,12,1
35,13,140
35,17,351
35,18,128
35,19,572
35,22,106
35,26,67
35,28,268
35,29,542
35,30,207
35,33,44
35,37,584
35,38,235
35,40,312
35,42,289
35,44,342
35,46,102
35,47,217
35,49,38
35,56,457
35,57,395
35,69,131
35,72,269
35,75,470
35,77,216
35,80,539
35,81,550
35,85,541
35,86,518
35,89,503
35,92,24
35,94,373
35,104,591
35,106,572
35,109,444
35,112,95
35,115,96
35,118,403
35,132,4
35,133,319
35,137,100
35,147,190
35,155,492
35,172,583
35,182,446
35,186,159
35,193,563
35,199,313
35,206,148
35,217,433
35,218,458
35,223,98
35,228,29
35,246,543
35,255,84
35,257,98
35,276,241
35,288,304
36,1,164
36,2,123
36,4,322
36,6,57
36,9,259
36,11,488
36,14,45
36,16,163
36,17,276
36,20,398
36,25,112
36,27,126
36,28,576
36,31,79
36,32,540
36,33,226
36,37,5
36,43,26
36,45,599
36,46,331
36,51,500
36,53,255
36,54,571
36,58,104
36,59,415
36,61,67
36,62,335
36,65,509
36,66,202
36,68,557
36,73,534
36,86,588
36,90,386
36,92,191
36,98,278
36,103,359
36,105,192
36,106,210
36,111,74
36,114,144
36,123,271
36,138,6
36,159,167
36,190,482
36,191,579
36,198,580
36,200,543
36,203,136
36,211,549
36,222,145
36,227,64
36,231,415
36,255,213
36,260,575
36,261,580
36,278,587
36,296,30
36,298,194
37,1,573
37,2,194
37,3,517
37,7,262
37,10,30
37,13,28
37,14,291
37,19,523
37,24,429
37,27,535
37,28,424
37,31,475
37,32,312
37,34,476
37,35,584
37,36,5
37,39,592
37,40,94
37,41,117
37,42,231
37,43,77
37,44,134
37,47,203
37,49,57
37,50,589
37,51,284
37,55,347
37,60,278
37,61,30
37,63,121
37,65,40
37,67,490
37,72,285
37,77,301
37,78,548
37,80,537
37,82,571
37,85,47
37,88,44
37,91,339
37,93,456
37,98,306
37,99,568
37,101,155
37,102,510
37,104,434
37,105,4
37,107,264
37,108,322
37,109,348
37,124,48
37,127,165
37,131,144
37,135,219
37,142,181
37,144,576
37,145,414
37,185,544
37,226,481
37,254,209
37,272,131
37,288,72
38,1,427
38,3,333
38,5,316
38,7,213
38,8,126
38,10,510
38,11,313
38,14,71
38,17,230
38,18,343
38,20,395
38,25,351
38,29,248
38,30,520
38,32,409
38,34,533
38,35,235
38,39,546
38,42,582
38,49,293
38,51,330
38,52,273
38,61,365
38,66,112
38,72,86
38,77,348
38,79,396
38,82,401
38,88,561
38,89,82
38,92,228
38,96,138
38,99,35
38,105,489
38,119,419
38,123,15
38,135,48
38,143,360
38,144,257
38,145,20
38,163,513
38,167,434
38,173,326
38,175,394
38,182,204
38,211,80
38,213,139
38,220,138
38,222,300
38,239,308
38,277,335
38,278,292
38,288,39
39,1,468
39,4,345
39,7,446
39,9,333
39,11,597
39,12,247
39,13,506
39,14,369
39,16,488
39,19,587
39,20,259
39,24,321
39,25,17
39,29,575
39,31,394
39,33,399
39,37,592
39,38,546
39,40,164
39,41,310
39,44,37
39,47,399
39,49,258
39,56,389
39,57,93
39,60,515
39,62,484
39,63,282
39,64,461
39,65,495
39,66,478
39,68,409
39,69,11
39,77,240
39,78,153
39,83,551
39,92,16
39,101,444
39,111,183
39,113,542
39,124,111
39,126,468
39,145,457
39,150,120
39,160,159
39,161,357
39,174,86
39,179,3
39,186,135
39,187,176
39,193,325
39,196,305
39,216,93
39,222,446
39,226,544
39,231,276
39,233,538
39,242,283
39,259,172
39,276,151
39,281,133
40,4,506
40,5,134
40,6,150
40,8,56
40,13,560
40,14,349
40,16,187
40,19,126
40,20,33
40,23,422
40,27,418
40,33,497
40,34,384
40,35,312
40,37,94
40,39,164
40,45,87
40,49,468
40,50,497
40,54,210
40,55,12
40,57,25
40,59,158
40,69,523
40,70,583
40,73,296
40,74,423
40,76,213
40,93,124
40,95,394
40,102,339
40,110,67
40,117,581
40,120,573
40,122,366
40,123,570
40,124,361
40,128,130
40,131,326
40,134,230
40,138,425
40,149,83
40,151,252
40,158,442
40,162,503
40,167,79
40,171,527
40,181,422
40,193,459
40,202,454
40,212,595
40,219,147
40,222,50
40,224,562
40,225,395
40,269,31
41,4,295
41,5,73
41,6,597
41,9,405
41,11,267
41,13,269
41,16,519
41,17,273
41,18,489
41,20,386
41,25,350
41,27,510
41,28,468
41,33,274
41,34,2
41,37,117
41,39,310
41,42,223
41,44,29
41,57,295
41,58,211
41,59,229
41,65,368
41,66,246
41,67,13
41,70,419
41,73,11
41,76,214
41,80,79
41,81,85
41,98,596
41,101,20
41,104,223
41,115,230
41,128,224
41,134,519
41,158,242
41,159,544
41,162,368
41,164,372
41,193,120
41,197,513
41,199,147
41,200,455
41,209,221
41,213,229
41,216,54
41,224,280
41,230,521
41,243,419
41,246,208
41,258,433
41,265,590
41,269,519
41,294,11
41,298,300
42,2,304
42,3,503
42,4,60
42,5,127
42,7,296
42,8,298
42,10,199
42,12,178
42,13,10
42,18,433
42,19,556
42,20,69
42,22,96
42,24,258
42,25,450
42,31,362
42,35,289
42,37,231
42,38,582
42,41,223
42,43,600
42,47,397
42,50,96
42,53,160
42,56,148
42,57,347
42,59,478
42,62,585
42,64,241
42,65,28
42,71,560
42,76,277
42,84,270
42,91,137
42,97,120
42,100,580
42,103,434
42,108,338
42,110,304
42,112,319
42,114,340
42,117,216
42,119,338
42,121,324
42,142,334
42,161,510
42,163,78
42,168,113
42,176,252
42,188,66
42,190,530
42,201,481
42,202,477
42,213,600
42,221,221
42,231,307
42,232,87
42,258,103
42,262,354
42,273,139
42,276,62
43,1,528
43,2,485
43,3,407
43,6,263
43,8,289
43,9,526
43,13,595
43,14,53
43,15,122
43,17,298
43,22,494
43,23,205
43,24,140
43,25,475
43,34,425
43,36,26
43,37,77
43,42,600
43,44,9
43,48,480
43,49,217
43,50,412
43,51,570
43,52,85
43,54,367
43,55,285
43,57,254
43,59,549
43,60,102
43,67,562
43,69,153
43,73,50
43,79,416
43,82,254
43,84,478
43,87,58
43,89,21
43,109,470
43,123,409
43,148,155
43,151,407
43,162,256
43,163,242
43,166,599
43,171,83
43,177,28
43,182,533
43,196,17
43,203,4
43,204,399
43,212,165
43,248,599
43,260,307
43,276,392
43,289,223
43,294,112
44,5,18
44,9,24
44,11,265
44,12,305
44,13,521
44,14,549
44,16,475
44,17,397
44,18,111
44,19,31
44,20,476
44,21,493
44,23,466
44,27,589
44,31,408
44,33,12
44,35,342
44,37,134
44,39,37
44,41,29
44,43,9
44,46,561
44,48,250
44,49,470
44,50,186
44,51,15
44,52,345
44,54,32
44,55,217
44,58,327
44,61,266
44,62,435
44,68,342
44,73,241
44,75,200
44,78,590
44,81,548
44,82,219
44,86,181
44,90,28
44,93,111
44,94,412
44,100,300
44,104,426
44,105,280
44,111,371
44,116,338
44,117,76
44,123,58
44,126,44
44,136,68
44,141,587
44,143,174
44,165,380
44,180,167
44,193,419
44,197,297
44,207,496
44,240,196
44,252,140
44,280,112
44,291,1
45,3,121
45,4,179
45,5,37
45,6,243
45,13,521
45,14,21
45,16,32
45,19,383
45,20,218
45,21,271
45,25,478
45,30,340
45,32,197
45,36,599
45,40,87
45,47,108
45,51,534
45,53,217
45,54,498
45,57,401
45,59,1
45,61,420
45,65,328
45,71,575
45,73,48
45,75,163
45,83,381
45,88,276
45,89,286
45,90,72
45,95,132
45,106,62
45,109,13
45,113,418
45,114,301
45,116,517
45,120,284
45,125,324
45,126,396
45,130,198
45,149,56
45,152,150
45,153,343
45,158,207
45,165,131
45,169,482
45,184,237
45,192,583
45,198,581
45,208,368
45,209,138
45,213,555
45,214,540
45,226,419
45,254,514
45,260,268
45,295,538
46,1,552
46,3,510
46,4,459
46,8,366
46,10,391
46,11,182
46,12,69
46,14,79
46,15,69
46,17,477
46,22,387
46,23,444
46,24,259
46,26,252
46,31,103
46,32,380
46,35,102
46,36,331
46,44,561
46,49,402
46,50,175
46,53,487
46,54,336
46,55,496
46,56,4
46,59,539
46,63,82
46,66,573
46,72,401
46,87,253
46,90,116
46,94,441
46,136,249
46,148,332
46,156,33
46,169,470
46,174,213
46,176,532
46,179,361
46,180,600
46,184,330
46,199,436
46,200,59
46,202,550
46,222,474
46,225,429
46,229,315
46,248,529
46,255,304
46,262,224
46,283,288
46,286,74
46,295,51
46,296,411
46,297,253
46,300,178
47,3,139
47,4,143
47,6,385
47,10,261
47,13,57
47,14,580
47,18,498
47,20,112
47,24,260
47,25,322
47,26,591
47,27,265
47,32,585
47,33,527
47,34,418
47,35,217
47,37,203
47,39,399
47,42,397
47,45,108
47,51,3
47,52,582
47,58,37
47,64,98
47,66,580
47,67,166
47,70,503
47,74,553
47,80,123
47,84,97
47,85,254
47,87,440
47,94,305
47,95,583
47,97,437
47,102,447
47,103,537
47,107,12
47,113,100
47,117,381
47,124,449
47,131,37
47,136,271
47,144,484
47,146,586
47,147,80
47,149,408
47,162,558
47,171,156
47,178,154
47,185,16
47,190,101
47,192,494
47,204,178
47,208,23
47,212,120
47,215,121
47,221,2
47,224,152
47,245,583
47,247,483
47,254,552
47,273,502
47,280,65
47,285,238
47,295,271
48,6,11
48,9,118
48,10,470
48,11,430
48,12,420
48,16,353
48,17,238
48,21,9
48,22,419
48,25,239
48,29,254
48,30,252
48,32,565
48,34,461
48,43,480
48,44,250
48,55,98
48,57,542
48,69,16
48,71,476
48,74,347
48,79,373
48,92,495
48,114,280
48,123,159
48,126,152
48,130,541
48,133,554
48,136,149
48,137,243
48,146,117
48,150,75
48,160,272
48,161,210
48,187,206
48,193,245
48,198,199
48,205,128
48,226,451
48,244,360
48,258,447
48,266,393
48,269,210
48,272,222
48,273,187
48,288,425
48,289,110
49,4,258
49,8,31
49,10,72
49,21,494
49,24,502
49,27,151
49,29,391
49,31,88
49,33,561
49,34,230
49,35,38
49,37,57
49,38,293
49,39,258
49,40,468
49,43,217
49,44,470
49,46,402
49,50,481
49,54,358
49,55,308
49,58,85
49,59,454
49,60,525
49,70,232
49,72,230
49,76,522
49,77,544
49,83,102
49,84,440
49,88,275
49,90,455
49,92,591
49,100,85
49,107,522
49,108,443
49,109,94
49,110,166
49,117,455
49,118,536
49,119,272
49,132,322
49,137,145
49,141,375
49,146,268
49,156,132
49,169,586
49,174,459
49,177,233
49,183,250
49,185,492
49,195,470
49,205,174
49,209,593
49,227,199
49,228,452
49,252,438
49,254,21
49,257,347
49,278,23
49,286,386
49,295,573
49,300,187
50,2,428
50,3,474
50,5,586
50,10,495
50,15,542
50,16,98
50,17,69
50,20,369
50,27,141
50,28,183
50,29,83
50,31,206
50,34,560
50,37,589
50,40,497
50,42,96
50,43,412
50,44,186
50,46,175
50,49,481
50,52,346
50,54,581
50,55,70
50,58,539
50,68,492
50,69,560
50,74,493
50,75,580
50,81,107
50,86,485
50,89,4
50,93,247
50,113,138
50,119,53
50,121,4
50,122,442
50,135,222
50,139,258
50,156,424
50,165,398
50,188,198
50,204,434
50,206,154
50,207,8
50,210,129
50,216,384
50,218,323
50,220,151
50,228,4
50,234,192
50,255,352
51,3,460
51,4,312
51,5,251
51,6,1
51,8,65
51,10,237
51,13,482
51,15,509
51,16,180
51,25,184
51,31,113
51,36,500
51,37,284
51,38,330
51,43,570
51,44,15
51,45,534
51,47,3
51,53,539
51,57,231
51,61,19
51,62,179
51,63,567
51,65,276
51,66,130
51,67,564
51,69,476
51,70,506
51,76,16
51,78,130
51,88,488
51,89,29
51,90,232
51,92,308
51,94,33
51,96,69
51,100,269
51,108,161
51,111,346
51,113,209
51,116,403
51,121,49
51,128,333
51,151,394
51,184,355
51,196,92
51,205,538
51,210,24
51,212,402
51,225,322
51,230,441
51,239,310
51,271,598
51,281,501
51,283,455
51,296,227
52,1,38
52,3,402
52,5,533
52,7,244
52,13,342
52,16,62
52,19,87
52,25,568
52,26,501
52,29,509
52,30,592
52,31,34
52,33,354
52,34,331
52,38,273
52,43,85
52,44,345
52,47,582
52,50,346
52,54,17
52,58,509
52,60,537
52,68,225
52,70,317
52,75,574
52,80,593
52,82,145
52,85,229
52,93,574
52,98,361
52,103,314
52,109,184
52,115,425
52,118,208
52,125,126
52,130,135
52,148,88
52,152,284
52,155,244
52,156,64
52,162,276
52,163,64
52,173,378
52,191,358
52,195,213
52,229,330
52,234,548
52,238,70
52,249,248
52,286,161
52,298,372
53,1,549
53,3,229
53,6,255
53,9,313
53,10,470
53,11,418
53,13,597
53,22,307
53,27,262
53,29,237
53,34,304
53,36,255
53,42,160
53,45,217
53,46,487
53,51,539
53,56,281
53,62,81
53,63,554
53,65,591
53,66,132
53,70,382
53,71,511
53,84,502
53,88,101
53,92,385
53,95,168
53,97,78
53,101,529
53,102,376
53,106,311
53,112,546
53,115,245
53,116,20
53,119,275
53,129,240
53,137,227
53,152,241
53,156,365
53,168,268
53,170,300
53,179,442
53,202,285
53,207,258
53,208,556
53,211,548
53,214,379
53,237,120
53,258,49
53,269,37
53,272,508
53,297,304
54,1,354
54,5,336
54,12,417
54,14,442
54,18,185
54,19,42
54,22,379
54,25,566
54,28,355
54,29,189
54,36,571
54,40,210
54,43,367
54,44,32
54,45,498
54,46,336
54,49,358
54,50,581
54,52,17
54,57,498
54,58,456
54,63,442
54,64,125
54,65,309
54,72,378
54,73,254
54,74,238
54,75,143
54,81,107
54,86,508
54,87,194
54,90,483
54,93,397
54,103,227
54,110,307
54,119,326
54,121,420
54,128,356
54,130,108
54,132,169
54,134,583
54,140,324
54,156,57
54,170,479
54,185,244
54,186,91
54,191,549
54,200,567
54,202,499
54,214,20
54,215,272
54,222,124
54,239,595
54,248,331
54,251,249
54,253,4
54,258,461
54,290,36
55,1,284
55,2,321
55,3,167
55,9,597
55,10,96
55,13,184
55,20,47
55,21,105
55,27,20
55,32,536
55,33,510
55,37,347
55,40,12
55,43,285
55,44,217
55,46,496
55,48,98
55,49,308
55,50,70
55,59,445
55,61,227
55,67,92
55,71,292
55,72,594
55,73,36
55,77,500
55,78,558
55,79,199
55,80,290
55,96,124
55,107,419
55,117,357
55,120,62
55,121,270
55,128,351
55,132,398
55,138,561
55,151,135
55,156,346
55,158,548
55,161,599
55,165,491
55,166,348
55,170,205
55,183,115
55,195,93
55,199,552
55,211,469
55,214,548
55,215,92
55,217,538
55,238,461
55,243,553
55,250,520
55,262,233
55,264,308
55,276,362
55,292,247
56,2,308
56,4,310
56,7,381
56,8,105
56,13,528
56,14,322
56,16,110
56,21,107
56,23,60
56,31,309
56,33,582
56,35,457
56,39,389
56,42,148
56,46,4
56,53,281
56,62,511
56,64,107
56,68,103
56,70,131
56,74,78
56,82,538
56,87,54
56,91,426
56,99,227
56,101,234
56,104,104
56,107,14
56,110,17
56,112,123
56,115,459
56,118,86
56,123,284
56,124,11
56,129,19
56,130,192
56,133,238
56,136,328
56,171,326
56,177,490
56,184,368
56,200,559
56,206,161
56,212,42
56,213,500
56,229,590
56,233,236
56,243,57
56,244,475
56,246,471
56,248,389
56,253,359
56,257,540
56,269,61
56,299,580
57,3,208
57,7,183
57,12,307
57,16,314
57,18,173
57,19,293
57,20,455
57,22,516
57,27,188
57,32,385
57,33,354
57,35,395
57,39,93
57,40,25
57,41,295
57,42,347
57,43,254
57,45,401
57,48,542
57,51,231
57,54,498
57,58,154
57,59,334
57,60,388
57,63,14
57,71,513
57,79,400
57,83,302
57,84,6
57,89,443
57,92,506
57,94,560
57,97,394
57,98,235
57,99,512
57,103,351
57,111,131
57,113,139
57,118,266
57,119,393
57,147,3
57,154,590
57,173,532
57,188,206
57,194,421
57,202,101
57,204,424
57,219,209
57,223,28
57,270,393
57,273,402
57,285,275
57,290,361
58,3,383
58,7,203
58,9,55
58,10,236
58,12,431
58,13,321
58,16,285
58,18,18
58,21,41
58,29,490
58,30,581
58,36,104
58,41,211
58,44,327
58,47,37
58,49,85
58,50,539
58,52,509
58,54,456
58,57,154
58,64,277
58,66,368
58,69,474
58,71,461
58,72,527
58,73,550
58,80,76
58,91,480
58,93,555
58,99,438
58,109,500
58,111,425
58,122,146
58,137,598
58,150,423
58,159,136
58,162,179
58,166,502
58,168,465
58,177,410
58,188,334
58,191,71
58,203,384
58,211,203
58,214,36
58,217,32
58,225,353
58,230,338
58,242,30
58,251,192
58,276,573
58,295,506
59,1,271
59,3,521
59,7,457
59,13,4
59,24,281
59,27,280
59,28,126
59,30,146
59,32,268
59,33,544
59,36,415
59,40,158
59,41,229
59,42,478
59,43,549
59,45,1
59,46,539
59,49,454
59,55,445
59,57,334
59,60,12
59,61,10
59,63,94
59,67,273
59,74,60
59,75,248
59,78,46
59,83,540
59,94,254
59,96,164
59,100,52
59,102,420
59,106,548
59,107,590
59,109,344
59,110,138
59,111,74
59,112,210
59,113,439
59,115,241
59,122,303
59,123,95
59,124,89
59,125,354
59,128,521
59,134,11
59,140,224
59,143,206
59,145,99
59,149,395
59,158,79
59,189,507
59,190,351
59,201,319
59,223,349
59,230,103
59,232,493
59,267,452
59,269,259
59,279,514
59,280,1
59,281,505
59,290,13
59,292,543
60,1,194
60,2,504
60,4,469
60,5,589
60,8,251
60,18,228
60,23,28
60,29,374
60,32,241
60,33,442
60,34,217
60,37,278
60,39,515
60,43,102
60,49,525
60,52,537
60,57,388
60,59,12
60,63,498
60,64,594
60,65,306
60,71,492
60,72,391
60,74,366
60,79,405
60,80,435
60,82,476
60,87,136
60,89,451
60,93,22
60,101,198
60,103,421
60,104,96
60,109,432
60,112,477
60,118,22
60,122,561
60,124,90
60,129,354
60,144,217
60,148,316
60,155,487
60,166,147
60,176,465
60,184,87
60,191,309
60,218,409
60,220,105
60,227,449
60,231,185
60,248,289
60,260,436
60,261,52
60,281,390
60,282,116
61,3,72
61,4,500
61,7,277
61,8,166
61,16,410
61,19,493
61,21,391
61,24,65
61,25,135
61,27,578
61,29,458
61,36,67
61,37,30
61,38,365
61,44,266
61,45,420
61,51,19
61,55,227
61,59,10
61,62,207
61,64,120
61,65,532
61,66,357
61,68,386
61,72,322
61,80,211
61,82,295
61,85,37
61,86,306
61,87,273
61,97,322
61,104,543
61,106,364
61,108,524
61,109,193
61,111,416
61,115,266
61,119,571
61,124,384
61,138,598
61,141,548
61,146,114
61,149,454
61,174,60
61,177,587
61,178,17
61,182,409
61,188,561
61,203,291
61,207,232
61,213,479
61,228,91
61,240,528
61,284,369
61,290,199
61,294,507
62,4,528
62,5,83
62,6,175
62,9,458
62,12,289
62,16,410
62,22,322
62,25,581
62,30,250
62,31,443
62,32,102
62,36,335
62,39,484
62,42,585
62,44,435
62,51,179
62,53,81
62,56,511
62,61,207
62,70,351
62,72,494
62,74,586
62,79,68
62,82,387
62,83,520
62,85,364
62,93,519
62,96,226
62,111,423
62,116,548
62,118,435
62,120,58
62,145,66
62,186,156
62,194,66
62,200,255
62,211,71
62,217,311
62,237,159
62,241,27
62,252,190
62,255,257
62,263,188
62,264,315
62,272,533
62,277,221
62,289,450
63,2,546
63,3,125
63,11,138
63,13,332
63,15,127
63,18,253
63,20,151
63,22,323
63,31,80
63,34,184
63,37,121
63,39,282
63,46,82
63,51,567
63,53,554
63,54,442
63,57,14
63,59,94
63,60,498
63,69,180
63,73,462
63,76,404
63,77,291
63,80,443
63,81,18
63,84,538
63,91,156
63,98,587
63,102,518
63,103,334
63,107,127
63,111,405
63,113,207
63,115,165
63,116,536
63,126,227
63,143,65
63,151,285
63,170,593
63,180,394
63,181,11
63,183,521
63,189,288
63,209,263
63,224,474
63,236,502
63,243,565
64,1,217
64,7,560
64,10,442
64,13,266
64,14,578
64,21,558
64,24,431
64,25,295
64,27,27
64,29,239
64,30,259
64,31,562
64,39,461
64,42,241
64,47,98
64,54,125
64,56,107
64,58,277
64,60,594
64,61,120
64,65,229
64,66,88
64,78,192
64,84,561
64,87,121
64,97,420
64,98,439
64,99,440
64,102,415
64,105,178
64,114,4
64,119,102
64,123,213
64,131,431
64,141,586
64,151,135
64,154,366
64,160,153
64,164,299
64,169,84
64,172,321
64,184,232
64,209,8
64,218,62
64,230,137
64,238,295
64,263,101
64,287,197
65,1,214
65,10,235
65,12,555
65,13,120
65,15,432
65,17,494
65,19,12
65,21,194
65,34,62
65,36,509
65,37,40
65,39,495
65,41,368
65,42,28
65,45,328
65,51,276
65,53,591
65,54,309
65,60,306
65,61,532
65,64,229
65,67,27
65,69,207
65,78,539
65,80,536
65,82,184
65,84,554
65,90,41
65,94,44
65,108,557
65,111,95
65,112,107
65,120,202
65,121,521
65,126,15
65,134,349
65,135,306
65,164,455
65,169,191
65,173,240
65,204,484
65,209,230
65,219,111
65,221,326
65,233,78
65,243,120
65,247,268
65,263,164
65,266,280
65,282,567
65,285,264
65,298,309
66,8,426
66,14,409
66,19,245
66,22,575
66,23,362
66,25,184
66,26,142
66,27,592
66,33,376
66,36,202
66,38,112
66,39,478
66,41,246
66,46,573
66,47,580
66,51,130
66,53,132
66,58,368
66,61,357
66,64,88
66,67,113
66,71,27
66,76,307
66,82,527
66,84,410
66,86,482
66,87,439
66,90,262
66,93,502
66,96,211
66,101,165
66,104,368
66,106,378
66,113,573
66,117,595
66,126,399
66,135,488
66,140,29
66,146,302
66,152,273
66,155,17
66,163,230
66,168,522
66,169,221
66,171,163
66,175,141
66,179,436
66,182,292
66,193,600
66,200,548
66,214,46
66,224,289
66,236,489
66,238,215
66,267,495
66,280,173
66,284,351
66,297,535
67,6,63
67,8,364
67,12,262
67,14,35
67,15,362
67,19,542
67,21,208
67,22,145
67,24,24
67,26,227
67,33,226
67,37,490
67,41,13
67,43,562
67,47,166
67,51,564
67,55,92
67,59,273
67,65,27
67,66,113
67,78,470
67,86,460
67,88,363
67,92,219
67,94,44
67,95,60
67,96,518
67,100,528
67,104,511
67,108,353
67,110,9
67,113,442
67,119,24
67,125,173
67,130,453
67,142,266
67,151,207
67,165,309
67,170,565
67,176,516
67,177,555
67,182,227
67,189,432
67,195,282
67,196,204
67,202,30
67,215,511
67,222,87
67,237,87
67,238,120
67,239,257
67,241,401
67,250,583
67,260,297
67,265,187
67,266,542
67,267,138
67,268,295
67,296,509
67,298,122
68,1,259
68,5,234
68,7,56
68,10,507
