source,target,weight
1,2,434
1,3,29
1,4,161
1,5,236
1,6,195
1,7,497
1,10,595
1,11,362
1,12,312
1,14,55
1,15,244
1,16,557
1,17,424
1,18,33
1,20,560
1,21,59
1,22,499
1,23,311
1,24,523
1,26,531
1,27,39
1,28,419
1,29,179
1,30,579
1,32,506
1,33,195
1,35,238
1,36,165
1,37,195
1,39,491
1,40,423
1,41,597
1,43,355
1,45,66
1,49,535
1,51,154
1,54,557
1,55,83
1,56,164
1,57,213
1,58,271
1,61,486
1,64,144
1,67,331
1,68,513
1,70,227
1,71,127
1,72,364
1,73,8
1,74,52
1,75,521
1,76,232
1,77,333
1,81,107
1,82,246
1,84,235
1,85,336
1,86,249
1,87,575
1,88,341
1,92,44
1,94,123
1,95,231
1,96,458
1,97,596
1,98,199
1,103,595
1,104,100
1,107,218
1,108,339
1,111,467
1,113,580
1,118,35
1,121,476
1,122,229
1,126,301
1,127,280
1,131,596
1,132,36
1,136,595
1,138,233
1,140,365
1,141,548
1,143,565
1,145,309
1,148,516
1,151,460
1,154,464
1,156,348
1,157,177
1,163,48
1,165,599
1,166,19
1,170,302
1,176,460
1,178,397
1,179,298
1,180,257
1,183,524
1,185,576
1,199,301
1,200,10
1,204,531
1,208,573
1,213,497
1,217,17
1,220,188
1,225,549
1,231,257
1,234,537
1,237,331
1,241,363
1,244,151
1,247,526
1,251,404
1,253,368
1,254,108
1,256,429
1,264,226
1,268,372
1,271,586
1,272,342
1,275,491
1,277,189
1,280,194
1,282,7
1,286,549
1,288,525
1,293,373
2,1,434
2,3,31
2,4,243
2,5,322
2,7,355
2,9,82
2,11,541
2,12,202
2,15,83
2,16,576
2,18,123
2,19,180
2,20,111
2,22,523
2,24,424
2,26,241
2,28,163
2,30,87
2,31,107
2,33,225
2,35,464
2,36,521
2,38,394
2,39,414
2,40,428
2,43,337
2,44,148
2,45,528
2,46,439
2,49,292
2,50,448
2,52,114
2,53,468
2,54,590
2,56,503
2,57,233
2,60,72
2,61,286
2,62,471
2,66,557
2,67,546
2,68,247
2,71,376
2,72,236
2,75,198
2,77,300
2,78,412
2,82,505
2,83,55
2,87,178
2,93,293
2,95,309
2,96,173
2,98,279
2,99,353
2,102,530
2,104,69
2,108,493
2,110,303
2,114,537
2,115,137
2,120,164
2,122,578
2,125,531
2,126,143
2,128,559
2,130,263
2,132,529
2,137,509
2,138,113
2,140,587
2,146,297
2,150,211
2,151,486
2,156,482
2,159,417
2,161,465
2,170,367
2,172,282
2,174,546
2,181,415
2,182,38
2,184,30
2,189,212
2,194,582
2,198,117
2,200,296
2,201,314
2,203,367
2,206,278
2,209,171
2,216,379
2,225,313
2,235,447
2,236,5
2,239,464
2,240,155
2,245,262
2,248,533
2,250,19
2,261,426
2,272,226
2,274,558
2,276,287
2,283,498
2,299,567
3,1,29
3,2,31
3,4,480
3,5,116
3,7,268
3,8,332
3,9,536
3,11,356
3,12,113
3,13,110
3,15,22
3,17,224
3,18,288
3,19,55
3,20,549
3,21,180
3,22,540
3,24,341
3,26,304
3,27,146
3,28,401
3,29,498
3,32,400
3,33,83
3,36,419
3,37,164
3,38,451
3,41,96
3,42,221
3,46,377
3,47,308
3,50,173
3,51,555
3,52,431
3,53,486
3,55,595
3,56,156
3,57,176
3,58,359
3,60,174
3,61,251
3,64,241
3,65,503
3,66,429
3,71,458
3,72,427
3,74,308
3,78,571
3,80,569
3,81,327
3,82,533
3,85,349
3,87,246
3,88,413
3,92,419
3,94,382
3,97,58
3,98,297
3,99,560
3,101,437
3,102,537
3,106,212
3,114,20
3,115,453
3,135,98
3,137,50
3,139,28
3,141,128
3,149,287
3,153,302
3,157,205
3,160,346
3,168,7
3,169,212
3,171,363
3,174,441
3,178,430
3,179,373
3,186,21
3,194,230
3,205,594
3,206,324
3,211,29
3,213,326
3,214,4
3,216,175
3,219,465
3,221,164
3,240,472
3,241,496
3,242,177
3,259,484
3,282,12
3,284,313
3,295,211
3,298,316
4,1,161
4,2,243
4,3,480
4,5,174
4,6,124
4,7,259
4,9,148
4,10,162
4,11,539
4,12,146
4,15,52
4,16,257
4,17,409
4,18,433
4,19,495
4,20,296
4,21,572
4,22,135
4,23,20
4,25,474
4,26,478
4,27,46
4,28,187
4,30,563
4,32,503
4,33,266
4,34,541
4,35,475
4,36,145
4,37,89
4,38,165
4,39,538
4,40,200
4,42,203
4,43,557
4,44,312
4,47,491
4,48,33
4,50,471
4,51,44
4,53,343
4,54,461
4,55,454
4,56,215
4,57,555
4,61,124
4,63,478
4,64,418
4,66,183
4,67,53
4,68,228
4,69,5
4,70,418
4,72,518
4,73,25
4,74,329
4,78,271
4,80,301
4,83,268
4,88,277
4,89,546
4,93,539
4,94,246
4,95,547
4,96,583
4,99,133
4,100,533
4,102,41
4,108,499
4,111,109
4,112,13
4,116,213
4,117,454
4,119,265
4,121,418
4,127,323
4,128,5
4,129,229
4,132,262
4,134,576
4,135,472
4,136,42
4,137,86
4,139,54
4,140,269
4,147,148
4,149,428
4,150,113
4,152,328
4,159,119
4,171,543
4,172,334
4,173,391
4,179,335
4,191,205
4,192,41
4,194,275
4,200,118
4,202,84
4,206,445
4,218,86
4,224,574
4,229,191
4,237,73
4,246,527
4,253,131
4,256,158
4,257,535
4,261,138
4,268,26
4,274,37
4,292,235
4,295,292
5,1,236
5,2,322
5,3,116
5,4,174
5,6,548
5,7,419
5,8,227
5,9,57
5,10,147
5,13,594
5,14,575
5,15,457
5,16,182
5,18,535
5,19,346
5,23,289
5,24,571
5,25,324
5,26,497
5,29,408
5,30,346
5,31,396
5,32,127
5,33,73
5,35,56
5,36,347
5,38,131
5,39,462
5,41,540
5,42,84
5,43,248
5,45,326
5,46,69
5,48,505
5,49,201
5,50,291
5,51,13
5,52,64
5,53,534
5,54,212
5,55,545
5,57,406
5,64,578
5,67,89
5,68,501
5,70,35
5,73,437
5,74,230
5,77,510
5,80,545
5,83,502
5,84,559
5,86,166
5,88,77
5,91,75
5,93,247
5,94,349
5,96,194
5,98,310
5,101,7
5,103,235
5,112,401
5,114,257
5,115,489
5,116,348
5,119,285
5,120,532
5,122,563
5,127,32
5,132,389
5,133,369
5,134,495
5,140,2
5,141,387
5,143,122
5,147,335
5,149,61
5,150,141
5,153,323
5,164,75
5,169,40
5,173,58
5,175,83
5,178,92
5,181,475
5,192,13
5,193,549
5,198,71
5,201,229
5,204,502
5,205,193
5,207,56
5,218,328
5,224,167
5,225,121
5,229,450
5,230,503
5,234,57
5,236,111
5,237,15
5,242,318
5,246,589
5,247,259
5,249,219
5,260,376
5,263,208
5,265,354
5,269,459
5,271,419
5,296,66
5,297,576
5,298,450
6,1,195
6,4,124
6,5,548
6,8,266
6,9,37
6,10,404
6,11,176
6,12,91
6,13,347
6,14,91
6,15,241
6,16,291
6,17,273
6,19,448
6,20,57
6,25,204
6,28,191
6,29,248
6,31,175
6,33,577
6,34,116
6,35,331
6,36,140
6,38,359
6,39,336
6,40,598
6,41,24
6,42,461
6,43,227
6,44,588
6,46,156
6,49,450
6,50,66
6,51,531
6,52,49
6,54,227
6,56,65
6,57,306
6,60,553
6,63,204
6,64,34
6,65,160
6,66,202
6,67,162
6,70,87
6,74,474
6,76,56
6,77,174
6,78,165
6,84,235
6,86,542
6,87,223
6,88,57
6,96,493
6,101,533
6,104,538
6,106,352
6,108,93
6,109,78
6,112,77
6,116,458
6,117,91
6,119,136
6,121,526
6,123,238
6,125,65
6,129,539
6,136,265
6,138,415
6,139,182
6,146,318
6,153,65
6,155,527
6,157,55
6,158,566
6,162,176
6,164,433
6,167,498
6,168,525
6,169,553
6,170,525
6,172,272
6,176,386
6,181,270
6,184,379
6,186,490
6,193,286
6,198,36
6,210,103
6,216,164
6,227,196
6,238,154
6,246,559
6,251,501
6,255,53
6,261,36
6,273,80
6,286,36
7,1,497
7,2,355
7,3,268
7,4,259
7,5,419
7,8,386
7,10,486
7,11,373
7,12,425
7,13,437
7,14,23
7,15,261
7,16,391
7,17,250
7,19,360
7,21,321
7,22,480
7,24,439
7,30,297
7,32,249
7,33,324
7,34,468
7,37,23
7,39,172
7,40,28
7,41,9
7,42,297
7,43,250
7,44,399
7,45,40
7,46,370
7,47,9
7,51,229
7,52,287
7,53,225
7,55,524
7,56,154
7,57,497
7,60,187
7,61,569
7,64,543
7,69,364
7,70,442
7,72,519
7,77,501
7,80,119
7,82,255
7,85,152
7,86,343
7,92,178
7,97,163
7,98,133
7,99,356
7,104,277
7,105,520
7,107,249
7,111,82
7,113,335
7,115,300
7,122,427
7,123,14
7,127,436
7,130,59
7,132,57
7,134,105
7,135,191
7,138,434
7,171,557
7,173,274
7,183,254
7,189,573
7,194,9
7,206,354
7,213,344
7,215,390
7,218,140
7,220,457
7,226,282
7,230,112
7,240,175
7,242,36
7,248,41
7,253,237
7,256,130
7,259,33
7,260,246
7,265,266
7,269,20
7,275,533
7,290,582
7,293,419
7,294,487
8,3,332
8,5,227
8,6,266
8,7,386
8,13,77
8,14,583
8,16,73
8,17,380
8,18,351
8,20,135
8,21,469
8,22,322
8,23,429
8,25,513
8,26,70
8,27,401
8,28,533
8,31,491
8,32,184
8,33,512
8,34,387
8,35,318
8,39,499
8,40,460
8,41,165
8,42,294
8,43,238
8,46,52
8,47,313
8,48,323
8,50,457
8,51,225
8,52,583
8,53,217
8,54,422
8,55,577
8,56,338
8,57,341
8,59,468
8,60,338
8,61,590
8,62,475
8,64,94
8,65,451
8,67,166
8,68,273
8,69,588
8,70,196
8,71,368
8,77,403
8,78,478
8,81,467
8,82,124
8,83,550
8,85,348
8,87,355
8,90,544
8,94,122
8,95,322
8,103,214
8,105,118
8,106,117
8,110,508
8,112,393
8,114,370
8,119,553
8,120,398
8,122,304
8,130,541
8,133,259
8,135,370
8,136,420
8,137,513
8,141,455
8,142,208
8,146,155
8,153,591
8,157,180
8,158,493
8,162,260
8,167,312
8,177,166
8,187,13
8,195,24
8,205,575
8,213,291
8,214,7
8,221,246
8,228,16
8,230,191
8,232,510
8,236,167
8,238,488
8,239,101
8,242,153
8,249,289
8,255,386
8,265,3
8,266,169
8,272,553
8,285,442
8,287,567
8,292,281
8,295,101
8,297,554
8,300,467
9,2,82
9,3,536
9,4,148
9,5,57
9,6,37
9,10,360
9,14,459
9,15,405
9,18,236
9,20,110
9,21,392
9,22,428
9,23,223
9,24,314
9,27,526
9,28,65
9,29,382
9,30,321
9,31,200
9,32,99
9,33,575
9,34,497
9,35,306
9,37,194
9,38,529
9,40,116
9,41,349
9,44,493
9,45,52
9,46,332
9,47,439
9,48,61
9,49,496
9,51,114
9,56,70
9,60,198
9,61,396
9,63,266
9,64,421
9,65,530
9,66,296
9,67,42
9,70,2
9,74,468
9,75,166
9,80,274
9,81,238
9,84,7
9,85,68
9,86,211
9,88,399
9,90,354
9,91,111
9,93,292
9,95,422
9,100,369
9,105,277
9,107,589
9,109,440
9,110,403
9,115,361
9,116,272
9,117,555
9,119,555
9,125,199
9,130,587
9,133,46
9,136,313
9,142,517
9,143,16
9,145,81
9,151,572
9,155,385
9,158,99
9,162,480
9,163,95
9,164,363
9,165,202
9,173,593
9,180,239
9,183,210
9,187,281
9,190,102
9,191,441
9,193,84
9,199,241
9,203,73
9,233,238
9,234,287
9,252,13
9,263,441
9,264,386
9,276,451
9,279,125
9,285,120
9,292,474
9,294,79
10,1,595
10,4,162
10,5,147
10,6,404
10,7,486
10,9,360
10,11,585
10,13,354
10,14,592
10,15,139
10,16,271
10,18,129
10,20,433
10,21,213
10,23,497
10,24,511
10,25,99
10,26,75
10,27,572
10,28,411
10,29,446
10,30,15
10,31,417
10,32,539
10,33,526
10,34,431
10,35,252
10,36,121
10,37,48
10,39,183
10,40,143
10,41,82
10,43,575
10,45,152
10,46,31
10,47,498
10,48,284
10,49,513
10,50,393
10,52,162
10,53,296
10,54,372
10,56,528
10,57,432
10,59,309
10,61,195
10,62,555
10,64,207
10,67,521
10,70,215
10,71,398
10,73,73
10,74,511
10,76,12
10,78,529
10,81,220
10,84,329
10,85,376
10,91,408
10,96,10
10,100,407
10,109,593
10,111,359
10,117,530
10,121,547
10,122,289
10,125,594
10,126,381
10,132,374
10,135,22
10,137,383
10,138,283
10,140,232
10,154,536
10,156,120
10,163,400
10,166,146
10,170,270
10,175,362
10,177,442
10,182,249
10,184,31
10,185,311
10,189,522
10,190,100
10,193,78
10,194,312
10,206,220
10,209,502
10,210,423
10,211,412
10,222,229
10,223,248
10,230,404
10,231,190
10,236,497
10,238,208
10,251,518
10,254,188
10,258,534
10,260,259
10,263,543
10,266,31
10,267,292
10,279,202
10,289,191
10,300,121
11,1,362
11,2,541
11,3,356
11,4,539
11,6,176
11,7,373
11,10,585
11,12,410
11,13,42
11,14,105
11,15,94
11,16,445
11,17,84
11,19,31
11,21,435
11,22,304
11,24,168
11,26,489
11,29,363
11,30,391
11,31,403
11,34,558
11,35,182
11,36,17
11,37,31
11,38,581
11,39,466
11,41,238
11,43,487
11,44,58
11,45,33
11,48,193
11,50,498
11,51,116
11,52,459
11,56,184
11,58,550
11,59,382
11,61,291
11,62,577
11,63,564
11,65,188
11,66,158
11,68,44
11,69,117
11,73,341
11,75,446
11,77,577
11,79,385
11,82,261
11,84,127
11,87,433
11,89,347
11,90,389
11,96,348
11,104,320
11,105,137
11,106,244
11,108,596
11,110,314
11,111,191
11,113,273
11,118,422
11,123,8
11,124,432
11,140,47
11,145,320
11,155,589
11,156,217
11,157,243
11,158,152
11,159,118
11,182,492
11,187,122
11,188,555
11,190,377
11,197,25
11,199,363
11,203,395
11,210,177
11,218,392
11,221,103
11,225,321
11,226,371
11,230,577
11,235,73
11,240,182
11,241,303
11,243,406
11,245,239
11,254,112
11,263,333
11,266,559
11,268,585
11,277,308
11,284,340
11,285,354
11,291,241
11,292,177
11,296,302
12,1,312
12,2,202
12,3,113
12,4,146
12,6,91
12,7,425
12,11,410
12,13,546
12,14,195
12,15,443
12,16,100
12,17,364
12,18,397
12,19,434
12,21,459
12,22,569
12,27,478
12,29,460
12,30,511
12,31,173
12,32,171
12,33,468
12,35,486
12,37,57
12,38,420
12,40,531
12,41,187
12,42,312
12,44,259
12,45,310
12,46,71
12,47,284
12,48,72
12,49,255
12,50,560
12,52,184
12,53,524
12,57,576
12,59,44
12,60,394
12,61,561
12,62,304
12,64,75
12,65,311
12,66,564
12,69,82
12,73,454
12,76,83
12,77,188
12,79,514
12,80,539
12,82,149
12,87,167
12,90,292
12,97,298
12,103,109
12,106,55
12,107,481
12,109,35
12,111,445
12,113,139
12,117,537
12,118,467
12,120,162
12,123,52
12,128,34
12,134,5
12,148,343
12,149,226
12,152,594
12,155,57
12,158,139
12,159,155
12,163,55
12,165,106
12,175,21
12,178,451
12,181,54
12,189,76
12,197,463
12,205,568
12,207,81
12,213,51
12,215,243
12,226,520
12,231,299
12,241,208
12,244,438
12,250,337
12,253,360
12,288,96
12,298,333
13,3,110
13,5,594
13,6,347
13,7,437
13,8,77
13,10,354
13,11,42
13,12,546
13,16,243
13,17,256
13,20,597
13,22,556
13,23,493
13,25,413
13,27,256
13,28,149
13,31,521
13,32,397
13,33,405
13,34,533
13,39,169
13,40,139
13,42,356
13,43,164
13,44,497
13,46,41
13,48,136
13,50,72
13,51,347
13,52,23
13,56,358
13,58,513
13,60,321
13,64,125
13,65,365
13,68,85
13,69,51
13,70,124
13,71,495
13,72,139
13,73,52
13,74,10
13,75,453
13,77,94
13,79,15
13,85,523
13,87,415
13,89,32
13,92,194
13,94,374
13,96,77
13,99,217
13,100,304
13,103,272
13,104,138
13,105,146
13,111,389
13,112,20
13,113,93
13,116,370
13,120,127
13,121,387
13,126,477
13,128,330
13,129,234
13,135,532
13,137,198
13,138,327
13,142,278
13,143,445
13,144,43
13,148,489
13,151,426
13,154,429
13,156,58
13,157,142
13,172,66
13,185,525
13,188,501
13,191,140
13,194,72
13,195,252
13,196,114
13,201,311
13,206,302
13,237,119
13,246,128
13,250,157
13,254,135
13,259,49
13,260,159
13,262,90
13,269,471
13,278,331
13,292,283
14,1,55
14,5,575
14,6,91
14,7,23
14,8,583
14,9,459
14,10,592
14,11,105
14,12,195
14,16,348
14,19,335
14,20,240
14,22,323
14,23,285
14,24,390
14,26,125
14,33,508
14,34,504
14,37,242
14,39,31
14,40,593
14,43,416
14,44,495
14,46,549
14,47,296
14,48,556
14,49,6
14,51,233
14,52,471
14,53,457
14,56,227
14,58,477
14,65,486
14,66,570
14,68,11
14,71,431
14,72,459
14,73,540
14,74,500
14,75,105
14,76,346
14,78,392
14,81,113
14,83,430
14,84,154
14,85,518
14,86,542
14,87,422
14,91,376
14,93,181
14,101,211
14,102,259
14,104,90
14,107,327
14,108,210
14,112,590
14,114,507
14,116,363
14,118,106
14,119,277
14,121,168
14,126,206
14,130,19
14,132,389
14,133,5
14,135,105
14,138,399
14,144,428
14,161,81
14,164,84
14,170,454
14,179,374
14,184,533
14,185,65
14,189,284
14,191,479
14,196,352
14,199,276
14,205,550
14,207,199
14,222,74
14,225,129
14,226,438
14,237,562
14,239,597
14,250,36
14,257,178
14,262,400
14,264,259
14,265,137
14,270,486
14,272,481
14,278,104
14,292,264
15,1,244
15,2,83
15,3,22
15,4,52
15,5,457
15,6,241
15,7,261
15,9,405
15,10,139
15,11,94
15,12,443
15,16,138
15,17,439
15,18,364
15,19,183
15,20,526
15,21,372
15,22,33
15,25,462
15,26,353
15,27,75
15,28,237
15,30,537
15,32,44
15,34,54
15,36,66
15,37,103
15,38,209
15,40,390
15,41,181
15,42,195
15,47,216
15,48,218
15,49,529
15,50,600
15,51,498
15,52,543
15,53,508
15,56,330
15,57,246
15,63,167
15,64,484
15,65,61
15,68,490
15,72,220
15,73,154
15,84,456
15,86,469
15,87,440
15,94,429
15,95,449
15,96,375
15,99,28
15,100,226
15,102,392
15,104,270
15,109,362
15,110,595
15,113,251
15,115,573
15,116,489
15,118,100
15,120,123
15,123,470
15,126,24
15,131,315
15,132,550
15,133,479
15,134,542
15,140,570
15,142,183
15,147,30
15,156,167
15,161,21
15,162,430
15,164,168
15,166,596
15,170,309
15,175,214
15,176,456
15,177,26
15,184,388
15,186,578
15,199,506
15,202,349
15,205,369
15,209,275
15,212,179
15,215,457
15,216,134
15,221,106
15,233,291
15,237,79
15,244,464
15,245,220
15,255,461
15,256,510
15,264,47
15,266,405
15,269,479
15,283,315
15,284,399
15,289,153
16,1,557
16,2,576
16,4,257
16,5,182
16,6,291
16,7,391
16,8,73
16,10,271
16,11,445
16,12,100
16,13,243
16,14,348
16,15,138
16,17,438
16,18,83
16,19,428
16,20,387
16,23,335
16,24,416
16,25,281
16,26,323
16,27,206
16,30,9
16,31,214
16,32,598
16,34,61
16,35,492
16,36,381
16,38,158
16,39,340
16,41,265
16,43,252
16,44,170
16,46,156
16,47,310
16,49,525
16,50,121
16,52,121
16,54,44
16,56,370
16,58,327
16,59,444
16,60,356
16,62,266
16,63,182
16,64,558
16,66,503
16,68,404
16,69,280
16,74,545
16,77,489
16,78,434
16,80,102
16,83,158
16,87,375
16,88,14
16,91,414
16,94,298
16,98,527
16,111,448
16,112,480
16,114,311
16,121,518
16,122,523
16,124,76
16,125,128
16,126,447
16,128,32
16,129,11
16,135,497
16,137,319
16,139,159
16,141,116
16,142,307
16,145,161
16,150,224
16,151,512
16,156,487
16,159,505
16,161,56
16,184,327
16,186,471
16,188,207
16,192,408
16,205,581
16,227,59
16,228,52
16,232,73
16,236,276
16,242,332
16,243,60
16,245,437
16,250,535
16,256,103
16,262,541
16,264,1
16,267,244
16,275,369
16,279,43
16,291,314
17,1,424
17,3,224
17,4,409
17,6,273
17,7,250
17,8,380
17,11,84
17,12,364
17,13,256
17,15,439
17,16,438
17,19,474
17,23,433
17,24,356
17,25,221
17,26,122
17,27,100
17,28,227
17,29,88
17,32,27
17,33,162
17,35,285
17,36,503
17,37,211
17,38,284
17,40,374
17,42,326
17,43,248
17,47,385
17,48,431
17,52,421
17,53,327
17,55,400
17,56,440
17,57,131
17,58,114
17,59,457
17,60,298
17,61,11
17,63,258
17,66,358
17,69,282
17,71,339
17,72,110
17,73,356
17,74,557
17,75,470
17,78,67
17,81,146
17,82,177
17,86,457
17,91,433
17,94,444
17,96,543
17,97,118
17,100,313
17,103,435
17,105,583
17,107,599
17,108,75
17,112,260
17,113,110
17,114,130
17,116,1
17,117,33
17,122,497
17,123,510
17,125,482
17,126,59
17,128,482
17,130,419
17,133,561
17,138,61
17,149,174
17,151,282
17,154,240
17,155,86
17,160,424
17,163,189
17,169,239
17,170,600
17,171,137
17,173,21
17,182,59
17,183,280
17,185,182
17,186,319
17,191,94
17,202,525
17,204,361
17,206,463
17,210,466
17,212,1
17,214,294
17,216,43
17,221,209
17,232,302
17,239,196
17,245,416
17,257,234
17,261,556
17,270,326
17,277,359
17,280,283
17,296,118
17,297,248
18,1,33
18,2,123
18,3,288
18,4,433
18,5,535
18,8,351
18,9,236
18,10,129
18,12,397
18,15,364
18,16,83
18,21,142
18,22,5
18,25,139
18,27,407
18,29,425
18,32,126
18,33,235
18,34,239
18,38,386
18,39,12
18,43,390
18,44,34
18,45,347
18,48,121
18,49,513
18,50,405
18,51,213
18,52,283
18,53,551
18,54,391
18,55,328
18,56,467
18,58,22
18,59,403
18,61,78
18,62,317
18,69,287
18,74,429
18,76,165
18,79,588
18,81,461
18,82,369
18,83,199
18,84,326
18,86,359
18,89,208
18,92,505
18,95,35
18,97,570
18,98,130
18,99,271
18,102,153
18,104,464
18,107,382
18,108,80
18,115,293
18,123,412
18,124,530
18,126,79
18,128,354
18,129,207
18,130,355
18,131,419
18,133,256
18,147,365
18,148,36
18,152,9
18,155,159
18,157,15
18,167,260
18,173,304
18,174,454
18,196,501
18,199,441
18,203,362
18,214,336
18,215,252
18,219,335
18,224,121
18,232,385
18,233,582
18,264,343
18,269,294
18,271,101
18,278,195
18,280,325
18,281,534
18,291,363
19,2,180
19,3,55
19,4,495
19,5,346
19,6,448
19,7,360
19,11,31
19,12,434
19,14,335
19,15,183
19,16,428
19,17,474
19,20,189
19,21,511
19,22,269
19,24,195
19,25,526
19,26,229
19,27,202
19,28,49
19,30,407
19,33,472
19,34,365
19,35,67
19,38,420
19,40,294
19,42,211
19,43,341
19,44,426
19,46,302
19,47,280
19,49,380
19,52,419
19,54,562
19,55,550
19,56,39
19,57,300
19,59,391
19,60,305
19,61,312
19,62,423
19,64,73
19,66,51
19,70,122
19,71,253
19,72,346
19,76,442
19,84,449
19,86,195
19,88,53
19,93,15
19,95,571
19,96,524
19,100,439
19,103,265
19,104,398
19,106,455
19,113,401
19,118,61
19,120,449
19,121,218
19,124,506
19,127,25
19,143,125
19,149,167
19,150,563
19,153,504
19,156,572
19,157,511
19,159,131
19,160,407
19,162,493
19,165,253
19,171,359
19,174,182
19,178,404
19,179,213
19,180,430
19,184,384
19,186,109
19,187,394
19,205,28
19,210,247
19,212,86
19,225,280
19,226,240
19,227,36
19,233,426
19,250,268
19,251,114
19,255,397
19,256,66
19,262,115
19,265,52
19,272,276
19,287,230
19,295,384
19,299,152
20,1,560
20,2,111
20,3,549
20,4,296
20,6,57
20,8,135
20,9,110
20,10,433
20,13,597
20,14,240
20,15,526
20,16,387
20,19,189
20,21,386
20,23,505
20,26,256
20,27,262
20,29,599
20,30,232
20,31,176
20,33,496
20,34,169
20,36,372
20,38,193
20,39,204
20,40,294
20,43,232
20,45,378
20,47,224
20,48,540
20,49,219
20,50,40
20,53,31
20,54,70
20,55,188
20,57,33
20,60,492
20,67,250
20,68,260
20,69,486
20,71,175
20,77,532
20,78,557
20,79,152
20,82,567
20,85,478
20,86,591
20,91,593
20,93,21
20,98,283
20,102,216
20,106,413
20,109,87
20,112,34
20,113,515
20,118,156
20,119,180
20,128,465
20,129,514
20,130,222
20,136,382
20,143,182
20,144,172
20,145,541
20,149,168
20,150,112
20,162,65
20,165,569
20,174,594
20,178,139
20,183,315
20,189,36
20,194,380
20,195,283
20,199,201
20,207,171
20,213,134
20,223,383
20,224,489
20,228,399
20,233,480
20,237,486
20,240,498
20,244,519
20,247,491
20,257,449
20,259,18
20,271,14
20,288,501
20,295,14
20,296,337
21,1,59
21,3,180
21,4,572
21,7,321
21,8,469
21,9,392
21,10,213
21,11,435
21,12,459
21,15,372
21,18,142
21,19,511
21,20,386
21,22,343
21,23,352
21,28,530
21,29,284
21,30,272
21,31,521
21,32,79
21,33,392
21,34,171
21,36,416
21,37,30
21,38,92
21,42,268
21,43,111
21,44,574
21,45,447
21,50,137
21,51,284
21,55,219
21,56,370
21,57,373
21,60,458
21,61,398
21,62,522
21,63,65
21,66,36
21,68,129
21,71,390
21,72,189
21,73,495
21,75,275
21,76,205
21,78,163
21,79,48
21,80,44
21,81,435
21,82,110
21,86,160
21,87,4
21,88,255
21,90,531
21,91,256
21,92,215
21,95,22
21,98,333
21,99,67
21,101,455
21,105,293
21,107,162
21,112,435
21,113,362
21,121,155
21,124,590
21,130,596
21,131,301
21,133,325
21,144,386
21,145,405
21,146,325
21,150,449
21,158,125
21,159,480
21,160,369
21,162,139
21,163,97
21,166,517
21,168,561
21,170,545
21,178,380
21,179,496
21,184,370
21,185,37
21,186,199
21,197,90
21,198,354
21,200,74
21,201,579
21,202,533
21,205,477
21,215,315
21,219,406
21,228,116
21,232,542
21,261,286
21,270,444
21,275,389
21,291,87
21,294,64
21,295,313
21,298,462
22,1,499
22,2,523
22,3,540
22,4,135
22,7,480
22,8,322
22,9,428
22,11,304
22,12,569
22,13,556
22,14,323
22,15,33
22,18,5
22,19,269
22,21,343
22,23,422
22,25,300
22,27,545
22,28,566
22,29,201
22,31,318
22,35,111
22,36,10
22,37,340
22,38,124
22,39,136
22,41,505
22,43,194
22,44,514
22,45,506
22,46,134
22,47,468
22,49,324
22,51,520
22,55,230
22,59,459
22,63,77
22,64,2
22,67,45
22,70,553
22,71,584
22,72,229
22,75,12
22,77,68
22,79,552
22,83,521
22,84,75
22,85,290
22,87,375
22,90,162
22,91,10
22,93,375
22,95,264
22,97,441
22,99,365
22,111,547
22,112,275
22,113,98
22,116,560
22,118,514
22,125,217
22,130,109
22,135,281
22,138,448
22,139,223
22,143,365
22,146,184
22,148,478
22,151,324
22,156,335
22,166,176
22,169,100
22,175,43
22,178,143
22,182,263
22,187,359
22,188,517
22,190,328
22,191,81
22,194,15
22,204,243
22,206,423
22,210,157
22,212,228
22,213,581
22,214,209
22,216,540
22,224,484
22,237,553
22,241,443
22,243,242
22,244,70
22,253,593
22,261,571
22,274,398
22,276,437
22,277,573
22,280,486
22,288,126
22,295,543
22,296,173
23,1,311
23,4,20
23,5,289
23,8,429
23,9,223
23,10,497
23,13,493
23,14,285
23,16,335
23,17,433
23,20,505
23,21,352
23,22,422
23,24,408
23,25,18
23,26,226
23,27,189
23,28,279
23,29,256
23,30,401
23,31,361
23,34,2
23,36,220
23,37,82
23,39,137
23,41,194
23,42,390
23,44,316
23,45,399
23,46,476
23,48,438
23,49,407
23,51,499
23,52,198
23,53,430
23,54,212
23,56,120
23,57,233
23,58,388
23,59,97
23,60,296
23,62,588
23,63,32
23,67,148
23,68,417
23,69,542
23,70,306
23,71,284
23,72,129
23,76,307
23,81,240
23,83,352
23,84,554
23,88,249
23,89,246
23,92,7
23,100,3
23,101,534
23,104,353
23,105,112
23,107,314
23,117,454
23,118,392
23,121,353
23,122,513
23,123,402
23,124,567
23,125,226
23,129,327
23,130,118
23,133,177
23,136,10
23,139,576
23,141,313
23,143,241
23,149,482
23,151,495
23,154,391
23,155,481
23,157,105
23,160,255
23,171,341
23,174,512
23,175,364
23,181,415
23,184,523
23,185,116
23,192,45
23,193,238
23,196,132
23,202,133
23,205,385
23,209,250
23,214,10
23,215,152
23,223,245
23,227,241
23,228,35
23,234,9
23,238,358
23,242,313
23,244,231
23,248,417
23,255,309
23,275,350
23,285,573
23,288,20
23,299,328
23,300,168
24,1,523
24,2,424
24,3,341
24,5,571
24,7,439
24,9,314
24,10,511
24,11,168
24,14,390
24,16,416
24,17,356
24,19,195
24,23,408
24,26,232
24,27,144
24,28,594
24,29,117
24,30,390
24,31,135
24,32,315
24,33,115
24,36,461
24,37,91
24,38,567
24,41,262
24,42,170
24,45,337
24,46,321
24,47,217
24,48,445
24,53,360
24,56,219
24,58,415
24,59,16
24,62,508
24,63,347
24,68,565
24,70,271
24,71,306
24,78,463
24,81,344
24,83,236
24,87,317
24,90,539
24,91,454
24,92,409
24,93,597
24,94,37
24,97,509
24,98,99
24,101,568
24,104,291
24,106,128
24,107,595
24,118,174
24,119,244
24,122,399
24,123,138
24,126,502
24,129,345
24,132,584
24,135,367
24,140,351
24,141,298
24,144,580
24,146,424
24,148,301
24,165,342
24,171,593
24,180,580
24,182,113
24,183,38
24,196,265
24,197,226
24,198,522
24,209,9
24,215,511
24,227,278
24,231,183
24,235,64
24,240,565
24,243,41
24,244,476
24,247,112
24,248,341
24,255,79
24,271,550
24,273,301
24,283,269
24,285,400
24,290,195
24,291,12
24,298,548
25,4,474
25,5,324
25,6,204
25,8,513
25,10,99
25,13,413
25,15,462
25,16,281
25,17,221
25,18,139
25,19,526
25,22,300
25,23,18
25,26,499
25,28,487
25,29,172
25,30,355
25,32,348
25,35,34
25,36,261
25,37,473
25,38,583
25,40,172
25,42,528
25,43,47
25,44,264
25,45,346
25,46,435
25,47,554
25,48,50
25,50,149
25,51,60
25,57,547
25,58,62
25,59,463
25,61,173
25,66,114
25,67,76
25,68,8
25,72,499
25,73,356
25,74,587
25,82,499
25,83,325
25,84,92
25,86,266
25,89,446
25,90,45
25,92,524
25,93,521
25,94,354
25,95,172
25,97,266
25,98,1
25,100,591
25,104,211
25,109,385
25,110,15
25,118,414
25,120,371
25,121,212
25,122,117
25,123,279
25,124,370
25,134,560
25,136,142
25,142,387
25,144,158
25,145,247
25,148,240
25,149,465
25,163,154
25,174,183
25,180,218
25,182,423
25,188,330
25,190,590
25,193,522
25,194,239
25,206,458
25,213,261
25,216,191
25,218,405
25,229,83
25,230,220
25,239,243
25,240,151
25,247,498
25,250,75
25,252,156
25,258,586
25,260,270
25,264,473
25,275,63
25,277,167
25,278,18
25,282,524
25,283,310
25,284,97
25,289,214
25,299,524
26,1,531
26,2,241
26,3,304
26,4,478
26,5,497
26,8,70
26,10,75
26,11,489
26,14,125
26,15,353
26,16,323
26,17,122
26,19,229
26,20,256
26,23,226
26,24,232
26,25,499
26,27,231
26,30,100
26,34,231
26,35,309
26,37,515
26,38,322
26,40,116
26,43,550
26,44,301
26,45,180
26,46,299
26,48,397
26,49,495
26,51,459
26,54,15
26,55,577
26,57,411
26,58,4
26,59,67
26,62,382
26,65,424
26,66,590
26,70,461
26,72,105
26,73,196
26,74,288
26,75,200
26,78,401
26,79,334
26,81,565
26,86,577
26,88,357
26,91,559
26,96,465
26,98,547
26,102,158
26,103,274
26,104,580
26,109,330
26,113,391
26,114,161
26,119,204
26,127,136
26,130,297
26,144,477
26,145,176
26,147,204
26,148,438
26,151,335
26,153,336
26,154,225
26,156,454
26,160,19
26,162,364
26,165,492
26,170,538
26,176,556
26,177,282
26,185,405
26,195,342
26,204,87
26,208,35
26,210,457
26,211,148
26,217,461
26,222,328
26,224,563
26,225,520
26,226,469
26,228,208
26,238,289
26,240,381
26,253,211
26,257,356
26,263,345
26,264,309
26,275,57
26,278,410
26,283,548
26,286,137
26,288,111
26,292,13
26,297,469
27,1,39
27,3,146
27,4,46
27,8,401
27,9,526
27,10,572
27,12,478
27,13,256
27,15,75
27,16,206
27,17,100
27,18,407
27,19,202
27,20,262
27,22,545
27,23,189
27,24,144
27,26,231
27,28,274
27,30,370
27,31,376
27,32,278
27,33,74
27,35,400
27,37,421
27,39,441
27,41,281
27,42,138
27,43,426
27,44,102
27,47,392
27,50,535
27,51,551
27,52,18
27,53,309
27,54,97
27,55,114
27,57,94
27,59,575
27,63,584
27,64,245
27,65,407
27,68,169
27,70,16
27,75,47
27,76,84
27,77,65
27,80,414
27,81,70
27,82,24
27,85,276
27,86,166
27,87,318
27,88,217
27,90,496
27,91,169
27,93,384
27,94,53
27,98,7
27,99,192
27,102,34
27,105,310
27,107,397
27,108,141
27,110,106
27,113,541
27,115,346
27,116,182
27,117,417
27,120,565
27,122,12
27,130,324
27,131,144
27,134,345
27,144,318
27,146,364
27,148,11
27,157,484
27,164,111
27,170,372
27,177,258
27,194,511
27,202,341
27,215,110
27,222,388
27,223,341
27,227,419
27,229,596
27,242,330
27,243,43
27,248,114
27,251,10
27,253,62
27,255,539
27,259,588
27,264,592
27,273,556
27,276,147
27,279,577
27,283,251
27,284,594
27,295,578
28,1,419
28,2,163
28,3,401
28,4,187
28,6,191
28,8,533
28,9,65
28,10,411
28,13,149
28,15,237
28,17,227
28,19,49
28,21,530
28,22,566
28,23,279
28,24,594
28,25,487
28,27,274
28,29,262
28,30,358
28,31,130
28,32,198
28,34,513
28,35,93
28,36,310
28,38,594
28,40,163
28,41,512
28,42,265
28,43,399
28,44,13
28,45,568
28,46,67
28,48,190
28,49,359
28,53,474
28,55,185
28,56,243
28,58,582
28,59,260
28,61,396
28,62,129
28,63,122
28,64,46
28,65,97
28,73,368
28,74,293
28,75,134
28,77,53
28,78,402
28,79,531
28,80,132
28,81,296
28,84,362
28,85,65
28,87,443
28,88,348
28,89,310
28,91,221
28,93,410
28,96,553
28,101,10
28,103,435
28,106,409
28,108,224
28,110,310
28,114,536
28,115,56
28,117,157
28,118,514
28,119,385
28,123,132
28,126,195
28,128,332
28,136,575
28,138,38
28,144,471
28,145,512
28,147,558
28,149,446
28,150,596
28,159,519
28,163,586
28,164,172
28,165,275
28,166,142
28,168,353
28,170,580
28,173,182
28,178,86
28,183,43
28,189,416
28,191,282
28,196,171
28,197,288
28,198,84
28,200,452
28,203,53
28,206,282
28,209,377
28,210,154
28,228,446
28,232,110
28,238,307
28,239,463
28,241,263
28,253,67
28,254,110
28,256,480
28,265,592
28,273,244
28,276,582
28,277,142
28,291,209
28,299,49
29,1,179
29,3,498
29,5,408
29,6,248
29,9,382
29,10,446
29,11,363
29,12,460
29,17,88
29,18,425
29,20,599
29,21,284
29,22,201
29,23,256
29,24,117
29,25,172
29,28,262
29,30,502
29,31,594
29,32,264
29,33,436
29,34,138
29,38,180
29,39,114
29,41,191
29,42,390
29,46,150
29,47,542
29,48,145
29,52,593
29,57,129
29,58,440
29,63,78
29,65,170
29,66,241
29,67,469
29,71,329
29,73,273
29,74,376
29,75,55
29,79,6
29,80,215
29,81,600
29,83,195
29,86,251
29,94,587
29,95,367
29,97,274
29,99,295
29,103,57
29,106,44
29,110,563
29,117,368
29,118,411
29,119,509
29,125,18
29,129,548
29,133,164
29,137,264
29,145,78
29,146,578
29,147,553
29,148,343
29,164,382
29,165,37
29,177,484
29,178,586
29,185,401
29,188,283
29,191,110
29,194,599
29,196,548
29,199,377
29,201,447
29,210,155
29,214,449
29,216,140
29,217,304
29,221,497
29,228,553
29,230,527
29,234,53
29,236,493
29,241,328
29,248,570
29,257,492
29,264,392
29,272,552
29,282,491
29,283,193
29,297,594
30,1,579
30,2,87
30,4,563
30,5,346
30,7,297
30,9,321
30,10,15
30,11,391
30,12,511
30,15,537
30,16,9
30,19,407
30,20,232
30,21,272
30,23,401
30,24,390
30,25,355
30,26,100
30,27,370
30,28,358
30,29,502
30,33,56
30,34,41
30,36,374
30,38,368
30,39,244
30,40,12
30,42,329
30,43,134
30,44,401
30,46,48
30,47,544
30,48,23
30,49,397
30,50,87
30,51,378
30,52,556
30,54,574
30,55,132
30,57,67
30,58,233
30,59,477
30,60,372
30,61,121
30,62,463
30,64,180
30,65,540
30,68,481
30,71,128
30,75,71
30,76,182
30,78,289
30,79,296
30,81,19
30,82,232
30,88,454
30,90,591
30,92,211
30,97,104
30,103,204
30,104,476
30,108,127
30,113,5
30,114,572
30,118,174
30,126,432
30,134,14
30,142,187
30,143,486
30,149,1
30,154,394
30,158,42
30,164,367
30,171,491
30,173,360
30,184,492
30,185,144
30,200,375
30,207,60
30,208,584
30,209,265
30,211,565
30,213,404
30,215,539
30,216,100
30,217,545
30,221,363
30,228,11
30,236,127
30,243,427
30,249,287
30,253,186
30,256,201
30,257,345
30,265,313
30,266,262
30,272,45
30,280,371
30,289,449
30,291,529
31,2,107
31,5,396
31,6,175
31,8,491
31,9,200
31,10,417
31,11,403
31,12,173
31,13,521
31,16,214
31,20,176
31,21,521
31,22,318
31,23,361
31,24,135
31,27,376
31,28,130
31,29,594
31,36,208
31,38,186
31,39,416
31,42,98
31,44,392
31,46,368
31,47,39
31,49,433
31,51,138
31,53,449
31,54,254
31,57,565
31,58,100
31,60,588
31,62,339
31,63,113
31,64,59
31,65,561
31,68,75
31,70,554
31,73,326
31,75,409
31,76,449
31,78,559
31,79,324
31,80,91
31,81,345
31,83,581
31,85,241
31,88,462
31,91,486
31,93,584
31,95,464
31,98,572
31,99,469
31,101,168
31,107,64
31,108,589
31,109,146
31,113,404
31,115,427
31,116,577
31,121,108
31,122,509
31,124,336
31,127,102
31,131,374
31,133,27
31,134,573
31,136,126
31,137,459
31,138,275
31,140,461
31,141,200
31,142,13
31,149,67
31,150,589
31,152,45
31,154,395
31,163,469
31,170,398
31,172,258
31,173,46
31,175,548
31,194,348
31,197,230
31,203,254
31,209,273
31,226,134
31,230,234
31,249,242
31,250,590
31,252,232
31,258,196
31,270,476
31,273,277
31,286,594
31,292,245
32,1,506
32,3,400
32,4,503
32,5,127
32,7,249
32,8,184
32,9,99
32,10,539
32,12,171
32,13,397
32,15,44
32,16,598
32,17,27
32,18,126
32,21,79
32,24,315
32,25,348
32,27,278
32,28,198
32,29,264
32,33,295
32,34,247
32,35,253
32,36,315
32,37,581
32,38,346
32,39,509
32,41,198
32,42,469
32,43,520
32,44,142
32,45,322
32,47,378
32,49,438
32,50,183
32,53,391
32,55,462
32,56,60
32,57,546
32,60,314
32,61,258
32,62,137
32,64,118
32,65,112
32,70,433
32,71,346
32,72,408
32,73,463
32,78,69
32,81,208
32,83,369
32,86,591
32,90,171
32,93,500
32,99,106
32,106,124
32,109,257
32,110,523
32,114,65
32,115,26
32,117,110
32,122,354
32,132,474
32,144,473
32,145,32
32,155,321
32,159,348
32,169,407
32,176,350
32,199,531
32,201,335
32,211,403
32,213,167
32,220,141
32,234,201
32,238,195
32,241,589
32,244,192
32,254,389
32,255,477
32,258,30
32,260,316
32,263,315
32,268,64
32,273,179
32,288,152
32,289,82
32,299,227
33,1,195
33,2,225
33,3,83
33,4,266
33,5,73
33,6,577
33,7,324
33,8,512
33,9,575
33,10,526
33,12,468
33,13,405
33,14,508
33,17,162
33,18,235
33,19,472
33,20,496
33,21,392
33,24,115
33,27,74
33,29,436
33,30,56
33,32,295
33,34,488
33,35,440
33,36,111
33,37,63
33,38,58
33,39,539
33,40,99
33,43,65
33,45,13
33,47,450
33,48,175
33,49,264
33,50,118
33,51,294
33,53,64
33,54,161
33,56,348
33,58,2
33,59,114
33,62,458
33,63,301
33,64,312
33,65,293
33,66,25
33,67,481
33,69,111
33,72,411
33,74,123
33,75,264
33,76,171
33,80,159
33,81,271
33,82,405
33,84,576
33,85,21
33,88,527
33,89,143
33,90,349
33,91,509
33,92,137
33,93,596
33,101,17
33,102,226
33,106,488
33,107,444
33,108,497
33,115,531
33,118,433
33,123,206
33,124,93
33,134,306
33,135,213
33,136,27
33,137,168
33,138,557
33,140,95
33,146,348
33,148,374
33,151,208
33,152,368
33,157,358
33,158,35
33,161,435
33,168,25
33,169,400
33,170,292
33,175,555
33,176,112
33,177,307
33,183,59
33,190,298
33,194,412
33,197,214
33,202,144
33,207,371
33,216,198
33,219,2
33,227,197
33,228,186
33,231,459
33,232,169
33,236,499
33,237,26
33,244,36
33,251,1
33,254,528
33,260,242
33,266,445
33,267,576
33,268,183
33,274,24
33,276,430
33,288,121
34,4,541
34,6,116
34,7,468
34,8,387
34,9,497
34,10,431
34,11,558
34,13,533
34,14,504
34,15,54
34,16,61
34,18,239
34,19,365
34,20,169
34,21,171
34,23,2
34,26,231
34,28,513
34,29,138
34,30,41
34,32,247
34,33,488
34,37,290
34,38,596
34,39,436
34,40,524
34,41,456
34,43,409
34,45,56
34,48,179
34,50,22
34,51,484
34,59,478
34,61,347
34,63,143
34,64,539
34,66,3
34,67,559
34,69,325
34,70,448
34,73,19
34,75,253
34,77,531
34,78,236
34,82,40
34,86,254
34,88,454
34,91,281
34,92,94
34,93,215
34,97,422
34,99,265
34,101,260
34,102,424
34,104,100
34,105,486
34,108,502
34,111,492
34,112,544
34,115,8
34,117,466
34,124,148
34,126,460
34,128,409
34,134,523
34,138,105
34,140,501
34,143,338
34,144,11
34,145,402
34,146,588
34,147,197
34,148,194
34,150,515
34,152,466
34,155,457
34,157,468
34,165,46
34,168,5
34,174,387
34,179,443
34,180,107
34,181,357
34,196,162
34,199,183
34,200,291
34,207,162
34,221,55
34,222,57
34,227,365
34,228,179
34,229,73
34,230,422
34,234,495
34,235,355
34,236,110
34,237,73
34,241,210
34,251,16
34,257,220
34,261,49
34,263,116
34,266,467
34,297,569
35,1,238
35,2,464
35,4,475
35,5,56
35,6,331
35,8,318
35,9,306
35,10,252
35,11,182
35,12,486
35,16,492
35,17,285
35,19,67
35,22,111
35,25,34
35,26,309
35,27,400
35,28,93
35,32,253
35,33,440
35,36,340
35,39,539
35,41,310
35,43,82
35,44,581
35,45,107
35,46,591
35,47,264
35,48,527
35,50,13
35,51,17
35,53,394
35,54,405
35,55,422
35,60,515
35,64,592
35,65,140
35,66,598
35,67,583
35,68,337
35,69,469
35,72,498
35,77,17
35,79,398
35,83,224
35,84,51
35,87,5
35,89,512
35,97,160
35,99,207
35,100,597
35,101,577
35,106,251
35,109,131
35,112,25
35,113,293
35,119,198
35,121,451
35,124,207
35,128,578
35,130,100
35,132,315
35,133,337
35,134,328
35,146,97
35,147,60
35,150,587
35,153,106
35,154,393
35,155,152
35,162,166
35,164,62
35,172,50
35,174,327
35,176,226
35,187,495
35,190,580
35,192,178
35,198,65
35,214,440
35,217,271
35,219,547
35,220,190
35,224,341
35,225,365
35,242,428
35,247,316
35,252,58
35,257,316
35,264,100
35,270,396
35,277,81
35,282,1
35,297,369
36,1,165
36,2,521
36,3,419
36,4,145
36,5,347
36,6,140
36,10,121
36,11,17
36,15,66
36,16,381
36,17,503
36,20,372
36,21,416
36,22,10
36,23,220
36,24,461
36,25,261
36,28,310
36,30,374
36,31,208
36,32,315
36,33,111
36,35,340
36,37,53
36,38,215
36,39,566
36,40,540
36,43,245
36,44,475
36,47,572
36,48,108
36,49,270
36,50,541
36,52,221
36,53,508
36,54,40
36,57,131
36,58,341
36,59,346
36,62,557
36,64,549
36,65,562
36,66,544
36,69,428
36,70,415
36,72,506
36,73,548
36,74,327
36,75,287
36,76,515
36,78,224
36,88,558
36,90,459
36,94,448
36,96,580
36,102,255
36,103,311
36,106,473
36,114,179
36,117,476
36,118,435
36,120,295
36,125,501
36,132,429
36,135,422
36,147,379
36,148,487
36,149,183
36,150,554
36,151,522
36,152,1
36,155,214
36,161,209
36,162,19
36,167,341
36,168,391
36,173,450
36,184,571
36,194,199
36,202,114
36,208,464
36,210,218
36,212,554
36,213,225
36,215,279
36,223,11
36,231,70
36,232,248
36,235,282
36,238,491
36,254,531
36,255,504
36,277,35
36,280,34
36,284,76
36,292,563
36,296,134
36,297,81
37,1,195
37,3,164
37,4,89
37,7,23
37,9,194
37,10,48
37,11,31
37,12,57
37,14,242
37,15,103
37,17,211
37,21,30
37,22,340
37,23,82
37,24,91
37,25,473
37,26,515
37,27,421
37,32,581
37,33,63
37,34,290
37,36,53
37,38,355
37,40,108
37,44,358
37,48,467
37,50,552
37,51,545
37,53,589
37,56,440
37,58,123
37,60,451
37,62,367
37,63,539
37,67,347
37,68,327
37,70,280
37,72,385
37,75,156
37,76,74
37,77,326
37,78,315
37,79,282
37,81,122
37,84,448
37,85,462
37,88,566
37,92,162
37,93,151
37,95,584
37,97,526
37,98,330
37,100,384
37,103,396
37,105,248
37,106,504
37,107,398
37,109,418
37,110,166
37,117,78
37,119,337
37,126,101
37,127,322
37,130,362
37,131,4
37,132,294
37,134,143
37,136,167
37,139,288
37,146,352
37,155,6
37,156,496
37,161,541
37,162,76
37,163,453
37,166,404
37,169,31
37,177,3
37,178,6
37,182,305
37,184,168
37,186,99
37,192,94
37,193,240
37,196,109
37,197,148
37,203,516
37,205,501
37,206,447
37,207,457
37,209,407
37,210,35
37,215,94
37,227,88
37,237,67
37,239,224
37,251,196
37,252,533
37,259,264
37,260,306
37,263,362
37,264,380
37,280,517
37,285,587
37,287,50
37,295,4
38,2,394
38,3,451
38,4,165
38,5,131
38,6,359
38,9,529
38,11,581
38,12,420
38,15,209
38,16,158
38,17,284
38,18,386
38,19,420
38,20,193
38,21,92
38,22,124
38,24,567
38,25,583
38,26,322
38,28,594
38,29,180
38,30,368
38,31,186
38,32,346
38,33,58
38,34,596
38,36,215
38,37,355
38,40,450
38,41,463
38,43,130
38,44,365
38,45,344
38,46,165
38,47,531
38,48,446
38,50,328
38,51,337
38,54,454
38,55,10
38,56,158
38,57,60
38,60,222
38,61,22
38,62,251
38,63,86
38,65,445
38,71,159
38,73,374
38,74,381
38,75,331
38,76,408
38,79,410
38,81,516
38,83,254
38,84,204
38,87,12
38,89,442
38,90,144
38,91,72
38,92,46
38,96,108
38,100,304
38,101,237
38,103,435
38,105,343
38,112,69
38,124,382
38,132,451
38,136,595
38,139,309
38,157,465
38,159,270
38,165,323
38,167,41
38,173,557
38,174,597
38,180,400
38,183,596
38,185,149
38,186,470
38,189,172
38,192,516
38,194,574
38,196,600
38,197,339
38,205,97
38,208,418
38,217,596
38,218,223
38,222,56
38,225,105
38,226,137
38,233,210
38,238,393
38,243,86
38,244,182
38,247,559
38,253,190
38,255,445
38,265,397
38,266,149
38,268,426
38,274,119
38,283,478
38,298,80
38,299,580
39,1,491
39,2,414
39,4,538
39,5,462
39,6,336
39,7,172
39,8,499
39,10,183
39,11,466
39,13,169
39,14,31
39,16,340
39,18,12
39,20,204
39,22,136
39,23,137
39,27,441
39,29,114
39,30,244
39,31,416
39,32,509
39,33,539
39,34,436
39,35,539
39,36,566
39,40,395
39,41,589
39,43,25
39,47,164
39,48,573
39,49,338
39,50,303
39,51,437
39,52,371
39,53,516
39,54,424
39,55,111
39,56,165
39,59,451
39,60,308
39,63,125
39,66,140
39,67,593
39,68,95
39,72,288
39,73,10
39,76,53
39,77,148
39,80,527
39,82,565
39,84,127
39,87,136
39,88,303
39,89,182
39,92,269
39,94,345
39,96,92
39,97,523
39,99,455
39,100,308
39,101,516
39,102,300
39,103,303
39,104,4
39,106,93
39,115,239
39,117,579
39,118,83
39,133,553
39,138,579
39,148,569
39,152,94
39,157,357
39,163,216
39,173,503
39,174,589
39,176,96
39,188,179
39,191,500
39,192,546
39,204,42
39,205,96
39,212,323
39,217,590
39,221,272
39,223,336
39,243,483
39,251,418
39,267,421
39,269,432
39,274,148
39,276,82
39,277,12
39,284,344
39,291,458
40,1,423
40,2,428
40,4,200
40,6,598
40,7,28
40,8,460
40,9,116
40,10,143
40,12,531
40,13,139
40,14,593
40,15,390
40,17,374
40,19,294
40,20,294
40,25,172
40,26,116
40,28,163
40,30,12
40,33,99
40,34,524
40,36,540
40,37,108
40,38,450
40,39,395
40,41,326
40,42,503
40,43,317
40,44,278
40,45,325
40,46,274
40,47,348
40,49,463
40,51,404
40,52,385
40,55,551
40,57,208
40,58,28
40,59,285
40,62,250
40,64,290
40,65,18
40,68,368
40,70,443
40,71,208
40,74,550
40,75,140
40,77,289
40,79,409
40,80,591
40,84,48
40,87,175
40,99,375
40,100,211
40,104,170
40,105,125
40,107,502
40,108,59
40,111,555
40,118,150
40,124,179
40,127,63
40,131,383
40,132,163
40,134,104
40,135,294
40,140,198
