source,target,weight
1,2,222
1,3,101
1,4,351
1,6,381
1,8,292
1,9,477
1,10,266
1,13,482
1,16,286
1,18,256
1,19,335
1,20,303
1,22,202
1,23,45
1,25,344
1,26,231
1,27,465
1,29,407
1,34,231
1,36,110
1,37,546
1,39,578
1,40,575
1,41,240
1,44,183
1,47,486
1,49,234
1,50,425
1,51,181
1,56,240
1,57,90
1,58,528
1,59,584
1,64,5
1,67,130
1,69,279
1,72,432
1,73,514
1,76,285
1,81,471
1,85,99
1,92,259
1,94,383
1,107,257
1,118,97
1,120,565
1,128,204
1,130,451
1,132,491
1,145,73
1,147,237
1,148,108
1,151,478
1,154,185
1,155,486
1,161,364
1,168,459
1,169,553
1,170,141
1,171,21
1,183,249
1,184,433
1,185,593
1,187,175
1,190,503
1,194,439
1,199,428
1,201,85
1,202,155
1,216,298
1,221,318
1,222,44
1,249,64
1,272,163
1,281,239
1,287,269
2,1,222
2,3,578
2,5,509
2,6,273
2,7,147
2,8,64
2,9,251
2,11,233
2,12,472
2,13,253
2,15,143
2,16,254
2,17,297
2,18,552
2,19,104
2,20,401
2,24,282
2,25,546
2,27,531
2,28,448
2,29,416
2,30,41
2,34,370
2,35,334
2,39,521
2,40,532
2,44,84
2,46,458
2,48,213
2,49,521
2,51,390
2,56,379
2,62,442
2,63,371
2,69,225
2,71,409
2,72,292
2,80,94
2,85,524
2,86,119
2,89,170
2,94,258
2,110,356
2,112,404
2,115,210
2,117,416
2,120,367
2,122,45
2,125,257
2,142,49
2,143,134
2,146,375
2,147,471
2,149,19
2,151,404
2,164,109
2,178,526
2,180,153
2,190,149
2,194,367
2,195,389
2,198,499
2,207,154
2,209,37
2,216,488
2,219,435
2,232,161
2,235,267
2,238,161
2,246,517
2,272,303
2,280,540
2,289,459
3,1,101
3,2,578
3,4,72
3,5,476
3,7,407
3,8,74
3,9,565
3,10,426
3,11,66
3,15,236
3,16,391
3,18,369
3,19,538
3,20,477
3,21,307
3,23,15
3,24,447
3,25,133
3,26,213
3,27,485
3,28,410
3,29,485
3,31,319
3,33,351
3,35,447
3,36,460
3,37,474
3,45,356
3,48,466
3,49,1
3,50,430
3,55,337
3,58,564
3,59,164
3,60,361
3,61,271
3,62,310
3,66,552
3,71,456
3,76,132
3,79,147
3,80,472
3,84,329
3,94,55
3,96,329
3,112,429
3,118,472
3,119,43
3,137,48
3,140,473
3,149,505
3,153,232
3,179,198
3,190,361
3,191,107
3,198,284
3,232,9
3,234,89
3,235,11
3,244,353
3,262,51
3,279,516
3,288,357
4,1,351
4,3,72
4,5,359
4,6,405
4,8,306
4,10,492
4,12,495
4,13,311
4,14,520
4,15,391
4,16,359
4,19,26
4,20,30
4,21,183
4,22,508
4,23,320
4,24,169
4,27,117
4,28,482
4,31,594
4,33,544
4,35,449
4,36,445
4,38,133
4,39,39
4,44,492
4,45,114
4,46,463
4,47,79
4,48,101
4,51,317
4,52,50
4,53,259
4,54,595
4,57,303
4,58,415
4,65,246
4,73,336
4,75,38
4,76,97
4,79,336
4,81,492
4,89,26
4,90,260
4,109,85
4,120,460
4,128,133
4,135,592
4,138,511
4,143,176
4,144,408
4,150,98
4,162,240
4,174,340
4,182,433
4,189,448
4,192,164
4,194,82
4,218,343
4,220,348
4,224,173
4,226,199
4,253,595
4,260,157
4,266,141
4,272,261
4,288,440
5,2,509
5,3,476
5,4,359
5,6,340
5,7,128
5,9,446
5,10,8
5,11,364
5,12,228
5,14,228
5,15,534
5,16,554
5,17,297
5,19,177
5,21,561
5,23,187
5,24,591
5,25,205
5,26,159
5,27,495
5,28,516
5,29,46
5,30,68
5,32,579
5,34,26
5,39,514
5,40,524
5,41,191
5,43,259
5,44,364
5,51,275
5,55,201
5,57,144
5,58,351
5,59,124
5,64,528
5,67,454
5,70,439
5,72,54
5,79,392
5,90,489
5,95,572
5,100,204
5,105,198
5,109,143
5,116,387
5,117,551
5,118,438
5,126,27
5,128,455
5,132,140
5,135,290
5,144,356
5,145,479
5,148,25
5,154,361
5,155,218
5,160,255
5,162,369
5,168,197
5,173,347
5,176,352
5,181,65
5,190,440
5,202,554
5,209,327
5,211,345
5,214,327
5,223,386
5,225,254
5,227,344
5,228,99
5,232,285
5,259,584
5,275,26
5,291,109
5,295,369
5,297,589
6,1,381
6,2,273
6,4,405
6,5,340
6,7,289
6,9,564
6,10,521
6,12,77
6,14,464
6,15,1
6,16,178
6,19,311
6,21,68
6,22,103
6,24,448
6,27,561
6,28,584
6,30,24
6,33,586
6,34,189
6,37,367
6,38,4
6,40,22
6,45,264
6,46,126
6,47,88
6,53,133
6,55,263
6,58,226
6,59,583
6,62,196
6,63,94
6,66,226
6,71,514
6,72,171
6,73,57
6,74,282
6,75,29
6,77,550
6,79,208
6,80,498
6,81,412
6,84,403
6,88,437
6,92,232
6,94,424
6,106,211
6,109,479
6,111,584
6,112,478
6,114,439
6,116,49
6,121,7
6,127,1
6,128,308
6,133,174
6,136,482
6,137,15
6,150,404
6,161,76
6,170,399
6,179,439
6,183,14
6,195,280
6,200,36
6,212,308
6,238,562
6,245,513
6,254,335
6,265,379
6,283,76
7,2,147
7,3,407
7,5,128
7,6,289
7,11,373
7,13,7
7,15,233
7,16,525
7,17,544
7,18,31
7,22,306
7,25,54
7,26,559
7,27,549
7,30,165
7,32,417
7,33,434
7,34,255
7,35,14
7,40,163
7,41,155
7,43,122
7,46,427
7,51,185
7,52,20
7,54,336
7,56,283
7,57,206
7,62,240
7,66,72
7,70,7
7,71,376
7,75,433
7,82,185
7,88,188
7,89,16
7,91,379
7,99,433
7,101,136
7,108,224
7,114,51
7,124,86
7,145,172
7,147,497
7,176,101
7,178,582
7,184,561
7,193,442
7,204,475
7,205,62
7,218,420
7,226,552
7,230,480
7,241,38
7,259,217
7,271,36
7,281,479
7,282,542
7,288,600
7,293,373
8,1,292
8,2,64
8,3,74
8,4,306
8,10,58
8,11,120
8,14,396
8,16,129
8,20,488
8,21,255
8,22,420
8,23,303
8,24,381
8,25,545
8,26,405
8,27,269
8,28,549
8,31,518
8,32,524
8,34,409
8,35,202
8,46,562
8,47,343
8,49,223
8,52,236
8,54,482
8,55,387
8,59,229
8,60,376
8,61,174
8,62,558
8,63,152
8,65,99
8,67,227
8,68,343
8,69,497
8,70,80
8,71,322
8,73,131
8,74,166
8,77,288
8,78,171
8,83,563
8,84,538
8,86,467
8,90,107
8,91,395
8,95,587
8,97,345
8,99,316
8,100,99
8,101,226
8,105,71
8,112,12
8,120,577
8,133,321
8,141,103
8,143,262
8,152,284
8,155,346
8,158,79
8,167,528
8,168,493
8,193,552
8,204,462
8,207,541
8,210,9
8,222,227
8,224,183
8,230,416
8,243,131
8,247,471
8,264,463
8,266,437
8,282,416
8,300,478
9,1,477
9,2,251
9,3,565
9,5,446
9,6,564
9,10,101
9,11,297
9,12,95
9,13,229
9,17,314
9,20,376
9,22,463
9,23,15
9,25,393
9,27,241
9,28,443
9,29,202
9,30,10
9,31,59
9,38,472
9,39,231
9,40,321
9,41,178
9,45,127
9,46,62
9,47,475
9,54,533
9,57,178
9,58,116
9,59,521
9,63,280
9,65,87
9,66,272
9,68,57
9,69,600
9,71,108
9,72,534
9,74,117
9,75,179
9,80,62
9,81,589
9,85,320
9,87,245
9,93,161
9,95,319
9,96,246
9,99,351
9,100,72
9,101,177
9,105,436
9,116,5
9,138,485
9,147,465
9,152,309
9,154,507
9,159,35
9,161,212
9,163,380
9,165,139
9,169,484
9,179,598
9,180,71
9,185,297
9,195,288
9,199,67
9,209,362
9,213,320
9,219,132
9,226,596
9,234,147
9,239,365
9,243,99
9,247,297
9,249,436
9,276,473
9,279,306
10,1,266
10,3,426
10,4,492
10,5,8
10,6,521
10,8,58
10,9,101
10,11,457
10,12,140
10,13,104
10,14,394
10,15,255
10,16,29
10,17,238
10,18,544
10,20,335
10,21,341
10,22,79
10,23,194
10,24,360
10,25,229
10,26,494
10,27,498
10,29,86
10,30,340
10,34,277
10,35,558
10,36,54
10,37,455
10,38,51
10,39,469
10,47,368
10,53,336
10,57,563
10,60,394
10,63,419
10,68,303
10,70,76
10,71,150
10,72,277
10,74,204
10,76,503
10,79,437
10,80,82
10,85,445
10,96,371
10,103,368
10,109,15
10,120,129
10,123,548
10,125,136
10,131,136
10,135,322
10,136,46
10,137,546
10,138,256
10,142,31
10,143,499
10,145,37
10,150,219
10,151,194
10,158,525
10,161,468
10,168,207
10,173,460
10,195,412
10,199,357
10,205,567
10,208,98
10,216,271
10,219,518
10,224,440
10,226,149
10,264,457
10,266,124
10,273,314
10,284,422
10,295,500
11,2,233
11,3,66
11,5,364
11,7,373
11,8,120
11,9,297
11,10,457
11,12,567
11,14,414
11,16,568
11,17,116
11,18,191
11,19,425
11,20,269
11,22,416
11,24,590
11,26,519
11,31,372
11,32,71
11,34,267
11,35,126
11,36,44
11,37,372
11,39,388
11,40,214
11,41,205
11,42,486
11,45,190
11,47,515
11,48,18
11,52,177
11,53,123
11,57,375
11,63,365
11,67,210
11,68,38
11,71,168
11,73,160
11,74,246
11,78,95
11,79,106
11,84,578
11,90,313
11,91,131
11,96,405
11,98,304
11,101,223
11,104,164
11,106,518
11,126,61
11,128,328
11,132,113
11,137,249
11,147,384
11,153,260
11,154,567
11,155,200
11,157,290
11,158,445
11,166,210
11,167,354
11,170,398
11,171,260
11,172,254
11,174,92
11,180,110
11,183,157
11,192,354
11,195,398
11,209,582
11,213,587
11,216,597
11,257,98
11,260,173
11,261,517
11,262,353
11,274,555
11,283,243
11,296,265
11,300,177
12,2,472
12,4,495
12,5,228
12,6,77
12,9,95
12,10,140
12,11,567
12,13,215
12,14,388
12,15,483
12,17,538
12,18,452
12,20,577
12,22,99
12,23,598
12,24,404
12,26,425
12,30,382
12,33,318
12,34,20
12,35,65
12,36,50
12,38,59
12,39,435
12,41,30
12,42,111
12,43,149
12,45,46
12,46,120
12,47,72
12,49,40
12,50,487
12,51,512
12,53,321
12,56,576
12,57,69
12,58,233
12,59,11
12,64,191
12,67,570
12,77,520
12,83,598
12,85,39
12,87,352
12,89,203
12,92,60
12,93,303
12,95,286
12,102,394
12,105,351
12,107,372
12,109,462
12,111,510
12,115,367
12,126,346
12,134,200
12,139,470
12,140,80
12,142,109
12,149,66
12,150,263
12,152,304
12,156,514
12,161,174
12,165,193
12,172,273
12,181,362
12,183,324
12,184,536
12,187,562
12,189,474
12,195,513
12,197,3
12,202,227
12,211,552
12,216,347
12,217,299
12,238,55
12,239,321
12,247,284
12,254,403
12,257,256
12,258,42
12,269,10
12,278,464
12,288,397
12,289,93
12,295,528
13,1,482
13,2,253
13,4,311
13,7,7
13,9,229
13,10,104
13,12,215
13,14,238
13,15,430
13,19,94
13,21,198
13,22,428
13,24,541
13,25,141
13,27,412
13,28,184
13,32,105
13,33,277
13,34,325
13,37,155
13,41,426
13,42,137
13,44,298
13,45,225
13,48,85
13,49,38
13,52,205
13,55,431
13,60,439
13,63,6
13,66,472
13,69,180
13,75,478
13,76,114
13,82,528
13,83,476
13,89,168
13,94,68
13,95,240
13,98,236
13,105,419
13,107,358
13,109,150
13,117,373
13,121,379
13,122,313
13,123,65
13,124,26
13,127,362
13,128,91
13,134,148
13,136,354
13,143,261
13,147,60
13,151,147
13,157,172
13,160,77
13,170,302
13,171,233
13,173,491
13,174,427
13,175,386
13,179,236
13,182,211
13,189,479
13,199,455
13,201,407
13,206,556
13,209,476
13,212,409
13,224,214
13,231,263
13,234,340
13,241,409
13,247,235
13,255,443
13,274,373
13,275,540
13,279,289
13,280,485
14,4,520
14,5,228
14,6,464
14,8,396
14,10,394
14,11,414
14,12,388
14,13,238
14,15,489
14,16,406
14,17,521
14,20,186
14,21,179
14,24,598
14,26,20
14,29,231
14,30,586
14,31,518
14,34,147
14,36,346
14,37,392
14,38,77
14,40,444
14,42,394
14,44,82
14,47,482
14,48,16
14,49,381
14,50,477
14,51,196
14,52,42
14,60,420
14,64,526
14,66,273
14,69,112
14,75,407
14,77,120
14,79,201
14,91,101
14,97,437
14,99,367
14,102,594
14,106,244
14,107,11
14,110,503
14,113,415
14,122,99
14,130,458
14,142,160
14,143,348
14,147,140
14,152,437
14,167,275
14,170,3
14,174,60
14,186,203
14,188,74
14,193,103
14,198,375
14,203,426
14,214,145
14,215,66
14,222,7
14,223,430
14,224,423
14,234,521
14,252,350
14,263,80
15,2,143
15,3,236
15,4,391
15,5,534
15,6,1
15,7,233
15,10,255
15,12,483
15,13,430
15,14,489
15,16,65
15,17,367
15,18,408
15,19,205
15,21,202
15,22,373
15,23,588
15,26,221
15,27,12
15,28,418
15,30,387
15,31,511
15,32,438
15,33,378
15,34,311
15,35,413
15,36,430
15,37,81
15,39,239
15,41,168
15,43,342
15,44,569
15,48,177
15,50,34
15,51,328
15,53,521
15,55,333
15,56,3
15,57,600
15,60,441
15,63,220
15,68,184
15,77,430
15,80,185
15,81,561
15,87,411
15,94,478
15,109,145
15,111,581
15,123,72
15,128,456
15,129,549
15,136,341
15,145,39
15,146,546
15,152,303
15,169,370
15,171,275
15,177,129
15,186,10
15,187,233
15,196,31
15,203,145
15,220,375
15,232,292
15,245,409
15,258,170
15,264,377
15,265,5
15,271,587
15,275,420
15,286,216
15,294,165
15,296,369
16,1,286
16,2,254
16,3,391
16,4,359
16,5,554
16,6,178
16,7,525
16,8,129
16,10,29
16,11,568
16,14,406
16,15,65
16,18,308
16,19,444
16,21,335
16,25,366
16,27,250
16,28,41
16,32,457
16,33,598
16,34,278
16,35,287
16,36,193
16,37,284
16,38,376
16,42,499
16,44,481
16,45,168
16,46,368
16,48,127
16,51,495
16,52,588
16,53,353
16,55,124
16,57,312
16,58,245
16,62,291
16,63,160
16,68,467
16,72,95
16,75,177
16,79,292
16,80,176
16,84,496
16,93,547
16,94,479
16,101,500
16,110,237
16,114,274
16,115,578
16,119,21
16,145,382
16,154,505
16,156,2
16,160,556
16,162,339
16,170,535
16,182,89
16,201,321
16,209,550
16,225,573
16,229,231
16,238,251
16,263,211
16,272,70
16,276,534
16,283,43
17,2,297
17,5,297
17,7,544
17,9,314
17,10,238
17,11,116
17,12,538
17,14,521
17,15,367
17,18,365
17,19,168
17,20,160
17,22,533
17,23,9
17,24,340
17,25,345
17,26,230
17,28,578
17,32,256
17,33,130
17,35,194
17,37,227
17,38,585
17,39,362
17,45,171
17,53,18
17,59,30
17,61,39
17,66,94
17,81,375
17,87,543
17,89,435
17,98,178
17,100,569
17,111,233
17,115,265
17,116,349
17,125,322
17,132,252
17,133,565
17,139,113
17,140,491
17,146,191
17,172,245
17,204,557
17,216,3
17,218,273
17,226,335
17,228,598
17,229,261
17,267,104
18,1,256
18,2,552
18,3,369
18,7,31
18,10,544
18,11,191
18,12,452
18,15,408
18,16,308
18,17,365
18,19,11
18,20,343
18,21,221
18,23,145
18,24,271
18,25,440
18,27,159
18,29,239
18,30,31
18,31,226
18,32,579
18,34,52
18,35,1
18,37,389
18,38,352
18,41,566
18,42,523
18,44,173
18,45,149
18,46,298
18,48,121
18,49,256
18,50,194
18,54,9
18,55,589
18,58,35
18,63,175
18,68,529
18,72,284
18,77,569
18,80,582
18,84,121
18,94,18
18,97,454
18,110,355
18,112,247
18,127,507
18,132,443
18,136,526
18,143,511
18,144,479
18,145,531
18,152,572
18,153,220
18,158,199
18,163,366
18,174,74
18,185,24
18,195,411
18,208,36
18,210,394
18,211,185
18,217,59
18,221,226
18,227,521
18,235,554
18,253,67
18,269,370
18,272,389
18,282,142
18,289,170
18,293,340
19,1,335
19,2,104
19,3,538
19,4,26
19,5,177
19,6,311
19,11,425
19,13,94
19,15,205
19,16,444
19,17,168
19,18,11
19,21,568
19,22,53
19,23,450
19,25,290
19,26,598
19,28,76
19,29,564
19,31,388
19,35,4
19,36,270
19,37,581
19,40,57
19,42,564
19,46,187
19,48,369
19,53,420
19,54,226
19,55,155
19,56,192
19,60,421
19,62,144
19,65,167
19,69,406
19,70,91
19,78,426
19,79,448
19,81,312
19,86,192
19,87,429
19,89,268
19,90,450
19,94,61
19,97,346
19,100,423
19,109,471
19,110,310
19,114,76
19,119,298
19,129,34
19,136,116
19,141,590
19,150,201
19,152,283
19,170,559
19,180,321
19,201,55
19,215,321
19,225,552
19,227,310
19,231,517
19,240,297
19,244,126
19,269,148
19,280,96
19,288,40
19,290,2
19,291,445
19,292,188
19,295,351
20,1,303
20,2,401
20,3,477
20,4,30
20,8,488
20,9,376
20,10,335
20,11,269
20,12,577
20,14,186
20,17,160
20,18,343
20,21,152
20,23,105
20,24,163
20,26,132
20,28,586
20,29,189
20,32,460
20,37,522
20,39,463
20,41,29
20,43,384
20,45,521
20,46,495
20,47,357
20,50,238
20,51,567
20,54,284
20,59,185
20,63,547
20,64,514
20,66,14
20,67,580
20,69,87
20,72,79
20,75,29
20,77,264
20,79,139
20,80,319
20,82,368
20,83,41
20,85,506
20,87,581
20,88,91
20,89,84
20,91,507
20,98,5
20,100,30
20,102,210
20,112,571
20,114,42
20,120,425
20,130,432
20,132,295
20,135,269
20,142,364
20,147,166
20,162,409
20,168,71
20,175,195
20,196,142
20,200,466
20,208,74
20,213,22
20,223,113
20,249,36
20,250,388
20,258,70
20,267,280
20,271,149
20,274,570
21,3,307
21,4,183
21,5,561
21,6,68
21,8,255
21,10,341
21,13,198
21,14,179
21,15,202
21,16,335
21,18,221
21,19,568
21,20,152
21,22,144
21,23,585
21,24,62
21,25,41
21,26,539
21,28,196
21,29,257
21,30,20
21,31,15
21,32,502
21,36,535
21,38,481
21,40,381
21,41,225
21,42,177
21,44,384
21,45,326
21,46,195
21,48,88
21,49,511
21,52,210
21,56,504
21,57,515
21,59,120
21,60,138
21,62,341
21,63,168
21,64,460
21,67,210
21,68,1
21,70,354
21,78,397
21,79,536
21,80,552
21,84,591
21,88,23
21,95,379
21,99,93
21,101,599
21,104,160
21,107,396
21,115,146
21,117,161
21,120,375
21,133,193
21,134,418
21,137,472
21,141,120
21,153,492
21,156,325
21,159,490
21,162,367
21,185,168
21,186,463
21,187,237
21,190,142
21,197,455
21,216,249
21,224,68
21,236,155
21,237,296
21,239,375
21,251,259
21,256,297
22,1,202
22,4,508
22,6,103
22,7,306
22,8,420
22,9,463
22,10,79
22,11,416
22,12,99
22,13,428
22,15,373
22,17,533
22,19,53
22,21,144
22,23,185
22,25,551
22,26,579
22,27,368
22,30,47
22,31,110
22,32,163
22,35,369
22,37,165
22,40,248
22,48,130
22,55,239
22,59,28
22,60,158
22,61,324
22,69,317
22,74,273
22,76,277
22,79,402
22,83,91
22,86,268
22,89,340
22,90,455
22,93,241
22,97,332
22,101,531
22,103,192
22,105,104
22,106,349
22,111,415
22,116,258
22,118,41
22,120,440
22,121,378
22,124,434
22,129,148
22,132,183
22,133,527
22,134,284
22,144,47
22,153,352
22,164,233
22,169,257
22,172,84
22,175,444
22,180,513
22,184,588
22,186,103
22,190,289
22,197,371
22,199,116
22,202,470
22,206,267
22,219,130
22,240,6
22,241,379
22,243,43
22,251,2
22,256,488
22,275,101
22,287,445
22,288,494
22,300,425
23,1,45
23,3,15
23,4,320
23,5,187
23,8,303
23,9,15
23,10,194
23,12,598
23,15,588
23,17,9
23,18,145
23,19,450
23,20,105
23,21,585
23,22,185
23,25,255
23,26,76
23,27,455
23,28,8
23,29,422
23,30,573
23,31,14
23,32,18
23,33,90
23,35,575
23,36,238
23,38,45
23,39,564
23,40,353
23,43,320
23,44,386
23,45,540
23,48,65
23,51,336
23,59,380
23,65,369
23,67,241
23,68,266
23,72,384
23,73,508
23,74,526
23,75,487
23,77,210
23,78,90
23,79,13
23,80,368
23,84,329
23,85,382
23,86,62
23,89,35
23,92,45
23,93,57
23,95,536
23,96,2
23,97,463
23,101,529
23,103,157
23,106,27
23,107,280
23,113,529
23,119,578
23,120,15
23,127,264
23,134,545
23,136,17
23,138,263
23,159,430
23,165,186
23,166,170
23,170,415
23,191,508
23,195,322
23,198,27
23,215,349
23,219,569
23,224,185
23,232,24
23,248,132
23,258,60
23,271,527
23,274,594
23,284,27
24,2,282
24,3,447
24,4,169
24,5,591
24,6,448
24,8,381
24,10,360
24,11,590
24,12,404
24,13,541
24,14,598
24,17,340
24,18,271
24,20,163
24,21,62
24,25,163
24,26,138
24,28,374
24,29,230
24,31,557
24,32,143
24,33,246
24,34,215
24,36,168
24,37,517
24,40,85
24,42,576
24,45,3
24,46,35
24,47,59
24,50,103
24,54,109
24,55,336
24,58,248
24,59,128
24,60,342
24,64,572
24,66,416
24,67,355
24,69,181
24,70,144
24,71,350
24,74,368
24,75,368
24,86,476
24,91,263
24,92,270
24,97,81
24,104,587
24,116,515
24,118,539
24,121,420
24,130,436
24,131,136
24,132,315
24,134,52
24,138,373
24,144,430
24,147,475
24,148,487
24,151,569
24,158,405
24,159,56
24,161,298
24,164,178
24,170,45
24,176,509
24,178,22
24,180,188
24,182,527
24,194,412
24,211,314
24,223,548
24,225,98
24,227,137
24,229,590
24,231,536
24,252,583
24,256,333
24,275,461
24,280,73
24,285,470
24,289,517
24,294,539
24,299,25
25,1,344
25,2,546
25,3,133
25,5,205
25,7,54
25,8,545
25,9,393
25,10,229
25,13,141
25,16,366
25,17,345
25,18,440
25,19,290
25,21,41
25,22,551
25,23,255
25,24,163
25,26,324
25,27,87
25,28,520
25,29,504
25,30,11
25,31,327
25,33,365
25,34,59
25,36,324
25,38,349
25,41,186
25,43,100
25,44,100
25,47,41
25,50,233
25,52,339
25,53,584
25,54,430
25,56,350
25,57,291
25,59,220
25,60,223
25,61,537
25,63,245
25,70,587
25,72,85
25,73,511
25,75,290
25,76,135
25,78,468
25,85,193
25,88,475
25,99,149
25,101,547
25,104,145
25,107,196
25,108,350
25,111,267
25,113,339
25,114,201
25,117,364
25,127,295
25,130,389
25,137,586
25,138,165
25,139,230
25,141,79
25,148,127
25,154,6
25,159,66
25,174,196
25,180,147
25,184,341
25,185,333
25,188,471
25,189,359
25,200,592
25,203,261
25,218,528
25,219,549
25,222,574
25,235,391
25,236,546
25,287,441
26,1,231
26,3,213
26,5,159
26,7,559
26,8,405
26,10,494
26,11,519
26,12,425
26,14,20
26,15,221
26,17,230
26,19,598
26,20,132
26,21,539
26,22,579
26,23,76
26,24,138
26,25,324
26,27,109
26,28,445
26,29,546
26,31,23
26,32,599
26,33,423
26,35,397
26,36,521
26,39,332
26,40,514
26,42,464
26,44,62
26,45,255
26,47,234
26,50,137
26,53,149
26,54,346
26,55,393
26,58,6
26,64,298
26,65,200
26,69,384
26,72,114
26,77,500
26,78,202
26,86,526
26,89,183
26,91,480
26,93,321
26,96,309
26,97,524
26,103,303
26,120,505
26,129,152
26,131,513
26,150,187
26,156,257
26,179,304
26,194,108
26,195,558
26,210,322
26,211,295
26,228,312
26,246,267
26,250,291
26,254,284
26,275,552
26,276,552
26,287,29
26,290,137
26,293,323
27,1,465
27,2,531
27,3,485
27,4,117
27,5,495
27,6,561
27,7,549
27,8,269
27,9,241
27,10,498
27,13,412
27,15,12
27,16,250
27,18,159
27,22,368
27,23,455
27,25,87
27,26,109
27,29,156
27,32,477
27,33,162
27,37,351
27,38,586
27,41,543
27,42,264
27,44,179
27,45,571
27,46,226
27,50,125
27,54,193
27,55,126
27,56,564
27,61,291
27,62,533
27,67,584
27,68,319
27,70,377
27,75,111
27,78,304
27,83,194
27,87,113
27,98,241
27,99,433
27,106,455
27,107,397
27,114,308
27,116,410
27,117,529
27,123,163
27,127,544
27,137,342
27,140,228
27,155,389
27,156,449
27,159,544
27,160,480
27,161,92
27,167,314
27,169,31
27,179,445
27,189,588
27,202,215
27,205,390
27,209,462
27,216,155
27,225,31
27,234,36
27,250,197
27,253,361
27,260,470
27,267,497
27,268,600
27,273,387
27,278,302
27,280,522
27,287,118
27,292,264
28,2,448
28,3,410
28,4,482
28,5,516
28,6,584
28,8,549
28,9,443
28,13,184
28,15,418
28,16,41
28,17,578
28,19,76
28,20,586
28,21,196
28,23,8
28,24,374
28,25,520
28,26,445
28,29,553
28,31,90
28,32,462
28,33,125
28,34,294
28,36,301
28,40,363
28,41,87
28,42,108
28,43,101
28,44,471
28,48,435
28,51,497
28,53,554
28,55,563
28,56,475
28,57,198
28,59,501
28,61,328
28,62,342
28,68,80
28,74,416
28,76,428
28,82,445
28,85,312
28,90,238
28,93,225
28,95,403
28,99,305
28,101,158
28,102,81
28,107,117
28,112,311
28,114,445
28,122,468
28,123,498
28,124,487
28,128,145
28,135,456
28,140,56
28,150,3
28,155,179
28,158,142
28,165,593
28,166,107
28,167,98
28,181,403
28,214,276
28,216,241
28,223,128
28,239,279
28,249,349
28,276,328
28,291,52
28,300,434
29,1,407
29,2,416
29,3,485
29,5,46
29,9,202
29,10,86
29,14,231
29,18,239
29,19,564
29,20,189
29,21,257
29,23,422
29,24,230
29,25,504
29,26,546
29,27,156
29,28,553
29,30,147
29,38,471
29,39,263
29,41,566
29,42,99
29,43,397
29,48,301
29,52,475
29,53,293
29,55,221
29,56,406
29,58,445
29,60,414
29,61,584
29,62,561
29,69,501
29,70,361
29,77,398
29,78,571
29,81,253
29,83,240
29,92,122
29,94,284
29,95,132
29,98,487
29,99,370
29,102,449
29,104,590
29,105,549
29,106,144
29,107,74
29,110,439
29,112,543
29,116,345
29,118,259
29,119,34
29,128,558
29,131,510
29,147,95
29,150,534
29,153,36
29,155,367
29,172,472
29,205,315
29,213,249
29,215,274
29,224,68
29,226,122
29,228,317
29,239,367
29,248,544
29,251,427
29,256,271
29,259,405
29,279,588
30,2,41
30,5,68
30,6,24
30,7,165
30,9,10
30,10,340
30,12,382
30,14,586
30,15,387
30,18,31
30,21,20
30,22,47
30,23,573
30,25,11
30,29,147
30,31,162
30,32,387
30,35,377
30,36,299
30,37,314
30,38,175
30,40,126
30,41,261
30,43,486
30,44,95
30,45,352
30,51,594
30,52,285
30,54,389
30,57,166
30,58,314
30,59,264
30,60,567
30,62,321
30,66,123
30,67,110
30,73,523
30,77,538
30,80,553
30,82,453
30,84,88
30,88,262
30,101,297
30,103,137
30,105,414
30,106,586
30,111,256
30,112,327
30,125,147
30,126,27
30,146,526
30,159,525
30,162,196
30,165,61
30,195,261
30,197,148
30,202,45
30,214,590
30,227,538
30,229,309
30,231,163
30,232,305
30,238,419
30,243,42
30,268,449
30,273,310
30,286,83
30,291,401
31,3,319
31,4,594
31,8,518
31,9,59
31,11,372
31,14,518
31,15,511
31,18,226
31,19,388
31,21,15
31,22,110
31,23,14
31,24,557
31,25,327
31,26,23
31,28,90
31,30,162
31,32,209
31,35,263
31,36,172
31,38,505
31,39,304
31,40,165
31,43,197
31,44,534
31,45,432
31,47,336
31,48,196
31,49,359
31,50,501
31,54,97
31,56,443
31,58,399
31,60,40
31,65,465
31,74,143
31,80,556
31,82,446
31,86,209
31,96,354
31,98,436
31,104,425
31,106,211
31,107,184
31,110,190
31,125,494
31,127,360
31,128,153
31,129,471
31,136,106
31,143,227
31,144,65
31,145,565
31,147,195
31,152,578
31,157,181
31,163,2
31,165,468
31,166,335
31,172,407
31,174,75
31,177,523
31,182,281
31,184,411
31,201,550
31,202,29
31,218,341
31,219,89
31,227,591
31,238,307
31,239,505
31,245,429
31,252,395
31,255,219
31,262,113
31,283,508
31,285,524
31,288,197
31,299,367
32,5,579
32,7,417
32,8,524
32,11,71
32,13,105
32,15,438
32,16,457
32,17,256
32,18,579
32,20,460
32,21,502
32,22,163
32,23,18
32,24,143
32,26,599
32,27,477
32,28,462
32,30,387
32,31,209
32,34,411
32,35,330
32,38,413
32,41,14
32,42,283
32,43,286
32,47,261
32,48,285
32,49,317
32,50,217
32,60,360
32,61,138
32,63,192
32,66,598
32,72,579
32,74,147
32,81,130
32,82,486
32,88,158
32,89,251
32,91,569
32,92,394
32,101,406
32,103,299
32,104,319
32,109,360
32,125,525
32,134,21
32,137,325
32,138,148
32,140,79
32,152,464
32,159,552
32,163,540
32,176,218
32,201,121
32,205,282
32,212,376
32,235,430
32,240,480
32,243,402
32,244,297
32,249,358
32,263,272
32,283,198
32,292,388
32,295,350
33,3,351
33,4,544
33,6,586
33,7,434
33,12,318
33,13,277
33,15,378
33,16,598
33,17,130
33,23,90
33,24,246
33,25,365
33,26,423
33,27,162
33,28,125
33,36,267
33,37,1
33,38,113
33,40,482
33,41,591
33,43,303
33,48,86
33,49,41
33,50,212
33,51,426
33,52,155
33,53,304
33,57,397
33,58,226
33,63,308
33,70,210
33,71,210
33,78,139
33,84,265
33,85,400
33,86,360
33,87,397
33,93,104
33,95,347
33,105,439
33,106,328
33,110,502
33,112,264
33,117,474
33,118,144
33,126,404
33,131,103
33,138,317
33,140,96
33,145,63
33,154,160
33,158,394
33,161,570
33,166,419
33,169,214
33,174,557
33,188,482
33,193,140
33,214,213
33,222,53
33,260,52
33,290,513
33,291,84
34,1,231
34,2,370
34,5,26
34,6,189
34,7,255
34,8,409
34,10,277
34,11,267
34,12,20
34,13,325
34,14,147
34,15,311
34,16,278
34,18,52
34,24,215
34,25,59
34,28,294
34,32,411
34,36,227
34,39,585
34,41,48
34,43,382
34,47,285
34,49,450
34,52,8
34,53,491
34,54,58
34,56,494
34,57,268
34,61,197
34,63,66
34,67,112
34,69,222
34,72,7
34,76,355
34,84,220
34,90,584
34,93,177
34,95,582
34,98,401
34,101,89
34,102,553
34,105,561
34,122,437
34,135,573
34,142,98
34,147,164
34,157,470
34,163,239
34,165,168
34,167,401
34,168,525
34,169,268
34,175,370
34,177,457
34,180,97
34,183,118
34,189,192
34,192,47
34,203,528
34,206,418
34,211,149
34,212,387
34,213,216
34,241,420
34,242,461
34,245,495
34,246,218
34,256,5
34,281,280
34,284,418
34,295,468
35,2,334
35,3,447
35,4,449
35,7,14
35,8,202
35,10,558
35,11,126
35,12,65
35,15,413
35,16,287
35,17,194
35,18,1
35,19,4
35,22,369
35,23,575
35,26,397
35,30,377
35,31,263
35,32,330
35,37,286
35,39,114
35,41,11
35,42,139
35,45,135
35,46,362
35,47,81
35,50,257
35,51,39
35,53,409
35,54,484
35,61,62
35,63,429
35,64,190
35,65,61
35,66,212
35,68,11
35,69,99
35,73,567
35,74,270
35,75,139
35,79,306
35,82,27
35,86,289
35,90,21
35,91,402
35,94,451
35,98,444
35,100,229
35,102,351
35,103,135
35,108,549
35,124,374
35,125,179
35,127,493
35,131,548
35,132,66
35,135,583
35,137,330
35,150,512
35,153,549
35,157,216
35,164,256
35,165,37
35,167,340
35,178,497
35,195,25
35,203,507
35,213,99
35,214,147
35,226,481
35,227,104
35,233,343
35,260,132
35,263,205
36,1,110
36,3,460
36,4,445
36,10,54
36,11,44
36,12,50
36,14,346
36,15,430
36,16,193
36,19,270
36,21,535
36,23,238
36,24,168
36,25,324
36,26,521
36,28,301
36,30,299
36,31,172
36,33,267
36,34,227
36,38,143
36,39,19
36,41,438
36,42,55
36,52,305
36,54,183
36,59,229
36,61,213
36,63,199
36,65,288
36,66,421
36,71,63
36,73,342
36,78,334
36,82,487
36,86,63
36,89,209
36,91,209
36,92,72
36,95,373
36,99,366
36,106,68
36,108,449
36,119,55
36,120,179
36,123,424
36,128,141
36,133,88
36,134,334
36,142,247
36,145,446
36,148,370
36,160,271
36,162,348
36,174,10
36,176,230
36,187,403
36,192,368
36,201,206
36,207,120
36,208,328
36,211,537
36,221,256
36,233,93
36,253,60
36,265,319
36,270,227
36,291,180
36,297,271
37,1,546
37,3,474
37,6,367
37,10,455
37,11,372
37,13,155
37,14,392
37,15,81
37,16,284
37,17,227
37,18,389
37,19,581
37,20,522
37,22,165
37,24,517
37,27,351
37,30,314
37,33,1
37,35,286
37,38,282
37,41,238
37,42,207
37,43,367
37,45,365
37,46,11
37,50,152
37,52,48
37,53,337
37,54,548
37,55,580
37,57,4
37,60,216
37,63,370
37,65,530
37,66,2
37,71,310
37,73,285
37,81,483
37,83,6
37,86,272
37,87,85
37,88,530
37,96,64
37,112,396
37,113,137
37,122,193
37,142,545
37,148,337
37,149,105
37,159,152
37,164,540
37,180,286
37,184,559
37,198,532
37,200,119
37,208,519
37,213,507
37,227,285
37,229,270
37,233,550
37,236,530
37,237,229
37,245,513
37,249,105
37,265,74
37,268,313
37,278,483
38,4,133
38,6,4
38,9,472
38,10,51
38,12,59
38,14,77
38,16,376
38,17,585
38,18,352
38,21,481
38,23,45
38,25,349
38,27,586
38,29,471
38,30,175
38,31,505
38,32,413
38,33,113
38,36,143
38,37,282
38,40,39
38,42,345
38,43,516
38,44,140
38,52,442
38,55,285
38,56,456
38,61,437
38,62,372
38,64,46
38,68,406
38,78,24
38,86,533
38,87,394
38,91,241
38,100,552
38,101,423
38,109,237
38,115,494
38,120,62
38,121,227
38,129,185
38,134,247
38,153,87
38,155,248
38,159,592
38,173,484
38,177,434
38,187,520
38,189,94
38,193,369
38,218,477
38,233,434
38,240,87
38,268,116
38,285,548
38,292,519
39,1,578
39,2,521
39,4,39
39,5,514
39,9,231
39,10,469
39,11,388
39,12,435
39,15,239
39,17,362
39,20,463
39,23,564
39,26,332
39,29,263
39,31,304
39,34,585
39,35,114
39,36,19
39,41,324
39,42,335
39,43,200
39,44,222
39,49,150
39,50,11
39,52,12
39,53,191
39,54,271
39,55,369
39,56,429
39,58,533
39,62,126
39,64,410
39,65,116
39,67,211
39,69,472
39,72,12
39,73,113
39,75,83
39,83,185
39,88,54
39,94,93
39,96,418
39,115,596
39,126,259
39,129,235
39,145,292
39,146,593
39,160,108
39,163,513
39,173,149
39,184,459
39,188,519
39,191,181
39,210,215
39,211,216
39,217,581
39,221,489
39,231,174
39,245,27
39,262,350
39,270,180
39,272,225
39,282,98
39,290,119
39,292,212
39,293,343
40,1,575
40,2,532
40,5,524
40,6,22
40,7,163
40,9,321
40,11,214
40,14,444
40,19,57
40,21,381
40,22,248
40,23,353
40,24,85
40,26,514
40,28,363
40,30,126
40,31,165
40,33,482
40,38,39
40,42,441
40,43,165
40,46,541
40,48,527
40,53,109
40,56,560
40,61,174
40,62,598
40,64,437
40,65,202
40,68,94
40,72,83
40,73,1
40,74,521
40,77,188
40,80,89
40,85,505
40,88,180
40,91,141
40,92,135
40,93,438
40,98,131
40,99,231
40,103,400
40,106,511
40,107,9
40,108,342
40,113,99
40,115,60
40,124,116
40,130,242
40,136,533
40,139,428
40,145,78
40,150,577
40,162,178
40,192,138
40,193,340
40,199,342
40,224,426
40,229,279
40,232,500
40,233,508
40,237,57
40,247,13
40,256,589
40,261,196
40,262,596
40,266,589
40,270,423
41,1,240
41,5,191
41,7,155
41,9,178
41,11,205
41,12,30
41,13,426
41,15,168
41,18,566
41,20,29
41,21,225
41,25,186
41,27,543
41,28,87
41,29,566
41,30,261
41,32,14
41,33,591
41,34,48
41,35,11
41,36,438
41,37,238
41,39,324
41,46,120
41,50,330
41,52,553
41,54,497
41,56,401
41,57,509
41,58,241
41,60,595
41,61,237
41,62,257
41,64,278
41,68,438
41,73,285
41,75,1
41,76,265
41,85,231
41,95,519
41,100,117
41,101,245
41,104,396
41,110,290
41,117,580
41,119,69
41,122,488
41,128,139
41,129,378
41,132,335
41,136,286
41,142,294
41,144,82
41,148,344
41,149,189
41,157,249
41,165,343
41,171,271
41,188,151
41,195,81
41,229,124
41,266,237
41,270,334
41,273,346
41,297,498
42,11,486
42,12,111
42,13,137
42,14,394
42,16,499
42,18,523
42,19,564
42,21,177
42,24,576
42,26,464
42,27,264
42,28,108
42,29,99
42,32,283
42,35,139
42,36,55
42,37,207
42,38,345
42,39,335
42,40,441
42,43,473
42,44,137
42,45,591
42,48,234
42,49,64
42,50,495
42,51,391
42,52,348
42,57,189
42,60,492
42,62,359
42,63,414
42,69,295
42,70,47
42,73,117
42,74,499
42,79,347
42,81,531
42,87,91
42,88,358
42,91,26
42,96,527
42,113,555
42,116,305
42,118,369
42,119,32
42,121,418
42,126,564
42,136,28
42,149,492
42,162,258
42,169,264
42,176,177
42,186,364
42,196,469
42,199,481
42,228,525
42,235,426
42,242,260
42,257,185
42,260,381
42,267,463
42,269,219
42,299,157
43,5,259
43,7,122
43,12,149
43,15,342
43,20,384
43,23,320
43,25,100
43,28,101
43,29,397
43,30,486
43,31,197
43,32,286
43,33,303
43,34,382
43,37,367
43,38,516
43,39,200
43,40,165
43,42,473
43,44,45
43,47,509
43,49,316
43,57,38
43,58,326
43,59,539
43,60,153
43,64,450
43,70,11
43,71,592
43,77,394
43,79,345
43,80,492
43,82,314
43,83,98
43,84,112
43,89,259
43,90,387
43,97,371
43,98,345
43,104,549
43,107,296
43,112,493
43,115,168
43,116,493
43,118,418
43,129,187
43,132,172
43,135,254
43,137,208
43,140,363
43,142,518
43,148,154
43,153,225
43,185,179
43,193,576
43,225,40
43,230,231
43,235,96
43,240,120
43,248,502
43,249,240
43,255,540
43,259,299
43,260,330
43,271,223
43,282,507
44,1,183
44,2,84
44,4,492
44,5,364
44,13,298
44,14,82
44,15,569
44,16,481
44,18,173
44,21,384
44,23,386
44,25,100
44,26,62
44,27,179
44,28,471
44,30,95
44,31,534
44,38,140
44,39,222
44,42,137
44,43,45
44,46,15
44,47,131
44,51,343
44,53,196
44,54,218
44,58,381
44,59,417
44,61,311
44,63,49
44,64,58
44,69,370
44,71,7
44,77,499
44,78,267
44,81,188
44,87,43
44,92,70
44,95,496
44,97,247
44,102,93
44,103,31
44,109,19
44,110,504
44,111,35
44,113,122
44,116,325
44,127,347
44,130,366
44,135,557
44,136,346
44,137,406
44,139,357
44,155,56
44,166,513
44,169,49
44,175,379
44,200,506
44,205,583
44,210,330
44,220,210
44,231,410
44,236,28
44,251,91
44,285,534
44,289,175
44,290,521
45,3,356
45,4,114
45,6,264
45,9,127
45,11,190
45,12,46
45,13,225
45,16,168
45,17,171
45,18,149
45,20,521
45,21,326
45,23,540
45,24,3
45,26,255
45,27,571
45,30,352
45,31,432
45,35,135
45,37,365
45,42,591
45,46,302
45,47,162
45,48,480
45,51,510
45,58,110
45,60,153
45,62,292
45,67,97
45,71,264
45,72,19
45,74,92
45,80,65
45,82,368
45,86,556
45,94,150
45,97,430
45,99,105
45,101,267
45,104,520
45,117,269
45,122,1
45,123,113
45,127,373
45,149,13
45,152,568
45,153,120
45,163,130
45,166,148
45,180,175
45,183,158
45,190,1
45,201,573
45,207,332
45,214,365
45,230,568
45,239,114
45,257,170
45,261,149
45,267,431
45,286,514
45,300,115
46,2,458
46,4,463
46,6,126
46,7,427
46,8,562
46,9,62
46,12,120
46,16,368
46,18,298
46,19,187
46,20,495
46,21,195
46,24,35
46,27,226
46,35,362
46,37,11
46,40,541
46,41,120
46,44,15
46,45,302
46,49,531
46,52,214
46,54,43
46,55,443
46,59,438
46,62,421
46,63,83
46,65,339
46,66,167
46,73,217
46,79,527
46,82,158
46,88,49
46,89,8
46,97,367
46,100,74
46,103,357
46,107,507
46,110,353
46,113,261
46,116,334
46,120,292
46,126,48
46,127,275
46,129,217
46,132,436
46,133,316
46,135,243
46,145,441
46,161,303
46,162,5
46,163,99
46,172,240
46,173,565
46,187,195
46,189,417
46,202,120
46,203,285
46,208,309
46,212,576
46,226,591
46,240,581
46,246,167
46,252,13
46,256,97
46,269,141
46,282,503
46,297,592
47,1,486
47,4,79
47,6,88
47,8,343
47,9,475
47,10,368
47,11,515
47,12,72
47,14,482
47,20,357
47,24,59
47,25,41
47,26,234
47,31,336
47,32,261
47,34,285
47,35,81
47,43,509
47,44,131
47,45,162
47,51,372
47,54,499
47,55,502
47,57,478
47,62,112
47,73,314
47,74,282
47,75,313
47,85,284
47,86,206
47,88,322
47,90,357
47,92,200
47,95,231
47,97,128
47,102,280
47,103,465
47,105,199
47,107,185
47,115,542
47,123,427
47,135,34
47,136,426
47,139,207
47,145,47
47,147,393
47,150,531
47,158,338
47,163,62
47,166,306
47,167,469
47,174,104
47,181,314
47,189,346
47,203,226
47,212,180
47,232,94
47,237,112
47,243,375
47,245,135
47,246,415
47,248,535
47,264,510
47,271,136
47,282,453
47,284,195
48,2,213
48,3,466
48,4,101
48,11,18
48,13,85
48,14,16
48,15,177
48,16,127
48,18,121
48,19,369
48,21,88
48,22,130
48,23,65
48,28,435
48,29,301
48,31,196
48,32,285
48,33,86
48,40,527
48,42,234
48,45,480
48,49,128
48,51,165
48,53,237
48,55,139
48,59,592
48,60,359
48,62,316
48,66,226
48,67,357
48,69,250
48,71,105
48,76,225
48,78,540
48,80,283
48,81,191
48,83,502
48,98,479
48,107,93
48,109,566
48,110,515
48,111,386
48,115,555
48,118,37
48,120,95
48,133,125
48,139,90
48,140,140
48,144,110
48,157,52
48,160,515
48,163,78
48,164,364
48,165,325
48,177,149
48,183,105
48,198,440
48,199,336
48,204,75
48,207,225
48,215,548
48,226,519
48,244,39
48,247,256
48,263,14
48,283,322
48,290,293
49,1,234
49,2,521
49,3,1
49,8,223
49,12,40
49,13,38
49,14,381
49,18,256
49,21,511
49,31,359
49,32,317
49,33,41
49,34,450
49,39,150
49,42,64
49,43,316
49,46,531
49,48,128
49,51,287
49,53,243
49,56,555
49,57,195
49,59,525
49,62,95
49,68,512
49,70,72
49,72,24
49,80,387
49,88,448
49,89,486
49,95,299
49,105,315
49,110,209
49,129,344
49,142,147
49,143,108
49,168,207
49,170,344
49,172,523
49,182,386
49,184,540
49,191,414
49,220,533
49,243,59
49,251,18
49,253,66
49,255,65
49,258,24
49,263,324
49,272,438
49,277,462
49,281,592
49,295,445
49,300,400
50,1,425
50,3,430
50,12,487
50,14,477
50,15,34
50,18,194
50,20,238
50,24,103
50,25,233
50,26,137
50,27,125
50,31,501
50,32,217
50,33,212
50,35,257
50,37,152
50,39,11
50,41,330
50,42,495
50,53,568
50,55,190
50,58,85
50,59,194
50,62,418
50,63,76
50,64,578
50,66,285
50,68,86
50,74,140
50,75,348
50,78,174
50,82,342
50,84,118
50,90,23
50,96,260
50,100,52
50,101,545
50,108,20
50,109,340
50,114,2
50,120,230
50,128,202
50,129,160
50,134,385
50,145,427
50,149,502
50,166,371
50,174,580
50,177,191
50,194,156
50,196,433
50,197,23
50,214,150
50,220,242
50,225,282
50,234,462
50,244,16
50,259,100
50,263,588
50,274,513
50,275,91
50,289,214
50,297,369
50,299,437
51,1,181
51,2,390
51,4,317
51,5,275
51,7,185
51,12,512
51,14,196
51,15,328
51,16,495
51,20,567
51,23,336
51,28,497
51,30,594
51,33,426
51,35,39
51,42,391
51,44,343
51,45,510
51,47,372
51,48,165
51,49,287
51,55,315
51,61,136
51,65,163
51,66,227
51,67,198
51,68,258
51,70,297
51,75,398
51,77,471
51,83,345
51,84,177
51,92,399
51,93,38
51,95,45
51,97,48
51,100,415
51,103,594
51,113,241
51,116,426
51,120,352
51,121,214
51,124,285
51,125,370
51,135,128
51,137,378
51,139,392
51,144,12
51,149,590
51,153,507
51,154,76
51,158,522
51,162,91
51,164,448
51,220,84
51,229,48
51,235,13
51,238,78
51,243,485
51,247,128
51,253,400
51,256,148
51,276,564
51,285,150
52,4,50
52,7,20
52,8,236
52,11,177
52,13,205
52,14,42
52,16,588
52,21,210
52,25,339
52,29,475
52,30,285
52,33,155
52,34,8
52,36,305
52,37,48
52,38,442
52,39,12
52,41,553
52,42,348
52,46,214
52,54,483
52,62,217
52,64,206
52,73,28
52,82,545
52,88,502
52,100,207
52,104,555
52,107,125
52,109,11
52,111,140
52,112,562
52,115,149
52,122,492
52,129,364
52,134,13
52,144,524
52,150,352
52,152,126
52,164,443
52,171,570
52,179,503
52,185,345
52,188,324
52,197,298
52,210,489
52,215,538
52,218,599
52,219,175
52,236,223
52,240,9
52,254,466
52,269,478
52,277,353
52,282,362
53,4,259
53,6,133
53,10,336
53,11,123
53,12,321
53,15,521
53,16,353
53,17,18
53,19,420
53,25,584
53,26,149
53,28,554
53,29,293
53,33,304
53,34,491
53,35,409
53,37,337
53,39,191
53,40,109
53,44,196
53,48,237
53,49,243
53,50,568
53,65,122
53,68,484
53,69,459
53,72,63
53,76,223
53,83,569
53,86,510
53,88,23
53,89,14
53,92,206
53,97,578
53,99,350
53,102,398
53,104,58
53,105,565
53,109,183
53,126,293
53,140,561
53,141,437
53,145,244
53,150,351
53,158,335
53,164,473
53,167,565
53,175,544
53,176,492
53,199,63
53,200,263
53,215,361
53,223,23
53,233,82
53,257,581
53,266,456
53,286,316
54,4,595
54,7,336
54,8,482
54,9,533
54,18,9
54,19,226
54,20,284
54,24,109
54,25,430
54,26,346
54,27,193
54,30,389
54,31,97
54,34,58
54,35,484
54,36,183
54,37,548
54,39,271
54,41,497
54,44,218
54,46,43
54,47,499
54,52,483
54,59,326
54,60,359
54,63,225
54,69,403
54,71,155
54,75,421
54,78,20
54,85,95
54,90,544
54,92,78
54,93,560
54,97,574
54,99,531
54,104,452
54,106,376
54,112,151
54,115,196
54,116,178
54,118,404
54,119,265
54,126,551
54,137,396
54,139,113
54,149,29
54,150,3
54,156,398
54,162,561
54,169,568
54,171,357
54,179,356
54,193,22
54,201,308
54,217,466
54,229,205
54,242,573
54,262,308
54,266,78
54,268,57
54,280,339
54,282,544
54,286,380
54,294,294
54,299,249
55,3,337
55,5,201
55,6,263
55,8,387
55,13,431
55,15,333
55,16,124
55,18,589
55,19,155
55,22,239
55,24,336
55,26,393
55,27,126
55,28,563
55,29,221
55,37,580
55,38,285
55,39,369
55,46,443
55,47,502
55,48,139
55,50,190
55,51,315
55,56,368
55,57,283
55,60,259
55,64,334
55,67,552
55,72,310
55,77,150
55,80,175
55,86,273
55,87,313
55,89,254
55,92,108
55,101,132
55,102,129
55,109,128
55,118,430
55,121,349
55,124,76
55,126,574
55,143,159
55,145,358
55,149,169
55,151,465
55,153,204
55,156,35
55,160,443
55,164,193
55,168,512
55,172,532
55,175,374
55,179,28
55,181,490
55,190,560
55,192,149
55,200,444
55,206,22
55,228,412
55,231,586
55,246,421
55,268,424
55,280,314
55,285,572
55,292,209
56,1,240
56,2,379
56,7,283
56,12,576
56,15,3
56,19,192
56,21,504
56,25,350
56,27,564
56,28,475
56,29,406
56,31,443
56,34,494
56,38,456
56,39,429
56,40,560
56,41,401
56,49,555
56,55,368
56,57,120
56,61,20
56,63,112
56,66,69
56,68,532
56,70,461
56,73,182
56,79,288
56,93,589
56,98,411
56,100,150
56,105,43
56,107,278
56,116,494
56,120,66
56,133,427
56,134,505
56,139,10
56,141,437
56,151,272
56,168,429
56,170,302
56,173,534
56,175,588
56,176,146
56,189,165
56,193,401
56,195,82
56,229,192
56,249,208
56,254,398
56,274,393
56,285,358
56,299,450
57,1,90
57,4,303
57,5,144
57,7,206
57,9,178
57,10,563
57,11,375
57,12,69
57,15,600
57,16,312
57,21,515
57,25,291
57,28,198
57,30,166
57,33,397
57,34,268
57,37,4
57,41,509
57,42,189
57,43,38
57,47,478
57,49,195
57,55,283
57,56,120
57,61,38
57,65,85
57,66,33
57,74,207
57,80,553
57,81,196
57,88,71
57,89,167
57,99,82
57,101,361
57,108,6
57,110,471
57,127,72
57,128,339
57,135,211
57,143,214
57,145,144
57,147,543
57,154,168
57,158,594
57,166,129
57,171,528
57,182,490
57,185,17
57,197,232
57,210,65
57,232,525
57,238,130
57,267,307
57,276,220
57,285,309
57,298,165
57,299,19
58,1,528
58,3,564
58,4,415
58,5,351
58,6,226
58,9,116
58,12,233
58,16,245
58,18,35
58,24,248
58,26,6
58,29,445
58,30,314
58,31,399
58,33,226
58,39,533
58,41,241
58,43,326
58,44,381
58,45,110
58,50,85
58,64,436
58,66,348
58,67,255
58,70,176
58,72,378
58,73,401
58,75,437
58,76,365
58,78,31
58,83,406
58,85,572
58,89,499
58,90,377
58,93,411
58,103,555
58,109,406
58,111,310
58,118,411
58,123,599
58,124,599
58,125,290
58,128,44
58,130,531
58,141,34
58,152,224
58,162,455
58,184,370
58,188,271
58,192,199
58,201,212
58,211,417
58,214,238
58,224,550
58,226,562
58,237,135
58,265,542
58,268,487
