source,target,weight
1,2,225
1,3,326
1,4,493
1,5,570
1,6,436
1,7,207
1,8,193
1,9,432
1,10,557
1,11,88
1,14,27
1,15,31
1,16,123
1,17,72
1,18,519
1,19,324
1,21,333
1,22,440
1,23,387
1,24,41
1,26,287
1,28,349
1,29,369
1,31,60
1,33,169
1,34,302
1,36,433
1,38,250
1,40,22
1,42,274
1,48,397
1,49,292
1,50,137
1,52,80
1,54,418
1,56,371
1,58,467
1,60,88
1,62,546
1,63,544
1,66,183
1,69,316
1,71,308
1,72,171
1,80,157
1,85,421
1,89,121
1,90,1
1,95,57
1,111,64
1,113,124
1,117,461
1,118,396
1,122,41
1,129,328
1,132,418
1,134,80
1,145,79
1,151,474
1,154,32
1,156,11
1,158,559
1,159,255
1,161,371
1,168,358
1,171,431
1,216,58
1,218,121
1,229,185
1,236,597
1,242,349
1,249,515
1,274,189
1,277,332
1,285,244
1,288,99
2,1,225
2,3,372
2,4,106
2,5,584
2,6,523
2,7,330
2,8,35
2,11,263
2,13,132
2,15,137
2,16,430
2,17,451
2,18,74
2,20,139
2,22,64
2,25,246
2,26,438
2,31,554
2,34,285
2,35,581
2,36,74
2,37,171
2,38,337
2,49,68
2,50,319
2,52,522
2,55,511
2,57,218
2,60,507
2,61,29
2,63,588
2,65,103
2,68,543
2,79,406
2,83,185
2,84,83
2,88,104
2,96,179
2,99,470
2,100,255
2,101,33
2,105,59
2,112,475
2,116,179
2,119,345
2,121,578
2,131,228
2,133,374
2,139,107
2,147,382
2,156,449
2,159,236
2,166,194
2,171,434
2,176,563
2,179,36
2,181,350
2,189,153
2,192,524
2,196,272
2,197,406
2,200,580
2,257,250
2,270,456
2,272,462
2,298,425
3,1,326
3,2,372
3,4,79
3,6,56
3,8,252
3,9,226
3,10,343
3,13,513
3,14,384
3,15,187
3,17,425
3,18,194
3,19,167
3,21,427
3,22,513
3,23,391
3,25,192
3,28,527
3,29,96
3,31,454
3,32,115
3,35,497
3,36,153
3,39,561
3,41,219
3,49,100
3,52,507
3,53,234
3,54,253
3,57,214
3,63,117
3,71,46
3,72,24
3,76,274
3,77,404
3,78,293
3,82,140
3,84,347
3,90,466
3,93,517
3,96,454
3,97,260
3,98,572
3,100,226
3,103,494
3,111,596
3,115,33
3,116,131
3,118,311
3,130,516
3,146,362
3,147,164
3,149,147
3,151,224
3,164,333
3,167,414
3,168,578
3,179,35
3,181,458
3,207,458
3,213,462
3,246,294
3,252,453
3,258,491
3,259,366
3,260,464
3,274,241
3,295,557
4,1,493
4,2,106
4,3,79
4,5,431
4,7,222
4,8,494
4,9,303
4,11,245
4,15,12
4,16,78
4,17,236
4,18,583
4,21,512
4,23,355
4,24,158
4,25,369
4,26,18
4,27,251
4,28,119
4,30,9
4,34,395
4,38,579
4,42,13
4,45,224
4,46,273
4,47,163
4,48,206
4,50,117
4,52,412
4,54,421
4,56,216
4,57,495
4,61,407
4,62,576
4,63,260
4,65,165
4,75,21
4,78,347
4,79,268
4,81,141
4,85,112
4,89,24
4,100,156
4,101,146
4,103,441
4,109,500
4,119,118
4,128,52
4,138,179
4,175,600
4,189,10
4,200,237
4,203,410
4,211,136
4,238,206
4,239,441
4,243,331
4,245,433
4,270,235
4,273,568
4,293,413
4,298,212
5,1,570
5,2,584
5,4,431
5,6,112
5,7,238
5,8,253
5,9,541
5,10,81
5,11,459
5,13,356
5,14,235
5,17,590
5,18,346
5,20,438
5,21,216
5,22,437
5,23,454
5,24,569
5,25,236
5,26,11
5,30,249
5,31,393
5,34,166
5,37,590
5,38,559
5,39,324
5,41,124
5,44,454
5,45,183
5,46,524
5,47,398
5,48,37
5,50,391
5,54,105
5,55,187
5,56,503
5,57,428
5,59,241
5,62,189
5,63,522
5,66,390
5,70,402
5,77,146
5,81,179
5,88,356
5,89,17
5,92,198
5,95,535
5,98,580
5,101,390
5,104,71
5,105,499
5,106,121
5,111,129
5,114,208
5,120,74
5,127,57
5,134,529
5,143,34
5,157,531
5,159,72
5,174,42
5,194,77
5,195,362
5,199,342
5,202,352
5,206,27
5,217,492
5,218,363
5,220,515
5,229,418
5,237,59
5,243,94
5,253,31
5,257,549
5,266,112
5,269,411
5,283,382
5,288,158
5,298,131
6,1,436
6,2,523
6,3,56
6,5,112
6,7,444
6,8,525
6,9,474
6,12,518
6,13,353
6,14,51
6,16,330
6,19,73
6,21,260
6,28,225
6,32,13
6,33,293
6,35,584
6,36,404
6,37,188
6,38,502
6,39,146
6,40,47
6,45,492
6,52,184
6,55,243
6,59,554
6,60,483
6,74,120
6,84,239
6,91,587
6,99,138
6,110,209
6,121,87
6,122,295
6,123,575
6,129,49
6,130,441
6,134,494
6,138,206
6,141,481
6,143,444
6,149,25
6,165,201
6,167,420
6,172,179
6,176,39
6,179,524
6,213,595
6,214,106
6,229,512
6,233,256
6,237,35
6,298,18
7,1,207
7,2,330
7,4,222
7,5,238
7,6,444
7,9,259
7,10,14
7,11,227
7,12,215
7,14,220
7,16,219
7,18,248
7,19,283
7,20,59
7,21,504
7,23,188
7,24,414
7,25,344
7,26,94
7,27,122
7,28,294
7,29,419
7,30,105
7,35,50
7,41,343
7,42,211
7,44,131
7,49,581
7,51,550
7,52,260
7,53,365
7,54,393
7,55,148
7,58,63
7,61,15
7,66,424
7,71,429
7,77,184
7,78,63
7,80,270
7,82,33
7,83,425
7,86,330
7,87,533
7,89,4
7,91,256
7,92,426
7,93,488
7,100,408
7,110,447
7,115,352
7,122,169
7,125,102
7,132,87
7,133,464
7,137,20
7,139,107
7,140,221
7,151,131
7,157,136
7,164,253
7,166,196
7,167,589
7,170,399
7,174,2
7,181,439
7,186,505
7,190,402
7,192,69
7,207,551
7,220,142
7,221,477
7,228,398
7,242,13
7,245,546
7,252,204
7,281,35
7,286,286
7,297,152
8,1,193
8,2,35
8,3,252
8,4,494
8,5,253
8,6,525
8,12,170
8,13,225
8,14,493
8,15,508
8,16,128
8,20,234
8,21,218
8,22,160
8,24,326
8,27,581
8,28,330
8,29,541
8,30,350
8,31,18
8,33,236
8,34,76
8,36,431
8,38,403
8,39,558
8,40,72
8,42,83
8,46,216
8,48,147
8,49,241
8,50,456
8,53,369
8,58,526
8,59,61
8,72,563
8,74,450
8,85,87
8,101,363
8,104,64
8,107,364
8,108,503
8,110,190
8,120,209
8,125,127
8,145,458
8,149,298
8,159,67
8,163,366
8,164,352
8,168,310
8,170,167
8,173,219
8,178,213
8,196,352
8,197,32
8,200,38
8,225,12
8,239,242
8,240,147
8,254,337
8,257,504
9,1,432
9,3,226
9,4,303
9,5,541
9,6,474
9,7,259
9,10,141
9,11,481
9,12,349
9,13,511
9,14,222
9,16,514
9,17,440
9,18,5
9,20,123
9,21,125
9,22,205
9,25,109
9,27,287
9,28,587
9,30,105
9,37,37
9,42,301
9,45,415
9,46,519
9,47,224
9,48,298
9,49,3
9,54,411
9,56,394
9,60,233
9,61,575
9,62,35
9,72,137
9,79,129
9,84,468
9,87,298
9,88,434
9,89,239
9,92,37
9,95,213
9,97,570
9,108,342
9,109,260
9,113,165
9,120,185
9,127,353
9,135,221
9,140,431
9,146,386
9,148,376
9,153,141
9,160,360
9,163,335
9,180,200
9,186,553
9,204,486
9,213,56
9,221,306
9,228,388
9,255,439
9,261,3
9,262,100
9,280,271
9,282,422
9,283,127
9,292,118
9,295,352
10,1,557
10,3,343
10,5,81
10,7,14
10,9,141
10,11,445
10,12,67
10,13,164
10,14,85
10,15,303
10,16,558
10,19,139
10,20,541
10,24,171
10,25,140
10,26,324
10,27,385
10,28,516
10,34,116
10,36,122
10,38,128
10,40,204
10,42,77
10,43,491
10,44,196
10,45,439
10,46,303
10,47,459
10,51,173
10,54,142
10,55,348
10,57,75
10,59,2
10,64,538
10,67,257
10,72,560
10,74,216
10,76,328
10,79,189
10,84,135
10,88,254
10,89,125
10,92,179
10,93,481
10,94,201
10,95,283
10,101,141
10,110,156
10,115,476
10,119,304
10,120,433
10,129,428
10,131,144
10,133,542
10,139,466
10,141,494
10,145,284
10,168,362
10,171,79
10,179,269
10,186,436
10,189,301
10,219,270
10,232,524
10,241,600
10,265,313
10,267,13
10,281,398
10,283,38
10,288,296
11,1,88
11,2,263
11,4,245
11,5,459
11,7,227
11,9,481
11,10,445
11,12,380
11,13,300
11,14,227
11,17,456
11,20,153
11,22,213
11,23,581
11,24,530
11,25,385
11,26,363
11,28,209
11,29,29
11,30,16
11,31,342
11,32,89
11,34,498
11,35,251
11,36,66
11,37,31
11,38,411
11,40,152
11,43,421
11,44,366
11,46,379
11,47,141
11,51,274
11,59,251
11,66,262
11,68,539
11,70,129
11,75,207
11,78,211
11,92,205
11,93,214
11,98,181
11,106,450
11,116,571
11,117,332
11,125,2
11,126,18
11,130,28
11,139,363
11,143,26
11,148,412
11,152,400
11,160,26
11,164,207
11,165,256
11,177,96
11,193,11
11,197,343
11,206,137
11,215,302
11,244,21
11,245,149
11,252,6
11,256,472
11,290,266
11,294,314
12,6,518
12,7,215
12,8,170
12,9,349
12,10,67
12,11,380
12,13,436
12,14,570
12,17,172
12,18,571
12,19,107
12,20,179
12,21,42
12,23,247
12,25,349
12,26,86
12,27,255
12,29,44
12,32,283
12,33,373
12,34,355
12,35,41
12,38,32
12,39,49
12,42,86
12,44,111
12,49,282
12,51,73
12,52,60
12,53,301
12,55,590
12,58,148
12,60,310
12,63,360
12,64,282
12,65,348
12,67,403
12,68,359
12,73,475
12,89,432
12,91,233
12,101,133
12,102,448
12,112,171
12,114,435
12,121,171
12,122,476
12,125,347
12,130,269
12,138,7
12,142,480
12,144,377
12,149,407
12,160,441
12,172,371
12,173,417
12,176,200
12,189,308
12,190,378
12,197,271
12,211,54
12,219,422
12,221,354
12,224,290
12,232,173
12,236,15
12,288,175
13,2,132
13,3,513
13,5,356
13,6,353
13,8,225
13,9,511
13,10,164
13,11,300
13,12,436
13,14,184
13,15,349
13,16,491
13,17,423
13,19,25
13,20,31
13,21,595
13,22,55
13,23,482
13,24,554
13,25,15
13,26,249
13,27,331
13,28,592
13,30,9
13,31,252
13,32,600
13,33,57
13,34,488
13,35,145
13,37,188
13,38,381
13,39,242
13,42,422
13,43,80
13,44,409
13,46,599
13,51,14
13,53,136
13,56,88
13,57,335
13,63,568
13,74,214
13,75,425
13,76,454
13,78,194
13,81,269
13,82,473
13,83,483
13,84,508
13,88,314
13,94,500
13,95,287
13,104,277
13,105,494
13,110,473
13,116,161
13,128,418
13,131,22
13,143,500
13,144,14
13,157,295
13,160,175
13,185,537
13,190,4
13,232,481
13,241,6
13,266,21
13,271,71
13,293,570
14,1,27
14,3,384
14,5,235
14,6,51
14,7,220
14,8,493
14,9,222
14,10,85
14,11,227
14,12,570
14,13,184
14,15,588
14,17,596
14,18,209
14,19,105
14,20,277
14,21,73
14,22,568
14,25,406
14,27,207
14,28,458
14,29,236
14,30,100
14,31,482
14,32,430
14,33,419
14,35,118
14,37,35
14,39,363
14,41,313
14,45,76
14,47,578
14,51,23
14,61,136
14,64,339
14,70,268
14,73,222
14,79,240
14,85,416
14,88,319
14,95,338
14,108,572
14,109,333
14,113,28
14,134,76
14,135,495
14,147,177
14,189,179
14,198,419
14,212,315
14,226,29
14,230,307
14,243,434
14,256,367
14,264,425
14,270,423
14,271,58
14,297,528
15,1,31
15,2,137
15,3,187
15,4,12
15,8,508
15,10,303
15,13,349
15,14,588
15,17,294
15,18,537
15,20,116
15,23,388
15,24,307
15,26,386
15,27,424
15,29,285
15,30,234
15,33,424
15,34,395
15,41,348
15,49,313
15,57,293
15,70,298
15,71,243
15,82,487
15,86,467
15,87,161
15,94,110
15,96,56
15,98,258
15,103,282
15,106,375
15,107,463
15,110,448
15,116,79
15,125,511
15,126,499
15,134,552
15,144,196
15,161,409
15,167,312
15,175,420
15,181,152
15,189,559
15,191,162
15,194,409
15,208,351
15,231,26
15,242,495
15,262,83
15,280,503
15,286,594
15,292,109
16,1,123
16,2,430
16,4,78
16,6,330
16,7,219
16,8,128
16,9,514
16,10,558
16,13,491
16,17,288
16,19,553
16,21,254
16,23,164
16,24,229
16,25,267
16,26,330
16,28,344
16,29,66
16,32,176
16,33,184
16,37,248
16,39,372
16,40,148
16,41,378
16,43,543
16,45,439
16,46,233
16,49,140
16,50,368
16,54,577
16,65,116
16,66,339
16,68,268
16,82,353
16,83,188
16,95,439
16,96,376
16,97,485
16,100,222
16,112,303
16,122,488
16,151,479
16,155,113
16,161,406
16,168,588
16,172,202
16,175,281
16,182,17
16,202,65
16,204,434
16,205,579
16,211,344
16,215,330
16,234,63
16,245,270
16,251,453
16,252,536
16,256,479
16,266,12
16,274,171
16,291,310
16,295,42
17,1,72
17,2,451
17,3,425
17,4,236
17,5,590
17,9,440
17,11,456
17,12,172
17,13,423
17,14,596
17,15,294
17,16,288
17,19,404
17,20,465
17,23,49
17,24,251
17,26,563
17,27,237
17,28,521
17,29,581
17,31,9
17,32,34
17,33,96
17,35,328
17,36,210
17,38,440
17,46,206
17,48,109
17,49,138
17,50,202
17,54,397
17,55,47
17,56,598
17,58,498
17,59,60
17,62,64
17,63,156
17,72,451
17,73,559
17,83,282
17,87,474
17,89,193
17,93,452
17,99,587
17,104,384
17,107,321
17,120,417
17,128,147
17,129,33
17,136,89
17,139,577
17,144,402
17,146,343
17,151,596
17,154,456
17,159,23
17,163,180
17,164,568
17,171,177
17,179,12
17,180,8
17,182,549
17,188,400
17,235,57
17,242,19
17,251,435
17,260,480
17,268,244
17,275,80
18,1,519
18,2,74
18,3,194
18,4,583
18,5,346
18,7,248
18,9,5
18,12,571
18,14,209
18,15,537
18,20,251
18,21,273
18,23,516
18,29,128
18,30,134
18,32,565
18,33,394
18,34,107
18,35,383
18,37,490
18,38,445
18,42,27
18,45,334
18,47,495
18,50,411
18,51,351
18,52,326
18,53,135
18,54,239
18,55,310
18,65,359
18,66,31
18,67,251
18,70,99
18,71,57
18,77,337
18,78,37
18,81,479
18,86,294
18,89,501
18,91,498
18,96,469
18,99,522
18,107,141
18,109,426
18,118,298
18,124,326
18,138,337
18,141,47
18,148,571
18,156,280
18,170,35
18,174,351
18,176,143
18,184,187
18,195,163
18,202,297
18,219,17
18,233,285
18,239,453
18,240,470
18,256,106
18,273,259
18,276,429
18,280,482
19,1,324
19,3,167
19,6,73
19,7,283
19,10,139
19,12,107
19,13,25
19,14,105
19,16,553
19,17,404
19,22,145
19,24,17
19,25,349
19,29,284
19,30,395
19,36,172
19,37,497
19,38,542
19,40,368
19,42,300
19,46,485
19,47,56
19,49,419
19,53,353
19,56,504
19,59,378
19,60,489
19,67,464
19,70,119
19,72,229
19,74,10
19,75,306
19,76,232
19,79,377
19,82,114
19,86,411
19,97,556
19,100,535
19,101,128
19,102,490
19,107,432
19,116,47
19,119,135
19,120,328
19,121,525
19,124,160
19,139,537
19,140,5
19,142,587
19,148,279
19,150,335
19,151,77
19,153,573
19,219,418
19,240,96
19,267,212
19,283,167
19,293,506
19,296,439
19,297,396
20,2,139
20,5,438
20,7,59
20,8,234
20,9,123
20,10,541
20,11,153
20,12,179
20,13,31
20,14,277
20,15,116
20,17,465
20,18,251
20,22,539
20,25,39
20,26,392
20,27,261
20,28,207
20,32,593
20,33,316
20,34,139
20,36,273
20,39,462
20,41,175
20,42,270
20,44,592
20,45,113
20,49,225
20,50,233
20,55,269
20,57,407
20,58,35
20,66,534
20,67,71
20,70,204
20,71,235
20,75,195
20,79,249
20,83,312
20,92,48
20,106,23
20,109,42
20,125,301
20,129,27
20,131,286
20,133,382
20,139,396
20,143,18
20,145,384
20,160,490
20,166,148
20,167,13
20,169,526
20,172,52
20,188,201
20,203,147
20,221,382
20,225,327
20,273,136
20,291,209
21,1,333
21,3,427
21,4,512
21,5,216
21,6,260
21,7,504
21,8,218
21,9,125
21,12,42
21,13,595
21,14,73
21,16,254
21,18,273
21,22,162
21,23,319
21,27,515
21,28,239
21,31,214
21,32,205
21,34,127
21,37,131
21,44,506
21,45,64
21,47,6
21,50,566
21,52,236
21,53,487
21,55,345
21,58,34
21,59,444
21,60,311
21,63,554
21,66,158
21,67,167
21,69,226
21,70,555
21,73,129
21,84,217
21,85,272
21,86,231
21,88,302
21,91,86
21,110,364
21,113,494
21,124,187
21,142,178
21,143,497
21,147,515
21,159,262
21,165,243
21,176,549
21,188,420
21,190,158
21,199,180
21,200,256
21,224,30
21,232,75
21,251,341
21,252,440
21,255,177
21,257,262
21,258,600
21,270,479
21,277,266
21,292,505
21,295,154
22,1,440
22,2,64
22,3,513
22,5,437
22,8,160
22,9,205
22,11,213
22,13,55
22,14,568
22,19,145
22,20,539
22,21,162
22,23,322
22,24,51
22,25,332
22,26,245
22,27,584
22,29,234
22,32,128
22,33,126
22,35,286
22,36,340
22,37,441
22,38,362
22,41,294
22,43,541
22,45,80
22,46,202
22,48,36
22,51,168
22,53,237
22,56,193
22,71,493
22,72,151
22,73,97
22,74,383
22,75,323
22,82,310
22,90,209
22,94,296
22,96,116
22,102,246
22,104,206
22,106,360
22,110,337
22,111,12
22,113,354
22,116,556
22,119,25
22,128,166
22,136,373
22,140,381
22,150,206
22,173,199
22,177,589
22,183,198
22,196,177
22,202,392
22,206,296
22,212,187
22,228,249
22,229,73
22,233,4
22,241,371
22,267,556
22,271,524
22,281,442
22,298,487
22,299,27
23,1,387
23,3,391
23,4,355
23,5,454
23,7,188
23,11,581
23,12,247
23,13,482
23,15,388
23,16,164
23,17,49
23,18,516
23,21,319
23,22,322
23,24,308
23,25,504
23,26,224
23,27,402
23,28,255
23,30,220
23,31,36
23,33,324
23,34,199
23,35,423
23,36,587
23,39,192
23,40,336
23,41,300
23,43,270
23,44,315
23,45,137
23,46,556
23,51,582
23,60,482
23,61,452
23,64,14
23,67,407
23,73,1
23,76,372
23,80,349
23,83,92
23,86,117
23,88,87
23,100,569
23,101,527
23,105,33
23,110,277
23,121,597
23,122,505
23,133,26
23,134,261
23,135,501
23,137,118
23,139,475
23,140,495
23,168,493
23,169,81
23,180,147
23,212,181
23,214,63
23,217,195
23,225,128
23,245,508
23,250,336
23,254,535
23,260,103
23,277,341
23,288,446
23,296,199
23,300,490
24,1,41
24,4,158
24,5,569
24,7,414
24,8,326
24,10,171
24,11,530
24,13,554
24,15,307
24,16,229
24,17,251
24,19,17
24,22,51
24,23,308
24,25,308
24,26,469
24,30,180
24,31,291
24,33,539
24,34,243
24,36,101
24,38,294
24,43,23
24,45,565
24,47,443
24,51,465
24,52,390
24,54,184
24,64,56
24,66,561
24,68,364
24,69,368
24,70,490
24,71,500
24,74,11
24,76,52
24,83,32
24,91,488
24,96,524
24,100,513
24,102,219
24,104,408
24,108,340
24,109,21
24,110,522
24,118,547
24,135,579
24,137,173
24,141,522
24,161,485
24,167,578
24,169,440
24,171,439
24,176,495
24,194,302
24,206,425
24,211,525
24,214,278
24,216,143
24,235,263
24,242,80
24,253,415
24,260,217
24,265,81
24,275,584
24,281,216
24,291,204
24,300,536
25,2,246
25,3,192
25,4,369
25,5,236
25,7,344
25,9,109
25,10,140
25,11,385
25,12,349
25,13,15
25,14,406
25,16,267
25,19,349
25,20,39
25,22,332
25,23,504
25,24,308
25,27,318
25,29,564
25,31,35
25,32,572
25,34,316
25,36,366
25,38,231
25,39,381
25,41,574
25,42,66
25,44,54
25,47,397
25,48,15
25,50,30
25,55,469
25,56,322
25,58,316
25,65,211
25,73,378
25,74,482
25,77,584
25,83,404
25,85,331
25,94,36
25,96,42
25,102,464
25,108,144
25,124,574
25,127,148
25,130,123
25,132,459
25,134,536
25,135,178
25,136,173
25,140,310
25,160,102
25,162,435
25,164,567
25,167,522
25,170,331
25,180,70
25,196,443
25,198,258
25,216,532
25,236,66
25,252,460
26,1,287
26,2,438
26,4,18
26,5,11
26,7,94
26,10,324
26,11,363
26,12,86
26,13,249
26,15,386
26,16,330
26,17,563
26,20,392
26,22,245
26,23,224
26,24,469
26,27,82
26,28,27
26,30,474
26,31,263
26,32,139
26,35,423
26,37,348
26,39,260
26,40,29
26,42,344
26,44,305
26,51,54
26,52,424
26,58,366
26,59,520
26,61,137
26,63,24
26,64,185
26,65,580
26,69,487
26,80,424
26,83,45
26,98,21
26,106,7
26,117,320
26,118,83
26,126,187
26,131,204
26,138,124
26,153,47
26,157,152
26,172,224
26,174,274
26,194,235
26,218,1
26,281,477
26,286,107
26,296,256
27,4,251
27,7,122
27,8,581
27,9,287
27,10,385
27,12,255
27,13,331
27,14,207
27,15,424
27,17,237
27,20,261
27,21,515
27,22,584
27,23,402
27,25,318
27,26,82
27,28,19
27,31,508
27,32,412
27,33,22
27,34,99
27,36,218
27,38,182
27,39,549
27,41,177
27,43,104
27,44,433
27,45,5
27,47,514
27,49,133
27,50,292
27,53,494
27,55,39
27,57,506
27,58,12
27,59,211
27,61,57
27,62,453
27,64,550
27,69,473
27,80,472
27,82,338
27,86,455
27,88,205
27,90,347
27,98,266
27,104,203
27,106,140
27,109,584
27,118,374
27,120,106
27,124,267
27,127,245
27,132,25
27,140,361
27,141,138
27,142,223
27,143,527
27,150,255
27,163,154
27,172,76
27,174,219
27,175,265
27,182,147
27,187,109
27,202,234
27,210,466
27,220,424
27,224,351
27,235,130
27,239,349
27,247,417
27,266,212
27,269,214
27,278,495
27,299,545
28,1,349
28,3,527
28,4,119
28,6,225
28,7,294
28,8,330
28,9,587
28,10,516
28,11,209
28,13,592
28,14,458
28,16,344
28,17,521
28,20,207
28,21,239
28,23,255
28,26,27
28,27,19
28,29,119
28,33,189
28,34,25
28,35,420
28,36,244
28,40,29
28,43,24
28,46,358
28,49,90
28,53,481
28,56,226
28,60,276
28,63,140
28,64,221
28,67,310
28,69,157
28,70,219
28,72,434
28,77,574
28,85,194
28,86,546
28,95,469
28,96,170
28,97,18
28,103,126
28,108,435
28,116,52
28,117,54
28,118,237
28,123,13
28,124,62
28,129,528
28,133,339
28,137,47
28,139,593
28,144,514
28,146,374
28,147,49
28,170,359
28,174,251
28,176,387
28,200,236
28,201,163
28,202,238
28,213,14
28,241,77
28,247,97
28,252,69
28,291,128
28,295,222
29,1,369
29,3,96
29,7,419
29,8,541
29,11,29
29,12,44
29,14,236
29,15,285
29,16,66
29,17,581
29,18,128
29,19,284
29,22,234
29,25,564
29,28,119
29,30,246
29,31,452
29,37,390
29,38,505
29,40,166
29,41,419
29,43,122
29,45,254
29,48,221
29,56,458
29,57,480
29,59,149
29,63,15
29,65,287
29,71,228
29,75,263
29,78,428
29,80,292
29,90,262
29,92,317
29,93,447
29,98,25
29,114,13
29,121,252
29,137,515
29,139,56
29,143,459
29,145,283
29,146,467
29,149,188
29,152,462
29,159,178
29,162,189
29,165,578
29,174,91
29,175,320
29,180,123
29,195,31
29,197,398
29,205,178
29,210,541
29,214,397
29,218,161
29,244,598
29,251,543
29,274,586
29,288,8
30,4,9
30,5,249
30,7,105
30,8,350
30,9,105
30,11,16
30,13,9
30,14,100
30,15,234
30,18,134
30,19,395
30,23,220
30,24,180
30,26,474
30,29,246
30,31,582
30,35,570
30,37,522
30,38,30
30,40,391
30,41,214
30,45,342
30,47,442
30,48,348
30,49,117
30,50,351
30,51,144
30,58,336
30,62,193
30,69,226
30,70,324
30,77,332
30,78,595
30,83,572
30,87,369
30,89,583
30,90,458
30,97,524
30,102,146
30,110,260
30,116,401
30,119,59
30,127,420
30,145,450
30,147,257
30,178,106
30,183,55
30,185,365
30,187,145
30,190,320
30,198,106
30,210,404
30,213,161
30,223,356
30,224,390
30,228,122
30,236,381
30,237,228
30,246,121
31,1,60
31,2,554
31,3,454
31,5,393
31,8,18
31,11,342
31,13,252
31,14,482
31,17,9
31,21,214
31,23,36
31,24,291
31,25,35
31,26,263
31,27,508
31,29,452
31,30,582
31,34,257
31,35,566
31,39,41
31,41,13
31,46,599
31,47,234
31,48,94
31,50,474
31,52,329
31,53,62
31,57,139
31,58,357
31,60,256
31,61,193
31,63,281
31,66,173
31,69,456
31,76,323
31,80,78
31,82,295
31,87,81
31,92,556
31,93,33
31,99,442
31,107,393
31,112,502
31,119,278
31,123,211
31,127,139
31,129,333
31,130,80
31,131,383
31,137,544
31,138,346
31,152,230
31,158,245
31,160,182
31,166,218
31,167,86
31,174,139
31,184,38
31,186,118
31,190,384
31,210,572
31,223,17
31,231,221
31,233,320
31,242,430
31,250,563
31,256,81
31,271,17
31,284,115
32,3,115
32,6,13
32,11,89
32,12,283
32,13,600
32,14,430
32,16,176
32,17,34
32,18,565
32,20,593
32,21,205
32,22,128
32,25,572
32,26,139
32,27,412
32,33,509
32,34,405
32,41,520
32,42,577
32,43,218
32,46,96
32,47,119
32,50,105
32,52,452
32,53,230
32,58,125
32,59,452
32,61,590
32,64,210
32,65,79
32,67,58
32,69,122
32,71,287
32,75,390
32,76,370
32,80,225
32,81,289
32,84,567
32,85,164
32,89,23
32,91,394
32,95,275
32,103,93
32,107,94
32,114,346
32,121,452
32,125,450
32,132,557
32,139,403
32,143,413
32,148,146
32,153,92
32,155,472
32,175,242
32,177,468
32,181,487
32,187,137
32,193,150
32,203,600
32,209,287
32,216,30
32,222,167
32,245,242
32,273,343
32,279,361
32,280,153
32,281,544
32,284,339
32,291,385
32,294,232
33,1,169
33,6,293
33,8,236
33,12,373
33,13,57
33,14,419
33,15,424
33,16,184
33,17,96
33,18,394
33,20,316
33,22,126
33,23,324
33,24,539
33,27,22
33,28,189
33,32,509
33,36,583
33,40,232
33,41,377
33,43,52
33,44,316
33,46,163
33,53,418
33,54,417
33,56,298
33,57,10
33,59,244
33,61,373
33,66,374
33,70,79
33,72,599
33,74,302
33,75,321
33,77,485
33,78,339
33,79,378
33,83,107
33,90,362
33,98,412
33,99,18
33,103,216
33,106,9
33,112,398
33,120,209
33,125,105
33,131,118
33,148,437
33,149,175
33,182,499
33,183,143
33,206,389
33,225,112
33,257,159
33,275,361
33,276,470
33,280,308
33,295,149
34,1,302
34,2,285
34,4,395
34,5,166
34,8,76
34,10,116
34,11,498
34,12,355
34,13,488
34,15,395
34,18,107
34,20,139
34,21,127
34,23,199
34,24,243
34,25,316
34,27,99
34,28,25
34,31,257
34,32,405
34,35,142
34,37,124
34,39,71
34,43,118
34,45,25
34,47,418
34,48,511
34,54,114
34,58,62
34,66,68
34,71,54
34,72,61
34,74,46
34,86,85
34,87,360
34,104,268
34,108,21
34,110,487
34,120,532
34,125,182
34,130,206
34,138,446
34,140,20
34,145,374
34,148,124
34,150,133
34,155,122
34,158,572
34,159,127
34,170,581
34,179,460
34,182,446
34,194,113
34,207,354
34,209,549
34,213,21
34,217,469
34,221,554
34,243,125
34,253,126
34,258,52
34,267,434
34,273,189
34,282,2
35,2,581
35,3,497
35,6,584
35,7,50
35,11,251
35,12,41
35,13,145
35,14,118
35,17,328
35,18,383
35,22,286
35,23,423
35,26,423
35,28,420
35,30,570
35,31,566
35,34,142
35,37,450
35,39,50
35,42,320
35,44,46
35,45,330
35,47,80
35,48,169
35,50,182
35,51,590
35,52,563
35,54,115
35,64,550
35,66,293
35,68,316
35,71,314
35,75,28
35,78,283
35,83,126
35,87,260
35,94,339
35,99,387
35,101,432
35,103,441
35,104,459
35,111,557
35,113,280
35,124,491
35,140,331
35,145,532
35,151,419
35,153,163
35,162,172
35,164,465
35,168,566
35,177,175
35,183,556
35,197,233
35,236,438
35,243,125
35,258,181
35,261,177
35,269,439
35,279,535
36,1,433
36,2,74
36,3,153
36,6,404
36,8,431
36,10,122
36,11,66
36,17,210
36,19,172
36,20,273
36,22,340
36,23,587
36,24,101
36,25,366
36,27,218
36,28,244
36,33,583
36,37,150
36,38,293
36,41,189
36,42,278
36,45,137
36,47,148
36,50,427
36,51,442
36,52,585
36,53,184
36,54,285
36,58,488
36,59,388
36,60,488
36,61,521
36,64,196
36,68,101
36,75,59
36,76,344
36,77,70
36,79,584
36,80,563
36,81,594
36,83,280
36,86,458
36,100,261
36,103,38
36,104,473
36,121,587
36,128,530
36,131,293
36,135,134
36,141,92
36,144,585
36,158,229
36,161,143
36,182,396
36,198,122
36,218,490
36,233,164
36,236,94
36,261,101
36,263,515
37,2,171
37,5,590
37,6,188
37,9,37
37,11,31
37,13,188
37,14,35
37,16,248
37,18,490
37,19,497
37,21,131
37,22,441
37,26,348
37,29,390
37,30,522
37,34,124
37,35,450
37,36,150
37,38,39
37,39,395
37,40,439
37,41,200
37,42,548
37,43,169
37,44,511
37,45,141
37,48,223
37,50,248
37,51,246
37,52,11
37,53,579
37,61,419
37,64,60
37,66,498
37,73,333
37,74,235
37,78,5
37,79,257
37,81,570
37,82,187
37,84,366
37,85,94
37,87,359
37,88,137
37,95,297
37,97,64
37,101,57
37,102,265
37,114,471
37,116,548
37,126,314
37,139,283
37,140,381
37,142,355
37,145,504
37,152,398
37,154,307
37,161,353
37,164,477
37,171,126
37,181,409
37,183,16
37,186,491
37,194,510
37,213,6
37,215,579
37,219,469
37,221,550
37,222,421
37,231,23
37,232,228
37,243,53
37,244,308
37,257,588
37,258,259
37,282,37
38,1,250
38,2,337
38,4,579
38,5,559
38,6,502
38,8,403
38,10,128
38,11,411
38,12,32
38,13,381
38,17,440
38,18,445
38,19,542
38,22,362
38,24,294
38,25,231
38,27,182
38,29,505
38,30,30
38,36,293
38,37,39
38,40,159
38,41,451
38,43,111
38,44,363
38,45,409
38,46,349
38,50,377
38,58,278
38,59,339
38,62,99
38,65,91
38,69,41
38,73,78
38,77,387
38,78,380
38,93,443
38,94,203
38,98,393
38,110,388
38,121,577
38,125,139
38,132,53
38,135,386
38,138,5
38,140,116
38,159,11
38,163,418
38,186,453
38,198,512
38,200,340
38,201,453
38,222,497
38,225,136
38,227,509
38,256,488
38,263,393
38,272,60
38,278,114
38,282,470
38,284,546
39,3,561
39,5,324
39,6,146
39,8,558
39,12,49
39,13,242
39,14,363
39,16,372
39,20,462
39,23,192
39,25,381
39,26,260
39,27,549
39,31,41
39,34,71
39,35,50
39,37,395
39,40,95
39,44,152
39,45,190
39,49,567
39,54,524
39,56,335
39,57,367
39,59,191
39,60,76
39,62,331
39,67,262
39,70,407
39,74,242
39,80,487
39,81,544
39,82,366
39,83,287
39,84,291
39,85,177
39,90,441
39,92,262
39,95,141
39,97,170
39,100,302
39,107,464
39,113,358
39,114,51
39,125,344
39,132,459
39,144,153
39,160,453
39,187,187
39,196,468
39,198,388
39,212,237
39,213,489
39,233,207
39,237,90
39,245,595
39,246,280
39,250,77
39,260,292
39,272,219
39,276,225
40,1,22
40,6,47
40,8,72
40,10,204
40,11,152
40,16,148
40,19,368
40,23,336
40,26,29
40,28,29
40,29,166
40,30,391
40,33,232
40,37,439
40,38,159
40,39,95
40,42,243
40,48,87
40,49,408
40,53,248
40,55,465
40,56,360
40,57,396
40,61,364
40,62,387
40,66,208
40,67,551
40,69,168
40,71,241
40,76,67
40,79,52
40,81,405
40,89,314
40,94,464
40,96,552
40,97,434
40,111,318
40,120,86
40,123,482
40,127,594
40,135,456
40,154,207
40,155,104
40,160,453
40,164,166
40,166,29
40,170,396
40,171,280
40,180,159
40,183,50
40,197,327
40,201,502
40,202,385
40,207,480
40,216,573
40,224,170
40,226,191
40,232,419
40,237,308
40,265,591
40,293,175
41,3,219
41,5,124
41,7,343
41,14,313
41,15,348
41,16,378
41,20,175
41,22,294
41,23,300
41,25,574
41,27,177
41,29,419
41,30,214
41,31,13
41,32,520
41,33,377
41,36,189
41,37,200
41,38,451
41,42,175
41,44,255
41,45,61
41,49,552
41,51,479
41,56,257
41,68,353
41,70,3
41,71,5
41,72,227
41,73,375
41,77,477
41,78,377
41,89,570
41,90,517
41,96,275
41,97,163
41,101,252
41,111,391
41,114,488
41,134,140
41,136,142
41,138,492
41,139,262
41,153,374
41,157,525
41,161,300
41,166,307
41,170,31
41,180,297
41,185,127
41,190,198
41,200,529
41,220,145
41,227,244
41,242,453
41,273,522
41,279,115
41,280,347
41,293,565
42,1,274
42,4,13
42,7,211
42,8,83
42,9,301
42,10,77
42,12,86
42,13,422
42,18,27
42,19,300
42,20,270
42,25,66
42,26,344
42,32,577
42,35,320
42,36,278
42,37,548
42,40,243
42,41,175
42,46,229
42,47,278
42,48,389
42,51,129
42,53,564
42,55,427
42,62,399
42,64,221
42,65,235
42,67,316
42,84,283
42,92,312
42,97,578
42,108,128
42,113,455
42,114,582
42,115,255
42,120,261
42,122,7
42,128,418
42,146,539
42,151,554
42,154,415
42,155,332
42,163,389
42,170,381
42,173,491
42,174,516
42,176,131
42,177,507
42,179,353
42,187,221
42,202,566
42,203,440
42,206,347
42,216,328
42,218,551
42,231,166
42,236,138
42,238,268
42,253,524
42,268,121
42,271,93
43,10,491
43,11,421
43,13,80
43,16,543
43,22,541
43,23,270
43,24,23
43,27,104
43,28,24
43,29,122
43,32,218
43,33,52
43,34,118
43,37,169
43,38,111
43,48,524
43,50,91
43,54,592
43,56,284
43,59,139
43,61,379
43,65,596
43,70,341
43,71,417
43,72,123
43,73,173
43,74,198
43,77,237
43,81,257
43,85,461
43,88,8
43,89,183
43,90,163
43,92,501
43,100,168
43,104,113
43,111,362
43,113,511
43,115,27
43,123,377
43,125,33
43,127,210
43,143,131
43,147,247
43,179,117
43,188,80
43,192,74
43,196,346
43,215,61
43,236,333
43,241,568
43,257,574
43,277,404
43,292,197
44,5,454
44,7,131
44,10,196
44,11,366
44,12,111
44,13,409
44,20,592
44,21,506
44,23,315
44,25,54
44,26,305
44,27,433
44,33,316
44,35,46
44,37,511
44,38,363
44,39,152
44,41,255
44,58,311
44,63,266
44,66,171
44,67,327
44,68,302
44,72,133
44,73,404
44,74,594
44,81,96
44,83,442
44,89,223
44,102,437
44,118,331
44,131,509
44,154,359
44,159,169
44,167,69
44,168,360
44,171,95
44,173,102
44,189,552
44,196,445
44,215,243
44,217,96
44,234,108
44,238,291
44,250,81
44,261,397
44,262,362
44,273,258
44,299,122
45,4,224
45,5,183
45,6,492
45,9,415
45,10,439
45,14,76
45,16,439
45,18,334
45,20,113
45,21,64
45,22,80
45,23,137
45,24,565
45,27,5
45,29,254
45,30,342
45,34,25
45,35,330
45,36,137
45,37,141
45,38,409
45,39,190
45,41,61
45,47,210
45,48,98
45,57,583
45,61,510
45,62,12
45,65,397
45,69,371
45,73,282
45,75,116
45,77,309
45,78,376
45,79,275
45,80,560
45,89,207
45,90,489
45,95,45
45,102,268
45,106,541
45,107,49
45,111,545
45,114,455
45,117,200
45,120,522
45,121,290
45,132,78
45,136,310
45,147,160
45,155,436
45,195,221
45,205,1
45,207,589
45,210,52
45,223,171
45,253,496
45,264,348
45,267,4
45,286,47
46,4,273
46,5,524
46,8,216
46,9,519
46,10,303
46,11,379
46,13,599
46,16,233
46,17,206
46,19,485
46,22,202
46,23,556
46,28,358
46,31,599
46,32,96
46,33,163
46,38,349
46,42,229
46,47,262
46,48,392
46,52,69
46,53,221
46,55,134
46,57,44
46,60,69
46,61,317
46,62,550
46,63,141
46,70,122
46,73,121
46,75,351
46,85,193
46,91,155
46,93,437
46,95,214
46,98,177
46,105,118
46,133,308
46,141,375
46,142,519
46,155,417
46,157,533
46,163,85
46,173,582
46,188,565
46,190,23
46,216,1
46,221,387
46,226,213
46,230,238
46,243,192
46,263,159
46,266,537
46,268,135
46,290,452
47,4,163
47,5,398
47,9,224
47,10,459
47,11,141
47,14,578
47,18,495
47,19,56
47,21,6
47,24,443
47,25,397
47,27,514
47,30,442
47,31,234
47,32,119
47,34,418
47,35,80
47,36,148
47,42,278
47,45,210
47,46,262
47,48,167
47,49,271
47,51,77
47,55,102
47,56,9
47,58,570
47,60,541
47,66,533
47,73,144
47,77,428
47,80,122
47,92,28
47,96,316
47,106,482
47,117,73
47,118,76
47,119,300
47,125,207
47,128,228
47,131,488
47,140,273
47,150,155
47,154,4
47,160,523
47,214,554
47,219,496
47,226,196
47,250,226
47,262,195
47,274,239
47,278,452
47,280,598
47,289,111
47,296,367
48,1,397
48,4,206
48,5,37
48,8,147
48,9,298
48,17,109
48,22,36
48,25,15
48,29,221
48,30,348
48,31,94
48,34,511
48,35,169
48,37,223
48,40,87
48,42,389
48,43,524
48,45,98
48,46,392
48,47,167
48,52,381
48,57,308
48,59,496
48,66,34
48,70,378
48,74,409
48,75,576
48,81,17
48,86,393
48,87,390
48,89,149
48,93,363
48,98,183
48,101,155
48,104,569
48,108,476
48,111,435
48,112,472
48,114,347
48,115,587
48,118,564
48,119,53
48,123,323
48,130,301
48,139,294
48,140,338
48,156,313
48,166,555
48,170,176
48,175,518
48,177,414
48,194,224
48,213,586
48,222,265
48,227,303
48,237,34
48,239,91
48,258,161
48,296,559
48,298,546
49,1,292
49,2,68
49,3,100
49,7,581
49,8,241
49,9,3
49,12,282
49,15,313
49,16,140
49,17,138
49,19,419
49,20,225
49,27,133
49,28,90
49,30,117
49,39,567
49,40,408
49,41,552
49,47,271
49,52,175
49,54,540
49,55,387
49,56,426
49,58,230
49,61,508
49,62,480
49,63,568
49,64,255
49,65,193
49,67,417
49,68,125
49,70,552
49,72,538
49,73,221
49,78,285
49,79,26
49,82,451
49,84,69
49,86,91
49,87,418
49,98,345
49,103,142
49,105,458
49,113,300
49,119,325
49,120,412
49,122,269
49,124,455
49,138,385
49,148,446
49,160,396
49,162,489
49,168,506
49,171,79
49,178,27
49,179,379
49,191,567
49,192,385
49,206,43
49,207,141
49,223,480
49,228,28
49,232,312
49,234,67
49,235,106
49,238,76
49,256,544
49,258,215
49,267,460
49,282,474
49,293,556
49,299,448
50,1,137
50,2,319
50,4,117
50,5,391
50,8,456
50,16,368
50,17,202
50,18,411
50,20,233
50,21,566
50,25,30
50,27,292
50,30,351
50,31,474
50,32,105
50,35,182
50,36,427
50,37,248
50,38,377
50,43,91
50,61,204
50,63,9
50,70,170
50,73,310
50,74,10
50,75,68
50,79,521
50,81,356
50,88,395
50,91,258
50,92,329
50,93,154
50,100,575
50,102,171
50,105,408
50,107,76
50,111,296
50,117,192
50,120,555
50,124,346
50,126,322
50,134,319
50,135,343
50,136,217
50,139,211
50,143,212
50,146,512
50,147,3
50,150,432
50,152,257
50,165,445
50,194,327
50,198,301
50,212,75
50,219,394
50,224,507
50,233,86
50,234,349
50,240,483
50,246,544
50,248,232
50,254,176
50,267,3
51,7,550
51,10,173
51,11,274
51,12,73
51,13,14
51,14,23
51,18,351
51,22,168
51,23,582
51,24,465
51,26,54
51,30,144
51,35,590
51,36,442
51,37,246
51,41,479
51,42,129
51,47,77
51,53,578
51,55,203
51,58,308
51,64,381
51,65,539
51,73,371
51,77,198
51,84,78
51,87,29
51,91,354
51,92,69
51,94,539
51,98,133
51,99,236
51,101,316
51,104,177
51,107,470
51,108,379
51,111,390
51,117,515
51,122,255
51,125,475
51,131,32
51,135,341
51,154,595
51,155,584
51,156,496
51,164,369
51,172,262
51,185,359
51,188,578
51,189,41
51,198,302
51,220,212
51,229,508
51,250,327
51,261,171
51,269,144
51,276,322
51,277,478
51,290,2
52,1,80
52,2,522
52,3,507
52,4,412
52,6,184
52,7,260
52,12,60
52,18,326
52,21,236
52,24,390
52,26,424
52,31,329
52,32,452
52,35,563
52,36,585
52,37,11
52,46,69
52,48,381
52,49,175
52,54,155
52,55,460
52,56,408
52,59,15
52,62,579
52,63,92
52,66,256
52,69,128
52,73,229
52,75,407
52,77,488
52,82,380
52,83,296
52,85,245
52,87,42
52,88,407
52,90,437
52,106,230
52,107,282
52,112,402
52,120,38
52,123,277
52,124,592
52,128,139
52,133,530
52,136,295
52,137,385
52,141,369
52,142,47
52,143,313
52,146,128
52,147,324
52,150,410
52,156,30
52,163,524
52,169,283
52,184,194
52,195,262
52,198,230
52,200,88
52,243,27
52,252,449
52,256,60
52,285,83
53,3,234
53,7,365
53,8,369
53,12,301
53,13,136
53,18,135
53,19,353
53,21,487
53,22,237
53,27,494
53,28,481
53,31,62
53,32,230
53,33,418
53,36,184
53,37,579
53,40,248
53,42,564
53,46,221
53,51,578
53,56,323
53,57,492
53,59,64
53,62,401
53,65,344
53,69,222
53,75,583
53,88,99
53,91,337
53,92,472
53,93,150
53,94,343
53,95,190
53,98,315
53,105,28
53,109,131
53,110,49
53,115,467
53,118,319
53,135,397
53,136,153
53,147,244
53,166,371
53,168,35
53,175,154
53,198,452
53,199,14
53,207,512
53,217,509
53,266,177
54,1,418
54,3,253
54,4,421
54,5,105
54,7,393
54,9,411
54,10,142
54,16,577
54,17,397
54,18,239
54,24,184
54,33,417
54,34,114
54,35,115
54,36,285
54,39,524
54,43,592
54,49,540
54,52,155
54,55,257
54,63,38
54,68,488
54,71,473
54,77,440
54,90,212
54,94,477
54,97,81
54,101,21
54,105,3
54,106,222
54,131,108
54,136,285
54,137,441
54,138,62
54,141,218
54,142,62
54,149,429
54,150,168
54,156,257
54,157,421
54,168,373
54,171,492
54,182,444
54,183,26
54,196,167
54,198,359
54,204,159
54,223,333
54,224,191
54,226,569
54,234,11
54,239,14
54,288,313
54,289,398
54,291,225
54,295,341
55,2,511
55,5,187
55,6,243
55,7,148
55,10,348
55,12,590
55,17,47
55,18,310
55,20,269
55,21,345
55,25,469
55,27,39
55,40,465
55,42,427
55,46,134
55,47,102
55,49,387
55,51,203
55,52,460
55,54,257
55,56,93
55,62,205
55,64,431
55,67,325
55,69,341
55,71,491
55,76,194
55,77,558
55,79,562
55,80,505
55,86,521
55,88,267
55,91,235
55,98,415
55,103,75
55,107,181
55,117,579
55,121,88
55,130,452
55,131,565
55,137,90
55,139,500
55,145,1
55,147,101
55,149,112
55,175,174
55,180,450
55,187,496
55,193,389
55,196,12
55,203,60
55,213,569
55,239,303
55,242,222
55,260,499
55,273,425
55,276,572
55,282,555
55,295,419
55,298,403
56,1,371
56,4,216
56,5,503
56,9,394
56,13,88
56,17,598
56,19,504
56,22,193
56,25,322
56,28,226
56,29,458
56,33,298
56,39,335
56,40,360
56,41,257
56,43,284
56,47,9
56,49,426
56,52,408
56,53,323
56,55,93
56,57,151
56,59,442
56,60,94
56,61,93
56,62,6
56,67,290
56,72,530
56,84,578
56,85,49
56,89,428
56,92,392
56,94,592
56,97,65
56,108,237
56,109,570
56,112,445
56,113,68
56,119,550
56,123,591
56,124,418
56,126,521
56,127,157
56,128,580
56,129,127
56,133,413
56,141,306
56,146,280
56,152,37
56,158,339
56,166,600
56,167,173
56,168,286
56,174,331
56,200,334
56,220,547
56,225,488
56,232,218
56,240,56
56,253,465
56,265,176
56,267,252
56,296,89
57,2,218
57,3,214
57,4,495
57,5,428
57,10,75
57,13,335
57,15,293
57,20,407
57,27,506
57,29,480
57,31,139
57,33,10
57,39,367
57,40,396
57,45,583
57,46,44
57,48,308
57,53,492
57,56,151
57,60,537
57,61,216
57,62,577
57,63,574
57,65,546
57,66,405
57,79,483
57,80,240
57,81,243
57,87,53
57,90,592
57,91,537
57,99,163
57,106,455
57,114,435
57,119,572
57,121,599
57,122,129
57,127,122
57,129,201
57,148,531
57,155,469
57,165,139
57,174,51
57,175,224
57,176,572
57,179,108
57,184,530
57,187,8
57,197,127
57,200,357
57,206,133
57,208,503
57,209,263
57,213,260
57,231,139
58,1,467
58,7,63
58,8,526
58,12,148
58,17,498
58,20,35
58,21,34
58,25,316
58,26,366
58,27,12
58,30,336
58,31,357
58,32,125
58,34,62
58,36,488
58,38,278
58,44,311
58,47,570
58,49,230
58,51,308
58,60,515
58,63,176
58,67,166
58,68,303
58,74,475
58,80,75
58,84,142
58,90,365
58,93,96
58,99,267
58,105,571
58,113,323
58,115,445
58,125,217
58,128,594
58,133,318
58,142,100
58,152,396
58,155,175
58,174,569
58,183,578
58,187,38
58,203,474
58,218,73
58,222,105
58,224,265
58,226,538
58,251,576
58,255,194
58,257,277
58,260,558
58,271,542
58,290,426
59,5,241
59,6,554
59,8,61
59,10,2
59,11,251
59,17,60
59,19,378
59,21,444
59,26,520
59,27,211
59,29,149
59,32,452
59,33,244
59,36,388
59,38,339
59,39,191
59,43,139
59,48,496
59,52,15
59,53,64
59,56,442
59,65,487
59,71,271
59,73,161
59,78,366
59,79,400
59,84,434
59,93,64
59,95,572
59,96,101
59,103,261
59,106,419
59,108,78
59,123,449
59,129,469
59,130,34
59,133,171
59,143,2
59,149,323
59,165,145
59,166,423
59,167,5
59,182,392
59,191,364
59,193,580
59,194,293
59,201,193
59,213,550
59,221,430
59,232,352
59,233,134
59,249,531
59,252,500
59,267,349
59,272,225
59,275,439
59,284,375
59,290,176
60,1,88
60,2,507
60,6,483
60,9,233
60,12,310
60,19,489
60,21,311
60,23,482
60,28,276
60,31,256
60,36,488
60,39,76
60,46,69
60,47,541
60,56,94
60,57,537
60,58,515
60,62,51
60,68,66
60,69,244
60,75,104
60,76,470
60,81,322
60,85,43
60,88,252
60,100,595
60,105,153
60,107,165
60,109,112
60,117,147
60,122,481
60,151,214
60,154,3
60,157,332
60,161,222
60,165,545
60,168,357
60,169,318
60,171,528
60,174,568
60,175,79
60,176,437
60,178,116
60,179,304
60,188,393
60,197,170
60,213,518
60,215,64
60,216,30
60,224,440
60,251,16
60,277,157
60,293,580
60,295,441
61,2,29
61,4,407
61,7,15
61,9,575
61,14,136
61,23,452
61,26,137
61,27,57
61,31,193
61,32,590
61,33,373
61,36,521
61,37,419
61,40,364
61,43,379
61,45,510
61,46,317
61,49,508
61,50,204
61,56,93
61,57,216
61,66,131
61,72,12
61,74,227
61,76,243
61,81,522
61,86,50
61,96,74
61,104,267
61,109,143
61,113,115
61,126,406
61,127,532
61,128,491
61,139,208
61,140,13
61,141,426
61,144,92
61,148,290
61,156,418
61,158,233
61,159,429
61,165,189
61,166,283
61,173,58
61,178,358
61,180,246
61,188,504
61,195,447
61,206,163
61,211,60
61,228,121
61,230,371
61,239,169
61,253,587
62,1,546
62,4,576
62,5,189
62,9,35
62,17,64
62,27,453
62,30,193
62,38,99
62,39,331
62,40,387
62,42,399
62,45,12
62,46,550
62,49,480
62,52,579
62,53,401
62,55,205
62,56,6
62,57,577
62,60,51
62,64,545
62,68,354
62,69,180
62,72,141
62,73,155
62,76,338
62,77,493
62,81,439
62,86,65
62,104,574
62,108,506
62,109,583
62,112,231
62,116,574
62,126,359
62,151,9
62,155,79
62,160,21
62,165,384
62,167,258
62,169,494
62,179,542
62,181,283
62,185,367
62,192,351
62,203,111
62,219,440
62,236,210
62,246,506
62,254,162
62,261,543
62,269,238
62,290,27
62,298,130
63,1,544
63,2,588
63,3,117
63,4,260
63,5,522
63,12,360
63,13,568
63,17,156
63,21,554
63,26,24
63,28,140
63,29,15
63,31,281
63,44,266
63,46,141
63,49,568
63,50,9
63,52,92
63,54,38
63,57,574
63,58,176
63,65,280
63,66,108
63,71,28
63,79,252
63,98,142
63,99,292
63,104,158
63,113,77
63,122,351
63,129,547
63,131,143
63,137,262
63,145,415
63,160,196
63,163,302
63,170,251
63,174,245
63,185,113
63,203,176
63,204,97
63,224,103
63,234,284
63,244,98
63,247,342
63,250,524
63,264,73
63,289,433
64,10,538
64,12,282
64,14,339
64,23,14
64,24,56
64,26,185
64,27,550
64,28,221
64,32,210
64,35,550
64,36,196
64,37,60
64,42,221
64,49,255
64,51,381
64,55,431
64,62,545
64,72,365
64,73,395
64,78,47
64,84,482
64,85,596
64,90,381
64,99,318
64,100,45
64,103,166
64,105,207
64,110,190
64,112,289
64,113,124
64,118,340
64,132,278
64,136,217
64,146,36
64,147,360
64,157,99
64,160,205
64,161,160
64,164,425
64,176,531
64,181,557
64,195,29
64,206,547
64,221,49
64,225,34
64,232,454
64,233,211
64,238,16
64,277,55
64,287,265
64,300,597
65,2,103
65,4,165
65,12,348
65,16,116
65,18,359
65,25,211
65,26,580
65,29,287
65,32,79
65,38,91
65,42,235
65,43,596
65,45,397
65,49,193
65,51,539
65,53,344
65,57,546
65,59,487
65,63,280
65,68,175
65,70,324
65,82,299
65,83,267
65,89,150
65,94,36
65,100,60
65,102,146
65,103,171
65,108,106
65,111,486
65,114,221
65,116,459
65,118,375
