source,target,weight
1,2,471
1,3,453
1,5,490
1,6,145
1,8,213
1,9,222
1,10,158
1,12,512
1,13,486
1,14,284
1,16,150
1,17,63
1,18,416
1,19,432
1,20,309
1,22,340
1,23,452
1,26,320
1,27,397
1,30,278
1,31,206
1,33,462
1,35,572
1,41,335
1,44,181
1,47,72
1,53,236
1,54,434
1,55,477
1,56,171
1,62,62
1,63,470
1,64,147
1,65,337
1,70,524
1,71,175
1,77,270
1,78,471
1,89,457
1,90,175
1,91,415
1,99,181
1,103,34
1,114,600
1,115,59
1,117,20
1,139,551
1,173,261
1,178,350
1,184,103
1,204,434
1,205,124
1,239,386
1,240,118
1,252,342
1,258,220
1,268,546
1,277,430
1,278,7
1,282,113
1,295,387
1,297,35
2,1,471
2,3,339
2,4,236
2,6,97
2,7,146
2,8,528
2,9,263
2,11,503
2,12,20
2,13,393
2,14,314
2,17,303
2,20,459
2,22,239
2,23,390
2,24,286
2,25,553
2,27,107
2,28,167
2,29,545
2,30,218
2,31,478
2,34,431
2,35,136
2,37,295
2,38,476
2,40,544
2,42,285
2,46,233
2,50,194
2,51,18
2,54,478
2,56,60
2,57,506
2,60,531
2,62,375
2,68,179
2,69,396
2,72,4
2,73,74
2,75,325
2,76,206
2,83,309
2,84,393
2,95,379
2,100,457
2,110,414
2,112,547
2,115,55
2,119,263
2,122,498
2,130,178
2,136,293
2,157,153
2,182,61
2,185,86
2,198,147
2,199,425
2,203,128
2,204,467
2,212,354
2,218,522
2,239,228
2,250,388
2,258,591
2,275,269
2,296,493
3,1,453
3,2,339
3,4,335
3,5,29
3,7,66
3,8,29
3,11,306
3,14,507
3,16,369
3,17,509
3,18,291
3,19,157
3,26,124
3,28,574
3,29,252
3,30,300
3,31,375
3,32,311
3,33,49
3,34,563
3,35,268
3,36,323
3,37,519
3,38,7
3,40,246
3,42,7
3,43,81
3,45,169
3,46,570
3,58,132
3,59,554
3,63,432
3,64,84
3,66,49
3,69,76
3,75,461
3,80,523
3,81,527
3,86,519
3,96,582
3,111,380
3,115,490
3,121,64
3,125,327
3,135,242
3,141,382
3,152,453
3,160,17
3,161,2
3,165,299
3,166,175
3,171,226
3,174,248
3,194,590
3,199,230
3,214,257
3,224,346
3,229,366
3,236,445
3,250,277
3,254,441
3,255,146
3,258,106
3,276,322
3,290,545
4,2,236
4,3,335
4,5,165
4,8,284
4,10,463
4,11,208
4,12,114
4,13,251
4,14,423
4,15,526
4,16,63
4,17,223
4,18,55
4,19,362
4,20,373
4,23,204
4,25,76
4,26,294
4,27,263
4,28,482
4,29,203
4,30,194
4,31,522
4,33,34
4,35,184
4,36,190
4,44,293
4,47,309
4,52,262
4,53,17
4,54,141
4,55,82
4,59,59
4,62,125
4,64,528
4,71,366
4,73,415
4,74,367
4,78,389
4,80,586
4,83,76
4,86,92
4,92,290
4,94,329
4,97,176
4,101,4
4,108,313
4,109,417
4,110,352
4,111,253
4,120,38
4,122,80
4,126,195
4,137,503
4,139,264
4,154,419
4,164,374
4,205,403
4,208,3
4,213,584
4,216,310
4,221,44
4,228,12
4,237,67
4,239,325
4,248,53
4,277,135
4,294,53
5,1,490
5,3,29
5,4,165
5,6,384
5,9,522
5,10,372
5,11,320
5,12,477
5,13,488
5,15,77
5,19,258
5,20,439
5,22,544
5,24,464
5,26,529
5,27,575
5,30,490
5,33,378
5,34,550
5,35,220
5,36,511
5,37,180
5,38,546
5,40,43
5,41,389
5,45,222
5,46,278
5,47,167
5,48,403
5,50,147
5,51,203
5,52,235
5,54,556
5,55,151
5,60,45
5,61,523
5,65,239
5,68,145
5,71,106
5,73,17
5,76,231
5,78,410
5,81,523
5,82,143
5,84,242
5,93,215
5,95,216
5,97,170
5,100,538
5,105,378
5,109,408
5,117,81
5,121,48
5,122,90
5,124,404
5,130,58
5,132,537
5,138,307
5,141,262
5,144,71
5,149,487
5,154,87
5,160,381
5,161,594
5,170,21
5,175,355
5,178,497
5,179,189
5,184,261
5,200,288
5,211,18
5,222,111
5,243,430
5,246,37
5,250,485
5,260,62
5,274,592
5,280,552
5,296,572
6,1,145
6,2,97
6,5,384
6,7,532
6,8,552
6,9,458
6,10,467
6,11,486
6,12,523
6,13,417
6,14,306
6,15,57
6,17,165
6,19,203
6,20,80
6,21,66
6,22,34
6,23,192
6,24,549
6,25,348
6,26,545
6,27,32
6,29,460
6,31,499
6,32,568
6,33,117
6,34,40
6,35,158
6,38,375
6,42,331
6,43,477
6,44,268
6,46,373
6,49,415
6,52,135
6,55,595
6,57,451
6,61,375
6,65,597
6,66,567
6,67,79
6,70,290
6,71,180
6,74,238
6,76,335
6,77,371
6,89,125
6,106,465
6,117,446
6,125,539
6,127,181
6,136,403
6,143,64
6,145,424
6,162,215
6,172,437
6,179,532
6,184,387
6,187,589
6,191,454
6,195,477
6,196,196
6,198,232
6,200,404
6,215,393
6,219,35
6,220,272
6,226,310
6,232,44
6,236,487
6,242,420
6,248,91
6,252,528
6,265,572
6,274,14
6,285,240
6,299,100
7,2,146
7,3,66
7,6,532
7,8,543
7,9,510
7,11,511
7,13,23
7,15,280
7,16,242
7,17,115
7,19,234
7,22,481
7,23,143
7,24,559
7,25,309
7,26,443
7,29,238
7,30,137
7,31,133
7,32,417
7,37,458
7,38,141
7,39,484
7,42,377
7,45,364
7,47,476
7,48,270
7,51,264
7,52,28
7,53,201
7,54,326
7,59,591
7,60,462
7,65,300
7,66,275
7,68,132
7,69,39
7,70,129
7,75,111
7,87,16
7,94,371
7,104,114
7,105,290
7,106,574
7,108,305
7,112,526
7,117,597
7,118,218
7,132,408
7,133,410
7,157,327
7,159,407
7,165,335
7,179,567
7,180,390
7,185,489
7,187,67
7,196,276
7,212,343
7,213,133
7,230,145
7,231,270
7,255,105
7,259,511
7,271,153
7,280,354
8,1,213
8,2,528
8,3,29
8,4,284
8,6,552
8,7,543
8,9,161
8,10,313
8,14,341
8,15,77
8,16,514
8,18,208
8,20,397
8,21,109
8,25,312
8,28,458
8,29,497
8,31,436
8,35,177
8,40,369
8,42,558
8,43,42
8,51,213
8,53,230
8,54,519
8,55,2
8,56,596
8,58,498
8,61,77
8,62,335
8,65,574
8,66,503
8,67,366
8,68,85
8,69,552
8,70,590
8,71,172
8,75,474
8,78,202
8,84,368
8,86,575
8,91,215
8,92,327
8,95,274
8,102,409
8,107,487
8,108,60
8,126,136
8,135,126
8,139,240
8,141,298
8,154,20
8,160,447
8,168,34
8,181,9
8,198,382
8,209,303
8,216,129
8,221,471
8,228,534
8,235,357
8,243,326
8,245,203
8,246,335
8,255,109
8,274,438
8,292,197
9,1,222
9,2,263
9,5,522
9,6,458
9,7,510
9,8,161
9,10,435
9,12,176
9,13,279
9,14,454
9,16,582
9,17,29
9,18,144
9,19,576
9,20,96
9,22,470
9,24,84
9,25,65
9,26,589
9,28,368
9,30,334
9,31,425
9,34,215
9,35,273
9,36,476
9,37,438
9,38,490
9,39,180
9,41,273
9,45,286
9,46,149
9,48,54
9,50,517
9,51,412
9,55,202
9,59,226
9,64,264
9,66,73
9,68,266
9,78,191
9,79,516
9,84,88
9,89,578
9,90,355
9,94,531
9,95,28
9,99,126
9,101,149
9,102,365
9,110,82
9,114,435
9,117,255
9,123,491
9,126,339
9,130,500
9,142,443
9,152,148
9,154,565
9,159,129
9,161,344
9,172,52
9,187,508
9,196,315
9,202,151
9,211,23
9,221,339
9,232,490
9,240,486
9,244,56
9,264,408
10,1,158
10,4,463
10,5,372
10,6,467
10,8,313
10,9,435
10,11,454
10,12,442
10,13,526
10,15,212
10,16,556
10,18,155
10,19,394
10,22,81
10,23,27
10,24,341
10,26,24
10,27,381
10,28,214
10,29,492
10,34,148
10,36,360
10,40,493
10,41,554
10,42,55
10,43,501
10,46,458
10,47,447
10,50,24
10,51,109
10,52,265
10,59,272
10,69,349
10,74,360
10,78,263
10,79,435
10,80,203
10,83,301
10,84,503
10,87,103
10,91,5
10,93,126
10,95,570
10,101,29
10,106,528
10,111,98
10,114,478
10,116,307
10,118,205
10,126,51
10,140,584
10,143,182
10,144,426
10,167,64
10,169,212
10,170,542
10,173,585
10,181,373
10,194,248
10,197,101
10,206,238
10,225,313
10,227,383
10,236,456
10,257,262
10,263,450
10,264,353
10,268,591
10,279,533
11,2,503
11,3,306
11,4,208
11,5,320
11,6,486
11,7,511
11,10,454
11,12,122
11,13,518
11,14,141
11,15,529
11,17,557
11,18,487
11,19,7
11,20,300
11,21,94
11,23,259
11,24,176
11,25,2
11,26,140
11,27,400
11,28,442
11,31,60
11,33,35
11,34,269
11,38,62
11,40,385
11,41,384
11,44,321
11,45,140
11,46,13
11,47,155
11,50,133
11,51,519
11,57,236
11,58,376
11,60,475
11,61,27
11,62,153
11,63,554
11,66,77
11,68,307
11,69,589
11,70,37
11,72,508
11,73,125
11,74,444
11,80,245
11,100,88
11,101,85
11,107,503
11,115,168
11,124,559
11,131,404
11,134,140
11,142,11
11,144,575
11,146,237
11,151,280
11,159,107
11,162,302
11,163,1
11,169,521
11,184,88
11,188,392
11,199,258
11,220,181
11,224,552
11,225,72
11,229,399
11,253,475
11,269,393
11,273,315
11,276,476
11,278,184
11,291,126
11,293,212
11,295,149
12,1,512
12,2,20
12,4,114
12,5,477
12,6,523
12,9,176
12,10,442
12,11,122
12,16,381
12,17,50
12,18,450
12,20,144
12,21,417
12,23,209
12,25,568
12,26,233
12,29,144
12,31,380
12,32,470
12,33,442
12,36,386
12,39,355
12,40,431
12,44,493
12,45,49
12,48,247
12,51,312
12,53,443
12,54,97
12,55,134
12,56,170
12,59,330
12,60,474
12,64,598
12,65,506
12,71,3
12,74,243
12,76,98
12,78,298
12,82,196
12,84,353
12,85,15
12,100,286
12,101,593
12,102,3
12,105,343
12,109,400
12,111,553
12,114,256
12,116,518
12,149,100
12,150,133
12,155,391
12,161,138
12,167,187
12,170,54
12,174,405
12,188,582
12,195,286
12,200,240
12,203,252
12,207,589
12,211,337
12,212,342
12,226,61
12,235,241
12,238,567
12,261,180
12,264,319
12,270,230
12,282,86
12,295,106
12,297,313
13,1,486
13,2,393
13,4,251
13,5,488
13,6,417
13,7,23
13,9,279
13,10,526
13,11,518
13,14,289
13,15,434
13,16,114
13,20,507
13,21,346
13,22,492
13,25,221
13,26,451
13,27,497
13,29,37
13,30,506
13,31,581
13,32,589
13,35,159
13,36,14
13,37,489
13,38,332
13,42,138
13,44,431
13,47,354
13,49,204
13,50,291
13,54,580
13,57,234
13,60,89
13,65,109
13,69,31
13,74,134
13,78,429
13,82,371
13,94,117
13,99,554
13,100,469
13,101,354
13,103,415
13,106,142
13,109,194
13,115,197
13,121,599
13,122,231
13,124,266
13,134,311
13,138,463
13,143,129
13,148,134
13,153,465
13,156,276
13,157,600
13,168,551
13,169,574
13,173,414
13,180,135
13,188,144
13,191,213
13,207,590
13,220,187
13,231,167
13,241,526
13,256,65
13,274,418
13,280,44
13,283,506
13,293,196
14,1,284
14,2,314
14,3,507
14,4,423
14,6,306
14,8,341
14,9,454
14,11,141
14,13,289
14,15,304
14,17,575
14,19,305
14,20,131
14,21,341
14,22,197
14,23,339
14,25,83
14,26,444
14,27,142
14,28,260
14,33,133
14,34,63
14,36,137
14,43,363
14,44,409
14,46,390
14,48,240
14,49,202
14,50,594
14,59,225
14,61,295
14,62,523
14,66,32
14,68,313
14,76,515
14,79,30
14,80,279
14,82,313
14,86,101
14,88,47
14,98,177
14,100,525
14,101,420
14,102,554
14,107,111
14,109,216
14,117,594
14,118,461
14,119,251
14,127,333
14,136,544
14,137,391
14,138,587
14,159,585
14,162,593
14,165,24
14,198,463
14,199,138
14,204,84
14,223,81
14,224,26
14,235,331
14,238,531
14,247,371
14,257,510
14,258,86
14,262,541
14,270,169
14,274,515
14,275,300
14,279,138
14,297,253
14,300,131
15,4,526
15,5,77
15,6,57
15,7,280
15,8,77
15,10,212
15,11,529
15,13,434
15,14,304
15,16,516
15,17,511
15,18,552
15,20,182
15,23,209
15,24,495
15,26,91
15,29,119
15,30,193
15,31,33
15,32,464
15,33,423
15,34,292
15,37,319
15,38,431
15,40,159
15,41,519
15,43,367
15,44,195
15,45,498
15,53,573
15,54,104
15,58,148
15,59,443
15,66,221
15,69,35
15,71,332
15,72,470
15,81,12
15,83,575
15,85,545
15,87,272
15,91,545
15,92,132
15,93,296
15,94,81
15,100,586
15,102,566
15,108,227
15,118,548
15,122,69
15,124,283
15,127,230
15,128,170
15,129,272
15,137,335
15,154,148
15,158,9
15,169,335
15,175,255
15,179,324
15,180,475
15,201,199
15,219,199
15,224,409
15,225,497
15,246,172
15,248,495
15,253,159
15,254,321
15,280,184
15,281,513
15,293,305
15,295,372
16,1,150
16,3,369
16,4,63
16,7,242
16,8,514
16,9,582
16,10,556
16,12,381
16,13,114
16,15,516
16,17,547
16,19,352
16,20,206
16,21,398
16,22,411
16,23,72
16,24,343
16,25,154
16,26,32
16,27,179
16,28,85
16,29,328
16,31,196
16,32,537
16,33,216
16,36,111
16,39,32
16,40,364
16,43,272
16,51,214
16,54,431
16,57,336
16,58,367
16,59,25
16,60,342
16,62,57
16,63,527
16,64,125
16,69,5
16,71,520
16,74,529
16,76,222
16,78,385
16,82,134
16,83,44
16,86,463
16,90,458
16,99,586
16,112,528
16,119,292
16,124,187
16,125,69
16,127,191
16,131,77
16,132,95
16,136,537
16,143,442
16,146,451
16,149,197
16,151,171
16,152,394
16,153,295
16,154,514
16,167,548
16,196,221
16,202,148
16,210,359
16,215,279
16,221,366
16,240,95
16,246,55
16,257,22
16,271,116
16,283,88
16,287,223
16,300,550
17,1,63
17,2,303
17,3,509
17,4,223
17,6,165
17,7,115
17,9,29
17,11,557
17,12,50
17,14,575
17,15,511
17,16,547
17,18,107
17,19,194
17,21,418
17,24,47
17,25,182
17,26,409
17,27,426
17,29,40
17,30,111
17,34,498
17,35,245
17,36,212
17,38,497
17,41,224
17,42,524
17,43,72
17,49,338
17,50,23
17,52,400
17,56,303
17,60,212
17,62,217
17,63,120
17,67,96
17,68,439
17,73,186
17,76,412
17,78,532
17,82,183
17,94,341
17,107,157
17,109,357
17,120,379
17,122,104
17,123,11
17,124,389
17,135,260
17,137,582
17,155,585
17,160,290
17,171,477
17,178,197
17,183,159
17,189,162
17,195,344
17,197,425
17,205,215
17,207,131
17,227,98
17,236,280
17,238,540
17,240,20
17,244,268
17,254,210
17,265,238
17,277,528
17,289,348
17,299,470
18,1,416
18,3,291
18,4,55
18,8,208
18,9,144
18,10,155
18,11,487
18,12,450
18,15,552
18,17,107
18,19,171
18,21,3
18,23,461
18,25,212
18,27,321
18,28,478
18,29,180
18,30,361
18,34,348
18,43,158
18,47,571
18,48,281
18,50,51
18,54,364
18,56,481
18,59,296
18,63,416
18,64,569
18,70,89
18,82,571
18,91,4
18,94,500
18,95,429
18,104,413
18,105,396
18,118,177
18,119,591
18,133,580
18,136,582
18,147,380
18,153,391
18,160,164
18,181,264
18,191,447
18,206,97
18,209,106
18,213,171
18,216,477
18,221,11
18,233,533
18,247,239
18,261,309
18,267,565
18,287,8
18,295,502
18,299,192
19,1,432
19,3,157
19,4,362
19,5,258
19,6,203
19,7,234
19,9,576
19,10,394
19,11,7
19,14,305
19,16,352
19,17,194
19,18,171
19,20,533
19,21,498
19,22,3
19,23,261
19,24,84
19,25,571
19,26,441
19,27,596
19,28,527
19,29,566
19,30,42
19,31,543
19,33,268
19,34,72
19,35,258
19,36,489
19,37,358
19,38,414
19,39,286
19,41,106
19,42,184
19,45,306
19,46,444
19,47,243
19,50,220
19,52,397
19,66,214
19,70,308
19,73,219
19,79,211
19,83,565
19,85,109
19,88,408
19,89,7
19,91,52
19,103,101
19,104,220
19,106,399
19,109,267
19,117,311
19,118,255
19,126,403
19,127,323
19,128,344
19,130,143
19,131,506
19,147,446
19,162,36
19,171,587
19,172,309
19,174,453
19,184,290
19,185,184
19,212,174
19,220,179
19,221,181
19,223,180
19,224,490
19,228,86
19,231,254
19,241,599
19,251,164
19,271,323
19,280,35
19,284,294
19,285,81
19,292,324
20,1,309
20,2,459
20,4,373
20,5,439
20,6,80
20,8,397
20,9,96
20,11,300
20,12,144
20,13,507
20,14,131
20,15,182
20,16,206
20,19,533
20,21,594
20,22,531
20,25,182
20,27,117
20,28,440
20,30,486
20,33,559
20,34,71
20,36,21
20,37,162
20,38,57
20,39,244
20,40,138
20,41,160
20,42,464
20,44,576
20,46,336
20,47,301
20,48,393
20,50,546
20,56,43
20,58,319
20,60,372
20,64,87
20,67,144
20,68,518
20,79,506
20,81,272
20,85,102
20,86,460
20,87,439
20,92,149
20,93,332
20,95,168
20,98,348
20,99,58
20,101,459
20,112,127
20,113,283
20,115,554
20,119,375
20,122,202
20,124,53
20,140,202
20,146,193
20,151,261
20,158,545
20,161,330
20,181,391
20,186,183
20,193,133
20,194,561
20,205,18
20,208,331
20,212,419
20,221,104
20,227,419
20,233,477
20,246,134
20,249,543
20,273,358
20,292,344
21,6,66
21,8,109
21,11,94
21,12,417
21,13,346
21,14,341
21,16,398
21,17,418
21,18,3
21,19,498
21,20,594
21,22,435
21,24,253
21,26,114
21,28,267
21,31,393
21,33,256
21,34,230
21,36,575
21,39,579
21,40,386
21,41,61
21,42,403
21,43,263
21,44,59
21,45,379
21,46,299
21,49,28
21,51,181
21,52,69
21,56,392
21,59,170
21,61,581
21,69,232
21,72,520
21,77,112
21,81,115
21,86,486
21,88,165
21,95,542
21,98,301
21,99,476
21,101,58
21,109,502
21,117,465
21,134,553
21,135,155
21,138,588
21,146,146
21,151,483
21,154,268
21,164,464
21,165,420
21,174,131
21,178,188
21,183,344
21,189,127
21,190,218
21,200,45
21,202,467
21,212,80
21,226,117
21,245,589
21,254,53
21,258,439
21,274,396
21,275,371
22,1,340
22,2,239
22,5,544
22,6,34
22,7,481
22,9,470
22,10,81
22,13,492
22,14,197
22,16,411
22,19,3
22,20,531
22,21,435
22,23,561
22,24,52
22,25,576
22,26,305
22,28,241
22,30,210
22,31,494
22,32,405
22,33,517
22,34,498
22,35,446
22,36,319
22,37,492
22,39,535
22,42,251
22,44,543
22,45,426
22,46,171
22,47,216
22,49,147
22,51,19
22,54,267
22,57,47
22,59,200
22,60,324
22,61,570
22,63,336
22,68,561
22,71,48
22,73,336
22,77,20
22,79,474
22,84,410
22,87,323
22,89,600
22,91,494
22,93,129
22,99,71
22,106,17
22,109,472
22,118,173
22,119,283
22,120,98
22,124,443
22,127,528
22,135,600
22,152,525
22,154,283
22,155,184
22,159,488
22,169,392
22,171,392
22,175,319
22,192,357
22,197,29
22,219,151
22,225,204
22,254,121
22,284,571
22,291,335
22,295,507
23,1,452
23,2,390
23,4,204
23,6,192
23,7,143
23,10,27
23,11,259
23,12,209
23,14,339
23,15,209
23,16,72
23,18,461
23,19,261
23,22,561
23,24,345
23,26,116
23,28,117
23,32,129
23,34,415
23,36,418
23,39,427
23,43,85
23,47,87
23,48,530
23,53,123
23,54,183
23,58,346
23,62,427
23,63,277
23,65,459
23,68,464
23,71,365
23,73,594
23,74,197
23,76,203
23,78,305
23,79,424
23,82,363
23,84,340
23,87,119
23,96,462
23,102,185
23,111,462
23,113,346
23,114,528
23,127,296
23,140,380
23,142,148
23,143,428
23,145,62
23,153,512
23,159,493
23,160,327
23,161,520
23,162,512
23,163,1
23,174,408
23,175,87
23,188,516
23,195,438
23,218,395
23,227,401
23,239,442
23,291,249
23,295,387
24,2,286
24,5,464
24,6,549
24,7,559
24,9,84
24,10,341
24,11,176
24,15,495
24,16,343
24,17,47
24,19,84
24,21,253
24,22,52
24,23,345
24,25,593
24,27,16
24,28,427
24,29,599
24,30,68
24,33,535
24,34,42
24,35,269
24,36,179
24,37,92
24,39,439
24,40,428
24,44,41
24,48,340
24,49,18
24,52,349
24,53,360
24,54,175
24,57,372
24,58,6
24,60,427
24,64,296
24,66,327
24,69,334
24,71,427
24,75,589
24,76,256
24,79,262
24,83,350
24,91,371
24,97,176
24,99,316
24,101,355
24,102,220
24,126,70
24,130,358
24,152,574
24,161,345
24,183,100
24,194,557
24,215,49
24,219,165
24,234,300
24,247,195
24,252,571
24,262,153
24,270,148
25,2,553
25,4,76
25,6,348
25,7,309
25,8,312
25,9,65
25,11,2
25,12,568
25,13,221
25,14,83
25,16,154
25,17,182
25,18,212
25,19,571
25,20,182
25,22,576
25,24,593
25,27,150
25,33,598
25,36,554
25,41,577
25,42,560
25,45,522
25,47,368
25,49,357
25,52,251
25,55,547
25,56,50
25,58,425
25,59,106
25,60,27
25,61,258
25,62,598
25,63,434
25,64,316
25,68,125
25,69,266
25,74,418
25,75,284
25,79,535
25,83,524
25,88,134
25,91,192
25,92,593
25,94,449
25,95,69
25,98,351
25,101,145
25,105,242
25,106,387
25,108,221
25,115,247
25,116,201
25,119,310
25,139,546
25,180,451
25,183,570
25,184,225
25,195,46
25,203,593
25,232,426
25,242,431
25,249,483
25,257,533
25,263,91
25,270,380
25,283,325
25,294,294
25,296,272
26,1,320
26,3,124
26,4,294
26,5,529
26,6,545
26,7,443
26,9,589
26,10,24
26,11,140
26,12,233
26,13,451
26,14,444
26,15,91
26,16,32
26,17,409
26,19,441
26,21,114
26,22,305
26,23,116
26,29,499
26,30,324
26,32,530
26,37,33
26,38,393
26,39,379
26,43,525
26,44,243
26,47,588
26,48,173
26,51,240
26,55,84
26,63,324
26,67,333
26,80,114
26,85,289
26,90,332
26,91,464
26,96,50
26,98,57
26,104,50
26,129,337
26,132,518
26,137,69
26,138,584
26,140,502
26,141,295
26,143,504
26,144,283
26,149,252
26,153,382
26,161,29
26,166,316
26,168,304
26,171,439
26,180,255
26,187,531
26,193,436
26,200,321
26,202,416
26,204,43
26,207,543
26,210,562
26,214,457
26,223,347
26,243,128
26,258,371
26,261,454
26,268,563
26,271,207
26,273,386
26,295,174
26,297,266
27,1,397
27,2,107
27,4,263
27,5,575
27,6,32
27,10,381
27,11,400
27,13,497
27,14,142
27,16,179
27,17,426
27,18,321
27,19,596
27,20,117
27,24,16
27,25,150
27,28,451
27,29,169
27,32,597
27,33,225
27,37,12
27,39,379
27,40,112
27,41,391
27,44,147
27,46,170
27,49,589
27,50,3
27,52,494
27,53,400
27,56,370
27,57,59
27,60,344
27,61,267
27,62,465
27,64,168
27,66,72
27,80,286
27,84,361
27,87,564
27,89,481
27,93,584
27,95,173
27,97,12
27,98,28
27,99,131
27,107,59
27,113,599
27,120,21
27,121,154
27,123,318
27,124,414
27,126,291
27,130,39
27,146,235
27,158,400
27,166,223
27,186,523
27,200,141
27,238,425
27,240,394
27,256,538
27,285,435
28,2,167
28,3,574
28,4,482
28,8,458
28,9,368
28,10,214
28,11,442
28,14,260
28,16,85
28,18,478
28,19,527
28,20,440
28,21,267
28,22,241
28,23,117
28,24,427
28,27,451
28,29,280
28,30,347
28,35,313
28,38,574
28,40,244
28,44,404
28,48,450
28,49,118
28,51,202
28,52,3
28,53,268
28,54,243
28,57,101
28,58,80
28,60,93
28,69,446
28,71,346
28,73,593
28,74,568
28,75,409
28,80,127
28,92,173
28,93,272
28,95,503
28,96,527
28,99,330
28,100,357
28,103,194
28,104,357
28,127,272
28,132,272
28,141,128
28,146,596
28,147,54
28,171,143
28,185,395
28,192,324
28,206,293
28,216,273
28,218,132
28,219,204
28,222,166
28,225,237
28,232,583
28,236,507
28,260,524
28,265,548
28,274,554
28,275,252
28,279,380
28,285,50
28,290,565
29,2,545
29,3,252
29,4,203
29,6,460
29,7,238
29,8,497
29,10,492
29,12,144
29,13,37
29,15,119
29,16,328
29,17,40
29,18,180
29,19,566
29,24,599
29,26,499
29,27,169
29,28,280
29,31,403
29,32,418
29,34,31
29,35,188
29,36,251
29,37,579
29,39,116
29,40,233
29,42,158
29,43,454
29,45,377
29,49,42
29,52,307
29,54,9
29,56,45
29,57,166
29,63,540
29,65,170
29,67,190
29,69,88
29,70,254
29,75,530
29,77,32
29,79,171
29,84,157
29,88,49
29,102,576
29,107,165
29,113,346
29,117,500
29,134,415
29,135,429
29,137,425
29,151,12
29,157,338
29,158,522
29,164,580
29,168,558
29,169,89
29,177,458
29,178,177
29,210,73
29,212,170
29,215,502
29,217,207
29,222,334
29,228,267
29,239,105
29,247,30
29,250,184
29,256,21
29,271,295
29,279,362
29,283,557
30,1,278
30,2,218
30,3,300
30,4,194
30,5,490
30,7,137
30,9,334
30,13,506
30,15,193
30,17,111
30,18,361
30,19,42
30,20,486
30,22,210
30,24,68
30,26,324
30,28,347
30,31,116
30,32,481
30,35,32
30,37,424
30,38,232
30,39,121
30,41,15
30,42,363
30,43,18
30,47,5
30,48,317
30,53,532
30,58,495
30,62,23
30,70,584
30,73,278
30,74,529
30,83,53
30,89,185
30,97,113
30,104,304
30,115,554
30,123,70
30,126,115
30,128,243
30,131,346
30,133,210
30,138,255
30,140,217
30,142,130
30,148,548
30,154,422
30,180,18
30,186,293
30,196,393
30,206,102
30,210,26
30,219,87
30,220,492
30,244,331
30,247,414
30,253,479
30,262,508
30,270,160
30,288,155
30,296,416
31,1,206
31,2,478
31,3,375
31,4,522
31,6,499
31,7,133
31,8,436
31,9,425
31,11,60
31,12,380
31,13,581
31,15,33
31,16,196
31,19,543
31,21,393
31,22,494
31,29,403
31,30,116
31,32,324
31,35,414
31,37,224
31,39,590
31,43,23
31,47,225
31,52,88
31,53,575
31,58,126
31,63,489
31,72,415
31,76,573
31,79,480
31,84,168
31,85,323
31,86,476
31,87,100
31,89,409
31,93,112
31,95,262
31,100,105
31,107,55
31,109,464
31,121,70
31,123,240
31,136,200
31,149,197
31,150,508
31,155,102
31,170,274
31,171,249
31,185,50
31,193,485
31,198,453
31,202,99
31,208,67
31,209,311
31,286,59
31,291,468
31,292,46
32,3,311
32,6,568
32,7,417
32,12,470
32,13,589
32,15,464
32,16,537
32,22,405
32,23,129
32,26,530
32,27,597
32,29,418
32,30,481
32,31,324
32,34,476
32,36,336
32,37,208
32,39,13
32,41,60
32,42,420
32,43,411
32,46,547
32,47,36
32,48,200
32,56,542
32,58,565
32,59,130
32,62,135
32,70,176
32,72,290
32,79,256
32,81,452
32,85,122
32,92,509
32,99,148
32,106,305
32,117,262
32,127,569
32,128,285
32,139,79
32,144,571
32,148,93
32,150,443
32,152,380
32,160,76
32,167,424
32,174,566
32,180,229
32,191,254
32,195,219
32,202,297
32,211,75
32,241,350
32,255,537
32,259,15
32,263,480
32,268,151
32,271,349
32,273,354
32,277,110
32,281,290
32,284,229
32,286,96
32,298,393
33,1,462
33,3,49
33,4,34
33,5,378
33,6,117
33,11,35
33,12,442
33,14,133
33,15,423
33,16,216
33,19,268
33,20,559
33,21,256
33,22,517
33,24,535
33,25,598
33,27,225
33,40,110
33,41,536
33,48,459
33,57,366
33,58,40
33,59,582
33,62,442
33,63,411
33,69,592
33,72,315
33,73,47
33,75,518
33,88,34
33,90,412
33,94,57
33,100,336
33,107,361
33,123,40
33,125,320
33,140,71
33,143,181
33,156,299
33,157,376
33,160,533
33,168,437
33,171,470
33,173,408
33,180,593
33,189,324
33,197,457
33,220,233
33,228,4
33,234,446
33,247,587
33,251,241
33,252,474
33,256,513
33,290,252
33,291,332
34,2,431
34,3,563
34,5,550
34,6,40
34,9,215
34,10,148
34,11,269
34,14,63
34,15,292
34,17,498
34,18,348
34,19,72
34,20,71
34,21,230
34,22,498
34,23,415
34,24,42
34,29,31
34,32,476
34,39,142
34,40,491
34,41,497
34,46,534
34,48,62
34,50,373
34,54,20
34,55,109
34,70,562
34,72,49
34,81,457
34,82,70
34,83,284
34,84,568
34,87,599
34,94,231
34,97,149
34,100,223
34,102,526
34,104,552
34,110,232
34,120,73
34,128,138
34,131,439
34,132,160
34,142,315
34,152,258
34,158,223
34,168,452
34,169,360
34,177,1
34,181,341
34,186,159
34,189,501
34,200,169
34,201,132
34,202,556
34,208,237
34,210,123
34,212,501
34,221,207
34,233,363
34,237,487
34,260,571
34,281,422
34,287,435
35,1,572
35,2,136
35,3,268
35,4,184
35,5,220
35,6,158
35,8,177
35,9,273
35,13,159
35,17,245
35,19,258
35,22,446
35,24,269
35,28,313
35,29,188
35,30,32
35,31,414
35,36,520
35,37,186
35,38,331
35,39,405
35,40,374
35,43,55
35,45,51
35,47,517
35,52,564
35,57,234
35,61,353
35,67,579
35,71,356
35,73,212
35,75,403
35,76,8
35,80,207
35,81,221
35,91,561
35,98,590
35,100,88
35,108,148
35,117,595
35,124,43
35,131,128
35,133,52
35,141,186
35,148,296
35,152,213
35,156,583
35,157,366
35,162,88
35,166,72
35,169,244
35,179,132
35,185,200
35,190,260
35,192,164
35,247,271
35,267,533
35,281,289
35,282,297
35,288,315
35,292,491
35,296,424
35,299,328
36,3,323
36,4,190
36,5,511
36,9,476
36,10,360
36,12,386
36,13,14
36,14,137
36,16,111
36,17,212
36,19,489
36,20,21
36,21,575
36,22,319
36,23,418
36,24,179
36,25,554
36,29,251
36,32,336
36,35,520
36,37,318
36,38,339
36,39,311
36,40,470
36,42,121
36,49,21
36,51,277
36,52,47
36,54,181
36,55,395
36,63,310
36,67,297
36,75,318
36,76,301
36,77,324
36,79,341
36,80,385
36,85,129
36,88,141
36,91,470
36,92,588
36,104,405
36,106,583
36,108,81
36,119,486
36,122,202
36,128,171
36,129,214
36,138,541
36,140,215
36,146,28
36,150,37
36,152,89
36,164,195
36,165,600
36,169,588
36,194,188
36,196,222
36,200,108
36,204,152
36,208,515
36,221,162
36,225,299
36,228,248
36,254,562
36,261,542
36,266,261
36,273,279
36,278,9
36,287,171
37,2,295
37,3,519
37,5,180
37,7,458
37,9,438
37,13,489
37,15,319
37,19,358
37,20,162
37,22,492
37,24,92
37,26,33
37,27,12
37,29,579
37,30,424
37,31,224
37,32,208
37,35,186
37,36,318
37,41,473
37,42,339
37,43,52
37,44,425
37,45,18
37,48,99
37,49,112
37,50,96
37,51,248
37,62,2
37,63,138
37,68,272
37,70,205
37,76,510
37,77,227
37,78,571
37,79,262
37,91,117
37,92,5
37,93,442
37,98,59
37,102,253
37,110,542
37,119,135
37,122,462
37,123,313
37,125,165
37,145,195
37,146,124
37,149,587
37,150,411
37,166,311
37,171,243
37,173,236
37,186,288
37,187,570
37,188,184
37,189,94
37,190,461
37,215,330
37,239,597
37,268,302
37,276,349
38,2,476
38,3,7
38,5,546
38,6,375
38,7,141
38,9,490
38,11,62
38,13,332
38,15,431
38,17,497
38,19,414
38,20,57
38,26,393
38,28,574
38,30,232
38,35,331
38,36,339
38,39,525
38,40,403
38,41,221
38,42,301
38,43,225
38,45,115
38,51,345
38,53,252
38,54,535
38,56,331
38,59,199
38,60,351
38,61,276
38,63,529
38,67,497
38,75,314
38,78,479
38,83,150
38,86,462
38,88,135
38,92,344
38,97,258
38,103,10
38,106,132
38,107,312
38,109,190
38,111,598
38,112,535
38,114,29
38,118,436
38,120,311
38,122,362
38,125,303
38,134,212
38,152,136
38,158,273
38,163,432
38,164,337
38,173,280
38,176,248
38,193,32
38,196,176
38,203,552
38,211,477
38,212,130
38,251,298
38,264,160
38,277,346
38,286,557
39,7,484
39,9,180
39,12,355
39,16,32
39,19,286
39,20,244
39,21,579
39,22,535
39,23,427
39,24,439
39,26,379
39,27,379
39,29,116
39,30,121
39,31,590
39,32,13
39,34,142
39,35,405
39,36,311
39,38,525
39,41,25
39,42,460
39,46,483
39,50,230
39,51,77
39,54,576
39,56,175
39,64,405
39,65,197
39,69,370
39,70,254
39,73,240
39,74,385
39,77,346
39,84,64
39,85,194
39,89,221
39,97,451
39,98,213
39,99,388
39,111,298
39,118,13
39,119,266
39,120,47
39,132,533
39,139,589
39,143,571
39,149,376
39,151,300
39,160,373
39,161,342
39,162,132
39,179,159
39,188,155
39,196,573
39,198,201
39,218,462
39,219,362
39,226,366
39,233,153
39,238,114
39,246,413
39,250,117
40,2,544
40,3,246
40,5,43
40,8,369
40,10,493
40,11,385
40,12,431
40,15,159
40,16,364
40,20,138
40,21,386
40,24,428
40,27,112
40,28,244
40,29,233
40,33,110
40,34,491
40,35,374
40,36,470
40,38,403
40,44,363
40,51,221
40,52,355
40,53,160
40,55,73
40,63,347
40,64,598
40,67,54
40,70,585
40,72,241
40,74,174
40,82,279
40,92,570
40,98,104
40,104,475
40,111,550
40,121,480
40,124,360
40,127,271
40,131,535
40,136,54
40,144,296
40,152,464
40,156,261
40,159,573
40,162,205
40,163,71
40,167,51
40,168,229
40,169,588
40,172,161
40,182,571
40,192,420
40,195,214
40,199,303
40,207,75
40,222,166
40,268,436
40,279,42
40,280,531
40,299,8
41,1,335
41,5,389
41,9,273
41,10,554
41,11,384
41,15,519
41,17,224
41,19,106
41,20,160
41,21,61
41,25,577
41,27,391
41,30,15
41,32,60
41,33,536
41,34,497
41,37,473
41,38,221
41,39,25
41,42,299
41,43,392
41,44,37
41,45,394
41,57,15
41,61,333
41,64,555
41,65,526
41,66,158
41,68,356
41,70,600
41,71,74
41,73,16
41,75,545
41,77,335
41,78,518
41,83,221
41,85,497
41,87,54
41,88,259
41,90,495
41,106,535
41,117,525
41,121,116
41,122,50
41,123,156
41,132,441
41,140,67
41,152,36
41,157,50
41,164,560
41,168,20
41,175,594
41,183,296
41,193,300
41,203,289
41,215,89
41,219,511
41,246,592
41,250,454
41,254,5
41,261,426
41,262,55
41,263,376
41,271,504
41,277,522
41,279,428
41,293,250
42,2,285
42,3,7
42,6,331
42,7,377
42,8,558
42,10,55
42,13,138
42,17,524
42,19,184
42,20,464
42,21,403
42,22,251
42,25,560
42,29,158
42,30,363
42,32,420
42,36,121
42,37,339
42,38,301
42,39,460
42,41,299
42,43,577
42,45,61
42,48,239
42,50,246
42,51,98
42,53,554
42,54,263
42,56,364
42,62,56
42,64,260
42,65,357
42,75,502
42,77,111
42,81,428
42,88,445
42,92,115
42,95,494
42,101,252
42,104,359
42,107,408
42,110,139
42,111,80
42,116,552
42,117,7
42,123,371
42,129,96
42,130,488
42,136,477
42,137,593
42,139,346
42,142,349
42,147,562
42,153,181
42,156,268
42,162,598
42,169,366
42,177,598
42,198,577
42,199,145
42,203,297
42,207,282
42,211,42
42,228,115
42,247,258
42,262,596
42,269,267
42,275,589
42,280,454
43,3,81
43,6,477
43,8,42
43,10,501
43,14,363
43,15,367
43,16,272
43,17,72
43,18,158
43,21,263
43,23,85
43,26,525
43,29,454
43,30,18
43,31,23
43,32,411
43,35,55
43,37,52
43,38,225
43,41,392
43,42,577
43,44,496
43,45,150
43,52,292
43,53,593
43,54,535
43,58,272
43,61,247
43,62,260
43,64,528
43,66,224
43,72,178
43,77,280
43,83,599
43,86,247
43,89,176
43,91,355
43,93,249
43,96,577
43,97,25
43,102,580
43,103,406
43,111,343
43,116,441
43,117,366
43,129,99
43,131,8
43,133,210
43,149,538
43,153,400
43,155,150
43,159,201
43,167,167
43,168,568
43,173,280
43,193,72
43,195,308
43,206,419
43,209,358
43,213,483
43,216,488
43,221,12
43,224,562
43,226,593
43,240,220
43,256,55
43,257,430
43,270,140
43,283,123
43,287,390
43,292,216
44,1,181
44,4,293
44,6,268
44,11,321
44,12,493
44,13,431
44,14,409
44,15,195
44,20,576
44,21,59
44,22,543
44,24,41
44,26,243
44,27,147
44,28,404
44,37,425
44,40,363
44,41,37
44,43,496
44,46,515
44,49,402
44,68,423
44,69,93
44,70,448
44,72,337
44,77,586
44,82,336
44,84,480
44,85,452
44,93,135
44,97,411
44,98,301
44,103,546
44,106,273
44,111,372
44,112,503
44,115,276
44,122,204
44,136,396
44,138,530
44,142,413
44,148,85
44,149,471
44,150,598
44,159,472
44,161,324
44,179,426
44,183,396
44,185,48
44,195,299
44,203,46
44,206,316
44,224,85
44,245,137
44,247,63
44,274,226
44,287,401
44,290,539
44,291,467
44,292,135
45,3,169
45,5,222
45,7,364
45,9,286
45,11,140
45,12,49
45,15,498
45,19,306
45,21,379
45,22,426
45,25,522
45,29,377
45,35,51
45,37,18
45,38,115
45,41,394
45,42,61
45,43,150
45,46,195
45,49,4
45,50,29
45,52,90
45,55,595
45,59,353
45,71,276
45,72,275
45,73,456
45,76,122
45,83,496
45,89,338
45,90,138
45,92,391
45,96,378
45,98,242
45,102,232
45,103,156
45,110,24
45,125,352
45,129,463
45,136,56
45,146,107
45,151,139
45,163,106
45,174,89
45,181,544
45,189,283
45,192,112
45,197,418
45,204,428
45,217,116
45,220,342
45,224,518
45,246,448
45,257,489
45,265,49
45,266,544
45,300,48
46,2,233
46,3,570
46,5,278
46,6,373
46,9,149
46,10,458
46,11,13
46,14,390
46,19,444
46,20,336
46,21,299
46,22,171
46,27,170
46,32,547
46,34,534
46,39,483
46,44,515
46,45,195
46,48,456
46,50,8
46,53,392
46,54,219
46,59,415
46,61,580
46,62,164
46,63,389
46,64,237
46,65,283
46,67,517
46,69,243
46,75,334
46,101,197
46,102,128
46,103,550
46,107,280
46,111,50
46,116,119
46,120,21
46,124,437
46,126,93
46,139,240
46,142,401
46,160,128
46,176,108
46,186,533
46,194,485
46,201,191
46,208,396
46,214,436
46,222,564
46,232,495
46,273,227
46,278,369
46,285,136
47,1,72
47,4,309
47,5,167
47,7,476
47,10,447
47,11,155
47,13,354
47,18,571
47,19,243
47,20,301
47,22,216
47,23,87
47,25,368
47,26,588
47,30,5
47,31,225
47,32,36
47,35,517
47,48,290
47,49,235
47,53,474
47,55,198
47,60,363
47,65,134
47,72,158
47,73,575
47,76,72
47,79,530
47,82,209
47,88,163
47,89,401
47,91,573
47,92,469
47,94,17
47,97,454
47,99,172
47,103,429
47,104,325
47,106,356
47,108,434
47,114,578
47,116,599
47,122,268
47,124,267
47,126,383
47,134,415
47,136,412
47,139,413
47,142,596
47,145,127
47,161,16
47,163,60
47,175,61
47,177,179
47,195,564
47,214,467
47,222,242
47,223,425
47,226,180
47,238,443
47,248,221
47,281,382
47,284,258
47,286,122
47,287,549
47,297,55
48,5,403
48,7,270
48,9,54
48,12,247
48,14,240
48,18,281
48,20,393
48,23,530
48,24,340
48,26,173
48,28,450
48,30,317
48,32,200
48,33,459
48,34,62
48,37,99
48,42,239
48,46,456
48,47,290
48,49,380
48,50,404
48,51,97
48,52,345
48,53,442
48,57,589
48,58,556
48,59,284
48,69,210
48,75,345
48,77,403
48,97,119
48,98,127
48,99,391
48,103,276
48,107,493
48,113,455
48,114,404
48,121,481
48,125,439
48,128,549
48,133,48
48,138,139
48,144,53
48,145,250
48,146,450
48,148,358
48,162,543
48,170,257
48,187,148
48,189,469
48,195,457
48,201,44
48,216,593
48,252,265
48,263,346
48,265,229
48,269,62
48,282,274
49,6,415
49,13,204
49,14,202
49,17,338
49,21,28
49,22,147
49,24,18
49,25,357
49,27,589
49,28,118
49,29,42
49,36,21
49,37,112
49,44,402
49,45,4
49,47,235
49,48,380
49,51,216
49,52,174
49,57,116
49,58,281
49,59,525
49,61,553
49,62,383
49,64,498
49,69,6
49,74,593
49,76,155
49,78,157
49,85,543
49,93,356
49,94,512
49,99,400
49,104,65
49,120,32
49,121,300
49,122,465
49,127,310
49,129,204
49,143,20
49,144,538
49,145,271
49,163,147
49,184,510
49,189,9
49,207,589
49,210,87
49,212,404
49,213,227
49,215,549
49,240,282
49,246,169
49,268,67
49,280,46
49,283,396
49,289,564
49,298,477
50,2,194
50,5,147
50,9,517
50,10,24
50,11,133
50,13,291
50,14,594
50,17,23
50,18,51
50,19,220
50,20,546
50,27,3
50,34,373
50,37,96
50,39,230
50,42,246
50,45,29
50,46,8
50,48,404
50,53,591
50,55,149
50,56,477
50,57,108
50,58,592
50,66,280
50,67,118
50,71,165
50,73,341
50,74,298
50,77,137
50,78,48
50,85,555
50,87,264
50,89,224
50,90,195
50,96,57
50,98,106
50,101,548
50,104,318
50,105,457
50,115,392
50,118,524
50,127,453
50,128,511
50,131,3
50,145,79
50,152,347
50,158,521
50,161,323
50,162,236
50,167,385
50,169,323
50,170,113
50,179,31
50,182,14
50,188,190
50,215,30
50,221,98
50,222,53
50,223,1
50,241,528
50,255,126
50,271,248
50,279,223
50,295,339
51,2,18
51,5,203
51,7,264
51,8,213
51,9,412
51,10,109
51,11,519
51,12,312
51,16,214
51,21,181
51,22,19
51,26,240
51,28,202
51,36,277
51,37,248
51,38,345
51,39,77
51,40,221
51,42,98
51,48,97
51,49,216
51,54,12
51,55,371
51,56,423
51,57,514
51,61,106
51,66,268
51,67,134
51,70,8
51,71,366
51,76,422
51,82,589
51,83,555
51,90,181
51,91,219
51,95,553
51,96,16
51,97,41
51,108,581
51,113,234
51,115,13
51,117,72
51,118,2
51,128,31
51,133,161
51,135,260
51,140,471
51,143,96
51,149,117
51,150,492
51,161,464
51,164,154
51,166,228
51,174,513
51,176,360
51,180,122
51,188,185
51,196,554
51,199,15
51,202,413
51,218,381
51,266,365
51,274,305
51,287,127
52,4,262
52,5,235
52,6,135
52,7,28
52,10,265
52,17,400
52,19,397
52,21,69
52,24,349
52,25,251
52,27,494
52,28,3
52,29,307
52,31,88
52,35,564
52,36,47
52,40,355
52,43,292
52,45,90
52,48,345
52,49,174
52,57,218
52,61,228
52,67,182
52,75,297
52,79,375
52,80,98
52,81,117
52,84,19
52,86,361
52,87,83
52,89,122
52,97,201
52,102,444
52,108,157
52,110,123
52,131,10
52,135,305
52,154,295
52,158,593
52,160,21
52,170,378
52,171,596
52,201,63
52,203,139
52,206,359
52,218,102
52,231,56
52,232,37
52,239,117
52,261,573
52,282,146
52,295,533
53,1,236
53,4,17
53,7,201
53,8,230
53,12,443
53,15,573
53,23,123
53,24,360
53,27,400
53,28,268
53,30,532
53,31,575
53,38,252
53,40,160
53,42,554
53,43,593
53,46,392
53,47,474
53,48,442
53,50,591
53,55,61
53,56,331
53,63,141
53,64,510
53,67,507
53,78,204
53,79,228
53,83,121
53,84,182
53,87,600
53,88,437
53,90,332
53,108,571
53,113,459
53,125,434
53,130,537
53,132,422
53,146,2
53,149,329
53,157,246
53,158,309
53,164,446
53,166,360
53,167,231
53,190,230
53,196,255
53,198,126
53,199,67
53,217,262
53,242,500
53,256,528
53,257,334
53,265,584
53,282,47
54,1,434
54,2,478
54,4,141
54,5,556
54,7,326
54,8,519
54,12,97
54,13,580
54,15,104
54,16,431
54,18,364
54,22,267
54,23,183
54,24,175
54,28,243
54,29,9
54,34,20
54,36,181
54,38,535
54,39,576
54,42,263
54,43,535
54,46,219
54,51,12
54,55,419
54,56,554
54,62,273
54,67,261
54,69,11
54,76,364
54,81,276
54,85,334
54,86,158
54,97,259
54,105,588
54,106,193
54,112,379
54,120,166
54,129,197
54,130,393
54,131,297
54,140,478
54,143,52
54,144,365
54,150,528
54,155,364
54,161,171
54,167,569
54,172,56
54,176,251
54,180,292
54,186,513
54,200,180
54,202,585
54,218,379
54,224,175
54,226,500
54,243,365
54,249,226
54,262,492
54,263,44
54,281,24
54,290,413
54,300,125
55,1,477
55,4,82
55,5,151
55,6,595
55,8,2
55,9,202
55,12,134
55,25,547
55,26,84
55,34,109
55,36,395
55,40,73
55,45,595
55,47,198
55,50,149
55,51,371
55,53,61
55,54,419
55,57,350
55,60,347
55,61,343
55,65,273
55,71,20
55,72,303
55,73,289
55,81,299
55,85,443
55,87,225
55,89,567
55,96,370
55,116,250
55,120,413
55,121,577
55,131,100
55,145,339
55,151,312
55,154,77
55,160,9
55,161,329
55,174,261
55,178,510
55,179,521
55,204,104
55,206,158
55,217,116
55,225,364
55,232,541
55,238,506
55,254,119
55,264,391
55,271,215
55,278,371
55,294,512
55,299,104
56,1,171
56,2,60
56,8,596
56,12,170
56,17,303
56,18,481
56,20,43
56,21,392
56,25,50
56,27,370
56,29,45
56,32,542
56,38,331
56,39,175
56,42,364
56,50,477
56,51,423
56,53,331
56,54,554
56,58,68
56,59,397
56,61,462
56,62,439
56,63,486
56,65,544
56,66,24
56,72,231
56,74,497
56,83,205
56,86,223
56,101,471
56,110,313
56,117,76
56,121,439
56,130,374
56,133,573
56,141,227
56,161,414
56,162,52
56,193,64
56,196,474
56,210,137
56,215,475
56,217,244
56,228,585
56,248,550
56,253,591
56,254,512
56,259,177
56,263,105
56,265,567
56,275,515
56,285,409
56,288,300
56,291,460
57,2,506
57,6,451
57,11,236
57,13,234
57,16,336
57,22,47
57,24,372
57,27,59
57,28,101
57,29,166
57,33,366
57,35,234
57,41,15
57,48,589
57,49,116
57,50,108
57,51,514
57,52,218
57,55,350
57,58,216
57,59,397
57,60,243
57,72,105
57,73,9
57,75,578
57,81,522
57,95,158
57,97,554
57,105,573
57,112,226
57,117,440
57,125,467
57,133,153
57,135,331
57,139,120
57,143,64
57,148,452
57,156,151
57,182,118
57,220,249
57,236,74
57,248,199
57,268,359
57,281,373
57,294,332
58,3,132
58,8,498
58,11,376
58,15,148
58,16,367
58,20,319
58,23,346
58,24,6
58,25,425
58,28,80
58,30,495
58,31,126
58,32,565
58,33,40
58,43,272
58,48,556
58,49,281
58,50,592
58,56,68
58,57,216
58,65,414
58,72,138
58,75,239
58,83,520
58,90,462
58,93,574
58,94,553
58,100,439
58,101,410
58,107,284
58,110,391
58,113,194
58,116,421
58,118,8
58,120,243
58,122,390
58,123,495
58,129,177
58,130,584
58,143,305
58,155,45
58,157,481
58,165,436
58,167,102
58,174,432
58,184,278
58,186,92
58,187,351
58,192,241
58,197,251
58,213,39
58,214,393
58,215,212
58,221,462
58,226,470
58,234,237
58,240,449
58,262,229
58,265,480
58,282,520
58,294,301
58,295,531
58,297,219
59,3,554
59,4,59
59,7,591
59,9,226
59,10,272
59,12,330
59,14,225
59,15,443
59,16,25
59,18,296
59,21,170
59,22,200
59,25,106
59,32,130
59,33,582
59,38,199
59,45,353
59,46,415
59,48,284
59,49,525
59,56,397
59,57,397
59,62,345
59,65,495
59,66,35
59,67,224
59,68,240
59,71,280
59,73,295
59,76,360
59,79,79
59,86,377
59,90,297
59,93,231
59,95,529
59,103,406
59,108,396
59,111,182
59,124,437
59,126,509
59,128,341
59,134,465
59,135,349
59,138,371
59,145,59
59,158,231
59,163,160
59,175,47
59,185,227
59,193,418
59,202,390
59,214,220
59,215,478
59,225,338
59,226,123
59,234,498
59,239,81
59,252,450
59,253,562
59,259,165
59,272,457
59,292,538
60,2,531
60,5,45
60,7,462
60,11,475
60,12,474
60,13,89
60,16,342
60,17,212
60,20,372
60,22,324
60,24,427
60,25,27
60,27,344
60,28,93
60,38,351
60,47,363
60,55,347
60,57,243
60,67,231
60,69,257
60,77,458
60,84,420
60,87,109
60,89,455
60,90,412
60,100,346
60,105,48
60,107,403
60,110,125
60,120,218
60,121,388
60,126,104
60,128,203
60,129,219
60,130,256
60,140,535
60,144,120
60,150,123
60,154,82
60,156,129
60,160,561
60,178,83
60,191,518
60,195,67
60,196,343
60,197,352
60,200,390
60,204,369
60,210,138
60,219,78
60,223,452
60,227,281
60,229,207
60,262,209
60,275,587
60,276,382
60,290,554
61,5,523
61,6,375
61,8,77
61,11,27
61,14,295
61,21,581
61,22,570
61,25,258
61,27,267
61,35,353
61,38,276
61,41,333
61,43,247
61,46,580
61,49,553
61,51,106
61,52,228
61,55,343
61,56,462
61,63,444
61,67,118
61,79,294
61,81,542
61,83,231
61,85,60
61,91,221
61,93,447
61,96,424
61,97,100
61,98,230
61,99,167
61,103,309
61,105,507
61,106,134
61,109,481
61,112,445
61,117,276
61,119,503
61,121,535
61,124,235
61,130,23
61,140,430
61,145,567
61,151,463
61,156,274
61,158,119
61,168,436
61,172,146
61,175,319
61,176,388
61,177,102
61,186,481
61,193,211
61,196,186
61,206,2
61,209,588
61,210,293
61,217,217
61,219,567
61,231,263
61,234,127
61,235,235
61,254,121
61,259,428
61,263,509
61,264,388
61,270,277
61,281,60
61,282,345
61,295,503
61,298,115
62,1,62
62,2,375
62,4,125
62,8,335
62,11,153
62,14,523
62,16,57
62,17,217
62,23,427
62,25,598
62,27,465
62,30,23
62,32,135
62,33,442
