source,target,weight
1,2,111
1,3,335
1,5,193
1,7,227
1,8,369
1,9,29
1,10,383
1,12,488
1,13,321
1,14,585
1,15,480
1,16,353
1,17,152
1,18,317
1,19,14
1,21,87
1,25,210
1,26,523
1,30,43
1,34,554
1,36,433
1,38,556
1,44,32
1,51,358
1,52,337
1,53,457
1,54,61
1,58,294
1,60,547
1,64,95
1,65,343
1,66,436
1,67,405
1,70,230
1,76,457
1,83,413
1,98,568
1,100,347
1,116,193
1,118,469
1,142,442
1,163,168
1,192,21
1,208,39
1,213,138
1,246,483
1,263,430
1,275,304
1,284,55
1,288,355
2,1,111
2,3,527
2,4,173
2,5,513
2,8,142
2,9,212
2,10,112
2,13,348
2,14,464
2,15,2
2,16,170
2,18,363
2,20,278
2,21,184
2,24,484
2,25,447
2,26,245
2,27,570
2,28,398
2,30,312
2,34,71
2,37,173
2,38,26
2,40,49
2,55,560
2,56,41
2,59,67
2,63,332
2,67,141
2,69,585
2,72,68
2,80,386
2,82,17
2,83,593
2,86,278
2,89,2
2,95,431
2,108,380
2,115,22
2,133,457
2,134,193
2,142,365
2,154,206
2,160,220
2,172,531
2,190,570
2,194,331
2,217,215
2,230,383
2,231,119
2,254,79
2,296,586
3,1,335
3,2,527
3,4,281
3,5,346
3,6,47
3,7,409
3,8,380
3,9,563
3,10,144
3,12,468
3,14,7
3,15,385
3,16,501
3,19,207
3,20,451
3,26,564
3,27,485
3,28,266
3,29,164
3,30,48
3,31,22
3,32,342
3,42,351
3,45,456
3,49,123
3,61,86
3,63,78
3,81,272
3,88,75
3,92,392
3,97,357
3,100,24
3,102,280
3,109,5
3,112,407
3,115,180
3,117,486
3,118,250
3,120,277
3,122,540
3,136,586
3,142,226
3,163,37
3,208,542
3,209,473
3,215,384
4,2,173
4,3,281
4,5,366
4,6,268
4,7,97
4,8,600
4,9,327
4,10,157
4,11,585
4,13,215
4,14,306
4,16,326
4,17,180
4,19,192
4,25,7
4,28,326
4,30,219
4,34,373
4,38,180
4,39,255
4,40,406
4,50,285
4,59,479
4,60,349
4,66,314
4,71,340
4,75,351
4,80,357
4,90,45
4,96,4
4,101,532
4,112,512
4,121,205
4,125,586
4,133,381
4,145,230
4,149,196
4,156,71
4,197,562
4,202,261
4,203,318
4,218,168
4,234,212
4,257,93
4,261,390
4,268,245
4,289,179
4,298,45
5,1,193
5,2,513
5,3,346
5,4,366
5,6,453
5,10,223
5,12,110
5,15,586
5,16,141
5,17,459
5,18,420
5,19,189
5,20,451
5,21,24
5,24,312
5,25,553
5,27,110
5,29,563
5,31,67
5,36,98
5,38,288
5,40,32
5,42,574
5,43,173
5,53,491
5,57,331
5,66,365
5,67,255
5,69,447
5,91,584
5,100,347
5,103,413
5,108,475
5,109,159
5,112,209
5,113,180
5,117,415
5,123,543
5,135,532
5,157,342
5,161,220
5,162,307
5,167,340
5,181,450
5,224,579
5,225,239
5,274,332
5,284,55
5,286,413
6,3,47
6,4,268
6,5,453
6,7,416
6,8,290
6,9,300
6,12,277
6,16,389
6,22,18
6,24,333
6,25,576
6,27,46
6,28,549
6,33,511
6,37,52
6,38,451
6,44,238
6,45,251
6,48,87
6,58,520
6,59,518
6,63,411
6,64,302
6,79,94
6,86,14
6,98,356
6,101,324
6,102,19
6,104,402
6,109,509
6,120,531
6,125,508
6,127,29
6,129,51
6,132,268
6,139,574
6,151,76
6,152,79
6,167,26
6,171,89
6,189,507
6,193,150
6,221,499
6,232,317
6,253,348
6,254,118
7,1,227
7,3,409
7,4,97
7,6,416
7,8,172
7,9,232
7,10,67
7,11,349
7,15,245
7,16,149
7,18,325
7,20,189
7,21,277
7,24,444
7,27,7
7,28,172
7,29,95
7,32,266
7,33,173
7,34,119
7,35,511
7,36,193
7,38,124
7,39,60
7,40,131
7,49,586
7,50,200
7,53,200
7,56,185
7,62,366
7,65,198
7,68,545
7,80,270
7,81,367
7,102,199
7,106,502
7,117,14
7,124,4
7,129,545
7,136,540
7,141,552
7,192,486
7,212,496
7,236,549
7,238,169
7,244,581
7,250,157
7,294,456
8,1,369
8,2,142
8,3,380
8,4,600
8,6,290
8,7,172
8,9,488
8,11,153
8,12,55
8,13,569
8,14,301
8,17,40
8,18,472
8,20,144
8,21,23
8,23,130
8,28,313
8,31,361
8,32,574
8,34,17
8,44,582
8,45,586
8,46,497
8,58,10
8,59,497
8,62,446
8,75,248
8,77,241
8,78,2
8,79,27
8,95,369
8,98,133
8,114,254
8,123,208
8,125,94
8,132,208
8,135,74
8,136,176
8,141,109
8,144,192
8,147,43
8,173,45
8,175,177
8,177,446
8,180,501
8,181,228
8,183,337
8,219,31
8,224,215
8,249,190
8,267,597
8,269,145
8,271,252
8,298,434
9,1,29
9,2,212
9,3,563
9,4,327
9,6,300
9,7,232
9,8,488
9,10,380
9,12,224
9,13,158
9,14,7
9,17,549
9,21,517
9,23,129
9,24,54
9,28,538
9,32,543
9,33,292
9,34,115
9,35,231
9,46,3
9,48,479
9,50,361
9,51,187
9,52,442
9,54,348
9,64,82
9,69,294
9,79,118
9,87,464
9,95,600
9,111,363
9,116,74
9,149,175
9,201,520
9,230,411
9,272,544
9,276,369
10,1,383
10,2,112
10,3,144
10,4,157
10,5,223
10,7,67
10,9,380
10,11,373
10,13,544
10,14,345
10,16,595
10,17,452
10,18,592
10,19,121
10,20,128
10,22,452
10,23,220
10,24,330
10,26,424
10,27,553
10,28,542
10,29,37
10,31,354
10,35,595
10,40,2
10,41,547
10,43,344
10,44,521
10,45,410
10,46,327
10,47,233
10,55,62
10,61,404
10,63,351
10,69,346
10,84,516
10,88,251
10,90,554
10,92,498
10,131,464
10,139,351
10,159,120
10,165,70
10,195,493
10,234,274
10,252,351
10,271,43
10,284,442
11,4,585
11,7,349
11,8,153
11,10,373
11,13,94
11,15,129
11,17,509
11,18,556
11,19,205
11,21,226
11,22,561
11,24,167
11,26,4
11,27,500
11,28,9
11,29,573
11,30,241
11,31,212
11,35,458
11,37,291
11,46,170
11,47,432
11,57,361
11,63,275
11,69,557
11,90,347
11,91,89
11,94,13
11,100,15
11,141,74
11,144,396
11,150,505
11,172,169
11,177,286
11,197,479
11,231,575
11,258,219
11,275,116
11,278,293
11,292,24
12,1,488
12,3,468
12,5,110
12,6,277
12,8,55
12,9,224
12,13,92
12,15,68
12,16,18
12,18,279
12,19,243
12,21,154
12,23,374
12,25,60
12,28,139
12,29,585
12,30,146
12,31,127
12,36,138
12,37,197
12,39,392
12,40,549
12,41,376
12,45,161
12,51,50
12,54,412
12,56,348
12,57,395
12,62,385
12,66,273
12,71,176
12,75,122
12,79,511
12,85,359
12,96,181
12,102,487
12,111,230
12,120,102
12,121,38
12,128,422
12,135,205
12,138,319
12,157,168
12,168,502
12,171,289
12,175,247
12,176,350
12,185,138
12,191,565
12,198,202
12,208,94
12,210,35
12,227,286
12,231,230
12,234,427
12,253,560
12,256,139
12,292,234
13,1,321
13,2,348
13,4,215
13,8,569
13,9,158
13,10,544
13,11,94
13,12,92
13,14,284
13,15,339
13,16,592
13,18,441
13,22,142
13,23,67
13,31,434
13,32,111
13,33,504
13,35,71
13,39,553
13,42,516
13,47,80
13,49,137
13,64,441
13,67,383
13,72,508
13,81,578
13,85,241
13,91,504
13,101,462
13,111,250
13,122,26
13,135,396
13,145,222
13,148,385
13,151,217
13,152,387
13,159,380
13,164,272
13,167,55
13,204,544
13,220,4
13,233,117
13,254,223
13,259,37
13,295,540
14,1,585
14,2,464
14,3,7
14,4,306
14,8,301
14,9,7
14,10,345
14,13,284
14,15,516
14,17,172
14,20,467
14,21,437
14,23,233
14,27,197
14,28,468
14,33,210
14,37,400
14,41,263
14,42,176
14,43,449
14,45,573
14,48,114
14,53,180
14,55,35
14,58,583
14,66,332
14,68,600
14,73,407
14,77,419
14,80,468
14,108,4
14,115,338
14,117,448
14,123,250
14,124,580
14,134,197
14,171,588
14,190,464
14,194,144
14,214,459
14,258,452
14,292,405
15,1,480
15,2,2
15,3,385
15,5,586
15,7,245
15,11,129
15,12,68
15,13,339
15,14,516
15,19,328
15,20,471
15,22,555
15,23,512
15,24,143
15,25,177
15,26,47
15,38,584
15,41,334
15,43,475
15,55,591
15,57,373
15,62,3
15,64,574
15,83,74
15,87,278
15,91,118
15,92,258
15,93,575
15,98,84
15,110,553
15,116,389
15,118,249
15,187,594
15,196,215
15,200,78
15,205,290
15,281,137
16,1,353
16,2,170
16,3,501
16,4,326
16,5,141
16,6,389
16,7,149
16,10,595
16,12,18
16,13,592
16,17,3
16,18,404
16,26,341
16,29,391
16,32,485
16,33,427
16,35,153
16,40,540
16,42,219
16,43,586
16,52,95
16,57,167
16,58,321
16,61,9
16,70,50
16,73,287
16,75,216
16,76,254
16,78,309
16,79,473
16,80,192
16,93,368
16,95,407
16,96,183
16,100,572
16,105,429
16,106,271
16,120,267
16,122,464
16,124,175
16,125,127
16,128,386
16,130,501
16,133,533
16,164,144
16,168,313
16,175,438
16,180,114
16,213,227
16,214,152
16,220,105
16,232,21
16,246,469
16,264,419
17,1,152
17,4,180
17,5,459
17,8,40
17,9,549
17,10,452
17,11,509
17,14,172
17,16,3
17,18,369
17,21,60
17,22,93
17,23,193
17,26,66
17,27,259
17,41,311
17,48,317
17,55,537
17,56,228
17,67,277
17,73,350
17,76,535
17,81,251
17,88,546
17,93,328
17,99,311
17,102,139
17,108,501
17,109,532
17,110,442
17,123,361
17,130,296
17,155,279
17,157,273
17,170,545
17,174,339
17,205,522
17,227,576
17,239,579
17,250,479
17,259,261
17,264,45
17,297,256
17,300,399
18,1,317
18,2,363
18,5,420
18,7,325
18,8,472
18,10,592
18,11,556
18,12,279
18,13,441
18,16,404
18,17,369
18,19,465
18,20,113
18,22,85
18,24,86
18,25,530
18,27,523
18,29,291
18,32,203
18,34,597
18,35,151
18,37,150
18,38,133
18,39,588
18,41,108
18,49,372
18,59,12
18,62,65
18,66,508
18,67,218
18,68,567
18,71,472
18,74,71
18,81,107
18,87,248
18,88,378
18,89,354
18,91,220
18,94,337
18,95,411
18,96,148
18,98,27
18,100,305
18,107,60
18,127,175
18,133,422
18,144,131
18,145,156
18,151,488
18,170,544
18,181,289
18,220,569
18,238,470
18,252,372
18,254,480
18,267,560
18,277,12
19,1,14
19,3,207
19,4,192
19,5,189
19,10,121
19,11,205
19,12,243
19,15,328
19,18,465
19,20,388
19,22,75
19,33,251
19,34,113
19,38,158
19,40,517
19,41,1
19,42,408
19,46,420
19,56,39
19,58,303
19,62,561
19,63,13
19,64,521
19,69,185
19,72,293
19,78,561
19,94,77
19,97,474
19,103,229
19,117,139
19,125,35
19,127,101
19,128,119
19,131,79
19,134,97
19,138,27
19,166,412
19,188,184
19,192,482
19,200,234
19,215,482
19,222,470
19,232,317
19,236,216
19,247,113
19,258,493
19,260,147
19,288,221
19,289,383
20,2,278
20,3,451
20,5,451
20,7,189
20,8,144
20,10,128
20,14,467
20,15,471
20,18,113
20,19,388
20,25,95
20,30,40
20,31,351
20,36,418
20,37,20
20,41,504
20,50,196
20,51,415
20,56,157
20,58,464
20,81,229
20,84,400
20,87,435
20,88,136
20,92,1
20,93,20
20,114,54
20,126,588
20,141,24
20,144,43
20,148,196
20,154,194
20,156,203
20,161,307
20,171,317
20,172,328
20,191,490
20,195,386
20,198,1
20,215,463
20,222,151
20,239,5
20,243,417
20,261,226
20,276,202
21,1,87
21,2,184
21,5,24
21,7,277
21,8,23
21,9,517
21,11,226
21,12,154
21,14,437
21,17,60
21,26,150
21,27,599
21,28,195
21,30,269
21,37,174
21,44,559
21,47,415
21,51,580
21,55,409
21,61,519
21,62,488
21,64,165
21,67,320
21,68,174
21,76,286
21,81,581
21,87,299
21,90,355
21,102,253
21,109,143
21,125,133
21,135,157
21,136,553
21,163,537
21,168,544
21,178,566
21,185,432
21,193,307
21,203,92
21,210,310
21,225,559
21,228,285
21,234,319
21,235,562
21,291,378
22,6,18
22,10,452
22,11,561
22,13,142
22,15,555
22,17,93
22,18,85
22,19,75
22,23,477
22,24,387
22,25,554
22,26,409
22,31,421
22,32,164
22,33,588
22,38,450
22,40,335
22,57,364
22,65,164
22,74,139
22,75,465
22,78,315
22,81,590
22,82,91
22,83,268
22,86,483
22,88,244
22,97,291
22,103,139
22,110,529
22,119,271
22,127,596
22,160,498
22,173,360
22,174,246
22,192,37
22,194,329
22,200,342
22,215,366
22,282,15
22,283,470
22,288,17
23,8,130
23,9,129
23,10,220
23,12,374
23,13,67
23,14,233
23,15,512
23,17,193
23,22,477
23,25,463
23,26,357
23,29,403
23,30,194
23,31,383
23,38,482
23,43,380
23,48,93
23,52,535
23,54,550
23,56,394
23,74,274
23,78,532
23,80,503
23,83,33
23,85,589
23,86,366
23,89,325
23,96,529
23,111,373
23,118,317
23,143,195
23,146,209
23,156,193
23,162,284
23,183,437
23,193,430
23,206,280
23,238,189
23,271,245
23,278,570
24,2,484
24,5,312
24,6,333
24,7,444
24,9,54
24,10,330
24,11,167
24,15,143
24,18,86
24,22,387
24,26,544
24,30,281
24,31,396
24,32,393
24,33,409
24,34,14
24,37,506
24,43,210
24,45,534
24,47,49
24,49,562
24,52,263
24,53,543
24,63,428
24,69,131
24,71,177
24,96,24
24,97,326
24,103,34
24,118,449
24,127,411
24,137,527
24,139,287
24,146,97
24,154,503
24,156,6
24,158,117
24,165,106
24,174,4
24,175,116
24,177,36
24,188,544
24,189,143
24,201,39
24,229,133
24,268,569
24,284,437
25,1,210
25,2,447
25,4,7
25,5,553
25,6,576
25,12,60
25,15,177
25,18,530
25,20,95
25,22,554
25,23,463
25,27,126
25,29,260
25,30,361
25,36,403
25,39,457
25,41,52
25,44,552
25,53,384
25,54,323
25,58,289
25,60,485
25,72,410
25,84,35
25,85,117
25,86,208
25,88,68
25,92,351
25,96,254
25,102,164
25,137,393
25,163,97
25,166,312
25,177,260
25,179,171
25,187,176
25,188,285
25,209,99
25,282,343
26,1,523
26,2,245
26,3,564
26,10,424
26,11,4
26,15,47
26,16,341
26,17,66
26,21,150
26,22,409
26,23,357
26,24,544
26,32,392
26,42,29
26,47,117
26,48,449
26,52,49
26,55,488
26,57,361
26,61,199
26,62,59
26,65,521
26,66,499
26,68,503
26,70,541
26,79,344
26,80,588
26,89,22
26,99,107
26,109,51
26,123,329
26,126,213
26,138,171
26,146,66
26,159,350
26,193,320
26,201,190
26,207,594
26,240,218
26,271,166
27,2,570
27,3,485
27,5,110
27,6,46
27,7,7
27,10,553
27,11,500
27,14,197
27,17,259
27,18,523
27,21,599
27,25,126
27,28,279
27,35,551
27,42,72
27,46,179
27,51,188
27,56,372
27,61,179
27,65,597
27,71,34
27,80,228
27,87,326
27,94,4
27,109,187
27,110,493
27,123,270
27,131,470
27,148,46
27,157,547
27,163,554
27,169,241
27,171,358
27,178,335
27,204,142
27,218,514
27,220,392
27,221,398
27,234,597
27,255,598
27,280,110
27,296,279
28,2,398
28,3,266
28,4,326
28,6,549
28,7,172
28,8,313
28,9,538
28,10,542
28,11,9
28,12,139
28,14,468
28,21,195
28,27,279
28,29,516
28,31,201
28,35,37
28,37,96
28,39,94
28,40,257
28,41,113
28,48,111
28,49,184
28,54,434
28,61,225
28,68,325
28,72,209
28,73,214
28,74,126
28,86,132
28,94,445
28,96,138
28,103,145
28,108,141
28,126,340
28,133,581
28,140,450
28,145,230
28,158,23
28,191,55
28,201,102
28,202,144
28,229,548
28,281,78
28,287,560
28,296,70
29,3,164
29,5,563
29,7,95
29,10,37
29,11,573
29,12,585
29,16,391
29,18,291
29,23,403
29,25,260
29,28,516
29,31,448
29,32,424
29,33,437
29,34,216
29,35,582
29,40,514
29,46,118
29,47,542
29,50,402
29,56,310
29,66,515
29,75,19
29,76,257
29,79,446
29,87,572
29,91,106
29,107,302
29,128,595
29,131,224
29,147,352
29,149,393
29,162,156
29,178,548
29,186,180
29,187,84
29,206,511
29,219,96
29,227,190
29,239,288
29,254,252
29,260,495
29,275,198
30,1,43
30,2,312
30,3,48
30,4,219
30,11,241
30,12,146
30,20,40
30,21,269
30,23,194
30,24,281
30,25,361
30,36,16
30,37,338
30,38,480
30,39,162
30,46,530
30,47,58
30,51,73
30,55,333
30,57,383
30,63,362
30,68,63
30,69,515
30,93,223
30,97,443
30,103,585
30,116,456
30,131,174
30,136,48
30,139,165
30,155,57
30,162,315
30,178,11
30,193,508
30,207,374
30,208,539
30,235,9
30,248,287
30,257,17
30,298,312
31,3,22
31,5,67
31,8,361
31,10,354
31,11,212
31,12,127
31,13,434
31,20,351
31,22,421
31,23,383
31,24,396
31,28,201
31,29,448
31,34,225
31,36,513
31,38,533
31,40,387
31,45,362
31,46,53
31,49,472
31,52,111
31,59,114
31,62,124
31,66,378
31,68,520
31,70,282
31,73,88
31,74,1
31,78,347
31,79,402
31,83,46
31,97,277
31,101,484
31,112,235
31,118,386
31,139,310
31,179,234
31,183,352
31,196,260
31,202,590
31,204,486
31,206,504
31,210,350
31,212,185
31,222,128
31,225,280
31,239,599
31,282,87
31,295,521
32,3,342
32,7,266
32,8,574
32,9,543
32,13,111
32,16,485
32,18,203
32,22,164
32,24,393
32,26,392
32,29,424
32,33,160
32,35,586
32,41,64
32,47,40
32,48,583
32,49,74
32,51,511
32,57,479
32,60,191
32,64,400
32,70,414
32,74,517
32,77,157
32,80,424
32,83,301
32,91,230
32,102,465
32,110,188
32,121,217
32,125,411
32,129,175
32,133,182
32,174,195
32,178,572
32,186,348
32,210,233
32,261,184
33,6,511
33,7,173
33,9,292
33,13,504
33,14,210
33,16,427
33,19,251
33,22,588
33,24,409
33,29,437
33,32,160
33,34,494
33,35,393
33,37,395
33,39,147
33,42,334
33,48,172
33,50,505
33,53,110
33,60,564
33,62,39
33,65,85
33,67,590
33,73,307
33,75,214
33,84,80
33,85,511
33,87,224
33,91,33
33,94,3
33,98,262
33,104,542
33,106,599
33,109,17
33,112,446
33,120,192
33,123,448
33,140,257
33,152,249
33,157,108
33,161,6
33,197,536
33,198,258
33,218,496
33,238,593
34,1,554
34,2,71
34,4,373
34,7,119
34,8,17
34,9,115
34,18,597
34,19,113
34,24,14
34,29,216
34,31,225
34,33,494
34,35,148
34,39,185
34,41,581
34,42,251
34,43,495
34,44,568
34,49,168
34,50,483
34,55,263
34,61,367
34,71,260
34,76,495
34,96,89
34,104,324
34,108,184
34,113,496
34,118,578
34,130,589
34,147,244
34,163,94
34,180,23
34,250,396
34,251,269
34,268,403
35,7,511
35,9,231
35,10,595
35,11,458
35,13,71
35,16,153
35,18,151
35,27,551
35,28,37
35,29,582
35,32,586
35,33,393
35,34,148
35,36,458
35,38,243
35,40,170
35,44,230
35,50,590
35,53,204
35,59,103
35,63,460
35,64,60
35,65,381
35,70,226
35,91,482
35,92,337
35,113,161
35,134,27
35,149,258
35,153,134
35,155,541
35,163,134
35,178,57
35,183,151
35,191,93
35,197,313
35,207,82
35,226,564
35,229,561
35,230,472
35,232,428
35,282,529
35,291,575
36,1,433
36,5,98
36,7,193
36,12,138
36,20,418
36,25,403
36,30,16
36,31,513
36,35,458
36,41,350
36,44,266
36,45,436
36,48,367
36,49,291
36,51,525
36,60,570
36,65,543
36,74,110
36,75,392
36,79,574
36,88,115
36,98,247
36,104,174
36,105,406
36,126,173
36,127,362
36,128,594
36,138,191
36,140,343
36,151,576
36,178,501
36,179,189
36,180,57
36,192,428
36,213,548
36,222,448
36,231,227
36,239,371
36,259,117
36,278,47
36,296,269
37,2,173
37,6,52
37,11,291
37,12,197
37,14,400
37,18,150
37,20,20
37,21,174
37,24,506
37,28,96
37,30,338
37,33,395
37,40,124
37,43,247
37,47,4
37,54,190
37,58,138
37,60,159
37,66,428
37,69,103
37,70,157
37,78,226
37,79,392
37,82,487
37,85,337
37,103,218
37,112,87
37,120,215
37,131,232
37,170,286
37,190,31
37,201,492
37,204,432
37,211,40
37,293,387
38,1,556
38,2,26
38,4,180
38,5,288
38,6,451
38,7,124
38,15,584
38,18,133
38,19,158
38,22,450
38,23,482
38,30,480
38,31,533
38,35,243
38,39,404
38,42,512
38,54,518
38,55,58
38,58,537
38,60,598
38,68,543
38,71,173
38,73,548
38,76,503
38,77,182
38,83,210
38,84,470
38,87,157
38,90,227
38,91,128
38,93,8
38,94,215
38,95,516
38,104,143
38,111,380
38,120,554
38,124,446
38,131,170
38,132,249
38,139,471
38,140,422
38,154,346
38,159,379
38,162,188
38,171,41
38,173,468
38,180,35
38,195,184
38,203,535
38,216,567
38,218,36
38,220,599
38,222,100
38,223,356
38,225,395
38,255,507
38,280,580
39,4,255
39,7,60
39,12,392
39,13,553
39,18,588
39,25,457
39,28,94
39,30,162
39,33,147
39,34,185
39,38,404
39,44,232
39,49,423
39,52,70
39,54,107
39,56,298
39,60,109
39,66,195
39,73,467
39,77,303
39,78,103
39,92,118
39,94,378
39,106,392
39,107,130
39,119,44
39,130,439
39,138,219
39,148,364
39,158,597
39,168,143
39,169,445
39,173,47
39,178,507
39,194,528
39,198,529
39,218,282
39,230,324
39,238,264
39,245,366
39,263,105
39,286,456
40,2,49
40,4,406
40,5,32
40,7,131
40,10,2
40,12,549
40,16,540
40,19,517
40,22,335
40,28,257
40,29,514
40,31,387
40,35,170
40,37,124
40,44,354
40,48,485
40,51,556
40,63,63
40,68,408
40,73,534
40,82,157
40,104,599
40,110,234
40,129,264
40,132,535
40,154,539
40,211,83
40,212,334
40,258,500
40,266,237
41,10,547
41,12,376
41,14,263
41,15,334
41,17,311
41,18,108
41,19,1
41,20,504
41,25,52
41,28,113
41,32,64
41,34,581
41,36,350
41,42,598
41,45,124
41,53,80
41,56,552
41,61,345
41,71,164
41,74,529
41,75,435
41,85,421
41,89,134
41,90,35
41,92,369
41,94,534
41,99,82
41,100,375
41,132,295
41,139,538
41,162,130
41,200,281
41,202,237
41,203,227
41,211,525
41,222,80
41,227,231
41,244,16
42,3,351
42,5,574
42,13,516
42,14,176
42,16,219
42,19,408
42,26,29
42,27,72
42,33,334
42,34,251
42,38,512
42,41,598
42,48,253
42,49,55
42,50,188
42,55,329
42,57,245
42,59,414
42,62,459
42,78,140
42,101,589
42,109,114
42,113,17
42,114,461
42,116,31
42,124,386
42,146,81
42,147,515
42,177,387
42,191,170
42,214,517
42,223,205
42,226,134
42,233,538
42,239,111
42,246,447
42,255,111
43,5,173
43,10,344
43,14,449
43,15,475
43,16,586
43,23,380
43,24,210
43,34,495
43,37,247
43,46,518
43,52,417
43,53,247
43,57,595
43,59,383
43,61,331
43,67,215
43,71,66
43,76,337
43,80,176
43,93,323
43,99,549
43,105,501
43,134,433
43,137,550
43,144,11
43,163,534
43,164,580
43,228,376
43,229,328
43,254,295
43,268,275
43,276,215
43,290,278
43,296,224
44,1,32
44,6,238
44,8,582
44,10,521
44,21,559
44,25,552
44,34,568
44,35,230
44,36,266
44,39,232
44,40,354
44,45,10
44,46,116
44,51,77
44,52,209
44,53,92
44,58,243
44,67,161
44,68,339
44,76,156
44,80,53
44,85,513
44,89,597
44,100,114
44,101,15
44,104,16
44,106,349
44,111,18
44,115,157
44,119,189
44,133,543
44,138,586
44,146,151
44,164,47
44,172,399
44,185,430
44,197,234
44,204,444
44,220,89
44,223,514
44,297,394
45,3,456
45,6,251
45,8,586
45,10,410
45,12,161
45,14,573
45,24,534
45,31,362
45,36,436
45,41,124
45,44,10
45,52,545
45,59,135
45,71,324
45,73,235
45,80,492
45,81,453
45,82,487
45,84,524
45,105,190
45,124,51
45,134,70
45,135,453
45,145,200
45,152,216
45,157,160
45,160,385
45,161,588
45,162,488
45,170,590
45,188,142
45,202,22
45,211,98
45,228,317
46,8,497
46,9,3
46,10,327
46,11,170
46,19,420
46,27,179
46,29,118
46,30,530
46,31,53
46,43,518
46,44,116
46,65,427
46,66,46
46,75,580
46,76,145
46,96,479
46,104,464
46,109,20
46,110,563
46,121,95
46,128,511
46,129,536
46,142,571
46,144,156
46,145,259
46,164,82
46,170,177
46,202,182
46,206,278
46,226,326
46,246,4
46,258,283
46,277,165
47,10,233
47,11,432
47,13,80
47,21,415
47,24,49
47,26,117
47,29,542
47,30,58
47,32,40
47,37,4
47,48,521
47,49,460
47,59,154
47,62,278
47,69,144
47,76,425
47,88,85
47,97,162
47,98,74
47,106,554
47,108,471
47,115,102
47,116,403
47,118,340
47,122,277
47,126,109
47,145,278
47,155,378
47,162,311
47,165,97
47,171,374
47,183,285
47,186,311
47,194,344
47,212,6
47,247,488
47,248,98
47,265,289
47,298,280
48,6,87
48,9,479
48,14,114
48,17,317
48,23,93
48,26,449
48,28,111
48,32,583
48,33,172
48,36,367
48,40,485
48,42,253
48,47,521
48,54,249
48,58,76
48,63,356
48,82,574
48,85,45
48,99,408
48,109,484
48,119,576
48,123,412
48,128,180
48,139,287
48,186,561
48,193,470
48,209,284
48,226,368
48,237,565
48,242,464
48,256,114
48,274,472
49,3,123
49,7,586
49,13,137
49,18,372
49,24,562
49,28,184
49,31,472
49,32,74
49,34,168
49,36,291
49,39,423
49,42,55
49,47,460
49,50,273
49,55,485
49,59,530
49,60,109
49,61,583
49,64,410
49,68,404
49,69,327
49,73,133
49,78,102
49,79,316
49,89,165
49,120,426
49,121,184
49,122,34
49,142,145
49,145,555
49,173,50
49,184,348
49,217,12
49,251,308
49,255,154
49,263,218
49,269,431
49,277,65
49,287,316
49,300,330
50,4,285
50,7,200
50,9,361
50,20,196
50,29,402
50,33,505
50,34,483
50,35,590
50,42,188
50,49,273
50,52,325
50,54,275
50,59,256
50,62,316
50,65,112
50,66,84
50,70,476
50,80,33
50,90,87
50,110,514
50,123,329
50,136,157
50,137,336
50,141,192
50,148,569
50,155,133
50,166,330
50,180,484
50,209,355
50,262,170
50,263,546
50,282,252
50,287,20
50,297,238
51,1,358
51,9,187
51,12,50
51,20,415
51,21,580
51,27,188
51,30,73
51,32,511
51,36,525
51,40,556
51,44,77
51,53,244
51,60,290
51,61,336
51,64,144
51,70,124
51,74,513
51,82,52
51,86,421
51,91,236
51,99,502
51,107,586
51,129,433
51,153,228
51,156,149
51,161,577
51,179,539
51,204,262
51,228,456
51,272,526
51,273,57
51,284,240
52,1,337
52,9,442
52,16,95
52,23,535
52,24,263
52,26,49
52,31,111
52,39,70
52,43,417
52,44,209
52,45,545
52,50,325
52,65,396
52,71,293
52,78,575
52,81,542
52,88,535
52,89,344
52,105,475
52,106,468
52,108,118
52,139,461
52,175,547
52,176,64
52,196,220
52,206,300
52,238,416
52,244,284
52,256,210
52,258,563
52,271,79
52,290,125
52,292,551
53,1,457
53,5,491
53,7,200
53,14,180
53,24,543
53,25,384
53,33,110
53,35,204
53,41,80
53,43,247
53,44,92
53,51,244
53,62,15
53,86,455
53,93,528
53,94,377
53,101,105
53,116,583
53,119,535
53,131,46
53,147,432
53,154,221
53,169,273
53,196,454
53,199,13
53,220,123
53,226,466
53,250,72
53,278,533
54,1,61
54,9,348
54,12,412
54,23,550
54,25,323
54,28,434
54,37,190
54,38,518
54,39,107
54,48,249
54,50,275
54,56,244
54,70,314
54,72,358
54,94,509
54,104,520
54,109,219
54,130,319
54,177,56
54,182,15
54,205,572
54,224,451
54,238,131
54,253,68
54,272,35
54,299,130
55,2,560
55,10,62
55,14,35
55,15,591
55,17,537
55,21,409
55,26,488
55,30,333
55,34,263
55,38,58
55,42,329
55,49,485
55,57,479
55,67,586
55,72,499
55,74,447
55,94,41
55,105,48
55,111,146
55,119,509
55,130,441
55,137,239
55,147,117
55,150,268
55,156,353
55,160,235
55,177,419
55,181,194
55,182,160
55,192,244
55,212,87
55,213,76
55,261,535
55,275,221
56,2,41
56,7,185
56,12,348
56,17,228
56,19,39
56,20,157
56,23,394
56,27,372
56,29,310
56,39,298
56,41,552
56,54,244
56,71,572
56,76,382
56,77,183
56,78,219
56,88,420
56,100,111
56,103,441
56,115,412
56,119,97
56,121,319
56,122,438
56,174,507
56,177,21
56,197,309
56,210,194
56,219,28
56,246,55
56,255,432
56,263,341
56,286,221
56,300,333
57,5,331
57,11,361
57,12,395
57,15,373
57,16,167
57,22,364
57,26,361
57,30,383
57,32,479
57,42,245
57,43,595
57,55,479
57,67,49
57,72,515
57,77,75
57,87,3
57,102,382
57,124,470
57,130,337
57,142,43
57,153,56
57,166,178
57,171,174
57,229,189
57,243,35
57,262,291
57,280,222
57,286,32
57,296,301
58,1,294
58,6,520
58,8,10
58,14,583
58,16,321
58,19,303
58,20,464
58,25,289
58,37,138
58,38,537
58,44,243
58,48,76
58,61,8
58,63,566
58,66,554
58,68,368
58,71,351
58,95,494
58,130,240
58,132,118
58,143,254
58,156,121
58,166,169
58,183,466
58,193,17
58,233,365
58,244,43
58,249,109
58,253,446
58,265,517
58,289,148
58,290,345
58,294,495
59,2,67
59,4,479
59,6,518
59,8,497
59,18,12
59,31,114
59,35,103
59,42,414
59,43,383
59,45,135
59,47,154
59,49,530
59,50,256
59,61,13
59,63,291
59,65,263
59,69,390
59,70,28
59,77,497
59,78,559
59,79,555
59,84,505
59,100,573
59,105,389
59,108,540
59,112,141
59,128,558
59,145,595
59,150,95
59,155,94
59,165,178
59,190,433
59,200,364
59,208,57
59,222,290
59,234,343
59,240,401
59,243,350
59,246,72
59,247,238
59,259,398
59,263,345
59,281,249
59,286,546
59,298,276
60,1,547
60,4,349
60,25,485
60,32,191
60,33,564
60,36,570
60,37,159
60,38,598
60,39,109
60,49,109
60,51,290
60,65,297
60,72,406
60,75,555
60,79,149
60,83,367
60,97,236
60,101,527
60,117,272
60,126,194
60,148,449
60,158,28
60,167,10
60,168,515
60,192,313
60,255,313
60,264,37
60,265,393
61,3,86
61,10,404
61,16,9
61,21,519
61,26,199
61,27,179
61,28,225
61,34,367
61,41,345
61,43,331
61,49,583
61,51,336
61,58,8
61,59,13
61,63,364
61,72,289
61,82,380
61,84,550
61,86,297
61,89,15
61,91,597
61,93,181
61,95,291
61,97,576
61,99,139
61,107,161
61,108,260
61,119,128
61,120,482
61,154,358
61,157,477
61,185,82
61,195,124
61,199,49
61,203,127
61,206,61
61,208,530
61,223,229
61,227,417
61,250,83
61,254,451
62,7,366
62,8,446
62,12,385
62,15,3
62,18,65
62,19,561
62,21,488
62,26,59
62,31,124
62,33,39
62,42,459
62,47,278
62,50,316
62,53,15
62,73,215
62,74,20
62,98,317
62,115,459
62,125,424
62,131,529
62,165,22
62,171,338
62,179,80
62,184,314
62,221,67
62,233,500
62,245,473
62,246,426
62,252,295
62,258,587
62,271,79
62,283,164
62,288,173
63,2,332
63,3,78
63,6,411
63,10,351
63,11,275
63,19,13
63,24,428
63,30,362
63,35,460
63,40,63
63,48,356
63,58,566
63,59,291
63,61,364
63,67,578
63,70,514
63,74,93
63,76,132
63,87,499
63,89,550
63,92,308
63,105,109
63,112,25
63,113,487
63,115,166
63,136,532
63,137,272
63,148,124
63,151,586
63,154,374
63,159,51
63,168,247
63,172,339
63,180,186
63,191,262
63,194,314
63,228,442
63,234,360
63,247,143
63,262,91
64,1,95
64,6,302
64,9,82
64,13,441
64,15,574
64,19,521
64,21,165
64,32,400
64,35,60
64,49,410
64,51,144
64,69,424
64,70,51
64,83,590
64,95,92
64,113,284
64,116,18
64,123,83
64,135,172
64,141,344
64,146,260
64,165,379
64,180,398
64,186,59
64,195,542
64,243,417
64,291,218
65,1,343
65,7,198
65,22,164
65,26,521
65,27,597
65,33,85
65,35,381
65,36,543
65,46,427
65,50,112
65,52,396
65,59,263
65,60,297
65,85,146
65,88,72
65,90,343
65,106,241
65,117,503
65,122,296
65,127,21
65,182,230
65,191,580
65,210,175
65,223,480
65,226,272
65,263,316
65,282,189
65,291,232
66,1,436
66,4,314
66,5,365
66,12,273
66,14,332
66,18,508
66,26,499
66,29,515
66,31,378
66,37,428
66,39,195
66,46,46
66,50,84
66,58,554
66,84,314
66,85,239
66,98,15
66,110,527
66,117,595
66,118,99
66,122,526
66,138,36
66,142,189
66,173,174
66,206,168
66,207,430
66,232,340
66,236,262
66,242,18
66,255,87
66,258,362
66,259,209
66,271,209
66,286,355
67,1,405
67,2,141
67,5,255
67,13,383
67,17,277
67,18,218
67,21,320
67,33,590
67,43,215
67,44,161
67,55,586
67,57,49
67,63,578
67,73,452
67,95,571
67,114,327
67,125,594
67,149,490
67,208,444
67,214,219
68,7,545
68,14,600
68,18,567
68,21,174
68,26,503
68,28,325
68,30,63
68,31,520
68,38,543
68,40,408
68,44,339
68,49,404
68,58,368
68,72,4
68,76,434
68,77,568
68,80,434
68,83,204
68,86,260
68,103,272
68,105,303
68,112,218
68,114,222
68,120,543
68,130,13
68,152,500
68,157,265
68,161,101
68,164,186
68,190,150
68,208,454
68,265,484
68,294,85
69,2,585
69,5,447
69,9,294
69,10,346
69,11,557
69,19,185
69,24,131
69,30,515
69,37,103
69,47,144
69,49,327
69,59,390
69,64,424
69,74,269
69,77,569
69,83,137
69,89,401
69,134,19
69,138,517
69,143,136
69,146,544
69,152,203
69,154,88
69,176,192
69,187,546
69,198,433
69,210,163
69,219,205
69,255,127
69,258,168
69,262,333
69,283,255
70,1,230
70,16,50
70,26,541
70,31,282
70,32,414
70,35,226
70,37,157
70,50,476
70,51,124
70,54,314
70,59,28
70,63,514
70,64,51
70,72,387
70,83,64
70,85,87
70,137,153
70,138,476
70,153,14
70,167,346
70,172,211
70,211,596
70,215,167
70,216,188
70,236,140
70,252,569
70,268,222
70,289,458
71,4,340
71,12,176
71,18,472
71,24,177
71,27,34
71,34,260
71,38,173
71,41,164
71,43,66
71,45,324
71,52,293
71,56,572
71,58,351
71,72,573
71,82,251
71,92,585
71,101,484
71,107,330
71,108,109
71,113,321
71,120,377
71,133,450
71,141,199
71,146,592
71,164,149
71,166,23
71,183,583
71,195,273
71,208,477
71,211,338
71,212,521
71,215,79
71,240,493
71,242,84
71,266,537
71,275,365
71,278,436
71,280,562
71,283,79
72,2,68
72,13,508
72,19,293
72,25,410
72,28,209
72,54,358
72,55,499
72,57,515
72,60,406
72,61,289
72,68,4
72,70,387
72,71,573
72,73,151
72,84,21
72,86,529
72,90,484
72,93,97
72,97,205
72,117,495
72,123,506
72,126,247
72,127,35
72,130,119
72,131,456
72,134,318
72,136,267
72,150,507
72,154,49
72,200,149
72,295,460
73,14,407
73,16,287
73,17,350
73,28,214
73,31,88
73,33,307
73,38,548
73,39,467
73,40,534
73,45,235
73,49,133
73,62,215
73,67,452
73,72,151
73,75,256
73,77,273
73,88,554
73,101,576
73,104,193
73,127,338
73,130,261
73,131,278
73,132,575
73,153,412
73,154,537
73,169,393
73,190,472
73,205,225
73,212,239
73,214,32
73,217,157
73,219,137
73,238,162
73,252,388
74,18,71
74,22,139
74,23,274
74,28,126
74,31,1
74,32,517
74,36,110
74,41,529
74,51,513
74,55,447
74,62,20
74,63,93
74,69,269
74,79,267
74,92,556
74,93,543
74,95,277
74,100,410
74,112,561
74,114,374
74,133,434
74,150,480
74,151,512
74,155,313
74,185,496
74,204,401
74,208,202
74,216,15
74,229,147
74,279,508
74,293,565
75,4,351
75,8,248
75,12,122
75,16,216
75,22,465
75,29,19
75,33,214
75,36,392
75,41,435
75,46,580
75,60,555
75,73,256
75,82,19
75,92,205
75,96,246
75,107,299
75,113,506
75,114,350
75,120,260
75,121,481
75,132,153
75,159,190
75,162,39
75,187,169
75,197,480
75,216,421
75,219,387
75,258,196
75,260,202
75,262,356
75,283,567
75,288,406
75,289,6
75,293,106
75,299,509
76,1,457
76,16,254
76,17,535
76,21,286
76,29,257
76,34,495
76,38,503
76,43,337
76,44,156
76,46,145
76,47,425
76,56,382
76,63,132
76,68,434
76,90,53
76,98,376
76,102,340
76,110,219
76,113,290
76,115,160
76,117,132
76,126,523
76,142,332
76,143,138
76,149,138
76,155,238
76,171,401
76,182,440
76,189,542
76,221,295
76,236,599
76,287,36
77,8,241
77,14,419
77,32,157
77,38,182
77,39,303
77,56,183
77,57,75
77,59,497
77,68,568
77,69,569
77,73,273
77,81,520
77,84,555
77,88,473
77,98,215
77,104,249
77,107,138
77,110,147
77,111,25
77,116,230
77,135,21
77,146,149
77,151,435
77,161,503
77,168,104
77,170,314
77,174,442
77,184,219
77,196,76
77,241,281
77,251,70
77,295,232
77,298,46
77,300,364
78,8,2
78,16,309
78,19,561
78,22,315
78,23,532
78,31,347
78,37,226
78,39,103
78,42,140
78,49,102
78,52,575
78,56,219
78,59,559
78,106,2
78,107,413
78,127,205
78,141,258
78,147,376
78,151,159
78,152,478
78,153,38
78,174,109
78,198,76
78,224,125
78,225,509
78,227,481
78,228,166
78,268,220
78,298,228
79,6,94
79,8,27
79,9,118
79,12,511
79,16,473
79,26,344
79,29,446
79,31,402
79,36,574
79,37,392
79,49,316
79,59,555
79,60,149
79,74,267
79,87,222
79,90,522
79,94,589
79,96,47
79,101,139
79,108,379
79,115,311
79,118,262
79,129,47
79,144,311
79,162,299
79,180,51
79,189,169
79,203,226
79,222,500
79,237,460
79,257,592
79,272,483
79,282,70
79,296,400
80,2,386
80,4,357
80,7,270
80,14,468
80,16,192
80,23,503
80,26,588
80,27,228
80,32,424
80,43,176
80,44,53
80,45,492
80,50,33
80,68,434
80,81,400
80,82,70
80,84,45
80,86,331
80,87,542
80,107,127
80,110,100
80,122,246
80,129,337
80,143,57
80,150,487
80,179,274
80,208,127
80,222,119
80,278,213
81,3,272
81,7,367
81,13,578
81,17,251
81,18,107
81,20,229
81,21,581
81,22,590
81,45,453
81,52,542
81,77,520
81,80,400
81,93,44
81,103,104
81,110,465
81,119,280
81,120,523
81,128,247
81,147,307
81,157,10
81,185,253
81,196,514
81,242,386
81,252,590
81,261,357
81,300,523
82,2,17
82,22,91
82,37,487
82,40,157
82,45,487
82,48,574
82,51,52
82,61,380
82,71,251
82,75,19
82,80,70
82,85,235
82,94,423
82,103,33
82,105,515
82,107,375
82,117,63
82,121,381
82,124,402
82,125,497
82,137,410
82,142,16
82,157,295
82,182,20
82,185,467
82,198,196
82,201,338
82,206,234
82,216,164
82,226,267
82,232,534
82,249,144
82,251,557
82,257,132
82,285,120
82,286,30
83,1,413
83,2,593
83,15,74
83,22,268
83,23,33
83,31,46
83,32,301
83,38,210
83,60,367
83,64,590
83,68,204
83,69,137
83,70,64
83,93,6
83,95,364
83,99,331
83,102,517
83,106,199
83,118,439
83,122,558
83,145,338
83,146,502
83,159,308
83,166,102
83,172,392
83,209,236
83,241,598
83,263,511
83,266,114
83,285,35
84,10,516
84,20,400
84,25,35
84,33,80
84,38,470
84,45,524
84,59,505
84,61,550
84,66,314
84,72,21
84,77,555
84,80,45
84,86,411
84,92,92
84,108,494
84,118,530
84,121,58
84,134,569
84,139,528
84,141,220
84,161,18
84,162,339
84,173,441
84,174,402
84,179,130
84,205,90
84,207,340
84,223,540
84,228,48
84,284,122
84,292,98
85,12,359
85,13,241
85,23,589
85,25,117
85,33,511
85,37,337
85,41,421
85,44,513
85,48,45
85,65,146
85,66,239
85,70,87
85,82,235
85,119,73
85,121,518
85,151,409
85,156,86
85,169,308
85,188,67
85,190,89
85,210,419
85,230,57
85,244,291
85,279,420
86,2,278
86,6,14
86,22,483
86,23,366
86,25,208
86,28,132
86,51,421
86,53,455
86,61,297
86,68,260
86,72,529
86,80,331
86,84,411
86,89,592
86,93,318
86,97,411
86,98,484
86,111,168
86,128,224
86,132,508
86,137,57
86,143,244
86,146,426
86,147,513
86,157,186
86,158,474
86,166,79
86,193,107
86,200,578
86,245,233
86,267,68
87,9,464
87,15,278
87,18,248
87,20,435
87,21,299
87,27,326
87,29,572
87,33,224
87,38,157
87,57,3
87,63,499
87,79,222
87,80,542
87,89,476
87,90,207
87,99,326
87,111,465
87,125,280
87,149,491
87,150,77
87,166,142
87,176,485
87,199,491
87,231,464
87,237,354
87,251,73
88,3,75
88,10,251
88,17,546
88,18,378
88,20,136
88,22,244
88,25,68
88,36,115
88,47,85
88,52,535
88,56,420
88,65,72
88,73,554
88,77,473
88,99,98
88,102,266
88,144,151
88,158,255
88,199,120
88,250,29
88,261,501
89,2,2
89,18,354
89,23,325
89,26,22
89,41,134
89,44,597
89,49,165
89,52,344
89,61,15
89,63,550
89,69,401
89,86,592
89,87,476
89,90,32
89,95,163
89,100,254
89,117,363
89,133,387
89,134,9
89,138,291
89,156,490
89,175,274
89,178,29
89,185,97
89,228,535
89,231,371
89,259,132
89,262,356
89,280,418
89,298,353
90,4,45
90,10,554
90,11,347
90,21,355
90,38,227
90,41,35
90,50,87
90,65,343
90,72,484
90,76,53
90,79,522
90,87,207
90,89,32
90,91,446
90,95,340
90,96,54
90,99,458
90,100,301
90,104,499
90,105,169
90,106,221
90,112,148
90,117,422
90,126,319
90,136,484
90,140,514
90,160,213
90,161,460
90,198,553
90,214,38
90,276,284
90,290,63
91,5,584
91,11,89
91,13,504
91,15,118
91,18,220
91,29,106
91,32,230
91,33,33
91,35,482
91,38,128
91,51,236
91,61,597
91,90,446
91,109,287
91,126,262
91,127,313
91,131,75
91,134,355
91,166,104
91,197,264
91,257,404
91,260,352
91,276,128
91,285,492
91,289,405
92,3,392
92,10,498
92,15,258
92,20,1
92,25,351
92,35,337
92,39,118
92,41,369
92,63,308
92,71,585
92,74,556
92,75,205
92,84,92
92,101,556
92,102,404
92,112,56
92,124,493
92,154,217
92,171,379
92,176,53
92,190,362
92,199,77
92,244,262
92,259,225
93,15,575
93,16,368
93,17,328
93,20,20
93,30,223
93,38,8
93,43,323
93,53,528
93,61,181
93,72,97
93,74,543
93,81,44
93,83,6
93,86,318
93,103,117
93,106,404
93,112,280
93,117,543
93,127,521
93,145,191
93,165,512
93,170,60
93,182,423
93,185,64
93,186,16
93,199,4
93,203,102
93,210,506
93,213,275
93,224,515
93,229,543
93,242,97
93,256,253
93,280,166
93,285,337
94,11,13
94,18,337
94,19,77
94,27,4
94,28,445
94,33,3
94,38,215
94,39,378
94,41,534
94,53,377
94,54,509
94,55,41
94,79,589
94,82,423
94,99,120
94,104,519
94,107,237
94,123,419
94,129,40
94,141,450
94,145,374
94,150,411
94,169,437
94,178,138
94,179,132
94,198,557
94,218,152
94,232,95
94,260,253
94,267,554
94,272,600
94,277,55
95,2,431
95,8,369
95,9,600
95,16,407
95,18,411
95,38,516
95,58,494
95,61,291
95,64,92
95,67,571
95,74,277
95,83,364
95,89,163
95,90,340
95,99,48
95,101,84
95,164,411
95,173,529
95,188,512
95,195,269
95,226,299
95,240,125
95,250,36
96,4,4
96,12,181
96,16,183
96,18,148
96,23,529
96,24,24
96,25,254
96,28,138
96,34,89
96,46,479
96,75,246
96,79,47
96,90,54
96,97,339
96,98,456
96,101,226
96,106,508
96,143,548
96,159,180
96,170,451
96,200,228
96,204,480
96,234,169
96,248,269
96,250,424
96,256,423
96,259,587
96,278,21
97,3,357
97,19,474
97,22,291
97,24,326
97,30,443
97,31,277
97,47,162
97,60,236
97,61,576
97,72,205
97,86,411
97,96,339
97,104,113
97,111,435
97,115,14
97,126,422
97,130,58
97,140,53
97,153,93
97,155,1
97,167,67
97,179,85
97,181,25
97,186,263
97,201,449
97,205,586
97,210,548
97,216,339
97,220,462
97,249,327
98,1,568
98,6,356
98,8,133
98,15,84
98,18,27
98,33,262
98,36,247
98,47,74
98,62,317
98,66,15
98,76,376
98,77,215
98,86,484
98,96,456
98,113,133
98,121,436
98,141,329
98,148,296
98,194,98
98,242,256
98,276,495
99,17,311
99,26,107
99,41,82
99,43,549
99,48,408
99,51,502
99,61,139
99,83,331
99,87,326
99,88,98
99,90,458
99,94,120
99,95,48
99,116,36
99,124,517
99,142,474
99,150,288
99,168,524
99,189,521
99,216,261
99,243,5
99,269,482
99,284,53
99,293,461
100,1,347
100,3,24
100,5,347
100,11,15
100,16,572
100,18,305
100,41,375
100,44,114
100,56,111
100,59,573
100,74,410
100,89,254
100,90,301
100,109,78
100,114,302
100,121,4
100,122,406
100,160,384
100,185,497
100,195,429
100,203,458
100,210,504
100,212,359
100,218,491
100,234,441
100,242,563
100,244,114
100,253,429
100,262,323
100,294,27
101,4,532
101,6,324
101,13,462
101,31,484
101,42,589
101,44,15
101,53,105
101,60,527
101,71,484
101,73,576
101,79,139
101,92,556
101,95,84
101,96,226
101,114,203
101,135,105
101,171,34
101,175,8
101,176,9
101,195,196
101,197,430
101,214,25
101,225,131
101,230,435
101,259,211
102,3,280
102,6,19
102,7,199
102,12,487
102,17,139
102,21,253
102,25,164
102,32,465
102,57,382
102,76,340
102,83,517
102,88,266
102,92,404
102,105,356
102,116,292
102,118,523
102,123,596
102,133,307
102,155,214
102,167,44
102,196,149
102,213,403
102,258,39
102,264,457
103,5,413
103,19,229
103,22,139
103,24,34
103,28,145
103,30,585
103,37,218
103,56,441
103,68,272
103,81,104
103,82,33
103,93,117
103,119,349
103,131,324
103,152,426
103,155,397
103,193,51
103,195,407
103,247,403
103,278,366
103,284,344
103,288,451
104,6,402
104,33,542
104,34,324
104,36,174
104,38,143
104,40,599
104,44,16
104,46,464
104,54,520
104,73,193
104,77,249
104,90,499
104,94,519
104,97,113
104,105,158
104,106,522
104,115,110
104,146,149
104,149,18
104,155,557
104,176,319
104,184,450
104,185,511
104,188,337
104,204,68
104,212,295
104,214,239
104,249,572
104,274,385
105,16,429
105,36,406
105,43,501
105,45,190
105,52,475
105,55,48
105,59,389
105,63,109
105,68,303
105,82,515
105,90,169
105,102,356
105,104,158
105,107,434
105,111,84
105,121,401
105,157,276
105,170,228
105,177,503
105,193,374
105,211,428
105,248,81
105,260,356
105,296,353
106,7,502
106,16,271
106,33,599
106,39,392
106,44,349
106,47,554
106,52,468
106,65,241
106,78,2
106,83,199
106,90,221
106,93,404
106,96,508
106,104,522
106,108,316
106,123,196
106,125,28
106,129,214
106,137,427
106,138,491
106,164,416
106,187,123
106,207,267
106,209,258
106,236,260
106,242,321
106,264,174
106,275,533
106,295,159
107,18,60
107,29,302
107,39,130
107,51,586
107,61,161
107,71,330
107,75,299
107,77,138
107,78,413
107,80,127
107,82,375
107,94,237
107,105,434
107,113,200
107,189,330
107,191,65
107,203,325
107,211,51
107,220,583
107,241,378
107,243,195
107,245,561
107,264,227
107,270,84
107,273,556
107,277,600
107,288,567
108,2,380
108,5,475
108,14,4
108,17,501
108,28,141
108,34,184
108,47,471
108,52,118
108,59,540
108,61,260
108,71,109
108,79,379
108,84,494
108,106,316
108,110,562
108,113,335
108,116,567
108,118,334
108,125,522
108,156,26
108,158,321
108,168,169
108,183,150
108,188,227
108,204,300
108,271,364
109,3,5
109,5,159
109,6,509
109,17,532
109,21,143
109,26,51
109,27,187
109,33,17
109,42,114
109,46,20
109,48,484
109,54,219
109,91,287
109,100,78
109,111,323
109,114,140
109,179,57
109,183,532
109,184,139
109,188,529
109,209,420
109,223,96
109,240,484
109,252,270
109,269,318
109,298,204
110,15,553
110,17,442
110,22,529
110,27,493
110,32,188
110,40,234
110,46,563
110,50,514
110,66,527
110,76,219
110,77,147
110,80,100
110,81,465
110,108,562
110,113,57
110,122,26
110,128,556
110,138,125
110,139,172
110,143,174
110,163,480
110,178,376
110,186,464
110,213,41
110,236,222
110,263,228
110,270,430
110,283,182
110,289,477
110,292,485
111,9,363
111,12,230
111,13,250
111,23,373
111,38,380
111,44,18
111,55,146
111,77,25
111,86,168
111,87,465
111,97,435
111,105,84
111,109,323
111,114,581
111,124,255
