source,target,weight
1,2,121
1,3,229
1,5,304
1,6,306
1,7,393
1,8,527
1,10,486
1,11,543
1,12,294
1,13,581
1,14,399
1,16,43
1,18,478
1,19,147
1,21,239
1,23,332
1,24,367
1,27,390
1,28,430
1,29,494
1,30,373
1,31,297
1,37,304
1,40,147
1,42,420
1,44,197
1,46,515
1,48,168
1,59,103
1,66,431
1,67,296
1,69,558
1,70,240
1,73,24
1,76,479
1,78,82
1,79,355
1,86,250
1,90,495
1,98,515
1,103,74
1,114,436
1,116,301
1,120,73
1,132,592
1,136,165
1,148,587
1,153,168
1,161,43
1,176,351
1,180,128
1,183,15
1,187,474
1,188,101
1,189,62
1,199,200
1,226,133
1,227,57
1,232,305
1,273,223
2,1,121
2,3,486
2,4,55
2,5,171
2,6,264
2,8,417
2,9,155
2,11,281
2,12,286
2,13,33
2,15,360
2,16,599
2,17,49
2,19,483
2,20,6
2,21,437
2,22,382
2,24,208
2,25,433
2,26,4
2,28,114
2,29,169
2,30,285
2,32,581
2,35,184
2,36,547
2,43,15
2,45,119
2,46,153
2,47,84
2,53,313
2,57,47
2,58,124
2,61,231
2,62,96
2,63,44
2,72,178
2,78,524
2,80,526
2,87,518
2,96,351
2,103,467
2,104,53
2,120,245
2,121,297
2,132,292
2,151,199
2,155,323
2,156,457
2,158,304
2,163,18
2,202,320
2,211,354
2,240,343
2,259,502
2,286,440
2,298,573
3,1,229
3,2,486
3,4,12
3,6,319
3,8,591
3,9,217
3,13,383
3,14,480
3,15,587
3,17,14
3,21,591
3,24,431
3,25,174
3,26,395
3,28,34
3,29,341
3,33,62
3,37,415
3,40,139
3,41,451
3,42,134
3,44,4
3,45,201
3,50,112
3,53,325
3,54,269
3,56,446
3,63,109
3,76,74
3,79,289
3,80,298
3,98,62
3,100,370
3,102,199
3,103,45
3,104,155
3,125,521
3,126,302
3,130,9
3,135,238
3,139,550
3,147,243
3,149,304
3,175,200
3,201,416
3,215,193
3,251,333
3,266,65
3,278,285
3,279,184
3,285,39
3,294,169
3,296,284
4,2,55
4,3,12
4,6,80
4,7,200
4,8,103
4,9,310
4,10,474
4,11,423
4,12,586
4,13,495
4,15,214
4,16,564
4,18,576
4,19,286
4,20,490
4,21,55
4,23,257
4,24,150
4,27,182
4,30,82
4,34,148
4,41,44
4,45,324
4,47,103
4,48,482
4,49,193
4,50,106
4,53,21
4,55,556
4,59,400
4,60,447
4,63,58
4,72,477
4,84,577
4,87,328
4,93,209
4,97,36
4,118,398
4,125,559
4,129,541
4,134,284
4,152,438
4,154,494
4,172,524
4,173,334
4,175,368
4,191,410
4,199,285
4,203,515
4,206,508
4,208,366
4,211,167
4,221,63
4,261,317
4,274,173
4,295,540
5,1,304
5,2,171
5,6,433
5,7,298
5,8,35
5,9,590
5,10,68
5,13,151
5,14,503
5,16,251
5,17,91
5,18,174
5,20,526
5,21,279
5,22,366
5,23,351
5,25,484
5,27,133
5,30,42
5,33,383
5,34,136
5,35,256
5,36,294
5,39,397
5,41,287
5,43,164
5,50,481
5,51,290
5,52,286
5,53,141
5,55,563
5,56,58
5,68,259
5,72,167
5,79,402
5,89,575
5,94,435
5,101,212
5,103,102
5,108,524
5,109,580
5,110,45
5,113,70
5,118,237
5,125,448
5,126,87
5,131,158
5,135,386
5,151,466
5,156,357
5,157,53
5,159,277
5,169,121
5,173,369
5,186,99
5,193,218
5,196,513
5,205,376
5,207,60
5,214,361
5,216,471
5,220,481
5,227,314
5,231,451
5,233,398
5,246,546
5,268,86
5,271,90
5,272,337
5,283,307
5,289,280
6,1,306
6,2,264
6,3,319
6,4,80
6,5,433
6,8,469
6,9,109
6,10,89
6,11,469
6,13,349
6,14,406
6,16,114
6,17,420
6,18,415
6,19,503
6,20,154
6,24,200
6,25,113
6,30,387
6,34,517
6,35,560
6,37,195
6,38,60
6,43,580
6,45,377
6,48,243
6,49,517
6,50,461
6,51,356
6,53,31
6,56,302
6,59,564
6,62,549
6,75,252
6,77,561
6,82,24
6,85,420
6,89,70
6,96,560
6,98,287
6,105,4
6,112,503
6,120,228
6,121,287
6,124,505
6,128,166
6,129,60
6,130,590
6,132,343
6,139,20
6,144,79
6,148,212
6,157,594
6,158,224
6,163,134
6,168,355
6,199,22
6,212,402
6,227,561
6,228,105
6,246,224
6,247,550
6,251,520
6,272,184
6,284,422
6,298,277
6,299,264
7,1,393
7,4,200
7,5,298
7,10,124
7,11,458
7,12,475
7,15,584
7,17,80
7,18,34
7,19,200
7,20,337
7,21,290
7,23,163
7,26,434
7,29,558
7,32,27
7,34,193
7,35,329
7,37,97
7,39,135
7,40,370
7,43,88
7,45,241
7,48,157
7,69,391
7,73,272
7,79,217
7,94,158
7,100,429
7,102,81
7,110,482
7,111,447
7,123,224
7,128,500
7,134,433
7,138,291
7,165,182
7,171,319
7,174,400
7,179,387
7,183,250
7,202,96
7,203,117
7,216,359
7,238,258
7,240,592
7,263,418
7,267,272
7,270,433
7,300,264
8,1,527
8,2,417
8,3,591
8,4,103
8,5,35
8,6,469
8,9,455
8,11,41
8,12,357
8,13,89
8,14,226
8,15,377
8,16,483
8,17,555
8,19,223
8,20,321
8,21,379
8,23,569
8,25,226
8,26,546
8,27,486
8,29,338
8,30,201
8,33,70
8,39,81
8,40,254
8,41,551
8,43,74
8,44,540
8,46,422
8,47,254
8,48,542
8,50,253
8,51,384
8,54,566
8,61,83
8,62,259
8,65,81
8,72,346
8,73,335
8,75,540
8,79,344
8,85,508
8,88,557
8,95,515
8,100,506
8,105,234
8,115,401
8,117,74
8,121,187
8,123,58
8,129,554
8,139,40
8,152,366
8,157,577
8,162,564
8,169,238
8,172,11
8,231,386
8,234,356
8,263,493
8,270,64
8,272,79
8,275,307
8,283,122
8,286,473
8,293,400
9,2,155
9,3,217
9,4,310
9,5,590
9,6,109
9,8,455
9,10,400
9,12,420
9,13,39
9,17,239
9,18,356
9,20,382
9,21,174
9,22,30
9,23,148
9,26,340
9,29,81
9,31,188
9,32,99
9,34,507
9,41,583
9,42,184
9,49,492
9,50,341
9,52,250
9,53,23
9,57,169
9,60,376
9,62,256
9,67,310
9,70,177
9,75,547
9,84,397
9,99,273
9,101,525
9,102,155
9,111,111
9,122,282
9,123,366
9,128,21
9,143,441
9,152,485
9,184,336
9,190,355
9,202,509
9,207,582
9,214,396
9,215,345
9,220,164
9,224,515
9,233,424
9,236,189
9,252,336
9,291,15
10,1,486
10,4,474
10,5,68
10,6,89
10,7,124
10,9,400
10,13,11
10,14,458
10,15,166
10,16,180
10,19,60
10,21,201
10,23,527
10,24,394
10,27,101
10,29,85
10,30,325
10,31,146
10,32,283
10,33,277
10,36,596
10,37,569
10,41,299
10,44,9
10,45,51
10,48,433
10,52,91
10,54,493
10,57,533
10,65,258
10,70,503
10,71,276
10,72,526
10,76,595
10,86,467
10,91,246
10,92,223
10,101,93
10,107,256
10,109,101
10,111,153
10,113,453
10,118,314
10,126,379
10,133,537
10,138,385
10,143,112
10,145,261
10,151,81
10,155,170
10,172,121
10,179,48
10,198,110
10,204,478
10,207,313
10,210,54
10,211,407
10,215,484
10,216,212
10,217,313
10,224,61
10,241,259
10,267,204
10,273,393
10,276,78
11,1,543
11,2,281
11,4,423
11,6,469
11,7,458
11,8,41
11,12,161
11,13,107
11,15,78
11,16,496
11,17,462
11,18,228
11,19,583
11,20,510
11,21,524
11,26,316
11,27,80
11,33,461
11,34,72
11,38,87
11,40,261
11,43,600
11,45,298
11,49,502
11,51,293
11,55,479
11,60,50
11,61,173
11,66,498
11,67,186
11,78,462
11,86,411
11,101,240
11,103,449
11,104,252
11,113,182
11,127,172
11,135,280
11,157,360
11,165,270
11,167,573
11,173,272
11,187,197
11,193,127
11,202,531
11,209,360
11,210,587
11,244,565
11,260,296
11,261,321
11,287,22
11,288,221
12,1,294
12,2,286
12,4,586
12,7,475
12,8,357
12,9,420
12,11,161
12,13,218
12,15,222
12,16,439
12,17,166
12,19,174
12,22,564
12,24,223
12,27,318
12,28,254
12,32,549
12,38,478
12,39,243
12,41,14
12,61,432
12,63,3
12,71,355
12,72,288
12,73,179
12,80,168
12,87,466
12,95,179
12,100,133
12,102,348
12,109,349
12,113,181
12,114,448
12,121,48
12,124,581
12,125,257
12,139,517
12,142,450
12,148,587
12,161,595
12,166,244
12,179,409
12,198,533
12,209,455
12,213,205
12,216,462
12,231,279
12,246,219
12,266,379
12,271,174
12,277,372
12,291,359
13,1,581
13,2,33
13,3,383
13,4,495
13,5,151
13,6,349
13,8,89
13,9,39
13,10,11
13,11,107
13,12,218
13,14,65
13,15,277
13,17,142
13,19,162
13,20,73
13,22,34
13,23,156
13,25,492
13,26,338
13,27,572
13,28,379
13,29,356
13,30,335
13,32,194
13,33,314
13,37,367
13,38,122
13,44,474
13,49,214
13,53,324
13,55,208
13,60,194
13,64,315
13,66,70
13,68,12
13,72,143
13,79,180
13,80,18
13,81,450
13,83,341
13,86,82
13,93,459
13,102,422
13,107,247
13,110,398
13,123,488
13,129,115
13,130,293
13,143,365
13,144,256
13,147,228
13,150,214
13,151,220
13,152,544
13,174,600
13,196,443
13,206,334
13,220,198
13,237,50
13,254,545
13,259,96
13,262,208
13,287,553
13,300,279
14,1,399
14,3,480
14,5,503
14,6,406
14,8,226
14,10,458
14,13,65
14,18,574
14,20,463
14,21,279
14,22,410
14,23,20
14,24,357
14,25,525
14,26,442
14,28,373
14,30,110
14,31,237
14,32,32
14,33,181
14,36,288
14,37,507
14,38,384
14,40,366
14,48,358
14,50,318
14,54,131
14,58,517
14,59,290
14,64,489
14,67,463
14,70,344
14,77,543
14,81,315
14,84,121
14,92,321
14,98,464
14,102,182
14,109,489
14,122,503
14,127,7
14,130,501
14,131,310
14,142,575
14,144,385
14,160,161
14,170,531
14,175,423
14,176,167
14,180,25
14,209,570
14,237,507
14,242,467
14,261,179
14,291,355
14,296,398
15,2,360
15,3,587
15,4,214
15,7,584
15,8,377
15,10,166
15,11,78
15,12,222
15,13,277
15,17,450
15,18,479
15,23,535
15,24,16
15,26,210
15,28,388
15,30,184
15,32,598
15,33,230
15,34,12
15,35,431
15,39,303
15,41,15
15,43,573
15,45,404
15,46,76
15,47,350
15,51,446
15,54,450
15,57,147
15,60,426
15,61,5
15,62,169
15,65,111
15,66,202
15,78,329
15,79,274
15,81,348
15,85,305
15,88,317
15,90,136
15,95,310
15,97,89
15,105,286
15,106,38
15,114,268
15,128,253
15,136,406
15,139,322
15,147,487
15,162,260
15,180,330
15,216,290
15,217,110
15,219,16
15,220,438
15,236,266
15,241,205
15,259,154
15,264,108
15,285,209
15,289,91
16,1,43
16,2,599
16,4,564
16,5,251
16,6,114
16,8,483
16,10,180
16,11,496
16,12,439
16,17,230
16,18,51
16,20,32
16,21,402
16,22,388
16,23,230
16,24,329
16,29,571
16,30,226
16,31,486
16,32,179
16,33,263
16,34,127
16,35,373
16,36,423
16,37,233
16,38,9
16,39,84
16,40,108
16,42,168
16,52,125
16,53,325
16,54,264
16,55,49
16,57,258
16,59,322
16,60,68
16,66,346
16,69,261
16,75,330
16,83,496
16,84,428
16,88,562
16,90,578
16,92,318
16,99,252
16,109,441
16,110,455
16,118,71
16,127,171
16,132,433
16,133,400
16,139,354
16,140,177
16,142,502
16,146,560
16,160,351
16,185,39
16,198,191
16,225,538
16,247,235
16,261,438
16,287,6
17,2,49
17,3,14
17,5,91
17,6,420
17,7,80
17,8,555
17,9,239
17,11,462
17,12,166
17,13,142
17,15,450
17,16,230
17,18,567
17,19,523
17,20,438
17,22,105
17,24,157
17,26,447
17,27,97
17,28,282
17,30,332
17,31,17
17,35,370
17,37,169
17,38,409
17,39,286
17,46,1
17,57,412
17,60,62
17,64,176
17,68,148
17,69,40
17,72,529
17,73,590
17,75,259
17,76,310
17,78,240
17,81,124
17,82,455
17,84,265
17,85,163
17,88,292
17,89,241
17,101,142
17,112,6
17,121,214
17,146,64
17,171,190
17,172,534
17,193,71
17,195,149
17,199,336
17,210,432
17,228,121
17,240,235
17,241,53
17,250,376
18,1,478
18,4,576
18,5,174
18,6,415
18,7,34
18,9,356
18,11,228
18,14,574
18,15,479
18,16,51
18,17,567
18,19,397
18,23,164
18,25,360
18,27,193
18,28,509
18,29,123
18,30,180
18,31,247
18,33,351
18,34,460
18,35,572
18,37,332
18,39,224
18,42,298
18,43,484
18,47,471
18,55,492
18,59,435
18,60,294
18,67,531
18,73,400
18,74,128
18,88,371
18,100,550
18,107,317
18,119,267
18,120,331
18,137,495
18,145,515
18,159,27
18,167,256
18,182,470
18,206,529
18,220,59
18,259,576
18,262,563
18,265,139
19,1,147
19,2,483
19,4,286
19,6,503
19,7,200
19,8,223
19,10,60
19,11,583
19,12,174
19,13,162
19,17,523
19,18,397
19,20,367
19,22,409
19,23,377
19,24,385
19,26,25
19,27,197
19,28,237
19,29,534
19,30,320
19,31,357
19,32,240
19,33,170
19,36,217
19,37,28
19,39,321
19,40,452
19,41,16
19,51,290
19,52,177
19,53,307
19,54,546
19,55,489
19,59,563
19,67,509
19,69,267
19,71,145
19,76,102
19,82,349
19,84,522
19,106,236
19,109,156
19,115,137
19,118,456
19,119,406
19,121,49
19,147,269
19,168,483
19,172,351
19,192,334
19,231,369
19,247,118
19,258,437
19,276,492
20,2,6
20,4,490
20,5,526
20,6,154
20,7,337
20,8,321
20,9,382
20,11,510
20,13,73
20,14,463
20,16,32
20,17,438
20,19,367
20,22,464
20,23,260
20,24,333
20,25,596
20,27,180
20,31,454
20,32,395
20,37,598
20,38,72
20,39,176
20,41,201
20,42,312
20,45,518
20,47,307
20,48,398
20,49,224
20,51,316
20,57,168
20,61,573
20,64,330
20,65,458
20,74,261
20,77,57
20,78,148
20,88,485
20,106,40
20,109,400
20,115,489
20,120,253
20,122,594
20,131,501
20,134,30
20,150,585
20,170,229
20,176,320
20,188,242
20,192,122
20,205,55
20,211,241
20,237,134
20,244,520
20,254,563
20,298,286
21,1,239
21,2,437
21,3,591
21,4,55
21,5,279
21,7,290
21,8,379
21,9,174
21,10,201
21,11,524
21,14,279
21,16,402
21,22,459
21,24,61
21,25,248
21,27,186
21,28,313
21,30,216
21,34,12
21,35,534
21,36,351
21,40,585
21,42,128
21,51,502
21,55,448
21,59,369
21,61,290
21,64,441
21,65,87
21,68,227
21,71,440
21,74,270
21,75,536
21,81,488
21,85,257
21,86,173
21,90,188
21,93,343
21,101,323
21,105,263
21,117,6
21,118,365
21,133,92
21,136,392
21,139,14
21,152,32
21,158,338
21,166,262
21,173,494
21,175,374
21,181,500
21,207,468
21,223,331
21,234,239
21,237,25
21,277,370
21,292,94
22,2,382
22,5,366
22,9,30
22,12,564
22,13,34
22,14,410
22,16,388
22,17,105
22,19,409
22,20,464
22,21,459
22,25,528
22,26,145
22,29,339
22,32,325
22,33,200
22,37,465
22,41,528
22,44,417
22,45,466
22,46,135
22,49,476
22,50,15
22,51,546
22,55,42
22,57,47
22,60,59
22,62,367
22,64,48
22,69,387
22,71,428
22,75,552
22,87,508
22,94,280
22,100,493
22,103,517
22,104,207
22,105,357
22,116,235
22,117,525
22,136,539
22,144,427
22,159,242
22,166,89
22,174,546
22,190,545
22,196,505
22,197,171
22,198,446
22,204,115
22,205,102
22,247,501
22,274,296
22,277,300
22,281,159
23,1,332
23,4,257
23,5,351
23,7,163
23,8,569
23,9,148
23,10,527
23,13,156
23,14,20
23,15,535
23,16,230
23,18,164
23,19,377
23,20,260
23,25,212
23,26,527
23,27,319
23,31,38
23,36,408
23,38,469
23,39,173
23,43,28
23,44,462
23,49,357
23,59,583
23,66,6
23,72,122
23,74,378
23,76,372
23,80,459
23,93,557
23,95,236
23,96,46
23,107,417
23,108,497
23,111,346
23,119,35
23,128,562
23,130,347
23,145,431
23,147,30
23,160,436
23,164,342
23,165,336
23,185,595
23,186,354
23,194,17
23,213,514
23,237,412
23,239,100
23,248,492
23,251,315
23,256,205
23,263,72
23,282,173
23,283,556
23,285,463
24,1,367
24,2,208
24,3,431
24,4,150
24,6,200
24,10,394
24,12,223
24,14,357
24,15,16
24,16,329
24,17,157
24,19,385
24,20,333
24,21,61
24,28,190
24,34,398
24,35,132
24,40,20
24,42,507
24,43,453
24,44,591
24,45,327
24,54,4
24,56,157
24,61,390
24,72,422
24,73,225
24,74,88
24,75,410
24,77,89
24,81,33
24,87,584
24,90,389
24,100,192
24,105,22
24,113,404
24,123,273
24,147,433
24,150,362
24,162,537
24,191,355
24,192,403
24,204,290
24,212,587
24,217,253
24,259,94
24,271,356
25,2,433
25,3,174
25,5,484
25,6,113
25,8,226
25,13,492
25,14,525
25,18,360
25,20,596
25,21,248
25,22,528
25,23,212
25,26,280
25,28,167
25,32,131
25,43,392
25,47,260
25,52,397
25,53,341
25,59,470
25,60,13
25,61,143
25,73,501
25,77,17
25,81,14
25,83,344
25,87,538
25,89,220
25,107,110
25,112,144
25,113,371
25,114,71
25,115,10
25,117,408
25,119,221
25,125,217
25,127,267
25,128,143
25,146,125
25,148,405
25,156,199
25,180,498
25,185,489
25,193,565
25,206,430
25,220,219
25,235,572
25,239,20
25,245,287
25,259,600
25,260,459
25,277,173
25,281,148
25,285,136
26,2,4
26,3,395
26,7,434
26,8,546
26,9,340
26,11,316
26,13,338
26,14,442
26,15,210
26,17,447
26,19,25
26,22,145
26,23,527
26,25,280
26,27,390
26,30,365
26,31,108
26,33,380
26,34,7
26,35,563
26,36,455
26,38,69
26,43,424
26,47,67
26,54,156
26,56,173
26,64,574
26,65,181
26,66,228
26,68,362
26,69,462
26,73,201
26,78,298
26,84,382
26,91,260
26,93,358
26,96,30
26,105,397
26,107,239
26,141,156
26,143,515
26,145,496
26,146,140
26,153,143
26,157,337
26,200,79
26,201,378
26,204,261
26,210,202
26,228,279
26,231,86
26,255,46
26,281,347
26,294,111
27,1,390
27,4,182
27,5,133
27,8,486
27,10,101
27,11,80
27,12,318
27,13,572
27,17,97
27,18,193
27,19,197
27,20,180
27,21,186
27,23,319
27,26,390
27,28,17
27,29,519
27,31,420
27,32,146
27,34,598
27,37,39
27,41,64
27,42,412
27,43,337
27,45,271
27,47,114
27,49,23
27,50,438
27,53,352
27,66,33
27,70,382
27,71,599
27,78,338
27,85,534
27,86,24
27,91,222
27,96,383
27,103,277
27,109,355
27,146,144
27,187,367
27,199,377
27,218,433
27,238,563
27,239,524
27,241,540
27,249,414
27,255,594
27,256,173
27,265,70
27,266,392
27,271,546
28,1,430
28,2,114
28,3,34
28,12,254
28,13,379
28,14,373
28,15,388
28,17,282
28,18,509
28,19,237
28,21,313
28,24,190
28,25,167
28,27,17
28,29,372
28,32,224
28,36,566
28,39,460
28,40,191
28,42,429
28,61,498
28,65,144
28,69,234
28,71,468
28,72,450
28,76,243
28,78,234
28,81,550
28,82,376
28,84,385
28,91,522
28,93,5
28,104,394
28,106,371
28,120,344
28,123,347
28,124,159
28,126,37
28,130,549
28,137,394
28,140,288
28,142,80
28,152,455
28,174,391
28,182,433
28,191,390
28,212,427
28,235,233
28,238,343
28,261,13
28,263,526
28,264,576
28,266,440
28,268,244
28,270,108
28,279,268
29,1,494
29,2,169
29,3,341
29,7,558
29,8,338
29,9,81
29,10,85
29,13,356
29,16,571
29,18,123
29,19,534
29,22,339
29,27,519
29,28,372
29,31,247
29,35,24
29,36,308
29,39,152
29,40,209
29,42,410
29,46,407
29,47,589
29,49,178
29,50,178
29,51,159
29,58,12
29,63,297
29,68,125
29,72,93
29,77,154
29,99,375
29,111,321
29,116,301
29,117,172
29,122,253
29,135,432
29,148,493
29,154,166
29,169,55
29,203,182
29,207,433
29,223,298
29,225,535
29,235,394
29,238,244
29,263,465
29,282,263
29,292,258
30,1,373
30,2,285
30,4,82
30,5,42
30,6,387
30,8,201
30,10,325
30,13,335
30,14,110
30,15,184
30,16,226
30,17,332
30,18,180
30,19,320
30,21,216
30,26,365
30,33,18
30,34,277
30,36,357
30,38,488
30,41,28
30,42,6
30,43,321
30,44,120
30,45,232
30,46,50
30,48,74
30,51,152
30,52,245
30,58,69
30,60,282
30,64,71
30,65,577
30,70,69
30,74,351
30,80,589
30,82,136
30,83,125
30,85,120
30,92,188
30,94,30
30,95,248
30,98,599
30,104,515
30,107,589
30,108,11
30,113,563
30,120,133
30,138,505
30,160,419
30,180,109
30,192,218
30,200,287
30,207,338
30,216,382
30,233,528
30,238,566
30,246,505
30,250,285
30,262,40
30,267,561
30,276,544
30,280,368
30,290,35
31,1,297
31,9,188
31,10,146
31,14,237
31,16,486
31,17,17
31,18,247
31,19,357
31,20,454
31,23,38
31,26,108
31,27,420
31,29,247
31,34,299
31,36,417
31,37,193
31,38,76
31,40,187
31,44,308
31,53,111
31,55,183
31,56,526
31,58,517
31,62,326
31,64,260
31,67,420
31,72,426
31,77,438
31,83,600
31,86,263
31,97,544
31,99,150
31,100,12
31,106,376
31,108,326
31,119,358
31,121,375
31,127,38
31,129,174
31,139,223
31,145,530
31,150,294
31,163,417
31,168,599
31,177,6
31,179,27
31,193,539
31,198,10
31,207,547
31,224,510
31,237,333
31,247,512
31,252,160
32,2,581
32,7,27
32,9,99
32,10,283
32,12,549
32,13,194
32,14,32
32,15,598
32,16,179
32,19,240
32,20,395
32,22,325
32,25,131
32,27,146
32,28,224
32,34,118
32,35,112
32,38,526
32,42,125
32,43,296
32,44,425
32,50,586
32,51,117
32,52,527
32,57,39
32,58,235
32,62,1
32,63,311
32,64,220
32,65,189
32,70,450
32,79,3
32,80,163
32,89,145
32,97,270
32,126,148
32,130,285
32,139,180
32,152,45
32,154,72
32,167,107
32,170,253
32,176,112
32,184,391
32,191,146
32,192,61
32,194,426
32,198,224
32,255,506
32,263,337
32,280,173
32,288,192
32,298,393
33,3,62
33,5,383
33,8,70
33,10,277
33,11,461
33,13,314
33,14,181
33,15,230
33,16,263
33,18,351
33,19,170
33,22,200
33,26,380
33,30,18
33,34,556
33,35,282
33,38,369
33,39,201
33,49,37
33,52,554
33,56,42
33,57,510
33,63,507
33,65,354
33,67,303
33,70,481
33,75,264
33,90,372
33,92,560
33,95,539
33,102,79
33,104,117
33,110,344
33,116,73
33,128,411
33,132,246
33,144,449
33,156,227
33,176,587
33,181,392
33,187,514
33,198,211
33,207,538
33,230,40
33,287,282
33,292,20
33,297,302
34,4,148
34,5,136
34,6,517
34,7,193
34,9,507
34,11,72
34,15,12
34,16,127
34,18,460
34,21,12
34,24,398
34,26,7
34,27,598
34,30,277
34,31,299
34,32,118
34,33,556
34,36,272
34,40,49
34,46,569
34,48,375
34,49,509
34,52,298
34,53,318
34,54,469
34,55,569
34,56,37
34,58,264
34,62,523
34,67,179
34,72,407
34,86,266
34,93,281
34,94,11
34,95,573
34,98,51
34,99,118
34,100,468
34,106,461
34,110,356
34,126,422
34,154,367
34,169,53
34,171,569
34,173,413
34,180,390
34,181,231
34,191,580
34,193,395
34,194,371
34,205,340
34,206,474
34,215,246
34,226,18
34,246,561
34,250,104
34,254,297
34,258,29
34,264,307
34,265,114
35,2,184
35,5,256
35,6,560
35,7,329
35,15,431
35,16,373
35,17,370
35,18,572
35,21,534
35,24,132
35,26,563
35,29,24
35,32,112
35,33,282
35,39,22
35,41,218
35,48,388
35,51,464
35,52,466
35,54,420
35,57,147
35,59,436
35,63,166
35,64,29
35,66,558
35,78,67
35,80,551
35,83,96
35,87,378
35,99,371
35,100,275
35,116,494
35,126,412
35,131,494
35,134,403
35,146,457
35,150,400
35,156,264
35,164,251
35,166,336
35,169,426
35,175,388
35,179,145
35,181,285
35,187,229
35,202,10
35,211,273
35,213,140
35,216,434
35,225,120
35,228,4
35,237,485
36,2,547
36,5,294
36,10,596
36,14,288
36,16,423
36,19,217
36,21,351
36,23,408
36,26,455
36,28,566
36,29,308
36,30,357
36,31,417
36,34,272
36,37,290
36,42,530
36,43,54
36,46,8
36,50,510
36,57,12
36,59,59
36,61,48
36,62,17
36,66,496
36,68,252
36,70,83
36,80,44
36,82,270
36,86,227
36,96,539
36,105,364
36,122,300
36,127,545
36,128,331
36,129,460
36,135,69
36,153,512
36,156,256
36,165,582
36,185,163
36,207,119
36,210,78
36,243,15
36,269,580
36,283,578
36,288,276
37,1,304
37,3,415
37,6,195
37,7,97
37,10,569
37,13,367
37,14,507
37,16,233
37,17,169
37,18,332
37,19,28
37,20,598
37,22,465
37,27,39
37,31,193
37,36,290
37,42,569
37,45,493
37,48,152
37,58,578
37,59,70
37,62,172
37,64,599
37,67,363
37,70,224
37,80,492
37,86,102
37,98,201
37,99,228
37,102,406
37,108,33
37,115,584
37,116,32
37,127,404
37,147,69
37,176,294
37,193,80
37,213,121
37,224,226
37,232,409
37,267,204
37,270,18
38,6,60
38,11,87
38,12,478
38,13,122
38,14,384
38,16,9
38,17,409
38,20,72
38,23,469
38,26,69
38,30,488
38,31,76
38,32,526
38,33,369
38,39,61
38,43,11
38,47,65
38,48,97
38,57,427
38,60,304
38,70,422
38,74,138
38,100,472
38,101,304
38,104,535
38,106,586
38,118,322
38,135,180
38,142,197
38,146,582
38,153,389
38,183,247
38,189,98
38,194,568
38,195,487
38,203,222
38,212,453
38,220,494
38,229,472
38,251,298
38,259,106
38,264,508
38,266,445
38,273,370
38,280,490
38,296,24
39,5,397
39,7,135
39,8,81
39,12,243
39,15,303
39,16,84
39,17,286
39,18,224
39,19,321
39,20,176
39,23,173
39,28,460
39,29,152
39,33,201
39,35,22
39,38,61
39,40,479
39,41,261
39,42,589
39,43,244
39,46,460
39,47,394
39,51,99
39,52,53
39,54,268
39,62,426
39,77,312
39,83,415
39,86,338
39,87,39
39,90,152
39,92,180
39,93,237
39,94,210
39,99,491
39,100,418
39,111,4
39,123,585
39,131,8
39,134,538
39,145,60
39,149,570
39,164,470
39,188,343
39,224,51
39,236,325
39,243,545
39,248,576
39,253,439
40,1,147
40,3,139
40,7,370
40,8,254
40,11,261
40,14,366
40,16,108
40,19,452
40,21,585
40,24,20
40,28,191
40,29,209
40,31,187
40,34,49
40,39,479
40,41,538
40,45,302
40,49,469
40,50,597
40,53,340
40,61,457
40,64,363
40,67,15
40,71,8
40,72,361
40,76,488
40,78,135
40,87,250
40,100,114
40,103,217
40,106,308
40,111,123
40,112,177
40,128,446
40,148,464
40,155,585
40,160,564
40,175,279
40,189,330
40,200,543
40,205,372
40,206,31
40,208,111
40,219,308
40,228,264
40,240,289
40,245,517
40,279,346
40,300,246
41,3,451
41,4,44
41,5,287
41,8,551
41,9,583
41,10,299
41,12,14
41,15,15
41,19,16
41,20,201
41,22,528
41,27,64
41,30,28
41,35,218
41,39,261
41,40,538
41,44,458
41,45,420
41,46,181
41,47,231
41,53,79
41,54,18
41,56,323
41,57,71
41,59,159
41,63,212
41,66,23
41,67,343
41,74,225
41,75,321
41,86,423
41,112,79
41,117,492
41,135,571
41,136,383
41,137,541
41,144,266
41,184,348
41,194,134
41,203,177
41,207,156
41,253,191
41,254,489
41,260,254
41,279,193
41,300,184
42,1,420
42,3,134
42,9,184
42,16,168
42,18,298
42,20,312
42,21,128
42,24,507
42,27,412
42,28,429
42,29,410
42,30,6
42,32,125
42,36,530
42,37,569
42,39,589
42,49,596
42,52,159
42,53,460
42,56,516
42,57,254
42,58,73
42,65,168
42,74,135
42,75,579
42,77,72
42,85,237
42,88,3
42,97,538
42,103,401
42,106,214
42,109,136
42,110,108
42,152,252
42,166,135
42,180,257
42,183,74
42,186,119
42,187,587
42,190,239
42,206,309
42,209,143
42,221,7
42,229,22
42,230,177
42,233,394
42,236,294
42,256,523
42,300,600
43,2,15
43,5,164
43,6,580
43,7,88
43,8,74
43,11,600
43,15,573
43,18,484
43,23,28
43,24,453
43,25,392
43,26,424
43,27,337
43,30,321
43,32,296
43,36,54
43,38,11
43,39,244
43,45,264
43,47,534
43,51,305
43,52,239
43,54,585
43,55,261
43,57,291
43,62,209
43,64,367
43,65,444
43,70,579
43,71,118
43,73,201
43,83,548
43,93,234
43,96,58
43,101,414
43,103,125
43,108,512
43,118,570
43,134,573
43,137,156
43,141,577
43,147,300
43,169,353
43,188,476
43,189,387
43,191,247
43,204,283
43,226,62
43,260,557
43,263,388
43,282,548
43,289,493
44,1,197
44,3,4
44,8,540
44,10,9
44,13,474
44,22,417
44,23,462
44,24,591
44,30,120
44,31,308
44,32,425
44,41,458
44,46,140
44,47,513
44,48,304
44,49,192
44,50,386
44,51,161
44,58,530
44,60,414
44,62,74
44,75,447
44,81,502
44,84,347
44,88,518
44,90,417
44,99,310
44,107,390
44,110,364
44,111,343
44,113,597
44,128,155
44,143,150
44,145,239
44,157,465
44,170,259
44,172,436
44,223,466
44,227,496
44,229,306
44,252,142
44,271,181
44,273,155
45,2,119
45,3,201
45,4,324
45,6,377
45,7,241
45,10,51
45,11,298
45,15,404
45,20,518
45,22,466
45,24,327
45,27,271
45,30,232
45,37,493
45,40,302
45,41,420
45,43,264
45,47,575
45,49,10
45,50,209
45,55,181
45,56,371
45,60,354
45,64,63
45,65,120
45,66,412
45,67,519
45,82,253
45,87,199
45,121,234
45,138,556
45,139,315
45,141,592
45,143,550
45,148,566
45,154,373
45,167,103
45,169,542
45,171,311
45,177,360
45,181,371
45,207,52
45,213,570
45,236,302
45,237,440
45,249,482
45,256,114
45,294,49
46,1,515
46,2,153
46,8,422
46,15,76
46,17,1
46,22,135
46,29,407
46,30,50
46,34,569
46,36,8
46,39,460
46,41,181
46,44,140
46,47,372
46,49,387
46,55,450
46,56,459
46,63,513
46,76,101
46,83,478
46,91,39
46,101,326
46,110,71
46,113,142
46,158,79
46,199,475
46,218,53
46,241,58
46,243,523
46,264,492
46,266,161
46,278,141
46,296,583
47,2,84
47,4,103
47,8,254
47,15,350
47,18,471
47,20,307
47,25,260
47,26,67
47,27,114
47,29,589
47,38,65
47,39,394
47,41,231
47,43,534
47,44,513
47,45,575
47,46,372
47,48,122
47,56,8
47,58,187
47,61,108
47,62,443
47,63,346
47,65,275
47,71,90
47,85,9
47,86,246
47,88,536
47,90,262
47,92,276
47,97,126
47,107,274
47,108,362
47,111,147
47,115,166
47,117,587
47,122,498
47,126,250
47,131,518
47,138,496
47,158,56
47,159,369
47,162,370
47,164,270
47,168,131
47,180,140
47,181,28
47,206,122
47,220,491
47,233,269
47,240,307
47,260,258
47,276,332
47,294,217
48,1,168
48,4,482
48,6,243
48,7,157
48,8,542
48,10,433
48,14,358
48,20,398
48,30,74
48,34,375
48,35,388
48,37,152
48,38,97
48,44,304
48,47,122
48,50,225
48,52,150
48,57,179
48,60,498
48,63,129
48,79,361
48,86,187
48,89,204
48,103,410
48,105,19
48,107,444
48,109,157
48,113,159
48,114,319
48,116,77
48,135,563
48,138,91
48,143,42
48,148,563
48,158,583
48,161,321
48,167,83
48,172,392
48,178,153
48,188,310
48,192,467
48,201,307
48,204,584
48,213,462
48,228,319
48,282,459
49,4,193
49,6,517
49,9,492
49,11,502
49,13,214
49,20,224
49,22,476
49,23,357
49,27,23
49,29,178
49,33,37
49,34,509
49,40,469
49,42,596
49,44,192
49,45,10
49,46,387
49,54,103
49,58,90
49,60,596
49,63,111
49,66,447
49,69,489
49,70,210
49,72,448
49,91,276
49,92,501
49,95,489
49,100,76
49,107,273
49,130,449
49,133,591
49,143,220
49,161,252
49,163,329
49,199,32
49,208,202
49,218,457
49,219,94
49,226,143
49,249,127
49,276,496
49,293,339
49,299,83
50,3,112
50,4,106
50,5,481
50,6,461
50,8,253
50,9,341
50,14,318
50,22,15
50,27,438
50,29,178
50,32,586
50,36,510
50,40,597
50,44,386
50,45,209
50,48,225
50,51,212
50,56,574
50,58,244
50,64,249
50,65,104
50,71,521
50,75,209
50,76,173
50,78,223
50,80,292
50,82,83
50,83,143
50,96,548
50,98,228
50,104,10
50,114,370
50,118,8
50,122,126
50,133,440
50,144,287
50,167,321
50,174,465
50,186,17
50,188,320
50,197,252
50,222,81
50,229,415
50,232,175
50,235,329
50,248,313
50,276,400
50,279,541
50,280,82
50,287,6
50,288,540
51,5,290
51,6,356
51,8,384
51,11,293
51,15,446
51,19,290
51,20,316
51,21,502
51,22,546
51,29,159
51,30,152
51,32,117
51,35,464
51,39,99
51,43,305
51,44,161
51,50,212
51,52,399
51,56,248
51,57,332
51,60,429
51,66,46
51,68,310
51,69,155
51,71,247
51,73,32
51,74,365
51,75,435
51,82,596
51,84,246
51,85,531
51,94,498
51,102,159
51,112,472
51,116,398
51,120,165
51,148,212
51,153,504
51,178,425
51,209,402
51,214,77
51,217,320
51,223,443
51,247,12
51,261,203
51,263,380
51,283,386
51,288,194
51,298,81
52,5,286
52,9,250
52,10,91
52,16,125
52,19,177
52,25,397
52,30,245
52,32,527
52,33,554
52,34,298
52,35,466
52,39,53
52,42,159
52,43,239
52,48,150
52,51,399
52,55,163
52,58,467
52,61,137
52,62,14
52,73,82
52,89,571
52,90,200
52,91,542
52,92,175
52,101,428
52,115,150
52,123,335
52,129,461
52,130,492
52,149,439
52,151,573
52,154,35
52,157,172
52,160,290
52,169,186
52,173,92
52,180,105
52,182,168
52,186,517
52,189,24
52,197,255
52,204,89
52,208,135
52,217,25
52,229,411
52,235,4
52,239,344
52,241,297
52,244,416
52,260,125
52,262,443
52,284,268
52,288,4
52,299,23
53,2,313
53,3,325
53,4,21
53,5,141
53,6,31
53,9,23
53,13,324
53,16,325
53,19,307
53,25,341
53,27,352
53,31,111
53,34,318
53,40,340
53,41,79
53,42,460
53,55,39
53,56,157
53,59,504
53,61,209
53,62,581
53,64,378
53,71,358
53,73,580
53,76,392
53,78,351
53,82,583
53,89,97
53,90,115
53,91,166
53,97,149
53,102,431
53,107,192
53,109,324
53,114,598
53,120,353
53,123,216
53,139,134
53,166,49
53,173,75
53,178,478
53,193,398
53,199,550
53,200,452
53,222,395
53,227,163
53,234,320
53,269,484
54,3,269
54,8,566
54,10,493
54,14,131
54,15,450
54,16,264
54,19,546
54,24,4
54,26,156
54,34,469
54,35,420
54,39,268
54,41,18
54,43,585
54,49,103
54,61,322
54,63,242
54,64,8
54,67,57
54,68,457
54,74,319
54,77,552
54,79,243
54,88,423
54,89,292
54,91,524
54,93,337
54,110,532
54,120,578
54,134,115
54,140,144
54,164,177
54,183,556
54,184,594
54,196,74
54,246,418
54,251,274
54,284,423
54,296,170
55,4,556
55,5,563
55,11,479
55,13,208
55,16,49
55,18,492
55,19,489
55,21,448
55,22,42
55,31,183
55,34,569
55,43,261
55,45,181
55,46,450
55,52,163
55,53,39
55,65,247
55,66,67
55,67,354
55,68,98
55,69,537
55,70,283
55,77,287
55,81,557
55,83,349
55,85,162
55,89,544
55,94,270
55,96,32
55,97,13
55,99,508
55,103,224
55,111,373
55,117,121
55,121,219
55,122,397
55,129,409
55,136,542
55,138,196
55,140,7
55,142,183
55,156,395
55,157,287
55,158,436
55,183,405
55,185,520
55,196,466
55,198,115
55,228,233
55,233,36
55,237,351
55,244,376
55,246,417
55,267,217
55,269,406
55,286,550
55,287,481
56,3,446
56,5,58
56,6,302
56,24,157
56,26,173
56,31,526
56,33,42
56,34,37
56,41,323
56,42,516
56,45,371
56,46,459
56,47,8
56,50,574
56,51,248
56,53,157
56,58,158
56,70,224
56,79,9
56,84,432
56,85,315
56,93,42
56,102,2
56,105,44
56,113,110
56,115,166
56,128,69
56,130,489
56,132,2
56,140,597
56,141,256
56,153,409
56,157,49
56,161,453
56,171,61
56,175,347
56,189,172
56,212,547
56,230,557
56,235,171
56,244,353
56,268,172
56,276,209
57,2,47
57,9,169
57,10,533
57,15,147
57,16,258
57,17,412
57,20,168
57,22,47
57,32,39
57,33,510
57,35,147
57,36,12
57,38,427
57,41,71
57,42,254
57,43,291
57,48,179
57,51,332
57,58,382
57,61,524
57,66,336
57,73,33
57,77,506
57,81,241
57,83,320
57,84,221
57,88,130
57,89,38
57,97,417
57,98,356
57,106,36
57,108,383
57,109,91
57,112,177
57,113,134
57,127,290
57,129,68
57,134,386
57,143,449
57,148,113
57,152,442
57,163,148
57,168,570
57,184,270
57,195,513
57,201,374
57,224,267
57,232,389
57,233,183
57,236,377
57,268,91
57,292,404
58,2,124
58,14,517
58,29,12
58,30,69
58,31,517
58,32,235
58,34,264
58,37,578
58,42,73
58,44,530
58,47,187
58,49,90
58,50,244
58,52,467
58,56,158
58,57,382
58,61,139
58,67,121
58,69,548
58,70,507
58,74,534
58,79,510
58,82,479
58,88,434
58,110,195
58,115,427
58,122,201
58,128,441
58,152,182
58,155,174
58,166,395
58,184,434
58,189,490
58,190,368
58,198,141
58,208,408
58,213,146
58,246,300
58,249,386
58,278,64
59,1,103
59,4,400
59,6,564
59,14,290
59,16,322
59,18,435
59,19,563
59,21,369
59,23,583
59,25,470
59,35,436
59,36,59
59,37,70
59,41,159
59,53,504
59,63,500
59,65,591
59,66,545
59,70,104
59,72,591
59,76,230
59,84,305
59,86,13
59,87,10
59,89,553
59,90,494
59,94,385
59,98,187
59,102,319
59,115,479
59,118,28
59,129,596
59,133,181
59,144,392
59,149,256
59,151,414
59,156,404
59,168,61
59,178,60
59,179,5
59,185,443
59,186,62
59,210,305
59,219,35
59,224,134
59,231,414
59,232,171
59,239,236
59,253,115
59,265,104
59,268,295
59,282,518
59,292,78
59,293,208
60,4,447
60,9,376
60,11,50
60,13,194
60,15,426
60,16,68
60,17,62
60,18,294
60,22,59
60,25,13
60,30,282
60,38,304
60,44,414
60,45,354
60,48,498
60,49,596
60,51,429
60,68,267
60,71,514
60,79,420
60,80,275
60,88,369
60,89,263
60,92,590
60,101,428
60,117,27
60,132,148
60,135,38
60,141,220
60,145,474
60,146,299
60,148,437
60,169,165
60,186,378
60,205,323
60,227,113
60,232,428
60,236,442
60,242,591
60,265,464
60,266,234
60,282,164
60,287,138
61,2,231
61,8,83
61,11,173
61,12,432
61,15,5
61,20,573
61,21,290
61,24,390
61,25,143
61,28,498
61,36,48
61,40,457
61,47,108
61,52,137
61,53,209
61,54,322
61,57,524
61,58,139
61,65,181
61,75,121
61,82,49
61,86,278
61,87,207
61,90,399
61,92,469
61,94,290
61,95,384
61,97,7
61,99,329
61,104,572
61,106,546
61,120,434
61,126,107
61,127,349
61,153,75
61,154,61
61,164,253
61,174,437
61,187,556
61,194,572
61,214,434
61,250,213
61,258,317
61,276,244
61,284,463
62,2,96
62,6,549
62,8,259
62,9,256
62,15,169
62,22,367
62,31,326
62,32,1
62,34,523
62,36,17
62,37,172
62,39,426
62,43,209
62,44,74
62,47,443
62,52,14
62,53,581
62,63,392
62,68,319
62,69,20
62,75,182
62,81,439
62,83,96
62,87,197
62,91,104
62,97,350
62,99,21
62,101,50
62,105,89
62,107,107
62,114,335
62,117,340
62,124,387
62,126,118
62,130,554
62,135,539
62,136,450
62,138,299
62,141,473
62,149,593
62,150,40
62,158,530
62,164,39
62,177,489
62,178,538
62,196,199
62,226,205
62,231,578
62,243,395
62,266,168
62,293,303
63,2,44
63,3,109
63,4,58
63,12,3
63,29,297
63,32,311
63,33,507
63,35,166
63,41,212
63,46,513
63,47,346
63,48,129
63,49,111
63,54,242
63,59,500
63,62,392
63,65,148
63,68,376
63,70,38
63,75,290
63,76,422
63,82,298
63,83,149
63,93,164
63,94,538
63,95,600
63,96,64
63,98,534
63,100,346
63,105,71
63,118,538
63,120,11
63,145,462
63,151,235
63,158,8
63,160,409
63,164,348
63,166,115
63,174,287
63,175,166
63,185,204
63,206,431
63,212,414
63,213,342
63,230,446
63,232,33
63,234,209
63,236,278
63,241,510
63,251,307
63,257,167
63,263,265
63,264,150
63,272,600
63,273,315
64,13,315
64,14,489
64,17,176
64,20,330
64,21,441
64,22,48
64,26,574
64,30,71
64,31,260
64,32,220
64,35,29
64,37,599
64,40,363
64,43,367
64,45,63
64,50,249
64,53,378
64,54,8
64,67,75
64,74,223
64,79,584
64,82,379
64,112,133
64,118,128
64,122,552
64,124,59
64,133,284
64,147,372
64,150,428
64,173,270
64,179,81
64,185,140
64,203,478
64,210,473
64,211,425
64,213,482
64,220,579
64,225,33
64,242,517
64,277,59
64,284,526
64,289,274
64,292,532
64,299,267
65,8,81
65,10,258
65,15,111
65,20,458
65,21,87
65,26,181
65,28,144
65,30,577
65,32,189
65,33,354
65,42,168
65,43,444
65,45,120
65,47,275
65,50,104
65,55,247
65,59,591
65,61,181
65,63,148
65,68,23
65,76,440
65,78,553
65,79,172
65,82,142
65,89,522
65,99,341
65,104,86
65,111,294
65,118,264
65,125,337
65,127,351
65,130,137
65,135,66
65,137,548
65,144,261
65,155,15
65,162,410
65,166,476
65,173,556
65,174,368
65,195,448
65,205,108
65,213,33
65,244,257
65,266,540
65,290,354
66,1,431
66,11,498
66,13,70
66,15,202
66,16,346
66,23,6
66,26,228
66,27,33
66,35,558
66,36,496
66,41,23
66,45,412
66,49,447
66,51,46
66,55,67
66,57,336
66,59,545
66,68,357
66,69,139
66,71,170
66,76,247
66,79,568
66,88,546
66,91,99
66,92,66
66,93,496
66,94,390
66,100,184
66,101,269
66,102,26
66,109,502
66,110,280
66,113,490
66,114,279
66,115,335
66,124,401
66,125,16
66,141,49
66,153,299
66,163,385
66,170,26
66,171,273
66,174,235
66,179,56
66,187,478
66,212,362
66,214,326
66,221,433
66,226,80
66,232,457
66,233,566
66,240,360
66,244,340
66,249,156
66,252,540
66,264,592
67,1,296
67,9,310
67,11,186
67,14,463
67,18,531
67,19,509
67,31,420
67,33,303
67,34,179
67,37,363
67,40,15
67,41,343
67,45,519
67,54,57
67,55,354
67,58,121
67,64,75
67,69,187
67,73,268
67,74,72
67,78,460
67,82,286
67,90,289
67,92,539
67,96,336
67,100,326
67,121,543
67,122,227
67,135,179
67,136,386
67,150,446
67,164,590
67,207,521
67,223,488
67,231,72
67,239,64
68,5,259
68,13,12
68,17,148
68,21,227
68,26,362
68,29,125
68,36,252
68,51,310
68,54,457
68,55,98
68,60,267
68,62,319
68,63,376
68,65,23
68,66,357
68,70,105
68,71,351
68,72,90
68,75,408
68,78,344
68,81,527
68,87,240
68,88,242
68,89,138
68,94,522
68,95,423
68,127,199
68,129,350
68,131,395
68,137,569
68,140,127
68,145,252
68,152,203
68,153,54
68,159,205
68,164,488
68,177,150
68,183,188
68,193,242
68,211,303
68,254,512
68,264,366
69,1,558
69,7,391
69,16,261
69,17,40
69,19,267
69,22,387
69,26,462
69,28,234
69,49,489
69,51,155
69,55,537
69,58,548
69,62,20
69,66,139
69,67,187
69,73,4
69,76,504
69,80,381
69,86,430
69,93,207
69,99,465
69,112,243
69,114,238
69,124,587
69,125,248
69,136,67
69,161,294
69,165,423
69,174,352
69,183,48
69,191,334
69,212,454
69,213,488
69,219,597
69,231,241
69,245,463
69,246,307
69,252,143
69,253,226
69,264,163
69,295,234
70,1,240
70,9,177
70,10,503
70,14,344
70,27,382
70,30,69
70,32,450
70,33,481
70,36,83
70,37,224
70,38,422
70,43,579
70,49,210
70,55,283
70,56,224
70,58,507
70,59,104
70,63,38
70,68,105
70,71,230
70,74,241
70,76,488
70,77,554
70,81,374
70,91,149
70,93,287
70,98,72
70,101,238
70,102,330
70,107,143
70,114,55
70,118,551
70,123,443
70,131,581
70,144,179
70,155,173
70,161,391
70,162,48
70,164,272
70,180,64
70,184,318
70,202,545
70,203,100
70,248,436
70,256,244
70,271,586
70,298,148
71,10,276
71,12,355
71,19,145
71,21,440
71,22,428
71,27,599
71,28,468
71,40,8
71,43,118
71,47,90
71,50,521
71,51,247
71,53,358
71,60,514
71,66,170
71,68,351
71,70,230
71,75,418
71,84,496
71,86,266
71,87,27
71,91,189
71,95,363
71,98,246
71,103,549
71,114,472
71,125,30
71,129,587
71,137,304
71,143,192
71,144,550
71,152,517
71,166,119
71,168,171
71,177,321
71,190,284
71,197,412
71,199,57
71,208,271
71,226,380
71,245,583
71,246,557
71,251,248
71,255,461
71,262,557
71,278,597
71,296,248
72,2,178
72,4,477
72,5,167
72,8,346
72,10,526
72,12,288
72,13,143
72,17,529
72,23,122
72,24,422
72,28,450
72,29,93
72,31,426
72,34,407
72,40,361
72,49,448
72,59,591
72,68,90
72,77,87
72,78,541
72,88,530
72,103,151
72,106,147
72,113,599
72,132,302
72,140,374
72,163,189
72,170,513
72,188,3
72,217,216
72,222,584
72,226,411
72,241,127
72,250,211
72,253,435
73,1,24
73,7,272
73,8,335
73,12,179
73,17,590
73,18,400
73,24,225
73,25,501
73,26,201
73,43,201
73,51,32
73,52,82
73,53,580
73,57,33
73,67,268
73,69,4
73,78,459
73,95,137
73,97,114
73,116,160
73,119,4
73,132,214
73,146,338
73,151,340
73,158,51
73,161,599
73,165,585
73,180,123
73,200,147
73,214,567
73,260,547
73,265,113
73,287,401
74,18,128
74,20,261
74,21,270
74,23,378
74,24,88
74,30,351
74,38,138
74,41,225
74,42,135
74,51,365
74,54,319
74,58,534
74,64,223
74,67,72
74,70,241
74,80,184
74,84,90
74,87,27
74,90,513
74,91,151
74,97,278
74,102,89
74,111,428
74,115,376
74,125,555
74,133,519
74,134,283
74,138,249
74,140,252
74,141,17
74,142,589
74,146,526
74,164,385
74,193,128
74,196,39
74,211,262
74,226,521
74,256,229
74,270,438
74,280,1
74,297,331
75,6,252
75,8,540
75,9,547
75,16,330
75,17,259
75,21,536
75,22,552
75,24,410
75,33,264
75,41,321
75,42,579
75,44,447
75,50,209
75,51,435
75,61,121
75,62,182
75,63,290
75,68,408
75,71,418
75,77,40
75,80,213
75,81,65
75,82,589
75,83,36
75,87,69
75,91,493
75,96,25
75,101,313
75,116,89
75,119,125
75,122,366
75,131,236
75,137,445
75,141,33
75,154,537
75,158,511
75,165,397
75,167,228
75,173,344
75,175,455
75,190,553
75,192,92
75,214,366
75,220,143
75,221,58
75,228,234
75,232,500
75,251,39
75,257,366
75,258,391
75,259,263
75,273,516
75,281,233
76,1,479
76,3,74
76,10,595
76,17,310
76,19,102
76,23,372
76,28,243
76,40,488
76,46,101
76,50,173
76,53,392
76,59,230
76,63,422
76,65,440
76,66,247
76,69,504
76,70,488
76,81,462
76,84,101
76,98,250
76,102,452
76,105,595
76,117,554
76,125,442
76,127,41
76,130,176
76,132,349
76,136,247
76,149,228
76,171,442
76,174,291
76,177,157
76,181,424
76,210,471
76,211,115
76,213,110
76,215,156
76,218,352
76,220,274
76,223,9
76,224,354
76,275,544
76,282,466
76,289,423
76,291,576
77,6,561
77,14,543
77,20,57
77,24,89
77,25,17
77,29,154
77,31,438
77,39,312
77,42,72
77,54,552
77,55,287
77,57,506
77,70,554
77,72,87
77,75,40
77,81,592
77,93,181
77,97,231
77,98,408
77,128,339
77,139,256
77,143,342
77,165,278
77,172,418
77,202,250
77,203,31
77,216,280
77,217,52
77,221,362
77,223,534
77,249,306
77,251,480
77,269,540
77,294,268
78,1,82
78,2,524
78,11,462
78,15,329
78,17,240
78,20,148
78,26,298
78,27,338
78,28,234
78,35,67
78,40,135
78,50,223
78,53,351
78,65,553
78,67,460
78,68,344
78,72,541
78,73,459
78,85,526
78,95,188
78,97,583
78,102,137
78,112,46
78,116,52
78,122,23
78,125,190
78,126,598
78,132,475
78,138,151
78,140,270
78,144,260
78,160,573
78,161,169
78,165,12
78,176,170
78,184,109
78,204,568
78,247,456
78,248,293
78,257,251
78,296,326
79,1,355
79,3,289
79,5,402
79,7,217
79,8,344
79,13,180
79,15,274
79,32,3
79,48,361
79,54,243
79,56,9
79,58,510
79,60,420
79,64,584
79,65,172
79,66,568
79,80,539
79,85,234
79,88,283
79,90,501
79,108,371
79,114,376
79,116,370
79,119,59
79,127,10
79,138,584
79,157,530
79,167,431
79,170,40
79,180,542
79,201,264
79,202,80
79,209,599
79,212,413
79,217,126
79,223,213
79,228,249
79,263,566
79,276,175
79,288,387
79,290,200
80,2,526
80,3,298
80,12,168
80,13,18
80,23,459
80,30,589
80,32,163
80,35,551
80,36,44
80,37,492
80,50,292
80,60,275
80,69,381
80,74,184
