source,target,weight
1,2,177
1,3,459
1,5,520
1,6,276
1,7,521
1,8,494
1,10,268
1,11,201
1,14,239
1,15,234
1,16,600
1,17,588
1,19,382
1,21,78
1,22,397
1,24,95
1,25,564
1,26,76
1,27,443
1,28,584
1,30,441
1,31,412
1,32,550
1,34,70
1,36,10
1,37,304
1,40,287
1,42,162
1,47,582
1,48,150
1,50,267
1,51,489
1,54,214
1,56,480
1,57,36
1,58,214
1,60,72
1,61,383
1,62,566
1,63,316
1,64,169
1,65,498
1,66,184
1,67,181
1,71,225
1,72,375
1,75,9
1,77,548
1,79,365
1,87,329
1,88,550
1,89,516
1,91,162
1,95,27
1,96,398
1,98,422
1,99,490
1,106,151
1,108,373
1,110,530
1,111,43
1,115,406
1,117,61
1,123,221
1,124,573
1,133,446
1,138,167
1,139,171
1,144,529
1,148,55
1,149,171
1,150,40
1,151,268
1,155,177
1,160,535
1,161,103
1,163,293
1,168,22
1,178,416
1,184,380
1,191,383
1,192,219
1,195,322
1,205,240
1,206,249
1,211,228
1,212,186
1,222,212
1,230,92
1,232,252
1,236,261
1,244,15
1,247,181
1,257,589
1,273,196
1,278,47
1,281,119
1,282,505
1,285,257
1,286,214
1,295,375
1,300,222
2,1,177
2,3,168
2,4,331
2,5,579
2,7,21
2,8,58
2,9,46
2,10,43
2,11,210
2,12,362
2,14,73
2,15,119
2,16,468
2,17,329
2,18,522
2,20,265
2,23,505
2,26,449
2,27,197
2,29,584
2,31,92
2,35,554
2,37,121
2,38,330
2,39,218
2,41,474
2,43,433
2,44,427
2,47,283
2,49,358
2,52,494
2,60,45
2,61,476
2,62,66
2,64,312
2,65,323
2,69,455
2,74,10
2,75,588
2,79,100
2,81,563
2,83,98
2,86,436
2,89,370
2,90,78
2,92,560
2,95,223
2,99,24
2,100,488
2,102,430
2,106,559
2,120,427
2,124,457
2,128,576
2,134,397
2,138,40
2,143,338
2,150,119
2,164,268
2,173,180
2,180,339
2,184,511
2,191,547
2,196,434
2,207,172
2,235,247
2,241,253
2,243,269
2,261,312
2,272,382
2,280,153
2,285,472
2,289,208
3,1,459
3,2,168
3,4,514
3,5,272
3,6,301
3,7,360
3,9,213
3,11,338
3,12,507
3,13,479
3,14,225
3,16,372
3,17,258
3,18,589
3,20,431
3,21,224
3,22,388
3,23,356
3,25,506
3,26,210
3,27,110
3,30,89
3,31,136
3,32,39
3,34,239
3,36,522
3,37,146
3,38,131
3,39,421
3,40,494
3,41,41
3,42,481
3,46,439
3,52,74
3,54,476
3,56,453
3,57,381
3,58,86
3,62,149
3,63,542
3,68,523
3,70,216
3,71,307
3,72,315
3,73,255
3,75,398
3,77,340
3,83,288
3,90,56
3,92,108
3,105,150
3,108,203
3,118,467
3,124,178
3,131,168
3,133,582
3,137,427
3,140,401
3,141,39
3,147,50
3,149,33
3,155,448
3,157,559
3,164,3
3,168,304
3,170,452
3,172,70
3,188,436
3,198,406
3,200,60
3,203,42
3,216,91
3,221,468
3,230,367
3,234,462
3,235,561
3,245,338
3,249,333
3,251,433
3,252,99
3,257,282
3,269,383
3,294,444
3,298,267
4,2,331
4,3,514
4,5,354
4,6,510
4,7,74
4,8,374
4,10,7
4,11,66
4,13,245
4,14,575
4,16,321
4,19,70
4,21,463
4,24,292
4,25,262
4,27,384
4,29,474
4,32,277
4,33,197
4,34,455
4,35,355
4,36,173
4,37,233
4,39,168
4,40,419
4,42,59
4,43,586
4,44,283
4,45,204
4,46,448
4,47,393
4,48,395
4,49,35
4,50,133
4,51,204
4,52,23
4,58,164
4,59,142
4,61,420
4,66,77
4,67,597
4,69,226
4,70,238
4,71,147
4,72,313
4,73,275
4,74,150
4,75,62
4,82,545
4,86,444
4,88,227
4,89,298
4,90,450
4,91,140
4,93,431
4,94,575
4,95,514
4,96,561
4,98,287
4,104,370
4,111,489
4,112,83
4,117,596
4,122,468
4,126,101
4,133,339
4,136,499
4,140,99
4,141,392
4,142,537
4,143,577
4,146,254
4,147,452
4,149,274
4,151,348
4,153,34
4,155,267
4,156,443
4,157,560
4,168,583
4,173,416
4,182,234
4,192,304
4,235,157
4,242,228
4,247,67
4,249,73
4,258,67
4,262,492
4,272,289
5,1,520
5,2,579
5,3,272
5,4,354
5,6,173
5,7,195
5,8,349
5,9,477
5,11,517
5,12,436
5,14,354
5,15,12
5,16,461
5,18,254
5,19,373
5,20,484
5,21,23
5,22,112
5,24,394
5,26,444
5,28,395
5,29,425
5,30,309
5,32,508
5,34,312
5,39,196
5,40,383
5,41,197
5,42,448
5,44,553
5,45,179
5,47,583
5,49,315
5,50,397
5,51,51
5,52,383
5,53,529
5,56,184
5,59,121
5,61,328
5,62,477
5,63,565
5,74,426
5,77,441
5,79,462
5,81,130
5,93,47
5,103,160
5,106,350
5,107,169
5,119,494
5,120,282
5,123,588
5,130,272
5,131,478
5,134,432
5,140,502
5,144,585
5,145,13
5,151,34
5,176,145
5,180,418
5,181,509
5,183,109
5,198,481
5,201,71
5,203,503
5,206,259
5,219,413
5,233,416
5,235,454
5,236,78
5,255,518
5,262,379
5,281,502
5,286,196
6,1,276
6,3,301
6,4,510
6,5,173
6,8,277
6,9,410
6,10,335
6,11,346
6,12,126
6,13,56
6,14,306
6,15,64
6,17,306
6,18,569
6,19,275
6,20,361
6,22,173
6,23,364
6,25,95
6,27,276
6,28,357
6,29,443
6,30,356
6,31,500
6,32,13
6,33,173
6,34,193
6,35,339
6,38,22
6,39,581
6,41,424
6,43,255
6,48,251
6,49,104
6,50,587
6,51,391
6,52,509
6,54,518
6,56,357
6,57,573
6,58,285
6,60,334
6,62,279
6,64,405
6,66,410
6,75,275
6,77,194
6,81,238
6,82,416
6,83,375
6,84,137
6,86,535
6,87,569
6,88,375
6,96,494
6,97,578
6,98,119
6,99,233
6,101,16
6,110,551
6,112,472
6,114,182
6,117,207
6,118,372
6,120,583
6,128,400
6,129,283
6,141,185
6,142,226
6,143,376
6,154,211
6,158,78
6,164,339
6,166,327
6,168,185
6,177,156
6,179,246
6,182,564
6,183,535
6,196,265
6,199,291
6,204,485
6,210,262
6,214,399
6,226,408
6,227,394
6,239,262
6,244,482
6,251,402
6,260,544
6,263,124
6,282,598
6,298,189
7,1,521
7,2,21
7,3,360
7,4,74
7,5,195
7,10,369
7,12,529
7,14,319
7,15,538
7,16,214
7,17,274
7,18,568
7,20,593
7,21,169
7,22,394
7,24,36
7,25,350
7,27,516
7,28,82
7,30,81
7,32,336
7,34,147
7,35,377
7,36,370
7,37,180
7,38,582
7,41,179
7,42,528
7,46,144
7,47,88
7,49,273
7,51,286
7,54,300
7,55,58
7,56,478
7,57,271
7,58,392
7,62,165
7,63,455
7,66,592
7,67,72
7,69,417
7,70,397
7,73,504
7,77,293
7,79,106
7,82,535
7,85,311
7,89,44
7,90,383
7,96,142
7,99,416
7,101,353
7,105,417
7,107,553
7,109,579
7,111,41
7,118,408
7,122,297
7,123,170
7,125,139
7,126,8
7,130,151
7,132,580
7,134,540
7,149,512
7,152,300
7,156,191
7,162,532
7,171,101
7,174,4
7,182,388
7,203,38
7,204,352
7,207,279
7,209,537
7,230,512
7,233,568
7,241,309
7,246,577
7,250,560
7,267,433
7,282,354
7,300,224
8,1,494
8,2,58
8,4,374
8,5,349
8,6,277
8,9,168
8,10,351
8,12,388
8,13,219
8,16,196
8,18,561
8,19,140
8,23,193
8,24,101
8,25,138
8,26,268
8,27,393
8,29,108
8,31,196
8,32,87
8,33,109
8,34,385
8,36,122
8,37,561
8,39,428
8,41,223
8,42,46
8,44,501
8,45,467
8,46,496
8,47,443
8,52,453
8,53,392
8,57,15
8,59,343
8,62,334
8,63,420
8,65,532
8,66,481
8,70,174
8,73,594
8,75,50
8,76,503
8,82,185
8,85,61
8,88,247
8,89,476
8,94,224
8,96,517
8,101,214
8,102,484
8,104,1
8,105,505
8,106,166
8,110,45
8,112,113
8,117,198
8,118,453
8,119,399
8,125,578
8,131,474
8,135,73
8,141,325
8,142,512
8,145,354
8,150,402
8,161,543
8,166,27
8,169,141
8,173,52
8,178,1
8,185,346
8,188,116
8,190,152
8,191,485
8,193,445
8,202,3
8,216,99
8,221,510
8,225,35
8,226,463
8,237,378
8,247,596
8,252,478
8,272,111
8,274,547
8,280,514
8,281,333
8,294,393
9,2,46
9,3,213
9,5,477
9,6,410
9,8,168
9,12,567
9,15,49
9,16,345
9,18,181
9,20,526
9,21,218
9,22,211
9,23,387
9,24,74
9,25,119
9,27,219
9,28,332
9,30,73
9,32,33
9,33,459
9,34,128
9,37,65
9,42,254
9,46,256
9,47,335
9,51,380
9,53,484
9,55,450
9,59,465
9,60,90
9,64,154
9,65,150
9,66,488
9,69,137
9,70,238
9,71,171
9,73,562
9,75,375
9,79,517
9,83,317
9,84,499
9,89,460
9,90,77
9,96,365
9,106,406
9,107,560
9,109,522
9,114,286
9,118,214
9,128,128
9,131,33
9,133,600
9,135,266
9,139,474
9,145,229
9,150,580
9,152,356
9,166,250
9,172,112
9,178,149
9,179,343
9,183,253
9,184,108
9,187,566
9,197,483
9,201,231
9,204,349
9,213,470
9,215,406
9,226,176
9,245,349
9,246,578
9,252,229
9,278,524
10,1,268
10,2,43
10,4,7
10,6,335
10,7,369
10,8,351
10,11,278
10,13,120
10,14,526
10,15,519
10,17,467
10,21,379
10,23,264
10,24,115
10,27,120
10,29,597
10,30,535
10,31,325
10,33,239
10,35,42
10,36,573
10,38,21
10,43,376
10,45,173
10,51,189
10,52,217
10,54,431
10,58,349
10,60,313
10,61,572
10,67,522
10,69,355
10,70,491
10,72,529
10,74,418
10,75,461
10,77,245
10,81,352
10,83,420
10,86,477
10,87,263
10,88,152
10,93,545
10,98,161
10,101,157
10,106,407
10,107,576
10,109,511
10,110,274
10,119,327
10,125,11
10,126,319
10,128,525
10,134,478
10,138,335
10,139,231
10,140,438
10,143,94
10,160,127
10,165,577
10,169,534
10,174,382
10,184,482
10,186,131
10,189,179
10,212,309
10,224,600
10,225,559
10,227,472
10,229,144
10,230,5
10,244,239
10,255,282
10,265,199
10,276,235
10,279,495
10,281,309
10,286,583
10,291,369
11,1,201
11,2,210
11,3,338
11,4,66
11,5,517
11,6,346
11,10,278
11,12,93
11,13,373
11,15,18
11,16,385
11,17,393
11,19,68
11,20,223
11,21,287
11,22,507
11,23,434
11,24,59
11,25,319
11,26,178
11,30,14
11,31,284
11,34,541
11,35,155
11,38,528
11,39,291
11,40,84
11,42,69
11,43,432
11,44,76
11,48,109
11,53,412
11,55,325
11,56,512
11,60,246
11,62,425
11,67,565
11,75,186
11,77,117
11,78,504
11,82,245
11,86,207
11,91,445
11,92,566
11,93,360
11,97,13
11,100,344
11,105,506
11,110,55
11,114,115
11,115,29
11,120,67
11,125,211
11,129,63
11,138,406
11,140,417
11,145,310
11,148,201
11,150,528
11,151,253
11,156,51
11,162,157
11,167,229
11,171,502
11,172,485
11,174,207
11,176,241
11,177,219
11,183,26
11,188,190
11,192,435
11,197,3
11,222,1
11,230,570
11,237,506
11,253,146
11,260,317
11,261,17
11,266,506
11,273,541
11,275,298
11,300,28
12,2,362
12,3,507
12,5,436
12,6,126
12,7,529
12,8,388
12,9,567
12,11,93
12,13,138
12,16,170
12,18,196
12,19,280
12,20,9
12,22,540
12,23,239
12,26,191
12,28,503
12,29,52
12,31,469
12,33,407
12,34,561
12,35,174
12,38,220
12,39,128
12,40,463
12,44,310
12,48,45
12,50,414
12,58,303
12,60,273
12,61,578
12,63,217
12,64,588
12,66,234
12,68,308
12,70,588
12,73,252
12,74,490
12,76,512
12,78,549
12,81,354
12,82,61
12,90,448
12,92,31
12,102,378
12,103,554
12,110,573
12,114,197
12,116,345
12,128,552
12,133,61
12,134,525
12,149,393
12,153,429
12,158,378
12,163,335
12,175,515
12,182,383
12,188,338
12,202,196
12,208,266
12,217,554
12,221,86
12,229,83
12,230,582
12,233,298
12,249,294
12,250,129
12,264,561
12,265,485
12,273,148
12,289,239
12,291,344
12,300,122
13,3,479
13,4,245
13,6,56
13,8,219
13,10,120
13,11,373
13,12,138
13,14,302
13,16,285
13,18,394
13,19,21
13,20,528
13,21,172
13,26,226
13,27,194
13,28,21
13,29,242
13,31,281
13,32,266
13,36,507
13,38,277
13,39,414
13,41,38
13,44,442
13,46,270
13,47,572
13,50,383
13,51,219
13,52,502
13,59,360
13,61,379
13,63,172
13,65,358
13,66,398
13,67,587
13,68,504
13,70,458
13,73,186
13,74,79
13,75,209
13,78,230
13,79,3
13,80,430
13,82,278
13,84,581
13,86,400
13,88,347
13,89,218
13,92,460
13,97,300
13,99,73
13,104,51
13,125,162
13,130,111
13,133,578
13,134,472
13,144,196
13,146,196
13,155,464
13,160,448
13,164,37
13,172,91
13,189,256
13,190,230
13,191,42
13,197,579
13,199,378
13,217,384
13,231,60
13,233,486
13,242,551
13,244,363
13,258,582
13,268,349
13,288,106
13,300,435
14,1,239
14,2,73
14,3,225
14,4,575
14,5,354
14,6,306
14,7,319
14,10,526
14,13,302
14,15,203
14,18,272
14,19,104
14,23,573
14,25,255
14,29,150
14,30,96
14,32,326
14,33,502
14,34,402
14,35,48
14,36,428
14,38,209
14,40,414
14,41,188
14,42,377
14,43,315
14,44,481
14,45,108
14,47,555
14,48,428
14,49,163
14,54,274
14,56,270
14,59,420
14,63,68
14,64,256
14,66,231
14,71,245
14,75,99
14,78,416
14,79,123
14,83,55
14,84,96
14,85,133
14,87,81
14,103,249
14,112,274
14,114,569
14,115,56
14,119,120
14,125,581
14,126,57
14,130,309
14,132,502
14,133,359
14,143,130
14,145,322
14,155,485
14,161,113
14,167,508
14,171,549
14,173,368
14,175,88
14,182,592
14,184,558
14,185,473
14,190,287
14,191,208
14,193,255
14,197,503
14,198,547
14,200,152
14,209,584
14,210,518
14,215,181
14,227,353
14,230,587
14,231,578
14,240,93
14,241,231
14,246,189
14,249,10
14,250,375
14,251,416
14,252,244
14,263,201
14,275,164
14,286,528
14,294,54
15,1,234
15,2,119
15,5,12
15,6,64
15,7,538
15,9,49
15,10,519
15,11,18
15,14,203
15,17,465
15,19,314
15,20,497
15,21,488
15,22,182
15,23,505
15,24,122
15,25,212
15,27,351
15,29,237
15,30,484
15,31,526
15,34,527
15,37,510
15,41,178
15,44,438
15,47,331
15,51,597
15,53,198
15,54,207
15,56,378
15,60,215
15,64,185
15,65,428
15,70,218
15,71,218
15,72,250
15,76,104
15,79,350
15,83,13
15,84,9
15,87,148
15,92,504
15,93,148
15,95,550
15,98,27
15,100,491
15,112,401
15,116,494
15,121,21
15,124,268
15,127,322
15,130,253
15,138,10
15,143,24
15,150,408
15,152,198
15,153,485
15,155,10
15,156,592
15,158,26
15,160,448
15,161,13
15,163,490
15,164,336
15,176,96
15,178,69
15,199,199
15,206,196
15,214,333
15,233,219
15,240,38
15,246,511
15,252,136
15,256,272
15,260,92
15,266,587
15,271,215
15,290,255
15,297,487
16,1,600
16,2,468
16,3,372
16,4,321
16,5,461
16,7,214
16,8,196
16,9,345
16,11,385
16,12,170
16,13,285
16,17,184
16,19,363
16,21,85
16,23,535
16,24,49
16,25,170
16,26,600
16,27,479
16,29,420
16,32,518
16,33,597
16,34,598
16,35,142
16,36,119
16,39,38
16,40,234
16,41,9
16,46,53
16,48,282
16,49,20
16,50,112
16,52,10
16,56,521
16,58,245
16,59,43
16,62,212
16,65,550
16,71,148
16,74,568
16,76,340
16,78,93
16,80,386
16,84,38
16,88,131
16,92,351
16,98,66
16,99,435
16,101,465
16,108,434
16,112,359
16,113,317
16,115,456
16,121,417
16,126,284
16,129,486
16,132,529
16,133,28
16,134,302
16,142,255
16,148,250
16,149,420
16,154,101
16,155,56
16,157,585
16,162,21
16,166,504
16,167,60
16,170,410
16,171,238
16,180,355
16,186,215
16,197,373
16,209,410
16,213,545
16,216,557
16,229,320
16,236,10
16,240,462
16,242,157
16,243,414
16,252,502
16,260,105
16,261,218
16,272,429
16,277,487
16,288,478
16,289,113
16,299,162
17,1,588
17,2,329
17,3,258
17,6,306
17,7,274
17,10,467
17,11,393
17,15,465
17,16,184
17,20,579
17,22,545
17,25,455
17,26,569
17,27,317
17,29,439
17,30,441
17,31,393
17,34,213
17,35,478
17,36,44
17,38,210
17,39,96
17,48,10
17,49,361
17,50,561
17,51,549
17,57,137
17,61,538
17,62,517
17,64,298
17,65,399
17,68,93
17,72,230
17,73,124
17,74,394
17,75,132
17,77,372
17,78,447
17,79,57
17,80,449
17,83,202
17,85,310
17,86,593
17,92,302
17,97,460
17,99,114
17,104,508
17,108,354
17,114,521
17,117,253
17,122,550
17,124,353
17,136,227
17,137,181
17,142,496
17,153,214
17,155,460
17,157,334
17,169,241
17,177,125
17,200,211
17,204,42
17,209,365
17,210,41
17,220,329
17,226,541
17,230,515
17,232,81
17,240,168
17,241,233
17,248,563
17,250,574
17,261,12
17,263,498
17,266,304
17,271,202
17,280,248
17,286,129
17,300,452
18,2,522
18,3,589
18,5,254
18,6,569
18,7,568
18,8,561
18,9,181
18,12,196
18,13,394
18,14,272
18,20,168
18,21,409
18,24,2
18,25,191
18,26,582
18,30,405
18,31,41
18,32,378
18,33,427
18,34,147
18,36,355
18,37,83
18,40,3
18,42,270
18,43,388
18,44,286
18,45,366
18,46,150
18,48,144
18,51,13
18,52,455
18,53,138
18,54,423
18,57,590
18,59,22
18,61,378
18,63,260
18,66,251
18,67,499
18,69,36
18,72,319
18,73,343
18,81,528
18,87,59
18,89,400
18,90,480
18,91,309
18,96,394
18,104,136
18,109,592
18,121,420
18,134,302
18,135,238
18,136,355
18,140,305
18,141,427
18,151,558
18,161,21
18,162,127
18,173,87
18,177,105
18,179,157
18,181,62
18,196,237
18,201,27
18,205,535
18,212,547
18,229,575
18,234,7
18,258,5
18,268,533
18,271,122
18,277,207
18,289,36
18,293,34
18,300,259
19,1,382
19,4,70
19,5,373
19,6,275
19,8,140
19,11,68
19,12,280
19,13,21
19,14,104
19,15,314
19,16,363
19,20,221
19,21,25
19,23,89
19,24,217
19,25,121
19,26,359
19,28,374
19,29,491
19,32,464
19,34,161
19,36,67
19,39,592
19,40,511
19,41,136
19,43,263
19,46,213
19,49,265
19,50,143
19,53,170
19,56,355
19,59,333
19,61,339
19,62,437
19,64,271
19,66,548
19,68,200
19,69,590
19,72,586
19,73,468
19,75,32
19,76,424
19,77,308
19,78,331
19,79,411
19,80,114
19,87,51
19,88,355
19,90,481
19,93,215
19,94,503
19,100,522
19,102,84
19,108,234
19,110,592
19,116,232
19,119,302
19,126,89
19,128,349
19,133,293
19,134,473
19,136,280
19,138,96
19,153,222
19,155,482
19,159,386
19,164,61
19,165,325
19,176,492
19,181,407
19,189,299
19,190,83
19,208,281
19,209,33
19,220,490
19,228,185
19,231,140
19,248,408
19,256,238
19,278,343
19,280,65
19,287,270
20,2,265
20,3,431
20,5,484
20,6,361
20,7,593
20,9,526
20,11,223
20,12,9
20,13,528
20,15,497
20,17,579
20,18,168
20,19,221
20,21,234
20,22,261
20,26,311
20,27,469
20,29,46
20,32,19
20,33,385
20,34,381
20,35,122
20,36,544
20,37,379
20,38,75
20,41,419
20,44,473
20,46,140
20,48,396
20,49,555
20,50,147
20,53,24
20,54,381
20,56,310
20,57,385
20,58,411
20,59,575
20,61,595
20,63,461
20,65,32
20,66,411
20,67,435
20,68,291
20,71,301
20,73,528
20,75,408
20,77,578
20,79,334
20,85,77
20,87,596
20,90,307
20,94,532
20,104,512
20,105,19
20,111,372
20,113,291
20,127,144
20,128,89
20,129,270
20,137,374
20,145,411
20,150,298
20,154,359
20,155,377
20,183,171
20,185,437
20,195,56
20,200,46
20,207,458
20,210,297
20,216,387
20,229,349
20,232,1
20,242,437
20,245,393
20,247,408
20,253,218
20,259,283
20,264,464
20,288,599
20,298,144
21,1,78
21,3,224
21,4,463
21,5,23
21,7,169
21,9,218
21,10,379
21,11,287
21,13,172
21,15,488
21,16,85
21,18,409
21,19,25
21,20,234
21,22,535
21,23,491
21,25,585
21,28,496
21,29,311
21,30,279
21,31,474
21,32,115
21,33,311
21,35,256
21,37,543
21,39,187
21,40,464
21,41,451
21,42,64
21,43,145
21,45,398
21,46,597
21,48,49
21,49,278
21,51,556
21,53,10
21,54,340
21,56,485
21,57,235
21,59,453
21,63,419
21,66,560
21,68,10
21,69,295
21,71,371
21,73,458
21,74,338
21,76,291
21,78,524
21,80,291
21,81,149
21,85,327
21,97,33
21,102,391
21,107,464
21,109,165
21,110,73
21,117,404
21,118,468
21,120,216
21,121,320
21,123,111
21,124,455
21,134,578
21,140,94
21,152,263
21,172,140
21,175,223
21,176,141
21,177,567
21,179,577
21,184,108
21,187,457
21,189,459
21,194,162
21,197,364
21,212,435
21,219,538
21,223,267
21,226,375
21,258,468
21,261,116
21,262,507
22,1,397
22,3,388
22,5,112
22,6,173
22,7,394
22,9,211
22,11,507
22,12,540
22,15,182
22,17,545
22,20,261
22,21,535
22,23,314
22,24,462
22,26,479
22,27,481
22,28,212
22,29,503
22,31,133
22,33,418
22,36,70
22,37,410
22,38,487
22,39,49
22,41,559
22,43,40
22,44,72
22,46,176
22,47,513
22,48,124
22,49,133
22,50,443
22,52,498
22,55,304
22,56,105
22,57,490
22,58,423
22,59,101
22,60,450
22,63,17
22,65,93
22,66,567
22,67,193
22,68,111
22,69,440
22,70,116
22,74,149
22,75,465
22,76,134
22,79,534
22,80,505
22,82,141
22,85,535
22,87,55
22,90,129
22,91,549
22,95,141
22,97,253
22,103,208
22,105,58
22,109,488
22,117,45
22,122,428
22,127,44
22,129,230
22,132,401
22,141,81
22,142,225
22,147,139
22,151,471
22,159,383
22,162,103
22,179,27
22,184,64
22,189,274
22,195,330
22,201,418
22,210,48
22,211,112
22,214,139
22,217,507
22,224,460
22,233,280
22,239,557
22,243,496
22,257,487
22,258,19
22,273,116
22,284,539
22,287,394
22,294,335
22,295,410
23,2,505
23,3,356
23,6,364
23,8,193
23,9,387
23,10,264
23,11,434
23,12,239
23,14,573
23,15,505
23,16,535
23,19,89
23,21,491
23,22,314
23,27,217
23,28,196
23,30,143
23,33,228
23,34,212
23,36,47
23,38,168
23,40,148
23,41,348
23,42,18
23,43,190
23,44,390
23,46,405
23,47,294
23,49,288
23,53,294
23,55,121
23,57,206
23,62,264
23,63,191
23,64,562
23,69,308
23,70,474
23,73,536
23,76,476
23,77,201
23,79,206
23,81,179
23,82,597
23,83,530
23,86,231
23,90,108
23,97,294
23,103,15
23,104,186
23,106,260
23,109,240
23,135,465
23,137,327
23,142,111
23,143,409
23,146,330
23,147,289
23,150,322
23,158,591
23,167,392
23,168,51
23,174,63
23,175,414
23,178,493
23,181,209
23,201,211
23,210,70
23,215,544
23,221,470
23,226,412
23,228,372
23,232,245
23,241,506
23,250,562
23,258,192
23,261,419
23,266,207
23,268,161
23,274,336
23,281,236
23,283,166
23,289,491
23,293,384
24,1,95
24,4,292
24,5,394
24,7,36
24,8,101
24,9,74
24,10,115
24,11,59
24,15,122
24,16,49
24,18,2
24,19,217
24,22,462
24,25,204
24,26,99
24,27,128
24,28,532
24,30,501
24,32,228
24,34,273
24,36,515
24,37,508
24,38,438
24,40,222
24,43,336
24,44,316
24,47,178
24,49,290
24,51,33
24,52,418
24,53,222
24,55,167
24,57,403
24,59,534
24,61,153
24,62,304
24,65,155
24,69,564
24,71,200
24,75,486
24,79,568
24,80,520
24,81,480
24,82,145
24,85,159
24,86,553
24,87,214
24,92,226
24,94,78
24,103,423
24,106,489
24,108,338
24,112,58
24,114,257
24,118,238
24,122,431
24,131,127
24,133,268
24,134,37
24,135,267
24,143,536
24,146,409
24,152,54
24,153,527
24,158,246
24,179,232
24,181,299
24,184,394
24,186,91
24,187,287
24,190,379
24,201,553
24,211,200
24,212,429
24,216,273
24,229,466
24,235,511
24,237,562
24,242,407
24,243,58
24,249,462
24,251,571
24,258,412
24,259,99
24,274,129
24,277,534
25,1,564
25,3,506
25,4,262
25,6,95
25,7,350
25,8,138
25,9,119
25,11,319
25,14,255
25,15,212
25,16,170
25,17,455
25,18,191
25,19,121
25,21,585
25,24,204
25,28,389
25,30,393
25,33,597
25,34,479
25,36,59
25,38,174
25,39,51
25,42,472
25,43,434
25,44,96
25,45,400
25,46,305
25,47,127
25,56,258
25,57,501
25,61,515
25,64,564
25,65,582
25,69,131
25,71,76
25,73,483
25,76,581
25,81,471
25,83,580
25,84,343
25,98,368
25,102,36
25,106,497
25,110,54
25,112,461
25,115,314
25,117,68
25,122,577
25,125,474
25,126,274
25,127,6
25,128,126
25,136,555
25,137,599
25,140,299
25,147,213
25,151,528
25,152,178
25,154,220
25,155,596
25,156,277
25,174,454
25,182,365
25,187,203
25,190,241
25,203,531
25,235,31
25,238,41
25,243,556
25,248,93
25,268,44
25,276,200
25,285,411
25,287,591
25,291,118
25,297,589
26,1,76
26,2,449
26,3,210
26,5,444
26,8,268
26,11,178
26,12,191
26,13,226
26,16,600
26,17,569
26,18,582
26,19,359
26,20,311
26,22,479
26,24,99
26,27,424
26,28,427
26,31,573
26,32,74
26,33,408
26,34,466
26,35,410
26,36,211
26,38,102
26,39,524
26,40,213
26,41,194
26,44,277
26,45,18
26,46,494
26,48,109
26,49,159
26,52,513
26,53,239
26,54,110
26,55,559
26,57,465
26,58,221
26,59,165
26,62,361
26,65,376
26,67,562
26,69,90
26,71,70
26,74,369
26,75,421
26,77,334
26,80,84
26,81,502
26,83,84
26,92,321
26,93,589
26,107,48
26,113,583
26,116,214
26,117,289
26,121,397
26,129,110
26,130,405
26,138,286
26,139,78
26,145,357
26,153,17
26,156,393
26,160,407
26,161,409
26,165,135
26,167,201
26,169,198
26,185,112
26,196,323
26,203,354
26,205,329
26,212,340
26,220,219
26,223,545
26,227,331
26,228,256
26,231,272
26,245,47
26,255,124
26,296,293
27,1,443
27,2,197
27,3,110
27,4,384
27,6,276
27,7,516
27,8,393
27,9,219
27,10,120
27,13,194
27,15,351
27,16,479
27,17,317
27,20,469
27,22,481
27,23,217
27,24,128
27,26,424
27,28,228
27,30,118
27,33,310
27,35,440
27,36,61
27,42,488
27,45,85
27,46,49
27,48,371
27,49,51
27,52,571
27,54,165
27,55,358
27,56,457
27,57,526
27,60,434
27,63,74
27,64,280
27,67,506
27,68,177
27,71,30
27,73,563
27,77,514
27,96,524
27,102,426
27,114,443
27,115,26
27,120,44
27,123,324
27,125,338
27,127,500
27,130,293
27,132,299
27,143,278
27,145,408
27,155,119
27,164,504
27,165,491
27,168,419
27,171,59
27,174,534
27,179,131
27,181,398
27,186,529
27,197,331
27,204,454
27,207,220
27,211,513
27,221,519
27,223,77
27,243,583
27,249,526
27,263,423
27,269,195
27,285,556
27,286,109
28,1,584
28,5,395
28,6,357
28,7,82
28,9,332
28,12,503
28,13,21
28,19,374
28,21,496
28,22,212
28,23,196
28,24,532
28,25,389
28,26,427
28,27,228
28,29,345
28,31,460
28,35,60
28,36,294
28,37,161
28,39,531
28,40,547
28,43,578
28,45,37
28,46,251
28,47,232
28,48,249
28,52,530
28,55,258
28,56,237
28,58,396
28,59,342
28,66,305
28,67,480
28,72,552
28,75,524
28,77,454
28,79,319
28,82,542
28,88,443
28,89,492
28,94,355
28,98,1
28,99,362
28,100,552
28,103,382
28,111,174
28,115,541
28,116,233
28,118,42
28,121,521
28,123,156
28,125,578
28,133,583
28,135,269
28,138,393
28,144,342
28,145,59
28,151,73
28,153,151
28,154,310
28,159,505
28,166,372
28,171,268
28,193,330
28,196,376
28,198,177
28,200,336
28,207,555
28,222,152
28,242,214
28,249,12
28,265,428
28,279,175
28,287,466
28,298,502
29,2,584
29,4,474
29,5,425
29,6,443
29,8,108
29,10,597
29,12,52
29,13,242
29,14,150
29,15,237
29,16,420
29,17,439
29,19,491
29,20,46
29,21,311
29,22,503
29,28,345
29,31,316
29,36,274
29,38,42
29,39,380
29,42,446
29,43,599
29,45,488
29,46,237
29,47,274
29,48,166
29,51,301
29,52,255
29,53,540
29,55,29
29,61,364
29,64,482
29,69,103
29,70,151
29,71,580
29,76,183
29,78,455
29,81,91
29,82,536
29,86,131
29,87,273
29,90,123
29,91,477
29,94,412
29,95,46
29,96,526
29,97,324
29,98,259
29,103,252
29,105,412
29,112,537
29,126,135
29,130,346
29,132,391
29,135,496
29,137,319
29,141,577
29,149,478
29,157,64
29,170,482
29,182,556
29,186,171
29,188,218
29,197,579
29,205,306
29,210,324
29,211,177
29,216,505
29,218,259
29,224,320
29,226,313
29,229,204
29,236,593
29,257,106
29,272,16
29,294,402
29,297,32
30,1,441
30,3,89
30,5,309
30,6,356
30,7,81
30,9,73
30,10,535
30,11,14
30,14,96
30,15,484
30,17,441
30,18,405
30,21,279
30,23,143
30,24,501
30,25,393
30,27,118
30,31,490
30,32,537
30,33,83
30,34,170
30,35,395
30,36,70
30,37,114
30,38,160
30,40,170
30,41,230
30,42,493
30,46,393
30,48,101
30,49,263
30,50,211
30,51,191
30,55,119
30,56,562
30,58,47
30,60,302
30,63,456
30,65,426
30,67,467
30,70,172
30,71,479
30,73,564
30,76,430
30,77,41
30,80,371
30,84,394
30,85,209
30,89,89
30,90,255
30,107,199
30,113,433
30,121,148
30,122,65
30,124,195
30,132,144
30,135,379
30,138,348
30,152,534
30,157,563
30,158,282
30,159,86
30,163,275
30,168,160
30,178,401
30,179,97
30,180,349
30,190,432
30,191,119
30,192,310
30,198,434
30,200,261
30,204,430
30,207,162
30,219,123
30,224,548
30,241,485
30,251,81
30,252,568
30,271,45
30,277,44
30,293,381
30,297,313
31,1,412
31,2,92
31,3,136
31,6,500
31,8,196
31,10,325
31,11,284
31,12,469
31,13,281
31,15,526
31,17,393
31,18,41
31,21,474
31,22,133
31,26,573
31,28,460
31,29,316
31,30,490
31,32,160
31,33,252
31,36,311
31,37,408
31,38,455
31,40,139
31,42,551
31,44,536
31,45,141
31,46,42
31,50,376
31,59,31
31,61,332
31,62,317
31,63,388
31,68,263
31,69,377
31,70,90
31,72,50
31,74,526
31,76,403
31,78,26
31,79,337
31,85,200
31,92,64
31,94,579
31,95,451
31,98,227
31,111,329
31,126,21
31,135,229
31,149,9
31,153,535
31,156,110
31,159,154
31,167,588
31,169,167
31,172,223
31,191,423
31,195,408
31,199,302
31,210,228
31,216,254
31,220,190
31,227,131
31,229,503
31,238,354
31,244,276
31,245,83
31,249,225
31,256,214
31,272,212
31,278,409
31,279,207
31,288,234
31,291,292
31,293,44
31,298,11
32,1,550
32,3,39
32,4,277
32,5,508
32,6,13
32,7,336
32,8,87
32,9,33
32,13,266
32,14,326
32,16,518
32,18,378
32,19,464
32,20,19
32,21,115
32,24,228
32,26,74
32,30,537
32,31,160
32,33,269
32,35,456
32,36,227
32,37,153
32,41,377
32,44,89
32,45,280
32,48,215
32,54,345
32,55,461
32,57,508
32,63,553
32,65,485
32,72,387
32,78,517
32,82,401
32,83,381
32,85,160
32,93,12
32,99,131
32,117,208
32,120,331
32,122,155
32,123,448
32,128,535
32,131,68
32,132,273
32,134,158
32,135,26
32,143,269
32,151,303
32,152,482
32,160,346
32,163,570
32,167,147
32,168,77
32,185,359
32,188,414
32,198,32
32,199,282
32,205,159
32,207,21
32,215,130
32,228,365
32,258,478
32,263,600
32,265,299
32,276,260
32,284,586
32,293,404
33,4,197
33,6,173
33,8,109
33,9,459
33,10,239
33,12,407
33,14,502
33,16,597
33,18,427
33,20,385
33,21,311
33,22,418
33,23,228
33,25,597
33,26,408
33,27,310
33,30,83
33,31,252
33,32,269
33,35,290
33,40,149
33,41,275
33,42,553
33,43,216
33,44,274
33,46,181
33,47,553
33,48,127
33,50,236
33,52,545
33,54,47
33,55,430
33,56,185
33,58,277
33,59,241
33,61,476
33,66,156
33,68,194
33,70,269
33,73,124
33,74,514
33,75,325
33,77,299
33,78,527
33,80,370
33,85,485
33,88,527
33,91,367
33,98,489
33,117,76
33,119,397
33,129,572
33,135,591
33,136,189
33,139,166
33,146,506
33,148,536
33,149,437
33,151,27
33,154,407
33,159,192
33,160,293
33,162,498
33,171,67
33,187,138
33,189,359
33,199,383
33,208,52
33,234,147
33,244,418
33,255,397
33,260,242
33,269,294
33,275,272
33,276,224
33,277,477
33,285,160
33,299,156
34,1,70
34,3,239
34,4,455
34,5,312
34,6,193
34,7,147
34,8,385
34,9,128
34,11,541
34,12,561
34,14,402
34,15,527
34,16,598
34,17,213
34,18,147
34,19,161
34,20,381
34,23,212
34,24,273
34,25,479
34,26,466
34,30,170
34,35,402
34,36,189
34,37,365
34,39,516
34,40,509
34,41,234
34,43,176
34,47,121
34,48,546
34,52,578
34,53,420
34,55,492
34,57,33
34,60,134
34,63,91
34,65,425
34,67,373
34,69,95
34,73,384
34,76,173
34,78,74
34,85,252
34,86,78
34,89,550
34,93,226
34,95,170
34,100,59
34,102,287
34,103,596
34,105,318
34,119,158
34,121,290
34,123,418
34,124,539
34,154,335
34,156,311
34,158,103
34,178,249
34,180,585
34,188,134
34,216,426
34,217,345
34,231,183
34,240,285
34,245,32
34,268,457
34,279,76
34,283,485
34,285,61
34,290,182
34,291,518
35,2,554
35,4,355
35,6,339
35,7,377
35,10,42
35,11,155
35,12,174
35,14,48
35,16,142
35,17,478
35,20,122
35,21,256
35,26,410
35,27,440
35,28,60
35,30,395
35,32,456
35,33,290
35,34,402
35,36,170
35,37,411
35,38,570
35,43,419
35,44,577
35,59,446
35,61,575
35,64,558
35,72,444
35,73,390
35,76,568
35,77,328
35,80,310
35,84,466
35,86,427
35,88,23
35,92,81
35,95,229
35,96,233
35,99,542
35,100,219
35,107,433
35,108,85
35,109,157
35,111,251
35,112,568
35,119,356
35,127,47
35,129,137
35,149,290
35,157,527
35,162,46
35,163,390
35,165,160
35,167,313
35,171,214
35,181,231
35,185,358
35,187,437
35,188,551
35,189,206
35,194,37
35,200,565
35,210,36
35,220,214
35,221,110
35,231,567
35,247,428
35,277,522
35,284,484
35,289,127
35,295,76
35,300,52
36,1,10
36,3,522
36,4,173
36,7,370
36,8,122
36,10,573
36,13,507
36,14,428
36,16,119
36,17,44
36,18,355
36,19,67
36,20,544
36,22,70
36,23,47
36,24,515
36,25,59
36,26,211
36,27,61
36,28,294
36,29,274
36,30,70
36,31,311
36,32,227
36,34,189
36,35,170
36,39,478
36,40,26
36,41,308
36,42,551
36,45,151
36,47,262
36,49,546
36,50,239
36,52,443
36,57,29
36,60,556
36,62,99
36,63,369
36,75,309
36,79,143
36,80,162
36,81,91
36,82,3
36,85,568
36,86,367
36,90,179
36,92,92
36,93,547
36,95,137
36,97,182
36,103,118
36,105,65
36,106,134
36,107,533
36,110,106
36,116,30
36,117,543
36,120,163
36,125,248
36,127,37
36,130,367
36,132,596
36,136,183
36,138,386
36,140,90
36,154,383
36,155,477
36,158,488
36,162,115
36,167,107
36,170,35
36,180,448
36,181,577
36,182,38
36,189,452
36,199,75
36,204,221
36,206,532
36,210,496
36,211,48
36,218,478
36,243,464
36,248,209
36,249,5
36,257,272
36,261,71
36,263,558
36,264,35
36,266,344
36,281,406
36,284,156
37,1,304
37,2,121
37,3,146
37,4,233
37,7,180
37,8,561
37,9,65
37,15,510
37,18,83
37,20,379
37,21,543
37,22,410
37,24,508
37,28,161
37,30,114
37,31,408
37,32,153
37,34,365
37,35,411
37,38,7
37,39,431
37,40,217
37,41,491
37,43,261
37,44,265
37,45,590
37,47,329
37,48,527
37,49,581
37,51,437
37,55,351
37,59,308
37,66,286
37,68,127
37,73,150
37,76,304
37,77,85
37,83,311
37,84,585
37,85,395
37,89,548
37,94,166
37,100,483
37,101,259
37,103,480
37,104,83
37,107,243
37,111,459
37,117,418
37,120,93
37,125,185
37,127,444
37,130,403
37,135,587
37,138,238
37,141,261
37,143,287
37,151,259
37,154,287
37,157,140
37,166,268
37,168,347
37,170,325
37,175,485
37,177,183
37,178,426
37,190,297
37,195,224
37,200,485
37,201,542
37,207,204
37,208,533
37,209,438
37,216,444
37,218,253
37,220,295
37,238,570
37,247,348
37,253,376
37,257,322
37,261,341
37,282,6
37,285,587
37,288,202
37,291,179
37,298,463
38,2,330
38,3,131
38,6,22
38,7,582
38,10,21
38,11,528
38,12,220
38,13,277
38,14,209
38,17,210
38,20,75
38,22,487
38,23,168
38,24,438
38,25,174
38,26,102
38,29,42
38,30,160
38,31,455
38,35,570
38,37,7
38,39,233
38,40,137
38,41,281
38,43,34
38,45,144
38,47,300
38,48,146
38,49,285
38,50,511
38,51,138
38,54,396
38,56,301
38,63,337
38,64,342
38,66,514
38,67,561
38,70,160
38,72,21
38,75,394
38,80,473
38,81,486
38,83,198
38,84,345
38,85,106
38,87,277
38,93,411
38,97,183
38,105,598
38,109,379
38,119,418
38,120,440
38,127,145
38,128,300
38,131,312
38,137,567
38,140,128
38,145,152
38,146,390
38,149,526
38,154,551
38,155,414
38,159,423
38,161,165
38,162,262
38,167,439
38,182,34
38,186,177
38,188,573
38,194,143
38,201,475
38,203,522
38,210,587
38,214,217
38,218,90
38,220,237
38,228,230
38,284,357
39,2,218
39,3,421
39,4,168
39,5,196
39,6,581
39,8,428
39,11,291
39,12,128
39,13,414
39,16,38
39,17,96
39,19,592
39,21,187
39,22,49
39,25,51
39,26,524
39,28,531
39,29,380
39,34,516
39,36,478
39,37,431
39,38,233
39,40,135
39,44,101
39,46,119
39,48,184
39,50,275
39,51,131
39,52,372
39,53,515
39,58,560
39,63,11
39,64,150
39,65,272
39,67,32
39,68,462
39,70,210
39,77,291
39,79,568
39,80,227
39,81,398
39,82,567
39,84,597
39,90,178
39,91,120
39,96,221
39,97,106
39,98,265
39,103,148
39,104,8
39,105,390
39,109,170
39,113,317
39,114,165
39,116,264
39,122,171
39,123,97
39,127,500
39,137,295
39,141,357
39,154,331
39,158,167
39,167,364
39,169,337
39,171,489
39,184,448
39,185,141
39,188,221
39,189,316
39,213,193
39,215,223
39,226,348
39,233,298
39,243,420
39,248,520
39,256,514
39,261,460
39,264,596
39,286,443
39,290,74
39,291,357
39,292,42
39,294,465
40,1,287
40,3,494
40,4,419
40,5,383
40,11,84
40,12,463
40,14,414
40,16,234
40,18,3
40,19,511
40,21,464
40,23,148
40,24,222
40,26,213
40,28,547
40,30,170
40,31,139
40,33,149
40,34,509
40,36,26
40,37,217
40,38,137
40,39,135
40,41,303
40,42,30
40,43,110
40,45,161
40,48,333
40,53,436
40,55,64
40,56,449
40,57,592
40,59,188
40,60,430
40,62,455
40,64,39
40,67,341
40,68,213
40,72,222
40,73,124
40,74,443
40,75,395
40,78,492
40,89,374
40,95,546
40,96,164
40,97,176
40,104,138
40,117,209
40,121,291
40,123,188
40,124,56
40,128,420
40,131,322
40,139,183
40,148,51
40,149,145
40,161,142
40,167,130
40,169,13
40,177,499
40,183,61
40,187,337
40,189,62
40,192,595
40,200,164
40,220,270
40,224,181
40,227,200
40,228,177
40,231,525
40,238,446
40,239,450
40,262,366
40,274,11
41,2,474
41,3,41
41,5,197
41,6,424
41,7,179
41,8,223
41,13,38
41,14,188
41,15,178
41,16,9
41,19,136
41,20,419
41,21,451
41,22,559
41,23,348
41,26,194
41,30,230
41,32,377
41,33,275
41,34,234
41,36,308
41,37,491
41,38,281
41,40,303
41,42,312
41,43,540
41,44,356
41,45,208
41,47,266
41,49,8
41,52,141
41,53,353
41,55,290
41,58,269
41,60,474
41,61,76
41,62,222
41,65,53
41,69,477
41,71,489
41,76,321
41,83,187
41,84,115
41,87,204
41,92,55
41,95,9
41,97,377
41,99,266
41,100,48
41,102,299
41,104,578
41,105,520
41,106,582
41,112,485
41,114,96
41,118,219
41,122,56
41,124,155
41,128,140
41,134,160
41,137,389
41,142,329
41,146,254
41,156,549
41,157,311
41,162,570
41,176,285
41,181,266
41,186,506
41,187,462
41,188,456
41,191,581
41,192,128
41,198,224
41,199,567
41,201,437
41,202,510
41,207,6
41,226,312
41,229,8
41,239,39
41,242,581
41,261,291
41,271,36
41,273,242
41,299,398
42,1,162
42,3,481
42,4,59
42,5,448
42,7,528
42,8,46
42,9,254
42,11,69
42,14,377
42,18,270
42,21,64
42,23,18
42,25,472
42,27,488
42,29,446
42,30,493
42,31,551
42,33,553
42,36,551
42,40,30
42,41,312
42,43,343
42,45,90
42,46,322
42,51,400
42,54,237
42,55,339
42,59,593
42,62,222
42,65,346
42,67,3
42,74,468
42,81,472
42,84,232
42,88,487
42,90,227
42,95,502
42,96,427
42,97,288
42,101,22
42,102,369
42,116,523
42,124,90
42,126,224
42,130,479
42,139,456
42,147,296
42,150,296
42,153,110
42,161,277
42,162,559
42,164,373
42,165,387
42,167,242
42,176,72
42,188,281
42,201,490
42,203,24
42,216,162
42,221,52
42,234,371
42,250,372
42,292,133
42,294,271
43,2,433
43,4,586
43,6,255
43,10,376
43,11,432
43,14,315
43,18,388
43,19,263
43,21,145
43,22,40
43,23,190
43,24,336
43,25,434
43,28,578
43,29,599
43,33,216
43,34,176
43,35,419
43,37,261
43,38,34
43,40,110
43,41,540
43,42,343
43,46,257
43,49,177
43,50,444
43,51,240
43,55,381
43,56,493
43,58,565
43,59,108
43,62,37
43,63,41
43,67,594
43,68,202
43,72,137
43,74,360
43,75,268
43,76,415
43,88,545
43,91,470
43,94,520
43,98,140
43,101,407
43,105,195
43,106,522
43,107,97
43,113,84
43,119,143
43,121,562
43,122,221
43,124,290
43,125,435
43,126,538
43,134,190
43,137,392
43,143,304
43,148,205
43,153,580
43,159,268
43,167,246
43,174,261
43,183,246
43,185,314
43,191,149
43,196,189
43,198,453
43,211,542
43,215,105
43,222,63
43,239,85
43,240,271
43,241,474
43,243,490
43,246,461
43,254,153
43,267,273
43,268,153
43,299,196
44,2,427
44,4,283
44,5,553
44,8,501
44,11,76
44,12,310
44,13,442
44,14,481
44,15,438
44,18,286
44,20,473
44,22,72
44,23,390
44,24,316
44,25,96
44,26,277
44,31,536
44,32,89
44,33,274
44,35,577
44,37,265
44,39,101
44,41,356
44,45,35
44,48,11
44,49,213
44,50,208
44,51,149
44,52,217
44,60,352
44,65,206
44,68,250
44,71,500
44,73,275
44,76,68
44,81,64
44,82,10
44,86,495
44,87,228
44,91,113
44,94,31
44,99,420
44,104,24
44,105,22
44,114,394
44,117,578
44,127,343
44,128,447
44,133,367
44,147,546
44,150,570
44,155,279
44,161,511
44,163,409
44,167,422
44,170,581
44,181,427
44,183,77
44,185,284
44,215,124
44,222,265
44,229,194
44,232,52
44,253,387
44,254,443
44,262,440
44,274,336
45,4,204
45,5,179
45,8,467
45,10,173
45,14,108
45,18,366
45,21,398
45,25,400
45,26,18
45,27,85
45,28,37
45,29,488
45,31,141
45,32,280
45,36,151
45,37,590
45,38,144
45,40,161
45,41,208
45,42,90
45,44,35
45,46,440
45,50,51
45,51,416
45,53,214
45,54,96
45,58,542
45,61,93
45,64,345
45,65,456
45,66,135
45,71,461
45,73,350
45,78,230
45,81,221
45,87,342
45,90,452
45,91,139
45,95,191
45,96,208
45,97,129
45,101,14
45,107,366
45,108,249
45,113,14
45,116,298
45,119,583
45,120,390
45,129,535
45,131,125
45,133,349
45,137,165
45,144,135
45,145,91
45,148,489
45,149,344
45,150,450
45,162,543
45,168,49
45,180,361
45,183,345
45,202,307
45,218,171
45,222,491
45,228,342
45,230,455
45,233,157
45,238,352
45,240,430
45,242,102
45,256,122
45,263,207
45,268,185
45,286,199
46,3,439
46,4,448
46,7,144
46,8,496
46,9,256
46,13,270
46,16,53
46,18,150
46,19,213
46,20,140
46,21,597
46,22,176
46,23,405
46,25,305
46,26,494
46,27,49
46,28,251
46,29,237
46,30,393
46,31,42
46,33,181
46,39,119
46,42,322
46,43,257
46,45,440
46,47,406
46,48,135
46,50,270
46,55,439
46,56,595
46,58,137
46,60,76
46,64,437
46,65,284
46,67,216
46,68,189
46,72,286
46,74,217
46,78,385
46,81,324
46,82,298
46,83,565
46,86,422
46,88,358
46,93,438
46,94,543
46,99,188
46,100,405
46,101,241
46,113,569
46,121,370
46,122,49
46,124,266
46,125,212
46,127,276
46,129,183
46,134,401
46,141,117
46,149,452
46,156,302
46,159,57
46,165,28
46,172,401
46,185,134
46,190,456
46,209,442
46,211,1
46,218,71
46,229,287
46,235,254
46,236,231
46,244,359
46,247,496
46,257,253
46,265,526
46,267,110
46,275,391
46,290,49
46,291,54
46,294,330
46,299,112
47,1,582
47,2,283
47,4,393
47,5,583
47,7,88
47,8,443
47,9,335
47,13,572
47,14,555
47,15,331
47,22,513
47,23,294
47,24,178
47,25,127
47,28,232
47,29,274
47,33,553
47,34,121
47,36,262
47,37,329
47,38,300
47,41,266
47,46,406
47,48,126
47,49,498
47,53,59
47,56,388
47,60,83
47,65,527
47,67,312
47,71,473
47,74,552
47,75,220
47,76,530
47,77,81
47,79,92
47,80,51
47,84,393
47,87,275
47,93,460
47,94,468
47,96,180
47,98,404
47,100,31
47,101,109
47,105,67
47,108,259
47,114,552
47,115,242
47,116,516
47,118,94
47,119,177
47,123,466
47,124,185
47,137,230
47,139,262
47,143,136
47,144,338
47,151,376
47,152,33
47,156,202
47,160,375
47,165,396
47,170,519
47,171,442
47,173,53
47,174,31
47,175,205
47,214,568
47,215,38
47,217,165
47,231,343
47,247,3
47,249,559
47,254,287
47,265,349
47,275,562
47,278,161
48,1,150
48,4,395
48,6,251
48,11,109
48,12,45
48,14,428
48,16,282
48,17,10
48,18,144
48,20,396
48,21,49
48,22,124
48,26,109
48,27,371
48,28,249
48,29,166
48,30,101
48,32,215
48,33,127
48,34,546
48,37,527
48,38,146
48,39,184
48,40,333
48,44,11
48,46,135
48,47,126
48,50,502
48,57,186
48,58,376
48,62,302
48,64,563
48,66,218
48,72,323
48,76,1
48,78,456
48,82,425
48,86,67
48,90,502
48,92,59
48,95,107
48,96,503
48,100,444
48,102,480
48,103,108
48,106,65
48,109,254
48,110,157
48,112,261
48,113,324
48,123,197
48,125,543
48,129,117
48,135,480
48,139,63
48,152,270
48,155,142
48,157,516
48,159,365
48,160,181
48,163,283
48,166,124
48,167,176
48,169,411
48,171,563
48,173,212
48,186,1
48,192,377
48,201,560
48,206,432
48,210,346
48,221,43
48,239,350
48,240,340
48,254,273
48,255,206
48,261,559
48,285,126
48,299,23
49,2,358
49,4,35
49,5,315
49,6,104
49,7,273
49,14,163
49,16,20
49,17,361
49,19,265
49,20,555
49,21,278
49,22,133
49,23,288
49,24,290
49,26,159
49,27,51
49,30,263
49,36,546
49,37,581
49,38,285
49,41,8
49,43,177
49,44,213
49,47,498
49,50,212
49,51,325
49,54,71
49,57,391
49,58,567
49,59,334
49,62,534
49,64,531
49,65,290
49,66,33
49,67,24
49,69,136
49,76,74
49,77,232
49,78,62
49,80,106
49,82,321
49,83,76
49,85,559
49,86,204
49,92,550
49,94,300
49,95,326
49,97,568
49,99,194
49,102,90
49,115,40
49,116,245
49,122,265
49,131,180
49,136,496
49,139,536
49,145,128
49,151,259
49,153,460
49,154,189
49,181,520
49,182,79
49,184,521
49,195,18
49,203,361
49,211,511
49,227,15
49,236,78
49,244,117
49,245,37
49,259,141
49,261,88
49,264,196
49,268,562
49,269,37
49,270,46
49,277,310
50,1,267
50,4,133
50,5,397
50,6,587
50,12,414
50,13,383
50,16,112
50,17,561
50,19,143
50,20,147
50,22,443
50,30,211
50,31,376
50,33,236
50,36,239
50,38,511
50,39,275
50,43,444
50,44,208
50,45,51
50,46,270
50,48,502
50,49,212
50,51,533
50,52,501
50,54,570
50,55,475
50,56,522
50,60,116
50,63,43
50,70,152
50,71,418
50,76,28
50,77,7
50,78,233
50,79,112
50,81,329
50,84,70
50,85,41
50,86,118
50,89,42
50,95,341
50,96,83
50,98,412
50,99,394
50,100,570
50,104,519
50,105,232
50,107,305
50,108,124
50,130,483
50,131,256
50,135,369
50,138,117
50,141,53
50,143,259
50,158,177
50,159,140
50,164,447
50,169,595
50,177,303
50,178,280
50,181,365
50,191,379
50,192,27
50,195,594
50,208,159
50,211,244
50,237,543
50,241,460
50,247,324
50,248,64
50,272,218
