source,target,weight
1,2,68
1,3,464
1,4,69
1,5,484
1,8,257
1,9,40
1,10,336
1,12,394
1,13,422
1,14,593
1,15,327
1,16,374
1,17,389
1,18,259
1,19,204
1,20,417
1,23,10
1,25,544
1,28,397
1,29,423
1,30,318
1,33,63
1,35,571
1,36,221
1,37,228
1,38,160
1,39,405
1,45,545
1,46,68
1,47,316
1,48,118
1,49,559
1,50,197
1,51,84
1,53,64
1,56,49
1,57,231
1,58,168
1,59,317
1,60,242
1,62,49
1,65,178
1,67,409
1,68,513
1,69,164
1,70,511
1,73,493
1,74,542
1,81,362
1,82,276
1,83,84
1,85,417
1,86,550
1,87,38
1,88,45
1,90,211
1,91,302
1,100,409
1,104,3
1,107,400
1,110,398
1,114,4
1,116,68
1,118,26
1,120,119
1,124,516
1,131,169
1,138,562
1,139,500
1,140,582
1,141,247
1,146,187
1,151,396
1,152,418
1,156,136
1,157,18
1,159,109
1,163,403
1,166,199
1,167,107
1,172,43
1,178,207
1,181,380
1,187,575
1,192,375
1,193,576
1,197,444
1,203,329
1,209,274
1,226,477
1,233,448
1,234,583
1,238,203
1,245,568
1,251,213
1,256,368
1,257,113
1,267,446
1,272,101
1,278,110
1,280,301
1,289,115
1,295,435
1,299,17
2,1,68
2,3,433
2,4,321
2,6,241
2,8,582
2,9,205
2,10,127
2,11,68
2,12,353
2,13,12
2,14,236
2,15,517
2,17,267
2,20,473
2,21,85
2,22,296
2,23,501
2,24,361
2,25,97
2,26,105
2,27,127
2,28,372
2,29,332
2,30,327
2,31,554
2,32,11
2,33,313
2,37,43
2,38,232
2,39,533
2,41,190
2,42,99
2,43,473
2,44,45
2,45,504
2,46,494
2,47,428
2,49,505
2,50,397
2,51,62
2,53,448
2,54,321
2,55,217
2,58,210
2,61,102
2,62,45
2,63,281
2,64,277
2,65,153
2,69,340
2,71,328
2,73,319
2,75,327
2,76,80
2,77,88
2,79,348
2,82,581
2,84,188
2,86,558
2,87,404
2,88,26
2,89,518
2,91,502
2,92,142
2,93,21
2,97,24
2,99,142
2,100,193
2,101,137
2,104,39
2,105,385
2,106,372
2,113,426
2,114,252
2,118,554
2,122,426
2,123,549
2,124,190
2,127,427
2,128,571
2,131,288
2,133,245
2,134,525
2,137,301
2,143,566
2,144,348
2,147,172
2,149,400
2,157,489
2,160,182
2,161,306
2,163,527
2,166,118
2,167,599
2,169,576
2,170,584
2,177,162
2,178,487
2,179,155
2,181,430
2,185,174
2,194,88
2,195,125
2,199,137
2,205,120
2,212,253
2,215,248
2,222,89
2,224,303
2,225,476
2,226,163
2,229,332
2,244,29
2,257,170
2,268,49
2,272,313
2,275,390
2,280,186
2,289,513
2,297,37
2,300,124
3,1,464
3,2,433
3,4,242
3,5,149
3,7,590
3,8,582
3,10,521
3,11,52
3,13,337
3,14,364
3,15,458
3,16,517
3,21,245
3,23,203
3,24,203
3,25,149
3,26,265
3,28,214
3,29,263
3,30,337
3,31,254
3,32,551
3,33,512
3,34,231
3,35,127
3,36,320
3,37,246
3,38,302
3,40,341
3,43,219
3,44,525
3,46,328
3,47,211
3,49,331
3,58,47
3,59,352
3,61,329
3,62,93
3,63,367
3,66,292
3,68,410
3,69,280
3,70,410
3,72,181
3,75,515
3,77,214
3,78,169
3,80,74
3,81,248
3,86,509
3,87,400
3,89,237
3,91,461
3,93,375
3,95,496
3,96,413
3,97,170
3,98,375
3,101,346
3,102,578
3,103,52
3,111,586
3,113,15
3,114,561
3,115,119
3,116,257
3,120,579
3,122,14
3,126,596
3,128,101
3,129,262
3,131,246
3,133,385
3,135,256
3,136,543
3,137,325
3,139,318
3,142,532
3,144,262
3,148,300
3,149,9
3,153,58
3,156,102
3,161,347
3,163,159
3,170,377
3,188,65
3,189,352
3,203,454
3,205,101
3,206,316
3,207,135
3,213,120
3,216,548
3,222,349
3,227,371
3,235,556
3,245,359
3,248,120
3,264,563
3,268,525
3,273,219
3,278,389
3,280,477
3,281,591
3,282,377
4,1,69
4,2,321
4,3,242
4,5,175
4,6,589
4,7,439
4,8,193
4,9,290
4,11,464
4,13,501
4,15,408
4,16,48
4,17,31
4,18,156
4,19,337
4,20,276
4,21,468
4,22,209
4,25,20
4,27,337
4,29,31
4,30,124
4,32,450
4,33,329
4,34,168
4,35,408
4,38,127
4,39,202
4,40,463
4,41,200
4,42,267
4,44,26
4,45,292
4,46,390
4,48,582
4,49,209
4,50,449
4,52,373
4,53,120
4,54,323
4,62,511
4,63,174
4,64,160
4,67,75
4,72,197
4,77,138
4,78,35
4,79,130
4,82,478
4,85,149
4,88,66
4,89,25
4,99,94
4,102,240
4,104,310
4,107,451
4,108,546
4,115,546
4,119,536
4,122,293
4,124,332
4,130,326
4,135,409
4,139,95
4,145,1
4,149,272
4,150,59
4,151,106
4,152,178
4,158,584
4,161,115
4,164,456
4,167,457
4,180,24
4,184,108
4,189,189
4,193,78
4,196,469
4,197,256
4,198,250
4,199,405
4,209,474
4,211,544
4,217,342
4,225,419
4,231,467
4,239,224
4,241,543
4,246,287
4,253,57
4,255,191
4,258,154
4,260,142
4,262,371
4,273,533
4,274,78
4,278,579
4,281,532
4,293,538
4,296,71
5,1,484
5,3,149
5,4,175
5,6,442
5,7,513
5,8,334
5,10,112
5,11,10
5,13,479
5,15,430
5,16,271
5,17,497
5,18,239
5,19,395
5,22,277
5,23,200
5,24,19
5,25,519
5,29,563
5,30,536
5,31,465
5,33,594
5,34,269
5,35,423
5,38,356
5,41,459
5,42,513
5,43,283
5,44,131
5,49,453
5,50,423
5,51,362
5,52,169
5,53,128
5,54,549
5,55,487
5,56,378
5,57,305
5,58,528
5,59,467
5,60,415
5,61,474
5,64,419
5,65,275
5,69,330
5,70,201
5,81,520
5,83,470
5,85,90
5,86,195
5,91,22
5,92,583
5,93,115
5,95,304
5,96,486
5,97,450
5,101,270
5,102,251
5,107,497
5,109,69
5,110,249
5,111,460
5,114,243
5,122,298
5,126,344
5,128,236
5,130,113
5,133,441
5,134,44
5,135,465
5,143,223
5,144,504
5,150,426
5,151,544
5,153,524
5,161,200
5,165,117
5,167,352
5,168,238
5,176,516
5,177,288
5,186,297
5,191,162
5,201,173
5,203,264
5,204,54
5,207,397
5,208,63
5,209,232
5,215,573
5,216,9
5,218,562
5,222,469
5,223,403
5,225,292
5,231,418
5,233,385
5,235,228
5,237,151
5,239,31
5,240,79
5,245,3
5,247,113
5,252,409
5,253,515
5,254,450
5,256,33
5,259,203
5,261,289
5,271,430
5,274,571
5,276,499
5,290,556
5,291,212
6,2,241
6,4,589
6,5,442
6,7,120
6,9,83
6,10,93
6,12,505
6,13,270
6,17,287
6,23,392
6,29,592
6,30,452
6,34,238
6,36,501
6,39,284
6,40,344
6,43,46
6,44,446
6,47,447
6,48,309
6,49,215
6,50,486
6,51,308
6,53,592
6,56,443
6,57,556
6,58,435
6,59,421
6,60,166
6,61,494
6,62,440
6,63,55
6,64,282
6,65,549
6,67,43
6,68,430
6,72,461
6,74,534
6,76,65
6,79,545
6,80,426
6,81,146
6,82,83
6,83,115
6,84,229
6,90,318
6,91,305
6,94,278
6,95,534
6,96,259
6,97,171
6,100,226
6,101,238
6,102,329
6,107,468
6,109,365
6,110,20
6,113,45
6,115,34
6,121,393
6,123,429
6,124,530
6,125,158
6,126,327
6,137,455
6,139,9
6,140,458
6,147,345
6,152,240
6,164,226
6,166,309
6,167,108
6,169,508
6,170,160
6,171,241
6,175,593
6,176,523
6,178,580
6,189,178
6,192,427
6,207,510
6,211,371
6,217,367
6,218,151
6,220,228
6,227,359
6,234,229
6,240,446
6,245,30
6,248,489
6,251,303
6,252,299
6,276,151
6,277,305
6,281,118
6,282,126
6,297,230
7,3,590
7,4,439
7,5,513
7,6,120
7,8,193
7,10,411
7,11,512
7,13,336
7,14,98
7,18,323
7,20,15
7,22,477
7,23,272
7,24,499
7,25,491
7,27,383
7,28,46
7,29,236
7,30,159
7,31,424
7,33,469
7,34,355
7,35,354
7,36,347
7,37,111
7,38,414
7,39,50
7,40,40
7,41,328
7,42,370
7,43,246
7,44,68
7,45,343
7,47,405
7,48,289
7,51,91
7,53,470
7,54,127
7,57,311
7,58,567
7,60,38
7,67,221
7,69,267
7,71,305
7,73,106
7,74,287
7,75,55
7,76,229
7,77,565
7,80,296
7,82,91
7,90,278
7,92,406
7,97,354
7,102,598
7,103,560
7,107,424
7,108,402
7,110,278
7,111,161
7,117,402
7,119,372
7,120,242
7,124,137
7,126,527
7,132,252
7,135,155
7,138,96
7,143,443
7,144,424
7,145,115
7,146,563
7,151,558
7,152,166
7,153,447
7,159,143
7,164,119
7,168,448
7,174,385
7,176,232
7,178,145
7,179,155
7,180,373
7,185,169
7,194,333
7,204,511
7,207,397
7,213,520
7,216,485
7,221,59
7,222,194
7,226,433
7,228,358
7,229,99
7,235,328
7,240,28
7,249,284
7,250,393
7,251,460
7,252,180
7,254,338
7,258,71
7,271,584
7,272,234
7,286,394
7,289,398
7,291,457
7,293,73
7,295,23
7,297,578
8,1,257
8,2,582
8,3,582
8,4,193
8,5,334
8,7,193
8,9,101
8,11,342
8,12,210
8,18,23
8,20,439
8,21,99
8,28,71
8,29,464
8,31,303
8,34,392
8,35,577
8,36,584
8,37,496
8,38,491
8,41,544
8,42,546
8,43,567
8,44,289
8,45,588
8,46,246
8,47,373
8,48,209
8,49,397
8,54,337
8,55,289
8,56,5
8,58,184
8,61,120
8,63,359
8,64,345
8,65,482
8,66,147
8,67,98
8,77,302
8,78,457
8,80,58
8,81,348
8,86,573
8,88,260
8,94,277
8,95,438
8,97,428
8,98,568
8,100,303
8,101,286
8,102,447
8,104,435
8,105,86
8,108,430
8,111,228
8,112,409
8,114,520
8,116,572
8,124,421
8,126,45
8,131,271
8,135,452
8,141,239
8,146,551
8,148,277
8,150,160
8,151,209
8,156,531
8,157,466
8,161,282
8,163,362
8,164,319
8,166,26
8,168,270
8,169,511
8,171,175
8,173,458
8,177,336
8,182,188
8,183,186
8,187,473
8,193,586
8,200,431
8,203,21
8,216,240
8,217,537
8,219,191
8,227,239
8,228,493
8,229,174
8,231,532
8,253,113
8,255,411
8,258,100
8,264,118
8,270,107
8,276,463
8,285,224
8,290,494
8,298,60
9,1,40
9,2,205
9,4,290
9,6,83
9,8,101
9,10,547
9,11,67
9,12,447
9,15,109
9,19,418
9,20,82
9,22,460
9,24,276
9,25,43
9,26,139
9,27,220
9,28,320
9,31,154
9,33,36
9,35,372
9,36,217
9,37,513
9,40,148
9,42,178
9,44,403
9,45,75
9,47,153
9,50,363
9,54,259
9,56,146
9,57,514
9,58,525
9,59,571
9,60,445
9,62,60
9,63,431
9,65,265
9,66,200
9,67,252
9,68,586
9,70,216
9,76,80
9,78,78
9,79,367
9,83,448
9,84,584
9,85,222
9,89,207
9,90,558
9,91,264
9,95,171
9,100,153
9,101,146
9,108,464
9,112,471
9,113,492
9,119,161
9,121,344
9,122,130
9,123,310
9,127,144
9,132,499
9,137,436
9,138,17
9,141,191
9,142,7
9,144,425
9,146,594
9,151,41
9,152,554
9,153,567
9,155,531
9,162,40
9,165,500
9,166,125
9,170,145
9,180,530
9,181,76
9,183,149
9,185,301
9,189,371
9,190,99
9,191,383
9,193,521
9,196,11
9,203,233
9,204,167
9,207,407
9,219,318
9,232,79
9,239,449
9,250,3
9,252,441
9,254,15
9,257,561
9,262,245
9,263,68
9,272,253
9,277,261
9,278,90
9,283,185
9,298,389
10,1,336
10,2,127
10,3,521
10,5,112
10,6,93
10,7,411
10,9,547
10,11,454
10,12,276
10,13,349
10,14,37
10,15,154
10,16,172
10,17,199
10,18,565
10,19,544
10,21,18
10,22,73
10,25,18
10,26,204
10,28,291
10,29,558
10,30,391
10,32,575
10,33,534
10,34,586
10,36,446
10,37,346
10,38,408
10,41,297
10,44,585
10,47,115
10,49,478
10,50,594
10,51,505
10,52,371
10,53,128
10,55,488
10,56,204
10,57,26
10,58,327
10,59,189
10,61,476
10,64,184
10,66,32
10,67,429
10,68,489
10,69,308
10,70,306
10,72,80
10,73,225
10,77,582
10,78,528
10,79,492
10,80,55
10,89,446
10,90,152
10,93,371
10,94,558
10,96,138
10,97,314
10,103,181
10,106,223
10,107,420
10,111,304
10,115,290
10,116,104
10,117,504
10,119,514
10,120,510
10,121,6
10,122,476
10,129,169
10,130,22
10,136,65
10,141,494
10,145,511
10,147,197
10,151,59
10,154,145
10,157,383
10,165,527
10,166,363
10,168,86
10,176,178
10,177,461
10,181,283
10,182,319
10,195,131
10,200,355
10,217,316
10,223,491
10,224,399
10,229,73
10,235,473
10,238,415
10,239,210
10,245,462
10,252,556
10,258,497
10,261,384
10,271,574
10,272,315
10,277,263
10,278,153
10,282,281
10,285,591
10,297,486
11,2,68
11,3,52
11,4,464
11,5,10
11,7,512
11,8,342
11,9,67
11,10,454
11,12,248
11,14,462
11,15,304
11,16,387
11,17,139
11,19,169
11,20,363
11,22,163
11,24,330
11,25,600
11,26,174
11,27,585
11,29,485
11,31,52
11,32,503
11,33,179
11,34,600
11,35,32
11,37,258
11,38,81
11,40,219
11,41,85
11,42,294
11,46,477
11,48,508
11,50,395
11,51,520
11,52,187
11,53,45
11,54,542
11,55,403
11,57,437
11,58,95
11,64,23
11,66,176
11,71,326
11,73,334
11,74,537
11,76,105
11,77,544
11,83,225
11,84,253
11,85,124
11,89,462
11,90,304
11,92,354
11,95,591
11,97,135
11,99,476
11,102,303
11,104,225
11,105,90
11,106,34
11,113,416
11,118,60
11,120,343
11,121,576
11,122,328
11,123,406
11,127,231
11,128,90
11,134,391
11,135,410
11,136,223
11,138,306
11,139,570
11,142,77
11,146,401
11,151,210
11,157,265
11,158,208
11,162,479
11,165,23
11,166,278
11,167,567
11,168,332
11,172,491
11,173,398
11,176,467
11,179,303
11,189,418
11,193,11
11,198,141
11,201,551
11,211,509
11,213,93
11,217,349
11,228,339
11,233,5
11,237,302
11,240,126
11,242,378
11,243,353
11,253,197
11,257,253
11,263,107
11,264,242
11,266,307
11,270,361
11,274,238
11,276,195
11,281,236
11,285,95
11,287,154
12,1,394
12,2,353
12,6,505
12,8,210
12,9,447
12,10,276
12,11,248
12,13,114
12,14,562
12,15,445
12,18,278
12,19,538
12,20,271
12,21,157
12,22,449
12,23,53
12,24,42
12,26,25
12,27,565
12,28,251
12,29,456
12,30,415
12,31,513
12,33,434
12,35,214
12,36,303
12,37,231
12,38,105
12,39,268
12,41,333
12,42,581
12,43,578
12,44,129
12,46,141
12,48,157
12,49,81
12,50,400
12,52,56
12,56,255
12,57,301
12,60,76
12,63,506
12,64,266
12,67,564
12,68,304
12,69,109
12,70,389
12,75,176
12,78,490
12,80,388
12,82,12
12,86,258
12,87,253
12,91,402
12,92,478
12,94,89
12,97,391
12,99,149
12,100,393
12,101,372
12,103,169
12,107,213
12,115,554
12,116,447
12,118,257
12,121,513
12,125,430
12,126,161
12,127,495
12,128,115
12,129,376
12,140,278
12,150,452
12,153,356
12,160,399
12,161,531
12,163,267
12,167,240
12,174,560
12,176,271
12,179,231
12,184,419
12,185,593
12,186,86
12,187,393
12,192,219
12,193,533
12,195,125
12,206,237
12,207,362
12,215,539
12,231,151
12,242,53
12,243,398
12,251,374
12,261,360
12,262,256
12,266,426
12,273,356
12,276,76
12,281,2
12,283,527
12,284,53
12,286,543
12,289,109
12,295,288
13,1,422
13,2,12
13,3,337
13,4,501
13,5,479
13,6,270
13,7,336
13,10,349
13,12,114
13,14,278
13,15,101
13,16,457
13,18,596
13,19,390
13,20,394
13,21,345
13,23,50
13,24,313
13,25,469
13,27,411
13,28,174
13,29,180
13,30,117
13,32,125
13,33,226
13,34,504
13,35,523
13,36,113
13,37,448
13,39,14
13,40,507
13,41,497
13,42,569
13,44,283
13,47,278
13,50,583
13,51,96
13,52,142
13,54,436
13,57,79
13,58,563
13,60,148
13,63,394
13,64,279
13,65,471
13,66,111
13,67,271
13,68,515
13,70,478
13,71,15
13,72,513
13,74,562
13,75,400
13,76,508
13,78,430
13,79,303
13,80,424
13,81,204
13,84,595
13,87,55
13,88,23
13,91,444
13,94,322
13,102,521
13,105,455
13,106,444
13,110,209
13,112,311
13,114,111
13,118,5
13,119,220
13,120,126
13,126,131
13,130,337
13,135,302
13,136,257
13,142,111
13,143,352
13,144,543
13,145,252
13,146,445
13,152,418
13,154,94
13,155,475
13,158,542
13,161,329
13,169,353
13,172,107
13,174,334
13,176,219
13,177,234
13,182,208
13,183,225
13,192,56
13,209,4
13,213,403
13,214,138
13,217,443
13,218,111
13,221,61
13,223,125
13,229,552
13,234,200
13,247,252
13,256,155
13,266,576
13,268,298
13,273,307
13,276,108
13,277,341
13,279,242
13,280,327
13,283,321
13,285,171
13,292,417
13,295,73
13,296,280
13,299,413
14,1,593
14,2,236
14,3,364
14,7,98
14,10,37
14,11,462
14,12,562
14,13,278
14,15,59
14,17,442
14,19,9
14,21,421
14,22,334
14,23,124
14,24,389
14,25,252
14,29,558
14,31,397
14,32,37
14,33,253
14,34,109
14,35,501
14,36,519
14,38,62
14,39,489
14,41,524
14,42,441
14,43,239
14,44,197
14,45,448
14,46,316
14,47,168
14,48,1
14,49,334
14,51,414
14,52,94
14,54,62
14,55,294
14,56,18
14,62,55
14,63,113
14,64,321
14,65,441
14,66,459
14,71,323
14,73,6
14,75,480
14,77,194
14,78,423
14,79,8
14,80,598
14,81,309
14,83,413
14,84,283
14,86,264
14,87,97
14,88,233
14,90,471
14,91,81
14,93,142
14,97,323
14,99,102
14,100,101
14,101,569
14,109,98
14,111,422
14,114,341
14,117,326
14,118,25
14,119,261
14,123,516
14,126,236
14,131,283
14,132,484
14,135,90
14,137,133
14,138,104
14,140,171
14,143,395
14,145,214
14,146,176
14,148,571
14,149,267
14,154,256
14,155,599
14,161,348
14,162,11
14,164,22
14,167,160
14,172,515
14,181,152
14,184,354
14,190,368
14,192,497
14,196,435
14,199,548
14,200,474
14,209,299
14,211,585
14,215,62
14,218,229
14,219,379
14,221,40
14,223,98
14,227,457
14,228,75
14,229,490
14,230,401
14,231,180
14,233,532
14,239,78
14,245,451
14,247,505
14,248,318
14,256,490
14,261,510
14,271,327
14,290,283
14,294,547
14,298,422
15,1,327
15,2,517
15,3,458
15,4,408
15,5,430
15,9,109
15,10,154
15,11,304
15,12,445
15,13,101
15,14,59
15,16,510
15,17,271
15,19,117
15,20,7
15,21,599
15,22,457
15,25,430
15,26,94
15,27,517
15,28,417
15,29,72
15,31,538
15,34,365
15,35,88
15,36,114
15,37,444
15,38,461
15,39,298
15,43,478
15,44,400
15,47,196
15,48,400
15,49,48
15,50,479
15,54,596
15,55,496
15,57,9
15,60,265
15,61,553
15,66,491
15,67,198
15,68,388
15,71,384
15,74,210
15,75,62
15,76,60
15,77,528
15,79,486
15,80,145
15,81,566
15,82,335
15,83,459
15,84,331
15,86,343
15,87,115
15,90,37
15,95,572
15,96,130
15,97,570
15,101,199
15,103,334
15,104,392
15,108,430
15,113,277
15,114,202
15,116,596
15,121,2
15,124,487
15,126,310
15,131,132
15,132,88
15,133,9
15,134,430
15,139,425
15,144,78
15,150,451
15,174,211
15,176,394
15,180,502
15,183,192
15,189,88
15,191,276
15,192,562
15,193,100
15,198,74
15,206,50
15,207,238
15,210,239
15,212,494
15,214,362
15,215,235
15,227,377
15,228,71
15,229,387
15,245,433
15,249,472
15,257,61
15,265,212
15,269,217
15,275,448
15,278,451
15,279,295
15,287,49
15,289,208
15,291,79
15,296,201
15,300,264
16,1,374
16,3,517
16,4,48
16,5,271
16,10,172
16,11,387
16,13,457
16,15,510
16,17,454
16,18,100
16,20,315
16,24,426
16,26,465
16,27,299
16,28,239
16,31,537
16,32,428
16,33,278
16,34,68
16,35,183
16,36,9
16,38,390
16,39,409
16,40,107
16,41,33
16,43,525
16,44,185
16,46,24
16,47,504
16,49,125
16,50,440
16,51,396
16,52,61
16,56,202
16,57,584
16,59,13
16,60,497
16,61,256
16,62,371
16,63,573
16,64,561
16,65,225
16,68,263
16,73,577
16,75,73
16,76,273
16,77,349
16,78,408
16,79,160
16,81,463
16,82,416
16,84,582
16,87,277
16,88,354
16,90,414
16,91,352
16,94,228
16,96,379
16,100,384
16,102,467
16,105,57
16,107,414
16,109,409
16,111,409
16,114,274
16,116,307
16,117,279
16,119,246
16,122,368
16,123,64
16,125,173
16,129,498
16,132,357
16,133,135
16,134,580
16,136,295
16,138,575
16,139,360
16,142,440
16,156,382
16,158,346
16,164,377
16,168,436
16,169,281
16,173,282
16,178,86
16,181,113
16,188,295
16,190,356
16,193,131
16,198,304
16,201,587
16,203,108
16,216,134
16,217,296
16,218,145
16,222,571
16,224,234
16,230,383
16,242,266
16,243,559
16,245,340
16,246,100
16,248,591
16,250,373
16,252,388
16,257,347
16,262,146
16,269,96
16,270,390
16,281,57
16,283,295
16,286,106
16,296,214
17,1,389
17,2,267
17,4,31
17,5,497
17,6,287
17,10,199
17,11,139
17,14,442
17,15,271
17,16,454
17,19,186
17,20,415
17,21,571
17,22,161
17,24,572
17,25,16
17,27,216
17,28,362
17,30,323
17,31,195
17,34,155
17,35,192
17,37,461
17,40,378
17,41,192
17,42,499
17,43,35
17,45,416
17,46,428
17,47,394
17,48,25
17,49,461
17,50,90
17,51,154
17,52,579
17,53,190
17,54,341
17,55,486
17,56,511
17,57,367
17,58,323
17,59,400
17,63,283
17,64,435
17,66,566
17,71,103
17,76,358
17,79,286
17,82,192
17,85,204
17,89,333
17,90,225
17,93,459
17,98,259
17,99,45
17,103,13
17,106,595
17,111,529
17,113,186
17,116,542
17,117,316
17,120,269
17,121,153
17,122,295
17,125,185
17,128,229
17,132,247
17,133,234
17,134,578
17,135,34
17,136,60
17,139,60
17,140,247
17,146,352
17,147,566
17,149,493
17,160,336
17,161,403
17,162,469
17,165,19
17,167,571
17,169,278
17,170,526
17,171,149
17,175,593
17,179,179
17,182,501
17,193,336
17,196,468
17,197,438
17,205,187
17,206,313
17,214,556
17,219,114
17,228,250
17,243,67
17,244,14
17,245,446
17,247,19
17,249,186
17,250,111
17,258,214
17,265,284
17,266,489
17,271,458
17,274,361
17,279,202
17,284,519
17,289,166
17,291,176
17,299,553
18,1,259
18,4,156
18,5,239
18,7,323
18,8,23
18,10,565
18,12,278
18,13,596
18,16,100
18,19,554
18,20,119
18,22,134
18,24,191
18,25,46
18,28,567
18,32,575
18,33,78
18,35,578
18,36,175
18,38,398
18,41,35
18,42,139
18,43,403
18,44,373
18,45,508
18,46,345
18,50,11
18,51,253
18,53,276
18,54,435
18,55,399
18,56,565
18,57,406
18,58,330
18,60,278
18,62,242
18,64,4
18,65,522
18,66,85
18,67,24
18,68,503
18,72,294
18,73,582
18,74,188
18,75,536
18,76,181
18,78,279
18,79,486
18,84,120
18,93,101
18,96,531
18,97,67
18,107,180
18,108,435
18,109,273
18,110,597
18,111,189
18,114,153
18,116,496
18,117,359
18,125,405
18,127,225
18,128,594
18,130,288
18,138,337
18,142,19
18,145,312
18,146,363
18,147,3
18,148,423
18,149,217
18,150,262
18,151,111
18,155,58
18,159,270
18,160,78
18,161,596
18,162,128
18,166,489
18,168,346
18,170,121
18,177,81
18,178,307
18,179,7
18,181,239
18,185,308
18,187,115
18,190,388
18,191,280
18,198,475
18,199,239
18,201,298
18,207,573
18,208,342
18,210,490
18,211,246
18,212,549
18,227,578
18,230,264
18,231,233
18,238,596
18,243,479
18,246,485
18,250,61
18,252,337
18,256,530
18,264,500
18,268,562
18,274,326
18,277,383
18,278,46
19,1,204
19,4,337
19,5,395
19,9,418
19,10,544
19,11,169
19,12,538
19,13,390
19,14,9
19,15,117
19,17,186
19,18,554
19,20,536
19,21,255
19,25,325
19,26,299
19,27,584
19,28,82
19,30,232
19,31,55
19,32,342
19,33,281
19,34,25
19,36,493
19,37,165
19,40,152
19,44,342
19,45,73
19,46,339
19,49,570
19,50,409
19,52,446
19,53,175
19,57,563
19,58,412
19,60,553
19,61,53
19,62,476
19,63,187
19,65,161
19,66,391
19,67,341
19,72,19
19,74,2
19,75,146
19,81,234
19,83,436
19,85,66
19,86,365
19,88,11
19,90,564
19,93,572
19,94,512
19,95,390
19,96,322
19,98,311
19,105,503
19,106,560
19,109,442
19,110,554
19,111,38
19,112,68
19,118,125
19,120,286
19,121,492
19,122,68
19,123,361
19,127,467
19,131,505
19,132,128
19,136,378
19,144,398
19,145,118
19,152,415
19,153,544
19,156,320
19,165,159
19,166,173
19,167,164
19,171,326
19,173,79
19,174,415
19,176,315
19,178,333
19,182,334
19,183,573
19,189,397
19,191,443
19,192,145
19,195,248
19,200,202
19,209,427
19,215,447
19,218,310
19,231,574
19,232,126
19,234,539
19,237,404
19,238,436
19,239,583
19,247,501
19,291,558
20,1,417
20,2,473
20,4,276
20,7,15
20,8,439
20,9,82
20,11,363
20,12,271
20,13,394
20,15,7
20,16,315
20,17,415
20,18,119
20,19,536
20,21,313
20,23,244
20,24,51
20,25,87
20,27,237
20,29,78
20,30,446
20,31,318
20,32,425
20,33,409
20,34,213
20,35,8
20,36,341
20,37,166
20,40,398
20,41,511
20,46,573
20,47,367
20,49,293
20,50,3
20,51,225
20,53,447
20,54,516
20,56,486
20,57,380
20,58,275
20,60,490
20,62,471
20,64,37
20,65,103
20,66,354
20,68,204
20,69,500
20,71,392
20,78,157
20,79,289
20,80,220
20,85,8
20,88,267
20,91,51
20,92,6
20,95,55
20,98,220
20,99,3
20,100,502
20,101,138
20,102,239
20,104,65
20,106,193
20,108,599
20,112,83
20,113,265
20,116,369
20,118,8
20,124,534
20,125,213
20,127,494
20,128,381
20,129,485
20,130,546
20,135,233
20,144,563
20,153,495
20,154,43
20,155,506
20,156,208
20,161,52
20,163,174
20,167,143
20,168,42
20,172,376
20,179,287
20,180,483
20,184,466
20,193,102
20,194,86
20,203,333
20,204,61
20,205,551
20,209,281
20,214,445
20,220,229
20,221,573
20,223,559
20,225,427
20,226,370
20,228,113
20,237,234
20,239,450
20,240,439
20,243,425
20,247,251
20,253,163
20,257,562
20,275,387
20,288,56
20,293,265
21,2,85
21,3,245
21,4,468
21,8,99
21,10,18
21,12,157
21,13,345
21,14,421
21,15,599
21,17,571
21,19,255
21,20,313
21,22,513
21,25,376
21,26,4
21,27,287
21,28,199
21,29,405
21,31,228
21,32,368
21,38,376
21,39,356
21,40,70
21,42,51
21,43,59
21,47,45
21,48,240
21,49,497
21,51,483
21,52,86
21,53,2
21,54,274
21,55,435
21,56,184
21,57,92
21,59,282
21,61,572
21,62,34
21,63,497
21,64,146
21,65,226
21,71,480
21,72,216
21,73,243
21,74,320
21,75,147
21,77,262
21,78,199
21,79,54
21,82,301
21,83,287
21,84,136
21,90,38
21,98,329
21,101,117
21,104,487
21,106,217
21,107,229
21,110,247
21,112,12
21,114,16
21,125,330
21,127,499
21,131,453
21,133,372
21,135,23
21,136,131
21,142,313
21,143,71
21,146,574
21,147,39
21,149,433
21,150,546
21,153,253
21,155,49
21,159,202
21,167,63
21,168,114
21,171,185
21,179,552
21,182,363
21,189,429
21,194,403
21,207,18
21,209,269
21,215,229
21,219,292
21,230,227
21,233,259
21,240,259
21,244,148
21,248,144
21,255,286
21,257,12
21,260,176
21,263,129
21,267,587
21,270,257
21,272,51
21,273,223
21,276,1
21,281,170
21,285,46
22,2,296
22,4,209
22,5,277
22,7,477
22,9,460
22,10,73
22,11,163
22,12,449
22,14,334
22,15,457
22,17,161
22,18,134
22,21,513
22,23,405
22,27,105
22,29,15
22,30,169
22,33,16
22,35,279
22,37,311
22,38,346
22,40,175
22,42,208
22,43,497
22,44,61
22,46,229
22,48,251
22,49,563
22,51,197
22,53,338
22,54,193
22,57,581
22,58,165
22,60,38
22,61,339
22,62,494
22,65,343
22,66,425
22,67,532
22,72,131
22,74,139
22,75,11
22,80,536
22,81,48
22,84,138
22,86,255
22,87,50
22,93,302
22,96,275
22,98,575
22,100,399
22,101,39
22,102,210
22,103,143
22,104,428
22,105,514
22,108,124
22,110,142
22,113,39
22,115,375
22,116,155
22,118,294
22,121,163
22,124,488
22,126,265
22,128,450
22,130,340
22,131,69
22,138,215
22,140,318
22,152,324
22,155,127
22,156,456
22,159,290
22,160,231
22,164,53
22,166,493
22,167,533
22,172,568
22,177,141
22,179,588
22,180,285
22,181,300
22,182,38
22,185,349
22,189,566
22,199,69
22,212,79
22,213,560
22,218,431
22,224,177
22,229,145
22,234,513
22,235,216
22,242,92
22,255,382
22,265,367
22,274,565
22,282,533
22,286,528
22,296,58
22,298,151
23,1,10
23,2,501
23,3,203
23,5,200
23,6,392
23,7,272
23,12,53
23,13,50
23,14,124
23,20,244
23,22,405
23,24,447
23,25,387
23,26,38
23,27,134
23,28,180
23,29,324
23,30,11
23,31,458
23,32,528
23,34,31
23,36,327
23,37,345
23,38,397
23,39,13
23,40,412
23,44,176
23,45,402
23,46,127
23,48,53
23,54,189
23,55,18
23,57,309
23,60,592
23,61,249
23,62,512
23,64,387
23,65,567
23,66,172
23,68,414
23,69,433
23,71,565
23,72,530
23,75,514
23,78,145
23,81,79
23,85,361
23,87,213
23,89,302
23,90,438
23,95,21
23,98,33
23,99,272
23,104,332
23,109,40
23,111,188
23,113,68
23,115,271
23,117,5
23,120,319
23,121,150
23,122,68
23,123,464
23,125,61
23,127,2
23,132,289
23,133,78
23,136,574
23,138,536
23,139,490
23,142,597
23,145,379
23,149,195
23,152,385
23,153,14
23,158,537
23,159,129
23,160,363
23,162,292
23,163,459
23,166,583
23,168,312
23,169,522
23,173,468
23,175,595
23,177,224
23,180,424
23,182,104
23,183,12
23,187,567
23,192,311
23,197,250
23,201,169
23,202,305
23,204,130
23,205,194
23,206,101
23,207,361
23,210,579
23,214,336
23,218,54
23,241,475
23,245,69
23,250,36
23,256,57
23,257,596
23,262,441
23,267,70
23,271,367
23,273,73
23,275,54
23,284,573
23,286,393
23,296,543
24,2,361
24,3,203
24,5,19
24,7,499
24,9,276
24,11,330
24,12,42
24,13,313
24,14,389
24,16,426
24,17,572
24,18,191
24,20,51
24,23,447
24,25,135
24,28,2
24,29,149
24,30,160
24,34,318
24,36,250
24,37,466
24,40,1
24,41,74
24,42,499
24,43,320
24,44,123
24,45,525
24,48,347
24,49,420
24,51,587
24,53,18
24,54,542
24,55,261
24,56,142
24,61,232
24,63,2
24,64,303
24,65,252
24,66,495
24,67,205
24,68,377
24,70,325
24,73,492
24,74,195
24,75,240
24,77,425
24,81,284
24,84,415
24,86,374
24,87,576
24,88,227
24,89,105
24,92,204
24,93,488
24,94,73
24,96,52
24,99,238
24,104,472
24,105,373
24,115,16
24,116,112
24,118,568
24,121,284
24,124,464
24,125,521
24,128,385
24,134,426
24,135,215
24,136,259
24,137,580
24,138,112
24,145,35
24,152,460
24,155,480
24,163,255
24,166,140
24,168,252
24,173,533
24,174,356
24,177,37
24,187,412
24,189,368
24,192,275
24,197,369
24,200,52
24,201,119
24,202,252
24,213,14
24,220,154
24,231,403
24,232,46
24,245,49
24,250,494
24,252,330
24,257,263
24,270,139
24,273,349
24,282,30
24,283,155
24,287,73
24,288,87
24,291,516
24,292,30
24,294,75
24,296,413
25,1,544
25,2,97
25,3,149
25,4,20
25,5,519
25,7,491
25,9,43
25,10,18
25,11,600
25,13,469
25,14,252
25,15,430
25,17,16
25,18,46
25,19,325
25,20,87
25,21,376
25,23,387
25,24,135
25,28,599
25,30,162
25,31,443
25,32,119
25,33,229
25,34,569
25,35,216
25,36,350
25,38,516
25,39,500
25,40,475
25,42,249
25,43,250
25,44,82
25,45,87
25,48,236
25,49,207
25,50,399
25,51,307
25,52,230
25,54,67
25,55,530
25,56,357
25,57,346
25,59,160
25,61,475
25,62,463
25,63,424
25,65,92
25,68,167
25,71,535
25,72,125
25,74,166
25,76,225
25,77,338
25,79,176
25,81,197
25,82,282
25,85,46
25,86,501
25,88,258
25,89,430
25,92,427
25,94,424
25,95,513
25,96,314
25,97,352
25,99,17
25,100,530
25,102,476
25,104,427
25,105,565
25,106,98
25,107,522
25,113,312
25,115,270
25,117,251
25,122,239
25,124,578
25,135,540
25,137,365
25,139,357
25,142,14
25,151,392
25,153,575
25,161,556
25,164,299
25,174,63
25,176,112
25,180,252
25,183,32
25,184,359
25,194,168
25,195,420
25,197,298
25,204,315
25,206,154
25,220,98
25,223,152
25,224,126
25,236,487
25,248,463
25,249,182
25,254,256
25,257,306
25,262,493
25,263,445
25,276,453
25,277,401
25,280,138
25,289,321
25,296,283
26,2,105
26,3,265
26,9,139
26,10,204
26,11,174
26,12,25
26,15,94
26,16,465
26,19,299
26,21,4
26,23,38
26,27,555
26,28,583
26,29,161
26,30,192
26,31,444
26,32,570
26,33,343
26,35,271
26,36,74
26,38,208
26,39,281
26,40,181
26,41,430
26,42,400
26,43,383
26,44,179
26,47,9
26,49,396
26,50,71
26,51,203
26,52,7
26,53,250
26,58,72
26,60,559
26,61,288
26,62,372
26,63,560
26,64,293
26,67,112
26,68,50
26,70,338
26,71,16
26,77,542
26,78,469
26,79,341
26,82,219
26,84,481
26,85,599
26,86,477
26,87,463
26,88,7
26,90,270
26,91,116
26,94,400
26,96,232
26,100,596
26,104,189
26,105,42
26,108,72
26,111,423
26,112,593
26,116,536
26,117,521
26,119,272
26,120,276
26,122,241
26,123,550
26,124,34
26,125,122
26,127,271
26,130,391
26,132,504
26,133,323
26,136,111
26,137,227
26,138,38
26,139,207
26,144,148
26,145,275
26,146,435
26,148,329
26,149,144
26,150,352
26,153,364
26,157,290
26,160,510
26,161,438
26,165,196
26,166,133
26,170,12
26,174,516
26,175,411
26,192,285
26,193,371
26,196,577
26,211,497
26,213,202
26,214,33
26,217,512
26,226,327
26,227,76
26,231,66
26,240,412
26,243,399
26,245,405
26,250,52
26,252,269
26,260,467
26,266,220
26,283,97
26,284,6
26,287,310
27,2,127
27,4,337
27,7,383
27,9,220
27,11,585
27,12,565
27,13,411
27,15,517
27,16,299
27,17,216
27,19,584
27,20,237
27,21,287
27,22,105
27,23,134
27,26,555
27,29,494
27,31,33
27,33,586
27,34,482
27,35,473
27,37,355
27,38,514
27,39,298
27,41,244
27,42,103
27,43,34
27,44,331
27,45,45
27,47,585
27,52,357
27,53,122
27,54,392
27,55,356
27,58,114
27,59,1
27,60,433
27,62,527
27,65,55
27,66,57
27,69,152
27,71,254
27,73,208
27,74,512
27,75,324
27,76,138
27,78,6
27,79,198
27,80,218
27,81,86
27,84,47
27,85,234
27,86,91
27,91,400
27,92,356
27,93,4
27,94,252
27,97,452
27,98,232
27,99,150
27,102,54
27,116,74
27,122,547
27,124,231
27,127,388
27,128,458
27,131,400
27,133,471
27,138,314
27,139,370
27,141,285
27,143,42
27,144,455
27,147,130
27,148,243
27,149,491
27,152,232
27,155,424
27,161,401
27,164,327
27,165,227
27,170,151
27,171,68
27,179,496
27,188,292
27,189,521
27,196,231
27,199,4
27,200,476
27,204,262
27,214,559
27,220,104
27,233,189
27,237,405
27,238,91
27,240,570
27,243,416
27,252,239
27,258,576
27,272,61
27,275,286
27,280,452
27,284,194
27,285,359
27,296,592
27,300,9
28,1,397
28,2,372
28,3,214
28,7,46
28,8,71
28,9,320
28,10,291
28,12,251
28,13,174
28,15,417
28,16,239
28,17,362
28,18,567
28,19,82
28,21,199
28,23,180
28,24,2
28,25,599
28,26,583
28,32,293
28,34,288
28,35,54
28,36,582
28,37,90
28,39,559
28,40,175
28,42,211
28,43,352
28,45,395
28,46,336
28,50,136
28,51,166
28,52,173
28,53,420
28,55,150
28,56,59
28,57,95
28,58,151
28,62,117
28,66,547
28,68,314
28,69,33
28,71,214
28,74,206
28,76,585
28,78,63
28,79,23
28,80,364
28,81,367
28,82,181
28,88,145
28,92,73
28,95,243
28,98,427
28,101,152
28,102,538
28,103,257
28,105,218
28,112,290
28,114,276
28,115,357
28,120,510
28,122,202
28,124,591
28,129,562
28,131,265
28,132,271
28,134,445
28,135,440
28,137,302
28,143,301
28,159,44
28,161,58
28,163,256
28,167,34
28,168,43
28,172,598
28,188,225
28,193,389
28,196,22
28,200,430
28,213,245
28,217,126
28,218,115
28,222,197
28,223,392
28,226,244
28,229,228
28,236,407
28,241,583
28,242,177
28,243,297
28,245,277
28,248,490
28,253,171
28,258,172
28,259,155
28,260,494
28,288,56
28,289,81
29,1,423
29,2,332
29,3,263
29,4,31
29,5,563
29,6,592
29,7,236
29,8,464
29,10,558
29,11,485
29,12,456
29,13,180
29,14,558
29,15,72
29,20,78
29,21,405
29,22,15
29,23,324
29,24,149
29,26,161
29,27,494
29,30,222
29,32,129
29,33,276
29,34,328
29,37,511
29,40,325
29,41,207
29,42,335
29,43,551
29,46,510
29,47,495
29,49,6
29,50,297
29,51,386
29,52,148
29,54,470
29,55,597
29,56,301
29,57,61
29,58,515
29,59,231
29,60,331
29,61,427
29,62,535
29,64,220
29,65,181
29,66,17
29,67,506
29,68,252
29,69,330
29,70,368
29,71,317
29,74,401
29,75,244
29,76,291
29,77,431
29,78,109
29,80,239
29,82,1
29,83,363
29,86,277
29,90,152
29,92,473
29,95,546
29,99,76
29,101,110
29,104,591
29,108,477
29,109,319
29,110,152
29,112,413
29,116,314
29,117,49
29,121,263
29,124,396
29,126,437
29,127,80
29,129,35
29,131,503
29,133,532
29,134,324
29,139,25
29,140,88
29,142,20
29,146,424
29,147,454
29,153,21
29,156,567
29,161,210
29,162,108
29,167,82
29,176,206
29,177,378
29,193,466
29,197,435
29,201,329
29,202,66
29,205,271
29,206,20
29,208,487
29,210,540
29,213,375
29,219,28
29,224,66
29,233,138
29,240,157
29,246,162
29,252,577
29,263,203
29,268,117
29,280,423
29,285,254
29,291,356
29,296,349
30,1,318
30,2,327
30,3,337
30,4,124
30,5,536
30,6,452
30,7,159
30,10,391
30,12,415
30,13,117
30,17,323
30,19,232
30,20,446
30,22,169
30,23,11
30,24,160
30,25,162
30,26,192
30,29,222
30,31,93
30,32,353
30,33,291
30,34,292
30,36,112
30,38,396
30,39,243
30,41,267
30,42,426
30,43,510
30,44,448
30,45,425
30,48,241
30,50,464
30,53,265
30,56,320
30,59,312
30,60,192
30,63,591
30,64,203
30,65,19
30,68,143
30,69,158
30,75,337
30,76,419
30,77,402
30,78,592
30,80,476
30,81,132
30,85,263
30,88,444
30,89,528
30,95,539
30,99,379
30,101,466
30,103,57
30,106,254
30,108,374
30,109,48
30,112,440
30,118,79
30,119,322
30,125,29
30,128,10
30,130,319
30,132,340
30,133,496
30,134,76
30,136,267
30,138,161
30,139,61
30,142,28
30,146,136
30,149,173
30,151,467
30,153,536
30,159,129
30,164,336
30,168,82
30,174,559
30,181,192
30,195,478
30,203,214
30,204,61
30,210,89
30,211,288
30,213,568
30,224,441
30,228,26
30,229,396
30,251,8
30,262,579
30,263,40
30,288,114
30,290,48
30,291,483
31,2,554
31,3,254
31,5,465
31,7,424
31,8,303
31,9,154
31,11,52
31,12,513
31,14,397
31,15,538
31,16,537
31,17,195
31,19,55
31,20,318
31,21,228
31,23,458
31,25,443
31,26,444
31,27,33
31,30,93
31,32,287
31,34,78
31,35,287
31,36,38
31,45,420
31,46,40
31,48,531
31,52,429
31,53,79
31,54,106
31,56,347
31,57,403
31,58,597
31,60,80
31,61,435
31,62,173
31,63,494
31,67,208
31,68,420
31,69,369
31,74,549
31,77,75
31,80,549
31,81,332
31,82,578
31,86,389
31,90,586
31,92,552
31,93,400
31,94,298
31,97,242
31,100,439
31,102,107
31,104,558
31,105,583
31,106,566
31,107,401
31,108,525
31,110,339
31,112,277
31,113,546
31,120,8
31,125,460
31,126,177
31,128,184
31,131,502
31,134,560
31,135,555
31,136,469
31,137,358
31,139,432
31,140,304
31,151,261
31,156,595
31,160,176
31,161,277
31,169,542
31,171,575
31,173,169
31,176,285
31,183,203
31,189,66
31,192,161
31,205,245
31,208,141
31,212,242
31,216,395
31,217,18
31,221,5
31,222,25
31,223,196
31,225,280
31,230,63
31,235,287
31,236,357
31,240,474
31,245,392
31,249,368
31,252,489
31,253,553
31,254,218
31,259,83
31,262,168
31,264,555
31,265,334
31,267,21
31,268,599
31,273,157
31,279,560
31,282,476
31,288,545
31,289,222
31,290,217
31,295,385
32,2,11
32,3,551
32,4,450
32,10,575
32,11,503
32,13,125
32,14,37
32,16,428
32,18,575
32,19,342
32,20,425
32,21,368
32,23,528
32,25,119
32,26,570
32,28,293
32,29,129
32,30,353
32,31,287
32,33,150
32,39,47
32,40,48
32,43,317
32,44,154
32,46,109
32,48,222
32,50,89
32,52,103
32,53,476
32,54,417
32,55,152
32,57,173
32,59,430
32,60,240
32,61,331
32,62,515
32,65,452
32,67,25
32,69,598
32,70,421
32,71,463
32,72,490
32,73,590
32,74,154
32,75,247
32,78,77
32,81,16
32,82,575
32,83,44
32,84,423
32,86,474
32,87,121
32,91,311
32,92,155
32,93,414
32,94,377
32,96,541
32,98,480
32,101,89
32,103,252
32,107,464
32,108,471
32,109,140
32,111,320
32,113,212
32,116,102
32,120,28
32,121,568
32,122,67
32,123,380
32,125,149
32,127,124
32,133,223
32,134,508
32,135,287
32,136,381
32,138,31
32,141,229
32,144,495
32,146,430
32,149,179
32,152,457
32,154,221
32,155,182
32,157,160
32,159,417
32,165,508
32,167,82
32,170,260
32,181,280
32,182,593
32,185,5
32,190,87
32,196,211
32,206,583
32,214,442
32,225,268
32,233,592
32,238,266
32,244,101
32,248,451
32,260,336
32,272,325
32,283,325
32,284,593
32,286,546
32,296,401
32,297,77
33,1,63
33,2,313
33,3,512
33,4,329
33,5,594
33,7,469
33,9,36
33,10,534
33,11,179
33,12,434
33,13,226
33,14,253
33,16,278
33,18,78
33,19,281
33,20,409
33,22,16
33,25,229
33,26,343
33,27,586
33,29,276
33,30,291
33,32,150
33,34,46
33,35,512
33,36,300
33,38,370
33,39,538
33,40,71
33,41,106
33,42,41
33,43,237
33,44,542
33,45,598
33,46,87
33,47,313
33,50,85
33,51,28
33,52,584
33,53,569
33,54,177
33,55,528
33,56,406
33,58,81
33,59,119
33,60,13
33,61,327
33,65,266
33,66,103
33,67,306
33,68,383
33,69,262
33,70,172
33,71,176
33,72,404
33,73,151
33,74,517
33,80,466
33,86,351
33,89,399
33,90,289
33,93,259
33,96,297
33,104,84
33,105,512
33,108,572
33,110,319
33,117,219
33,120,412
33,122,73
33,126,102
33,127,16
33,131,574
33,133,352
33,139,288
33,141,364
33,142,184
33,151,37
33,156,402
33,157,282
33,161,226
33,162,356
33,163,19
33,164,305
33,165,597
33,167,80
33,169,246
33,174,563
33,176,479
33,179,481
33,184,337
33,186,500
33,187,162
33,188,483
33,189,35
33,197,574
33,204,379
33,205,506
33,212,166
33,217,424
33,219,352
33,228,20
33,229,585
33,231,500
33,233,492
33,238,337
33,239,62
33,242,559
33,246,580
33,260,105
33,267,278
33,279,173
33,281,515
33,282,495
33,285,578
33,293,252
33,294,568
33,298,268
34,3,231
34,4,168
34,5,269
34,6,238
34,7,355
34,8,392
34,10,586
34,11,600
34,13,504
34,14,109
34,15,365
34,16,68
34,17,155
34,19,25
34,20,213
34,23,31
34,24,318
34,25,569
34,27,482
34,28,288
34,29,328
34,30,292
34,31,78
34,33,46
34,36,269
34,37,467
34,38,136
34,40,169
34,41,323
34,42,396
34,43,533
34,44,159
34,45,176
34,46,55
34,47,60
34,48,410
34,49,32
34,51,64
34,53,406
34,55,522
34,57,350
34,59,27
34,60,33
34,62,225
34,63,323
34,64,353
34,65,235
34,67,336
34,73,186
34,79,236
34,82,41
34,83,546
34,84,408
34,85,521
34,87,371
34,88,316
34,91,160
34,93,208
34,94,544
34,106,528
34,107,24
34,108,15
34,110,87
34,113,284
34,120,386
34,121,456
34,124,372
34,125,528
34,128,415
34,137,514
34,143,423
34,145,15
34,147,306
34,154,363
34,156,500
34,161,474
34,172,81
34,181,46
34,183,142
34,185,78
34,187,404
34,193,478
34,195,508
34,200,139
34,203,577
34,205,114
34,206,555
34,208,531
34,211,77
34,215,134
34,218,163
34,227,386
34,228,594
34,230,587
34,238,309
34,240,473
34,246,413
34,249,178
34,253,585
34,258,322
34,260,463
34,265,94
34,276,231
34,278,39
34,297,152
35,1,571
35,3,127
35,4,408
35,5,423
35,7,354
35,8,577
35,9,372
35,11,32
35,12,214
35,13,523
35,14,501
35,15,88
35,16,183
35,17,192
35,18,578
35,20,8
35,22,279
35,25,216
35,26,271
35,27,473
35,28,54
35,31,287
35,33,512
35,37,202
35,38,450
35,41,594
35,44,85
35,45,253
35,46,320
35,47,319
35,48,399
35,49,443
35,50,566
35,51,163
35,52,373
35,53,287
35,54,467
35,56,556
35,57,152
35,58,13
35,60,75
35,62,378
35,63,329
35,65,294
35,66,512
35,68,507
35,69,336
35,70,589
35,71,575
35,72,595
35,73,130
35,74,579
35,76,36
35,77,545
35,81,116
35,82,600
35,83,562
35,86,63
35,87,59
35,88,561
35,89,292
35,90,354
35,92,513
35,93,6
35,94,147
35,95,476
35,98,201
35,99,493
35,102,236
35,107,126
35,110,303
35,111,448
35,117,351
35,119,173
35,122,535
35,126,386
35,127,190
35,130,527
35,132,116
35,133,408
35,134,51
35,136,582
35,137,242
35,139,309
35,140,545
35,141,298
35,142,429
35,143,531
35,144,380
35,146,406
35,147,204
35,151,136
35,156,413
35,157,74
35,158,557
35,159,563
35,166,145
35,167,267
35,174,392
35,175,116
35,178,293
35,185,356
35,188,139
35,191,453
35,198,65
35,203,498
35,209,130
35,212,120
35,213,56
35,215,547
35,221,396
35,222,486
35,224,295
35,226,514
35,228,223
35,231,447
35,232,172
35,240,520
35,242,231
35,244,37
35,246,232
35,255,494
35,266,346
35,267,94
35,272,326
35,279,61
35,281,337
35,285,466
35,288,317
35,289,522
35,291,174
36,1,221
36,3,320
36,6,501
36,7,347
36,8,584
36,9,217
36,10,446
36,12,303
36,13,113
36,14,519
36,15,114
36,16,9
36,18,175
36,19,493
36,20,341
36,23,327
36,24,250
36,25,350
36,26,74
36,28,582
36,30,112
36,31,38
36,33,300
36,34,269
36,37,41
36,38,389
36,39,437
36,40,184
36,41,528
36,42,249
36,43,148
36,44,414
36,45,413
36,46,571
36,50,347
36,52,453
36,53,500
36,54,115
36,55,520
36,56,449
36,57,11
36,58,582
36,59,322
36,61,550
36,62,340
36,63,218
36,64,458
36,65,173
36,67,24
36,68,543
36,70,73
36,71,369
36,72,39
36,73,423
36,74,362
36,75,183
36,76,106
36,77,417
36,78,427
36,80,156
36,82,100
36,84,96
36,85,382
36,86,431
36,88,327
36,93,425
36,94,303
36,95,12
36,98,472
36,99,344
36,100,157
36,101,339
36,103,256
36,105,284
36,106,22
36,112,8
36,114,70
36,115,58
36,117,145
36,118,132
36,119,278
36,120,285
36,129,508
36,130,339
36,132,55
36,134,442
36,135,415
36,137,284
36,139,539
36,141,247
36,144,32
36,149,50
36,152,259
36,157,407
36,158,133
36,159,119
36,164,238
36,165,509
36,166,10
36,171,64
36,178,42
36,180,190
36,185,242
36,188,225
36,189,253
36,195,145
36,196,539
36,197,543
36,198,346
36,200,494
36,203,102
36,208,325
36,211,554
36,217,13
36,226,340
36,227,409
36,232,123
36,236,481
36,240,178
36,243,128
36,244,103
36,251,59
36,256,80
36,263,63
36,265,475
36,271,5
36,280,284
36,286,505
37,1,228
37,2,43
37,3,246
37,7,111
37,8,496
37,9,513
37,10,346
37,11,258
37,12,231
37,13,448
37,15,444
37,17,461
37,19,165
37,20,166
37,22,311
37,23,345
37,24,466
37,27,355
37,28,90
37,29,511
37,34,467
37,35,202
37,36,41
37,38,473
37,39,446
37,41,413
37,42,412
37,43,164
37,44,464
37,45,79
37,46,24
37,48,329
37,51,359
37,54,393
37,56,483
37,58,564
37,60,275
37,61,497
37,62,104
37,65,169
37,67,439
37,68,488
37,69,589
37,70,76
37,71,177
37,72,436
37,73,397
37,77,49
37,78,25
37,82,42
37,85,67
37,93,324
37,97,572
37,98,249
37,102,200
37,104,450
37,105,27
