source,target,weight
1,2,588
1,3,40
1,4,560
1,6,98
1,7,368
1,8,97
1,9,557
1,10,347
1,11,54
1,12,16
1,14,20
1,15,93
1,16,458
1,18,3
1,19,131
1,20,410
1,21,237
1,22,580
1,23,585
1,26,188
1,28,463
1,30,228
1,35,503
1,36,196
1,37,245
1,39,165
1,40,514
1,41,163
1,44,260
1,48,292
1,51,301
1,53,485
1,54,204
1,56,214
1,57,58
1,60,477
1,61,231
1,62,220
1,63,167
1,67,117
1,69,431
1,70,464
1,73,294
1,74,418
1,75,102
1,76,282
1,77,570
1,78,393
1,83,453
1,86,111
1,88,563
1,90,587
1,94,309
1,95,440
1,96,459
1,97,139
1,98,594
1,99,385
1,101,22
1,104,293
1,113,594
1,114,497
1,120,38
1,121,576
1,124,392
1,126,224
1,128,160
1,130,308
1,131,47
1,132,535
1,134,499
1,135,595
1,136,279
1,141,137
1,142,22
1,150,312
1,151,54
1,163,167
1,185,39
1,191,349
1,192,361
1,199,552
1,208,197
1,209,596
1,216,468
1,217,85
1,224,395
1,250,313
1,273,583
1,278,468
1,280,329
1,286,564
1,290,476
1,293,86
2,1,588
2,3,209
2,4,278
2,5,412
2,8,312
2,10,461
2,11,357
2,12,113
2,13,535
2,14,261
2,15,197
2,18,202
2,19,511
2,21,179
2,22,559
2,23,50
2,26,12
2,28,474
2,30,466
2,32,382
2,34,93
2,35,38
2,40,347
2,41,334
2,42,191
2,44,251
2,46,550
2,48,402
2,49,18
2,50,175
2,54,450
2,55,541
2,58,43
2,62,119
2,63,408
2,65,153
2,67,299
2,69,574
2,70,318
2,72,591
2,74,50
2,81,70
2,82,516
2,85,292
2,87,385
2,92,226
2,93,295
2,94,599
2,100,487
2,103,301
2,104,203
2,105,117
2,106,175
2,111,102
2,115,169
2,117,408
2,118,94
2,120,139
2,121,405
2,122,332
2,123,164
2,125,492
2,126,94
2,130,107
2,131,389
2,138,269
2,143,577
2,155,216
2,165,73
2,166,357
2,171,213
2,178,575
2,181,278
2,185,321
2,191,172
2,203,206
2,206,445
2,215,227
2,217,76
2,220,553
2,222,133
2,223,334
2,224,600
2,225,515
2,228,68
2,235,22
2,236,204
2,242,548
2,247,31
2,253,1
2,262,162
2,272,339
2,278,208
2,289,360
3,1,40
3,2,209
3,5,74
3,8,263
3,9,420
3,10,555
3,12,81
3,13,252
3,14,387
3,15,146
3,17,452
3,19,295
3,20,124
3,21,587
3,23,131
3,24,44
3,25,539
3,28,219
3,29,397
3,30,20
3,33,430
3,34,446
3,37,521
3,38,341
3,39,108
3,40,275
3,41,211
3,43,600
3,44,155
3,45,201
3,46,120
3,47,50
3,52,529
3,53,107
3,54,392
3,55,166
3,56,9
3,57,528
3,58,474
3,59,580
3,61,170
3,63,19
3,65,411
3,66,245
3,68,132
3,69,542
3,70,448
3,77,573
3,78,578
3,80,116
3,81,358
3,82,280
3,83,24
3,85,341
3,89,423
3,90,427
3,91,353
3,93,165
3,94,207
3,98,570
3,100,338
3,102,562
3,106,378
3,108,235
3,116,498
3,118,133
3,120,489
3,121,139
3,122,566
3,125,552
3,126,34
3,131,186
3,132,153
3,133,290
3,134,546
3,147,59
3,151,18
3,154,402
3,158,125
3,161,317
3,162,121
3,166,590
3,169,325
3,174,167
3,175,239
3,177,244
3,183,392
3,189,207
3,199,3
3,204,331
3,209,410
3,210,405
3,212,365
3,226,369
3,233,40
3,239,42
3,245,206
3,248,420
3,251,450
3,254,99
3,260,15
3,283,130
3,291,426
4,1,560
4,2,278
4,5,344
4,6,225
4,8,171
4,9,334
4,10,51
4,11,54
4,12,309
4,13,186
4,14,521
4,16,67
4,17,68
4,18,386
4,19,33
4,20,72
4,21,587
4,23,178
4,24,459
4,25,451
4,26,469
4,27,51
4,28,28
4,29,344
4,30,184
4,31,460
4,32,220
4,33,410
4,34,77
4,36,1
4,37,341
4,38,84
4,39,330
4,40,527
4,42,248
4,43,551
4,45,469
4,47,248
4,49,72
4,52,315
4,53,421
4,54,395
4,55,180
4,56,20
4,57,286
4,59,236
4,62,284
4,63,404
4,67,190
4,69,467
4,74,391
4,76,576
4,78,197
4,79,597
4,83,351
4,88,387
4,89,242
4,90,187
4,93,202
4,105,480
4,106,474
4,109,270
4,111,188
4,112,386
4,114,275
4,116,358
4,118,324
4,123,1
4,124,189
4,128,49
4,129,457
4,133,275
4,140,455
4,144,96
4,151,42
4,152,25
4,157,233
4,161,213
4,163,86
4,169,578
4,172,579
4,175,299
4,178,393
4,179,277
4,186,566
4,196,99
4,199,336
4,212,94
4,213,570
4,222,169
4,231,305
4,235,91
4,236,578
4,243,192
4,264,43
4,273,459
4,275,383
4,289,290
5,2,412
5,3,74
5,4,344
5,6,252
5,7,63
5,8,278
5,9,125
5,13,140
5,15,428
5,16,374
5,17,538
5,18,285
5,20,445
5,23,148
5,24,170
5,25,578
5,28,157
5,29,313
5,31,421
5,32,22
5,33,320
5,34,115
5,35,378
5,36,191
5,37,307
5,38,288
5,39,27
5,41,333
5,45,162
5,46,552
5,47,25
5,48,69
5,49,110
5,50,193
5,54,34
5,57,319
5,58,484
5,60,593
5,62,196
5,65,250
5,66,443
5,67,177
5,68,66
5,70,208
5,71,481
5,72,598
5,74,330
5,75,212
5,77,382
5,79,372
5,81,218
5,83,409
5,84,386
5,85,325
5,91,112
5,95,571
5,96,163
5,100,426
5,102,51
5,104,390
5,107,154
5,108,300
5,118,592
5,122,111
5,131,305
5,133,50
5,138,173
5,139,70
5,140,188
5,143,363
5,156,102
5,158,374
5,166,18
5,168,452
5,179,406
5,186,77
5,194,343
5,195,189
5,198,598
5,199,91
5,204,485
5,210,31
5,211,72
5,216,550
5,217,452
5,227,151
5,229,543
5,239,307
5,241,409
5,242,368
5,259,513
5,264,404
5,266,73
5,271,404
5,274,222
5,276,505
5,279,272
5,285,67
5,294,558
5,299,43
6,1,98
6,4,225
6,5,252
6,7,201
6,8,179
6,9,419
6,10,149
6,11,406
6,12,242
6,13,23
6,14,568
6,16,249
6,17,25
6,18,101
6,22,34
6,24,495
6,26,286
6,27,74
6,28,12
6,29,503
6,30,165
6,31,260
6,32,347
6,33,428
6,35,233
6,38,288
6,40,24
6,41,364
6,42,473
6,43,42
6,45,348
6,46,295
6,47,368
6,48,143
6,49,273
6,51,529
6,52,54
6,55,497
6,58,246
6,60,150
6,63,188
6,64,130
6,67,217
6,68,248
6,69,288
6,70,243
6,78,452
6,79,549
6,81,498
6,82,335
6,83,188
6,86,163
6,89,173
6,92,590
6,97,117
6,98,24
6,102,253
6,108,189
6,111,410
6,114,222
6,115,148
6,119,129
6,120,260
6,121,130
6,124,57
6,126,460
6,131,470
6,133,423
6,136,116
6,143,358
6,144,112
6,150,417
6,154,532
6,157,305
6,163,232
6,170,43
6,173,222
6,174,240
6,182,465
6,183,118
6,187,565
6,198,347
6,199,370
6,203,339
6,210,43
6,229,305
6,230,116
6,233,387
6,235,112
6,246,589
6,257,74
6,269,563
6,273,245
6,275,502
6,276,284
6,278,247
6,279,222
6,281,28
6,288,276
6,291,292
6,296,381
6,300,284
7,1,368
7,5,63
7,6,201
7,8,474
7,9,82
7,12,547
7,13,423
7,14,199
7,15,313
7,17,567
7,18,202
7,19,201
7,20,416
7,21,352
7,23,331
7,24,193
7,25,285
7,26,564
7,28,148
7,33,219
7,34,69
7,35,80
7,36,352
7,37,131
7,38,186
7,39,137
7,40,456
7,41,248
7,42,546
7,43,239
7,46,592
7,47,161
7,49,189
7,52,431
7,54,209
7,55,285
7,56,534
7,57,221
7,59,257
7,61,93
7,62,464
7,65,282
7,67,518
7,68,221
7,69,342
7,71,476
7,76,98
7,79,276
7,82,412
7,83,316
7,86,483
7,88,323
7,91,69
7,94,582
7,99,147
7,102,72
7,103,153
7,107,334
7,108,45
7,111,488
7,112,66
7,116,118
7,118,517
7,119,231
7,120,30
7,125,450
7,127,56
7,129,313
7,133,269
7,147,527
7,148,271
7,150,14
7,151,66
7,153,87
7,155,362
7,160,313
7,165,58
7,169,99
7,173,268
7,177,26
7,181,479
7,182,226
7,192,503
7,195,571
7,202,381
7,207,189
7,223,490
7,234,369
7,238,93
7,247,248
7,249,369
7,257,448
7,262,532
7,263,37
7,280,80
8,1,97
8,2,312
8,3,263
8,4,171
8,5,278
8,6,179
8,7,474
8,9,176
8,11,346
8,13,446
8,14,333
8,16,536
8,17,142
8,19,258
8,20,388
8,21,530
8,23,204
8,24,250
8,26,461
8,28,432
8,29,49
8,30,382
8,31,74
8,32,483
8,34,268
8,35,72
8,36,144
8,37,308
8,39,387
8,40,381
8,41,95
8,43,470
8,44,316
8,45,249
8,46,557
8,47,100
8,49,300
8,52,562
8,53,455
8,56,359
8,58,434
8,64,532
8,65,573
8,66,137
8,68,456
8,69,460
8,70,439
8,72,71
8,73,514
8,76,240
8,79,274
8,80,200
8,83,116
8,89,364
8,93,292
8,94,565
8,98,231
8,99,580
8,102,257
8,104,270
8,106,537
8,107,547
8,110,153
8,111,312
8,113,447
8,115,580
8,118,363
8,120,113
8,121,310
8,123,10
8,132,133
8,135,164
8,137,89
8,140,390
8,141,585
8,145,432
8,155,237
8,157,494
8,164,227
8,168,170
8,172,350
8,185,557
8,187,222
8,190,108
8,192,12
8,219,479
8,223,99
8,224,204
8,229,573
8,237,233
8,250,575
8,256,263
8,269,183
8,271,317
8,284,568
8,289,89
8,298,140
9,1,557
9,3,420
9,4,334
9,5,125
9,6,419
9,7,82
9,8,176
9,10,128
9,11,71
9,12,488
9,13,389
9,14,255
9,15,167
9,16,345
9,17,363
9,19,303
9,20,32
9,21,49
9,22,252
9,24,424
9,25,477
9,26,261
9,27,243
9,28,76
9,31,183
9,32,73
9,37,217
9,38,27
9,40,326
9,41,35
9,42,410
9,48,517
9,49,252
9,51,104
9,53,16
9,55,273
9,57,379
9,59,591
9,60,413
9,63,81
9,68,122
9,71,523
9,73,594
9,75,141
9,76,378
9,77,290
9,83,185
9,84,21
9,87,411
9,90,187
9,91,33
9,93,292
9,94,170
9,103,421
9,105,204
9,108,376
9,111,96
9,112,521
9,116,246
9,125,185
9,128,184
9,129,420
9,135,58
9,140,6
9,143,334
9,144,301
9,145,197
9,154,444
9,156,57
9,163,365
9,170,425
9,186,570
9,187,313
9,194,267
9,201,531
9,203,397
9,204,497
9,206,389
9,216,20
9,221,115
9,224,48
9,226,63
9,229,569
9,232,245
9,252,292
9,253,331
9,259,500
9,260,196
9,267,155
9,271,390
9,276,280
10,1,347
10,2,461
10,3,555
10,4,51
10,6,149
10,9,128
10,11,583
10,12,388
10,14,378
10,15,38
10,18,55
10,21,428
10,22,538
10,24,546
10,27,328
10,29,424
10,32,161
10,33,307
10,34,507
10,35,467
10,36,113
10,37,66
10,38,221
10,39,302
10,41,275
10,43,442
10,45,226
10,46,155
10,51,596
10,54,291
10,55,567
10,57,333
10,59,13
10,60,188
10,61,412
10,62,297
10,63,202
10,65,337
10,66,65
10,70,70
10,72,532
10,74,159
10,80,2
10,82,405
10,83,271
10,87,5
10,90,346
10,92,188
10,94,165
10,95,313
10,96,191
10,100,357
10,101,7
10,104,116
10,109,307
10,111,185
10,120,468
10,123,177
10,125,280
10,127,113
10,129,256
10,130,332
10,139,37
10,141,252
10,144,593
10,148,509
10,150,551
10,154,299
10,156,567
10,157,546
10,161,298
10,163,312
10,164,372
10,165,346
10,175,84
10,188,252
10,190,15
10,194,318
10,198,396
10,200,299
10,212,555
10,213,421
10,221,346
10,241,265
10,243,375
10,262,341
10,273,309
10,282,116
10,286,27
10,287,283
10,291,70
11,1,54
11,2,357
11,4,54
11,6,406
11,8,346
11,9,71
11,10,583
11,12,217
11,13,91
11,15,530
11,18,16
11,19,127
11,20,497
11,23,562
11,24,546
11,25,558
11,26,318
11,27,266
11,28,442
11,29,14
11,30,399
11,32,177
11,34,252
11,35,459
11,37,375
11,38,125
11,39,310
11,40,378
11,42,253
11,46,168
11,47,375
11,50,525
11,52,266
11,54,342
11,57,533
11,58,412
11,61,446
11,65,265
11,67,31
11,68,349
11,75,3
11,76,368
11,78,104
11,82,240
11,83,454
11,85,33
11,87,562
11,88,463
11,93,352
11,97,569
11,98,184
11,100,492
11,102,199
11,103,99
11,104,48
11,105,314
11,108,351
11,109,525
11,111,426
11,115,442
11,121,411
11,123,7
11,128,2
11,129,312
11,130,311
11,139,230
11,144,236
11,149,2
11,151,433
11,153,45
11,154,347
11,155,315
11,157,303
11,158,145
11,165,77
11,166,406
11,168,37
11,169,255
11,171,232
11,174,119
11,175,39
11,176,308
11,180,274
11,195,308
11,199,297
11,200,374
11,214,42
11,215,18
11,219,446
11,221,270
11,225,193
11,232,548
11,249,590
11,260,574
11,266,477
11,281,128
11,286,103
11,298,56
12,1,16
12,2,113
12,3,81
12,4,309
12,6,242
12,7,547
12,9,488
12,10,388
12,11,217
12,13,300
12,16,282
12,17,416
12,19,61
12,21,84
12,23,198
12,24,506
12,25,80
12,26,62
12,27,600
12,28,81
12,29,38
12,30,103
12,33,236
12,34,455
12,38,227
12,40,394
12,42,285
12,44,156
12,45,555
12,46,179
12,49,352
12,53,514
12,59,342
12,63,70
12,64,35
12,68,233
12,70,600
12,72,473
12,74,40
12,77,261
12,79,29
12,80,600
12,82,390
12,84,40
12,85,181
12,87,115
12,95,53
12,100,143
12,102,292
12,105,95
12,107,349
12,112,594
12,117,266
12,121,431
12,124,252
12,127,153
12,129,206
12,130,175
12,133,153
12,134,385
12,139,583
12,148,355
12,149,286
12,163,108
12,164,499
12,170,78
12,171,593
12,172,218
12,176,235
12,177,42
12,185,29
12,196,496
12,218,569
12,220,111
12,223,169
12,240,561
12,243,48
12,248,458
12,249,412
12,251,238
12,253,179
12,257,499
12,266,363
12,269,229
12,273,139
12,274,555
12,278,187
12,281,463
12,288,256
12,298,332
13,2,535
13,3,252
13,4,186
13,5,140
13,6,23
13,7,423
13,8,446
13,9,389
13,11,91
13,12,300
13,16,54
13,17,487
13,19,171
13,20,30
13,21,4
13,22,145
13,24,434
13,26,150
13,27,96
13,28,331
13,29,185
13,30,559
13,31,448
13,32,562
13,35,244
13,36,226
13,37,67
13,38,404
13,39,297
13,41,167
13,43,530
13,44,127
13,45,578
13,46,290
13,48,142
13,49,307
13,50,213
13,54,144
13,56,586
13,57,482
13,58,257
13,59,377
13,60,239
13,63,373
13,66,398
13,67,413
13,68,495
13,69,156
13,70,489
13,76,210
13,78,74
13,79,494
13,81,438
13,82,341
13,85,328
13,87,568
13,96,457
13,98,178
13,100,274
13,110,87
13,111,1
13,117,574
13,123,69
13,126,55
13,127,2
13,133,169
13,135,249
13,136,102
13,137,415
13,150,221
13,160,537
13,167,549
13,168,20
13,173,179
13,174,133
13,179,538
13,181,513
13,183,270
13,202,167
13,203,207
13,211,17
13,222,123
13,230,432
13,234,100
13,238,589
13,240,588
13,245,67
13,274,373
13,292,100
14,1,20
14,2,261
14,3,387
14,4,521
14,6,568
14,7,199
14,8,333
14,9,255
14,10,378
14,15,543
14,16,133
14,17,199
14,18,545
14,19,479
14,21,495
14,23,159
14,26,59
14,27,546
14,29,279
14,30,55
14,31,543
14,34,370
14,35,121
14,36,118
14,39,128
14,40,199
14,41,19
14,42,181
14,43,399
14,44,482
14,45,390
14,50,429
14,51,561
14,53,296
14,54,352
14,55,589
14,57,544
14,64,456
14,68,359
14,69,324
14,70,393
14,73,323
14,74,191
14,75,276
14,82,407
14,85,157
14,88,350
14,91,590
14,95,178
14,102,360
14,104,252
14,109,129
14,112,421
14,117,427
14,119,32
14,127,333
14,128,29
14,133,180
14,136,537
14,140,298
14,145,340
14,153,483
14,157,297
14,161,106
14,167,292
14,168,367
14,174,329
14,177,317
14,178,343
14,185,58
14,187,221
14,188,192
14,190,339
14,196,461
14,199,260
14,204,217
14,205,197
14,222,74
14,226,203
14,227,511
14,232,134
14,247,164
14,249,553
14,254,117
14,256,523
14,258,61
14,260,145
14,288,435
14,290,462
14,296,317
15,1,93
15,2,197
15,3,146
15,5,428
15,7,313
15,9,167
15,10,38
15,11,530
15,14,543
15,20,389
15,21,309
15,23,121
15,25,469
15,26,85
15,27,68
15,32,164
15,33,519
15,36,384
15,38,137
15,40,493
15,43,64
15,45,554
15,46,326
15,47,540
15,48,83
15,49,563
15,54,384
15,56,308
15,57,262
15,58,276
15,59,359
15,61,187
15,64,388
15,67,258
15,69,275
15,70,553
15,73,2
15,74,187
15,75,359
15,77,212
15,80,203
15,81,229
15,87,60
15,91,43
15,92,557
15,95,569
15,97,328
15,99,3
15,103,359
15,104,217
15,109,259
15,111,559
15,119,193
15,125,380
15,126,137
15,130,564
15,131,386
15,133,219
15,135,51
15,137,202
15,143,18
15,149,103
15,152,30
15,154,404
15,157,595
15,158,220
15,161,365
15,164,545
15,167,267
15,169,88
15,172,390
15,175,585
15,176,492
15,179,326
15,184,542
15,186,204
15,188,361
15,189,192
15,195,76
15,201,154
15,213,188
15,221,504
15,228,166
15,236,537
15,240,76
15,272,235
15,275,194
15,283,458
16,1,458
16,4,67
16,5,374
16,6,249
16,8,536
16,9,345
16,12,282
16,13,54
16,14,133
16,17,310
16,18,300
16,19,509
16,20,570
16,21,216
16,22,129
16,23,506
16,24,149
16,25,487
16,26,446
16,27,230
16,28,460
16,33,386
16,36,341
16,38,438
16,39,381
16,40,546
16,41,513
16,43,380
16,44,517
16,45,420
16,46,277
16,47,43
16,48,432
16,51,461
16,52,219
16,53,19
16,55,99
16,60,233
16,62,541
16,63,400
16,64,236
16,66,137
16,73,330
16,74,312
16,75,525
16,80,535
16,81,359
16,84,576
16,86,523
16,87,403
16,88,425
16,90,71
16,93,100
16,94,295
16,95,548
16,101,538
16,102,579
16,104,109
16,105,413
16,106,113
16,109,478
16,110,486
16,111,195
16,112,251
16,114,314
16,115,477
16,117,157
16,118,322
16,124,439
16,126,346
16,133,149
16,134,287
16,135,239
16,137,540
16,142,221
16,143,57
16,145,115
16,147,458
16,154,120
16,157,517
16,161,433
16,163,101
16,166,125
16,169,175
16,175,472
16,176,552
16,177,523
16,178,588
16,180,1
16,181,356
16,200,392
16,222,95
16,223,393
16,233,265
16,235,471
16,261,28
16,272,240
16,277,175
16,281,301
16,286,499
16,290,535
16,293,393
17,3,452
17,4,68
17,5,538
17,6,25
17,7,567
17,8,142
17,9,363
17,12,416
17,13,487
17,14,199
17,16,310
17,18,266
17,19,109
17,20,150
17,21,123
17,22,534
17,23,407
17,24,323
17,25,397
17,27,528
17,30,229
17,32,82
17,33,540
17,34,461
17,36,74
17,37,436
17,38,461
17,39,318
17,42,408
17,43,377
17,45,20
17,47,400
17,48,136
17,50,246
17,52,294
17,56,276
17,59,448
17,60,453
17,64,55
17,65,469
17,68,352
17,73,102
17,76,596
17,77,126
17,82,510
17,84,567
17,86,504
17,89,184
17,90,310
17,95,78
17,96,240
17,98,403
17,108,198
17,109,139
17,110,178
17,114,139
17,115,121
17,120,224
17,127,184
17,129,192
17,141,85
17,148,532
17,149,507
17,152,94
17,159,306
17,166,266
17,167,554
17,168,400
17,177,417
17,184,403
17,186,466
17,196,119
17,207,379
17,224,139
17,231,210
17,242,291
17,244,331
17,246,250
17,248,141
17,249,167
17,255,236
17,259,358
17,268,246
17,272,327
17,282,76
17,290,246
17,291,56
17,298,542
18,1,3
18,2,202
18,4,386
18,5,285
18,6,101
18,7,202
18,10,55
18,11,16
18,14,545
18,16,300
18,17,266
18,20,535
18,23,229
18,24,469
18,25,465
18,26,377
18,27,134
18,29,29
18,30,35
18,32,192
18,33,350
18,36,368
18,37,403
18,40,97
18,42,118
18,44,410
18,45,382
18,50,211
18,51,447
18,52,306
18,55,321
18,56,560
18,57,286
18,59,351
18,63,125
18,64,527
18,65,121
18,68,97
18,69,175
18,70,381
18,71,3
18,72,310
18,73,333
18,75,308
18,76,184
18,77,556
18,79,137
18,80,370
18,83,587
18,84,242
18,87,4
18,88,444
18,89,311
18,90,343
18,91,230
18,95,31
18,101,402
18,103,441
18,109,599
18,113,140
18,127,459
18,128,532
18,129,283
18,130,144
18,132,210
18,146,278
18,147,215
18,148,137
18,149,56
18,153,424
18,157,438
18,160,245
18,162,158
18,163,452
18,167,211
18,169,305
18,176,71
18,177,179
18,181,328
18,183,507
18,184,460
18,188,477
18,195,171
18,199,514
18,206,438
18,217,527
18,222,463
18,223,418
18,226,276
18,234,87
18,248,488
18,249,223
18,257,107
18,258,84
18,261,26
18,269,216
18,276,228
18,292,229
19,1,131
19,2,511
19,3,295
19,4,33
19,7,201
19,8,258
19,9,303
19,11,127
19,12,61
19,13,171
19,14,479
19,16,509
19,17,109
19,20,261
19,22,63
19,23,200
19,26,224
19,28,539
19,30,412
19,31,203
19,33,39
19,34,229
19,36,18
19,38,274
19,39,277
19,41,574
19,42,68
19,43,400
19,44,352
19,46,405
19,48,417
19,49,139
19,54,174
19,55,104
19,56,240
19,57,559
19,58,2
19,60,14
19,61,48
19,62,47
19,63,25
19,64,207
19,68,39
19,70,172
19,71,581
19,72,539
19,73,381
19,74,433
19,79,364
19,80,31
19,84,222
19,85,361
19,87,350
19,90,1
19,96,545
19,98,550
19,103,592
19,108,222
19,110,49
19,113,328
19,116,549
19,121,301
19,126,593
19,127,315
19,128,231
19,131,57
19,132,521
19,139,389
19,142,316
19,146,412
19,147,476
19,151,90
19,155,9
19,156,346
19,157,340
19,159,44
19,160,326
19,163,404
19,171,159
19,173,159
19,175,186
19,177,232
19,179,515
19,183,442
19,189,436
19,190,555
19,193,253
19,196,21
19,201,470
19,205,192
19,207,170
19,217,280
19,223,556
19,233,215
19,236,285
19,237,465
19,250,36
19,251,441
19,263,105
19,276,319
19,282,65
19,292,313
19,294,172
19,297,168
19,300,353
20,1,410
20,3,124
20,4,72
20,5,445
20,7,416
20,8,388
20,9,32
20,11,497
20,13,30
20,15,389
20,16,570
20,17,150
20,18,535
20,19,261
20,21,283
20,22,429
20,23,308
20,24,131
20,26,535
20,27,482
20,29,117
20,31,9
20,32,193
20,33,412
20,36,18
20,37,261
20,38,211
20,39,195
20,42,394
20,44,509
20,47,150
20,49,500
20,50,439
20,51,263
20,54,357
20,55,543
20,56,369
20,57,558
20,58,340
20,61,310
20,64,567
20,65,259
20,66,438
20,67,219
20,68,436
20,69,227
20,72,25
20,75,244
20,76,189
20,85,529
20,93,332
20,99,595
20,101,40
20,110,69
20,115,170
20,117,159
20,120,8
20,125,143
20,128,428
20,134,255
20,137,584
20,145,437
20,154,281
20,156,71
20,164,198
20,168,506
20,171,366
20,177,574
20,181,5
20,184,121
20,185,474
20,186,259
20,194,171
20,200,20
20,203,488
20,216,506
20,218,101
20,221,70
20,233,380
20,238,314
20,242,186
20,253,504
20,255,65
20,259,218
20,272,61
20,288,16
20,292,308
20,293,135
20,296,333
20,300,282
21,1,237
21,2,179
21,3,587
21,4,587
21,7,352
21,8,530
21,9,49
21,10,428
21,12,84
21,13,4
21,14,495
21,15,309
21,16,216
21,17,123
21,20,283
21,22,535
21,23,106
21,25,312
21,27,35
21,28,186
21,30,380
21,31,566
21,32,272
21,33,529
21,39,156
21,41,397
21,44,359
21,45,453
21,46,574
21,48,1
21,49,251
21,50,234
21,52,10
21,53,325
21,54,44
21,55,273
21,63,524
21,65,247
21,67,52
21,68,104
21,71,536
21,74,405
21,75,259
21,78,194
21,83,34
21,84,424
21,92,165
21,93,64
21,96,82
21,97,351
21,98,435
21,101,358
21,102,264
21,105,137
21,111,120
21,116,41
21,121,127
21,125,595
21,136,152
21,140,213
21,142,422
21,143,555
21,146,271
21,148,587
21,150,247
21,151,479
21,155,386
21,166,77
21,181,230
21,183,457
21,192,538
21,193,495
21,194,489
21,207,177
21,213,274
21,215,216
21,222,426
21,223,80
21,229,288
21,230,569
21,240,353
21,247,424
21,250,468
21,253,92
21,257,138
21,264,317
21,269,419
21,277,391
21,286,496
21,298,144
21,300,124
22,1,580
22,2,559
22,6,34
22,9,252
22,10,538
22,13,145
22,16,129
22,17,534
22,19,63
22,20,429
22,21,535
22,24,524
22,25,117
22,28,167
22,29,97
22,31,239
22,33,501
22,34,28
22,40,157
22,43,40
22,44,537
22,45,156
22,46,497
22,47,290
22,52,171
22,53,73
22,54,576
22,58,429
22,63,374
22,64,352
22,66,499
22,67,96
22,68,580
22,71,420
22,74,280
22,76,80
22,77,169
22,85,525
22,86,400
22,91,136
22,94,561
22,97,135
22,98,48
22,105,469
22,108,566
22,110,463
22,111,146
22,115,585
22,119,54
22,120,442
22,121,444
22,129,196
22,132,171
22,136,515
22,137,474
22,140,563
22,144,498
22,145,215
22,146,410
22,148,182
22,149,115
22,150,107
22,156,448
22,160,434
22,162,476
22,163,35
22,168,525
22,169,109
22,170,145
22,178,278
22,179,556
22,180,357
22,209,589
22,222,561
22,223,196
22,232,261
22,236,516
22,237,444
22,243,576
22,248,570
22,272,506
22,284,379
22,285,425
22,292,515
22,293,98
22,299,258
23,1,585
23,2,50
23,3,131
23,4,178
23,5,148
23,7,331
23,8,204
23,11,562
23,12,198
23,14,159
23,15,121
23,16,506
23,17,407
23,18,229
23,19,200
23,20,308
23,21,106
23,25,31
23,26,199
23,28,573
23,29,124
23,30,25
23,31,452
23,32,395
23,33,308
23,34,563
23,35,565
23,37,171
23,38,241
23,39,491
23,40,446
23,42,537
23,43,281
23,44,332
23,45,21
23,46,169
23,50,502
23,51,3
23,52,51
23,53,508
23,54,231
23,55,332
23,57,119
23,60,273
23,61,360
23,62,312
23,63,254
23,67,60
23,70,516
23,71,594
23,73,463
23,74,43
23,88,437
23,89,26
23,91,413
23,92,282
23,99,244
23,101,301
23,104,278
23,106,236
23,109,249
23,110,72
23,112,458
23,113,88
23,116,156
23,119,4
23,124,460
23,126,63
23,128,494
23,134,589
23,137,593
23,138,201
23,139,526
23,140,416
23,141,226
23,142,381
23,145,596
23,146,291
23,148,37
23,149,303
23,153,522
23,156,402
23,161,561
23,163,434
23,164,333
23,172,489
23,177,371
23,181,369
23,186,455
23,192,172
23,194,580
23,201,103
23,205,87
23,215,28
23,221,148
23,225,561
23,226,364
23,230,472
23,243,74
23,252,52
23,255,440
23,259,34
23,260,232
23,264,21
23,268,104
23,274,58
23,277,404
23,289,403
23,293,24
23,298,176
24,3,44
24,4,459
24,5,170
24,6,495
24,7,193
24,8,250
24,9,424
24,10,546
24,11,546
24,12,506
24,13,434
24,16,149
24,17,323
24,18,469
24,20,131
24,22,524
24,26,371
24,28,582
24,29,494
24,30,220
24,33,182
24,34,185
24,35,558
24,36,156
24,37,132
24,39,136
24,41,559
24,45,484
24,46,350
24,47,464
24,49,211
24,50,248
24,56,239
24,57,374
24,58,78
24,60,496
24,61,369
24,62,476
24,63,383
24,67,138
24,69,414
24,70,470
24,71,369
24,74,437
24,75,569
24,78,494
24,83,470
24,85,458
24,89,348
24,93,398
24,95,462
24,98,257
24,109,355
24,112,68
24,116,50
24,123,171
24,125,488
24,130,84
24,139,228
24,144,191
24,146,2
24,160,317
24,163,331
24,177,186
24,183,312
24,184,508
24,194,584
24,195,512
24,197,580
24,199,24
24,206,215
24,209,493
24,216,107
24,222,193
24,223,208
24,228,338
24,229,325
24,233,120
24,252,550
24,255,582
24,258,28
24,267,194
24,278,507
24,285,37
24,287,271
25,3,539
25,4,451
25,5,578
25,7,285
25,9,477
25,11,558
25,12,80
25,15,469
25,16,487
25,17,397
25,18,465
25,21,312
25,22,117
25,23,31
25,26,225
25,27,410
25,28,466
25,29,436
25,30,277
25,31,450
25,35,410
25,38,87
25,40,427
25,42,90
25,45,337
25,47,534
25,50,102
25,51,495
25,55,38
25,56,541
25,57,406
25,58,84
25,60,458
25,61,328
25,63,384
25,64,25
25,66,294
25,67,201
25,68,546
25,69,186
25,71,463
25,72,86
25,73,452
25,77,95
25,84,124
25,85,486
25,88,95
25,92,43
25,93,164
25,96,243
25,97,483
25,99,599
25,102,584
25,106,459
25,107,302
25,109,121
25,111,324
25,113,489
25,115,102
25,122,433
25,126,570
25,129,41
25,130,310
25,133,329
25,134,261
25,138,71
25,139,500
25,143,222
25,151,333
25,165,479
25,173,66
25,178,174
25,182,518
25,187,511
25,189,273
25,202,166
25,204,442
25,205,71
25,215,439
25,225,64
25,226,420
25,236,410
25,239,267
25,255,391
25,256,379
25,262,37
25,268,346
25,279,147
25,284,40
25,292,45
25,294,455
26,1,188
26,2,12
26,4,469
26,6,286
26,7,564
26,8,461
26,9,261
26,11,318
26,12,62
26,13,150
26,14,59
26,15,85
26,16,446
26,18,377
26,19,224
26,20,535
26,23,199
26,24,371
26,25,225
26,27,591
26,29,94
26,30,263
26,31,358
26,32,21
26,33,234
26,34,63
26,36,396
26,37,18
26,38,418
26,39,494
26,40,443
26,41,125
26,42,234
26,43,547
26,48,512
26,51,79
26,52,110
26,56,490
26,58,24
26,61,202
26,65,503
26,68,150
26,69,407
26,72,548
26,76,491
26,79,535
26,80,531
26,83,530
26,86,210
26,90,59
26,97,399
26,98,306
26,101,288
26,104,290
26,106,85
26,118,51
26,120,126
26,121,234
26,122,60
26,125,111
26,127,24
26,132,297
26,135,42
26,138,215
26,141,590
26,145,327
26,146,207
26,160,35
26,167,355
26,169,572
26,170,497
26,174,558
26,175,598
26,182,382
26,185,63
26,187,431
26,192,397
26,194,220
26,201,214
26,203,555
26,210,104
26,215,1
26,237,320
26,239,392
26,244,136
26,247,598
26,249,396
26,250,236
26,251,574
26,259,61
26,261,526
26,262,19
26,272,486
26,293,262
26,299,368
27,4,51
27,6,74
27,9,243
27,10,328
27,11,266
27,12,600
27,13,96
27,14,546
27,15,68
27,16,230
27,17,528
27,18,134
27,20,482
27,21,35
27,25,410
27,26,591
27,28,306
27,29,161
27,31,556
27,32,426
27,35,467
27,36,332
27,37,295
27,40,215
27,42,364
27,43,485
27,46,600
27,47,229
27,49,314
27,51,307
27,52,392
27,53,145
27,54,64
27,55,33
27,57,101
27,59,367
27,60,313
27,61,330
27,63,423
27,66,534
27,67,452
27,69,347
27,70,494
27,71,399
27,72,235
27,73,445
27,77,255
27,78,500
27,84,51
27,87,179
27,92,44
27,95,11
27,96,80
27,97,227
27,99,152
27,103,365
27,113,169
27,122,384
27,123,388
27,126,490
27,128,531
27,135,441
27,136,264
27,143,184
27,160,319
27,161,538
27,180,112
27,187,298
27,188,255
27,190,142
27,198,104
27,203,272
27,204,325
27,215,343
27,218,142
27,220,189
27,222,123
27,231,124
27,241,48
27,242,48
27,244,392
27,255,530
27,256,418
27,264,211
27,266,378
27,268,25
27,274,185
27,279,325
27,280,102
28,1,463
28,2,474
28,3,219
28,4,28
28,5,157
28,6,12
28,7,148
28,8,432
28,9,76
28,11,442
28,12,81
28,13,331
28,16,460
28,19,539
28,21,186
28,22,167
28,23,573
28,24,582
28,25,466
28,27,306
28,29,162
28,30,87
28,31,588
28,32,272
28,33,271
28,34,532
28,36,303
28,37,199
28,38,18
28,39,266
28,41,18
28,42,371
28,44,39
28,45,22
28,46,404
28,47,505
28,48,290
28,49,438
28,50,203
28,51,519
28,53,236
28,56,362
28,57,573
28,60,569
28,62,142
28,65,276
28,66,199
28,67,448
28,68,405
28,70,266
28,74,374
28,75,461
28,80,107
28,83,401
28,84,535
28,85,516
28,89,447
28,91,248
28,97,376
28,102,74
28,103,35
28,106,240
28,107,504
28,112,386
28,116,529
28,120,447
28,123,351
28,132,518
28,136,538
28,138,300
28,141,134
28,142,69
28,144,341
28,147,575
28,153,398
28,158,556
28,160,123
28,179,446
28,185,369
28,186,509
28,197,290
28,199,364
28,202,549
28,204,474
28,212,563
28,214,137
28,219,300
28,220,205
28,228,554
28,235,355
28,239,182
28,247,177
28,274,588
28,284,264
29,3,397
29,4,344
29,5,313
29,6,503
29,8,49
29,10,424
29,11,14
29,12,38
29,13,185
29,14,279
29,18,29
29,20,117
29,22,97
29,23,124
29,24,494
29,25,436
29,26,94
29,27,161
29,28,162
29,30,125
29,31,473
29,33,304
29,34,481
29,35,234
29,38,76
29,39,521
29,41,194
29,42,525
29,43,183
29,44,388
29,45,428
29,49,111
29,50,292
29,52,26
29,56,184
29,57,579
29,58,508
29,60,461
29,61,582
29,65,473
29,85,175
29,90,356
29,91,582
29,92,461
29,95,420
29,102,491
29,107,596
29,108,76
29,114,531
29,119,176
29,124,316
29,126,254
29,127,296
29,131,228
29,133,34
29,148,384
29,154,83
29,155,266
29,156,237
29,165,376
29,168,73
29,170,55
29,171,112
29,172,505
29,180,401
29,184,333
29,199,55
29,204,371
29,205,189
29,209,380
29,211,311
29,213,328
29,218,563
29,226,530
29,229,561
29,240,558
29,243,466
29,247,138
29,248,279
29,249,260
29,251,70
29,255,422
29,258,84
29,265,447
29,267,133
29,277,217
29,288,304
29,291,207
29,295,255
29,299,357
30,1,228
30,2,466
30,3,20
30,4,184
30,6,165
30,8,382
30,11,399
30,12,103
30,13,559
30,14,55
30,17,229
30,18,35
30,19,412
30,21,380
30,23,25
30,24,220
30,25,277
30,26,263
30,28,87
30,29,125
30,31,90
30,33,329
30,34,411
30,35,336
30,36,478
30,39,310
30,40,556
30,42,63
30,46,427
30,47,338
30,48,166
30,49,456
30,50,341
30,51,404
30,52,530
30,53,157
30,55,176
30,56,470
30,57,424
30,61,73
30,64,159
30,65,375
30,66,569
30,67,320
30,71,448
30,72,104
30,74,534
30,75,366
30,76,12
30,79,296
30,82,164
30,83,280
30,86,117
30,90,43
30,91,501
30,96,286
30,100,554
30,102,184
30,105,242
30,109,216
30,115,44
30,121,363
30,128,31
30,129,432
30,133,386
30,134,577
30,136,382
30,142,460
30,150,522
30,153,426
30,154,462
30,158,58
30,161,20
30,167,71
30,177,243
30,178,8
30,185,539
30,186,511
30,191,453
30,197,266
30,199,512
30,209,427
30,219,442
30,227,361
30,230,154
30,234,267
30,247,524
30,267,593
30,270,475
30,272,528
30,279,316
30,284,316
30,294,543
30,295,467
30,297,456
31,4,460
31,5,421
31,6,260
31,8,74
31,9,183
31,13,448
31,14,543
31,19,203
31,20,9
31,21,566
31,22,239
31,23,452
31,25,450
31,26,358
31,27,556
31,28,588
31,29,473
31,30,90
31,32,137
31,34,338
31,35,284
31,36,587
31,39,418
31,40,354
31,42,339
31,44,165
31,45,73
31,47,556
31,48,504
31,51,382
31,52,535
31,56,542
31,57,570
31,60,312
31,65,199
31,66,505
31,69,200
31,70,98
31,71,339
31,72,409
31,74,24
31,76,134
31,78,276
31,83,201
31,84,342
31,85,73
31,87,318
31,89,61
31,92,227
31,95,434
31,102,397
31,107,131
31,111,273
31,113,215
31,120,571
31,123,492
31,127,262
31,134,15
31,135,281
31,137,578
31,138,176
31,141,272
31,144,365
31,147,187
31,149,10
31,152,281
31,153,312
31,159,509
31,163,546
31,165,196
31,168,259
31,169,444
31,179,468
31,185,475
31,190,301
31,198,220
31,216,165
31,233,380
31,237,194
31,244,259
31,249,30
31,254,204
31,263,169
31,274,298
31,287,277
31,299,91
32,2,382
32,4,220
32,5,22
32,6,347
32,8,483
32,9,73
32,10,161
32,11,177
32,13,562
32,15,164
32,17,82
32,18,192
32,20,193
32,21,272
32,23,395
32,26,21
32,27,426
32,28,272
32,31,137
32,33,227
32,35,561
32,36,568
32,37,146
32,38,387
32,40,266
32,43,146
32,44,547
32,47,364
32,48,131
32,49,290
32,50,574
32,52,196
32,53,303
32,56,338
32,57,347
32,58,230
32,61,289
32,63,407
32,67,34
32,69,169
32,72,308
32,74,252
32,76,460
32,77,353
32,81,304
32,84,79
32,85,481
32,86,48
32,87,355
32,95,321
32,96,281
32,97,155
32,100,429
32,102,440
32,103,549
32,104,14
32,105,445
32,111,517
32,114,231
32,115,592
32,116,162
32,117,231
32,119,446
32,134,166
32,141,482
32,142,160
32,144,159
32,145,578
32,148,4
32,153,451
32,159,122
32,166,596
32,171,228
32,184,6
32,192,269
32,195,28
32,196,583
32,212,582
32,226,112
32,239,393
32,251,108
32,258,132
32,264,97
32,271,447
32,274,52
32,284,331
32,290,273
32,292,141
33,3,430
33,4,410
33,5,320
33,6,428
33,7,219
33,10,307
33,12,236
33,15,519
33,16,386
33,17,540
33,18,350
33,19,39
33,20,412
33,21,529
33,22,501
33,23,308
33,24,182
33,26,234
33,28,271
33,29,304
33,30,329
33,32,227
33,34,596
33,35,74
33,36,38
33,37,280
33,38,503
33,39,175
33,41,39
33,42,115
33,43,283
33,44,74
33,45,372
33,47,45
33,48,128
33,50,174
33,54,366
33,56,327
33,57,528
33,58,507
33,59,456
33,60,476
33,61,106
33,63,341
33,64,263
33,69,544
33,78,537
33,81,331
33,82,2
33,85,358
33,88,132
33,90,87
33,96,165
33,98,281
33,100,559
33,104,282
33,105,21
33,107,122
33,108,276
33,109,543
33,110,143
33,113,22
33,114,438
33,115,69
33,116,543
33,119,354
33,125,408
33,130,99
33,139,30
33,140,192
33,142,339
33,143,392
33,147,478
33,149,556
33,151,184
33,154,543
33,166,134
33,178,516
33,193,324
33,194,90
33,200,351
33,213,355
33,233,371
33,244,238
33,253,90
33,256,107
33,258,109
33,277,497
33,286,588
33,288,103
33,300,352
34,2,93
34,3,446
34,4,77
34,5,115
34,7,69
34,8,268
34,10,507
34,11,252
34,12,455
34,14,370
34,17,461
34,19,229
34,22,28
34,23,563
34,24,185
34,26,63
34,28,532
34,29,481
34,30,411
34,31,338
34,33,596
34,35,380
34,36,305
34,37,383
34,38,369
34,39,558
34,40,273
34,41,1
34,42,472
34,43,569
34,44,350
34,47,128
34,50,300
34,51,240
34,52,345
34,53,583
34,54,227
34,55,586
34,60,309
34,61,376
34,64,442
34,66,284
34,67,98
34,68,92
34,70,151
34,71,424
34,75,175
34,77,92
34,78,478
34,86,106
34,88,381
34,92,314
34,93,61
34,94,327
34,97,407
34,98,95
34,99,585
34,102,500
34,105,534
34,107,595
34,111,235
34,118,36
34,122,134
34,123,220
34,129,515
34,130,182
34,135,229
34,139,45
34,140,209
34,141,50
34,144,600
34,145,9
34,150,434
34,158,56
34,161,192
34,162,305
34,163,327
34,164,191
34,177,290
34,180,198
34,186,318
34,187,335
34,190,151
34,192,276
34,195,295
34,198,267
34,203,109
34,212,502
34,216,278
34,218,10
34,219,199
34,232,191
34,245,260
34,252,561
34,256,70
34,257,545
34,262,241
34,264,155
34,266,273
34,270,353
34,272,74
34,281,41
34,295,90
35,1,503
35,2,38
35,5,378
35,6,233
35,7,80
35,8,72
35,10,467
35,11,459
35,13,244
35,14,121
35,23,565
35,24,558
35,25,410
35,27,467
35,29,234
35,30,336
35,31,284
35,32,561
35,33,74
35,34,380
35,39,77
35,41,436
35,42,545
35,43,466
35,44,436
35,45,341
35,47,78
35,48,490
35,50,136
35,51,488
35,56,354
35,57,295
35,58,23
35,59,499
35,61,264
35,64,128
35,66,158
35,67,578
35,70,74
35,71,99
35,72,591
35,73,434
35,79,47
35,86,284
35,93,450
35,97,33
35,100,130
35,111,305
35,112,373
35,113,276
35,114,69
35,118,585
35,119,533
35,124,203
35,125,126
35,128,161
35,130,22
35,131,516
35,133,411
35,134,32
35,135,117
35,139,156
35,144,350
35,145,547
35,146,366
35,149,154
35,156,596
35,157,217
35,161,21
35,162,580
35,167,332
35,175,277
35,183,182
35,193,576
35,202,353
35,218,248
35,224,97
35,226,559
35,235,538
35,238,243
35,248,95
35,249,392
35,252,273
35,255,283
35,263,144
35,278,402
35,282,5
35,287,307
35,288,428
35,299,407
36,1,196
36,4,1
36,5,191
36,7,352
36,8,144
36,10,113
36,13,226
36,14,118
36,15,384
36,16,341
36,17,74
36,18,368
36,19,18
36,20,18
36,24,156
36,26,396
36,27,332
36,28,303
36,30,478
36,31,587
36,32,568
36,33,38
36,34,305
36,37,51
36,38,291
36,39,48
36,40,356
36,44,594
36,45,250
36,47,275
36,48,267
36,49,350
36,50,523
36,52,315
36,53,324
36,58,32
36,59,595
36,60,560
36,63,330
36,64,444
36,67,88
36,68,51
36,70,403
36,73,107
36,75,164
36,77,64
36,78,358
36,79,472
36,80,221
36,81,546
36,82,550
36,86,567
36,88,391
36,94,61
36,95,51
36,97,391
36,98,35
36,99,551
36,100,439
36,102,332
36,103,581
36,104,558
36,105,362
36,107,422
36,111,238
36,112,598
36,123,280
36,145,513
36,150,400
36,151,389
36,152,94
36,154,497
36,163,295
36,166,465
36,167,308
36,170,31
36,174,261
36,177,26
36,180,456
36,181,272
36,183,218
36,186,275
36,189,134
36,192,407
36,193,316
36,211,417
36,217,357
36,225,159
36,241,315
36,257,489
36,287,539
36,298,328
37,1,245
37,3,521
37,4,341
37,5,307
37,7,131
37,8,308
37,9,217
37,10,66
37,11,375
37,13,67
37,17,436
37,18,403
37,20,261
37,23,171
37,24,132
37,26,18
37,27,295
37,28,199
37,32,146
37,33,280
37,34,383
37,36,51
37,39,173
37,40,240
37,41,329
37,43,591
37,44,118
37,45,138
37,48,242
37,49,89
37,50,67
37,51,25
37,52,252
37,53,352
37,55,150
37,57,449
37,58,529
37,66,365
37,67,74
37,69,544
37,72,425
37,73,219
37,74,495
37,76,264
37,79,14
37,85,524
37,91,456
37,94,49
37,95,11
37,99,168
37,104,145
37,106,313
37,107,86
37,110,489
37,111,503
37,122,35
37,124,509
37,125,39
37,130,112
37,131,263
37,135,355
37,136,123
37,139,407
37,143,485
37,144,387
37,146,594
37,148,577
37,150,281
37,152,561
37,157,26
37,167,315
37,168,552
37,174,354
37,188,297
37,192,406
37,208,574
37,210,23
37,213,106
37,219,265
37,220,112
37,225,79
37,226,121
37,227,255
37,230,35
37,235,480
37,237,129
37,239,439
37,245,312
37,250,100
37,272,579
37,273,495
37,282,515
37,294,457
37,295,29
37,297,94
38,3,341
38,4,84
38,5,288
38,6,288
38,7,186
38,9,27
38,10,221
38,11,125
38,12,227
38,13,404
38,15,137
38,16,438
38,17,461
38,19,274
38,20,211
38,23,241
38,25,87
38,26,418
38,28,18
38,29,76
38,32,387
38,33,503
38,34,369
38,36,291
38,39,214
38,42,600
38,43,18
38,44,580
38,46,178
38,47,416
38,48,288
38,49,135
38,51,77
38,53,585
38,55,436
38,58,322
38,61,67
38,62,126
38,68,93
38,70,137
38,71,358
38,72,596
38,74,352
38,78,54
38,85,368
38,90,121
38,91,475
38,92,350
38,93,131
38,94,261
38,99,10
38,103,20
38,104,35
38,123,36
38,125,417
38,133,435
38,136,304
38,141,92
38,150,498
38,154,344
38,168,512
38,170,167
38,181,37
38,184,206
38,185,267
38,187,396
38,189,362
38,190,505
38,216,152
38,222,14
38,234,48
38,237,435
38,239,475
38,245,37
38,246,218
38,258,76
38,272,106
38,285,225
38,286,397
38,290,192
38,293,479
38,297,359
38,299,448
39,1,165
39,3,108
39,4,330
39,5,27
39,7,137
39,8,387
39,10,302
39,11,310
39,13,297
39,14,128
39,16,381
39,17,318
39,19,277
39,20,195
39,21,156
39,23,491
39,24,136
39,26,494
39,28,266
39,29,521
39,30,310
39,31,418
39,33,175
39,34,558
39,35,77
39,36,48
39,37,173
39,38,214
39,40,410
39,42,176
39,43,333
39,44,247
39,45,269
39,46,487
39,47,262
39,48,345
39,49,11
39,53,539
39,55,153
39,58,120
39,59,140
39,60,191
39,62,73
39,64,587
39,66,522
39,67,456
39,68,16
39,70,217
39,72,454
39,74,282
39,76,95
39,78,410
39,79,394
39,82,25
39,86,335
39,87,219
39,88,564
39,90,256
39,91,82
39,100,84
39,103,377
39,106,37
39,110,164
39,113,537
39,116,142
39,121,195
39,124,510
39,127,538
39,129,380
39,134,435
39,136,463
39,151,117
39,158,201
39,161,570
39,168,59
39,178,59
39,185,525
39,187,232
39,189,72
39,190,540
39,195,241
39,196,191
39,201,118
39,202,598
39,203,217
39,211,313
39,216,446
39,228,7
39,234,49
39,237,127
39,246,517
39,264,332
39,265,99
39,281,467
39,287,56
39,288,578
39,297,540
40,1,514
40,2,347
40,3,275
40,4,527
40,6,24
40,7,456
40,8,381
40,9,326
40,11,378
40,12,394
40,14,199
40,15,493
40,16,546
40,18,97
40,22,157
40,23,446
40,25,427
40,26,443
40,27,215
40,30,556
40,31,354
40,32,266
40,34,273
40,36,356
40,37,240
40,39,410
40,41,93
40,42,127
40,43,73
40,46,420
40,47,567
40,48,513
40,50,590
40,51,154
40,52,407
40,54,242
40,55,351
40,57,34
40,59,428
40,60,257
40,62,182
40,64,67
40,66,444
40,70,386
40,72,67
40,73,598
40,74,139
40,75,14
40,77,599
40,79,114
40,80,181
40,81,570
40,85,409
40,88,347
40,91,54
40,93,581
40,99,365
40,100,286
40,102,79
40,104,211
40,109,544
40,112,531
40,120,37
40,125,320
40,132,303
40,134,491
40,137,572
40,138,187
40,145,226
40,147,571
40,153,584
40,162,451
40,173,193
40,175,455
40,178,121
40,180,357
40,181,262
40,193,102
40,195,350
40,197,74
40,213,425
40,227,593
40,228,104
40,232,218
40,234,588
40,244,92
40,245,229
40,249,325
40,260,506
40,273,266
40,278,217
40,280,384
40,283,212
40,296,470
40,297,306
40,299,391
41,1,163
41,2,334
41,3,211
41,5,333
41,6,364
41,7,248
41,8,95
41,9,35
41,10,275
41,13,167
41,14,19
41,16,513
41,19,574
41,21,397
41,24,559
41,26,125
41,28,18
41,29,194
41,33,39
41,34,1
41,35,436
41,37,329
41,40,93
41,42,376
41,43,468
41,46,524
41,47,599
41,51,282
41,52,149
41,53,121
41,54,440
41,58,453
41,61,103
41,62,360
41,65,144
41,66,478
41,80,531
41,83,443
41,84,116
41,87,409
41,88,221
41,89,468
41,90,448
41,92,395
41,98,579
41,99,454
41,101,26
41,104,132
41,106,427
41,109,182
41,110,404
41,112,263
41,113,368
41,114,2
41,117,330
41,122,119
41,123,509
41,124,272
41,140,275
41,142,477
41,144,523
41,146,409
41,153,51
41,156,573
41,163,242
41,164,302
41,167,340
41,168,68
41,172,185
41,178,352
41,183,380
41,188,161
41,195,411
41,199,596
41,206,486
41,208,382
41,215,410
41,224,144
41,227,161
41,234,295
41,244,509
41,253,261
41,254,159
41,265,587
41,289,30
41,298,92
42,2,191
42,4,248
42,6,473
42,7,546
42,9,410
42,11,253
42,12,285
42,14,181
42,17,408
42,18,118
42,19,68
42,20,394
42,23,537
42,25,90
42,26,234
42,27,364
42,28,371
42,29,525
42,30,63
42,31,339
42,33,115
42,34,472
42,35,545
42,38,600
42,39,176
42,40,127
42,41,376
42,43,81
42,45,549
42,51,271
42,53,133
42,56,513
42,57,550
42,61,426
42,63,526
42,66,447
42,67,378
42,68,254
42,70,232
42,72,87
42,73,427
42,74,411
42,75,229
42,77,292
42,78,281
42,81,217
42,82,422
42,85,241
42,87,367
42,91,134
42,92,489
42,101,99
42,102,293
42,103,559
42,106,344
42,111,203
42,113,501
42,118,455
42,122,578
42,125,500
42,126,42
42,128,161
42,133,70
42,138,409
42,147,413
42,148,487
42,150,597
42,151,286
42,154,508
42,156,18
42,159,354
42,160,144
42,161,149
42,168,119
42,172,507
42,174,553
42,181,138
42,183,70
42,188,271
42,190,198
42,191,124
42,197,3
42,201,101
42,204,353
42,205,231
42,212,297
42,219,40
42,221,577
42,226,385
42,227,248
42,237,220
42,241,151
42,248,120
42,254,559
42,264,281
42,266,572
42,270,231
42,285,52
42,292,352
43,3,600
43,4,551
43,6,42
43,7,239
43,8,470
43,10,442
43,13,530
43,14,399
43,15,64
43,16,380
43,17,377
43,19,400
43,22,40
43,23,281
43,26,547
43,27,485
43,29,183
43,32,146
43,33,283
43,34,569
43,35,466
43,37,591
43,38,18
43,39,333
43,40,73
43,41,468
43,42,81
43,46,358
43,49,593
43,50,468
43,51,409
43,54,83
43,55,197
43,58,347
43,60,594
43,61,546
43,67,370
43,71,547
43,73,130
43,79,486
43,80,58
43,81,140
43,83,397
43,85,202
43,87,101
43,89,345
43,91,36
43,93,464
43,97,457
43,100,182
43,107,456
43,110,150
43,111,530
43,115,44
43,119,370
43,120,546
43,126,529
43,129,208
43,130,218
43,135,208
43,148,219
43,150,525
43,155,289
43,159,29
43,166,403
43,168,53
43,169,69
43,175,376
43,177,520
43,206,450
43,209,363
43,215,279
43,218,571
43,232,566
43,244,243
43,249,103
43,250,37
