source,target,weight
1,2,383
1,3,487
1,4,529
1,6,186
1,9,282
1,10,260
1,11,264
1,13,58
1,14,345
1,15,421
1,17,42
1,20,595
1,21,563
1,22,561
1,23,23
1,25,484
1,26,379
1,27,476
1,29,539
1,30,281
1,31,106
1,33,61
1,36,240
1,37,7
1,38,298
1,40,214
1,42,535
1,46,507
1,47,345
1,48,66
1,59,596
1,60,140
1,62,218
1,63,571
1,64,55
1,66,365
1,67,247
1,70,18
1,72,247
1,74,64
1,79,284
1,82,165
1,86,388
1,88,548
1,89,425
1,90,108
1,92,296
1,96,302
1,98,99
1,103,494
1,111,534
1,112,200
1,113,187
1,116,51
1,118,146
1,123,571
1,129,208
1,130,81
1,135,312
1,144,8
1,149,233
1,150,501
1,151,346
1,153,600
1,157,462
1,183,433
1,187,386
1,188,35
1,191,267
1,192,588
1,193,383
1,200,158
1,202,105
1,207,477
1,212,47
1,226,223
1,236,544
1,243,202
1,249,244
1,253,43
1,263,588
1,272,129
1,275,198
1,277,407
1,293,29
1,294,41
2,1,383
2,3,354
2,4,11
2,5,202
2,6,383
2,7,87
2,11,189
2,12,188
2,13,136
2,14,245
2,15,591
2,16,209
2,18,59
2,19,121
2,20,223
2,21,95
2,22,488
2,24,65
2,28,287
2,31,77
2,32,299
2,35,235
2,36,95
2,37,439
2,38,228
2,39,39
2,40,218
2,43,543
2,46,179
2,49,422
2,50,62
2,52,306
2,53,197
2,56,266
2,58,500
2,62,132
2,65,598
2,66,75
2,68,378
2,69,266
2,71,37
2,72,326
2,75,66
2,80,24
2,81,164
2,82,273
2,83,7
2,86,178
2,88,38
2,90,221
2,97,201
2,99,112
2,106,547
2,107,37
2,114,162
2,115,581
2,125,298
2,131,482
2,135,255
2,139,578
2,158,21
2,164,101
2,170,426
2,171,353
2,179,364
2,183,31
2,185,535
2,193,468
2,203,133
2,205,312
2,208,533
2,226,544
2,227,322
2,236,307
2,240,581
2,270,527
2,275,55
2,278,130
2,300,209
3,1,487
3,2,354
3,4,423
3,5,75
3,9,517
3,10,114
3,11,596
3,12,114
3,13,294
3,16,76
3,17,467
3,18,211
3,22,23
3,23,424
3,24,233
3,25,582
3,27,327
3,29,294
3,30,459
3,31,130
3,32,288
3,33,586
3,34,333
3,37,273
3,38,47
3,39,526
3,41,549
3,42,172
3,44,61
3,45,367
3,46,369
3,47,231
3,49,220
3,50,111
3,52,249
3,53,224
3,54,350
3,55,76
3,56,481
3,61,559
3,66,588
3,67,201
3,68,494
3,71,437
3,72,358
3,73,479
3,82,532
3,83,63
3,85,268
3,87,162
3,91,572
3,95,546
3,96,201
3,97,124
3,102,594
3,103,77
3,105,538
3,107,307
3,111,45
3,112,458
3,114,218
3,121,560
3,126,45
3,128,128
3,131,52
3,132,480
3,133,365
3,139,470
3,143,564
3,148,169
3,149,82
3,153,539
3,154,222
3,168,209
3,181,527
3,185,282
3,188,330
3,194,485
3,195,27
3,197,475
3,199,481
3,200,569
3,204,241
3,206,576
3,231,565
3,232,108
3,242,496
3,247,554
3,250,116
3,256,324
3,261,552
3,267,203
3,269,197
3,274,116
3,277,252
3,278,414
3,280,534
3,281,24
3,298,189
3,299,122
4,1,529
4,2,11
4,3,423
4,5,153
4,7,36
4,8,431
4,9,380
4,12,485
4,13,199
4,14,314
4,15,274
4,16,10
4,17,206
4,18,524
4,19,413
4,20,197
4,21,271
4,22,4
4,23,541
4,24,276
4,25,260
4,26,468
4,27,65
4,28,562
4,30,310
4,32,585
4,33,539
4,34,495
4,37,281
4,39,341
4,40,71
4,41,357
4,45,236
4,47,24
4,48,80
4,49,193
4,51,562
4,52,274
4,53,598
4,58,5
4,59,387
4,63,551
4,66,592
4,69,283
4,70,316
4,72,70
4,73,3
4,75,458
4,76,64
4,79,369
4,82,541
4,84,492
4,86,418
4,89,242
4,91,205
4,93,381
4,94,539
4,100,520
4,103,153
4,107,32
4,109,593
4,110,320
4,114,158
4,119,427
4,120,494
4,127,363
4,128,341
4,133,577
4,135,563
4,139,398
4,141,30
4,143,462
4,147,135
4,150,12
4,151,325
4,155,260
4,159,256
4,160,376
4,182,69
4,185,551
4,187,347
4,191,210
4,200,529
4,202,290
4,213,591
4,215,174
4,218,206
4,227,48
4,247,346
4,249,510
4,251,560
4,266,34
4,271,225
4,274,430
4,279,354
4,285,164
5,2,202
5,3,75
5,4,153
5,7,498
5,8,368
5,9,578
5,10,282
5,13,183
5,14,554
5,16,397
5,17,327
5,18,353
5,19,286
5,21,591
5,22,61
5,23,304
5,25,136
5,26,357
5,27,479
5,29,335
5,30,528
5,32,378
5,34,264
5,35,127
5,36,530
5,37,414
5,38,105
5,39,165
5,40,272
5,41,77
5,42,170
5,46,190
5,47,15
5,48,199
5,52,415
5,53,532
5,59,316
5,60,89
5,63,200
5,66,368
5,69,479
5,70,271
5,71,429
5,74,142
5,76,438
5,80,489
5,81,200
5,84,343
5,85,99
5,88,439
5,91,591
5,93,546
5,95,236
5,96,74
5,99,33
5,102,78
5,105,409
5,109,188
5,110,376
5,113,207
5,124,600
5,126,85
5,132,155
5,133,196
5,134,126
5,137,125
5,138,267
5,144,195
5,147,471
5,149,67
5,156,170
5,171,118
5,175,10
5,184,480
5,187,221
5,189,409
5,203,325
5,223,191
5,228,559
5,230,536
5,231,323
5,234,451
5,238,279
5,249,498
5,255,471
5,279,415
5,291,537
5,295,247
6,1,186
6,2,383
6,7,559
6,8,369
6,9,202
6,10,104
6,12,377
6,13,432
6,14,253
6,16,307
6,17,61
6,19,197
6,21,390
6,24,146
6,25,447
6,26,190
6,29,425
6,30,417
6,31,583
6,32,475
6,35,373
6,37,560
6,38,220
6,39,139
6,40,399
6,42,232
6,45,314
6,46,69
6,48,270
6,50,508
6,51,400
6,53,112
6,56,534
6,60,488
6,61,600
6,62,115
6,63,282
6,66,27
6,67,284
6,68,49
6,70,298
6,71,538
6,74,113
6,76,28
6,77,342
6,79,162
6,80,181
6,81,436
6,82,440
6,84,287
6,92,238
6,93,36
6,99,446
6,100,476
6,102,148
6,104,213
6,106,148
6,109,404
6,114,500
6,115,565
6,116,167
6,117,233
6,119,134
6,127,352
6,128,571
6,138,360
6,157,558
6,164,258
6,178,209
6,184,95
6,190,472
6,195,394
6,205,155
6,221,599
6,227,440
6,231,165
6,235,313
6,236,368
6,240,131
6,241,276
6,259,494
6,267,39
6,269,480
6,273,203
6,275,381
6,282,31
6,284,116
6,287,386
6,289,450
6,291,150
7,2,87
7,4,36
7,5,498
7,6,559
7,8,567
7,9,540
7,10,132
7,12,215
7,13,541
7,14,558
7,15,133
7,18,469
7,19,482
7,20,164
7,22,98
7,25,365
7,29,587
7,33,369
7,34,97
7,35,156
7,36,25
7,44,217
7,46,18
7,47,226
7,50,597
7,51,268
7,52,77
7,55,142
7,56,263
7,60,414
7,62,340
7,65,579
7,67,114
7,69,79
7,73,324
7,74,325
7,75,287
7,77,350
7,82,129
7,85,516
7,86,77
7,87,228
7,95,231
7,97,85
7,103,113
7,104,230
7,105,351
7,109,191
7,113,139
7,117,15
7,121,352
7,125,54
7,126,205
7,138,156
7,142,394
7,143,169
7,150,549
7,155,307
7,156,206
7,158,426
7,168,182
7,190,523
7,193,343
7,202,9
7,217,148
7,222,572
7,227,121
7,232,562
7,244,302
7,254,394
7,261,494
7,262,228
7,271,24
7,275,268
7,282,159
8,4,431
8,5,368
8,6,369
8,7,567
8,9,599
8,10,224
8,13,96
8,14,512
8,15,81
8,19,184
8,21,167
8,23,460
8,25,480
8,26,523
8,27,2
8,28,55
8,30,322
8,31,317
8,32,511
8,33,247
8,34,459
8,35,562
8,36,47
8,37,302
8,39,163
8,40,510
8,41,193
8,42,26
8,43,159
8,45,90
8,48,408
8,50,565
8,51,104
8,59,178
8,60,230
8,61,535
8,64,164
8,66,243
8,67,191
8,69,68
8,71,149
8,76,180
8,84,108
8,87,212
8,95,74
8,97,438
8,101,334
8,105,114
8,106,578
8,107,380
8,114,68
8,123,578
8,135,334
8,136,164
8,137,107
8,145,96
8,147,584
8,150,145
8,152,62
8,155,149
8,158,495
8,160,216
8,161,32
8,162,513
8,164,258
8,165,327
8,168,76
8,170,139
8,173,79
8,176,478
8,180,154
8,184,226
8,187,358
8,188,329
8,195,129
8,198,430
8,200,213
8,211,9
8,215,167
8,219,464
8,233,238
8,248,569
8,268,245
8,271,82
8,277,203
8,283,565
8,284,55
8,293,599
8,297,82
9,1,282
9,3,517
9,4,380
9,5,578
9,6,202
9,7,540
9,8,599
9,10,519
9,11,73
9,12,509
9,13,175
9,16,496
9,17,339
9,18,297
9,19,437
9,20,577
9,21,496
9,22,31
9,23,29
9,26,17
9,28,199
9,29,320
9,35,150
9,36,154
9,37,522
9,39,515
9,40,270
9,41,592
9,43,485
9,44,81
9,45,403
9,46,433
9,49,399
9,50,20
9,51,587
9,53,156
9,54,598
9,57,74
9,59,41
9,63,21
9,64,211
9,65,55
9,68,120
9,69,489
9,71,374
9,74,422
9,75,353
9,76,215
9,79,169
9,81,96
9,85,122
9,86,178
9,88,279
9,90,284
9,92,334
9,97,17
9,98,420
9,101,551
9,102,486
9,104,497
9,105,141
9,109,518
9,117,212
9,119,446
9,123,503
9,124,50
9,130,400
9,131,469
9,138,413
9,139,249
9,142,589
9,146,258
9,149,134
9,150,600
9,154,23
9,163,581
9,168,93
9,171,402
9,174,76
9,190,236
9,195,294
9,196,442
9,226,372
9,228,586
9,229,209
9,236,61
9,242,495
9,246,547
9,249,472
9,251,459
9,256,94
9,259,18
9,260,262
9,274,145
9,277,283
9,280,135
9,285,344
9,292,228
9,293,451
9,300,363
10,1,260
10,3,114
10,5,282
10,6,104
10,7,132
10,8,224
10,9,519
10,11,380
10,12,375
10,13,410
10,14,244
10,15,198
10,16,369
10,17,439
10,18,387
10,20,71
10,21,375
10,22,23
10,23,436
10,24,326
10,25,28
10,26,275
10,27,404
10,30,140
10,33,99
10,34,220
10,35,41
10,36,271
10,37,230
10,38,27
10,42,384
10,45,428
10,46,292
10,48,235
10,49,311
10,52,321
10,53,280
10,60,109
10,61,197
10,65,204
10,66,49
10,70,264
10,71,18
10,74,552
10,75,92
10,76,393
10,78,124
10,79,192
10,82,488
10,85,214
10,86,167
10,89,574
10,100,473
10,105,12
10,106,452
10,107,276
10,110,158
10,114,48
10,118,512
10,120,189
10,121,115
10,123,402
10,132,533
10,143,73
10,144,597
10,145,246
10,148,579
10,150,353
10,154,371
10,155,372
10,165,467
10,169,14
10,172,55
10,178,376
10,180,521
10,181,86
10,182,27
10,190,167
10,191,204
10,195,15
10,202,334
10,211,152
10,212,543
10,217,261
10,222,253
10,226,43
10,234,6
10,238,108
10,242,225
10,243,345
10,255,249
10,259,216
10,265,482
10,266,295
10,277,169
10,283,126
10,286,542
10,291,512
10,292,69
11,1,264
11,2,189
11,3,596
11,9,73
11,10,380
11,12,403
11,14,168
11,15,467
11,16,495
11,17,465
11,18,318
11,19,86
11,20,423
11,21,125
11,24,441
11,25,284
11,28,587
11,29,159
11,30,418
11,31,520
11,32,591
11,33,223
11,34,382
11,36,500
11,38,63
11,39,261
11,42,542
11,43,98
11,44,130
11,46,107
11,49,580
11,50,190
11,52,54
11,53,284
11,55,497
11,56,335
11,57,406
11,59,112
11,61,170
11,62,580
11,63,96
11,64,421
11,65,561
11,72,470
11,75,424
11,77,414
11,78,3
11,80,356
11,86,310
11,88,456
11,89,12
11,91,175
11,93,15
11,94,69
11,102,378
11,107,226
11,110,575
11,113,427
11,116,572
11,118,154
11,123,501
11,137,235
11,139,367
11,142,474
11,143,297
11,148,516
11,153,21
11,158,48
11,166,481
11,176,175
11,185,371
11,194,40
11,195,497
11,202,145
11,206,372
11,207,482
11,211,139
11,229,66
11,249,445
11,253,498
11,271,543
11,285,54
11,295,221
12,2,188
12,3,114
12,4,485
12,6,377
12,7,215
12,9,509
12,10,375
12,11,403
12,14,310
12,17,423
12,19,197
12,21,67
12,22,437
12,23,390
12,24,403
12,26,324
12,27,174
12,30,48
12,33,456
12,34,66
12,35,565
12,37,279
12,39,132
12,40,522
12,41,241
12,42,4
12,49,448
12,51,193
12,52,415
12,53,397
12,54,583
12,55,88
12,57,322
12,58,590
12,59,329
12,60,424
12,61,450
12,64,372
12,67,104
12,68,424
12,73,583
12,76,533
12,79,74
12,81,105
12,87,554
12,88,452
12,89,406
12,91,585
12,94,10
12,95,284
12,97,532
12,98,233
12,101,203
12,105,346
12,109,279
12,110,484
12,118,89
12,119,230
12,120,249
12,126,148
12,127,348
12,130,283
12,136,537
12,141,559
12,143,98
12,144,277
12,145,386
12,149,91
12,153,392
12,156,595
12,157,116
12,158,257
12,161,239
12,165,476
12,166,590
12,167,599
12,177,598
12,178,152
12,180,272
12,184,521
12,186,198
12,189,451
12,193,221
12,199,566
12,201,248
12,202,160
12,210,300
12,212,389
12,228,92
12,230,204
12,241,209
12,244,232
12,253,94
12,254,418
12,262,469
12,269,176
12,284,175
12,291,256
12,292,552
13,1,58
13,2,136
13,3,294
13,4,199
13,5,183
13,6,432
13,7,541
13,8,96
13,9,175
13,10,410
13,14,15
13,15,486
13,16,598
13,19,479
13,20,505
13,23,468
13,25,486
13,26,566
13,27,127
13,28,464
13,29,261
13,33,435
13,34,489
13,35,75
13,36,125
13,39,48
13,40,233
13,41,226
13,42,369
13,44,387
13,45,562
13,47,389
13,49,225
13,50,505
13,51,560
13,52,305
13,53,493
13,54,504
13,55,314
13,58,563
13,59,424
13,60,187
13,64,527
13,66,458
13,69,541
13,71,247
13,72,219
13,73,177
13,77,268
13,86,519
13,91,256
13,93,183
13,96,146
13,101,594
13,103,150
13,104,441
13,105,493
13,106,459
13,113,388
13,118,152
13,125,119
13,127,354
13,128,244
13,145,85
13,160,344
13,162,89
13,169,417
13,176,291
13,177,383
13,178,545
13,187,83
13,191,86
13,196,569
13,202,522
13,205,484
13,208,28
13,209,94
13,213,126
13,222,234
13,230,238
13,232,306
13,234,530
13,235,239
13,242,125
13,248,404
13,259,79
13,265,58
13,271,106
13,284,13
13,286,531
13,289,547
13,294,27
13,295,252
13,297,329
14,1,345
14,2,245
14,4,314
14,5,554
14,6,253
14,7,558
14,8,512
14,10,244
14,11,168
14,12,310
14,13,15
14,15,65
14,18,136
14,20,600
14,21,263
14,22,186
14,23,268
14,24,365
14,25,213
14,26,353
14,27,542
14,28,408
14,29,457
14,30,578
14,31,586
14,32,168
14,33,474
14,38,146
14,40,487
14,41,580
14,42,10
14,43,369
14,44,142
14,46,490
14,47,200
14,48,323
14,49,599
14,50,463
14,51,102
14,53,505
14,55,477
14,56,125
14,58,28
14,60,276
14,61,382
14,66,446
14,69,505
14,73,495
14,75,253
14,76,516
14,77,567
14,79,277
14,81,112
14,82,579
14,83,42
14,86,500
14,91,439
14,93,67
14,94,555
14,96,22
14,97,200
14,100,517
14,103,271
14,106,324
14,110,569
14,111,196
14,116,452
14,118,133
14,122,264
14,126,223
14,127,576
14,128,141
14,129,398
14,133,99
14,134,483
14,138,513
14,139,469
14,140,572
14,144,106
14,145,229
14,146,17
14,161,423
14,178,266
14,180,591
14,186,497
14,190,322
14,199,97
14,205,77
14,210,505
14,213,121
14,223,25
14,224,190
14,225,126
14,234,265
14,258,356
14,281,385
14,282,22
14,285,482
14,294,173
14,300,324
15,1,421
15,2,591
15,4,274
15,7,133
15,8,81
15,10,198
15,11,467
15,13,486
15,14,65
15,18,477
15,19,259
15,26,314
15,27,188
15,28,294
15,31,394
15,32,271
15,33,594
15,34,598
15,35,491
15,36,357
15,37,175
15,38,303
15,39,146
15,41,198
15,42,381
15,44,53
15,47,445
15,48,519
15,50,205
15,51,62
15,52,302
15,54,525
15,55,348
15,57,588
15,58,255
15,61,61
15,62,132
15,63,381
15,64,65
15,65,166
15,67,492
15,70,4
15,73,508
15,74,242
15,75,397
15,76,531
15,77,145
15,79,279
15,83,540
15,84,151
15,85,236
15,86,441
15,87,36
15,89,196
15,90,427
15,93,331
15,97,307
15,100,541
15,104,458
15,106,506
15,107,331
15,109,518
15,110,28
15,114,186
15,118,368
15,119,307
15,120,555
15,127,376
15,128,442
15,132,551
15,133,527
15,134,32
15,137,497
15,138,28
15,141,365
15,151,529
15,155,380
15,158,7
15,160,486
15,161,523
15,163,6
15,177,529
15,179,28
15,180,142
15,182,381
15,191,90
15,200,444
15,207,479
15,214,540
15,223,536
15,228,150
15,238,534
15,245,231
15,256,146
15,260,512
15,264,225
15,271,211
15,272,158
15,296,573
16,2,209
16,3,76
16,4,10
16,5,397
16,6,307
16,9,496
16,10,369
16,11,495
16,13,598
16,17,594
16,18,505
16,20,417
16,21,278
16,24,396
16,25,386
16,27,342
16,28,173
16,29,279
16,30,542
16,31,524
16,32,420
16,33,180
16,34,504
16,35,293
16,36,349
16,39,258
16,41,558
16,43,196
16,44,424
16,46,470
16,47,516
16,48,490
16,49,307
16,53,189
16,55,310
16,56,115
16,57,248
16,58,454
16,59,511
16,60,128
16,62,535
16,63,4
16,64,249
16,65,391
16,68,52
16,69,21
16,73,148
16,77,62
16,80,578
16,82,392
16,83,517
16,84,424
16,86,424
16,94,130
16,97,370
16,99,333
16,100,10
16,101,412
16,102,587
16,103,123
16,105,236
16,108,184
16,112,280
16,117,367
16,118,378
16,119,469
16,123,15
16,124,376
16,125,562
16,126,597
16,130,279
16,131,219
16,134,272
16,135,445
16,136,515
16,138,289
16,141,488
16,145,311
16,146,254
16,155,448
16,158,199
16,160,96
16,161,572
16,173,179
16,177,194
16,178,343
16,180,525
16,198,339
16,210,589
16,213,20
16,215,60
16,218,557
16,226,328
16,249,96
16,252,252
16,273,430
16,274,216
16,292,514
17,1,42
17,3,467
17,4,206
17,5,327
17,6,61
17,9,339
17,10,439
17,11,465
17,12,423
17,16,594
17,18,262
17,19,221
17,20,364
17,22,376
17,24,458
17,26,333
17,28,23
17,29,546
17,30,483
17,31,440
17,32,417
17,33,123
17,34,354
17,35,54
17,37,373
17,38,55
17,39,427
17,40,247
17,42,428
17,43,520
17,44,356
17,45,185
17,46,100
17,47,422
17,51,333
17,55,429
17,57,515
17,60,48
17,62,315
17,63,565
17,64,354
17,65,439
17,67,65
17,72,104
17,73,103
17,74,521
17,78,276
17,79,579
17,82,37
17,83,342
17,84,76
17,85,201
17,86,305
17,94,2
17,95,429
17,99,386
17,106,90
17,110,363
17,111,335
17,112,563
17,117,235
17,119,31
17,122,137
17,123,238
17,131,154
17,133,449
17,137,586
17,143,448
17,148,306
17,154,287
17,157,433
17,161,531
17,162,300
17,183,464
17,186,213
17,187,257
17,191,352
17,196,425
17,199,274
17,200,238
17,202,476
17,205,78
17,208,7
17,213,75
17,215,157
17,217,119
17,220,22
17,223,373
17,240,286
17,245,73
17,249,212
17,263,180
17,274,146
17,278,548
17,280,556
17,281,175
17,289,287
17,299,539
18,2,59
18,3,211
18,4,524
18,5,353
18,7,469
18,9,297
18,10,387
18,11,318
18,14,136
18,15,477
18,16,505
18,17,262
18,20,31
18,21,365
18,22,156
18,23,244
18,24,391
18,25,380
18,26,28
18,28,357
18,29,290
18,30,39
18,31,173
18,32,112
18,34,428
18,35,378
18,39,302
18,40,342
18,42,575
18,43,126
18,45,409
18,46,243
18,47,481
18,48,214
18,49,599
18,50,253
18,56,529
18,57,526
18,58,453
18,60,317
18,61,1
18,62,513
18,63,568
18,65,482
18,68,324
18,71,597
18,79,387
18,81,19
18,83,445
18,85,82
18,88,478
18,92,200
18,93,326
18,96,83
18,109,80
18,119,111
18,120,171
18,122,417
18,126,65
18,131,25
18,132,229
18,136,296
18,145,123
18,147,581
18,148,473
18,154,191
18,172,462
18,188,319
18,190,409
18,192,313
18,198,130
18,219,66
18,226,243
18,227,46
18,228,45
18,231,159
18,241,300
18,247,582
18,258,26
18,259,135
18,261,436
18,262,442
18,269,474
18,278,513
18,279,350
18,285,257
18,286,5
18,296,7
19,2,121
19,4,413
19,5,286
19,6,197
19,7,482
19,8,184
19,9,437
19,11,86
19,12,197
19,13,479
19,15,259
19,17,221
19,20,355
19,21,345
19,23,484
19,24,509
19,25,582
19,27,87
19,30,568
19,34,197
19,35,499
19,36,582
19,37,357
19,38,196
19,39,136
19,40,350
19,42,349
19,43,39
19,44,169
19,45,119
19,46,108
19,50,560
19,51,115
19,53,589
19,54,530
19,57,489
19,58,417
19,59,439
19,61,161
19,62,593
19,63,275
19,65,261
19,66,170
19,70,553
19,71,89
19,75,50
19,80,26
19,81,194
19,82,45
19,84,17
19,86,392
19,88,265
19,89,568
19,90,262
19,92,459
19,93,484
19,97,343
19,101,310
19,107,405
19,108,352
19,109,515
19,115,246
19,116,532
19,117,147
19,124,589
19,125,526
19,128,431
19,130,203
19,135,349
19,136,227
19,137,213
19,139,447
19,143,200
19,145,53
19,158,37
19,166,347
19,176,546
19,179,267
19,185,404
19,189,212
19,196,185
19,197,432
19,198,568
19,202,254
19,207,29
19,211,475
19,213,380
19,214,47
19,218,481
19,231,552
19,232,582
19,241,444
19,243,75
19,246,47
19,255,428
19,261,58
19,271,48
19,275,411
19,276,36
19,277,335
19,284,231
19,285,523
19,292,282
19,299,204
20,1,595
20,2,223
20,4,197
20,7,164
20,9,577
20,10,71
20,11,423
20,13,505
20,14,600
20,16,417
20,17,364
20,18,31
20,19,355
20,21,18
20,22,283
20,23,383
20,24,377
20,25,258
20,27,600
20,28,514
20,31,165
20,34,326
20,36,492
20,37,330
20,41,519
20,42,62
20,43,323
20,44,544
20,45,392
20,46,271
20,48,224
20,49,452
20,52,284
20,53,579
20,54,497
20,57,180
20,60,49
20,61,260
20,62,192
20,68,376
20,73,590
20,74,279
20,77,417
20,81,134
20,82,585
20,84,27
20,89,550
20,90,375
20,91,476
20,92,363
20,94,98
20,99,585
20,102,7
20,103,437
20,107,350
20,109,372
20,110,546
20,111,212
20,113,186
20,115,459
20,119,200
20,123,39
20,134,371
20,136,249
20,138,310
20,143,198
20,144,290
20,147,529
20,152,76
20,155,338
20,175,95
20,178,169
20,181,306
20,185,575
20,192,296
20,206,2
20,208,77
20,211,500
20,214,280
20,218,239
20,227,85
20,228,468
20,229,338
20,230,433
20,236,510
20,237,165
20,239,495
20,244,226
20,251,77
20,255,495
20,280,6
20,290,378
20,298,441
21,1,563
21,2,95
21,4,271
21,5,591
21,6,390
21,8,167
21,9,496
21,10,375
21,11,125
21,12,67
21,14,263
21,16,278
21,18,365
21,19,345
21,20,18
21,22,543
21,23,124
21,26,321
21,29,186
21,30,407
21,31,566
21,33,494
21,34,10
21,35,251
21,39,258
21,40,562
21,42,412
21,44,176
21,45,305
21,46,569
21,47,468
21,48,230
21,49,474
21,50,130
21,51,280
21,52,218
21,53,256
21,54,45
21,56,344
21,58,549
21,61,309
21,63,350
21,65,62
21,70,174
21,71,303
21,72,50
21,75,53
21,76,408
21,78,282
21,79,515
21,81,484
21,82,233
21,84,455
21,87,277
21,89,199
21,90,428
21,92,155
21,94,71
21,96,34
21,100,33
21,102,325
21,104,76
21,105,440
21,108,18
21,109,503
21,115,526
21,116,560
21,120,268
21,126,581
21,130,447
21,131,237
21,134,540
21,141,535
21,143,462
21,144,410
21,145,237
21,149,297
21,150,47
21,153,600
21,160,262
21,162,443
21,165,195
21,166,544
21,167,375
21,172,65
21,175,153
21,180,120
21,181,75
21,184,144
21,185,415
21,189,402
21,191,255
21,198,158
21,200,417
21,201,134
21,217,259
21,221,101
21,227,429
21,230,33
21,232,298
21,239,496
21,241,81
21,246,112
21,247,156
21,248,533
21,255,177
21,256,241
21,259,5
21,265,575
21,266,10
21,272,546
21,283,278
21,287,347
21,288,29
21,291,173
22,1,561
22,2,488
22,3,23
22,4,4
22,5,61
22,7,98
22,9,31
22,10,23
22,12,437
22,14,186
22,17,376
22,18,156
22,20,283
22,21,543
22,23,340
22,25,388
22,26,388
22,27,464
22,31,226
22,32,448
22,35,433
22,36,479
22,37,377
22,38,491
22,41,154
22,42,508
22,43,87
22,44,389
22,45,162
22,46,388
22,47,243
22,48,598
22,52,76
22,53,438
22,55,510
22,57,77
22,60,131
22,66,77
22,69,195
22,71,179
22,74,454
22,81,582
22,87,110
22,90,13
22,91,265
22,92,401
22,94,154
22,95,25
22,97,392
22,104,454
22,114,144
22,115,184
22,116,231
22,119,207
22,122,586
22,123,59
22,137,250
22,138,285
22,140,217
22,144,210
22,146,556
22,157,427
22,163,394
22,169,473
22,171,369
22,172,544
22,173,188
22,178,181
22,179,425
22,184,529
22,189,6
22,194,119
22,197,121
22,199,416
22,207,214
22,217,365
22,230,183
22,238,146
22,242,389
22,246,8
22,256,55
22,262,95
22,268,59
22,273,194
22,280,352
22,281,563
22,292,141
23,1,23
23,3,424
23,4,541
23,5,304
23,8,460
23,9,29
23,10,436
23,12,390
23,13,468
23,14,268
23,18,244
23,19,484
23,20,383
23,21,124
23,22,340
23,24,401
23,26,389
23,28,580
23,30,582
23,31,464
23,32,300
23,34,76
23,36,241
23,39,426
23,40,496
23,41,234
23,42,117
23,43,232
23,44,44
23,45,77
23,46,107
23,47,441
23,48,450
23,49,575
23,50,440
23,51,138
23,52,561
23,54,524
23,55,310
23,56,455
23,57,138
23,58,454
23,61,32
23,63,364
23,65,445
23,67,171
23,69,537
23,70,326
23,71,517
23,72,93
23,74,104
23,81,210
23,83,230
23,89,150
23,91,486
23,93,577
23,94,263
23,95,187
23,96,372
23,99,501
23,100,77
23,103,150
23,105,245
23,108,553
23,109,456
23,113,545
23,115,510
23,117,95
23,121,413
23,127,33
23,129,224
23,131,57
23,132,46
23,138,348
23,140,238
23,142,282
23,146,75
23,153,282
23,156,155
23,160,408
23,167,94
23,170,15
23,190,366
23,192,228
23,199,458
23,201,550
23,202,463
23,210,133
23,213,353
23,221,383
23,228,53
23,240,492
23,242,342
23,243,236
23,261,106
23,263,546
23,267,580
23,268,196
23,276,306
24,2,65
24,3,233
24,4,276
24,6,146
24,10,326
24,11,441
24,12,403
24,14,365
24,16,396
24,17,458
24,18,391
24,19,509
24,20,377
24,23,401
24,25,215
24,27,204
24,29,18
24,30,511
24,31,129
24,33,328
24,34,443
24,35,60
24,36,414
24,37,215
24,40,423
24,41,434
24,42,568
24,44,427
24,50,242
24,53,216
24,55,262
24,56,514
24,57,326
24,59,352
24,60,444
24,63,566
24,67,273
24,70,278
24,73,207
24,77,594
24,78,527
24,79,147
24,84,407
24,85,406
24,87,67
24,88,149
24,90,496
24,92,267
24,93,91
24,94,176
24,96,366
24,98,424
24,101,440
24,102,306
24,105,593
24,106,384
24,107,217
24,110,353
24,115,93
24,116,5
24,120,162
24,122,589
24,123,398
24,127,179
24,128,101
24,136,305
24,145,252
24,146,334
24,148,335
24,153,287
24,164,410
24,165,55
24,166,430
24,168,282
24,169,37
24,174,403
24,176,537
24,178,27
24,186,128
24,191,44
24,197,558
24,205,298
24,206,219
24,210,179
24,213,12
24,217,553
24,245,423
24,246,145
24,250,382
24,261,168
24,264,343
24,269,595
24,283,94
24,289,300
24,299,560
25,1,484
25,3,582
25,4,260
25,5,136
25,6,447
25,7,365
25,8,480
25,10,28
25,11,284
25,13,486
25,14,213
25,16,386
25,18,380
25,19,582
25,20,258
25,22,388
25,24,215
25,27,21
25,28,20
25,29,525
25,30,510
25,31,7
25,33,580
25,34,491
25,36,356
25,40,198
25,43,563
25,44,320
25,48,551
25,50,139
25,51,34
25,54,478
25,55,526
25,59,31
25,61,86
25,63,17
25,64,301
25,65,526
25,66,359
25,68,193
25,71,317
25,75,187
25,76,502
25,83,564
25,84,140
25,85,86
25,91,363
25,92,400
25,95,196
25,98,549
25,99,182
25,101,4
25,108,68
25,119,46
25,121,526
25,127,243
25,131,29
25,136,559
25,138,278
25,145,475
25,153,121
25,167,473
25,168,443
25,172,191
25,173,341
25,183,141
25,193,490
25,200,295
25,207,242
25,208,82
25,220,17
25,223,583
25,248,153
25,253,499
25,254,182
25,265,152
25,270,295
25,272,330
25,279,117
25,282,492
25,285,266
26,1,379
26,4,468
26,5,357
26,6,190
26,8,523
26,9,17
26,10,275
26,12,324
26,13,566
26,14,353
26,15,314
26,17,333
26,18,28
26,21,321
26,22,388
26,23,389
26,27,68
26,32,356
26,33,40
26,38,400
26,40,74
26,41,172
26,43,591
26,44,511
26,46,293
26,47,466
26,48,512
26,49,442
26,50,254
26,51,263
26,53,50
26,54,484
26,55,378
26,56,448
26,57,164
26,58,76
26,59,164
26,62,587
26,66,342
26,67,257
26,69,98
26,71,572
26,72,293
26,73,497
26,75,278
26,80,156
26,81,135
26,91,555
26,92,286
26,93,360
26,97,600
26,99,435
26,106,94
26,108,172
26,110,253
26,111,128
26,115,581
26,119,179
26,124,295
26,128,430
26,134,390
26,136,178
26,140,120
26,142,355
26,144,102
26,148,255
26,152,371
26,154,94
26,177,146
26,179,490
26,184,263
26,190,306
26,195,303
26,197,277
26,205,59
26,220,542
26,222,200
26,229,267
26,234,472
26,235,471
26,237,206
26,239,298
26,241,97
26,242,514
26,248,505
26,256,146
26,258,477
26,277,32
26,279,550
26,281,369
26,284,289
26,290,190
26,298,497
27,1,476
27,3,327
27,4,65
27,5,479
27,8,2
27,10,404
27,12,174
27,13,127
27,14,542
27,15,188
27,16,342
27,19,87
27,20,600
27,22,464
27,24,204
27,25,21
27,26,68
27,29,557
27,31,368
27,32,128
27,33,532
27,35,600
27,36,26
27,38,557
27,39,297
27,40,206
27,41,178
27,43,254
27,44,162
27,46,169
27,47,593
27,48,169
27,50,492
27,54,142
27,60,144
27,61,359
27,62,114
27,64,214
27,65,401
27,68,519
27,71,547
27,73,90
27,74,193
27,75,181
27,76,79
27,78,187
27,80,112
27,82,95
27,83,305
27,88,428
27,89,164
27,90,310
27,91,281
27,94,247
27,96,175
27,106,443
27,114,537
27,115,480
27,119,30
27,123,472
27,126,289
27,129,514
27,130,425
27,133,80
27,136,279
27,147,267
27,152,258
27,156,241
27,163,535
27,170,29
27,171,359
27,180,142
27,190,145
27,199,332
27,201,317
27,205,224
27,208,86
27,209,504
27,214,111
27,222,242
27,229,14
27,235,286
27,244,122
27,261,517
27,262,199
27,264,226
27,286,90
27,287,423
27,292,507
27,296,498
27,297,169
28,2,287
28,4,562
28,8,55
28,9,199
28,11,587
28,13,464
28,14,408
28,15,294
28,16,173
28,17,23
28,18,357
28,20,514
28,23,580
28,25,20
28,29,282
28,32,5
28,33,102
28,34,235
28,35,534
28,36,98
28,38,453
28,41,102
28,42,153
28,43,12
28,45,76
28,47,377
28,48,72
28,49,525
28,52,177
28,54,549
28,56,264
28,59,83
28,60,136
28,64,54
28,66,318
28,68,145
28,70,309
28,71,159
28,72,307
28,77,257
28,79,178
28,81,60
28,83,407
28,84,477
28,85,387
28,86,285
28,87,504
28,88,343
28,89,45
28,90,259
28,92,561
28,96,335
28,102,543
28,107,525
28,109,216
28,114,71
28,119,207
28,122,576
28,127,471
28,131,338
28,134,34
28,136,383
28,139,315
28,142,81
28,152,149
28,154,282
28,158,205
28,160,84
28,165,576
28,166,78
28,169,357
28,171,106
28,178,431
28,181,230
28,182,189
28,189,549
28,200,340
28,209,275
28,213,123
28,214,367
28,226,436
28,234,551
28,236,263
28,240,582
28,244,115
28,247,324
28,266,570
28,269,463
28,278,299
28,289,175
28,294,590
28,295,315
29,1,539
29,3,294
29,5,335
29,6,425
29,7,587
29,9,320
29,11,159
29,13,261
29,14,457
29,16,279
29,17,546
29,18,290
29,21,186
29,24,18
29,25,525
29,27,557
29,28,282
29,30,388
29,31,350
29,32,138
29,34,491
29,35,132
29,38,547
29,39,552
29,40,234
29,41,375
29,43,348
29,45,151
29,46,391
29,48,499
29,49,13
29,50,52
29,51,514
29,55,140
29,59,124
29,61,131
29,64,538
29,67,575
29,68,343
29,69,228
29,74,294
29,75,48
29,79,148
29,84,92
29,89,490
29,93,514
29,95,350
29,100,196
29,103,483
29,104,529
29,106,74
29,108,274
29,110,233
29,114,50
29,117,332
29,118,484
29,121,286
29,124,257
29,129,183
29,130,73
29,131,119
29,136,27
29,137,550
29,141,295
29,142,540
29,144,517
29,145,309
29,150,300
29,154,425
29,156,70
29,159,236
29,161,399
29,170,171
29,174,364
29,181,401
29,193,249
29,202,47
29,205,416
29,206,119
29,208,124
29,216,541
29,219,430
29,220,502
29,227,557
29,230,577
29,236,554
29,244,567
29,245,50
29,247,334
29,252,271
29,253,33
29,272,84
29,274,525
29,277,420
29,279,421
29,283,522
29,285,512
29,295,24
29,297,107
30,1,281
30,3,459
30,4,310
30,5,528
30,6,417
30,8,322
30,10,140
30,11,418
30,12,48
30,14,578
30,16,542
30,17,483
30,18,39
30,19,568
30,21,407
30,23,582
30,24,511
30,25,510
30,29,388
30,34,522
30,35,432
30,37,248
30,38,51
30,39,262
30,41,316
30,42,5
30,43,102
30,44,364
30,45,144
30,46,456
30,47,546
30,48,165
30,49,474
30,50,227
30,51,415
30,52,366
30,54,286
30,56,279
30,57,476
30,61,479
30,62,556
30,66,98
30,68,88
30,69,539
30,71,266
30,74,474
30,76,591
30,81,48
30,82,331
30,83,7
30,91,50
30,97,358
30,98,516
30,99,126
30,101,244
30,104,486
30,106,369
30,108,377
30,110,447
30,111,450
30,116,63
30,121,272
30,125,560
30,129,271
30,132,161
30,134,119
30,140,486
30,145,6
30,152,344
30,154,260
30,155,26
30,161,440
30,166,159
30,171,555
30,172,568
30,173,534
30,176,479
30,177,106
30,179,161
30,180,70
30,183,278
30,197,537
30,201,65
30,205,163
30,239,11
30,241,211
30,260,209
30,263,266
30,264,471
30,275,529
30,288,562
30,296,223
31,1,106
31,2,77
31,3,130
31,6,583
31,8,317
31,11,520
31,14,586
31,15,394
31,16,524
31,17,440
31,18,173
31,20,165
31,21,566
31,22,226
31,23,464
31,24,129
31,25,7
31,27,368
31,29,350
31,32,169
31,34,253
31,35,48
31,36,561
31,37,163
31,38,455
31,39,182
31,40,464
31,43,42
31,47,419
31,48,389
31,50,197
31,52,288
31,54,575
31,56,310
31,57,578
31,60,363
31,63,463
31,64,8
31,65,262
31,67,174
31,73,115
31,75,598
31,76,349
31,79,207
31,83,496
31,84,284
31,87,115
31,88,400
31,94,552
31,96,44
31,101,19
31,102,48
31,104,530
31,106,421
31,107,12
31,111,490
31,117,359
31,118,75
31,124,352
31,127,436
31,128,129
31,135,590
31,141,445
31,147,517
31,157,51
31,162,239
31,164,332
31,166,313
31,168,166
31,178,216
31,180,11
31,193,581
31,194,99
31,195,10
31,197,323
31,209,304
31,210,439
31,219,58
31,232,193
31,233,173
31,236,187
31,238,198
31,243,402
31,251,575
31,257,11
31,259,57
31,270,433
31,273,131
31,282,558
31,286,203
32,2,299
32,3,288
32,4,585
32,5,378
32,6,475
32,8,511
32,11,591
32,14,168
32,15,271
32,16,420
32,17,417
32,18,112
32,22,448
32,23,300
32,26,356
32,27,128
32,28,5
32,29,138
32,31,169
32,34,32
32,36,307
32,37,454
32,38,599
32,39,278
32,40,140
32,41,533
32,43,203
32,44,541
32,45,498
32,46,247
32,48,395
32,49,145
32,50,101
32,53,146
32,56,494
32,62,469
32,64,256
32,67,241
32,68,597
32,73,295
32,77,200
32,80,8
32,81,30
32,84,422
32,89,30
32,90,212
32,91,347
32,94,389
32,95,597
32,100,456
32,102,109
32,104,157
32,112,576
32,113,521
32,117,296
32,120,547
32,126,103
32,134,542
32,135,319
32,140,426
32,141,382
32,144,529
32,146,120
32,148,16
32,149,127
32,151,429
32,159,107
32,160,316
32,161,483
32,162,516
32,172,67
32,175,31
32,178,494
32,179,107
32,182,347
32,183,118
32,184,163
32,185,269
32,194,589
32,200,595
32,202,116
32,207,13
32,210,333
32,212,124
32,213,172
32,215,374
32,219,356
32,221,476
32,222,86
32,223,213
32,224,359
32,229,456
32,235,519
32,239,425
32,240,186
32,241,224
32,260,251
32,262,311
32,263,66
32,272,194
32,280,435
32,292,131
32,295,515
32,297,276
33,1,61
33,3,586
33,4,539
33,7,369
33,8,247
33,10,99
33,11,223
33,12,456
33,13,435
33,14,474
33,15,594
33,16,180
33,17,123
33,21,494
33,24,328
33,25,580
33,26,40
33,27,532
33,28,102
33,34,323
33,37,398
33,38,428
33,39,352
33,40,391
33,42,317
33,44,99
33,47,506
33,49,577
33,50,429
33,51,135
33,52,213
33,54,122
33,55,229
33,56,498
33,58,550
33,60,441
33,62,85
33,65,489
33,68,362
33,75,225
33,78,585
33,79,260
33,81,563
33,82,128
33,85,508
33,87,475
33,91,242
33,92,77
33,96,269
33,101,124
33,108,83
33,109,149
33,112,187
33,119,108
33,121,24
33,124,262
33,131,18
33,132,306
33,134,20
33,137,448
33,138,307
33,154,78
33,158,319
33,160,74
33,164,91
33,165,2
33,166,300
33,173,453
33,175,113
33,180,380
33,182,479
33,184,591
33,187,322
33,191,266
33,200,300
33,207,377
33,211,589
33,222,491
33,224,537
33,227,538
33,246,429
33,249,511
33,260,523
33,263,324
33,270,568
33,271,332
33,274,548
33,275,151
33,284,98
33,287,221
33,299,110
34,3,333
34,4,495
34,5,264
34,7,97
34,8,459
34,10,220
34,11,382
34,12,66
34,13,489
34,15,598
34,16,504
34,17,354
34,18,428
34,19,197
34,20,326
34,21,10
34,23,76
34,24,443
34,25,491
34,28,235
34,29,491
34,30,522
34,31,253
34,32,32
34,33,323
34,35,387
34,36,342
34,37,524
34,38,532
34,40,60
34,42,449
34,45,219
34,47,529
34,48,473
34,49,185
34,50,259
34,52,27
34,53,152
34,54,155
34,55,561
34,56,522
34,57,460
34,61,82
34,63,152
34,64,596
34,66,386
34,68,378
34,69,542
34,72,500
34,74,420
34,77,8
34,78,420
34,79,500
34,80,452
34,82,168
34,84,589
34,85,431
34,87,364
34,89,28
34,90,188
34,92,287
34,94,169
34,95,473
34,96,78
34,98,404
34,104,23
34,105,198
34,106,473
34,107,365
34,108,305
34,109,413
34,111,85
34,112,178
34,115,342
34,118,252
34,123,399
34,126,545
34,133,499
34,143,116
34,145,372
34,147,423
34,149,439
34,154,260
34,156,48
34,160,357
34,163,99
34,167,47
34,168,103
34,176,126
34,183,422
34,184,441
34,188,13
34,198,351
34,209,424
34,223,341
34,231,28
34,233,330
34,235,222
34,242,573
34,254,241
34,264,3
34,266,281
34,270,169
34,276,124
34,278,600
34,295,107
34,296,127
34,298,141
34,299,309
34,300,47
35,2,235
35,5,127
35,6,373
35,7,156
35,8,562
35,9,150
35,10,41
35,12,565
35,13,75
35,15,491
35,16,293
35,17,54
35,18,378
35,19,499
35,21,251
35,22,433
35,24,60
35,27,600
35,28,534
35,29,132
35,30,432
35,31,48
35,34,387
35,36,410
35,37,355
35,38,234
35,40,218
35,41,567
35,43,190
35,45,149
35,46,286
35,48,201
35,50,584
35,53,229
35,54,148
35,57,38
35,61,347
35,63,92
35,64,494
35,65,289
35,66,512
35,67,570
35,68,314
35,70,171
35,71,191
35,73,440
35,74,561
35,75,467
35,77,393
35,83,597
35,85,65
35,86,382
35,89,29
35,90,433
35,92,333
35,93,156
35,97,493
35,98,413
35,99,599
35,100,391
35,106,156
35,107,51
35,109,320
35,112,145
35,114,88
35,116,60
35,117,528
35,118,290
35,122,36
35,124,291
35,127,533
35,129,516
35,135,5
35,138,427
35,139,351
35,141,518
35,144,79
35,149,475
35,152,370
35,153,425
35,158,60
35,166,416
35,174,509
35,179,152
35,184,70
35,186,46
35,189,542
35,208,434
35,212,597
35,215,110
35,222,318
35,224,483
35,226,502
35,227,412
35,229,509
35,230,355
35,240,157
35,246,360
35,248,505
35,264,38
35,280,300
35,291,242
35,292,386
36,1,240
36,2,95
36,5,530
36,7,25
36,8,47
36,9,154
36,10,271
36,11,500
36,13,125
36,15,357
36,16,349
36,19,582
36,20,492
36,22,479
36,23,241
36,24,414
36,25,356
36,27,26
36,28,98
36,31,561
36,32,307
36,34,342
36,35,410
36,38,397
36,40,142
36,41,160
36,42,139
36,44,214
36,45,480
36,47,160
36,49,27
36,50,73
36,51,101
36,52,449
36,56,446
36,58,78
36,59,130
36,60,326
36,62,468
36,63,600
36,64,363
36,69,268
36,72,287
36,73,343
36,77,156
36,78,214
36,79,386
36,80,468
36,81,165
36,83,508
36,87,552
36,92,564
36,95,436
36,97,39
36,103,557
36,104,461
36,113,71
36,114,147
36,115,476
36,118,406
36,122,520
36,130,72
36,137,466
36,143,245
36,144,170
36,146,231
36,147,24
36,151,345
36,154,135
36,155,368
36,160,240
36,163,511
36,164,216
36,165,71
36,172,337
36,173,504
36,175,364
36,182,594
36,195,160
36,201,114
36,202,176
36,204,209
36,208,459
36,218,581
36,222,389
36,224,55
36,237,323
36,245,15
36,252,228
36,255,489
36,258,94
36,265,172
36,266,552
36,272,468
36,287,191
37,1,7
37,2,439
37,3,273
37,4,281
37,5,414
37,6,560
37,8,302
37,9,522
37,10,230
37,12,279
37,15,175
37,17,373
37,19,357
37,20,330
37,22,377
37,24,215
37,30,248
37,31,163
37,32,454
37,33,398
37,34,524
37,35,355
37,38,329
37,39,88
37,40,446
37,46,86
37,49,174
37,50,360
37,51,78
37,55,528
37,57,522
37,63,168
37,64,302
37,66,2
37,67,484
37,70,47
37,76,413
37,77,465
37,79,273
37,84,78
37,86,283
37,88,266
37,91,399
37,94,9
37,96,501
37,97,356
37,99,99
37,103,422
37,104,137
37,106,473
37,111,135
37,117,296
37,122,97
37,130,281
37,139,267
37,140,335
37,141,269
37,144,26
37,150,597
37,151,349
37,157,182
37,158,395
37,159,204
37,161,593
37,162,522
37,164,583
37,173,422
37,175,352
37,178,269
37,189,354
37,200,413
37,205,587
37,208,586
37,217,158
37,241,5
37,251,456
37,268,501
37,269,105
37,278,150
37,289,338
38,1,298
38,2,228
38,3,47
38,5,105
38,6,220
38,10,27
38,11,63
38,14,146
38,15,303
38,17,55
38,19,196
38,22,491
38,26,400
38,27,557
38,28,453
38,29,547
38,30,51
38,31,455
38,32,599
38,33,428
38,34,532
38,35,234
38,36,397
38,37,329
38,39,321
38,41,471
38,42,50
38,43,331
38,44,67
38,46,338
38,48,50
38,49,552
38,52,96
38,54,408
38,55,584
38,59,188
38,60,187
38,61,460
38,62,569
38,65,356
38,66,164
38,70,228
38,71,398
38,75,494
38,78,29
38,81,251
38,82,590
38,85,314
38,86,264
38,89,491
38,90,556
38,93,403
38,94,424
38,101,175
38,102,61
38,103,218
38,105,483
38,112,44
38,113,517
38,114,66
38,117,296
38,120,467
38,125,95
38,129,473
38,133,147
38,136,146
38,142,382
38,144,337
38,150,191
38,151,392
38,153,96
38,157,551
38,158,482
38,165,230
38,170,216
38,177,100
38,178,192
38,183,495
38,184,339
38,185,112
38,186,58
38,190,384
38,191,26
38,211,593
38,215,542
38,222,145
38,224,309
38,225,517
38,226,565
38,242,315
38,263,320
38,266,554
38,269,516
38,275,486
38,290,219
38,297,279
39,2,39
39,3,526
39,4,341
39,5,165
39,6,139
39,8,163
39,9,515
39,11,261
39,12,132
39,13,48
39,15,146
39,16,258
39,17,427
39,18,302
39,19,136
39,21,258
39,23,426
39,27,297
39,29,552
39,30,262
39,31,182
39,32,278
39,33,352
39,37,88
39,38,321
39,44,56
39,45,99
39,46,569
39,47,416
39,49,249
39,51,544
39,52,404
39,53,500
39,54,568
39,55,437
39,57,55
39,58,114
39,60,556
39,64,455
39,65,292
39,66,209
39,67,384
39,68,446
39,70,539
39,71,436
39,72,364
39,75,65
39,76,172
39,80,6
39,81,78
39,85,236
39,98,545
39,100,46
39,101,412
39,102,38
39,104,472
39,105,459
39,107,332
39,117,293
39,120,460
39,122,181
39,129,201
39,130,347
39,144,161
39,150,13
39,151,565
39,156,513
39,159,498
39,160,54
39,164,581
39,165,324
39,168,535
39,178,59
39,186,331
39,189,588
39,192,28
39,194,132
39,208,351
39,210,360
39,211,154
39,216,238
39,217,1
39,222,431
39,223,50
39,225,495
39,228,423
39,244,1
39,248,188
39,253,26
39,257,158
39,263,2
39,275,465
39,278,70
39,298,462
40,1,214
40,2,218
40,4,71
40,5,272
40,6,399
40,8,510
40,9,270
40,12,522
40,13,233
40,14,487
40,17,247
40,18,342
40,19,350
40,21,562
40,23,496
40,24,423
40,25,198
40,26,74
40,27,206
40,29,234
40,31,464
40,32,140
40,33,391
40,34,60
40,35,218
40,36,142
40,37,446
40,41,68
40,42,176
40,43,184
40,44,540
40,45,360
40,46,525
40,47,578
40,48,316
40,50,25
40,51,485
40,52,3
40,53,503
40,55,295
40,57,177
40,58,98
40,59,560
40,62,152
40,63,512
40,66,1
40,68,393
40,72,355
40,73,229
40,76,231
40,77,226
40,78,266
40,80,333
40,81,563
40,82,516
40,84,83
40,88,441
40,92,573
40,95,517
40,103,59
40,104,553
40,108,221
40,113,314
40,118,443
40,123,487
40,125,66
40,126,426
40,128,139
40,135,211
40,138,336
40,151,167
40,167,11
40,173,422
40,180,426
40,182,358
40,185,178
40,187,382
40,191,153
40,197,520
40,199,210
40,202,358
40,204,40
40,219,565
40,244,50
40,253,65
40,255,584
40,256,436
40,258,342
40,264,88
40,266,312
40,274,224
40,280,134
40,297,46
41,3,549
41,4,357
41,5,77
41,8,193
41,9,592
41,12,241
41,13,226
41,14,580
41,15,198
41,16,558
41,20,519
41,22,154
41,23,234
41,24,434
41,26,172
41,27,178
41,28,102
41,29,375
41,30,316
41,32,533
41,35,567
41,36,160
41,38,471
41,40,68
41,43,373
41,44,554
41,45,579
41,50,419
41,51,149
41,52,441
41,55,463
41,58,174
41,63,153
41,64,319
41,66,532
41,67,571
41,73,450
41,76,280
41,77,233
41,78,491
41,79,370
41,89,39
41,91,371
41,97,393
41,102,479
41,103,505
41,105,469
41,108,90
41,109,199
41,111,433
41,113,466
41,115,340
41,116,52
41,117,36
41,119,532
41,125,345
41,126,568
41,127,419
41,130,547
41,133,41
41,137,415
41,141,150
41,145,223
41,148,526
41,149,503
41,160,205
41,162,200
41,163,482
41,165,400
41,168,586
41,175,22
41,177,249
41,178,473
41,180,427
41,182,112
41,184,282
41,189,43
41,196,209
41,200,39
41,201,263
41,206,275
41,207,547
41,208,184
41,215,98
41,216,494
41,218,464
41,225,578
41,232,559
41,234,416
41,239,591
41,242,209
41,243,226
41,246,503
41,256,586
41,257,526
41,263,180
41,271,348
41,277,561
41,282,309
41,284,257
41,292,5
42,1,535
42,3,172
42,5,170
42,6,232
42,8,26
42,10,384
42,11,542
42,12,4
42,13,369
42,14,10
42,15,381
42,17,428
42,18,575
42,19,349
42,20,62
42,21,412
42,22,508
42,23,117
42,24,568
42,28,153
42,30,5
42,33,317
42,34,449
42,36,139
42,38,50
42,40,176
42,43,568
42,44,373
42,48,183
42,49,537
42,51,69
42,52,457
42,53,52
42,54,378
42,55,574
42,56,333
42,57,269
42,58,113
42,62,177
42,67,567
42,68,517
42,70,574
42,74,416
42,76,102
42,78,491
42,85,157
42,93,94
42,101,564
42,103,570
42,104,254
42,105,224
42,107,375
42,108,65
42,111,288
42,118,3
42,119,12
42,121,76
42,125,28
42,131,361
42,134,75
42,142,385
42,151,209
42,163,248
42,164,146
42,170,518
42,174,287
42,177,441
42,180,137
42,196,494
42,197,333
42,199,49
42,201,227
42,203,27
42,206,59
42,209,28
42,221,544
42,227,568
42,231,248
42,237,129
42,238,508
42,239,23
42,242,550
42,247,269
42,254,504
42,274,550
42,276,237
42,279,595
42,285,383
42,291,336
42,293,498
43,2,543
43,8,159
43,9,485
43,11,98
43,14,369
43,16,196
43,17,520
43,18,126
43,19,39
43,20,323
43,22,87
43,23,232
43,25,563
43,26,591
43,27,254
43,28,12
43,29,348
43,30,102
43,31,42
43,32,203
43,35,190
43,38,331
43,40,184
43,41,373
43,42,568
43,46,365
43,47,180
43,51,37
43,52,352
43,53,411
43,55,455
43,56,161
43,57,152
43,59,49
43,60,388
43,61,390
43,62,162
43,65,284
43,66,68
43,69,118
43,71,322
43,72,561
43,77,6
43,80,42
43,85,415
43,87,534
43,93,88
43,95,502
43,99,4
43,102,239
43,103,442
43,104,272
43,108,188
43,112,532
43,114,247
