source,target,weight
1,2,197
1,3,19
1,4,445
1,5,424
1,6,181
1,7,390
1,8,355
1,9,551
1,10,491
1,11,308
1,12,348
1,14,39
1,15,566
1,16,362
1,18,43
1,19,481
1,21,396
1,22,597
1,23,249
1,24,376
1,25,224
1,26,173
1,28,368
1,29,196
1,30,74
1,31,461
1,32,289
1,35,54
1,36,103
1,37,460
1,38,482
1,40,541
1,41,500
1,42,133
1,43,599
1,44,199
1,45,16
1,46,145
1,47,338
1,49,19
1,50,160
1,52,44
1,53,292
1,54,549
1,55,81
1,56,257
1,57,42
1,59,269
1,60,128
1,65,284
1,67,216
1,68,16
1,73,307
1,76,281
1,77,341
1,80,54
1,82,138
1,84,126
1,85,263
1,86,185
1,87,583
1,88,398
1,90,447
1,91,112
1,97,300
1,98,466
1,100,175
1,105,23
1,110,548
1,118,238
1,123,490
1,132,534
1,133,31
1,137,284
1,140,335
1,142,23
1,147,577
1,148,525
1,151,86
1,152,532
1,153,217
1,159,44
1,163,495
1,175,532
1,177,395
1,178,572
1,181,34
1,183,319
1,184,108
1,186,343
1,195,80
1,196,524
1,201,80
1,204,66
1,206,36
1,207,483
1,217,344
1,223,49
1,238,412
1,246,29
1,252,210
1,260,460
1,262,463
1,266,150
1,282,504
1,284,557
1,293,362
1,295,143
1,299,544
2,1,197
2,4,576
2,7,1
2,10,333
2,11,26
2,13,244
2,14,155
2,15,401
2,16,499
2,17,85
2,18,380
2,20,205
2,21,553
2,22,47
2,23,163
2,24,597
2,25,392
2,26,436
2,27,354
2,28,359
2,29,382
2,30,252
2,33,94
2,34,191
2,35,330
2,36,199
2,37,31
2,38,568
2,39,336
2,40,130
2,42,312
2,43,420
2,45,422
2,46,432
2,47,117
2,48,270
2,49,188
2,51,385
2,52,183
2,55,224
2,56,460
2,59,206
2,60,455
2,61,435
2,62,222
2,63,101
2,64,121
2,67,554
2,69,491
2,72,209
2,77,517
2,79,274
2,81,312
2,82,353
2,85,207
2,86,94
2,93,289
2,94,555
2,95,104
2,96,399
2,97,394
2,98,574
2,99,416
2,100,246
2,106,409
2,111,467
2,112,533
2,113,6
2,116,412
2,122,385
2,123,208
2,126,5
2,128,493
2,129,164
2,134,93
2,139,327
2,142,402
2,145,102
2,146,25
2,151,336
2,152,67
2,159,480
2,160,13
2,162,100
2,163,209
2,165,449
2,167,138
2,168,296
2,177,278
2,179,228
2,195,97
2,204,401
2,207,190
2,208,254
2,216,161
2,218,427
2,227,383
2,233,195
2,245,500
2,247,512
2,253,514
2,259,353
2,263,137
2,268,120
2,272,72
2,287,364
3,1,19
3,4,333
3,5,311
3,6,456
3,8,395
3,11,549
3,13,100
3,14,53
3,17,222
3,18,417
3,19,472
3,21,581
3,23,493
3,25,151
3,26,126
3,27,532
3,28,278
3,30,187
3,31,581
3,32,292
3,35,261
3,36,56
3,38,140
3,40,329
3,42,248
3,43,93
3,44,82
3,45,592
3,48,544
3,49,12
3,50,439
3,51,110
3,52,34
3,53,427
3,57,472
3,58,234
3,60,210
3,61,474
3,62,330
3,63,221
3,66,513
3,67,551
3,68,358
3,69,51
3,70,447
3,72,146
3,73,108
3,74,225
3,75,550
3,78,202
3,79,151
3,81,225
3,83,535
3,84,495
3,86,303
3,87,566
3,89,215
3,91,548
3,102,86
3,105,343
3,107,76
3,108,408
3,116,382
3,118,290
3,129,162
3,131,248
3,132,192
3,142,474
3,149,313
3,152,137
3,160,11
3,165,383
3,166,337
3,173,306
3,177,32
3,180,399
3,184,88
3,186,468
3,189,465
3,192,355
3,199,580
3,207,183
3,214,240
3,227,241
3,231,302
3,244,64
3,250,584
3,254,373
3,257,528
3,258,553
3,279,313
3,289,436
3,290,490
3,294,171
3,300,309
4,1,445
4,2,576
4,3,333
4,5,555
4,6,427
4,8,578
4,9,325
4,10,200
4,12,271
4,13,463
4,14,511
4,16,456
4,17,432
4,19,254
4,21,38
4,22,376
4,25,299
4,26,382
4,27,572
4,28,510
4,29,53
4,32,489
4,33,62
4,34,13
4,37,38
4,38,15
4,39,311
4,40,12
4,41,346
4,42,478
4,43,233
4,45,521
4,47,345
4,50,88
4,53,145
4,55,115
4,58,77
4,60,334
4,63,129
4,64,160
4,69,200
4,70,484
4,72,35
4,74,344
4,75,437
4,77,507
4,79,502
4,81,300
4,90,217
4,96,230
4,98,489
4,101,441
4,103,52
4,112,312
4,115,30
4,117,499
4,118,535
4,125,140
4,127,87
4,133,315
4,136,210
4,140,539
4,144,559
4,146,220
4,149,28
4,152,368
4,172,140
4,174,316
4,180,156
4,184,535
4,191,434
4,192,513
4,193,79
4,198,308
4,202,171
4,205,556
4,215,52
4,218,203
4,227,210
4,232,228
4,239,308
4,242,149
4,243,156
4,260,275
4,266,199
4,269,268
4,271,286
4,273,62
5,1,424
5,3,311
5,4,555
5,6,100
5,9,61
5,10,188
5,12,535
5,14,413
5,15,308
5,16,52
5,17,24
5,18,499
5,19,409
5,20,226
5,21,253
5,22,186
5,24,214
5,25,374
5,26,77
5,28,141
5,29,180
5,33,333
5,34,457
5,39,253
5,40,57
5,41,43
5,42,555
5,43,440
5,44,312
5,46,534
5,48,182
5,50,463
5,52,29
5,53,155
5,55,127
5,56,116
5,57,561
5,58,533
5,59,385
5,62,48
5,63,589
5,64,572
5,65,491
5,66,44
5,67,557
5,69,429
5,70,579
5,73,20
5,74,94
5,75,587
5,76,544
5,78,159
5,80,287
5,81,501
5,83,100
5,88,458
5,90,524
5,99,405
5,100,125
5,101,241
5,105,493
5,106,554
5,112,474
5,118,83
5,119,305
5,120,55
5,126,570
5,144,594
5,146,370
5,147,70
5,148,57
5,151,152
5,155,59
5,159,255
5,166,452
5,172,48
5,173,425
5,177,450
5,179,542
5,187,445
5,189,291
5,192,400
5,194,354
5,196,78
5,206,56
5,208,406
5,211,466
5,223,504
5,226,390
5,233,471
5,243,2
5,248,156
5,250,98
5,251,319
5,257,371
5,260,157
5,263,128
5,272,268
5,282,582
5,286,132
5,297,297
6,1,181
6,3,456
6,4,427
6,5,100
6,7,357
6,9,162
6,10,365
6,12,78
6,13,21
6,14,25
6,15,513
6,16,275
6,17,374
6,18,558
6,21,102
6,23,437
6,24,295
6,26,547
6,27,533
6,28,479
6,30,330
6,31,372
6,35,387
6,36,532
6,38,469
6,39,307
6,40,65
6,43,219
6,45,173
6,48,410
6,50,576
6,55,70
6,61,519
6,63,476
6,66,114
6,67,322
6,68,16
6,74,452
6,75,242
6,77,76
6,78,563
6,79,114
6,80,592
6,84,185
6,87,465
6,89,596
6,95,151
6,96,537
6,99,69
6,101,225
6,103,65
6,110,418
6,116,400
6,118,36
6,121,340
6,123,245
6,126,55
6,131,262
6,133,166
6,136,374
6,137,218
6,143,513
6,145,339
6,152,369
6,153,485
6,154,592
6,162,202
6,168,291
6,172,179
6,177,148
6,187,210
6,189,20
6,199,418
6,209,275
6,210,152
6,222,384
6,223,442
6,225,287
6,227,590
6,230,418
6,235,100
6,249,570
6,257,554
6,269,226
6,272,57
6,275,70
6,280,295
6,299,104
7,1,390
7,2,1
7,6,357
7,9,537
7,11,550
7,12,572
7,13,124
7,18,287
7,20,30
7,21,147
7,22,160
7,23,361
7,24,37
7,26,11
7,28,69
7,29,261
7,34,477
7,35,546
7,36,427
7,37,269
7,38,210
7,39,454
7,40,48
7,41,338
7,43,74
7,45,96
7,46,502
7,47,295
7,52,15
7,53,419
7,54,332
7,58,215
7,59,400
7,64,363
7,66,228
7,68,538
7,70,351
7,71,308
7,74,432
7,76,427
7,77,153
7,79,480
7,82,284
7,86,171
7,87,508
7,89,6
7,95,179
7,97,366
7,106,408
7,107,567
7,114,460
7,117,279
7,121,222
7,124,133
7,125,30
7,126,592
7,132,221
7,135,504
7,140,103
7,141,600
7,142,454
7,143,487
7,144,465
7,146,187
7,154,205
7,155,337
7,156,411
7,158,23
7,173,204
7,179,164
7,191,15
7,194,184
7,197,322
7,218,6
7,224,415
7,239,334
7,243,48
7,252,54
7,253,541
7,264,159
7,268,487
7,276,376
7,284,421
7,285,171
7,287,377
7,291,392
7,296,392
8,1,355
8,3,395
8,4,578
8,9,53
8,10,377
8,11,595
8,12,441
8,15,384
8,17,373
8,19,65
8,21,391
8,22,178
8,23,322
8,27,128
8,30,213
8,31,132
8,32,449
8,35,223
8,36,231
8,38,396
8,39,89
8,45,95
8,46,227
8,50,92
8,51,201
8,53,558
8,56,63
8,59,510
8,60,522
8,64,4
8,65,466
8,67,163
8,69,9
8,70,156
8,74,197
8,76,416
8,77,234
8,84,332
8,86,162
8,87,35
8,88,9
8,90,199
8,91,423
8,93,475
8,94,105
8,95,245
8,105,292
8,111,419
8,115,484
8,118,305
8,120,361
8,121,522
8,123,508
8,132,410
8,134,525
8,135,195
8,144,489
8,145,241
8,147,275
8,163,1
8,165,17
8,169,314
8,175,564
8,181,220
8,182,599
8,187,135
8,192,599
8,205,386
8,211,475
8,214,198
8,220,236
8,223,213
8,229,570
8,230,23
8,231,158
8,233,63
8,234,191
8,262,92
8,269,108
8,272,598
8,277,187
8,284,34
8,285,291
8,288,4
8,293,84
9,1,551
9,4,325
9,5,61
9,6,162
9,7,537
9,8,53
9,10,509
9,11,497
9,13,112
9,15,346
9,16,443
9,17,237
9,19,502
9,20,396
9,21,440
9,22,485
9,23,125
9,24,351
9,25,344
9,26,266
9,27,41
9,29,53
9,30,488
9,31,63
9,32,535
9,33,225
9,37,170
9,38,243
9,39,122
9,42,4
9,43,446
9,46,201
9,47,260
9,48,323
9,52,73
9,53,316
9,55,20
9,58,190
9,65,242
9,66,487
9,70,210
9,71,238
9,73,501
9,74,351
9,75,586
9,76,114
9,77,42
9,80,37
9,88,228
9,91,321
9,92,457
9,98,176
9,99,256
9,100,512
9,101,281
9,102,83
9,104,580
9,112,63
9,130,512
9,131,119
9,136,3
9,139,6
9,140,385
9,149,440
9,153,232
9,154,585
9,167,211
9,170,325
9,172,427
9,174,136
9,179,521
9,182,217
9,183,235
9,189,299
9,190,508
9,192,494
9,195,242
9,197,262
9,200,342
9,211,239
9,217,118
9,230,365
9,236,299
9,250,330
9,258,463
9,276,338
9,283,526
9,294,60
9,297,580
10,1,491
10,2,333
10,4,200
10,5,188
10,6,365
10,8,377
10,9,509
10,11,442
10,12,564
10,13,86
10,14,359
10,15,110
10,18,306
10,19,563
10,21,463
10,22,52
10,23,505
10,24,295
10,25,248
10,29,257
10,30,329
10,32,46
10,33,191
10,34,17
10,35,57
10,36,291
10,39,328
10,41,318
10,42,364
10,43,414
10,44,19
10,53,394
10,57,224
10,62,475
10,63,251
10,64,175
10,68,585
10,69,280
10,74,478
10,83,450
10,85,529
10,87,345
10,88,554
10,90,402
10,99,202
10,101,496
10,102,168
10,106,61
10,107,149
10,110,33
10,114,508
10,116,585
10,121,370
10,124,221
10,125,55
10,133,323
10,134,174
10,135,577
10,141,438
10,143,593
10,156,347
10,158,216
10,160,247
10,164,496
10,166,61
10,167,527
10,168,349
10,173,169
10,175,339
10,177,542
10,180,126
10,185,376
10,186,463
10,188,110
10,191,182
10,192,487
10,196,535
10,198,383
10,202,146
10,214,544
10,215,456
10,217,11
10,222,411
10,228,431
10,234,12
10,235,116
10,236,1
10,245,356
10,258,315
10,274,342
10,279,486
10,288,561
10,290,286
10,291,104
10,294,477
10,298,72
11,1,308
11,2,26
11,3,549
11,7,550
11,8,595
11,9,497
11,10,442
11,12,387
11,13,116
11,14,407
11,16,484
11,17,468
11,18,597
11,22,268
11,23,239
11,24,157
11,27,5
11,28,444
11,30,297
11,33,502
11,34,253
11,35,393
11,38,338
11,40,51
11,41,175
11,44,535
11,50,419
11,51,466
11,52,490
11,54,107
11,55,54
11,56,67
11,62,413
11,65,228
11,69,279
11,70,569
11,71,443
11,72,264
11,74,474
11,80,292
11,81,297
11,84,562
11,86,302
11,92,125
11,94,149
11,95,244
11,98,363
11,110,209
11,115,147
11,123,118
11,124,548
11,128,70
11,131,415
11,135,351
11,136,115
11,138,37
11,148,532
11,151,204
11,155,101
11,157,279
11,161,399
11,165,326
11,166,82
11,183,280
11,184,543
11,189,213
11,193,222
11,195,43
11,220,402
11,223,292
11,236,275
11,242,327
11,249,127
11,252,64
11,260,471
11,261,512
11,267,298
11,293,360
12,1,348
12,4,271
12,5,535
12,6,78
12,7,572
12,8,441
12,10,564
12,11,387
12,14,243
12,15,370
12,17,102
12,18,235
12,19,442
12,20,375
12,21,149
12,24,264
12,29,467
12,30,527
12,31,124
12,32,154
12,34,175
12,35,388
12,36,14
12,37,181
12,44,294
12,46,280
12,47,181
12,48,69
12,49,259
12,50,433
12,51,322
12,53,344
12,54,393
12,56,400
12,57,195
12,58,575
12,59,360
12,61,274
12,64,227
12,65,361
12,68,213
12,69,326
12,71,125
12,76,57
12,77,12
12,85,485
12,92,86
12,93,438
12,99,152
12,101,9
12,106,332
12,108,79
12,109,106
12,111,8
12,113,75
12,114,69
12,115,86
12,116,29
12,117,199
12,118,365
12,124,588
12,128,76
12,130,398
12,139,125
12,142,166
12,143,576
12,146,551
12,148,293
12,149,44
12,153,488
12,176,475
12,183,494
12,190,299
12,210,461
12,212,33
12,216,230
12,220,105
12,222,527
12,232,531
12,242,398
12,245,168
12,248,528
12,251,480
12,253,69
12,276,330
12,277,519
12,283,184
12,284,253
12,288,488
12,291,409
13,2,244
13,3,100
13,4,463
13,6,21
13,7,124
13,9,112
13,10,86
13,11,116
13,14,456
13,16,202
13,18,207
13,19,435
13,20,294
13,21,279
13,23,127
13,26,494
13,27,267
13,29,3
13,31,249
13,33,56
13,34,105
13,36,167
13,37,23
13,42,177
13,44,339
13,45,2
13,46,439
13,52,427
13,53,251
13,54,566
13,55,143
13,56,140
13,57,115
13,58,200
13,59,182
13,62,100
13,65,375
13,68,497
13,70,531
13,71,10
13,72,227
13,73,204
13,74,300
13,76,433
13,78,331
13,80,341
13,82,536
13,83,564
13,86,80
13,87,582
13,89,108
13,97,586
13,100,28
13,103,596
13,105,357
13,107,485
13,108,570
13,109,260
13,111,190
13,113,134
13,115,539
13,118,556
13,119,302
13,121,421
13,122,126
13,123,494
13,124,64
13,132,173
13,133,522
13,138,523
13,142,260
13,144,219
13,152,298
13,154,204
13,162,387
13,163,228
13,164,445
13,166,464
13,168,109
13,169,46
13,172,559
13,178,320
13,179,277
13,183,11
13,186,478
13,188,343
13,194,385
13,205,515
13,208,232
13,211,141
13,228,160
13,271,60
13,284,596
13,285,176
14,1,39
14,2,155
14,3,53
14,4,511
14,5,413
14,6,25
14,10,359
14,11,407
14,12,243
14,13,456
14,15,356
14,16,329
14,17,143
14,18,86
14,19,481
14,20,329
14,21,478
14,22,399
14,25,570
14,27,183
14,28,43
14,29,446
14,30,131
14,31,281
14,32,217
14,33,401
14,34,401
14,35,122
14,36,249
14,38,67
14,39,587
14,40,547
14,41,448
14,42,239
14,43,326
14,44,366
14,45,560
14,46,208
14,48,209
14,49,351
14,50,573
14,51,535
14,55,248
14,56,192
14,59,68
14,61,199
14,62,35
14,63,352
14,67,46
14,70,3
14,75,69
14,78,430
14,80,585
14,82,526
14,83,34
14,84,349
14,86,242
14,89,425
14,90,72
14,91,464
14,92,258
14,93,237
14,95,434
14,99,54
14,102,234
14,103,272
14,104,3
14,107,82
14,108,369
14,112,251
14,115,409
14,116,409
14,118,390
14,121,17
14,130,183
14,133,311
14,136,362
14,142,53
14,145,324
14,147,523
14,149,166
14,153,360
14,158,435
14,161,81
14,162,322
14,163,108
14,164,169
14,176,534
14,187,64
14,189,438
14,191,527
14,195,484
14,203,447
14,204,509
14,212,206
14,213,514
14,219,449
14,245,184
14,248,255
14,258,115
14,266,324
14,278,120
15,1,566
15,2,401
15,5,308
15,6,513
15,8,384
15,9,346
15,10,110
15,12,370
15,14,356
15,18,350
15,19,516
15,20,596
15,21,65
15,24,450
15,25,283
15,26,3
15,28,74
15,31,503
15,32,3
15,34,573
15,35,314
15,36,277
15,40,382
15,41,314
15,42,252
15,43,29
15,46,104
15,48,236
15,49,258
15,50,130
15,51,487
15,52,423
15,53,10
15,54,409
15,55,391
15,57,65
15,59,328
15,62,288
15,63,526
15,65,449
15,67,499
15,70,383
15,75,536
15,76,52
15,77,519
15,81,526
15,82,357
15,87,129
15,88,158
15,90,569
15,91,527
15,94,76
15,95,188
15,97,30
15,98,253
15,99,127
15,106,210
15,112,347
15,115,50
15,116,323
15,120,196
15,122,194
15,123,370
15,128,212
15,129,116
15,131,461
15,137,106
15,143,213
15,152,156
15,155,207
15,164,417
15,167,297
15,169,52
15,171,128
15,176,543
15,178,575
15,219,361
15,225,108
15,231,264
15,233,281
15,244,241
15,245,386
15,249,471
15,258,173
15,259,124
15,273,157
15,281,417
15,284,376
15,296,564
15,299,3
16,1,362
16,2,499
16,4,456
16,5,52
16,6,275
16,9,443
16,11,484
16,13,202
16,14,329
16,17,167
16,18,145
16,19,411
16,20,475
16,21,151
16,22,420
16,23,123
16,24,195
16,25,272
16,28,271
16,29,328
16,30,504
16,32,284
16,34,214
16,37,576
16,38,212
16,39,403
16,40,180
16,41,592
16,42,395
16,44,264
16,45,98
16,47,86
16,48,246
16,49,410
16,51,3
16,52,11
16,53,3
16,54,303
16,55,100
16,59,55
16,60,440
16,61,176
16,62,58
16,63,337
16,64,356
16,66,200
16,67,399
16,69,589
16,71,385
16,72,99
16,74,507
16,84,563
16,85,147
16,86,503
16,88,123
16,89,9
16,93,165
16,95,369
16,97,231
16,103,431
16,104,246
16,105,24
16,109,415
16,112,380
16,116,81
16,119,162
16,120,577
16,122,217
16,124,259
16,126,109
16,129,151
16,134,203
16,136,68
16,140,358
16,143,250
16,147,161
16,152,407
16,158,97
16,160,108
16,161,473
16,163,59
16,174,599
16,175,357
16,180,303
16,181,228
16,184,103
16,188,318
16,192,5
16,194,181
16,196,397
16,197,168
16,198,366
16,199,253
16,209,330
16,225,517
16,227,599
16,230,313
16,232,255
16,245,446
16,274,279
16,276,412
16,283,314
16,286,116
16,294,549
17,2,85
17,3,222
17,4,432
17,5,24
17,6,374
17,8,373
17,9,237
17,11,468
17,12,102
17,14,143
17,16,167
17,20,219
17,22,173
17,23,535
17,24,588
17,25,94
17,26,419
17,31,404
17,32,181
17,34,293
17,35,570
17,37,158
17,38,594
17,41,456
17,43,217
17,44,253
17,45,171
17,47,543
17,49,427
17,50,155
17,51,129
17,53,590
17,55,303
17,57,326
17,59,55
17,61,177
17,63,42
17,65,552
17,67,424
17,69,382
17,71,257
17,73,165
17,78,577
17,79,483
17,81,504
17,85,99
17,89,450
17,90,373
17,93,269
17,95,396
17,98,413
17,100,61
17,107,126
17,111,187
17,112,183
17,113,305
17,115,352
17,117,17
17,119,339
17,123,394
17,127,159
17,129,569
17,132,532
17,133,424
17,135,495
17,138,291
17,143,233
17,145,23
17,147,150
17,149,554
17,160,445
17,161,201
17,166,335
17,168,74
17,169,457
17,175,529
17,183,267
17,186,21
17,191,101
17,195,23
17,200,436
17,201,379
17,203,456
17,209,180
17,210,591
17,224,123
17,226,283
17,228,574
17,230,282
17,232,449
17,239,26
17,248,107
17,260,517
17,275,188
17,287,228
17,291,467
17,292,553
17,293,172
17,298,5
18,1,43
18,2,380
18,3,417
18,5,499
18,6,558
18,7,287
18,10,306
18,11,597
18,12,235
18,13,207
18,14,86
18,15,350
18,16,145
18,19,58
18,20,327
18,23,186
18,26,136
18,27,144
18,28,588
18,31,338
18,33,6
18,36,173
18,37,449
18,38,469
18,39,183
18,41,66
18,43,418
18,44,49
18,46,266
18,48,545
18,49,583
18,50,145
18,52,53
18,53,392
18,57,239
18,59,499
18,62,457
18,64,458
18,65,47
18,67,598
18,68,40
18,69,336
18,75,22
18,76,177
18,78,423
18,79,206
18,87,214
18,88,198
18,91,576
18,92,569
18,93,90
18,94,78
18,99,439
18,104,147
18,106,128
18,109,132
18,110,211
18,114,466
18,121,121
18,122,487
18,123,294
18,124,365
18,125,292
18,132,468
18,133,136
18,147,172
18,151,572
18,156,563
18,157,441
18,162,552
18,178,272
18,181,269
18,182,436
18,185,335
18,187,298
18,188,127
18,195,285
18,196,302
18,197,102
18,198,468
18,206,107
18,212,355
18,217,378
18,222,392
18,233,194
18,234,531
18,239,301
18,240,1
18,245,168
18,249,284
18,250,503
18,268,248
18,273,375
18,274,440
18,275,265
18,300,598
19,1,481
19,3,472
19,4,254
19,5,409
19,8,65
19,9,502
19,10,563
19,12,442
19,13,435
19,14,481
19,15,516
19,16,411
19,18,58
19,20,208
19,21,400
19,22,373
19,23,171
19,25,98
19,26,359
19,27,147
19,30,256
19,32,378
19,34,195
19,35,217
19,37,257
19,38,234
19,39,406
19,40,234
19,41,444
19,42,130
19,43,523
19,44,298
19,45,188
19,46,164
19,47,338
19,48,186
19,50,234
19,51,67
19,53,193
19,54,93
19,55,119
19,56,321
19,57,188
19,58,488
19,59,82
19,60,279
19,65,261
19,66,205
19,67,450
19,68,35
19,72,497
19,76,554
19,79,177
19,82,72
19,83,454
19,89,313
19,92,466
19,96,552
19,98,201
19,101,517
19,103,464
19,107,437
19,108,23
19,110,361
19,111,182
19,118,99
19,126,305
19,127,200
19,129,121
19,133,413
19,138,71
19,144,493
19,145,68
19,150,21
19,164,490
19,165,171
19,171,389
19,172,436
19,177,493
19,178,344
19,183,197
19,184,229
19,189,242
19,194,19
19,199,69
19,200,528
19,201,262
19,202,402
19,206,153
19,210,97
19,212,370
19,213,112
19,215,326
19,225,298
19,228,556
19,234,385
19,242,262
19,254,593
19,255,499
19,268,471
19,271,510
19,280,533
19,289,250
20,2,205
20,5,226
20,7,30
20,9,396
20,12,375
20,13,294
20,14,329
20,15,596
20,16,475
20,17,219
20,18,327
20,19,208
20,22,573
20,24,361
20,25,227
20,26,417
20,27,293
20,28,593
20,31,277
20,32,292
20,33,240
20,35,248
20,36,9
20,37,507
20,38,297
20,40,445
20,41,166
20,42,118
20,44,461
20,45,184
20,46,589
20,47,595
20,49,377
20,54,438
20,55,235
20,56,277
20,57,191
20,58,372
20,60,117
20,66,17
20,68,199
20,70,439
20,72,215
20,75,580
20,76,49
20,77,272
20,79,343
20,85,579
20,86,204
20,90,358
20,96,178
20,97,373
20,102,156
20,104,141
20,107,250
20,108,17
20,109,439
20,110,490
20,114,407
20,119,215
20,122,154
20,126,86
20,127,315
20,129,209
20,131,488
20,132,396
20,133,283
20,134,571
20,135,473
20,139,171
20,144,344
20,150,360
20,151,511
20,162,361
20,166,21
20,167,120
20,169,164
20,175,553
20,176,47
20,181,209
20,183,272
20,184,198
20,191,198
20,198,141
20,207,595
20,214,259
20,216,254
20,217,406
20,218,8
20,222,125
20,223,566
20,235,177
20,236,73
20,239,366
20,249,40
20,261,517
20,265,138
20,272,97
20,277,366
20,286,122
20,289,391
21,1,396
21,2,553
21,3,581
21,4,38
21,5,253
21,6,102
21,7,147
21,8,391
21,9,440
21,10,463
21,12,149
21,13,279
21,14,478
21,15,65
21,16,151
21,19,400
21,22,532
21,24,292
21,25,155
21,26,290
21,27,367
21,28,504
21,29,334
21,30,156
21,31,160
21,33,10
21,35,90
21,37,516
21,40,380
21,41,73
21,44,41
21,47,143
21,48,488
21,51,30
21,52,15
21,53,496
21,54,95
21,58,287
21,63,486
21,65,26
21,67,389
21,68,375
21,70,427
21,74,320
21,78,439
21,80,15
21,83,359
21,87,480
21,92,178
21,93,32
21,99,124
21,100,183
21,104,67
21,107,569
21,111,193
21,112,526
21,114,5
21,115,168
21,116,351
21,125,260
21,129,279
21,130,96
21,133,244
21,138,362
21,139,254
21,140,588
21,142,174
21,143,22
21,145,458
21,147,449
21,150,331
21,153,482
21,160,300
21,170,526
21,183,160
21,189,491
21,192,527
21,197,335
21,207,93
21,211,427
21,213,463
21,216,198
21,221,88
21,230,194
21,232,382
21,233,383
21,234,458
21,238,266
21,243,56
21,245,379
21,247,221
21,250,159
21,251,108
21,255,169
21,264,302
21,266,299
21,269,284
21,272,438
21,278,227
21,287,69
21,296,507
22,1,597
22,2,47
22,4,376
22,5,186
22,7,160
22,8,178
22,9,485
22,10,52
22,11,268
22,14,399
22,16,420
22,17,173
22,19,373
22,20,573
22,21,532
22,23,178
22,24,54
22,25,164
22,26,316
22,29,464
22,31,39
22,33,535
22,38,510
22,39,51
22,40,592
22,41,502
22,42,277
22,44,16
22,45,88
22,46,86
22,47,481
22,48,549
22,49,596
22,50,177
22,51,344
22,55,119
22,60,97
22,67,405
22,70,119
22,72,290
22,73,441
22,75,38
22,77,119
22,85,463
22,86,178
22,88,465
22,89,557
22,94,177
22,98,356
22,99,29
22,100,567
22,101,69
22,104,31
22,107,398
22,114,361
22,123,166
22,136,402
22,137,319
22,140,235
22,143,95
22,148,372
22,150,165
22,151,438
22,159,371
22,161,324
22,175,436
22,179,246
22,192,194
22,200,480
22,203,64
22,207,473
22,213,311
22,223,579
22,243,75
22,249,286
22,250,56
22,252,334
22,255,34
22,256,209
22,281,475
22,283,476
22,290,36
22,296,412
23,1,249
23,2,163
23,3,493
23,6,437
23,7,361
23,8,322
23,9,125
23,10,505
23,11,239
23,13,127
23,16,123
23,17,535
23,18,186
23,19,171
23,22,178
23,24,397
23,25,327
23,26,123
23,27,490
23,28,50
23,30,519
23,33,546
23,34,71
23,35,298
23,36,268
23,37,167
23,39,182
23,40,14
23,41,126
23,44,504
23,45,366
23,49,159
23,50,463
23,52,483
23,53,527
23,54,396
23,55,570
23,57,224
23,59,55
23,61,254
23,62,196
23,64,487
23,66,570
23,67,499
23,68,410
23,69,336
23,71,309
23,75,54
23,78,469
23,80,148
23,83,284
23,84,140
23,86,379
23,91,340
23,95,241
23,100,99
23,103,480
23,104,120
23,109,242
23,110,266
23,111,62
23,112,18
23,113,458
23,117,444
23,121,34
23,125,495
23,129,8
23,130,456
23,132,154
23,134,416
23,139,356
23,143,514
23,145,179
23,149,325
23,168,140
23,171,106
23,173,436
23,174,103
23,184,534
23,186,349
23,194,193
23,197,68
23,202,482
23,211,299
23,218,174
23,224,5
23,228,32
23,236,233
23,238,471
23,244,478
23,246,15
23,249,6
23,250,594
23,258,557
23,261,360
23,262,371
23,263,501
23,273,260
23,287,514
23,289,228
24,1,376
24,2,597
24,5,214
24,6,295
24,7,37
24,9,351
24,10,295
24,11,157
24,12,264
24,15,450
24,16,195
24,17,588
24,20,361
24,21,292
24,22,54
24,23,397
24,26,230
24,27,185
24,28,280
24,29,190
24,30,135
24,31,409
24,33,60
24,34,323
24,35,89
24,37,84
24,38,19
24,39,239
24,40,19
24,41,491
24,43,255
24,44,157
24,47,73
24,48,297
24,49,85
24,50,347
24,53,87
24,56,35
24,58,267
24,59,196
24,62,242
24,63,202
24,64,131
24,66,504
24,68,442
24,69,26
24,70,231
24,71,562
24,73,118
24,83,46
24,85,75
24,88,288
24,89,41
24,90,152
24,91,474
24,93,534
24,94,439
24,95,209
24,97,499
24,102,8
24,107,138
24,116,461
24,121,360
24,122,141
24,138,386
24,139,544
24,143,188
24,151,152
24,160,39
24,161,234
24,166,18
24,171,128
24,172,264
24,173,172
24,175,148
24,176,284
24,184,388
24,185,17
24,195,107
24,196,260
24,197,39
24,212,476
24,216,180
24,220,600
24,226,256
24,229,193
24,234,297
24,246,530
24,250,377
24,264,340
24,269,550
24,289,158
24,296,214
24,300,246
25,1,224
25,2,392
25,3,151
25,4,299
25,5,374
25,9,344
25,10,248
25,14,570
25,15,283
25,16,272
25,17,94
25,19,98
25,20,227
25,21,155
25,22,164
25,23,327
25,26,180
25,28,592
25,29,409
25,31,363
25,32,384
25,37,212
25,38,7
25,39,69
25,44,266
25,45,575
25,46,258
25,49,277
25,50,515
25,52,54
25,54,56
25,55,443
25,60,444
25,61,203
25,62,517
25,63,596
25,64,149
25,65,132
25,67,375
25,70,93
25,74,352
25,76,353
25,77,411
25,79,597
25,80,427
25,81,396
25,82,538
25,83,22
25,90,449
25,92,46
25,94,581
25,97,68
25,99,77
25,104,242
25,107,3
25,112,74
25,113,472
25,120,446
25,122,303
25,123,249
25,124,304
25,126,494
25,129,595
25,132,218
25,135,367
25,136,70
25,140,404
25,149,15
25,156,568
25,157,168
25,160,312
25,166,347
25,170,471
25,174,299
25,185,252
25,190,503
25,199,310
25,207,209
25,208,280
25,210,235
25,211,347
25,220,223
25,235,167
25,237,257
25,238,161
25,247,196
25,248,87
25,249,140
25,255,594
25,258,592
25,273,551
25,277,222
25,282,87
25,284,451
25,287,375
25,290,323
25,291,446
25,292,273
26,1,173
26,2,436
26,3,126
26,4,382
26,5,77
26,6,547
26,7,11
26,9,266
26,13,494
26,15,3
26,17,419
26,18,136
26,19,359
26,20,417
26,21,290
26,22,316
26,23,123
26,24,230
26,25,180
26,29,291
26,30,15
26,31,328
26,32,246
26,33,100
26,35,596
26,39,548
26,40,308
26,41,319
26,42,453
26,43,462
26,44,373
26,46,12
26,52,96
26,54,456
26,55,260
26,56,127
26,58,204
26,59,292
26,60,237
26,63,569
26,65,241
26,66,41
26,68,408
26,72,303
26,75,471
26,76,325
26,78,174
26,81,71
26,82,219
26,84,347
26,88,184
26,91,584
26,92,381
26,93,516
26,99,184
26,102,85
26,104,47
26,105,374
26,110,78
26,111,503
26,112,162
26,125,192
26,126,485
26,128,145
26,137,137
26,138,222
26,144,457
26,148,131
26,149,503
26,150,81
26,164,103
26,168,470
26,174,468
26,181,556
26,182,537
26,191,342
26,199,265
26,200,169
26,206,221
26,211,129
26,212,305
26,214,124
26,215,564
26,225,323
26,226,503
26,235,154
26,238,594
26,245,221
26,251,562
26,253,159
26,255,181
26,256,30
26,271,431
26,272,203
26,285,482
27,2,354
27,3,532
27,4,572
27,6,533
27,8,128
27,9,41
27,11,5
27,13,267
27,14,183
27,18,144
27,19,147
27,20,293
27,21,367
27,23,490
27,24,185
27,29,65
27,30,483
27,31,412
27,32,121
27,33,178
27,34,439
27,35,181
27,38,178
27,40,157
27,42,433
27,43,386
27,44,480
27,46,388
27,47,217
27,48,249
27,50,122
27,52,143
27,53,287
27,55,207
27,57,76
27,59,398
27,61,259
27,63,595
27,64,511
27,66,80
27,67,157
27,68,219
27,69,162
27,78,197
27,80,90
27,81,275
27,84,249
27,85,172
27,87,315
27,89,40
27,90,336
27,93,577
27,100,290
27,104,556
27,105,462
27,106,206
27,110,278
27,114,593
27,115,287
27,118,57
27,119,226
27,120,517
27,121,41
27,122,48
27,124,293
27,135,260
27,137,584
27,139,410
27,148,214
27,152,467
27,158,303
27,160,385
27,161,254
27,164,368
27,168,486
27,185,88
27,186,360
27,193,53
27,204,290
27,213,348
27,221,577
27,227,326
27,236,24
27,251,320
27,262,5
27,269,436
27,270,368
27,272,348
27,274,278
27,280,10
27,285,370
27,291,147
27,299,39
28,1,368
28,2,359
28,3,278
28,4,510
28,5,141
28,6,479
28,7,69
28,11,444
28,14,43
28,15,74
28,16,271
28,18,588
28,20,593
28,21,504
28,23,50
28,24,280
28,25,592
28,29,238
28,30,90
28,32,495
28,33,549
28,34,431
28,35,58
28,36,526
28,38,313
28,39,161
28,41,583
28,42,553
28,43,227
28,45,593
28,46,229
28,47,15
28,49,545
28,50,285
28,53,333
28,54,284
28,55,265
28,56,526
28,58,203
28,59,113
28,60,74
28,61,140
28,62,126
28,67,199
28,72,294
28,75,227
28,80,509
28,82,553
28,83,401
28,84,579
28,87,507
28,88,555
28,89,150
28,90,409
28,95,1
28,96,40
28,98,84
28,102,321
28,107,24
28,110,356
28,111,410
28,117,418
28,123,231
28,131,598
28,132,420
28,141,389
28,144,455
28,145,533
28,150,547
28,154,423
28,157,198
28,158,427
28,168,319
28,169,415
28,171,463
28,173,262
28,179,220
28,194,508
28,199,140
28,205,452
28,206,179
28,207,400
28,217,579
28,226,12
28,238,141
28,239,394
28,260,436
28,263,274
28,274,144
28,286,40
28,287,302
28,297,40
28,298,344
29,1,196
29,2,382
29,4,53
29,5,180
29,7,261
29,9,53
29,10,257
29,12,467
29,13,3
29,14,446
29,16,328
29,21,334
29,22,464
29,24,190
29,25,409
29,26,291
29,27,65
29,28,238
29,30,584
29,31,239
29,32,239
29,33,482
29,34,585
29,35,353
29,36,476
29,37,340
29,39,122
29,40,262
29,41,495
29,42,500
29,43,90
29,44,131
29,45,577
29,46,159
29,47,513
29,49,525
29,50,172
29,51,15
29,52,54
29,54,209
29,55,421
29,56,137
29,59,73
29,60,425
29,61,27
29,62,20
29,63,224
29,64,60
29,66,270
29,73,41
29,76,187
29,78,521
29,80,244
29,81,171
29,86,204
29,88,34
29,89,487
29,90,435
29,92,471
29,97,89
29,98,281
29,101,318
29,103,288
29,104,227
29,107,444
29,109,212
29,110,255
29,111,519
29,112,377
29,117,165
29,124,352
29,127,138
29,128,39
29,135,435
29,142,135
29,145,333
29,148,393
29,149,79
29,156,585
29,168,11
29,170,372
29,171,70
29,173,37
29,176,471
29,186,232
29,188,458
29,190,442
29,195,592
29,196,56
29,197,484
29,200,309
29,205,154
29,209,449
29,210,243
29,211,244
29,220,441
29,228,49
29,229,271
29,236,496
29,248,53
29,251,551
29,253,423
29,259,102
29,261,287
29,269,193
29,274,190
29,285,231
29,293,437
29,294,515
30,1,74
30,2,252
30,3,187
30,6,330
30,8,213
30,9,488
30,10,329
30,11,297
30,12,527
30,14,131
30,16,504
30,19,256
30,21,156
30,23,519
30,24,135
30,26,15
30,27,483
30,28,90
30,29,584
30,31,392
30,32,327
30,33,232
30,35,373
30,36,414
30,39,104
30,41,466
30,42,401
30,43,378
30,44,132
30,45,551
30,46,196
30,47,29
30,48,48
30,50,222
30,51,340
30,52,30
30,53,478
30,54,174
30,55,229
30,57,440
30,59,231
30,60,246
30,61,326
30,63,76
30,64,386
30,66,5
30,67,359
30,69,62
30,70,480
30,72,380
30,73,583
30,74,548
30,75,366
30,76,559
30,79,265
30,82,437
30,83,219
30,87,550
30,88,41
30,90,160
30,97,303
30,106,266
30,114,439
30,117,524
30,120,351
30,126,599
30,135,345
30,136,48
30,141,513
30,142,128
30,145,80
30,149,273
30,157,590
30,158,462
30,161,445
30,177,494
30,182,423
30,184,494
30,185,63
30,192,113
30,193,15
30,202,311
30,205,430
30,210,583
30,213,268
30,215,560
30,216,52
30,219,376
30,225,470
30,230,98
30,234,544
30,238,472
30,243,149
30,244,308
30,261,300
30,268,262
30,281,188
30,283,493
31,1,461
31,3,581
31,6,372
31,8,132
31,9,63
31,12,124
31,13,249
31,14,281
31,15,503
31,17,404
31,18,338
31,20,277
31,21,160
31,22,39
31,24,409
31,25,363
31,26,328
31,27,412
31,29,239
31,30,392
31,32,583
31,33,377
31,34,403
31,37,549
31,38,366
31,39,574
31,40,65
31,41,442
31,43,219
31,44,65
31,45,80
31,46,496
31,48,424
31,49,75
31,51,104
31,55,252
31,56,538
31,57,58
31,58,101
31,60,437
31,63,397
31,64,411
31,66,577
31,69,223
31,70,33
31,71,441
31,75,502
31,77,9
31,78,16
31,83,537
31,86,399
31,87,548
31,90,22
31,92,85
31,93,121
31,94,579
31,99,229
31,102,567
31,105,244
31,106,252
31,118,585
31,119,341
31,120,206
31,122,264
31,126,381
31,127,129
31,129,99
31,131,129
31,132,193
31,136,105
31,139,313
31,142,559
31,145,76
31,147,469
31,148,135
31,149,457
31,150,363
31,159,521
31,167,167
31,168,440
31,169,517
31,170,30
31,181,163
31,191,279
31,196,420
31,210,179
31,214,575
31,215,296
31,217,293
31,222,446
31,232,295
31,242,97
31,246,415
31,256,590
31,257,18
31,264,396
31,269,229
31,275,517
31,280,271
31,296,141
31,297,244
32,1,289
32,3,292
32,4,489
32,8,449
32,9,535
32,10,46
32,12,154
32,14,217
32,15,3
32,16,284
32,17,181
32,19,378
32,20,292
32,25,384
32,26,246
32,27,121
32,28,495
32,29,239
32,30,327
32,31,583
32,33,42
32,34,449
32,36,41
32,38,89
32,40,539
32,42,87
32,43,188
32,45,31
32,46,388
32,47,560
32,48,549
32,49,306
32,51,192
32,52,154
32,53,195
32,54,510
32,55,367
32,58,529
32,59,288
32,60,537
32,61,334
32,62,319
32,64,112
32,65,243
32,67,244
32,68,267
32,71,406
32,74,431
32,76,413
32,77,271
32,78,196
32,80,107
32,83,26
32,85,43
32,87,172
32,91,97
32,92,81
32,93,452
32,94,50
32,98,5
32,101,90
32,102,116
32,104,397
32,115,260
32,120,280
32,126,170
32,129,505
32,130,596
32,133,200
32,134,527
32,136,174
32,137,552
32,151,523
32,152,395
32,155,243
32,157,369
32,161,307
32,163,197
32,167,209
32,181,34
32,183,477
32,192,409
32,193,481
32,204,347
32,205,102
32,207,231
32,208,203
32,213,494
32,214,448
32,218,408
32,221,540
32,222,226
32,248,236
32,254,153
32,259,509
32,265,31
32,276,553
32,277,595
32,281,199
32,282,463
32,284,352
32,286,596
32,287,595
33,2,94
33,4,62
33,5,333
33,9,225
33,10,191
33,11,502
33,13,56
33,14,401
33,18,6
33,20,240
33,21,10
33,22,535
33,23,546
33,24,60
33,26,100
33,27,178
33,28,549
33,29,482
33,30,232
33,31,377
33,32,42
33,34,8
33,36,278
33,39,85
33,42,584
33,43,370
33,45,189
33,46,312
33,47,128
33,49,224
33,51,447
33,53,304
33,57,107
33,59,263
33,60,348
33,61,250
33,65,299
33,72,127
33,73,548
33,74,204
33,75,313
33,76,406
33,77,322
33,79,375
33,80,542
33,82,39
33,95,371
33,99,572
33,102,411
33,103,206
33,106,460
33,107,440
33,108,450
33,112,54
33,113,378
33,118,37
33,119,393
33,122,544
33,123,208
33,127,189
33,129,496
33,145,23
33,146,335
33,148,96
33,153,509
33,155,446
33,156,214
33,160,468
33,167,68
33,168,43
33,171,436
33,182,574
33,184,484
33,185,258
33,187,153
33,195,253
33,205,24
33,209,496
33,228,526
33,233,390
33,234,306
33,235,379
33,237,173
33,248,70
33,252,230
33,273,357
33,287,465
34,2,191
34,4,13
34,5,457
34,7,477
34,10,17
34,11,253
34,12,175
34,13,105
34,14,401
34,15,573
34,16,214
34,17,293
34,19,195
34,23,71
34,24,323
34,27,439
34,28,431
34,29,585
34,31,403
34,32,449
34,33,8
34,36,537
34,37,165
34,38,439
34,39,556
34,41,318
34,42,472
34,43,103
34,44,362
34,48,11
34,50,128
34,51,413
34,54,295
34,56,218
34,58,452
34,59,189
34,60,482
34,61,375
34,63,550
34,64,132
34,65,404
34,70,383
34,71,369
34,72,204
34,75,582
34,78,377
34,81,435
34,83,168
34,89,202
34,90,214
34,91,363
34,95,486
34,96,34
34,97,144
34,98,461
34,101,32
34,103,205
34,105,391
34,108,487
34,110,375
34,112,27
34,113,503
34,119,123
34,121,327
34,127,169
34,129,133
34,131,245
34,135,513
34,138,419
34,140,294
34,146,172
34,154,85
34,157,545
34,158,49
34,159,111
34,163,399
34,175,270
34,176,209
34,177,157
34,179,455
34,186,337
34,187,493
34,189,349
34,192,526
34,193,59
34,206,21
34,217,155
34,229,305
34,238,207
34,239,215
34,240,329
34,247,564
34,249,24
34,254,77
34,256,475
34,264,512
34,265,2
34,286,122
34,292,350
35,1,54
35,2,330
35,3,261
35,6,387
35,7,546
35,8,223
35,10,57
35,11,393
35,12,388
35,14,122
35,15,314
35,17,570
35,19,217
35,20,248
35,21,90
35,23,298
35,24,89
35,26,596
35,27,181
35,28,58
35,29,353
35,30,373
35,36,187
35,37,517
35,39,184
35,40,106
35,41,469
35,42,490
35,43,134
35,44,448
35,45,16
35,46,440
35,50,561
35,53,175
35,54,343
35,57,555
35,58,335
35,60,58
35,62,375
35,66,123
35,68,49
35,70,259
35,72,106
35,74,426
35,75,235
35,77,363
35,79,472
35,85,302
35,88,414
35,93,278
35,100,412
35,109,239
35,110,554
35,113,212
35,114,255
35,115,170
35,121,158
35,125,596
35,128,574
35,130,481
35,132,180
35,133,230
35,136,242
35,138,134
35,145,200
35,153,95
35,154,268
35,158,308
35,160,195
35,161,219
35,162,481
35,171,311
35,177,208
35,178,578
35,182,358
35,191,441
35,193,391
35,195,24
35,196,67
35,201,70
35,208,332
35,219,286
35,229,145
35,239,342
35,240,192
35,243,409
35,256,2
35,277,316
35,285,380
35,287,281
35,295,6
36,1,103
36,2,199
36,3,56
36,6,532
36,7,427
36,8,231
36,10,291
36,12,14
36,13,167
36,14,249
36,15,277
36,18,173
36,20,9
36,23,268
36,28,526
36,29,476
36,30,414
36,32,41
36,33,278
36,34,537
36,35,187
36,37,362
36,39,498
36,40,189
36,42,465
36,43,155
36,46,147
36,47,378
36,49,175
36,53,20
36,56,60
36,57,380
36,62,10
36,63,192
36,66,157
36,67,269
36,69,599
36,71,175
36,74,421
36,78,566
36,79,428
36,82,302
36,85,271
36,88,30
36,89,500
36,91,39
36,92,183
36,94,333
36,97,491
36,100,245
36,101,380
36,108,4
36,114,33
36,119,256
36,120,459
36,122,548
36,124,59
36,125,89
36,128,594
36,138,163
36,139,112
36,140,499
36,142,290
36,144,304
36,150,304
36,153,442
36,157,13
36,158,212
36,162,395
36,165,463
36,167,1
36,172,464
36,187,58
36,190,199
36,195,37
36,198,310
36,202,469
36,213,116
36,216,83
36,220,481
36,221,137
36,222,322
36,225,429
36,226,416
36,227,276
36,230,580
36,235,548
36,239,93
36,243,478
36,255,557
36,261,508
36,269,509
36,276,295
36,286,179
36,295,481
37,1,460
37,2,31
37,4,38
37,7,269
37,9,170
37,12,181
37,13,23
37,16,576
37,17,158
37,18,449
37,19,257
37,20,507
37,21,516
37,23,167
37,24,84
37,25,212
37,29,340
37,31,549
37,34,165
37,35,517
37,36,362
37,38,72
37,39,572
37,40,295
37,41,68
37,44,242
37,45,570
37,46,134
37,47,284
37,48,104
37,49,97
37,50,348
37,51,195
37,52,413
37,53,335
37,54,80
37,57,259
37,58,271
37,59,193
37,60,429
37,61,32
37,62,9
37,63,413
37,67,502
37,68,325
37,70,355
37,73,490
37,75,86
37,78,173
37,79,269
37,83,21
37,85,194
37,86,211
37,89,111
37,92,342
37,93,369
37,94,344
37,100,415
37,101,299
37,102,225
37,104,250
37,106,354
37,108,249
37,111,461
37,112,173
37,114,239
37,121,154
37,122,306
37,135,599
37,136,481
37,146,480
37,147,335
37,153,584
37,157,150
37,159,482
37,170,447
37,173,445
37,176,253
37,182,330
37,183,254
37,189,266
37,191,534
37,194,22
37,200,363
37,218,329
37,227,393
37,241,402
37,242,344
37,256,530
37,272,468
37,274,227
37,292,60
37,295,6
37,296,90
38,1,482
38,2,568
38,3,140
38,4,15
38,6,469
38,7,210
38,8,396
38,9,243
38,11,338
38,14,67
38,16,212
38,17,594
38,18,469
38,19,234
38,20,297
38,22,510
38,24,19
38,25,7
38,27,178
38,28,313
38,31,366
38,32,89
38,34,439
38,37,72
38,39,250
38,40,318
38,46,594
38,48,142
38,53,337
38,56,221
38,57,566
38,58,580
38,61,34
38,63,93
38,65,470
38,68,135
38,75,11
38,76,377
38,77,414
38,79,570
38,88,269
38,90,588
38,91,268
38,92,508
38,93,134
38,95,518
38,98,320
38,110,206
38,111,238
38,112,297
38,116,283
38,125,144
38,131,261
38,135,313
38,143,147
38,144,116
38,147,348
38,148,298
38,152,106
38,153,393
38,154,372
38,159,191
38,168,217
38,170,358
38,177,224
38,182,301
38,183,156
38,197,40
38,198,572
38,199,136
38,207,42
38,213,38
38,214,470
38,224,304
38,237,304
38,255,261
38,257,54
38,260,400
38,267,16
38,269,425
38,272,82
38,275,434
38,293,29
38,295,443
38,296,314
38,297,348
38,298,220
39,2,336
39,4,311
39,5,253
39,6,307
39,7,454
39,8,89
39,9,122
39,10,328
39,14,587
39,16,403
39,18,183
39,19,406
39,22,51
39,23,182
39,24,239
39,25,69
39,26,548
39,28,161
39,29,122
39,30,104
39,31,574
39,33,85
39,34,556
39,35,184
39,36,498
39,37,572
39,38,250
39,40,512
39,42,190
39,45,42
39,46,256
39,47,367
39,49,83
39,50,41
39,51,290
39,53,133
39,54,243
39,56,229
39,57,250
39,59,584
39,61,305
39,63,250
39,64,460
39,65,440
39,68,109
39,71,257
39,73,249
39,74,211
39,76,83
39,78,286
39,80,240
39,82,429
39,84,61
39,85,161
39,92,375
39,94,125
39,95,127
39,97,39
39,102,394
39,103,263
39,108,343
39,110,520
39,111,15
39,112,78
39,113,268
39,114,66
39,118,559
39,120,302
39,122,63
39,123,449
39,124,467
39,129,93
39,130,165
39,144,321
39,146,191
39,150,388
39,154,142
39,160,530
39,166,65
39,169,38
39,174,216
39,176,17
39,178,262
39,179,270
39,184,274
39,193,195
39,195,231
39,202,419
39,217,220
39,221,389
39,223,311
39,224,580
39,229,560
39,234,167
39,242,216
39,270,486
39,273,443
39,278,52
39,299,119
40,1,541
40,2,130
40,3,329
40,4,12
40,5,57
40,6,65
40,7,48
40,11,51
40,14,547
40,15,382
40,16,180
40,19,234
40,20,445
40,21,380
40,22,592
40,23,14
40,24,19
40,26,308
40,27,157
40,29,262
40,31,65
40,32,539
40,35,106
40,36,189
40,37,295
40,38,318
40,39,512
40,41,377
40,44,427
40,45,51
40,46,275
40,47,12
40,48,507
40,49,76
40,51,381
40,52,566
40,53,192
40,54,588
40,57,183
40,61,227
40,62,562
40,67,57
40,68,548
40,70,111
40,71,362
40,72,127
40,73,126
40,76,469
40,79,264
40,80,10
40,81,408
40,83,446
40,84,398
40,85,160
40,88,250
40,89,246
40,91,367
40,93,222
40,94,453
40,95,526
40,99,257
40,104,3
40,105,597
40,106,129
40,111,219
40,113,425
40,115,190
40,121,151
40,126,188
40,127,244
40,128,52
40,129,319
40,134,544
40,135,274
40,137,43
40,141,555
40,142,114
40,144,416
40,147,132
40,150,342
40,153,194
40,154,261
40,161,559
40,166,185
40,169,377
40,178,465
40,183,349
40,187,328
40,193,530
40,199,545
40,204,149
40,205,30
40,207,30
40,210,480
40,221,556
40,225,348
40,227,540
40,237,283
40,238,124
40,252,281
40,255,386
40,256,544
40,273,37
40,289,521
40,296,283
41,1,500
41,4,346
41,5,43
41,7,338
41,10,318
41,11,175
41,14,448
41,15,314
41,16,592
41,17,456
41,18,66
41,19,444
41,20,166
41,21,73
41,22,502
41,23,126
41,24,491
41,26,319
41,28,583
41,29,495
41,30,466
41,31,442
41,34,318
41,35,469
41,37,68
41,40,377
41,43,206
41,46,549
41,47,311
41,48,66
41,49,368
41,50,301
41,51,281
41,52,408
41,54,416
41,56,73
41,57,561
41,59,562
41,61,207
41,62,410
41,63,478
41,64,43
41,65,128
41,66,512
41,70,539
41,72,121
41,73,196
41,74,352
41,78,419
41,79,87
41,86,158
41,91,452
41,100,263
41,103,306
41,107,531
41,117,310
41,121,556
41,123,518
41,126,445
41,132,235
41,137,128
41,152,421
41,158,452
41,171,346
41,175,48
41,176,347
41,182,93
41,183,254
41,186,515
41,187,196
41,192,265
41,193,167
41,199,338
41,210,591
41,212,117
41,218,581
41,219,487
41,221,269
41,230,248
41,251,257
41,254,381
41,256,487
41,265,597
41,279,458
41,282,265
41,293,93
41,297,488
41,300,205
42,1,133
42,2,312
42,3,248
42,4,478
42,5,555
42,9,4
42,10,364
42,13,177
42,14,239
42,15,252
42,16,395
42,19,130
42,20,118
42,22,277
42,26,453
42,27,433
42,28,553
42,29,500
42,30,401
42,32,87
42,33,584
42,34,472
42,35,490
42,36,465
42,39,190
42,43,357
42,45,344
42,46,577
42,49,402
42,50,407
42,51,250
42,52,558
42,55,100
42,56,98
42,58,544
42,59,493
42,65,465
42,66,485
42,68,520
42,70,197
42,72,374
42,73,112
42,77,526
42,78,17
42,79,521
42,81,598
42,83,35
42,88,120
42,91,397
42,94,80
42,105,79
42,109,541
42,112,565
42,113,184
42,115,115
42,118,578
42,119,85
42,125,518
42,126,414
42,127,289
42,129,201
42,130,201
42,134,217
42,140,425
42,141,462
42,153,36
42,156,594
42,157,585
42,167,321
42,171,36
42,174,468
42,177,561
42,178,412
42,187,530
42,194,364
42,199,321
42,201,289
42,205,255
42,212,452
42,220,204
42,222,582
42,223,271
42,226,352
42,234,88
42,235,69
42,236,89
42,243,169
42,254,304
42,260,54
42,262,509
42,265,507
42,269,458
42,279,98
42,283,343
