source,target,weight
1,2,157
1,3,248
1,4,473
1,5,434
1,6,153
1,7,463
1,8,517
1,11,298
1,12,280
1,13,479
1,14,67
1,15,96
1,16,246
1,17,467
1,18,192
1,20,119
1,21,34
1,24,444
1,25,582
1,28,574
1,29,506
1,41,165
1,48,350
1,50,152
1,51,356
1,59,588
1,60,398
1,62,218
1,67,271
1,77,136
1,82,319
1,85,258
1,93,191
1,95,515
1,96,400
1,97,172
1,101,461
1,103,234
1,104,431
1,107,24
1,108,450
1,117,394
1,118,162
1,119,148
1,139,34
1,141,523
1,143,127
1,147,27
1,153,288
1,157,408
1,174,128
1,176,380
1,190,321
1,228,172
1,230,591
1,237,518
1,255,133
1,263,285
1,298,212
2,1,157
2,4,378
2,5,334
2,6,459
2,8,226
2,9,564
2,12,438
2,13,596
2,14,86
2,15,1
2,16,44
2,17,512
2,18,444
2,20,399
2,22,138
2,23,467
2,26,324
2,27,408
2,28,409
2,31,135
2,32,331
2,35,384
2,39,552
2,45,76
2,48,147
2,49,156
2,56,597
2,58,382
2,59,272
2,66,215
2,69,101
2,76,286
2,86,592
2,104,12
2,132,529
2,152,386
2,175,198
2,183,334
2,191,179
2,216,304
2,230,396
2,241,368
2,291,416
2,292,315
3,1,248
3,4,349
3,5,386
3,7,256
3,9,506
3,10,331
3,11,140
3,12,572
3,14,464
3,17,479
3,19,469
3,23,456
3,24,508
3,26,275
3,31,492
3,34,159
3,36,243
3,42,38
3,45,446
3,49,434
3,53,83
3,78,370
3,83,72
3,84,51
3,86,387
3,87,429
3,91,109
3,102,192
3,110,314
3,120,370
3,129,363
3,132,196
3,137,576
3,145,542
3,148,134
3,159,257
3,170,298
3,178,34
3,192,356
3,207,375
3,212,184
3,222,211
3,227,364
3,228,164
3,231,434
3,262,103
3,293,442
4,1,473
4,2,378
4,3,349
4,5,8
4,7,368
4,8,391
4,11,29
4,12,158
4,13,248
4,15,540
4,16,548
4,17,358
4,19,481
4,20,164
4,21,224
4,22,528
4,25,136
4,28,333
4,29,521
4,30,297
4,34,312
4,35,549
4,37,511
4,38,529
4,44,438
4,49,563
4,53,581
4,56,554
4,65,152
4,74,414
4,86,559
4,91,280
4,93,286
4,95,225
4,106,7
4,108,422
4,115,84
4,119,350
4,120,342
4,121,592
4,124,250
4,129,57
4,135,358
4,142,198
4,146,299
4,160,206
4,164,85
4,170,170
4,191,299
4,195,556
4,224,504
4,240,188
4,269,113
5,1,434
5,2,334
5,3,386
5,4,8
5,6,473
5,7,14
5,8,24
5,9,35
5,10,100
5,11,529
5,12,90
5,15,277
5,16,40
5,17,599
5,26,108
5,28,362
5,29,420
5,31,101
5,34,383
5,35,282
5,36,472
5,39,277
5,42,340
5,43,495
5,44,141
5,57,392
5,61,370
5,67,379
5,77,250
5,93,284
5,94,30
5,97,117
5,98,45
5,113,420
5,118,431
5,122,553
5,131,337
5,136,428
5,152,295
5,170,238
5,171,415
5,178,130
5,184,537
5,220,444
5,266,594
5,272,200
5,279,60
6,1,153
6,2,459
6,5,473
6,7,410
6,8,598
6,9,436
6,10,570
6,12,509
6,13,121
6,14,478
6,16,100
6,18,130
6,19,385
6,21,432
6,22,102
6,31,420
6,32,192
6,33,143
6,36,14
6,40,273
6,44,250
6,47,509
6,49,398
6,51,572
6,55,48
6,62,254
6,63,51
6,65,201
6,68,359
6,77,529
6,80,189
6,85,536
6,93,207
6,99,338
6,111,329
6,113,232
6,134,577
6,137,449
6,143,309
6,145,352
6,147,199
6,148,212
6,152,504
6,154,288
6,157,64
6,176,357
6,177,592
6,191,456
6,207,564
6,218,405
6,222,96
6,271,482
7,1,463
7,3,256
7,4,368
7,5,14
7,6,410
7,8,383
7,10,38
7,11,507
7,12,400
7,13,527
7,14,582
7,15,59
7,16,357
7,18,378
7,21,494
7,23,592
7,30,540
7,33,78
7,34,31
7,36,46
7,37,403
7,39,555
7,41,17
7,44,173
7,45,277
7,46,41
7,53,306
7,57,356
7,58,419
7,59,38
7,64,270
7,69,425
7,70,485
7,72,255
7,75,469
7,80,269
7,90,526
7,93,53
7,95,384
7,98,540
7,100,37
7,105,490
7,117,552
7,119,106
7,123,424
7,127,468
7,134,219
7,135,6
7,137,299
7,143,64
7,184,42
7,185,329
7,195,172
7,205,486
7,209,121
7,218,184
7,225,475
7,231,236
7,239,33
7,287,89
8,1,517
8,2,226
8,4,391
8,5,24
8,6,598
8,7,383
8,9,37
8,13,333
8,17,212
8,18,176
8,20,513
8,21,23
8,22,71
8,23,419
8,24,117
8,27,59
8,28,488
8,29,387
8,32,535
8,40,460
8,43,502
8,51,137
8,55,332
8,58,64
8,62,315
8,63,159
8,67,284
8,73,259
8,77,159
8,78,572
8,88,451
8,93,343
8,102,258
8,104,160
8,107,47
8,134,548
8,154,349
8,161,545
8,174,237
8,180,476
8,214,64
8,249,208
8,260,247
8,261,594
8,268,60
8,276,184
8,278,104
8,295,572
9,2,564
9,3,506
9,5,35
9,6,436
9,8,37
9,10,252
9,11,237
9,12,351
9,14,206
9,17,135
9,18,125
9,20,390
9,21,585
9,22,557
9,23,172
9,24,158
9,26,76
9,28,492
9,30,494
9,33,503
9,34,279
9,35,324
9,37,477
9,40,128
9,43,382
9,44,349
9,47,570
9,56,311
9,60,588
9,61,96
9,62,368
9,65,297
9,71,31
9,73,412
9,74,269
9,82,251
9,83,430
9,84,153
9,117,175
9,132,433
9,157,11
9,162,546
9,167,486
9,200,385
9,201,547
9,250,213
9,254,225
9,259,203
9,272,234
9,277,358
9,282,559
9,283,14
10,3,331
10,5,100
10,6,570
10,7,38
10,9,252
10,11,50
10,12,182
10,14,565
10,16,412
10,18,564
10,19,424
10,20,272
10,21,46
10,22,366
10,23,528
10,24,16
10,27,377
10,29,75
10,30,21
10,34,162
10,42,14
10,46,490
10,48,362
10,50,18
10,51,585
10,58,58
10,60,97
10,65,539
10,67,592
10,69,270
10,73,193
10,75,550
10,78,113
10,79,371
10,83,102
10,84,103
10,88,4
10,92,27
10,96,324
10,97,163
10,101,367
10,109,453
10,129,559
10,138,300
10,143,547
10,146,524
10,184,272
10,186,296
10,187,147
10,192,333
10,210,39
10,213,399
10,219,420
10,241,247
10,254,104
10,257,78
10,266,475
11,1,298
11,3,140
11,4,29
11,5,529
11,7,507
11,9,237
11,10,50
11,12,463
11,13,80
11,14,405
11,15,19
11,17,576
11,18,387
11,24,200
11,36,172
11,37,73
11,38,322
11,39,49
11,41,192
11,42,398
11,48,426
11,49,227
11,51,268
11,55,251
11,56,136
11,61,569
11,70,124
11,77,544
11,88,500
11,91,272
11,95,452
11,97,288
11,98,347
11,102,326
11,117,587
11,135,441
11,137,8
11,160,554
11,162,544
11,164,110
11,171,568
11,174,354
11,180,33
11,181,240
11,208,303
11,212,441
11,222,78
11,234,427
11,242,110
11,248,50
11,250,272
11,253,177
11,259,131
11,271,324
11,290,440
12,1,280
12,2,438
12,3,572
12,4,158
12,5,90
12,6,509
12,7,400
12,9,351
12,10,182
12,11,463
12,13,117
12,14,76
12,15,67
12,16,13
12,17,240
12,19,512
12,21,222
12,24,30
12,27,49
12,28,129
12,29,13
12,31,48
12,36,297
12,37,202
12,38,445
12,42,217
12,43,102
12,46,443
12,47,539
12,49,585
12,52,73
12,57,505
12,58,517
12,60,85
12,63,318
12,65,184
12,66,474
12,80,308
12,84,345
12,85,558
12,99,24
12,118,296
12,121,355
12,164,517
12,183,542
12,218,323
12,222,417
12,226,488
12,252,344
12,298,1
13,1,479
13,2,596
13,4,248
13,6,121
13,7,527
13,8,333
13,11,80
13,12,117
13,15,292
13,16,261
13,18,396
13,19,439
13,20,406
13,23,595
13,24,204
13,25,516
13,26,590
13,27,161
13,29,413
13,42,486
13,43,261
13,47,271
13,48,412
13,50,265
13,58,455
13,62,17
13,65,124
13,66,281
13,72,72
13,77,17
13,83,155
13,90,379
13,99,444
13,109,592
13,110,534
13,115,187
13,116,337
13,119,57
13,128,587
13,131,263
13,139,315
13,164,59
13,169,51
13,171,438
13,173,263
13,181,255
13,183,248
13,230,400
13,275,364
13,279,82
14,1,67
14,2,86
14,3,464
14,6,478
14,7,582
14,9,206
14,10,565
14,11,405
14,12,76
14,16,10
14,18,340
14,19,167
14,20,257
14,22,587
14,26,523
14,28,571
14,29,130
14,31,521
14,33,403
14,37,504
14,40,445
14,42,193
14,50,27
14,54,571
14,64,62
14,81,51
14,85,562
14,95,317
14,108,246
14,118,92
14,119,295
14,122,175
14,124,172
14,130,418
14,137,298
14,140,305
14,175,549
14,196,322
14,209,222
14,216,548
14,258,342
14,263,265
15,1,96
15,2,1
15,4,540
15,5,277
15,7,59
15,11,19
15,12,67
15,13,292
15,17,100
15,18,281
15,19,560
15,20,430
15,22,189
15,25,535
15,27,79
15,30,113
15,32,56
15,37,136
15,39,426
15,41,106
15,44,82
15,46,307
15,57,19
15,59,454
15,61,44
15,89,315
15,105,440
15,106,57
15,111,521
15,114,340
15,116,478
15,120,117
15,122,577
15,123,292
15,142,302
15,152,349
15,155,219
15,173,21
15,244,262
15,250,364
15,258,423
15,265,108
15,269,53
15,271,427
15,296,268
16,1,246
16,2,44
16,4,548
16,5,40
16,6,100
16,7,357
16,10,412
16,12,13
16,13,261
16,14,10
16,21,253
16,22,460
16,23,478
16,25,217
16,26,121
16,27,300
16,28,457
16,30,84
16,32,82
16,33,421
16,34,317
16,42,249
16,46,549
16,50,249
16,51,504
16,58,420
16,70,175
16,72,209
16,80,491
16,82,414
16,85,54
16,86,166
16,91,473
16,94,47
16,97,435
16,99,84
16,108,82
16,111,502
16,118,363
16,123,453
16,125,176
16,131,175
16,136,171
16,149,290
16,211,290
16,229,458
16,234,112
16,251,455
16,273,591
16,276,164
17,1,467
17,2,512
17,3,479
17,4,358
17,5,599
17,8,212
17,9,135
17,11,576
17,12,240
17,15,100
17,18,206
17,19,434
17,20,36
17,21,515
17,25,366
17,26,339
17,27,112
17,31,285
17,36,209
17,37,223
17,38,7
17,40,556
17,42,228
17,43,551
17,48,560
17,57,578
17,60,480
17,72,489
17,76,97
17,84,133
17,86,393
17,88,82
17,100,317
17,101,56
17,106,242
17,114,38
17,124,33
17,165,121
17,174,261
17,175,71
17,181,569
17,266,282
17,283,308
17,292,446
17,293,481
18,1,192
18,2,444
18,6,130
18,7,378
18,8,176
18,9,125
18,10,564
18,11,387
18,13,396
18,14,340
18,15,281
18,17,206
18,23,101
18,30,58
18,32,387
18,34,571
18,38,4
18,43,110
18,48,241
18,51,298
18,68,38
18,74,549
18,76,589
18,92,450
18,112,501
18,117,520
18,118,422
18,122,459
18,124,555
18,148,538
18,168,477
18,193,185
18,207,338
18,232,184
18,253,159
18,257,102
18,258,428
18,260,449
18,268,571
18,269,200
19,3,469
19,4,481
19,6,385
19,10,424
19,12,512
19,13,439
19,14,167
19,15,560
19,17,434
19,20,182
19,21,98
19,22,599
19,24,508
19,29,222
19,30,536
19,33,364
19,35,598
19,37,593
19,45,324
19,46,391
19,48,440
19,49,333
19,54,556
19,55,69
19,59,46
19,61,394
19,69,548
19,71,279
19,72,551
19,73,365
19,80,187
19,104,180
19,111,271
19,120,305
19,136,111
19,141,563
19,142,110
19,156,315
19,192,6
19,199,504
19,209,289
19,219,531
19,224,259
19,251,139
19,256,413
19,289,344
20,1,119
20,2,399
20,4,164
20,8,513
20,9,390
20,10,272
20,13,406
20,14,257
20,15,430
20,17,36
20,19,182
20,21,97
20,23,571
20,24,241
20,26,578
20,29,318
20,31,477
20,34,104
20,40,568
20,41,337
20,42,23
20,52,488
20,66,236
20,67,418
20,68,278
20,101,238
20,107,502
20,119,266
20,120,191
20,128,381
20,143,169
20,162,22
20,164,433
20,170,159
20,179,209
20,211,328
20,249,568
20,273,458
21,1,34
21,4,224
21,6,432
21,7,494
21,8,23
21,9,585
21,10,46
21,12,222
21,16,253
21,17,515
21,19,98
21,20,97
21,23,379
21,25,103
21,30,145
21,32,393
21,33,481
21,34,538
21,36,430
21,47,110
21,58,57
21,61,102
21,62,235
21,68,483
21,78,243
21,79,373
21,84,522
21,85,99
21,86,558
21,87,378
21,104,175
21,105,71
21,114,477
21,121,448
21,123,345
21,130,391
21,137,246
21,149,383
21,151,22
21,169,403
21,173,88
21,178,401
21,180,125
21,194,69
21,227,214
21,241,233
21,264,28
21,281,280
22,2,138
22,4,528
22,6,102
22,8,71
22,9,557
22,10,366
22,14,587
22,15,189
22,16,460
22,19,599
22,24,581
22,25,231
22,26,597
22,27,26
22,29,292
22,30,49
22,33,178
22,36,310
22,46,382
22,54,276
22,57,180
22,82,378
22,83,190
22,91,468
22,112,361
22,117,15
22,133,215
22,145,127
22,164,495
22,192,170
22,243,146
22,256,581
22,271,58
22,280,33
22,286,468
23,2,467
23,3,456
23,7,592
23,8,419
23,9,172
23,10,528
23,13,595
23,16,478
23,18,101
23,20,571
23,21,379
23,25,76
23,26,308
23,33,148
23,36,387
23,38,598
23,40,582
23,44,108
23,47,282
23,48,34
23,59,336
23,68,163
23,75,547
23,76,395
23,81,58
23,83,290
23,91,494
23,95,340
23,107,258
23,124,353
23,131,82
23,132,561
23,166,109
23,168,381
23,180,83
23,191,581
23,217,264
23,244,570
23,247,106
23,251,442
23,279,237
24,1,444
24,3,508
24,8,117
24,9,158
24,10,16
24,11,200
24,12,30
24,13,204
24,19,508
24,20,241
24,22,581
24,25,481
24,27,18
24,28,327
24,32,576
24,37,595
24,44,297
24,50,332
24,61,128
24,62,292
24,63,504
24,67,460
24,71,60
24,80,164
24,93,531
24,96,158
24,102,61
24,111,96
24,116,248
24,126,453
24,139,465
24,145,406
24,150,305
24,155,558
24,162,96
24,184,44
24,186,198
24,208,545
24,209,454
24,215,361
24,224,24
24,241,71
24,250,262
24,253,489
25,1,582
25,4,136
25,13,516
25,15,535
25,16,217
25,17,366
25,21,103
25,22,231
25,23,76
25,24,481
25,26,533
25,27,340
25,28,104
25,29,330
25,30,344
25,31,344
25,35,180
25,38,92
25,39,356
25,45,533
25,47,563
25,55,191
25,63,192
25,71,106
25,87,366
25,96,139
25,130,416
25,131,515
25,133,204
25,166,487
25,182,413
25,190,74
25,195,448
25,215,403
25,283,425
25,284,312
26,2,324
26,3,275
26,5,108
26,9,76
26,13,590
26,14,523
26,16,121
26,17,339
26,20,578
26,22,597
26,23,308
26,25,533
26,27,92
26,28,8
26,31,309
26,32,195
26,38,388
26,39,57
26,41,557
26,42,131
26,45,283
26,48,585
26,53,553
26,57,335
26,62,390
26,64,254
26,77,500
26,78,44
26,81,286
26,86,114
26,89,349
26,100,415
26,110,565
26,127,159
26,135,280
26,157,330
26,174,299
26,202,554
26,205,12
26,224,398
26,225,497
26,228,25
26,234,109
26,247,33
26,256,42
26,295,197
27,2,408
27,8,59
27,10,377
27,12,49
27,13,161
27,15,79
27,16,300
27,17,112
27,22,26
27,24,18
27,25,340
27,26,92
27,28,297
27,30,477
27,32,547
27,33,484
27,35,532
27,38,223
27,39,173
27,40,20
27,41,83
27,53,132
27,54,21
27,58,412
27,63,561
27,65,196
27,70,496
27,77,549
27,78,101
27,79,119
27,85,131
27,91,263
27,111,475
27,133,381
27,148,355
27,152,251
27,161,21
27,168,164
27,243,534
27,256,327
27,262,577
27,268,246
27,270,497
27,277,266
27,287,427
27,288,73
28,1,574
28,2,409
28,4,333
28,5,362
28,8,488
28,9,492
28,12,129
28,14,571
28,16,457
28,24,327
28,25,104
28,26,8
28,27,297
28,30,203
28,35,71
28,38,548
28,41,138
28,43,540
28,44,254
28,46,104
28,53,446
28,54,235
28,55,271
28,60,507
28,62,38
28,64,225
28,65,297
28,66,480
28,70,83
28,75,275
28,79,600
28,80,199
28,92,444
28,94,62
28,95,529
28,96,308
28,106,419
28,118,512
28,161,232
28,165,95
28,167,455
28,172,467
28,177,425
28,180,103
28,183,547
28,184,184
28,190,595
28,203,249
28,217,118
28,219,38
28,233,253
28,235,14
28,248,10
28,264,16
28,266,372
28,295,451
29,1,506
29,4,521
29,5,420
29,8,387
29,10,75
29,12,13
29,13,413
29,14,130
29,19,222
29,20,318
29,22,292
29,25,330
29,31,347
29,33,166
29,34,523
29,35,208
29,36,454
29,37,63
29,38,436
29,42,4
29,44,450
29,46,555
29,47,329
29,48,306
29,53,432
29,54,321
29,56,180
29,57,443
29,60,272
29,61,23
29,64,200
29,67,51
29,69,517
29,70,540
29,72,408
29,78,424
29,89,211
29,104,261
29,108,590
29,111,124
29,125,180
29,128,108
29,143,5
29,154,503
29,156,307
29,171,235
29,173,414
29,174,184
29,206,598
29,212,598
29,224,139
29,231,485
29,248,273
29,285,47
30,4,297
30,7,540
30,9,494
30,10,21
30,15,113
30,16,84
30,18,58
30,19,536
30,21,145
30,22,49
30,25,344
30,27,477
30,28,203
30,31,26
30,34,131
30,40,358
30,44,24
30,51,513
30,52,376
30,54,420
30,63,538
30,66,17
30,68,241
30,69,109
30,70,476
30,76,28
30,96,2
30,111,505
30,115,298
30,117,521
30,121,495
30,124,279
30,134,23
30,140,420
30,141,19
30,142,563
30,145,368
30,154,581
30,171,284
30,174,555
30,177,579
30,188,474
30,203,317
30,205,435
30,216,312
30,237,522
30,242,198
30,246,212
30,291,553
31,2,135
31,3,492
31,5,101
31,6,420
31,12,48
31,14,521
31,17,285
31,20,477
31,25,344
31,26,309
31,29,347
31,30,26
31,32,8
31,33,430
31,38,228
31,40,218
31,41,450
31,45,238
31,47,515
31,49,505
31,55,101
31,57,71
31,63,179
31,64,567
31,76,331
31,79,261
31,81,422
31,83,551
31,88,190
31,94,248
31,108,513
31,113,213
31,118,20
31,148,497
31,156,337
31,161,119
31,165,429
31,184,419
31,203,451
31,227,29
31,233,360
31,236,59
31,239,512
31,258,462
31,262,136
31,269,422
31,284,32
31,290,372
32,2,331
32,6,192
32,8,535
32,15,56
32,16,82
32,18,387
32,21,393
32,24,576
32,26,195
32,27,547
32,31,8
32,33,370
32,35,536
32,36,522
32,37,282
32,38,486
32,39,318
32,42,546
32,45,304
32,48,268
32,53,392
32,54,287
32,56,77
32,59,451
32,67,25
32,76,535
32,97,356
32,99,529
32,100,455
32,103,324
32,123,291
32,136,333
32,142,495
32,149,416
32,155,430
32,175,446
32,189,344
32,195,33
32,198,368
32,215,504
32,225,310
32,235,564
32,245,12
32,272,88
32,277,158
32,297,476
33,6,143
33,7,78
33,9,503
33,14,403
33,16,421
33,19,364
33,21,481
33,22,178
33,23,148
33,27,484
33,29,166
33,31,430
33,32,370
33,35,198
33,40,204
33,45,222
33,50,200
33,52,35
33,56,24
33,59,235
33,63,92
33,67,61
33,71,283
33,75,311
33,76,78
33,84,448
33,88,131
33,89,211
33,91,450
33,96,201
33,106,319
33,109,360
33,111,312
33,116,327
33,135,423
33,146,267
33,161,496
33,164,389
33,179,443
33,186,572
33,199,333
33,202,325
33,210,491
33,230,393
33,233,217
33,253,191
33,264,463
33,267,23
34,3,159
34,4,312
34,5,383
34,7,31
34,9,279
34,10,162
34,16,317
34,18,571
34,20,104
34,21,538
34,29,523
34,30,131
34,36,45
34,46,226
34,49,125
34,50,345
34,51,206
34,52,381
34,53,175
34,55,361
34,59,368
34,60,501
34,62,312
34,63,383
34,73,503
34,74,5
34,81,575
34,82,241
34,90,76
34,92,38
34,93,367
34,103,473
34,105,342
34,107,67
34,113,79
34,126,600
34,135,477
34,140,320
34,167,280
34,182,66
34,195,50
34,208,131
34,219,1
34,234,77
34,249,346
34,256,202
34,266,102
34,269,251
34,272,580
34,283,343
34,290,237
35,2,384
35,4,549
35,5,282
35,9,324
35,19,598
35,25,180
35,27,532
35,28,71
35,29,208
35,32,536
35,33,198
35,36,145
35,38,159
35,44,68
35,45,343
35,49,307
35,55,573
35,58,286
35,60,337
35,66,53
35,69,41
35,72,265
35,81,143
35,89,86
35,95,500
35,96,205
35,131,103
35,132,541
35,137,80
35,143,182
35,149,94
35,154,169
35,157,557
35,182,553
35,194,584
35,203,68
35,230,541
35,246,11
35,252,267
35,261,510
35,267,187
35,298,376
36,3,243
36,5,472
36,6,14
36,7,46
36,11,172
36,12,297
36,17,209
36,21,430
36,22,310
36,23,387
36,29,454
36,32,522
36,34,45
36,35,145
36,40,411
36,41,584
36,43,213
36,48,554
36,52,599
36,56,271
36,59,261
36,69,485
36,70,207
36,72,286
36,80,71
36,104,21
36,106,350
36,114,4
36,115,79
36,117,339
36,125,164
36,132,180
36,133,56
36,150,600
36,157,364
36,165,367
36,177,324
36,191,203
36,192,283
36,207,160
36,216,200
36,217,579
36,236,582
36,237,167
36,271,335
37,4,511
37,7,403
37,9,477
37,11,73
37,12,202
37,14,504
37,15,136
37,17,223
37,19,593
37,24,595
37,29,63
37,32,282
37,39,199
37,40,271
37,41,452
37,46,407
37,47,193
37,51,21
37,57,389
37,58,61
37,61,184
37,72,558
37,73,130
37,74,516
37,75,582
37,76,28
37,83,186
37,86,359
37,93,301
37,96,523
37,112,545
37,122,575
37,125,381
37,131,542
37,135,382
37,143,366
37,159,504
37,174,105
37,191,262
37,205,336
37,206,84
37,263,25
37,268,176
38,4,529
38,11,322
38,12,445
38,17,7
38,18,4
38,23,598
38,25,92
38,26,388
38,27,223
38,28,548
38,29,436
38,31,228
38,32,486
38,35,159
38,39,522
38,45,576
38,56,67
38,65,140
38,68,531
38,71,248
38,80,390
38,90,516
38,92,58
38,94,434
38,100,403
38,113,399
38,114,59
38,129,289
38,143,147
38,156,121
38,169,293
38,176,536
38,185,63
38,216,588
38,223,296
38,226,290
38,230,141
38,231,451
38,238,559
38,260,460
38,281,438
38,296,24
38,300,30
39,2,552
39,5,277
39,7,555
39,11,49
39,15,426
39,25,356
39,26,57
39,27,173
39,32,318
39,37,199
39,38,522
39,47,348
39,52,552
39,53,476
39,54,186
39,58,245
39,60,288
39,70,160
39,81,509
39,84,431
39,85,476
39,87,261
39,95,111
39,96,335
39,97,559
39,101,47
39,107,566
39,110,391
39,114,313
39,126,78
39,128,313
39,129,132
39,134,546
39,155,264
39,165,270
39,207,247
39,216,37
39,230,270
39,264,393
39,277,336
39,295,98
40,6,273
40,8,460
40,9,128
40,14,445
40,17,556
40,20,568
40,23,582
40,27,20
40,30,358
40,31,218
40,33,204
40,36,411
40,37,271
40,43,280
40,44,539
40,45,316
40,46,545
40,47,529
40,50,172
40,51,315
40,54,461
40,55,1
40,57,278
40,61,256
40,63,33
40,67,19
40,74,449
40,79,367
40,81,28
40,82,245
40,84,584
40,85,169
40,104,39
40,117,472
40,150,88
40,152,55
40,153,319
40,159,465
40,162,372
40,167,118
40,180,544
40,205,409
40,208,570
40,245,510
40,267,242
40,278,438
41,1,165
41,7,17
41,11,192
41,15,106
41,20,337
41,26,557
41,27,83
41,28,138
41,31,450
41,36,584
41,37,452
41,43,471
41,45,161
41,47,8
41,54,228
41,65,587
41,66,535
41,69,552
41,71,125
41,73,503
41,74,491
41,76,598
41,78,54
41,86,175
41,87,117
41,108,349
41,132,340
41,134,475
41,145,167
41,147,251
41,149,154
41,171,487
41,179,257
41,191,350
41,202,368
41,223,539
41,224,334
41,257,399
41,258,150
41,273,247
41,276,361
41,286,278
42,3,38
42,5,340
42,10,14
42,11,398
42,12,217
42,13,486
42,14,193
42,16,249
42,17,228
42,20,23
42,26,131
42,29,4
42,32,546
42,46,179
42,55,195
42,58,228
42,64,314
42,77,137
42,82,128
42,85,557
42,99,401
42,102,357
42,109,421
42,115,237
42,138,296
42,142,596
42,149,100
42,153,594
42,165,306
42,169,260
42,171,94
42,178,263
42,181,600
42,184,302
42,200,287
42,208,15
42,220,238
42,224,477
42,227,209
42,232,72
42,241,423
42,252,560
42,270,17
42,294,36
43,5,495
43,8,502
43,9,382
43,12,102
43,13,261
43,17,551
43,18,110
43,28,540
43,36,213
43,40,280
43,41,471
43,49,157
43,64,36
43,65,576
43,66,492
43,67,414
43,69,103
43,76,15
43,77,273
43,79,285
43,86,35
43,90,238
43,112,499
43,121,467
43,122,494
43,131,106
43,133,124
43,137,29
43,139,252
43,145,481
43,148,6
43,206,52
43,228,459
43,232,326
43,233,286
43,243,414
43,248,155
43,250,135
43,274,234
43,280,63
44,4,438
44,5,141
44,6,250
44,7,173
44,9,349
44,15,82
44,23,108
44,24,297
44,28,254
44,29,450
44,30,24
44,35,68
44,40,539
44,45,420
44,46,68
44,50,402
44,68,556
44,81,168
44,90,252
44,101,155
44,105,1
44,110,64
44,138,169
44,145,516
44,148,111
44,169,131
44,170,483
44,176,544
44,184,230
44,191,363
44,211,435
44,214,577
44,221,462
44,238,505
44,243,78
44,264,112
44,282,50
44,289,65
44,298,200
45,2,76
45,3,446
45,7,277
45,19,324
45,25,533
45,26,283
45,31,238
45,32,304
45,33,222
45,35,343
45,38,576
45,40,316
45,41,161
45,44,420
45,47,346
45,48,428
45,50,234
45,52,323
45,55,426
45,57,414
45,59,250
45,60,58
45,62,537
45,66,160
45,67,318
45,72,273
45,81,390
45,84,259
45,87,375
45,95,509
45,99,150
45,107,93
45,113,86
45,115,220
45,123,484
45,127,106
45,134,544
45,159,79
45,161,46
45,166,181
45,168,425
45,178,402
45,189,84
45,214,231
45,241,525
45,242,529
45,254,210
46,7,41
46,10,490
46,12,443
46,15,307
46,16,549
46,19,391
46,22,382
46,28,104
46,29,555
46,34,226
46,37,407
46,40,545
46,42,179
46,44,68
46,52,312
46,63,323
46,64,233
46,67,359
46,69,86
46,70,81
46,71,357
46,74,380
46,75,442
46,76,118
46,77,339
46,84,193
46,87,146
46,93,116
46,118,534
46,132,547
46,133,495
46,135,156
46,141,489
46,156,196
46,163,100
46,168,416
46,189,448
46,200,466
46,210,537
46,228,478
46,234,379
46,238,267
46,241,556
46,261,123
46,274,192
46,280,96
46,296,438
47,6,509
47,9,570
47,12,539
47,13,271
47,21,110
47,23,282
47,25,563
47,29,329
47,31,515
47,37,193
47,39,348
47,40,529
47,41,8
47,45,346
47,51,273
47,55,423
47,88,258
47,91,435
47,100,442
47,101,97
47,103,522
47,119,562
47,127,262
47,133,219
47,136,137
47,153,3
47,158,160
47,210,155
47,211,63
47,227,320
47,280,332
48,1,350
48,2,147
48,10,362
48,11,426
48,13,412
48,17,560
48,18,241
48,19,440
48,23,34
48,26,585
48,29,306
48,32,268
48,36,554
48,45,428
48,49,404
48,50,126
48,51,136
48,52,194
48,53,78
48,54,379
48,56,485
48,58,322
48,70,406
48,72,509
48,74,31
48,78,264
48,83,203
48,104,600
48,108,62
48,124,157
48,129,255
48,130,352
48,136,316
48,156,347
48,169,14
48,178,179
48,181,234
48,183,439
48,186,108
48,204,13
48,205,508
48,209,237
48,229,510
48,261,466
48,262,452
48,285,433
48,298,504
49,2,156
49,3,434
49,4,563
49,6,398
49,11,227
49,12,585
49,19,333
49,31,505
49,34,125
49,35,307
49,43,157
49,48,404
49,61,82
49,64,381
49,65,187
49,68,448
49,74,211
49,75,555
49,89,237
49,95,152
49,97,58
49,98,386
49,102,548
49,115,103
49,116,591
49,128,258
49,164,529
49,177,145
49,196,365
49,213,48
49,223,154
49,259,235
49,275,509
49,291,118
50,1,152
50,10,18
50,13,265
50,14,27
50,16,249
50,24,332
50,33,200
50,34,345
50,40,172
50,44,402
50,45,234
50,48,126
50,56,266
50,57,545
50,59,561
50,60,546
50,61,368
50,68,584
50,88,94
50,92,327
50,97,401
50,100,381
50,105,362
50,106,321
50,109,179
50,120,389
50,126,539
50,163,362
50,179,598
50,195,431
50,216,77
50,222,393
50,230,34
50,233,220
50,240,245
50,245,190
50,285,551
50,299,490
51,1,356
51,6,572
51,8,137
51,10,585
51,11,268
51,16,504
51,18,298
51,30,513
51,34,206
51,37,21
51,40,315
51,47,273
51,48,136
51,52,83
51,53,420
51,55,290
51,65,163
51,66,471
51,68,325
51,72,498
51,79,61
51,88,586
51,92,172
51,93,472
51,100,166
51,111,291
51,112,8
51,123,532
51,140,396
51,144,455
51,162,406
51,180,320
51,183,536
51,185,307
51,192,116
51,211,48
51,227,543
51,239,588
51,247,549
51,261,153
51,275,577
51,292,278
52,12,73
52,20,488
52,30,376
52,33,35
52,34,381
52,36,599
52,39,552
52,45,323
52,46,312
52,48,194
52,51,83
52,53,341
52,56,500
52,73,188
52,80,489
52,82,324
52,88,165
52,98,410
52,107,422
52,117,426
52,122,62
52,140,108
52,146,308
52,149,493
52,154,276
52,169,127
52,174,476
52,180,591
52,183,286
52,189,40
52,205,482
52,206,366
52,217,350
52,236,326
52,256,245
52,258,187
53,3,83
53,4,581
53,7,306
53,26,553
53,27,132
53,28,446
53,29,432
53,32,392
53,34,175
53,39,476
53,48,78
53,51,420
53,52,341
53,60,181
53,61,278
53,66,46
53,70,19
53,79,26
53,87,256
53,88,42
53,94,494
53,97,301
53,107,483
53,110,387
53,112,577
53,120,219
53,124,136
53,127,412
53,128,580
53,137,471
53,192,192
53,193,52
53,200,312
53,223,266
53,249,550
53,263,42
53,283,445
53,288,468
54,14,571
54,19,556
54,22,276
54,27,21
54,28,235
54,29,321
54,30,420
54,32,287
54,39,186
54,40,461
54,41,228
54,48,379
54,56,587
54,64,223
54,67,466
54,81,105
54,84,203
54,86,271
54,89,415
54,90,274
54,91,57
54,92,467
54,95,107
54,97,417
54,106,196
54,124,353
54,125,273
54,127,53
54,149,263
54,152,114
54,160,200
54,165,477
54,187,444
54,188,292
54,201,424
54,207,239
54,228,438
54,241,230
54,247,202
54,276,413
54,299,344
55,6,48
55,8,332
55,11,251
55,19,69
55,25,191
55,28,271
55,31,101
55,34,361
55,35,573
55,40,1
55,42,195
55,45,426
55,47,423
55,51,290
55,56,241
55,59,563
55,62,333
55,75,10
55,77,387
55,90,281
55,94,153
55,107,151
55,128,351
55,129,350
55,148,365
55,149,238
55,152,399
55,155,554
55,200,522
55,207,128
56,2,597
56,4,554
56,9,311
56,11,136
56,29,180
56,32,77
56,33,24
56,36,271
56,38,67
56,48,485
56,50,266
56,52,500
56,54,587
56,55,241
56,62,37
56,66,581
56,69,67
56,78,210
56,79,244
56,85,286
56,90,356
56,96,460
56,98,238
56,107,298
56,108,1
56,116,105
56,127,385
56,153,103
56,162,344
56,179,86
56,204,536
56,246,564
56,261,297
56,267,5
56,269,386
57,5,392
57,7,356
57,12,505
57,15,19
57,17,578
57,22,180
57,26,335
57,29,443
57,31,71
57,37,389
57,40,278
57,45,414
57,50,545
57,63,317
57,66,325
57,70,110
57,71,113
57,77,35
57,78,451
57,82,14
57,85,65
57,126,237
57,130,112
57,138,378
57,168,354
57,194,518
57,196,189
57,217,551
57,248,83
57,251,129
57,293,449
58,2,382
58,7,419
58,8,64
58,10,58
58,12,517
58,13,455
58,16,420
58,21,57
58,27,412
58,35,286
58,37,61
58,39,245
58,42,228
58,48,322
58,65,164
58,70,403
58,79,401
58,80,346
58,83,269
58,84,581
58,87,498
58,94,17
58,98,3
58,99,597
58,100,313
58,132,116
58,138,187
58,140,217
58,143,437
58,154,68
58,159,594
58,167,358
58,197,476
58,202,290
58,214,385
58,226,19
58,236,269
58,237,575
58,242,476
58,249,464
58,268,229
58,283,555
59,1,588
59,2,272
59,7,38
59,15,454
59,19,46
59,23,336
59,32,451
59,33,235
59,34,368
59,36,261
59,45,250
59,50,561
59,55,563
59,61,113
59,64,105
59,74,22
59,78,249
59,90,484
59,99,183
59,108,84
59,113,442
59,123,87
59,140,169
59,148,196
59,154,1
59,157,52
59,179,566
59,186,361
59,199,427
59,218,425
59,224,75
59,226,319
59,255,474
59,274,146
59,287,581
60,1,398
60,9,588
60,10,97
60,12,85
60,17,480
60,28,507
60,29,272
60,34,501
60,35,337
60,39,288
60,45,58
60,50,546
60,53,181
60,62,420
60,74,265
60,76,309
60,88,325
60,109,581
60,112,7
60,113,411
60,124,90
60,137,419
60,161,163
60,178,510
60,193,494
60,200,372
60,212,321
60,275,294
60,284,282
60,299,371
61,5,370
61,9,96
61,11,569
61,15,44
61,19,394
61,21,102
61,24,128
61,29,23
61,37,184
61,40,256
61,49,82
61,50,368
61,53,278
61,59,113
61,65,119
61,71,46
61,75,159
61,76,388
61,87,396
61,103,276
61,130,501
61,131,121
61,155,425
61,166,478
61,176,279
61,181,244
61,190,530
61,214,88
61,255,561
61,267,554
61,275,568
62,1,218
62,6,254
62,8,315
62,9,368
62,13,17
62,21,235
62,24,292
62,26,390
62,28,38
62,34,312
62,45,537
62,55,333
62,56,37
62,60,420
62,64,551
62,66,41
62,69,290
62,71,84
62,73,378
62,79,416
62,85,189
62,90,304
62,103,594
62,113,564
62,116,277
62,129,295
62,145,60
62,157,142
62,172,40
62,188,465
62,197,520
62,198,532
62,236,293
62,252,181
62,256,62
62,279,568
62,289,379
63,6,51
63,8,159
63,12,318
63,24,504
63,25,192
63,27,561
63,30,538
63,31,179
63,33,92
63,34,383
63,40,33
63,46,323
63,57,317
63,72,239
63,74,243
63,78,348
63,80,596
63,81,411
63,101,308
63,103,90
63,109,478
63,115,299
63,121,288
63,125,255
63,134,23
63,143,212
63,198,295
63,202,530
63,208,13
63,229,264
63,230,176
63,242,324
63,255,132
63,266,534
64,7,270
64,14,62
64,26,254
64,28,225
64,29,200
64,31,567
64,42,314
64,43,36
64,46,233
64,49,381
64,54,223
64,59,105
64,62,551
64,68,249
64,71,242
64,82,252
64,88,481
64,89,248
64,103,494
64,106,297
64,111,322
64,115,560
64,128,538
64,137,127
64,157,469
64,171,155
64,175,53
64,203,164
64,215,63
64,228,288
64,256,23
64,264,289
64,293,42
64,296,55
64,300,44
65,4,152
65,6,201
65,9,297
65,10,539
65,12,184
65,13,124
65,27,196
65,28,297
65,38,140
65,41,587
65,43,576
65,49,187
65,51,163
65,58,164
65,61,119
65,69,199
65,75,252
65,81,596
65,82,177
65,105,172
65,114,322
65,116,497
65,127,382
65,131,85
65,141,186
65,142,334
65,156,293
65,162,325
65,166,247
65,188,309
65,218,462
65,238,107
65,239,280
65,252,90
65,275,162
65,280,116
66,2,215
66,12,474
66,13,281
66,20,236
66,28,480
66,30,17
66,35,53
66,41,535
66,43,492
66,45,160
66,51,471
66,53,46
66,56,581
66,57,325
66,62,41
66,68,28
66,91,209
66,100,384
66,104,80
66,133,496
66,161,160
66,175,488
66,176,377
66,181,509
66,196,51
66,204,328
66,239,408
66,259,366
66,260,523
66,287,47
67,1,271
67,5,379
67,8,284
67,10,592
67,20,418
67,24,460
67,29,51
67,32,25
67,33,61
67,40,19
67,43,414
67,45,318
67,46,359
67,54,466
67,69,123
67,73,353
67,87,570
67,90,512
67,129,389
67,136,241
67,138,324
67,158,461
67,170,579
67,171,271
67,190,121
67,197,281
67,225,311
67,228,239
67,230,528
67,235,410
67,251,276
67,266,517
67,290,282
67,293,482
67,300,560
68,6,359
68,18,38
68,20,278
68,21,483
68,23,163
68,30,241
68,38,531
68,44,556
68,49,448
68,50,584
68,51,325
68,64,249
68,66,28
68,70,531
68,71,241
68,78,86
68,82,274
68,89,258
68,94,66
68,101,210
68,103,100
68,110,439
68,113,73
68,122,96
68,124,218
68,130,534
68,138,251
68,140,8
68,146,49
68,154,276
68,170,481
68,178,567
68,199,562
68,202,182
68,223,201
68,257,364
68,269,78
69,2,101
69,7,425
69,10,270
69,19,548
69,29,517
69,30,109
69,35,41
69,36,485
69,41,552
69,43,103
69,46,86
69,56,67
69,62,290
69,65,199
69,67,123
69,72,104
69,75,205
69,78,66
69,79,412
69,85,315
69,86,586
69,88,421
69,91,411
69,96,234
69,100,316
69,102,397
69,105,146
69,113,165
69,125,22
69,130,303
69,136,129
69,139,183
69,142,61
69,146,456
69,155,570
69,157,150
69,160,298
69,165,57
69,167,21
69,180,360
69,182,596
69,203,382
69,213,128
69,222,70
69,243,17
69,254,127
70,7,485
70,11,124
70,16,175
70,27,496
70,28,83
70,29,540
70,30,476
70,36,207
70,39,160
70,46,81
70,48,406
70,53,19
70,57,110
70,58,403
70,68,531
70,73,185
70,74,452
70,79,269
70,80,473
70,87,209
70,102,297
70,112,526
70,129,361
70,138,39
70,141,346
70,168,382
70,194,201
70,197,593
70,238,595
70,266,576
70,269,272
70,272,302
70,298,354
71,9,31
71,19,279
71,24,60
71,25,106
71,33,283
71,38,248
71,41,125
71,46,357
71,57,113
71,61,46
71,62,84
71,64,242
71,68,241
71,73,253
71,100,161
71,101,387
71,106,252
71,129,588
71,144,95
71,150,543
71,153,433
71,155,1
71,188,586
71,238,37
71,254,296
71,271,355
71,284,572
72,7,255
72,13,72
72,16,209
72,17,489
72,19,551
72,29,408
72,35,265
72,36,286
72,37,558
72,45,273
72,48,509
72,51,498
72,63,239
72,69,104
72,73,503
72,75,518
72,81,257
72,83,510
72,87,585
72,99,331
72,100,230
72,107,374
72,111,94
72,113,259
72,122,80
72,123,152
72,135,163
72,141,493
72,153,7
72,178,295
72,259,296
72,285,172
72,296,280
72,297,272
73,8,259
73,9,412
73,10,193
73,19,365
73,34,503
73,37,130
73,41,503
73,52,188
73,62,378
73,67,353
73,70,185
73,71,253
73,72,503
73,87,184
73,92,379
73,95,88
73,106,483
73,109,565
73,113,44
73,135,536
73,137,215
73,173,26
73,181,362
73,187,25
73,195,23
73,208,127
73,224,211
73,230,422
73,236,54
73,255,528
73,272,76
73,297,321
74,4,414
74,9,269
74,18,549
74,34,5
74,37,516
74,40,449
74,41,491
74,46,380
74,48,31
74,49,211
74,59,22
74,60,265
74,63,243
74,70,452
74,75,68
74,102,551
74,107,481
74,109,525
74,122,562
74,125,363
74,135,467
74,168,555
74,174,173
74,183,449
74,194,472
74,200,96
74,201,277
74,206,46
74,217,41
74,266,282
74,275,338
74,300,147
75,7,469
75,10,550
75,23,547
75,28,275
75,33,311
75,37,582
75,46,442
75,49,555
75,55,10
75,61,159
75,65,252
75,69,205
75,72,518
75,74,68
75,82,375
75,89,309
75,92,61
75,94,122
75,96,18
75,97,335
75,101,132
75,108,557
75,114,24
75,127,132
75,131,99
75,132,496
75,141,580
75,156,127
75,163,266
75,168,299
75,175,352
75,194,5
75,201,514
75,203,350
75,208,347
75,218,49
75,232,204
75,235,555
75,256,207
75,262,26
75,279,427
75,280,576
76,2,286
76,17,97
76,18,589
76,23,395
76,30,28
76,31,331
76,32,535
76,33,78
76,37,28
76,41,598
76,43,15
76,46,118
76,60,309
76,61,388
76,89,17
76,98,66
76,100,540
76,110,339
76,114,229
76,120,270
76,130,76
76,138,303
76,144,168
76,156,346
76,158,175
76,161,165
76,168,209
76,170,94
76,172,588
76,189,469
76,192,216
76,211,100
76,238,295
76,248,88
76,259,356
76,277,409
77,1,136
77,5,250
77,6,529
77,8,159
77,11,544
77,13,17
77,26,500
77,27,549
77,42,137
77,43,273
77,46,339
77,55,387
77,57,35
77,79,400
77,90,545
77,91,227
77,98,261
77,106,206
77,108,551
77,126,22
77,129,379
77,136,247
77,139,386
77,176,109
77,230,527
77,247,549
77,254,489
77,260,318
77,264,520
78,3,370
78,8,572
78,10,113
78,21,243
78,26,44
78,27,101
78,29,424
78,41,54
78,48,264
78,56,210
78,57,451
78,59,249
78,63,348
78,68,86
78,69,66
78,83,420
78,86,431
78,93,93
78,103,352
78,106,144
78,119,23
78,136,520
78,141,312
78,144,362
78,153,259
78,165,57
78,202,323
78,206,592
78,213,571
78,224,4
78,242,374
78,265,275
78,282,181
78,288,18
79,10,371
79,21,373
79,27,119
79,28,600
79,31,261
79,40,367
79,43,285
79,51,61
79,53,26
79,56,244
79,58,401
79,62,416
79,69,412
79,70,269
79,77,400
79,82,327
79,85,254
79,89,147
79,105,84
79,109,133
79,112,508
79,114,223
79,137,323
79,147,425
79,149,52
79,155,553
79,166,391
79,172,480
79,185,568
79,187,590
79,194,324
79,199,459
79,223,366
79,262,222
79,279,474
80,6,189
80,7,269
80,12,308
80,16,491
80,19,187
80,24,164
80,28,199
80,36,71
80,38,390
80,52,489
80,58,346
80,63,596
80,70,473
80,86,464
80,89,96
80,92,76
80,105,567
80,121,471
80,125,147
80,134,14
80,135,578
80,138,84
80,145,70
80,149,577
80,151,581
80,154,5
80,156,239
80,160,144
80,169,541
80,173,331
80,180,489
80,197,466
80,204,438
80,240,68
80,241,476
80,255,493
80,257,120
81,14,51
81,23,58
81,26,286
81,31,422
81,34,575
81,35,143
81,39,509
81,40,28
81,44,168
81,45,390
81,54,105
81,63,411
81,65,596
81,72,257
81,84,500
81,89,84
81,124,210
81,132,478
81,133,14
81,152,137
81,154,190
81,157,13
81,158,515
81,162,385
81,165,228
81,185,521
81,196,353
81,200,264
81,209,59
81,210,261
81,286,29
82,1,319
82,9,251
82,16,414
82,22,378
82,34,241
82,40,245
82,42,128
82,52,324
82,57,14
82,64,252
82,65,177
82,68,274
82,75,375
82,79,327
82,92,375
82,94,227
82,106,441
82,112,529
82,121,488
82,130,188
82,158,392
82,186,95
82,199,199
82,211,452
82,274,476
82,281,374
82,298,292
83,3,72
83,9,430
83,10,102
83,13,155
83,22,190
83,23,290
83,31,551
83,37,186
83,48,203
83,58,269
83,72,510
83,78,420
83,86,481
83,92,342
83,94,407
83,102,13
83,118,435
83,127,529
83,137,571
83,142,17
83,156,465
83,163,594
83,170,586
83,177,4
83,178,357
83,198,497
83,204,509
83,218,97
83,257,33
83,268,55
83,276,245
83,291,86
83,300,303
84,3,51
84,9,153
84,10,103
84,12,345
84,17,133
84,21,522
84,33,448
84,39,431
84,40,584
84,45,259
84,46,193
84,54,203
84,58,581
84,81,500
84,92,437
84,98,524
84,109,80
84,121,170
84,134,564
84,138,221
84,147,364
84,151,40
84,165,123
84,172,87
84,179,548
84,182,276
84,220,130
84,231,451
84,273,205
84,287,11
85,1,258
85,6,536
85,12,558
85,14,562
85,16,54
85,21,99
85,27,131
85,39,476
85,40,169
85,42,557
85,56,286
85,57,65
85,62,189
85,69,315
85,79,254
85,87,39
85,90,540
85,94,158
85,103,569
85,110,247
85,114,148
85,124,546
85,128,416
85,145,140
85,153,205
85,165,455
85,173,122
85,185,252
85,192,309
85,194,488
85,255,16
85,265,93
85,273,148
85,274,597
85,282,104
85,289,543
85,293,292
86,2,592
86,3,387
86,4,559
86,16,166
86,17,393
86,21,558
86,26,114
86,37,359
86,41,175
86,43,35
86,54,271
86,69,586
86,78,431
86,80,464
86,83,481
86,97,488
86,99,54
86,101,318
86,102,466
86,107,75
86,120,173
86,122,313
86,128,30
86,144,519
86,148,261
86,160,196
86,194,418
86,222,211
86,239,530
86,243,393
87,3,429
87,21,378
87,25,366
87,39,261
87,41,117
87,45,375
87,46,146
87,53,256
87,58,498
87,61,396
87,67,570
87,70,209
87,72,585
87,73,184
87,85,39
87,89,512
87,101,47
87,103,557
87,108,234
87,134,365
87,140,24
87,141,395
87,142,83
87,154,397
87,175,566
87,203,192
87,207,199
87,210,357
87,212,85
87,228,232
87,240,182
87,251,408
87,258,279
87,261,109
87,265,288
87,272,111
87,274,445
88,8,451
88,10,4
88,11,500
88,17,82
88,31,190
88,33,131
88,47,258
88,50,94
88,51,586
88,52,165
88,53,42
88,60,325
88,64,481
88,69,421
88,96,391
88,100,339
88,106,136
88,109,153
88,112,447
88,117,488
88,119,42
88,130,520
88,140,94
88,144,271
88,163,315
88,189,86
88,211,69
88,216,170
88,231,501
88,252,256
88,260,521
88,284,556
88,294,73
89,15,315
89,26,349
89,29,211
89,33,211
89,35,86
89,49,237
89,54,415
89,64,248
89,68,258
89,75,309
89,76,17
89,79,147
89,80,96
89,81,84
89,87,512
89,104,344
89,116,196
89,128,6
89,139,444
89,150,569
89,152,86
89,153,269
89,163,26
89,186,66
89,204,181
89,237,404
90,7,526
90,13,379
90,34,76
90,38,516
90,43,238
90,44,252
90,54,274
90,55,281
90,56,356
90,59,484
90,62,304
90,67,512
90,77,545
90,85,540
90,115,164
90,118,396
90,121,283
90,146,66
90,152,501
90,155,282
90,160,407
90,163,102
90,170,180
90,190,124
90,195,525
90,199,158
90,205,54
90,206,244
90,225,63
90,239,10
90,280,426
90,285,233
90,286,434
90,298,19
90,300,257
91,3,109
91,4,280
91,11,272
91,16,473
91,22,468
91,23,494
91,27,263
91,33,450
91,47,435
91,54,57
91,66,209
91,69,411
91,77,227
91,95,504
91,104,557
91,105,229
91,151,254
91,162,381
91,184,371
91,198,414
91,222,153
91,249,402
91,258,176
92,10,27
92,18,450
92,28,444
92,34,38
92,38,58
92,50,327
92,51,172
92,54,467
92,73,379
92,75,61
92,80,76
92,82,375
92,83,342
92,84,437
92,102,201
92,104,273
92,105,199
92,110,399
92,112,158
92,118,95
92,119,441
92,125,49
92,127,406
92,140,97
92,149,301
92,179,278
92,185,151
92,196,167
92,210,593
92,223,426
92,231,40
92,243,10
92,266,436
92,268,41
93,1,191
93,4,286
93,5,284
93,6,207
93,7,53
93,8,343
93,24,531
93,34,367
93,37,301
93,46,116
93,51,472
93,78,93
93,98,156
93,111,219
93,119,324
93,158,162
93,169,387
93,202,504
93,216,184
93,219,447
93,239,330
93,244,394
93,246,187
93,255,262
93,257,168
93,289,408
93,296,312
93,297,220
94,5,30
94,16,47
94,28,62
94,31,248
94,38,434
94,53,494
94,55,153
94,58,17
94,68,66
94,75,122
94,82,227
94,83,407
94,85,158
94,98,249
94,105,196
94,112,181
94,117,173
94,121,496
94,124,43
94,128,259
94,138,327
94,140,74
94,150,562
94,177,447
94,197,38
94,202,377
94,209,348
94,213,456
94,214,178
94,216,82
94,229,164
94,260,158
94,281,517
94,295,413
95,1,515
95,4,225
95,7,384
95,11,452
95,14,317
95,23,340
95,28,529
95,35,500
95,39,111
95,45,509
95,49,152
95,54,107
95,73,88
95,91,504
95,101,74
95,102,193
95,107,6
95,110,119
95,112,125
95,139,570
95,146,506
95,159,405
95,167,151
95,170,79
95,189,174
95,208,32
95,231,73
95,234,150
95,236,541
95,239,265
95,260,585
95,263,553
95,280,47
95,285,430
96,1,400
96,10,324
96,24,158
96,25,139
96,28,308
96,30,2
96,33,201
96,35,205
96,37,523
96,39,335
96,56,460
96,69,234
96,75,18
96,88,391
96,98,474
96,99,415
96,111,33
96,114,68
96,122,105
96,123,396
96,128,130
96,138,20
96,139,175
96,143,250
96,160,535
96,185,574
96,214,218
96,217,31
96,241,236
96,243,327
96,258,157
96,261,188
96,275,324
96,280,211
96,282,485
96,283,504
96,290,339
96,291,388
97,1,172
97,5,117
97,10,163
97,11,288
97,16,435
97,32,356
97,39,559
97,49,58
97,50,401
97,53,301
97,54,417
97,75,335
97,86,488
97,98,467
97,104,44
97,105,354
97,113,574
97,115,20
97,144,50
97,145,228
97,147,564
97,163,516
97,179,330
97,200,237
97,205,319
97,266,422
98,5,45
98,7,540
98,11,347
98,49,386
98,52,410
98,56,238
98,58,3
98,76,66
98,77,261
98,84,524
98,93,156
98,94,249
98,96,474
98,97,467
98,105,594
98,123,165
98,129,252
98,136,568
98,153,41
98,166,396
98,168,244
98,189,382
98,219,5
98,220,24
98,245,492
98,281,470
98,288,358
98,294,565
99,6,338
99,12,24
99,13,444
99,16,84
99,32,529
99,42,401
99,45,150
99,58,597
99,59,183
99,72,331
99,86,54
99,96,415
99,120,434
99,185,62
99,194,448
99,198,58
99,231,566
99,244,365
99,248,57
99,261,272
99,264,13
100,7,37
100,17,317
100,26,415
100,32,455
100,38,403
100,47,442
100,50,381
100,51,166
100,58,313
100,66,384
100,69,316
100,71,161
100,72,230
100,76,540
100,88,339
100,109,13
100,112,355
100,116,324
100,119,524
100,126,91
100,127,241
100,139,44
100,142,465
100,146,476
100,151,437
100,157,108
100,163,146
100,164,132
100,165,286
100,179,283
100,201,348
100,212,424
100,215,450
100,223,123
100,233,521
100,249,23
100,267,28
100,271,513
100,288,513
101,1,461
101,10,367
101,17,56
101,20,238
101,39,47
101,44,155
101,47,97
101,63,308
101,68,210
