source,target,weight
1,2,447
1,3,537
1,4,9
1,5,538
1,6,269
1,7,41
1,11,445
1,12,503
1,13,215
1,15,175
1,29,571
1,35,406
1,37,462
1,50,559
1,58,64
1,85,327
1,182,185
2,1,447
2,3,21
2,4,30
2,5,513
2,16,25
2,21,30
2,22,423
2,40,5
2,42,354
2,58,474
2,60,341
2,67,41
2,68,589
2,73,216
2,102,182
2,168,366
2,178,123
2,191,523
2,205,390
3,1,537
3,2,21
3,4,67
3,5,226
3,6,457
3,13,212
3,14,285
3,15,257
3,19,253
3,27,227
3,29,91
3,31,100
3,33,312
3,47,194
3,76,24
3,99,572
3,113,267
3,127,521
3,131,566
3,154,321
3,244,463
3,260,216
3,300,586
4,1,9
4,2,30
4,3,67
4,7,263
4,20,248
4,38,297
4,86,538
4,122,262
4,166,257
4,172,552
5,1,538
5,2,513
5,3,226
5,31,6
5,49,515
5,104,361
5,144,401
5,261,90
6,1,269
6,3,457
6,8,108
6,9,315
6,10,158
6,11,63
6,16,251
6,30,94
6,42,297
6,43,336
6,49,288
6,58,115
6,180,124
6,214,574
7,1,41
7,4,263
7,9,433
7,10,183
7,11,524
7,13,19
7,18,253
7,54,583
7,65,378
7,67,471
7,68,64
7,80,234
7,135,383
7,273,5
7,279,317
8,6,108
8,9,596
8,22,444
8,32,147
8,38,94
8,41,425
8,46,351
8,64,420
8,88,247
8,95,313
8,132,560
8,179,326
8,192,299
9,6,315
9,7,433
9,8,596
9,10,377
9,39,11
9,82,296
9,93,569
9,96,408
9,234,415
10,6,158
10,7,183
10,9,377
10,12,294
10,18,111
10,19,119
10,24,376
10,41,161
10,50,507
10,56,419
10,79,181
10,97,453
10,146,409
10,164,498
10,235,546
11,1,445
11,6,63
11,7,524
11,12,597
11,14,434
11,15,437
11,17,505
11,32,468
11,44,175
11,57,9
11,59,124
11,66,569
11,82,223
11,86,483
11,89,208
11,249,52
12,1,503
12,10,294
12,11,597
12,16,228
12,24,493
12,26,377
12,30,173
12,37,184
12,55,71
12,61,30
12,76,227
12,80,443
12,197,377
13,1,215
13,3,212
13,7,19
13,14,513
13,23,210
13,25,227
13,30,28
13,33,590
13,36,166
13,91,549
13,110,593
13,149,402
13,173,580
13,177,220
13,179,516
14,3,285
14,11,434
14,13,513
14,39,339
14,51,247
14,62,552
14,76,322
14,114,407
14,126,64
14,260,75
14,280,552
15,1,175
15,3,257
15,11,437
15,17,506
15,19,526
15,20,87
15,23,396
15,33,53
15,51,25
15,53,347
15,85,534
15,102,312
15,107,114
15,122,510
15,228,324
16,2,25
16,6,251
16,12,228
16,25,392
16,111,246
16,113,297
16,171,512
16,250,144
17,11,505
17,15,506
17,21,587
17,24,146
17,27,246
17,28,217
17,40,166
17,47,83
17,57,147
17,63,138
17,74,295
17,101,184
17,146,347
17,168,279
17,185,378
17,205,591
18,7,253
18,10,111
18,20,117
18,31,133
18,32,45
18,35,385
18,64,20
18,115,498
18,154,11
18,164,336
18,206,36
18,208,466
18,211,518
18,218,90
18,236,172
18,253,80
19,3,253
19,10,119
19,15,526
19,23,438
19,37,545
19,40,129
19,43,144
19,158,218
20,4,248
20,15,87
20,18,117
20,26,128
20,41,255
20,46,393
20,49,382
20,55,397
20,95,113
21,2,30
21,17,587
21,22,309
21,35,97
21,124,108
22,2,423
22,8,444
22,21,309
22,26,194
22,36,211
22,83,84
22,151,278
22,194,548
22,215,578
22,248,576
23,13,210
23,15,396
23,19,438
23,28,109
23,34,341
23,36,281
23,43,3
23,66,4
23,75,154
23,113,162
23,140,527
23,141,502
23,270,118
23,291,461
24,10,376
24,12,493
24,17,146
24,25,201
24,29,535
24,73,205
24,75,358
24,116,243
24,118,522
24,156,510
24,284,260
25,13,227
25,16,392
25,24,201
25,28,335
25,34,63
25,45,572
25,70,353
25,71,115
25,93,557
25,94,324
25,100,361
25,123,258
25,196,310
25,216,225
25,237,560
25,263,9
26,12,377
26,20,128
26,22,194
26,27,369
26,34,413
26,45,131
26,115,574
26,179,268
26,188,29
27,3,227
27,17,246
27,26,369
27,63,133
27,64,236
28,17,217
28,23,109
28,25,335
28,39,287
28,63,176
28,183,165
28,195,185
28,209,530
28,238,491
28,298,345
29,1,571
29,3,91
29,24,535
29,44,119
29,84,155
29,87,131
29,105,433
29,107,64
29,155,339
30,6,94
30,12,173
30,13,28
30,77,406
30,81,376
30,138,128
30,165,99
30,190,337
30,250,445
30,269,519
31,3,100
31,5,6
31,18,133
31,61,342
31,129,327
31,142,123
31,157,455
31,206,92
31,221,207
31,242,587
31,287,283
32,8,147
32,11,468
32,18,45
32,47,326
32,78,521
32,90,566
32,150,356
32,166,32
32,177,481
32,246,99
33,3,312
33,13,590
33,15,53
33,48,104
33,59,311
33,104,230
33,111,323
33,129,496
33,153,93
33,298,91
34,23,341
34,25,63
34,26,413
34,96,583
34,175,174
34,189,8
34,214,205
34,282,113
35,1,406
35,18,385
35,21,97
35,50,324
35,53,43
35,54,29
35,72,575
35,73,398
35,180,235
35,199,195
35,243,395
36,13,166
36,22,211
36,23,281
36,54,499
36,95,19
36,103,378
36,112,321
36,142,25
36,257,525
37,1,462
37,12,184
37,19,545
37,109,295
37,110,249
37,173,385
38,4,297
38,8,94
38,44,27
38,66,123
39,9,11
39,14,339
39,28,287
39,45,307
39,48,546
39,62,93
39,150,309
39,156,430
39,169,130
39,178,261
39,222,145
39,225,185
39,242,425
40,2,5
40,17,166
40,19,129
40,42,384
40,48,177
40,52,584
40,61,263
40,72,197
40,120,206
40,201,81
41,8,425
41,10,161
41,20,255
41,51,232
41,52,190
41,87,555
41,99,239
41,148,596
41,170,459
41,220,46
41,256,552
41,294,311
42,2,354
42,6,297
42,40,384
42,70,300
42,74,346
42,277,580
43,6,336
43,19,144
43,23,3
43,53,540
43,65,194
43,89,407
43,114,172
43,123,363
43,139,310
43,176,318
43,198,283
43,210,392
43,217,492
44,11,175
44,29,119
44,38,27
44,60,442
44,82,596
44,97,389
44,106,229
44,107,377
44,128,275
44,151,18
44,193,444
44,233,341
45,25,572
45,26,131
45,39,307
45,46,530
45,67,92
45,92,53
45,272,23
46,8,351
46,20,393
46,45,530
46,92,429
46,137,522
46,165,532
46,183,565
46,215,561
47,3,194
47,17,83
47,32,326
47,55,240
47,59,42
47,78,594
47,136,315
47,147,408
47,151,486
47,208,521
48,33,104
48,39,546
48,40,177
48,98,509
48,118,587
48,134,368
48,146,248
48,194,484
48,225,314
49,5,515
49,6,288
49,20,382
49,79,524
49,100,301
49,132,496
49,145,190
49,161,494
49,171,252
50,1,559
50,10,507
50,35,324
50,108,323
50,134,147
50,143,11
50,155,217
50,175,559
51,14,247
51,15,25
51,41,232
51,56,559
51,69,189
51,70,207
51,130,26
51,299,69
52,40,584
52,41,190
52,62,356
52,65,112
52,71,332
52,88,192
52,128,277
52,143,276
52,172,49
52,223,300
53,15,347
53,35,43
53,43,540
53,57,13
53,122,136
53,259,549
54,7,583
54,35,29
54,36,499
54,69,594
54,101,350
54,188,312
54,203,223
54,296,253
54,299,516
55,12,71
55,20,397
55,47,240
55,56,390
55,94,272
55,140,176
55,248,287
55,285,143
56,10,419
56,51,559
56,55,390
56,74,115
56,83,317
56,159,323
56,227,267
56,241,576
57,11,9
57,17,147
57,53,13
57,60,171
57,92,571
57,165,282
57,181,339
57,249,582
58,1,64
58,2,474
58,6,115
58,98,550
58,108,391
58,136,540
58,184,376
58,187,440
58,255,165
58,261,576
58,271,264
59,11,124
59,33,311
59,47,42
59,80,361
59,168,589
59,173,64
59,225,551
60,2,341
60,44,442
60,57,171
60,77,354
60,81,419
60,101,281
60,138,265
60,186,170
60,287,134
61,12,30
61,31,342
61,40,263
61,68,436
61,116,63
61,167,268
61,192,175
61,193,41
61,230,19
61,283,185
62,14,552
62,39,93
62,52,356
62,98,312
62,106,79
62,120,466
62,169,491
62,197,6
63,17,138
63,27,133
63,28,176
63,78,44
63,103,331
63,126,304
63,160,251
64,8,420
64,18,20
64,27,236
64,77,552
64,81,525
64,279,421
65,7,378
65,43,194
65,52,112
65,69,179
65,91,185
65,240,488
66,11,569
66,23,4
66,38,123
66,72,395
67,2,41
67,7,471
67,45,92
67,75,397
67,115,290
67,121,458
67,160,595
67,234,101
68,2,589
68,7,64
68,61,436
68,130,498
68,133,366
69,51,189
69,54,594
69,65,179
69,71,90
69,79,69
69,124,520
69,127,505
69,187,277
69,216,41
69,279,123
70,25,353
70,42,300
70,51,207
70,126,400
71,25,115
71,52,332
71,69,90
71,85,600
71,102,67
71,123,324
71,157,124
71,295,308
72,35,575
72,40,197
72,66,395
72,87,85
72,90,17
72,263,546
73,2,216
73,24,205
73,35,398
73,174,545
73,286,435
73,288,375
73,293,347
74,17,295
74,42,346
74,56,115
74,94,67
74,109,385
74,174,257
74,204,390
74,210,343
74,292,42
75,23,154
75,24,358
75,67,397
75,84,69
75,100,136
75,148,586
75,170,508
75,221,198
76,3,24
76,12,227
76,14,322
76,97,589
76,276,435
77,30,406
77,60,354
77,64,552
77,86,349
77,109,254
78,32,521
78,47,594
78,63,44
78,91,278
78,202,190
78,213,455
79,10,181
79,49,524
79,69,69
79,84,145
79,93,547
79,114,455
79,158,220
79,180,414
80,7,234
80,12,443
80,59,361
80,83,147
80,88,6
80,90,109
80,155,389
80,169,129
80,206,2
80,271,442
80,283,173
81,30,376
81,60,419
81,64,525
81,112,63
81,145,414
81,150,519
81,162,455
81,188,364
81,227,451
81,228,464
81,245,444
81,291,265
82,9,296
82,11,223
82,44,596
82,105,473
82,119,586
82,133,394
82,136,571
82,192,132
82,224,317
82,258,203
83,22,84
83,56,317
83,80,147
83,99,155
83,105,140
83,135,127
83,211,331
84,29,155
84,75,69
84,79,145
84,96,187
84,117,418
84,216,265
84,239,268
85,1,327
85,15,534
85,71,600
85,89,208
85,242,368
85,247,208
86,4,538
86,11,483
86,77,349
86,121,38
86,125,108
86,129,4
86,130,532
86,176,399
87,29,131
87,41,555
87,72,85
87,267,362
88,8,247
88,52,192
88,80,6
89,11,208
89,43,407
89,85,208
89,119,586
90,32,566
90,72,17
90,80,109
90,274,254
91,13,549
91,65,185
91,78,278
91,103,221
91,112,72
91,117,163
91,120,10
92,45,53
92,46,429
92,57,571
92,116,172
92,134,452
92,187,227
92,191,214
92,203,223
93,9,569
93,25,557
93,79,547
93,222,450
93,261,37
94,25,324
94,55,272
94,74,67
94,110,219
94,139,135
94,177,569
94,195,69
94,201,126
95,8,313
95,20,113
95,36,19
95,117,53
96,9,408
96,34,583
96,84,187
96,131,190
96,163,301
96,278,278
96,293,252
97,10,453
97,44,389
97,76,589
97,137,293
97,266,125
97,290,60
98,48,509
98,58,550
98,62,312
98,199,258
99,3,572
99,41,239
99,83,155
99,265,316
100,25,361
100,49,301
100,75,136
100,104,323
100,111,405
100,124,173
100,125,410
100,147,11
100,154,283
100,269,394
101,17,184
101,54,350
101,60,281
101,152,252
101,175,560
101,265,506
102,2,182
102,15,312
102,71,67
102,220,403
102,224,575
103,36,378
103,63,331
103,91,221
103,108,61
104,5,361
104,33,230
104,100,323
104,106,386
105,29,433
105,82,473
105,83,140
105,160,261
105,298,206
106,44,229
106,62,79
106,104,386
106,237,185
106,296,357
107,15,114
107,29,64
107,44,377
107,119,34
108,50,323
108,58,391
108,103,61
108,140,331
108,254,479
109,37,295
109,74,385
109,77,254
109,144,521
109,152,99
109,207,179
109,208,146
109,212,16
109,226,95
110,13,593
110,37,249
110,94,219
110,135,58
110,138,299
110,143,596
110,219,208
111,16,246
111,33,323
111,100,405
111,148,380
111,161,51
111,196,564
111,257,35
111,270,460
111,283,55
112,36,321
112,81,63
112,91,72
112,128,543
112,219,67
113,3,267
113,16,297
113,23,162
113,121,134
113,139,312
113,239,48
113,295,293
114,14,407
114,43,172
114,79,455
115,18,498
115,26,574
115,67,290
115,118,146
115,198,477
115,236,149
115,237,430
115,269,424
116,24,243
116,61,63
116,92,172
116,190,347
116,222,189
116,250,331
116,300,408
117,84,418
117,91,163
117,95,53
117,163,367
117,207,37
117,276,516
118,24,522
118,48,587
118,115,146
118,137,563
119,82,586
119,89,586
119,107,34
119,125,313
119,131,558
119,157,140
119,183,449
119,185,329
119,228,340
119,297,233
120,40,206
120,62,466
120,91,10
120,223,3
121,67,458
121,86,38
121,113,134
121,149,43
121,172,376
121,191,146
122,4,262
122,15,510
122,53,136
122,182,294
122,233,466
123,25,258
123,43,363
123,71,324
123,133,396
123,162,166
123,176,26
124,21,108
124,69,520
124,100,173
125,86,108
125,100,410
125,119,313
125,200,585
125,220,105
125,231,267
126,14,64
126,63,304
126,70,400
126,127,110
126,141,23
126,178,313
126,200,110
126,240,547
126,288,348
127,3,521
127,69,505
127,126,110
127,141,8
127,142,170
127,161,342
127,212,330
128,44,275
128,52,277
128,112,543
128,199,509
128,233,137
128,286,144
129,31,327
129,33,496
129,86,4
129,253,550
129,256,597
129,276,445
130,51,26
130,68,498
130,86,532
130,184,83
130,245,283
130,281,80
131,3,566
131,96,190
131,119,558
131,144,430
131,159,318
132,8,560
132,49,496
132,201,475
133,68,366
133,82,394
133,123,396
133,280,423
134,48,368
134,50,147
134,92,452
134,195,62
134,223,524
134,244,397
135,7,383
135,83,127
135,110,58
136,47,315
136,58,540
136,82,571
136,186,556
137,46,522
137,97,293
137,118,563
137,149,90
137,171,201
137,207,98
137,211,186
138,30,128
138,60,265
138,110,299
138,164,196
138,166,289
138,184,103
139,43,310
139,94,135
139,113,312
139,147,51
139,153,542
139,159,62
139,204,565
139,229,413
139,277,220
140,23,527
140,55,176
140,108,331
141,23,502
141,126,23
141,127,8
141,145,242
141,198,37
141,271,580
142,31,123
142,36,25
142,127,170
143,50,11
143,52,276
143,110,596
143,158,52
143,162,299
143,181,546
143,186,382
143,284,496
143,287,122
143,292,231
144,5,401
144,109,521
144,131,430
144,213,262
144,217,69
145,49,190
145,81,414
145,141,242
145,202,211
146,10,409
146,17,347
146,48,248
146,205,568
146,234,433
146,235,7
147,47,408
147,100,11
147,139,51
147,153,178
147,295,338
148,41,596
148,75,586
148,111,380
148,167,402
148,212,91
149,13,402
149,121,43
149,137,90
149,152,359
150,32,356
150,39,309
150,81,519
150,226,231
150,299,592
151,22,278
151,44,18
151,47,486
151,156,397
151,181,576
151,275,13
151,297,401
152,101,252
152,109,99
152,149,359
152,217,351
152,243,228
152,264,473
152,278,271
152,282,556
153,33,93
153,139,542
153,147,178
153,213,119
154,3,321
154,18,11
154,100,283
154,194,546
154,196,438
155,29,339
155,50,217
155,80,389
155,167,389
155,202,22
155,232,553
155,273,303
156,24,510
156,39,430
156,151,397
156,163,48
157,31,455
157,71,124
157,119,140
157,174,472
158,19,218
158,79,220
158,143,52
158,244,275
159,56,323
159,131,318
159,139,62
160,63,251
160,67,595
160,105,261
160,265,337
161,49,494
161,111,51
161,127,342
162,81,455
162,123,166
162,143,299
163,96,301
163,117,367
163,156,48
163,219,271
163,238,355
164,10,498
164,18,336
164,138,196
164,255,20
165,30,99
165,46,532
165,57,282
165,262,280
166,4,257
166,32,32
166,138,289
166,226,369
166,268,211
167,61,268
167,148,402
167,155,389
168,2,366
168,17,279
168,59,589
169,39,130
169,62,491
169,80,129
169,170,366
169,231,431
170,41,459
170,75,508
170,169,366
170,209,429
170,300,494
171,16,512
171,49,252
171,137,201
172,4,552
172,52,49
172,121,376
172,182,580
173,13,580
173,37,385
173,59,64
173,232,24
173,252,269
174,73,545
174,74,257
174,157,472
174,251,110
174,273,320
175,34,174
175,50,559
175,101,560
175,204,358
175,259,127
176,43,318
176,86,399
176,123,26
176,189,68
177,13,220
177,32,481
177,94,569
177,190,132
177,229,303
177,258,351
177,285,188
178,2,123
178,39,261
178,126,313
178,263,515
179,8,326
179,13,516
179,26,268
179,185,181
180,6,124
180,35,235
180,79,414
180,193,326
180,246,254
181,57,339
181,143,546
181,151,576
181,197,249
182,1,185
182,122,294
182,172,580
183,28,165
183,46,565
183,119,449
183,209,217
184,58,376
184,130,83
184,138,103
184,203,34
184,239,225
185,17,378
185,119,329
185,179,181
185,272,538
185,274,534
186,60,170
186,136,556
186,143,382
187,58,440
187,69,277
187,92,227
187,189,548
188,26,29
188,54,312
188,81,364
188,253,52
189,34,8
189,176,68
189,187,548
189,224,443
189,260,140
189,262,264
190,30,337
190,116,347
190,177,132
191,2,523
191,92,214
191,121,146
191,210,243
191,215,257
191,249,232
192,8,299
192,61,175
192,82,132
192,200,56
192,274,46
193,44,444
193,61,41
193,180,326
193,218,594
193,285,233
194,22,548
194,48,484
194,154,546
194,251,381
194,256,473
195,28,185
195,94,69
195,134,62
195,227,393
195,229,187
195,232,139
196,25,310
196,111,564
196,154,438
196,255,56
196,284,543
196,289,52
197,12,377
197,62,6
197,181,249
197,241,505
198,43,283
198,115,477
198,141,37
198,238,318
198,267,159
199,35,195
199,98,258
199,128,509
199,231,548
199,241,233
199,251,487
200,125,585
200,126,110
200,192,56
200,268,180
200,290,445
201,40,81
201,94,126
201,132,475
201,218,417
202,78,190
202,145,211
202,155,22
202,221,308
202,266,474
203,54,223
203,92,223
203,184,34
204,74,390
204,139,565
204,175,358
204,214,422
205,2,390
205,17,591
205,146,568
206,18,36
206,31,92
206,80,2
207,109,179
207,117,37
207,137,98
207,289,554
208,18,466
208,47,521
208,109,146
208,292,557
209,28,530
209,170,429
209,183,217
209,247,258
210,43,392
210,74,343
210,191,243
211,18,518
211,83,331
211,137,186
212,109,16
212,127,330
212,148,91
212,235,96
213,78,455
213,144,262
213,153,119
213,291,223
214,6,574
214,34,205
214,204,422
215,22,578
215,46,561
215,191,257
215,230,234
215,245,396
216,25,225
216,69,41
216,84,265
216,243,94
217,43,492
217,144,69
217,152,351
217,240,207
217,254,235
218,18,90
218,193,594
218,201,417
219,110,208
219,112,67
219,163,271
219,248,60
219,259,436
220,41,46
220,102,403
220,125,105
220,247,113
220,277,107
220,278,79
221,31,207
221,75,198
221,202,308
222,39,145
222,93,450
222,116,189
222,254,474
223,52,300
223,120,3
223,134,524
224,82,317
224,102,575
224,189,443
225,39,185
225,48,314
225,59,551
225,236,15
225,297,324
226,109,95
226,150,231
226,166,369
227,56,267
227,81,451
227,195,393
227,246,384
228,15,324
228,81,464
228,119,340
228,252,56
229,139,413
229,177,303
229,195,187
229,275,373
230,61,19
230,215,234
231,125,267
231,169,431
231,199,548
232,155,553
232,173,24
232,195,139
233,44,341
233,122,466
233,128,137
233,257,471
233,272,244
233,289,274
234,9,415
234,67,101
234,146,433
235,10,546
235,146,7
235,212,96
236,18,172
236,115,149
236,225,15
237,25,560
237,106,185
237,115,430
238,28,491
238,163,355
238,198,318
239,84,268
239,113,48
239,184,225
240,65,488
240,126,547
240,217,207
241,56,576
241,197,505
241,199,233
241,258,38
241,290,89
242,31,587
242,39,425
242,85,368
242,293,25
243,35,395
243,152,228
243,216,94
243,281,289
243,286,487
244,3,463
244,134,397
244,158,275
245,81,444
245,130,283
245,215,396
245,262,118
246,32,99
246,180,254
246,227,384
246,252,585
247,85,208
247,209,258
247,220,113
247,288,226
248,22,576
248,55,287
248,219,60
249,11,52
249,57,582
249,191,232
250,16,144
250,30,445
250,116,331
250,281,580
251,174,110
251,194,381
251,199,487
251,270,94
252,173,269
252,228,56
252,246,585
253,18,80
253,129,550
253,188,52
253,294,575
254,108,479
254,217,235
254,222,474
255,58,165
255,164,20
255,196,56
255,264,190
256,41,552
256,129,597
256,194,473
257,36,525
257,111,35
257,233,471
258,82,203
258,177,351
258,241,38
258,264,241
258,267,391
258,294,293
259,53,549
259,175,127
259,219,436
260,3,216
260,14,75
260,189,140
261,5,90
261,58,576
261,93,37
262,165,280
262,189,264
262,245,118
263,25,9
263,72,546
263,178,515
263,266,583
263,268,61
264,152,473
264,255,190
264,258,241
264,280,555
265,99,316
265,101,506
265,160,337
266,97,125
266,202,474
266,263,583
267,87,362
267,198,159
267,258,391
268,166,211
268,200,180
268,263,61
269,30,519
269,100,394
269,115,424
270,23,118
270,111,460
270,251,94
271,58,264
271,80,442
271,141,580
272,45,23
272,185,538
272,233,244
272,275,427
273,7,5
273,155,303
273,174,320
274,90,254
274,185,534
274,192,46
275,151,13
275,229,373
275,272,427
275,296,337
276,76,435
276,117,516
276,129,445
277,42,580
277,139,220
277,220,107
277,282,409
278,96,278
278,152,271
278,220,79
279,7,317
279,64,421
279,69,123
280,14,552
280,133,423
280,264,555
281,130,80
281,243,289
281,250,580
282,34,113
282,152,556
282,277,409
283,61,185
283,80,173
283,111,55
284,24,260
284,143,496
284,196,543
285,55,143
285,177,188
285,193,233
286,73,435
286,128,144
286,243,487
287,31,283
287,60,134
287,143,122
288,73,375
288,126,348
288,247,226
289,196,52
289,207,554
289,233,274
290,97,60
290,200,445
290,241,89
291,23,461
291,81,265
291,213,223
292,74,42
292,143,231
292,208,557
293,73,347
293,96,252
293,242,25
294,41,311
294,253,575
294,258,293
295,71,308
295,113,293
295,147,338
296,54,253
296,106,357
296,275,337
297,119,233
297,151,401
297,225,324
298,28,345
298,33,91
298,105,206
299,51,69
299,54,516
299,150,592
300,3,586
300,116,408
300,170,494
