source,target,weight
1,2,145
1,3,587
1,6,259
1,7,345
1,8,453
1,9,445
1,10,169
1,12,365
1,14,304
1,15,73
1,16,523
1,17,312
1,19,319
1,24,298
1,25,248
1,26,239
1,29,415
1,34,589
1,36,113
1,48,254
1,62,173
1,68,258
1,72,98
1,78,184
1,85,240
1,130,48
1,148,48
1,161,447
1,168,298
1,190,561
1,226,158
1,263,426
1,281,406
1,297,111
2,1,145
2,3,164
2,4,25
2,5,509
2,9,462
2,12,8
2,15,130
2,16,97
2,18,408
2,20,414
2,21,71
2,31,185
2,32,329
2,34,581
2,38,29
2,41,391
2,50,276
2,56,479
2,57,61
2,67,523
2,70,370
2,79,325
2,87,232
2,91,88
2,99,261
2,112,165
2,129,580
2,133,450
2,158,380
2,185,561
2,187,583
2,189,18
2,219,461
2,226,102
2,243,493
2,245,186
2,252,530
2,262,80
2,270,456
3,1,587
3,2,164
3,4,340
3,5,518
3,6,121
3,7,461
3,8,46
3,9,370
3,11,91
3,13,89
3,16,235
3,17,316
3,19,326
3,20,417
3,22,199
3,25,481
3,27,399
3,40,384
3,52,258
3,58,195
3,62,456
3,65,462
3,72,295
3,73,175
3,77,460
3,89,159
3,103,172
3,105,219
3,133,146
3,134,531
3,138,554
3,140,61
3,149,120
3,174,260
3,183,334
3,187,589
3,192,12
3,233,548
3,249,404
3,276,245
3,281,403
4,2,25
4,3,340
4,5,545
4,6,335
4,7,238
4,9,74
4,10,273
4,11,592
4,12,165
4,13,428
4,14,307
4,15,152
4,16,149
4,20,596
4,22,468
4,23,345
4,25,301
4,26,571
4,28,150
4,29,308
4,39,297
4,45,337
4,53,558
4,54,134
4,64,363
4,68,596
4,70,198
4,85,266
4,97,216
4,100,475
4,119,573
4,138,356
4,152,270
4,153,29
4,158,565
4,199,163
4,200,276
4,210,61
4,249,155
4,263,315
4,268,429
4,270,536
4,295,428
5,2,509
5,3,518
5,4,545
5,6,228
5,7,121
5,8,500
5,10,132
5,11,565
5,12,133
5,14,593
5,15,99
5,17,340
5,19,127
5,21,191
5,23,136
5,24,43
5,26,584
5,28,439
5,30,102
5,33,443
5,36,142
5,41,384
5,43,114
5,47,525
5,49,439
5,56,270
5,59,406
5,68,161
5,70,123
5,75,313
5,95,18
5,100,328
5,111,589
5,116,495
5,117,155
5,118,549
5,124,336
5,127,464
5,138,85
5,143,190
5,144,465
5,176,93
5,189,136
5,239,511
5,286,262
6,1,259
6,3,121
6,4,335
6,5,228
6,7,519
6,8,591
6,9,336
6,10,390
6,11,244
6,12,570
6,13,335
6,14,557
6,15,531
6,16,111
6,17,210
6,18,205
6,19,438
6,20,70
6,27,448
6,33,324
6,35,270
6,40,252
6,41,156
6,43,356
6,49,164
6,53,340
6,54,377
6,67,123
6,68,46
6,70,101
6,81,101
6,89,253
6,109,20
6,145,147
6,151,142
6,160,89
6,167,198
6,171,489
6,177,63
6,228,170
6,237,238
7,1,345
7,3,461
7,4,238
7,5,121
7,6,519
7,8,485
7,11,482
7,14,324
7,16,490
7,18,213
7,19,512
7,21,373
7,32,340
7,33,268
7,44,272
7,49,505
7,50,261
7,51,292
7,53,74
7,55,482
7,58,346
7,60,217
7,71,370
7,88,502
7,93,580
7,94,471
7,98,114
7,101,560
7,103,56
7,104,340
7,109,65
7,111,418
7,139,115
7,140,560
7,141,462
7,142,29
7,169,450
7,174,262
7,217,302
7,231,590
7,234,282
7,240,47
7,275,195
7,292,519
7,295,40
8,1,453
8,3,46
8,5,500
8,6,591
8,7,485
8,9,546
8,10,358
8,11,499
8,12,317
8,13,505
8,15,354
8,17,242
8,22,591
8,27,325
8,28,518
8,30,14
8,32,23
8,33,396
8,34,456
8,35,463
8,38,372
8,40,251
8,42,574
8,46,71
8,48,325
8,51,262
8,54,422
8,59,215
8,71,487
8,79,495
8,81,431
8,95,599
8,100,152
8,108,213
8,114,15
8,116,583
8,130,81
8,132,210
8,133,506
8,149,203
8,178,204
8,183,484
8,184,585
8,189,388
8,233,298
8,247,576
8,255,52
9,1,445
9,2,462
9,3,370
9,4,74
9,6,336
9,8,546
9,10,319
9,12,391
9,15,485
9,21,21
9,22,346
9,25,221
9,26,192
9,27,108
9,28,240
9,30,38
9,31,162
9,32,330
9,34,593
9,36,377
9,43,176
9,48,501
9,52,164
9,59,436
9,62,170
9,67,378
9,68,593
9,74,145
9,78,191
9,82,553
9,83,63
9,85,469
9,86,213
9,87,141
9,94,20
9,107,335
9,108,255
9,111,348
9,129,210
9,151,589
9,184,597
9,186,361
9,221,517
9,224,588
9,257,523
9,280,398
10,1,169
10,4,273
10,5,132
10,6,390
10,8,358
10,9,319
10,11,294
10,12,122
10,13,570
10,14,445
10,15,90
10,19,117
10,22,445
10,23,390
10,27,21
10,28,51
10,35,436
10,36,479
10,39,360
10,42,434
10,44,133
10,55,577
10,56,121
10,58,484
10,60,124
10,64,68
10,66,122
10,99,102
10,102,459
10,110,451
10,129,351
10,143,319
10,149,97
10,154,571
10,165,272
10,172,415
10,174,96
10,177,188
10,212,87
10,214,33
10,235,556
10,269,272
11,3,91
11,4,592
11,5,565
11,6,244
11,7,482
11,8,499
11,10,294
11,12,194
11,13,137
11,18,189
11,23,1
11,24,573
11,25,183
11,29,482
11,30,588
11,35,78
11,37,542
11,39,46
11,47,577
11,48,325
11,49,306
11,50,58
11,51,598
11,52,108
11,53,22
11,55,140
11,57,330
11,61,553
11,69,111
11,72,76
11,82,315
11,92,260
11,114,581
11,118,14
11,120,190
11,122,520
11,128,157
11,163,449
11,169,443
11,182,255
11,184,511
11,186,479
11,192,229
11,200,180
11,227,85
11,241,524
11,258,600
12,1,365
12,2,8
12,4,165
12,5,133
12,6,570
12,8,317
12,9,391
12,10,122
12,11,194
12,15,349
12,16,569
12,17,101
12,19,315
12,20,166
12,21,423
12,22,576
12,24,50
12,25,453
12,26,56
12,27,585
12,29,491
12,32,327
12,33,585
12,35,315
12,37,419
12,38,201
12,50,472
12,61,582
12,70,430
12,78,126
12,79,517
12,80,522
12,82,567
12,86,432
12,114,378
12,116,267
12,123,232
12,124,439
12,140,554
12,141,593
12,146,253
12,204,554
12,214,335
12,271,374
13,3,89
13,4,428
13,6,335
13,8,505
13,10,570
13,11,137
13,14,49
13,16,465
13,21,64
13,22,523
13,23,377
13,26,427
13,27,178
13,30,196
13,31,595
13,35,250
13,40,224
13,41,68
13,43,367
13,44,452
13,49,263
13,54,410
13,57,560
13,60,380
13,64,114
13,83,227
13,88,375
13,95,250
13,107,194
13,110,529
13,117,290
13,126,491
13,137,131
13,142,347
13,143,529
13,151,280
13,163,255
13,185,53
13,193,265
13,210,596
13,265,401
13,281,236
13,298,495
14,1,304
14,4,307
14,5,593
14,6,557
14,7,324
14,10,445
14,13,49
14,16,256
14,20,13
14,23,521
14,24,482
14,25,468
14,30,67
14,34,362
14,38,211
14,41,275
14,46,578
14,47,168
14,48,525
14,49,15
14,52,174
14,54,321
14,56,154
14,57,70
14,60,592
14,64,157
14,66,2
14,72,297
14,76,472
14,80,116
14,87,265
14,88,511
14,95,209
14,97,528
14,137,393
14,144,108
14,156,441
14,163,192
14,167,495
14,173,417
14,181,448
14,190,321
14,204,244
14,229,34
14,237,131
14,244,68
14,256,307
14,257,173
14,259,50
14,260,462
14,273,330
14,287,507
14,290,432
15,1,73
15,2,130
15,4,152
15,5,99
15,6,531
15,8,354
15,9,485
15,10,90
15,12,349
15,17,364
15,18,303
15,19,172
15,20,184
15,22,279
15,23,364
15,24,531
15,25,320
15,27,79
15,28,337
15,31,307
15,35,356
15,38,76
15,39,543
15,44,366
15,45,222
15,47,175
15,50,508
15,64,181
15,70,416
15,72,418
15,92,216
15,97,420
15,98,445
15,110,85
15,128,281
15,133,463
15,169,516
15,173,125
15,197,501
15,207,480
15,211,157
15,216,218
15,228,332
15,255,81
15,283,166
16,1,523
16,2,97
16,3,235
16,4,149
16,6,111
16,7,490
16,12,569
16,13,465
16,14,256
16,17,592
16,18,187
16,20,22
16,21,550
16,26,451
16,28,294
16,31,594
16,34,191
16,35,461
16,36,493
16,37,159
16,38,599
16,39,239
16,40,14
16,43,110
16,48,181
16,53,377
16,54,174
16,60,112
16,63,518
16,69,214
16,72,520
16,77,507
16,79,198
16,93,286
16,111,236
16,130,598
16,132,212
16,137,123
16,139,567
16,156,590
16,167,42
16,171,590
16,212,377
16,224,57
16,238,195
16,262,138
16,270,164
16,274,91
16,293,346
17,1,312
17,3,316
17,5,340
17,6,210
17,8,242
17,12,101
17,15,364
17,16,592
17,19,359
17,20,561
17,21,406
17,23,275
17,25,318
17,29,304
17,30,156
17,32,408
17,38,176
17,40,113
17,41,105
17,43,32
17,46,143
17,48,495
17,51,112
17,55,70
17,56,586
17,98,346
17,112,108
17,125,562
17,128,434
17,131,148
17,135,98
17,142,203
17,147,93
17,162,553
17,167,300
17,177,498
17,213,363
17,233,351
17,254,370
17,270,101
17,275,377
17,283,554
17,298,583
18,2,408
18,6,205
18,7,213
18,11,189
18,15,303
18,16,187
18,22,451
18,24,234
18,31,96
18,35,251
18,36,209
18,39,555
18,44,388
18,46,348
18,56,65
18,57,28
18,62,537
18,64,556
18,65,499
18,67,400
18,71,298
18,96,545
18,105,92
18,107,457
18,109,362
18,117,142
18,127,550
18,141,103
18,145,294
18,158,269
18,159,494
18,160,456
18,164,468
18,176,592
18,183,245
18,186,164
18,189,112
18,194,5
18,203,17
18,218,185
18,253,372
18,274,529
19,1,319
19,3,326
19,5,127
19,6,438
19,7,512
19,10,117
19,12,315
19,15,172
19,17,359
19,20,120
19,22,217
19,24,299
19,26,76
19,29,385
19,30,30
19,33,389
19,34,350
19,37,116
19,39,209
19,46,541
19,56,579
19,58,1
19,61,247
19,72,277
19,73,2
19,74,316
19,79,537
19,89,217
19,91,348
19,101,83
19,105,88
19,112,372
19,116,190
19,119,270
19,129,268
19,137,142
19,169,51
19,192,336
19,205,412
19,251,386
20,2,414
20,3,417
20,4,596
20,6,70
20,12,166
20,14,13
20,15,184
20,16,22
20,17,561
20,19,120
20,21,13
20,25,250
20,26,181
20,29,517
20,32,550
20,33,363
20,36,555
20,37,333
20,45,599
20,46,360
20,56,437
20,59,381
20,60,527
20,66,188
20,68,122
20,75,354
20,85,405
20,88,518
20,94,109
20,95,415
20,101,218
20,113,406
20,130,367
20,155,475
20,169,30
20,171,255
20,176,593
20,180,448
20,186,141
20,199,550
20,229,528
20,262,239
20,266,132
20,298,480
21,2,71
21,5,191
21,7,373
21,9,21
21,12,423
21,13,64
21,16,550
21,17,406
21,20,13
21,23,292
21,24,289
21,25,519
21,26,184
21,27,578
21,29,56
21,32,380
21,33,367
21,37,580
21,38,481
21,39,222
21,57,365
21,68,592
21,70,542
21,77,561
21,78,235
21,88,247
21,91,214
21,92,48
21,93,336
21,98,547
21,102,355
21,144,195
21,152,414
21,167,25
21,173,249
21,177,282
21,178,388
21,227,41
21,247,182
21,256,439
21,298,553
22,3,199
22,4,468
22,8,591
22,9,346
22,10,445
22,12,576
22,13,523
22,15,279
22,18,451
22,19,217
22,23,577
22,25,396
22,26,135
22,27,23
22,28,511
22,32,289
22,33,310
22,41,388
22,44,274
22,45,256
22,50,358
22,55,452
22,64,501
22,74,134
22,76,354
22,82,313
22,88,417
22,91,93
22,93,217
22,95,219
22,97,19
22,100,101
22,107,4
22,108,46
22,114,463
22,143,492
22,152,22
22,153,582
22,163,465
22,181,364
22,192,112
22,269,530
22,280,186
23,4,345
23,5,136
23,10,390
23,11,1
23,13,377
23,14,521
23,15,364
23,17,275
23,21,292
23,22,577
23,24,386
23,27,125
23,28,475
23,30,114
23,35,468
23,36,50
23,43,366
23,47,536
23,49,215
23,53,52
23,58,64
23,61,244
23,63,529
23,66,183
23,74,146
23,76,574
23,77,379
23,84,131
23,100,71
23,110,463
23,112,110
23,129,360
23,133,571
23,139,572
23,152,348
23,155,264
23,162,396
23,170,447
23,190,436
23,197,51
23,209,256
23,227,546
23,235,177
23,237,11
23,262,586
24,1,298
24,5,43
24,11,573
24,12,50
24,14,482
24,15,531
24,18,234
24,19,299
24,21,289
24,23,386
24,26,48
24,28,70
24,30,399
24,31,390
24,33,379
24,37,425
24,42,125
24,47,207
24,51,236
24,54,562
24,57,279
24,58,464
24,60,547
24,63,394
24,67,142
24,89,221
24,100,238
24,122,170
24,147,51
24,163,410
24,164,492
24,175,333
24,201,7
24,278,150
25,1,248
25,3,481
25,4,301
25,9,221
25,11,183
25,12,453
25,14,468
25,15,320
25,17,318
25,20,250
25,21,519
25,22,396
25,29,290
25,33,509
25,34,21
25,36,27
25,37,116
25,38,374
25,40,466
25,44,211
25,49,506
25,50,251
25,52,495
25,56,38
25,62,521
25,63,160
25,72,160
25,73,323
25,80,198
25,86,142
25,92,388
25,96,540
25,102,208
25,106,228
25,113,354
25,122,441
25,123,153
25,130,124
25,141,128
25,207,492
25,233,274
25,238,427
25,248,44
25,263,70
25,268,10
25,279,456
25,293,83
26,1,239
26,4,571
26,5,584
26,9,192
26,12,56
26,13,427
26,16,451
26,19,76
26,20,181
26,21,184
26,22,135
26,24,48
26,29,60
26,30,107
26,31,564
26,37,558
26,38,318
26,39,587
26,44,102
26,52,296
26,55,448
26,59,222
26,64,395
26,65,176
26,67,132
26,70,276
26,75,401
26,81,64
26,83,267
26,85,404
26,89,479
26,96,72
26,101,327
26,102,579
26,103,294
26,105,440
26,119,486
26,120,250
26,140,218
26,148,227
26,153,19
26,157,373
26,160,552
26,164,288
26,179,536
26,182,391
26,210,84
26,228,517
26,234,40
26,240,166
26,250,159
27,3,399
27,6,448
27,8,325
27,9,108
27,10,21
27,12,585
27,13,178
27,15,79
27,21,578
27,22,23
27,23,125
27,31,244
27,33,299
27,34,166
27,45,60
27,46,111
27,49,185
27,57,464
27,68,11
27,69,196
27,81,283
27,115,569
27,141,342
27,152,283
27,154,368
27,159,329
27,161,204
27,162,219
27,176,365
27,196,319
27,212,182
27,222,380
27,224,154
27,262,178
28,4,150
28,5,439
28,8,518
28,9,240
28,10,51
28,15,337
28,16,294
28,22,511
28,23,475
28,24,70
28,32,96
28,35,511
28,38,376
28,44,411
28,56,392
28,63,102
28,73,45
28,80,548
28,110,241
28,112,348
28,121,339
28,122,60
28,124,302
28,125,504
28,145,110
28,146,79
28,148,62
28,153,472
28,164,563
28,194,225
28,198,8
28,204,265
28,220,136
28,232,241
28,238,26
28,290,580
28,298,169
29,1,415
29,4,308
29,11,482
29,12,491
29,17,304
29,19,385
29,20,517
29,21,56
29,25,290
29,26,60
29,34,376
29,36,80
29,37,449
29,41,514
29,42,574
29,44,74
29,47,216
29,50,135
29,57,349
29,62,205
29,65,451
29,69,566
29,71,29
29,74,22
29,76,511
29,82,451
29,83,323
29,84,243
29,86,374
29,88,127
29,91,260
29,93,486
29,97,108
29,116,191
29,117,375
29,119,13
29,141,270
29,163,106
29,170,454
29,179,447
29,182,426
29,184,201
29,205,585
29,214,407
29,228,453
29,230,189
29,236,242
29,252,447
29,258,115
29,269,488
29,279,165
30,5,102
30,8,14
30,9,38
30,11,588
30,13,196
30,14,67
30,17,156
30,19,30
30,23,114
30,24,399
30,26,107
30,31,177
30,34,124
30,36,188
30,41,155
30,45,98
30,47,491
30,58,244
30,61,483
30,74,433
30,88,455
30,91,68
30,94,191
30,99,232
30,112,427
30,118,438
30,132,301
30,145,537
30,167,565
30,184,302
30,188,354
30,193,595
30,209,162
30,218,330
30,223,356
30,225,149
30,235,233
30,251,50
30,275,207
30,288,539
30,294,255
31,2,185
31,9,162
31,13,595
31,15,307
31,16,594
31,18,96
31,24,390
31,26,564
31,27,244
31,30,177
31,38,177
31,41,206
31,42,328
31,43,48
31,59,241
31,65,212
31,66,280
31,76,369
31,89,598
31,94,360
31,96,380
31,99,495
31,100,125
31,102,28
31,106,600
31,109,320
31,126,272
31,131,132
31,133,367
31,152,115
31,153,387
31,181,425
31,186,467
31,187,117
31,188,177
31,230,148
31,234,577
31,250,50
31,259,236
31,274,480
32,2,329
32,7,340
32,8,23
32,9,330
32,12,327
32,17,408
32,20,550
32,21,380
32,22,289
32,28,96
32,35,185
32,36,492
32,37,356
32,42,439
32,44,516
32,53,476
32,54,592
32,55,283
32,65,558
32,69,527
32,71,217
32,75,215
32,87,228
32,102,256
32,104,353
32,113,241
32,119,146
32,121,481
32,131,566
32,135,397
32,146,425
32,151,9
32,160,289
32,168,562
32,194,456
32,208,275
32,219,247
32,232,128
32,241,519
32,248,300
32,273,410
32,290,74
33,5,443
33,6,324
33,7,268
33,8,396
33,12,585
33,19,389
33,20,363
33,21,367
33,22,310
33,24,379
33,25,509
33,27,299
33,41,173
33,42,444
33,43,182
33,46,189
33,48,403
33,53,97
33,58,293
33,61,89
33,63,352
33,67,163
33,75,228
33,122,586
33,127,463
33,138,171
33,151,484
33,185,83
33,200,51
33,219,213
33,223,339
33,291,405
33,296,49
34,1,589
34,2,581
34,8,456
34,9,593
34,14,362
34,16,191
34,19,350
34,25,21
34,27,166
34,29,376
34,30,124
34,36,140
34,40,484
34,42,130
34,45,89
34,47,576
34,51,435
34,63,470
34,90,382
34,111,519
34,112,391
34,123,82
34,127,101
34,128,479
34,151,214
34,179,376
34,214,103
34,219,594
34,236,171
34,258,187
34,294,554
35,6,270
35,8,463
35,10,436
35,11,78
35,12,315
35,13,250
35,15,356
35,16,461
35,18,251
35,23,468
35,28,511
35,32,185
35,41,105
35,43,474
35,50,574
35,52,301
35,59,322
35,66,593
35,78,480
35,79,485
35,90,347
35,103,551
35,107,223
35,108,92
35,119,481
35,151,484
35,161,400
35,171,188
35,178,110
35,191,65
35,198,228
35,237,252
36,1,113
36,5,142
36,9,377
36,10,479
36,16,493
36,18,209
36,20,555
36,23,50
36,25,27
36,29,80
36,30,188
36,32,492
36,34,140
36,39,541
36,46,67
36,48,326
36,52,536
36,55,369
36,57,439
36,60,137
36,64,464
36,80,205
36,89,450
36,93,160
36,96,183
36,103,476
36,107,427
36,117,124
36,134,3
36,170,274
36,176,300
36,178,149
36,183,467
36,184,212
36,207,429
36,219,147
36,264,328
36,290,321
36,300,20
37,11,542
37,12,419
37,16,159
37,19,116
37,20,333
37,21,580
37,24,425
37,25,116
37,26,558
37,29,449
37,32,356
37,39,366
37,40,485
37,49,233
37,51,450
37,54,475
37,65,436
37,75,93
37,76,9
37,85,391
37,95,376
37,100,198
37,106,156
37,107,489
37,113,573
37,115,526
37,126,113
37,184,25
37,193,147
37,200,132
37,241,152
37,260,485
38,2,29
38,8,372
38,12,201
38,14,211
38,15,76
38,16,599
38,17,176
38,21,481
38,25,374
38,26,318
38,28,376
38,31,177
38,42,446
38,46,159
38,47,346
38,52,67
38,54,198
38,61,346
38,77,21
38,104,469
38,115,431
38,127,72
38,131,597
38,151,597
38,167,171
38,173,127
38,228,197
38,237,231
39,4,297
39,10,360
39,11,46
39,15,543
39,16,239
39,18,555
39,19,209
39,21,222
39,26,587
39,36,541
39,37,366
39,40,9
39,42,68
39,51,527
39,55,149
39,56,208
39,61,320
39,62,520
39,68,523
39,71,497
39,76,377
39,79,71
39,87,478
39,90,44
39,118,159
39,120,62
39,124,127
39,164,10
39,170,270
39,206,209
39,222,271
39,242,400
39,281,582
39,295,353
40,3,384
40,6,252
40,8,251
40,13,224
40,16,14
40,17,113
40,25,466
40,34,484
40,37,485
40,39,9
40,42,579
40,43,578
40,44,178
40,45,352
40,46,390
40,51,575
40,52,20
40,55,555
40,56,497
40,59,289
40,70,237
40,73,70
40,77,299
40,83,501
40,98,282
40,102,286
40,114,61
40,117,128
40,121,391
40,133,341
40,156,41
40,165,316
40,204,545
40,205,489
40,206,421
40,209,103
40,215,243
40,228,5
40,250,392
40,254,411
41,2,391
41,5,384
41,6,156
41,13,68
41,14,275
41,17,105
41,22,388
41,29,514
41,30,155
41,31,206
41,33,173
41,35,105
41,45,573
41,65,131
41,67,293
41,71,399
41,74,196
41,76,420
41,80,34
41,83,581
41,84,57
41,87,253
41,90,588
41,99,8
41,104,222
41,113,45
41,121,511
41,131,5
41,135,322
41,138,242
41,145,41
41,154,88
41,161,484
41,165,505
41,169,311
41,172,437
41,180,194
41,182,66
41,193,499
41,214,550
41,227,375
41,241,382
41,269,166
42,8,574
42,10,434
42,24,125
42,29,574
42,31,328
42,32,439
42,33,444
42,34,130
42,38,446
42,39,68
42,40,579
42,43,158
42,45,401
42,49,431
42,50,23
42,51,75
42,57,600
42,76,598
42,81,321
42,84,267
42,86,53
42,88,189
42,90,527
42,108,462
42,125,366
42,136,229
42,137,510
42,176,3
42,177,93
42,211,515
42,229,279
42,238,477
42,269,516
42,279,293
42,282,474
43,5,114
43,6,356
43,9,176
43,13,367
43,16,110
43,17,32
43,23,366
43,31,48
43,33,182
43,35,474
43,40,578
43,42,158
43,50,424
43,51,50
43,64,355
43,77,139
43,79,151
43,93,101
43,105,315
43,110,266
43,131,494
43,140,242
43,156,99
43,177,342
43,182,102
43,190,211
43,196,579
43,206,570
43,249,255
43,273,171
44,7,272
44,10,133
44,13,452
44,15,366
44,18,388
44,22,274
44,25,211
44,26,102
44,28,411
44,29,74
44,32,516
44,40,178
44,45,457
44,47,153
44,48,21
44,49,356
44,50,20
44,53,301
44,59,536
44,62,544
44,65,31
44,66,385
44,72,19
44,78,429
44,81,313
44,115,96
44,159,3
44,165,12
44,177,424
44,193,170
44,208,531
44,217,453
44,225,70
44,242,251
44,300,257
45,4,337
45,15,222
45,20,599
45,22,256
45,27,60
45,30,98
45,34,89
45,40,352
45,41,573
45,42,401
45,44,457
45,64,527
45,70,370
45,76,255
45,78,142
45,81,122
45,82,420
45,108,11
45,120,431
45,135,154
45,139,208
45,140,469
45,145,214
45,152,200
45,153,201
45,155,417
45,158,92
45,179,135
45,182,200
45,201,540
45,203,389
45,209,561
45,220,174
45,251,215
46,8,71
46,14,578
46,17,143
46,18,348
46,19,541
46,20,360
46,27,111
46,33,189
46,36,67
46,38,159
46,40,390
46,78,249
46,96,38
46,103,250
46,104,387
46,106,15
46,124,353
46,140,436
46,147,427
46,154,84
46,156,532
46,198,104
46,199,30
46,205,490
46,211,559
46,230,291
46,237,454
46,245,522
46,247,247
46,272,340
47,5,525
47,11,577
47,14,168
47,15,175
47,23,536
47,24,207
47,29,216
47,30,491
47,34,576
47,38,346
47,44,153
47,63,273
47,68,70
47,84,216
47,105,398
47,127,134
47,175,368
47,181,564
47,188,131
47,193,275
47,197,273
47,202,251
47,272,356
47,273,4
47,274,260
47,294,158
48,1,254
48,8,325
48,9,501
48,11,325
48,14,525
48,16,181
48,17,495
48,33,403
48,36,326
48,44,21
48,51,415
48,53,356
48,55,232
48,60,422
48,64,537
48,66,290
48,69,108
48,72,7
48,76,269
48,80,130
48,90,231
48,102,397
48,103,30
48,107,121
48,112,471
48,115,155
48,121,152
48,156,354
48,158,460
48,166,460
48,168,35
48,174,354
48,175,350
48,180,47
48,191,458
48,223,524
48,226,149
48,237,514
48,275,129
49,5,439
49,6,164
49,7,505
49,11,306
49,13,263
49,14,15
49,23,215
49,25,506
49,27,185
49,37,233
49,42,431
49,44,356
49,51,88
49,52,581
49,55,13
49,59,560
49,65,265
49,68,431
49,83,586
49,133,270
49,156,60
49,179,131
49,188,26
49,221,141
49,222,546
49,251,532
49,272,276
49,291,160
49,293,175
49,297,82
49,299,524
50,2,276
50,7,261
50,11,58
50,12,472
50,15,508
50,22,358
50,25,251
50,29,135
50,35,574
50,42,23
50,43,424
50,44,20
50,52,471
50,53,151
50,57,291
50,58,459
50,71,38
50,76,338
50,79,54
50,92,524
50,101,113
50,106,555
50,108,286
50,112,139
50,113,41
50,115,563
50,119,62
50,121,113
50,125,57
50,138,278
50,168,275
50,229,449
50,242,212
50,243,277
50,258,283
50,268,157
50,269,346
50,282,241
51,7,292
51,8,262
51,11,598
51,17,112
51,24,236
51,34,435
51,37,450
51,39,527
51,40,575
51,42,75
51,43,50
51,48,415
51,49,88
51,54,268
51,58,562
51,65,596
51,69,246
51,77,152
51,89,595
51,90,331
51,101,508
51,103,89
51,104,6
51,105,24
51,112,351
51,121,436
51,122,368
51,141,442
51,149,499
51,168,448
51,180,11
51,189,136
51,191,6
51,194,99
51,195,33
51,208,427
51,240,69
51,248,416
51,261,164
51,291,293
52,3,258
52,9,164
52,11,108
52,14,174
52,25,495
52,26,296
52,35,301
52,36,536
52,38,67
52,40,20
52,49,581
52,50,471
52,54,387
52,57,398
52,58,15
52,66,125
52,68,283
52,69,338
52,70,263
52,75,221
52,78,391
52,80,507
52,95,257
52,99,565
52,109,50
52,114,553
52,118,222
52,133,8
52,134,290
52,144,465
52,162,302
52,165,479
52,179,487
52,181,196
52,211,91
52,221,586
52,225,7
52,231,18
52,238,147
52,272,591
52,278,169
53,4,558
53,6,340
53,7,74
53,11,22
53,16,377
53,23,52
53,32,476
53,33,97
53,44,301
53,48,356
53,50,151
53,60,48
53,61,36
53,63,469
53,75,354
53,93,120
53,120,180
53,125,267
53,136,443
53,149,365
53,152,15
53,157,370
53,169,597
53,181,551
53,197,271
53,200,412
53,213,403
53,221,454
53,239,140
53,300,250
54,4,134
54,6,377
54,8,422
54,13,410
54,14,321
54,16,174
54,24,562
54,32,592
54,37,475
54,38,198
54,51,268
54,52,387
54,55,392
54,58,595
54,60,482
54,63,74
54,71,188
54,74,414
54,75,251
54,92,15
54,94,454
54,101,235
54,117,194
54,123,89
54,127,408
54,132,292
54,152,28
54,154,393
54,155,42
54,156,294
54,173,4
54,174,46
54,203,34
54,254,417
54,266,498
55,7,482
55,10,577
55,11,140
55,17,70
55,22,452
55,26,448
55,32,283
55,36,369
55,39,149
55,40,555
55,48,232
55,49,13
55,54,392
55,58,155
55,59,493
55,61,517
55,72,94
55,81,86
55,86,394
55,88,116
55,92,144
55,106,192
55,111,393
55,113,67
55,150,445
55,159,302
55,161,334
55,164,181
55,177,167
55,188,545
55,215,127
55,292,570
56,2,479
56,5,270
56,10,121
56,14,154
56,17,586
56,18,65
56,19,579
56,20,437
56,25,38
56,28,392
56,39,208
56,40,497
56,62,391
56,63,435
56,68,125
56,73,92
56,78,256
56,81,85
56,85,210
56,87,218
56,98,77
56,102,122
56,140,119
56,143,126
56,144,576
56,147,420
56,152,528
56,155,177
56,167,377
56,197,358
56,203,324
56,205,77
56,220,214
56,221,588
56,283,224
56,285,431
56,286,437
57,2,61
57,11,330
57,13,560
57,14,70
57,18,28
57,21,365
57,24,279
57,27,464
57,29,349
57,36,439
57,42,600
57,50,291
57,52,398
57,62,176
57,64,194
57,71,223
57,74,565
57,75,430
57,77,563
57,84,40
57,87,575
57,94,413
57,95,132
57,104,176
57,114,326
57,122,43
57,157,600
57,162,545
57,187,193
57,216,459
57,255,130
57,260,206
57,293,453
58,3,195
58,7,346
58,10,484
58,19,1
58,23,64
58,24,464
58,30,244
58,33,293
58,50,459
58,51,562
58,52,15
58,54,595
58,55,155
58,67,171
58,69,168
58,77,313
58,84,115
58,91,112
58,98,153
58,109,47
58,111,391
58,114,117
58,120,180
58,166,398
58,172,557
58,189,167
58,191,168
58,236,97
58,263,552
58,276,357
58,287,290
58,298,11
59,5,406
59,8,215
59,9,436
59,20,381
59,26,222
59,31,241
59,35,322
59,40,289
59,44,536
59,49,560
59,55,493
59,62,149
59,65,236
59,66,501
59,67,286
59,74,541
59,82,17
59,83,563
59,87,136
59,89,403
59,115,130
59,119,363
59,133,154
59,150,391
59,173,197
59,190,325
59,206,337
59,246,335
59,264,444
59,275,362
59,276,31
59,278,10
60,7,217
60,10,124
60,13,380
60,14,592
60,16,112
60,20,527
60,24,547
60,36,137
60,48,422
60,53,48
60,54,482
60,63,22
60,66,234
60,77,179
60,82,139
60,85,363
60,91,70
60,98,220
60,100,334
60,101,149
60,103,404
60,112,575
60,124,118
60,139,500
60,142,103
60,144,148
60,149,432
60,159,545
60,181,559
60,226,484
60,232,539
60,265,26
60,280,578
61,11,553
61,12,582
61,19,247
61,23,244
61,30,483
61,33,89
61,38,346
61,39,320
61,53,36
61,55,517
61,67,292
61,69,439
61,73,206
61,85,526
61,86,413
61,92,222
61,98,82
61,106,221
61,125,336
61,129,241
61,132,60
61,136,100
61,138,322
61,144,322
61,159,410
61,161,212
61,175,27
61,181,69
61,191,398
61,205,31
61,208,369
61,215,95
61,218,288
61,222,205
61,223,356
61,235,314
61,246,566
61,259,544
61,265,450
61,270,390
61,286,417
62,1,173
62,3,456
62,9,170
62,18,537
62,25,521
62,29,205
62,39,520
62,44,544
62,56,391
62,57,176
62,59,149
62,70,413
62,72,103
62,73,119
62,90,257
62,100,451
62,101,398
62,103,175
62,122,526
62,123,461
62,128,395
62,134,7
62,142,550
62,157,89
62,183,116
62,219,362
62,223,505
62,228,453
62,248,23
62,255,333
62,284,503
62,285,515
62,294,161
63,16,518
63,23,529
63,24,394
63,25,160
63,28,102
63,33,352
63,34,470
63,47,273
63,53,469
63,54,74
63,56,435
63,60,22
63,89,67
63,108,71
63,125,418
63,142,216
63,146,225
63,149,186
63,171,261
63,189,568
63,195,568
63,210,579
63,248,129
63,249,255
63,257,310
63,287,365
63,296,248
64,4,363
64,10,68
64,13,114
64,14,157
64,15,181
64,18,556
64,22,501
64,26,395
64,36,464
64,43,355
64,45,527
64,48,537
64,57,194
64,69,70
64,73,461
64,74,63
64,77,58
64,98,138
64,103,39
64,106,482
64,121,370
64,126,542
64,170,142
64,171,316
64,194,426
64,201,597
64,203,387
64,213,482
64,228,490
64,238,242
64,244,238
64,247,225
64,274,19
64,280,184
64,284,464
64,287,259
64,297,115
65,3,462
65,18,499
65,26,176
65,29,451
65,31,212
65,32,558
65,37,436
65,41,131
65,44,31
65,49,265
65,51,596
65,59,236
65,67,242
65,78,381
65,79,499
65,82,64
65,89,251
65,95,490
65,124,207
65,134,210
65,143,200
65,150,52
65,155,500
65,157,357
65,173,512
65,181,282
65,198,364
65,212,189
65,216,403
65,219,300
65,225,105
65,238,276
65,273,101
65,289,354
66,10,122
66,14,2
66,20,188
66,23,183
66,31,280
66,35,593
66,44,385
66,48,290
66,52,125
66,59,501
66,60,234
66,81,309
66,88,250
66,94,521
66,101,538
66,104,482
66,126,331
66,157,65
66,185,210
66,214,43
66,226,250
66,232,313
66,283,275
66,298,598
67,2,523
67,6,123
67,9,378
67,18,400
67,24,142
67,26,132
67,33,163
67,41,293
67,58,171
67,59,286
67,61,292
67,65,242
67,69,521
67,70,501
67,71,178
67,73,316
67,74,165
67,76,39
67,80,85
67,87,382
67,102,91
67,113,70
67,126,221
67,133,158
67,162,566
67,164,411
67,198,33
67,202,176
67,219,454
67,226,284
67,233,135
67,246,584
67,250,96
68,1,258
68,4,596
68,5,161
68,6,46
68,9,593
68,20,122
68,21,592
68,27,11
68,39,523
68,47,70
68,49,431
68,52,283
68,56,125
68,72,92
68,73,441
68,77,16
68,84,61
68,87,224
68,91,302
68,94,43
68,97,336
68,99,557
68,111,78
68,121,227
68,134,199
68,164,376
68,169,561
68,173,494
68,178,46
68,187,14
68,190,329
68,201,502
68,223,390
68,224,37
68,226,409
68,242,505
68,246,356
68,250,449
68,253,248
68,290,137
68,299,345
69,11,111
69,16,214
69,27,196
69,29,566
69,32,527
69,48,108
69,51,246
69,52,338
69,58,168
69,61,439
69,64,70
69,67,521
69,71,579
69,83,246
69,85,487
69,96,64
69,97,245
69,100,242
69,101,217
69,112,228
69,131,62
69,132,173
69,158,159
69,162,77
69,166,578
69,171,436
69,186,121
69,192,222
69,209,117
69,212,291
69,217,386
69,235,591
69,243,526
69,246,570
69,292,171
70,2,370
70,4,198
70,5,123
70,6,101
70,12,430
70,15,416
70,21,542
70,26,276
70,40,237
70,45,370
70,52,263
70,62,413
70,67,501
70,71,418
70,73,252
70,83,74
70,85,523
70,94,192
70,105,79
70,110,6
70,111,125
70,123,519
70,132,93
70,137,221
70,144,518
70,146,392
70,147,201
70,159,509
70,180,599
70,202,191
70,264,66
70,291,558
71,7,370
71,8,487
71,18,298
71,29,29
71,32,217
71,39,497
71,41,399
71,50,38
71,54,188
71,57,223
71,67,178
71,69,579
71,70,418
71,73,181
71,81,124
71,82,95
71,86,155
71,104,274
71,111,120
71,131,299
71,179,361
71,195,93
71,216,439
71,239,194
71,244,280
71,265,545
71,270,79
71,279,190
71,289,585
72,1,98
72,3,295
72,11,76
72,14,297
72,15,418
72,16,520
72,19,277
72,25,160
72,44,19
72,48,7
72,55,94
72,62,103
72,68,92
72,78,54
72,80,327
72,82,553
72,86,431
72,92,329
72,93,543
72,96,465
72,103,288
72,114,81
72,128,230
72,129,351
72,148,531
72,156,239
72,160,393
72,175,6
72,176,403
72,181,218
72,183,430
72,193,18
72,201,402
72,211,429
72,213,43
72,225,152
72,241,403
72,273,78
72,286,328
73,3,175
73,19,2
73,25,323
73,28,45
73,40,70
73,56,92
73,61,206
73,62,119
73,64,461
73,67,316
73,68,441
73,70,252
73,71,181
73,83,57
73,88,27
73,94,455
73,95,373
73,98,457
73,118,527
73,159,562
73,162,310
73,172,289
73,188,523
73,226,190
73,240,542
73,252,320
74,9,145
74,19,316
74,22,134
74,23,146
74,29,22
74,30,433
74,41,196
74,54,414
74,57,565
74,59,541
74,64,63
74,67,165
74,75,89
74,79,255
74,81,59
74,84,8
74,95,181
74,96,370
74,104,34
74,106,251
74,107,598
74,110,103
74,117,159
74,127,361
74,134,397
74,184,470
74,200,208
74,203,264
74,213,426
74,241,326
74,285,147
75,5,313
75,20,354
75,26,401
75,32,215
75,33,228
75,37,93
75,52,221
75,53,354
75,54,251
75,57,430
75,74,89
75,80,522
75,82,222
75,88,200
75,96,212
75,97,545
75,99,98
75,126,352
75,130,201
75,142,514
75,199,153
75,230,260
75,246,534
75,265,574
76,14,472
76,22,354
76,23,574
76,29,511
76,31,369
76,37,9
76,39,377
76,41,420
76,42,598
76,45,255
76,48,269
76,50,338
76,67,39
76,79,460
76,93,51
76,105,362
76,110,378
76,150,129
76,157,318
76,172,28
76,182,462
76,195,281
76,199,203
76,246,44
76,259,95
76,275,12
76,288,76
76,296,575
77,3,460
77,16,507
77,21,561
77,23,379
77,38,21
77,40,299
77,43,139
77,51,152
77,57,563
77,58,313
77,60,179
77,64,58
77,68,16
77,84,353
77,86,557
77,91,288
77,92,55
77,100,500
77,115,149
77,125,128
77,126,451
77,127,205
77,144,44
77,172,556
77,174,46
77,251,285
77,253,420
78,1,184
78,9,191
78,12,126
78,21,235
78,35,480
78,44,429
78,45,142
78,46,249
78,52,391
78,56,256
78,65,381
78,72,54
78,93,13
78,96,555
78,98,379
78,104,346
78,109,581
78,118,318
78,123,57
78,128,194
78,141,526
78,150,417
78,175,229
78,196,324
78,208,309
78,235,109
78,244,388
78,249,245
78,251,423
78,255,302
78,291,37
79,2,325
79,8,495
79,12,517
79,16,198
79,19,537
79,35,485
79,39,71
79,43,151
79,50,54
79,65,499
79,74,255
79,76,460
79,92,382
79,99,519
79,106,458
79,121,375
79,122,436
79,175,261
79,190,133
79,208,311
79,215,90
79,216,349
79,226,460
79,231,139
79,236,83
79,260,547
79,271,56
79,287,167
80,12,522
80,14,116
80,25,198
80,28,548
80,36,205
80,41,34
80,48,130
80,52,507
80,67,85
80,72,327
80,75,522
80,83,548
80,85,15
80,89,575
80,91,178
80,100,248
80,119,57
80,120,236
80,122,600
80,146,201
80,160,422
80,226,562
80,248,259
80,265,395
80,270,106
81,6,101
81,8,431
81,26,64
81,27,283
81,42,321
81,44,313
81,45,122
81,55,86
81,56,85
81,66,309
81,71,124
81,74,59
81,82,240
81,97,238
81,114,115
81,126,34
81,129,516
81,130,85
81,168,538
81,191,380
81,195,240
81,196,362
81,210,333
81,224,254
81,252,71
81,253,227
82,9,553
82,11,315
82,12,567
82,22,313
82,29,451
82,45,420
82,59,17
82,60,139
82,65,64
82,71,95
82,72,553
82,75,222
82,81,240
82,87,420
82,104,40
82,110,198
82,113,278
82,134,280
82,135,283
82,136,581
82,147,545
82,148,318
82,159,296
82,168,364
82,185,358
82,204,194
82,206,175
82,226,243
82,261,595
82,265,167
82,278,392
82,280,516
83,9,63
83,13,227
83,26,267
83,29,323
83,40,501
83,41,581
83,49,586
83,59,563
83,69,246
83,70,74
83,73,57
83,80,548
83,96,141
83,99,358
83,112,82
83,116,215
83,117,211
83,118,371
83,123,421
83,128,243
83,137,45
83,140,164
83,141,221
83,147,181
83,159,382
83,176,450
83,180,597
83,192,92
83,212,567
83,221,377
83,222,274
83,230,23
83,234,98
83,246,294
83,268,60
84,23,131
84,29,243
84,41,57
84,42,267
84,47,216
84,57,40
84,58,115
84,68,61
84,74,8
84,77,353
84,90,530
84,91,378
84,92,96
84,102,266
84,107,203
84,116,274
84,121,600
84,132,101
84,145,92
84,155,288
84,171,79
84,179,257
84,183,503
84,185,192
84,196,54
84,205,225
84,210,281
84,224,362
84,248,23
84,261,308
85,1,240
85,4,266
85,9,469
85,20,405
85,26,404
85,37,391
85,56,210
85,60,363
85,61,526
85,69,487
85,70,523
85,80,15
85,90,564
85,97,595
85,105,220
85,118,281
85,123,487
85,128,62
85,139,454
85,143,449
85,163,287
85,208,38
85,215,76
85,233,477
85,286,145
86,9,213
86,12,432
86,25,142
86,29,374
86,42,53
86,55,394
86,61,413
86,71,155
86,72,431
86,77,557
86,91,366
86,95,22
86,120,596
86,156,225
86,162,156
86,165,176
86,186,72
86,209,235
86,220,463
86,227,411
86,250,599
86,276,442
86,279,318
86,297,492
87,2,232
87,9,141
87,14,265
87,32,228
87,39,478
87,41,253
87,56,218
87,57,575
87,59,136
87,67,382
87,68,224
87,82,420
87,90,3
87,94,112
87,102,546
87,108,176
87,117,528
87,119,66
87,145,553
87,160,472
87,179,200
87,183,262
87,207,491
87,267,337
87,268,462
87,296,362
88,7,502
88,13,375
88,14,511
88,20,518
88,21,247
88,22,417
88,29,127
88,30,455
88,42,189
88,55,116
88,66,250
88,73,27
88,75,200
88,99,450
88,109,311
88,111,519
88,115,364
88,126,46
88,137,63
88,138,419
88,161,34
88,170,165
88,171,551
88,174,414
88,182,406
88,188,17
88,189,555
88,194,262
88,280,471
88,295,191
89,3,159
89,6,253
89,19,217
89,24,221
89,26,479
89,31,598
89,36,450
89,51,595
89,59,403
89,63,67
89,65,251
89,80,575
89,97,245
89,101,148
89,105,371
89,110,208
89,158,38
89,161,591
89,170,490
89,176,113
89,198,565
89,205,549
89,239,425
89,289,196
90,34,382
90,35,347
90,39,44
90,41,588
90,42,527
90,48,231
90,51,331
90,62,257
90,84,530
90,85,564
90,87,3
90,111,437
90,124,585
90,125,319
90,132,134
90,135,81
90,143,499
90,151,547
90,186,261
90,224,146
90,231,458
90,260,451
90,282,95
91,2,88
91,19,348
91,21,214
91,22,93
91,29,260
91,30,68
91,58,112
91,60,70
91,68,302
91,77,288
91,80,178
91,84,378
91,86,366
91,97,233
91,99,99
91,108,523
91,124,180
91,133,250
91,138,28
91,146,18
91,178,105
91,190,472
91,234,240
91,236,388
91,238,264
91,281,340
91,296,586
92,11,260
92,15,216
92,21,48
92,25,388
92,50,524
92,54,15
92,55,144
92,61,222
92,72,329
92,77,55
92,79,382
92,84,96
92,98,151
92,105,482
92,106,559
92,108,520
92,109,107
92,116,227
92,128,474
92,172,483
92,186,61
92,201,245
92,260,258
92,270,191
92,272,572
92,274,181
92,278,506
93,7,580
93,16,286
93,21,336
93,22,217
93,29,486
93,36,160
93,43,101
93,53,120
93,72,543
93,76,51
93,78,13
93,99,348
93,101,195
93,103,469
93,107,291
93,120,284
93,126,148
93,130,513
93,132,262
93,148,517
93,157,444
93,161,77
93,162,297
93,170,523
93,195,245
93,216,86
93,232,325
93,254,579
93,260,241
93,272,250
93,294,235
93,299,558
94,7,471
94,9,20
94,20,109
94,30,191
94,31,360
94,54,454
94,57,413
94,66,521
94,68,43
94,70,192
94,73,455
94,87,112
94,114,257
94,116,506
94,120,209
94,125,445
94,142,350
94,149,22
94,155,125
94,165,5
94,210,271
94,231,154
94,242,366
94,254,427
94,255,494
94,266,51
95,5,18
95,8,599
95,13,250
95,14,209
95,20,415
95,22,219
95,37,376
95,52,257
95,57,132
95,65,490
95,73,373
95,74,181
95,86,22
95,110,282
95,119,383
95,135,272
95,166,310
95,175,156
95,187,465
95,196,286
95,201,104
95,213,371
95,224,502
95,236,299
95,244,581
95,253,444
95,254,177
95,271,188
95,295,145
95,298,394
95,300,581
96,18,545
96,25,540
96,26,72
96,31,380
96,36,183
96,46,38
96,69,64
96,72,465
96,74,370
96,75,212
96,78,555
96,83,141
96,117,521
96,121,405
96,149,117
96,150,49
96,166,287
96,172,220
96,178,348
96,181,150
96,187,480
96,192,188
96,211,181
96,235,79
96,256,328
96,257,284
96,275,379
97,4,216
97,14,528
97,15,420
97,22,19
97,29,108
97,68,336
97,69,245
97,75,545
97,81,238
97,85,595
97,89,245
97,91,233
97,116,399
97,132,307
97,135,330
97,139,493
97,161,336
97,165,442
97,169,318
97,214,33
97,253,113
97,259,191
97,263,259
97,270,59
97,277,568
97,287,446
97,290,183
98,7,114
98,15,445
98,17,346
98,21,547
98,40,282
98,56,77
98,58,153
98,60,220
98,61,82
98,64,138
98,73,457
98,78,379
98,92,151
98,115,34
98,116,142
98,118,588
98,130,415
98,178,238
98,182,72
98,183,436
98,199,290
98,204,182
98,222,145
98,259,458
98,279,4
98,287,423
99,2,261
99,10,102
99,30,232
99,31,495
99,41,8
99,52,565
99,68,557
99,75,98
99,79,519
99,83,358
99,88,450
99,91,99
99,93,348
99,102,121
99,105,359
99,106,586
99,107,288
99,109,339
99,124,288
99,129,590
99,131,320
99,148,421
99,171,551
99,201,47
99,204,396
99,213,301
99,215,557
99,219,14
99,227,170
99,235,489
99,238,496
99,256,22
99,268,47
99,274,166
99,290,471
99,298,297
100,4,475
100,5,328
100,8,152
100,22,101
100,23,71
100,24,238
100,31,125
100,37,198
100,60,334
100,62,451
100,69,242
100,77,500
100,80,248
100,109,265
100,142,311
100,175,279
100,180,189
100,192,226
100,242,131
101,7,560
101,19,83
101,20,218
101,26,327
101,50,113
101,51,508
101,54,235
101,60,149
101,62,398
101,66,538
101,69,217
101,89,148
101,93,195
101,119,71
101,124,176
101,136,241
101,141,118
101,150,465
101,151,188
101,176,596
101,188,257
101,196,307
101,197,527
101,217,356
101,252,298
101,256,287
101,263,198
101,267,529
101,275,185
102,10,459
102,21,355
102,25,208
102,26,579
102,31,28
102,32,256
102,40,286
102,48,397
102,56,122
102,67,91
102,84,266
102,87,546
102,99,121
102,108,522
102,136,142
102,137,205
102,158,254
102,160,122
102,177,387
102,180,480
102,194,371
102,195,384
102,260,316
102,267,199
102,289,223
103,3,172
103,7,56
103,26,294
103,35,551
103,36,476
103,46,250
103,48,30
103,51,89
103,60,404
103,62,175
103,64,39
103,72,288
103,93,469
103,113,565
103,116,406
103,120,67
103,127,562
104,7,340
104,32,353
104,38,469
104,41,222
104,46,387
104,51,6
104,57,176
104,66,482
104,71,274
104,74,34
104,78,346
104,82,40
104,139,251
104,141,263
104,154,401
104,175,272
104,217,1
104,236,341
104,250,367
104,265,587
104,292,382
105,3,219
105,18,92
105,19,88
105,26,440
105,43,315
105,47,398
105,51,24
105,70,79
105,76,362
105,85,220
105,89,371
105,92,482
105,99,359
105,113,512
105,124,185
105,126,557
105,129,243
105,131,308
105,135,170
105,136,221
105,144,412
105,148,319
105,155,509
105,164,576
105,180,33
105,183,66
105,212,503
105,216,502
105,240,14
105,262,177
105,285,467
106,25,228
106,31,600
106,37,156
106,46,15
106,50,555
106,55,192
106,61,221
106,64,482
106,74,251
106,79,458
106,92,559
106,99,586
106,115,456
106,118,465
106,157,176
106,191,483
106,217,312
106,219,5
106,221,4
106,225,360
106,262,137
106,292,400
106,296,407
107,9,335
107,13,194
107,18,457
107,22,4
107,35,223
107,36,427
107,37,489
107,48,121
107,74,598
107,84,203
107,93,291
107,99,288
107,111,237
107,115,511
107,118,544
107,125,181
107,128,212
107,153,488
107,154,312
107,155,349
107,160,410
107,182,191
107,183,3
107,210,575
107,212,373
107,215,589
107,244,269
107,253,412
107,258,316
107,259,424
107,267,404
107,284,566
108,8,213
108,9,255
108,22,46
108,35,92
108,42,462
108,45,11
108,50,286
108,63,71
108,87,176
108,91,523
108,92,520
108,102,522
108,124,564
108,173,295
108,196,211
108,197,51
108,211,5
108,252,550
108,274,385
108,294,117
109,6,20
109,7,65
109,18,362
109,31,320
109,52,50
109,58,47
109,78,581
109,88,311
109,92,107
109,99,339
109,100,265
109,122,598
109,136,4
109,142,276
109,144,142
109,147,24
109,200,143
109,215,353
109,221,183
109,231,517
110,10,451
110,13,529
110,15,85
110,23,463
110,28,241
110,43,266
110,70,6
110,74,103
110,76,378
110,82,198
110,89,208
110,95,282
110,113,558
110,123,201
110,129,312
110,138,121
110,142,218
110,143,188
110,165,108
110,173,267
110,206,511
110,211,203
110,223,28
110,241,565
110,279,334
110,299,150
111,5,589
111,7,418
111,9,348
111,16,236
111,34,519
111,55,393
111,58,391
111,68,78
111,70,125
111,71,120
111,88,519
111,90,437
111,107,237
111,120,342
111,179,305
111,180,138
111,185,51
111,186,580
111,202,283
111,227,544
111,236,376
111,242,166
111,245,456
111,286,561
111,288,223
111,299,143
112,2,165
112,17,108
112,19,372
112,23,110
112,28,348
112,30,427
112,34,391
112,48,471
112,50,139
112,51,351
112,60,575
112,69,228
112,83,82
112,123,371
112,132,145
112,137,538
112,150,567
112,153,303
112,156,165
112,165,428
112,171,600
112,194,545
112,195,79
112,199,20
112,201,450
112,209,513
112,233,378
112,240,94
112,273,422
112,277,289
113,20,406
113,25,354
113,32,241
113,37,573
113,41,45
113,50,41
113,55,67
113,67,70
113,82,278
113,103,565
113,105,512
113,110,558
113,153,154
113,159,590
113,163,464
113,171,533
113,199,408
113,200,219
113,208,393
113,238,350
113,244,209
113,267,381
113,279,600
114,8,15
114,11,581
114,12,378
114,22,463
114,40,61
114,52,553
114,57,326
114,58,117
114,72,81
114,81,115
114,94,257
114,125,350
114,127,246
114,130,294
114,174,489
114,193,202
114,208,138
114,247,65
114,256,283
114,259,113
114,283,224
114,292,388
115,27,569
115,37,526
115,38,431
115,44,96
115,48,155
115,50,563
115,59,130
115,77,149
115,88,364
115,98,34
115,106,456
115,107,511
115,118,594
115,119,568
115,121,229
115,136,109
115,147,467
115,155,413
115,158,174
115,169,598
115,177,196
115,204,85
115,206,133
115,235,39
115,259,322
115,266,197
115,285,306
115,294,570
116,5,495
116,8,583
116,12,267
116,19,190
116,29,191
116,83,215
116,84,274
116,92,227
116,94,506
116,97,399
116,98,142
116,103,406
116,147,242
116,148,106
116,150,557
116,151,57
116,176,525
116,196,561
116,209,81
116,241,420
117,5,155
117,13,290
117,18,142
117,29,375
117,36,124
117,40,128
117,54,194
117,74,159
117,83,211
117,87,528
117,96,521
117,127,63
117,132,388
117,134,135
117,139,96
117,143,440
117,147,78
117,148,479
117,160,46
117,167,394
