source,target,weight
1,2,287
1,7,462
1,11,547
1,18,46
1,20,150
1,94,54
1,247,390
2,1,287
2,3,474
2,4,73
2,5,102
2,8,25
2,22,154
2,24,195
2,58,437
2,147,216
2,175,244
2,266,249
3,2,474
3,6,15
3,7,218
3,9,231
3,10,50
3,18,451
3,19,398
3,37,156
3,74,399
3,90,556
3,101,151
3,106,434
3,127,242
3,158,551
3,226,536
4,2,73
4,5,335
4,12,218
4,13,543
4,17,268
4,36,274
4,53,417
4,77,367
4,79,280
4,101,529
4,138,7
4,144,594
4,194,159
4,212,535
5,2,102
5,4,335
5,9,163
5,15,15
5,16,388
5,31,144
5,86,53
5,111,198
6,3,15
6,8,471
6,14,421
6,32,245
6,149,71
6,162,79
6,299,246
7,1,462
7,3,218
7,13,367
7,22,441
7,26,227
7,59,470
7,75,522
7,144,534
7,209,546
8,2,25
8,6,471
8,12,129
8,15,205
8,28,265
8,29,305
8,58,299
8,65,200
8,93,254
8,122,579
8,196,222
8,282,133
9,3,231
9,5,163
9,10,60
9,21,271
9,84,473
9,132,123
9,194,114
10,3,50
10,9,60
10,25,598
10,34,314
10,67,128
10,145,293
10,226,103
11,1,547
11,50,113
11,69,114
11,179,263
11,253,221
11,288,580
12,4,218
12,8,129
12,19,257
12,27,206
12,72,196
12,164,232
12,182,23
12,280,301
13,4,543
13,7,367
13,20,151
13,285,56
14,6,421
14,17,582
14,25,240
14,29,128
14,38,512
14,41,369
14,56,56
14,63,186
14,96,197
14,112,67
14,130,523
14,195,104
14,287,361
15,5,15
15,8,205
15,16,411
15,23,306
15,28,319
15,37,336
15,45,137
15,78,499
15,110,600
15,115,114
15,128,175
15,139,432
15,177,438
16,5,388
16,15,411
16,24,20
16,64,420
16,197,29
16,230,579
17,4,268
17,14,582
17,54,251
17,57,541
17,62,104
17,100,55
17,118,271
17,182,411
18,1,46
18,3,451
18,27,70
18,33,577
18,51,553
18,103,6
18,168,434
19,3,398
19,12,257
19,21,98
19,39,541
19,46,203
19,73,336
19,83,577
19,85,71
19,152,50
20,1,150
20,13,151
20,23,318
20,36,203
20,38,333
20,40,337
20,54,123
20,84,123
20,85,597
20,196,357
20,203,316
20,296,273
21,9,271
21,19,98
21,48,290
21,108,469
21,130,240
21,146,79
21,191,200
21,259,234
21,271,402
22,2,154
22,7,441
22,64,197
22,274,43
23,15,306
23,20,318
23,32,4
23,149,270
23,199,547
24,2,195
24,16,20
24,35,569
24,99,544
24,203,43
24,204,577
24,242,16
24,286,132
25,10,598
25,14,240
25,33,52
25,70,282
25,159,309
25,220,72
26,7,227
26,34,256
26,39,543
26,56,465
26,80,125
26,88,392
26,92,97
26,115,578
26,192,257
26,234,257
26,274,262
27,12,206
27,18,70
27,47,548
27,76,223
27,83,13
27,152,392
28,8,265
28,15,319
28,30,282
28,35,400
28,40,444
28,43,18
28,72,296
28,95,276
28,151,329
28,251,151
29,8,305
29,14,128
29,31,354
29,52,547
29,86,420
29,121,388
29,126,131
29,207,277
29,278,427
30,28,282
30,116,456
30,214,245
30,239,7
30,240,84
30,280,560
31,5,144
31,29,354
31,47,19
31,55,148
31,68,436
31,82,275
31,113,346
31,133,492
31,165,441
31,212,99
32,6,245
32,23,4
32,55,485
32,123,168
32,239,508
32,255,290
33,18,577
33,25,52
33,42,425
34,10,314
34,26,256
34,44,27
34,49,370
34,120,600
34,128,281
34,158,377
34,236,89
34,284,529
35,24,569
35,28,400
35,44,63
35,71,517
35,129,56
35,180,296
35,260,19
36,4,274
36,20,203
36,53,444
36,60,176
36,151,432
36,228,53
37,3,156
37,15,336
37,41,399
37,42,101
37,46,324
37,49,37
37,116,446
37,220,284
38,14,512
38,20,333
38,43,308
38,81,90
38,211,196
38,277,478
39,19,541
39,26,543
39,45,74
39,48,240
39,131,115
40,20,337
40,28,444
40,121,113
40,143,141
40,193,117
40,217,299
41,14,369
41,37,399
41,57,460
41,141,133
41,168,186
42,33,425
42,37,101
42,50,383
42,51,497
42,136,260
42,188,158
43,28,18
43,38,308
43,73,80
43,129,272
43,178,1
43,208,442
44,34,27
44,35,63
44,77,196
44,192,222
45,15,137
45,39,74
45,105,192
45,256,205
46,19,203
46,37,324
46,63,424
46,90,364
46,91,430
46,206,348
46,222,388
46,228,467
46,250,30
47,27,548
47,31,19
47,269,78
48,21,290
48,39,240
48,59,248
48,61,250
48,154,460
48,210,175
49,34,370
49,37,37
49,60,140
49,87,503
49,163,166
49,170,4
49,232,392
49,254,336
50,11,113
50,42,383
50,65,247
50,66,230
50,76,590
50,102,424
50,176,433
50,244,534
51,18,553
51,42,497
51,52,136
52,29,547
52,51,136
53,4,417
53,36,444
53,67,281
53,91,10
53,119,75
53,124,322
53,133,153
53,166,454
53,217,219
54,17,251
54,20,123
54,88,524
54,93,394
54,148,147
54,160,364
54,174,455
55,31,148
55,32,485
55,74,57
55,78,321
55,94,174
55,223,597
56,14,56
56,26,465
56,108,276
56,202,404
57,17,541
57,41,460
57,135,480
57,141,210
57,286,346
58,2,437
58,8,299
58,252,289
59,7,470
59,48,248
59,61,369
59,80,194
59,97,488
59,161,270
59,229,88
59,240,395
60,36,176
60,49,140
60,69,587
60,178,310
60,198,401
60,297,540
61,48,250
61,59,369
61,98,1
61,119,343
61,136,51
61,155,402
62,17,104
62,68,588
62,258,66
62,261,556
63,14,186
63,46,424
64,16,420
64,22,197
64,66,72
64,224,403
64,237,314
65,8,200
65,50,247
65,71,550
65,82,294
65,123,93
65,124,259
65,146,482
65,164,263
66,50,230
66,64,72
66,79,532
66,95,384
66,110,395
66,193,453
66,249,142
66,272,338
67,10,128
67,53,281
67,127,22
67,143,383
67,156,300
67,259,516
67,298,227
68,31,436
68,62,588
68,75,258
68,137,201
68,184,100
69,11,114
69,60,587
69,104,71
69,166,528
69,167,536
69,199,430
69,213,179
70,25,282
70,183,28
71,35,517
71,65,550
71,100,279
71,213,204
72,12,196
72,28,296
72,92,163
73,19,336
73,43,80
73,114,275
73,225,544
74,3,399
74,55,57
74,81,92
74,109,152
74,131,450
74,162,46
74,218,312
74,225,13
75,7,522
75,68,258
75,99,425
76,27,223
76,50,590
76,89,380
76,132,579
76,215,37
77,4,367
77,44,196
77,87,221
77,103,102
77,257,589
78,15,499
78,55,321
78,204,249
78,264,25
78,289,483
78,290,237
79,4,280
79,66,532
79,105,427
79,172,593
80,26,125
80,59,194
80,122,85
80,125,402
80,248,266
80,300,46
81,38,90
81,74,92
81,147,252
82,31,275
82,65,294
82,89,514
82,184,368
83,19,577
83,27,13
83,153,382
84,9,473
84,20,123
84,232,3
85,19,71
85,20,597
85,98,355
85,142,589
85,170,320
86,5,53
86,29,420
86,109,228
86,288,439
87,49,503
87,77,221
87,268,27
88,26,392
88,54,524
88,195,290
88,214,137
88,256,40
89,76,380
89,82,514
89,169,163
90,3,556
90,46,364
90,96,78
90,140,173
91,46,430
91,53,10
91,102,581
91,111,373
91,246,187
92,26,97
92,72,163
92,148,152
92,165,2
92,297,53
93,8,254
93,54,394
93,107,51
93,112,596
93,150,146
93,172,543
93,284,63
94,1,54
94,55,174
94,106,330
95,28,276
95,66,384
95,137,422
95,139,77
96,14,197
96,90,78
96,97,587
96,159,529
96,282,105
97,59,488
97,96,587
97,186,350
98,61,1
98,85,355
98,135,478
98,155,594
98,176,482
98,187,358
98,249,224
99,24,544
99,75,425
99,125,196
99,183,374
100,17,55
100,71,279
100,174,258
100,270,332
101,3,151
101,4,529
101,117,337
101,157,592
101,177,367
102,50,424
102,91,581
102,114,104
102,185,160
103,18,6
103,77,102
103,104,285
103,138,549
103,181,348
104,69,71
104,103,285
104,120,2
104,189,22
105,45,192
105,79,427
105,107,41
105,248,379
105,252,516
106,3,434
106,94,330
106,118,425
106,160,226
106,186,92
106,190,233
107,93,51
107,105,41
107,113,412
107,150,325
107,153,353
108,21,469
108,56,276
108,145,356
108,169,386
108,222,447
108,237,363
109,74,152
109,86,228
109,134,265
109,289,496
109,294,122
110,15,600
110,66,395
110,216,79
110,231,278
111,5,198
111,91,373
111,180,225
111,211,487
112,14,67
112,93,596
112,200,338
113,31,346
113,107,412
113,173,498
113,208,78
114,73,275
114,102,104
114,117,362
114,268,64
115,15,114
115,26,578
115,247,86
116,30,456
116,37,446
117,101,337
117,114,362
117,142,593
118,17,271
118,106,425
119,53,75
119,61,343
119,188,255
120,34,600
120,104,2
121,29,388
121,40,113
122,8,579
122,80,85
122,126,182
122,198,140
122,275,306
123,32,168
123,65,93
123,156,276
123,265,198
124,53,322
124,65,259
124,157,463
124,219,506
125,80,402
125,99,196
126,29,131
126,122,182
126,181,293
127,3,242
127,67,22
127,167,394
127,290,116
128,15,175
128,34,281
128,229,552
129,35,56
129,43,272
129,171,33
129,257,278
130,14,523
130,21,240
130,201,574
131,39,115
131,74,450
131,241,494
132,9,123
132,76,579
132,202,298
132,246,393
133,31,492
133,53,153
133,134,527
133,173,307
133,273,3
133,299,254
134,109,265
134,133,527
134,242,435
134,273,420
135,57,480
135,98,478
135,201,503
136,42,260
136,61,51
136,140,346
136,233,498
137,68,201
137,95,422
137,277,107
138,4,7
138,103,549
138,190,168
139,15,432
139,95,77
139,254,592
139,276,535
140,90,173
140,136,346
140,171,416
140,227,334
140,278,34
141,41,133
141,57,210
141,187,103
142,85,589
142,117,593
142,275,119
143,40,141
143,67,383
144,4,594
144,7,534
144,230,123
145,10,293
145,108,356
146,21,79
146,65,482
146,287,185
147,2,216
147,81,252
147,241,583
148,54,147
148,92,152
149,6,71
149,23,270
149,154,280
149,235,598
149,243,161
149,300,150
150,93,146
150,107,325
150,163,581
150,224,350
150,263,467
151,28,329
151,36,432
151,267,455
152,19,50
152,27,392
152,161,50
152,245,500
152,285,356
153,83,382
153,107,353
153,197,496
154,48,460
154,149,280
155,61,402
155,98,594
155,185,354
156,67,300
156,123,276
157,101,592
157,124,463
158,3,551
158,34,377
158,234,265
158,272,583
159,25,309
159,96,529
159,223,595
160,54,364
160,106,226
161,59,270
161,152,50
162,6,79
162,74,46
163,49,166
163,150,581
163,189,43
163,216,169
164,12,232
164,65,263
164,206,106
165,31,441
165,92,2
166,53,454
166,69,528
167,69,536
167,127,394
168,18,434
168,41,186
169,89,163
169,108,386
169,179,376
170,49,4
170,85,320
170,279,599
171,129,33
171,140,416
171,175,178
171,291,179
171,292,62
172,79,593
172,93,543
172,279,372
173,113,498
173,133,307
174,54,455
174,100,258
174,205,434
175,2,244
175,171,178
176,50,433
176,98,482
176,262,38
176,281,434
176,293,235
177,15,438
177,101,367
177,215,121
177,245,115
178,43,1
178,60,310
178,238,351
179,11,263
179,169,376
180,35,296
180,111,225
181,103,348
181,126,293
182,12,23
182,17,411
183,70,28
183,99,374
183,191,598
184,68,100
184,82,368
185,102,160
185,155,354
186,97,350
186,106,92
187,98,358
187,141,103
188,42,158
188,119,255
188,243,56
188,281,437
189,104,22
189,163,43
189,244,503
190,106,233
190,138,168
190,209,298
190,219,397
191,21,200
191,183,598
191,221,22
191,236,132
192,26,257
192,44,222
192,231,299
193,40,117
193,66,453
194,4,159
194,9,114
194,205,210
194,271,138
195,14,104
195,88,290
196,8,222
196,20,357
196,200,376
197,16,29
197,153,496
197,207,70
198,60,401
198,122,140
198,227,221
198,264,502
199,23,547
199,69,430
200,112,338
200,196,376
200,238,88
201,130,574
201,135,503
201,283,541
201,293,225
202,56,404
202,132,298
203,20,316
203,24,43
203,292,371
204,24,577
204,78,249
204,276,258
204,291,145
205,174,434
205,194,210
206,46,348
206,164,106
207,29,277
207,197,70
207,210,322
208,43,442
208,113,78
209,7,546
209,190,298
209,218,593
210,48,175
210,207,322
211,38,196
211,111,487
212,4,535
212,31,99
212,298,95
213,69,179
213,71,204
214,30,245
214,88,137
215,76,37
215,177,121
215,235,457
216,110,79
216,163,169
217,40,299
217,53,219
217,294,532
218,74,312
218,209,593
218,221,224
219,124,506
219,190,397
220,25,72
220,37,284
220,250,196
221,191,22
221,218,224
222,46,388
222,108,447
222,258,589
223,55,597
223,159,595
224,64,403
224,150,350
225,73,544
225,74,13
226,3,536
226,10,103
227,140,334
227,198,221
227,263,449
228,36,53
228,46,467
229,59,88
229,128,552
229,296,402
230,16,579
230,144,123
230,233,358
231,110,278
231,192,299
232,49,392
232,84,3
233,136,498
233,230,358
234,26,257
234,158,265
234,255,146
234,262,491
235,149,598
235,215,457
235,253,390
236,34,89
236,191,132
236,251,220
237,64,314
237,108,363
238,178,351
238,200,88
239,30,7
239,32,508
240,30,84
240,59,395
240,266,535
241,131,494
241,147,583
242,24,16
242,134,435
243,149,161
243,188,56
244,50,534
244,189,503
245,152,500
245,177,115
246,91,187
246,132,393
247,1,390
247,115,86
248,80,266
248,105,379
249,66,142
249,98,224
250,46,30
250,220,196
250,295,360
251,28,151
251,236,220
251,269,211
252,58,289
252,105,516
252,260,197
253,11,221
253,235,390
253,270,132
254,49,336
254,139,592
255,32,290
255,234,146
256,45,205
256,88,40
257,77,589
257,129,278
258,62,66
258,222,589
258,265,501
259,21,234
259,67,516
259,261,313
260,35,19
260,252,197
260,267,497
260,283,478
261,62,556
261,259,313
262,176,38
262,234,491
263,150,467
263,227,449
264,78,25
264,198,502
265,123,198
265,258,501
266,2,249
266,240,535
267,151,455
267,260,497
268,87,27
268,114,64
269,47,78
269,251,211
270,100,332
270,253,132
271,21,402
271,194,138
272,66,338
272,158,583
273,133,3
273,134,420
274,22,43
274,26,262
275,122,306
275,142,119
276,139,535
276,204,258
277,38,478
277,137,107
278,29,427
278,140,34
279,170,599
279,172,372
280,12,301
280,30,560
281,176,434
281,188,437
282,8,133
282,96,105
283,201,541
283,260,478
284,34,529
284,93,63
285,13,56
285,152,356
286,24,132
286,57,346
287,14,361
287,146,185
288,11,580
288,86,439
289,78,483
289,109,496
290,78,237
290,127,116
291,171,179
291,204,145
292,171,62
292,203,371
293,176,235
293,201,225
293,295,281
294,109,122
294,217,532
295,250,360
295,293,281
296,20,273
296,229,402
297,60,540
297,92,53
298,67,227
298,212,95
299,6,246
299,133,254
300,80,46
300,149,150
