source,target,weight
1,2,156
1,3,115
1,4,432
1,6,57
1,8,250
1,10,124
1,11,158
1,13,528
1,14,314
1,18,286
1,19,561
1,23,181
1,24,386
1,25,310
1,26,198
1,27,171
1,28,184
1,30,599
1,31,4
1,33,539
1,36,306
1,37,347
1,38,261
1,40,556
1,41,383
1,42,505
1,44,152
1,45,358
1,46,585
1,48,442
1,49,599
1,51,88
1,52,218
1,53,311
1,54,600
1,57,275
1,59,550
1,60,18
1,62,193
1,65,298
1,66,508
1,67,350
1,68,516
1,69,556
1,70,546
1,75,421
1,76,285
1,78,249
1,80,451
1,81,106
1,82,170
1,84,570
1,86,544
1,88,131
1,89,222
1,90,501
1,92,307
1,93,138
1,95,504
1,96,369
1,98,194
1,99,243
1,101,117
1,110,149
1,111,427
1,112,484
1,115,397
1,118,436
1,126,24
1,128,80
1,129,102
1,131,248
1,133,49
1,136,252
1,140,283
1,141,487
1,145,94
1,146,574
1,147,593
1,148,491
1,155,218
1,157,489
1,162,91
1,163,143
1,166,212
1,171,348
1,177,297
1,179,334
1,181,265
1,182,26
1,183,59
1,185,185
1,197,472
1,203,514
1,205,290
1,208,316
1,209,556
1,213,444
1,214,500
1,224,372
1,226,600
1,227,585
1,230,594
1,232,261
1,240,431
1,241,243
1,246,137
1,253,86
1,256,201
1,258,456
1,261,137
1,262,409
1,263,138
1,264,146
1,276,403
1,283,371
1,287,130
1,292,28
1,294,180
1,295,213
1,298,18
2,1,156
2,3,82
2,4,481
2,5,497
2,7,376
2,10,570
2,12,242
2,14,230
2,15,300
2,16,535
2,17,542
2,18,254
2,19,27
2,20,471
2,21,236
2,23,488
2,24,107
2,25,281
2,26,119
2,28,496
2,29,481
2,30,136
2,31,275
2,32,224
2,33,69
2,35,353
2,36,256
2,37,567
2,39,471
2,40,253
2,42,302
2,43,198
2,45,494
2,46,487
2,47,215
2,48,394
2,50,455
2,52,312
2,54,598
2,55,369
2,56,4
2,57,42
2,59,583
2,61,113
2,62,330
2,64,566
2,67,413
2,68,100
2,69,488
2,70,146
2,72,512
2,74,88
2,76,530
2,78,230
2,79,353
2,80,264
2,83,374
2,84,513
2,85,195
2,86,382
2,87,582
2,88,417
2,90,482
2,91,240
2,97,535
2,100,211
2,101,120
2,102,108
2,104,46
2,108,310
2,112,325
2,114,253
2,115,428
2,117,473
2,120,154
2,121,441
2,123,396
2,143,572
2,156,301
2,161,355
2,162,311
2,181,363
2,182,423
2,183,452
2,198,193
2,199,18
2,200,161
2,202,596
2,206,308
2,212,428
2,214,375
2,215,597
2,224,183
2,229,323
2,230,222
2,231,363
2,238,414
2,241,8
2,243,598
2,246,220
2,271,469
2,278,355
2,288,356
2,290,302
2,293,283
3,1,115
3,2,82
3,4,110
3,5,254
3,6,220
3,7,107
3,8,380
3,9,525
3,10,483
3,11,198
3,12,580
3,14,526
3,15,193
3,16,461
3,17,588
3,20,80
3,21,7
3,22,228
3,23,592
3,24,466
3,25,308
3,26,118
3,27,467
3,28,159
3,30,157
3,33,47
3,34,118
3,35,228
3,36,560
3,37,423
3,39,580
3,41,42
3,46,594
3,47,395
3,49,68
3,50,294
3,52,503
3,53,35
3,54,191
3,56,558
3,57,572
3,58,514
3,61,247
3,62,214
3,63,329
3,64,119
3,68,146
3,69,576
3,70,175
3,71,592
3,74,82
3,77,483
3,78,130
3,79,339
3,80,273
3,83,496
3,85,102
3,86,490
3,88,169
3,90,72
3,93,414
3,94,339
3,98,441
3,100,269
3,101,465
3,102,208
3,105,147
3,107,163
3,108,15
3,116,200
3,117,217
3,118,140
3,119,398
3,121,536
3,123,326
3,125,34
3,127,308
3,131,510
3,136,209
3,139,21
3,141,432
3,149,64
3,158,473
3,163,245
3,164,511
3,168,53
3,184,499
3,195,166
3,199,154
3,202,469
3,207,452
3,223,575
3,225,455
3,228,399
3,229,11
3,231,353
3,237,15
3,250,243
3,267,419
3,276,554
3,284,556
3,289,286
3,293,441
3,295,538
3,299,469
3,300,203
4,1,432
4,2,481
4,3,110
4,6,126
4,7,316
4,8,532
4,9,548
4,13,230
4,14,227
4,21,599
4,22,433
4,23,426
4,25,90
4,28,298
4,29,83
4,30,262
4,31,197
4,32,544
4,33,93
4,34,577
4,35,476
4,36,8
4,38,400
4,41,316
4,42,600
4,43,69
4,46,4
4,48,492
4,50,507
4,51,12
4,52,558
4,53,336
4,56,302
4,57,378
4,60,207
4,61,71
4,62,354
4,64,145
4,67,156
4,70,378
4,71,462
4,74,389
4,81,532
4,82,358
4,84,211
4,86,432
4,88,184
4,89,474
4,98,16
4,101,42
4,110,37
4,114,426
4,115,153
4,116,253
4,119,581
4,122,496
4,125,599
4,126,49
4,129,515
4,130,47
4,132,256
4,136,425
4,137,485
4,140,300
4,143,69
4,148,531
4,153,102
4,160,194
4,161,251
4,166,348
4,190,378
4,197,25
4,212,517
4,214,221
4,217,255
4,220,550
4,221,38
4,226,201
4,231,248
4,242,353
4,246,598
4,247,432
4,250,573
4,253,562
4,255,294
4,260,293
4,270,300
4,276,518
4,278,217
4,285,31
4,287,366
5,2,497
5,3,254
5,6,161
5,8,49
5,9,54
5,10,247
5,11,545
5,13,289
5,14,470
5,15,173
5,16,339
5,17,470
5,18,183
5,19,69
5,20,64
5,22,27
5,23,130
5,24,452
5,25,433
5,26,454
5,28,521
5,29,439
5,32,428
5,34,517
5,35,198
5,36,314
5,38,314
5,39,491
5,41,22
5,42,406
5,43,97
5,45,389
5,46,337
5,47,110
5,48,188
5,51,154
5,52,263
5,53,182
5,54,509
5,55,477
5,59,90
5,61,24
5,64,36
5,65,236
5,66,388
5,71,253
5,73,214
5,74,312
5,75,252
5,76,456
5,77,55
5,78,431
5,79,76
5,85,298
5,86,453
5,89,524
5,90,378
5,92,44
5,93,2
5,95,456
5,96,28
5,97,54
5,98,258
5,105,246
5,107,173
5,110,464
5,112,138
5,114,186
5,116,140
5,117,249
5,121,49
5,123,443
5,126,48
5,127,541
5,128,179
5,132,362
5,136,46
5,138,491
5,139,279
5,140,230
5,143,298
5,149,152
5,157,562
5,161,69
5,162,178
5,170,49
5,176,290
5,179,280
5,185,291
5,191,103
5,202,213
5,203,251
5,205,276
5,208,521
5,214,104
5,229,520
5,242,53
5,258,77
5,264,202
5,283,231
5,289,551
5,292,470
5,295,226
5,300,467
6,1,57
6,3,220
6,4,126
6,5,161
6,7,286
6,8,338
6,9,326
6,10,530
6,11,137
6,12,93
6,13,488
6,14,400
6,16,250
6,18,473
6,20,300
6,21,340
6,23,453
6,24,561
6,25,360
6,26,34
6,27,543
6,29,270
6,31,259
6,32,539
6,33,184
6,34,45
6,35,82
6,36,127
6,38,579
6,39,315
6,40,41
6,42,106
6,45,514
6,46,349
6,48,489
6,50,213
6,52,221
6,56,122
6,57,98
6,59,228
6,60,324
6,64,303
6,65,287
6,66,573
6,67,193
6,69,556
6,71,446
6,77,335
6,78,223
6,79,437
6,81,225
6,83,308
6,85,502
6,87,412
6,90,105
6,91,417
6,93,212
6,96,430
6,97,507
6,98,70
6,99,150
6,102,598
6,103,266
6,105,171
6,112,278
6,120,517
6,124,268
6,126,301
6,135,60
6,137,285
6,141,228
6,142,281
6,147,445
6,148,176
6,149,249
6,150,256
6,156,131
6,157,190
6,160,511
6,161,391
6,162,344
6,164,193
6,165,358
6,171,459
6,177,116
6,180,83
6,181,30
6,185,128
6,190,250
6,192,292
6,193,18
6,198,416
6,199,406
6,200,308
6,202,505
6,203,465
6,206,195
6,212,328
6,213,358
6,214,568
6,216,323
6,220,563
6,225,313
6,231,83
6,238,347
6,241,218
6,242,124
6,253,273
6,254,200
6,268,482
6,271,280
6,273,61
6,280,334
6,282,381
6,283,259
6,294,516
7,2,376
7,3,107
7,4,316
7,6,286
7,10,36
7,12,144
7,13,14
7,15,146
7,16,88
7,17,175
7,18,495
7,21,203
7,22,347
7,24,376
7,25,264
7,26,425
7,27,118
7,28,5
7,29,293
7,30,452
7,31,264
7,32,449
7,33,191
7,34,50
7,36,368
7,37,315
7,38,78
7,40,237
7,41,320
7,42,317
7,43,537
7,45,98
7,48,146
7,49,348
7,50,389
7,51,583
7,52,430
7,53,114
7,58,492
7,65,161
7,68,280
7,69,292
7,70,420
7,72,13
7,73,405
7,74,73
7,75,334
7,76,557
7,77,30
7,78,142
7,79,349
7,83,168
7,87,193
7,88,14
7,89,567
7,92,297
7,93,314
7,94,445
7,95,286
7,97,498
7,98,202
7,99,181
7,101,521
7,103,582
7,105,428
7,109,353
7,110,89
7,115,320
7,117,362
7,118,460
7,120,267
7,123,489
7,130,370
7,132,489
7,133,276
7,137,164
7,140,316
7,142,291
7,145,186
7,148,314
7,149,598
7,152,431
7,158,445
7,168,120
7,176,129
7,179,198
7,183,591
7,189,409
7,203,586
7,205,16
7,207,148
7,208,18
7,211,583
7,212,180
7,218,8
7,219,306
7,223,116
7,225,521
7,228,90
7,232,344
7,243,15
7,245,115
7,248,509
7,254,126
7,261,454
7,280,123
7,290,209
8,1,250
8,3,380
8,4,532
8,5,49
8,6,338
8,10,125
8,11,340
8,12,351
8,13,546
8,14,589
8,15,596
8,17,23
8,19,517
8,20,279
8,21,122
8,23,237
8,25,490
8,26,77
8,27,443
8,28,473
8,29,528
8,30,317
8,33,299
8,37,419
8,38,172
8,39,398
8,42,168
8,43,407
8,44,168
8,45,508
8,46,493
8,47,443
8,48,259
8,49,510
8,52,274
8,53,362
8,54,197
8,55,229
8,57,76
8,61,260
8,62,290
8,63,120
8,64,460
8,65,360
8,66,345
8,67,506
8,68,424
8,70,441
8,72,44
8,75,421
8,77,9
8,78,586
8,79,162
8,80,128
8,81,73
8,82,509
8,84,401
8,85,561
8,88,323
8,94,213
8,95,20
8,97,539
8,100,485
8,101,559
8,102,200
8,103,159
8,108,581
8,109,392
8,111,433
8,112,170
8,116,502
8,122,320
8,130,258
8,131,268
8,135,376
8,136,102
8,137,86
8,138,292
8,140,383
8,141,520
8,142,115
8,144,589
8,147,50
8,152,62
8,156,370
8,162,188
8,171,48
8,172,100
8,173,485
8,177,41
8,179,305
8,181,562
8,187,404
8,189,174
8,195,326
8,201,543
8,213,465
8,215,569
8,229,155
8,234,426
8,241,531
8,254,353
8,268,120
8,269,193
8,271,373
8,274,558
8,281,374
8,287,155
8,295,273
9,3,525
9,4,548
9,5,54
9,6,326
9,11,497
9,12,219
9,13,210
9,14,262
9,15,378
9,16,107
9,19,141
9,20,544
9,22,431
9,23,10
9,25,28
9,26,27
9,28,563
9,29,368
9,30,47
9,32,598
9,33,37
9,35,574
9,36,42
9,37,59
9,39,331
9,40,293
9,41,152
9,42,305
9,44,457
9,45,272
9,46,182
9,47,475
9,48,347
9,49,409
9,55,77
9,56,263
9,57,7
9,58,107
9,60,49
9,61,396
9,68,546
9,70,244
9,71,247
9,72,388
9,77,197
9,78,222
9,79,237
9,80,39
9,82,431
9,83,51
9,85,380
9,89,410
9,90,418
9,92,538
9,93,128
9,97,530
9,98,542
9,99,156
9,100,462
9,102,597
9,103,94
9,105,2
9,108,490
9,109,511
9,110,269
9,111,139
9,118,112
9,119,539
9,121,47
9,123,389
9,124,236
9,125,103
9,130,484
9,132,447
9,134,206
9,135,370
9,136,73
9,137,5
9,140,482
9,141,245
9,142,291
9,144,349
9,147,534
9,156,79
9,158,358
9,169,559
9,183,110
9,190,348
9,191,344
9,194,307
9,195,597
9,200,539
9,204,385
9,218,65
9,222,83
9,230,283
9,232,397
9,241,508
9,248,208
9,250,401
9,259,381
9,261,137
9,277,313
9,281,112
9,283,96
9,294,219
10,1,124
10,2,570
10,3,483
10,5,247
10,6,530
10,7,36
10,8,125
10,11,6
10,14,140
10,15,157
10,16,447
10,17,237
10,18,328
10,21,76
10,23,422
10,24,586
10,25,123
10,28,199
10,30,142
10,32,534
10,33,102
10,35,448
10,37,10
10,38,1
10,39,296
10,40,264
10,41,557
10,43,301
10,44,177
10,45,58
10,46,458
10,48,331
10,49,421
10,50,259
10,51,484
10,54,329
10,55,581
10,58,507
10,59,208
10,61,488
10,62,368
10,63,177
10,64,328
10,66,76
10,67,220
10,71,38
10,72,365
10,74,487
10,75,43
10,78,119
10,81,122
10,84,422
10,86,141
10,87,41
10,88,500
10,90,138
10,91,139
10,94,455
10,97,533
10,100,96
10,102,109
10,105,294
10,106,254
10,117,355
10,118,355
10,121,160
10,131,347
10,132,429
10,135,466
10,138,355
10,140,494
10,142,167
10,143,587
10,149,557
10,150,12
10,151,233
10,152,225
10,153,464
10,158,362
10,159,14
10,168,317
10,169,418
10,171,207
10,176,304
10,179,440
10,182,534
10,184,91
10,187,51
10,188,385
10,189,335
10,190,261
10,203,132
10,215,97
10,222,93
10,224,211
10,230,313
10,231,395
10,236,261
10,247,462
10,249,411
10,255,447
10,263,191
10,274,488
10,283,234
10,286,441
11,1,158
11,3,198
11,5,545
11,6,137
11,8,340
11,9,497
11,10,6
11,12,407
11,13,222
11,16,239
11,17,405
11,19,261
11,20,244
11,21,77
11,22,8
11,25,19
11,26,334
11,27,379
11,29,20
11,30,41
11,31,49
11,34,577
11,35,97
11,36,192
11,37,399
11,38,317
11,39,226
11,40,431
11,41,415
11,43,404
11,46,317
11,48,176
11,50,238
11,51,176
11,53,474
11,54,33
11,55,205
11,56,335
11,57,112
11,59,33
11,60,560
11,62,42
11,64,2
11,65,105
11,66,335
11,67,328
11,72,207
11,73,247
11,74,523
11,75,319
11,76,51
11,80,358
11,85,376
11,86,41
11,87,251
11,92,512
11,102,514
11,107,579
11,111,543
11,113,521
11,118,229
11,120,253
11,130,289
11,132,152
11,136,440
11,140,240
11,148,176
11,158,131
11,160,185
11,167,516
11,170,349
11,174,567
11,182,177
11,191,599
11,196,178
11,198,53
11,202,187
11,205,600
11,210,589
11,212,366
11,213,23
11,214,168
11,215,600
11,216,289
11,235,205
11,243,28
11,247,96
11,251,41
11,256,267
11,263,218
11,265,456
11,271,17
11,274,199
11,281,114
11,287,577
11,290,268
12,2,242
12,3,580
12,6,93
12,7,144
12,8,351
12,9,219
12,11,407
12,13,41
12,14,334
12,15,319
12,17,378
12,18,229
12,19,272
12,21,98
12,22,524
12,23,466
12,24,432
12,27,348
12,28,331
12,29,141
12,31,453
12,35,456
12,36,116
12,37,41
12,38,165
12,39,376
12,40,328
12,41,553
12,42,296
12,44,463
12,45,317
12,46,528
12,48,449
12,53,74
12,54,183
12,55,234
12,56,102
12,59,434
12,62,548
12,65,245
12,67,434
12,69,584
12,70,197
12,71,483
12,73,147
12,75,343
12,79,90
12,80,93
12,82,541
12,83,565
12,86,126
12,89,266
12,90,14
12,92,139
12,98,352
12,99,454
12,101,140
12,105,108
12,107,158
12,114,583
12,118,37
12,119,218
12,121,519
12,123,575
12,125,139
12,127,559
12,130,404
12,135,552
12,137,8
12,138,573
12,144,265
12,147,337
12,148,496
12,152,173
12,160,539
12,164,360
12,173,499
12,179,215
12,181,516
12,184,193
12,185,391
12,187,146
12,192,151
12,193,236
12,207,117
12,208,49
12,211,587
12,216,62
12,217,222
12,220,180
12,222,111
12,226,219
12,249,399
12,254,294
12,261,214
12,264,470
12,266,379
12,276,44
12,279,387
12,282,362
12,292,534
12,294,184
12,295,297
12,297,281
12,298,538
13,1,528
13,4,230
13,5,289
13,6,488
13,7,14
13,8,546
13,9,210
13,11,222
13,12,41
13,14,26
13,15,122
13,16,74
13,19,532
13,21,427
13,24,389
13,25,566
13,27,384
13,29,443
13,30,320
13,31,374
13,32,304
13,36,54
13,38,564
13,40,233
13,42,358
13,43,465
13,44,200
13,45,301
13,47,530
13,48,288
13,49,1
13,51,90
13,52,318
13,55,313
13,56,266
13,58,287
13,59,372
13,61,501
13,63,264
13,64,167
13,65,441
13,69,522
13,70,168
13,72,554
13,75,32
13,76,222
13,77,385
13,79,51
13,84,265
13,86,359
13,87,496
13,88,224
13,91,123
13,93,168
13,100,48
13,101,431
13,102,504
13,104,415
13,105,186
13,106,559
13,107,592
13,111,517
13,113,206
13,114,350
13,120,159
13,124,436
13,126,359
13,129,56
13,131,470
13,136,6
13,138,529
13,139,470
13,142,211
13,151,362
13,155,238
13,161,462
13,163,503
13,164,245
13,165,116
13,170,328
13,171,429
13,183,55
13,185,61
13,197,360
13,200,537
13,202,156
13,216,469
13,219,497
13,224,56
13,231,167
13,232,261
13,233,475
13,236,554
13,246,157
13,248,28
13,254,41
13,260,144
13,263,360
13,264,202
13,267,471
13,277,520
13,286,598
14,1,314
14,2,230
14,3,526
14,4,227
14,5,470
14,6,400
14,8,589
14,9,262
14,10,140
14,12,334
14,13,26
14,16,325
14,17,73
14,18,39
14,19,181
14,22,484
14,23,282
14,27,171
14,29,114
14,30,144
14,31,475
14,35,351
14,36,458
14,38,277
14,39,484
14,42,33
14,43,382
14,44,489
14,45,58
14,46,9
14,47,273
14,48,388
14,49,328
14,50,141
14,52,173
14,54,312
14,55,478
14,58,445
14,59,77
14,60,290
14,61,435
14,65,56
14,68,533
14,69,85
14,70,114
14,73,132
14,74,458
14,75,13
14,77,273
14,78,197
14,80,365
14,83,520
14,84,529
14,90,366
14,91,16
14,94,86
14,95,215
14,99,530
14,102,364
14,107,219
14,109,239
14,111,63
14,124,114
14,127,474
14,130,25
14,135,89
14,138,289
14,140,369
14,144,487
14,150,596
14,155,140
14,157,240
14,158,302
14,162,566
14,169,187
14,170,506
14,185,15
14,186,304
14,189,128
14,196,71
14,198,139
14,206,97
14,208,421
14,218,285
14,221,356
14,228,322
14,244,386
14,245,54
14,246,438
14,248,342
14,251,139
14,258,6
14,276,74
14,280,403
14,282,51
14,295,541
14,296,338
15,2,300
15,3,193
15,5,173
15,7,146
15,8,596
15,9,378
15,10,157
15,12,319
15,13,122
15,16,484
15,18,296
15,20,384
15,22,413
15,23,402
15,25,95
15,28,540
15,29,446
15,31,246
15,32,578
15,33,298
15,36,137
15,38,543
15,39,81
15,40,176
15,41,59
15,42,449
15,43,130
15,45,522
15,46,63
15,47,36
15,48,320
15,49,172
15,52,171
15,53,576
15,56,279
15,59,309
15,60,214
15,62,46
15,67,144
15,74,431
15,76,82
15,77,33
15,80,331
15,81,342
15,82,483
15,86,300
15,87,253
15,89,402
15,93,512
15,94,566
15,95,529
15,98,112
15,99,3
15,100,484
15,101,253
15,102,516
15,106,232
15,113,390
15,121,555
15,123,1
15,126,10
15,130,556
15,132,468
15,140,6
15,154,133
15,156,152
15,157,239
15,166,553
15,170,456
15,171,131
15,172,39
15,174,227
15,176,285
15,191,63
15,201,503
15,204,267
15,209,431
15,212,246
15,223,429
15,224,109
15,234,142
15,245,401
15,251,575
15,264,190
15,268,166
15,269,110
15,271,445
15,274,241
15,277,551
15,284,548
15,285,417
15,287,491
15,289,37
15,294,322
15,297,120
16,2,535
16,3,461
16,5,339
16,6,250
16,7,88
16,9,107
16,10,447
16,11,239
16,13,74
16,14,325
16,15,484
16,20,7
16,21,221
16,23,2
16,24,525
16,26,298
16,28,283
16,29,105
16,31,435
16,33,445
16,34,385
16,36,566
16,37,266
16,39,241
16,41,106
16,42,333
16,44,239
16,46,52
16,47,564
16,48,370
16,52,547
16,55,87
16,56,445
16,57,76
16,59,458
16,61,237
16,63,191
16,67,540
16,69,419
16,71,18
16,72,34
16,73,90
16,74,95
16,75,314
16,76,486
16,79,2
16,80,327
16,81,229
16,82,418
16,87,571
16,88,521
16,92,97
16,93,260
16,94,285
16,98,110
16,101,326
16,102,447
16,103,285
16,104,110
16,107,24
16,109,407
16,110,196
16,112,76
16,116,257
16,120,580
16,121,252
16,127,316
16,132,525
16,133,514
16,136,130
16,139,471
16,140,377
16,146,359
16,152,381
16,154,439
16,161,183
16,163,441
16,173,258
16,175,17
16,180,501
16,181,524
16,183,290
16,185,451
16,194,34
16,196,2
16,197,278
16,198,555
16,210,21
16,211,421
16,214,380
16,218,98
16,219,227
16,221,562
16,231,393
16,238,593
16,240,302
16,242,515
16,247,521
16,249,507
16,252,516
16,257,83
16,261,439
16,263,98
16,287,145
16,290,572
16,292,170
16,293,514
16,299,6
17,2,542
17,3,588
17,5,470
17,7,175
17,8,23
17,10,237
17,11,405
17,12,378
17,14,73
17,18,347
17,20,325
17,21,219
17,22,281
17,26,55
17,29,397
17,30,154
17,31,477
17,32,451
17,33,273
17,35,303
17,37,56
17,38,514
17,39,18
17,40,175
17,43,588
17,45,574
17,46,245
17,49,584
17,50,442
17,53,290
17,55,118
17,56,574
17,57,270
17,59,31
17,63,389
17,64,345
17,65,361
17,68,206
17,70,487
17,72,270
17,76,62
17,79,40
17,84,394
17,85,455
17,86,357
17,87,168
17,94,151
17,96,333
17,97,82
17,100,389
17,101,459
17,104,318
17,113,496
17,114,3
17,115,578
17,116,486
17,120,48
17,128,552
17,130,564
17,137,313
17,148,545
17,150,288
17,154,16
17,156,217
17,158,145
17,164,55
17,170,21
17,175,275
17,178,69
17,192,407
17,197,107
17,198,542
17,204,85
17,205,546
17,207,235
17,208,277
17,210,209
17,213,61
17,225,90
17,230,51
17,239,366
17,246,407
17,250,96
17,253,59
17,254,39
17,258,184
17,263,10
17,270,48
17,282,112
17,287,322
17,292,304
18,1,286
18,2,254
18,5,183
18,6,473
18,7,495
18,10,328
18,12,229
18,14,39
18,15,296
18,17,347
18,19,284
18,20,297
18,21,305
18,22,88
18,23,36
18,25,450
18,27,63
18,28,51
18,31,55
18,34,560
18,36,316
18,37,461
18,39,314
18,40,541
18,42,473
18,43,319
18,44,558
18,46,10
18,47,295
18,49,280
18,50,225
18,52,49
18,53,404
18,55,50
18,57,370
18,58,431
18,59,80
18,60,135
18,61,487
18,65,488
18,70,196
18,72,166
18,78,261
18,79,407
18,81,212
18,82,367
18,84,597
18,86,507
18,89,59
18,91,122
18,92,319
18,95,341
18,96,90
18,104,6
18,112,388
18,117,490
18,119,257
18,123,582
18,124,393
18,125,251
18,130,287
18,132,600
18,136,415
18,138,576
18,141,281
18,142,399
18,143,555
18,146,486
18,153,584
18,154,408
18,164,363
18,165,100
18,166,55
18,169,155
18,170,544
18,172,120
18,176,299
18,177,56
18,179,595
18,182,370
18,186,482
18,188,195
18,189,234
18,190,534
18,193,161
18,198,266
18,199,75
18,203,404
18,206,310
18,209,163
18,223,339
18,229,525
18,234,307
18,246,116
18,254,127
18,257,204
18,259,99
18,260,274
18,270,399
18,271,251
18,286,104
18,289,90
18,291,5
18,295,268
19,1,561
19,2,27
19,5,69
19,8,517
19,9,141
19,11,261
19,12,272
19,13,532
19,14,181
19,18,284
19,22,372
19,24,90
19,25,296
19,27,479
19,28,430
19,30,155
19,31,44
19,32,197
19,33,175
19,34,45
19,35,311
19,36,505
19,39,34
19,40,424
19,44,369
19,46,8
19,47,279
19,50,476
19,51,318
19,53,297
19,55,510
19,56,190
19,57,98
19,58,316
19,60,297
19,64,567
19,65,234
19,68,349
19,70,149
19,71,511
19,73,204
19,74,15
19,75,301
19,79,66
19,81,431
19,84,330
19,87,364
19,94,376
19,96,145
19,97,483
19,98,223
19,99,543
19,102,497
19,105,464
19,107,351
19,109,484
19,110,358
19,112,146
19,115,482
19,120,34
19,121,112
19,122,583
19,124,296
19,133,151
19,134,356
19,135,380
19,136,414
19,138,533
19,142,581
19,146,535
19,147,321
19,148,272
19,150,46
19,151,362
19,157,72
19,166,318
19,167,328
19,172,290
19,176,188
19,182,539
19,186,325
19,190,131
19,192,92
19,199,143
19,205,301
19,214,504
19,215,155
19,216,141
19,225,308
19,227,276
19,232,313
19,242,83
19,250,13
19,255,540
19,270,97
19,275,324
19,280,224
19,290,461
19,300,132
20,2,471
20,3,80
20,5,64
20,6,300
20,8,279
20,9,544
20,11,244
20,15,384
20,16,7
20,17,325
20,18,297
20,21,589
20,23,396
20,27,420
20,29,251
20,30,152
20,31,330
20,32,541
20,33,145
20,34,99
20,35,199
20,37,346
20,38,323
20,41,130
20,42,243
20,43,111
20,44,460
20,45,378
20,47,45
20,48,380
20,50,299
20,51,47
20,53,120
20,54,198
20,55,144
20,56,190
20,58,583
20,61,482
20,62,283
20,63,229
20,65,517
20,66,526
20,67,256
20,71,289
20,72,538
20,73,207
20,74,584
20,75,2
20,81,600
20,82,129
20,83,457
20,84,108
20,86,255
20,87,206
20,93,390
20,94,141
20,96,377
20,97,36
20,98,251
20,103,14
20,108,329
20,109,243
20,113,409
20,118,204
20,119,365
20,120,255
20,129,493
20,131,290
20,132,239
20,133,419
20,139,400
20,142,66
20,144,147
20,145,68
20,146,536
20,149,287
20,150,326
20,151,24
20,152,67
20,153,35
20,156,577
20,157,349
20,159,51
20,165,216
20,166,57
20,168,572
20,174,537
20,178,229
20,179,380
20,183,90
20,187,251
20,193,393
20,194,56
20,196,171
20,197,482
20,200,587
20,201,108
20,216,531
20,217,289
20,220,95
20,223,397
20,227,425
20,228,484
20,230,70
20,233,85
20,241,179
20,254,305
20,262,38
20,264,205
20,268,136
20,276,310
20,279,370
20,289,510
20,291,495
20,294,131
20,296,221
21,2,236
21,3,7
21,4,599
21,6,340
21,7,203
21,8,122
21,10,76
21,11,77
21,12,98
21,13,427
21,16,221
21,17,219
21,18,305
21,20,589
21,22,377
21,24,281
21,26,29
21,27,197
21,28,127
21,29,254
21,30,450
21,31,432
21,32,359
21,33,428
21,35,422
21,36,363
21,37,348
21,38,272
21,39,72
21,41,555
21,43,58
21,44,529
21,45,540
21,48,1
21,49,10
21,50,149
21,55,9
21,56,436
21,58,124
21,63,54
21,64,523
21,68,51
21,70,300
21,71,150
21,72,220
21,73,438
21,74,62
21,77,112
21,78,288
21,81,526
21,84,431
21,85,154
21,89,432
21,92,223
21,94,211
21,95,536
21,96,270
21,100,577
21,106,313
21,118,599
21,122,240
21,124,509
21,125,175
21,127,7
21,136,319
21,139,212
21,141,421
21,145,5
21,156,536
21,157,120
21,159,548
21,166,347
21,168,405
21,170,160
21,176,62
21,177,403
21,178,314
21,180,58
21,188,254
21,195,322
21,200,50
21,210,457
21,212,473
21,213,318
21,226,140
21,229,235
21,231,286
21,240,546
21,247,337
21,248,525
21,251,68
21,259,488
21,260,458
21,262,372
21,263,510
21,285,24
21,286,237
21,289,564
21,300,509
22,3,228
22,4,433
22,5,27
22,7,347
22,9,431
22,11,8
22,12,524
22,14,484
22,15,413
22,17,281
22,18,88
22,19,372
22,21,377
22,24,126
22,25,231
22,26,383
22,29,267
22,32,513
22,33,215
22,34,561
22,35,585
22,36,342
22,39,77
22,41,457
22,42,458
22,43,390
22,44,306
22,45,60
22,47,69
22,48,157
22,50,288
22,51,530
22,52,99
22,56,372
22,57,272
22,59,271
22,60,38
22,64,155
22,66,4
22,67,470
22,70,8
22,71,509
22,72,494
22,73,36
22,75,560
22,76,470
22,77,494
22,78,104
22,83,556
22,85,234
22,86,221
22,87,322
22,92,190
22,93,62
22,95,300
22,96,393
22,97,74
22,100,486
22,101,196
22,103,541
22,105,302
22,106,178
22,111,529
22,112,564
22,116,499
22,122,339
22,123,368
22,124,440
22,126,496
22,127,469
22,128,490
22,129,340
22,135,319
22,148,120
22,150,335
22,151,393
22,158,350
22,162,497
22,164,91
22,165,545
22,169,407
22,175,483
22,178,353
22,181,432
22,183,314
22,187,81
22,188,328
22,192,67
22,193,68
22,194,256
22,204,584
22,207,277
22,219,537
22,221,530
22,225,304
22,227,546
22,233,319
22,235,517
22,238,93
22,256,270
22,260,270
22,272,130
22,284,381
22,285,595
22,297,73
23,1,181
23,2,488
23,3,592
23,4,426
23,5,130
23,6,453
23,8,237
23,9,10
23,10,422
23,12,466
23,14,282
23,15,402
23,16,2
23,18,36
23,20,396
23,24,85
23,28,308
23,30,272
23,31,274
23,33,596
23,34,348
23,40,513
23,41,455
23,42,347
23,47,64
23,48,497
23,50,246
23,52,568
23,53,314
23,54,45
23,58,481
23,59,218
23,63,130
23,64,237
23,66,65
23,67,506
23,68,46
23,69,78
23,70,235
23,71,160
23,72,159
23,75,172
23,76,270
23,77,420
23,79,178
23,82,108
23,87,291
23,88,135
23,89,176
23,91,459
23,94,343
23,96,452
23,97,309
23,98,431
23,102,67
23,104,206
23,108,576
23,111,215
23,112,124
23,115,1
23,117,398
23,123,572
23,128,273
23,130,337
23,131,70
23,132,44
23,134,40
23,140,302
23,144,71
23,148,293
23,159,408
23,161,359
23,169,312
23,175,280
23,178,143
23,180,525
23,182,328
23,187,433
23,191,95
23,192,228
23,201,589
23,204,579
23,207,567
23,212,210
23,215,149
23,218,285
23,220,128
23,223,132
23,229,21
23,232,172
23,239,202
23,255,30
23,256,305
23,258,349
23,260,45
23,266,263
23,270,385
23,281,331
23,290,16
23,291,135
23,292,24
24,1,386
24,2,107
24,3,466
24,5,452
24,6,561
24,7,376
24,10,586
24,12,432
24,13,389
24,16,525
24,19,90
24,21,281
24,22,126
24,23,85
24,25,68
24,26,572
24,28,466
24,29,125
24,32,569
24,34,401
24,36,439
24,38,220
24,39,255
24,41,330
24,42,87
24,43,170
24,44,542
24,45,473
24,47,175
24,48,335
24,50,224
24,51,173
24,52,517
24,53,119
24,56,365
24,57,112
24,58,504
24,59,253
24,60,269
24,61,309
24,64,110
24,65,307
24,66,140
24,67,317
24,70,510
24,71,552
24,72,290
24,76,513
24,78,281
24,82,137
24,83,280
24,89,589
24,91,190
24,93,81
24,94,236
24,100,539
24,102,303
24,103,173
24,104,539
24,105,284
24,106,458
24,108,352
24,110,200
24,114,365
24,115,216
24,118,310
24,119,192
24,125,562
24,128,404
24,130,511
24,131,414
24,135,233
24,138,567
24,140,214
24,142,365
24,144,268
24,146,588
24,155,364
24,156,217
24,158,144
24,163,561
24,166,222
24,168,84
24,175,479
24,178,418
24,189,514
24,192,159
24,195,218
24,200,403
24,221,180
24,226,575
24,228,125
24,231,234
24,233,269
24,240,215
24,242,429
24,256,518
24,259,512
24,267,195
24,272,85
24,281,406
24,285,27
25,1,310
25,2,281
25,3,308
25,4,90
25,5,433
25,6,360
25,7,264
25,8,490
25,9,28
25,10,123
25,11,19
25,13,566
25,15,95
25,18,450
25,19,296
25,22,231
25,24,68
25,26,256
25,27,436
25,29,54
25,31,406
25,32,358
25,33,46
25,34,403
25,35,458
25,36,406
25,38,207
25,39,431
25,41,65
25,42,320
25,47,431
25,49,451
25,50,11
25,52,508
25,53,343
25,54,598
25,55,540
25,56,235
25,58,143
25,59,597
25,61,37
25,62,565
25,67,598
25,68,265
25,69,25
25,70,172
25,72,547
25,73,38
25,75,4
25,78,160
25,79,66
25,80,292
25,81,564
25,82,267
25,83,243
25,84,226
25,91,569
25,93,237
25,96,326
25,98,262
25,99,14
25,100,26
25,101,152
25,105,234
25,106,220
25,107,145
25,109,524
25,111,170
25,112,48
25,114,228
25,115,187
25,116,591
25,122,375
25,123,157
25,127,223
25,128,594
25,129,360
25,131,57
25,135,224
25,137,26
25,146,262
25,158,436
25,166,509
25,172,10
25,175,460
25,177,277
25,186,142
25,188,107
25,193,251
25,196,292
25,198,261
25,199,129
25,200,252
25,202,445
25,203,27
25,205,174
25,211,124
25,212,542
25,213,322
25,221,311
25,222,162
25,223,568
25,230,18
25,232,327
25,236,49
25,257,449
25,265,223
25,267,134
25,276,570
25,283,589
25,289,314
26,1,198
26,2,119
26,3,118
26,5,454
26,6,34
26,7,425
26,8,77
26,9,27
26,11,334
26,16,298
26,17,55
26,21,29
26,22,383
26,24,572
26,25,256
26,27,280
26,28,505
26,29,110
26,30,235
26,31,176
26,34,368
26,35,511
26,36,287
26,37,481
26,38,176
26,39,93
26,40,35
26,42,258
26,45,388
26,49,268
26,50,215
26,52,459
26,53,416
26,54,373
26,58,120
26,59,214
26,60,454
26,62,393
26,63,98
26,64,321
26,66,427
26,67,302
26,68,243
26,69,55
26,70,79
26,76,487
26,78,399
26,82,22
26,84,355
26,85,34
26,86,529
26,87,37
26,88,83
26,89,166
26,90,140
26,96,32
26,97,416
26,100,38
26,102,229
26,107,532
26,108,126
26,111,22
26,113,99
26,115,242
26,121,348
26,123,11
26,126,132
26,136,47
26,142,18
26,145,255
26,149,353
26,150,425
26,154,300
26,162,225
26,163,192
26,164,205
26,166,417
26,169,54
26,171,356
26,173,247
26,178,544
26,186,272
26,192,216
26,209,94
26,227,394
26,228,42
26,236,240
26,246,30
26,247,162
26,253,417
26,259,494
26,261,393
26,274,29
26,279,89
26,280,127
26,285,516
26,287,32
26,289,545
27,1,171
27,3,467
27,6,543
27,7,118
27,8,443
27,11,379
27,12,348
27,13,384
27,14,171
27,18,63
27,19,479
27,20,420
27,21,197
27,25,436
27,26,280
27,28,126
27,29,237
27,34,138
27,35,600
27,36,201
27,37,363
27,40,480
27,42,34
27,44,593
27,46,56
27,47,149
27,48,289
27,50,176
27,51,281
27,54,55
27,55,363
27,56,508
27,57,74
27,59,192
27,63,130
27,64,495
27,67,255
27,68,29
27,69,450
27,71,331
27,72,162
27,73,147
27,74,315
27,75,589
27,76,104
27,81,241
27,82,450
27,84,359
27,85,533
27,88,20
27,90,194
27,91,273
27,92,494
27,94,542
27,95,578
27,96,26
27,97,22
27,100,70
27,101,541
27,104,354
27,108,71
27,109,514
27,111,227
27,115,409
27,117,465
27,118,77
27,120,85
27,122,240
27,123,127
27,126,273
27,131,358
27,136,587
27,137,434
27,139,429
27,140,40
27,142,383
27,144,595
27,148,363
27,151,348
27,153,53
27,154,77
27,162,557
27,165,363
27,168,26
27,169,265
27,170,492
27,171,378
27,175,426
27,181,4
27,186,417
27,190,439
27,205,163
27,209,25
27,215,441
27,226,240
27,229,204
27,242,581
27,243,235
27,249,474
27,256,215
27,260,14
27,265,225
27,273,592
27,277,46
27,280,587
27,292,85
27,294,510
28,1,184
28,2,496
28,3,159
28,4,298
28,5,521
28,7,5
28,8,473
28,9,563
28,10,199
28,12,331
28,15,540
28,16,283
28,18,51
28,19,430
28,21,127
28,23,308
28,24,466
28,26,505
28,27,126
28,29,125
28,31,336
28,32,332
28,34,14
28,35,567
28,36,224
28,37,198
28,40,475
28,41,555
28,42,468
28,43,461
28,47,38
28,49,281
28,50,19
28,55,272
28,57,151
28,58,284
28,60,213
28,62,396
28,63,143
28,64,338
28,66,421
28,67,309
28,68,234
28,73,425
28,74,140
28,75,336
28,80,356
28,82,558
28,87,139
28,94,317
28,95,530
28,97,123
28,100,142
28,102,495
28,107,399
28,112,327
28,115,461
28,116,184
28,117,481
28,119,577
28,120,526
28,128,272
28,130,502
28,135,46
28,137,405
28,140,59
28,147,574
28,161,32
28,163,84
28,164,71
28,169,490
28,170,37
28,173,164
28,174,290
28,175,266
28,191,216
28,194,200
28,200,348
28,201,85
28,209,492
28,211,504
28,212,408
28,222,418
28,225,293
28,226,300
28,232,371
28,237,380
28,242,301
28,246,182
28,256,265
28,257,35
28,259,187
28,262,465
28,271,68
28,274,238
28,285,545
28,287,436
28,288,423
28,297,135
29,2,481
29,4,83
29,5,439
29,6,270
29,7,293
29,8,528
29,9,368
29,11,20
29,12,141
29,13,443
29,14,114
29,15,446
29,16,105
29,17,397
29,20,251
29,21,254
29,22,267
29,24,125
29,25,54
29,26,110
29,27,237
29,28,125
29,30,310
29,31,169
29,33,430
29,34,138
29,37,264
29,39,236
29,40,257
29,41,394
29,43,408
29,44,95
29,45,185
29,47,438
29,48,586
29,49,519
29,52,272
29,56,180
29,57,30
29,58,377
29,60,208
29,61,306
29,63,536
29,64,5
29,66,225
29,67,553
29,68,194
29,70,293
29,71,303
29,72,383
29,73,488
29,77,162
29,80,158
29,85,236
29,88,162
29,90,421
29,91,406
29,93,584
29,95,101
29,97,102
29,98,198
29,100,216
29,102,117
29,107,484
29,108,527
29,109,408
29,111,438
29,113,73
29,114,27
29,117,553
29,118,238
29,120,547
29,123,537
29,125,236
29,141,225
29,142,439
29,146,171
29,148,279
29,152,63
29,153,547
29,157,227
29,161,307
29,163,525
29,172,293
29,178,207
29,180,128
29,187,493
29,194,115
29,199,582
29,201,147
29,202,26
29,209,461
29,213,131
29,214,21
29,223,144
29,231,105
29,240,159
29,249,174
29,270,26
29,286,426
29,295,185
29,300,252
30,1,599
30,2,136
30,3,157
30,4,262
30,7,452
30,8,317
30,9,47
30,10,142
30,11,41
30,13,320
30,14,144
30,17,154
30,19,155
30,20,152
30,21,450
30,23,272
30,26,235
30,29,310
30,32,316
30,33,470
30,34,333
30,35,543
30,37,211
30,38,224
30,40,47
30,42,426
30,43,474
30,44,1
30,45,35
30,46,170
30,47,100
30,48,422
30,50,187
30,51,314
30,52,90
30,54,533
30,56,369
30,57,424
30,58,434
30,59,251
30,60,190
30,62,28
30,63,590
30,65,213
30,66,315
30,67,263
30,69,94
30,71,151
30,74,469
30,80,437
30,81,569
30,82,255
30,83,518
30,88,301
30,89,291
30,92,174
30,93,598
30,94,202
30,97,51
30,99,149
30,103,118
30,104,599
30,109,326
30,110,62
30,113,207
30,114,247
30,115,167
30,116,298
30,118,43
30,120,111
30,121,417
30,127,583
30,131,112
30,135,443
30,136,554
30,137,187
30,144,551
30,146,221
30,150,225
30,154,563
30,155,19
30,156,470
30,159,274
30,161,95
30,165,128
30,167,454
30,168,132
30,170,427
30,171,529
30,175,55
30,176,279
30,179,112
30,188,441
30,196,96
30,197,130
30,203,578
30,211,399
30,213,536
30,214,181
30,215,599
30,225,367
30,229,240
30,237,118
30,240,56
30,241,395
30,242,331
30,248,275
30,251,7
30,253,525
30,290,346
30,300,233
31,1,4
31,2,275
31,4,197
31,6,259
31,7,264
31,11,49
31,12,453
31,13,374
31,14,475
31,15,246
31,16,435
31,17,477
31,18,55
31,19,44
31,20,330
31,21,432
31,23,274
31,25,406
31,26,176
31,28,336
31,29,169
31,33,243
31,34,370
31,36,252
31,38,24
31,43,427
31,45,118
31,47,188
31,48,90
31,49,468
31,52,190
31,54,119
31,55,56
31,56,141
31,58,415
31,61,381
31,63,415
31,64,567
31,66,391
31,67,101
31,68,343
31,72,436
31,74,516
31,78,261
31,79,452
31,80,469
31,83,386
31,85,30
31,87,513
31,91,562
31,92,84
31,94,518
31,95,408
31,96,362
31,98,54
31,99,250
31,100,465
31,109,116
31,112,435
31,114,34
31,117,11
31,119,390
31,126,318
31,129,432
31,133,157
31,134,559
31,137,551
31,139,486
31,141,284
31,146,174
31,147,169
31,148,67
31,150,22
31,155,332
31,156,127
31,160,544
31,165,191
31,166,186
31,168,215
31,176,599
31,182,477
31,184,326
31,185,562
31,186,9
31,189,382
31,191,221
31,192,251
31,194,201
31,204,42
31,205,27
31,209,276
31,212,161
31,213,11
31,217,404
31,228,267
31,231,413
31,233,37
31,247,513
31,251,280
31,259,600
31,261,152
31,266,194
31,267,575
31,278,96
31,284,378
31,285,9
31,286,481
31,288,199
32,2,224
32,4,544
32,5,428
32,6,539
32,7,449
32,9,598
32,10,534
32,13,304
32,15,578
32,17,451
32,19,197
32,20,541
32,21,359
32,22,513
32,24,569
32,25,358
32,28,332
32,30,316
32,33,506
32,34,322
32,35,546
32,36,66
32,38,552
32,39,288
32,40,92
32,41,483
32,42,462
32,46,378
32,47,382
32,49,512
32,50,566
32,51,423
32,52,589
32,53,325
32,54,54
32,55,328
32,56,152
32,57,550
32,59,232
32,60,467
32,61,552
32,62,9
32,67,436
32,69,437
32,72,29
32,74,69
32,78,192
32,79,417
32,84,538
32,85,395
32,88,587
32,90,203
32,93,82
32,94,574
32,95,194
32,104,318
32,105,407
32,107,417
32,108,327
32,110,345
32,111,472
32,115,60
32,117,495
32,120,228
32,127,285
32,133,299
32,134,162
32,138,554
32,141,513
32,143,340
32,147,370
32,155,379
32,157,437
32,164,10
32,166,171
32,169,106
32,189,269
32,196,241
32,228,371
32,230,224
32,248,462
32,261,413
32,262,297
32,263,476
32,266,329
32,268,505
32,274,396
32,275,250
32,277,198
32,285,128
32,288,571
33,1,539
33,2,69
33,3,47
33,4,93
33,6,184
33,7,191
33,8,299
33,9,37
33,10,102
33,15,298
33,16,445
33,17,273
33,19,175
33,20,145
33,21,428
33,22,215
33,23,596
33,25,46
33,29,430
33,30,470
33,31,243
33,32,506
33,34,233
33,35,502
33,36,596
33,37,360
33,39,422
33,42,253
33,44,566
33,45,400
33,46,48
33,47,445
33,48,383
33,51,66
33,53,238
33,55,82
33,56,155
33,58,435
33,59,97
33,61,47
33,66,15
33,67,399
33,71,355
33,72,392
33,74,582
33,75,155
33,76,60
33,81,108
33,83,594
33,85,54
33,86,47
33,87,141
33,88,434
33,93,337
33,94,514
33,95,587
33,96,357
33,97,367
33,98,543
33,99,348
33,102,82
33,105,265
33,108,117
33,109,378
33,116,173
33,119,215
33,120,217
33,124,364
33,126,140
33,127,222
33,129,448
33,130,19
33,132,235
33,133,401
33,134,84
33,143,585
33,145,378
33,147,178
33,149,193
33,150,149
33,151,481
33,153,154
33,154,230
33,155,217
33,158,76
33,163,130
33,164,277
33,171,268
33,172,547
33,173,28
33,176,526
33,177,584
33,179,546
33,181,175
33,191,39
33,193,42
33,195,141
33,197,438
33,199,324
33,203,307
33,204,529
33,205,44
33,208,580
33,211,469
33,214,526
33,221,311
33,226,199
33,228,171
33,229,283
33,240,92
33,245,327
33,246,365
33,247,202
33,249,292
33,250,359
33,254,101
33,264,92
33,269,471
33,270,76
33,272,422
33,288,514
33,290,47
33,291,25
33,293,284
33,294,376
34,3,118
34,4,577
34,5,517
34,6,45
34,7,50
34,11,577
34,16,385
34,18,560
34,19,45
34,20,99
34,22,561
34,23,348
34,24,401
34,25,403
34,26,368
34,27,138
34,28,14
34,29,138
34,30,333
34,31,370
34,32,322
34,33,233
34,35,489
34,39,376
34,40,42
34,41,586
34,42,135
34,44,569
34,45,458
34,47,41
34,49,68
34,50,443
34,51,196
34,53,22
34,54,415
34,55,317
34,56,293
34,57,141
34,58,250
34,59,236
34,62,578
34,64,520
34,65,214
34,67,463
34,72,466
34,79,535
34,80,223
34,82,330
34,85,480
34,89,551
34,91,295
34,92,215
34,93,536
34,95,403
34,98,422
34,99,153
34,104,14
34,105,110
34,106,537
34,112,413
34,115,405
34,116,4
34,125,247
34,127,566
34,129,24
34,130,441
34,133,322
34,134,181
34,144,72
34,145,30
34,151,42
34,156,470
34,160,210
34,165,203
34,173,411
34,175,352
34,184,544
34,187,274
34,188,248
34,205,227
34,206,597
34,213,416
34,215,403
34,219,309
34,225,380
34,228,425
34,238,277
34,246,223
34,251,270
34,255,331
34,256,43
34,259,35
34,261,597
34,262,441
34,282,107
34,288,333
34,292,292
34,293,372
34,294,464
34,298,286
34,299,425
35,2,353
35,3,228
35,4,476
35,5,198
35,6,82
35,9,574
35,10,448
35,11,97
35,12,456
35,14,351
35,17,303
35,19,311
35,20,199
35,21,422
35,22,585
35,25,458
35,26,511
35,27,600
35,28,567
35,30,543
35,32,546
35,33,502
35,34,489
35,37,544
35,38,181
35,39,375
35,40,223
35,41,118
35,42,189
35,43,153
35,44,333
35,46,574
35,47,582
35,48,98
35,49,573
35,51,403
35,52,191
35,53,125
35,55,27
35,56,598
35,57,260
35,58,383
35,59,80
35,62,343
35,63,451
35,64,14
35,69,537
35,71,316
35,72,550
35,73,316
35,74,436
35,76,111
35,79,253
35,82,512
35,84,441
35,85,299
35,86,272
35,87,321
35,90,224
35,91,157
35,92,152
35,93,76
35,95,519
35,99,479
35,101,569
35,102,2
35,103,258
35,110,85
35,112,128
35,113,186
35,117,172
35,119,512
35,122,414
35,125,579
35,131,85
35,133,591
35,134,340
35,135,495
35,148,276
35,149,214
35,161,206
35,169,437
35,172,540
35,173,467
35,177,167
35,178,589
35,179,169
35,181,312
35,185,182
35,191,431
35,197,521
35,198,102
35,200,340
35,205,507
35,206,200
35,226,493
35,232,143
35,235,27
35,237,431
35,240,331
35,242,47
35,250,542
36,1,306
36,2,256
36,3,560
36,4,8
36,5,314
36,6,127
36,7,368
36,9,42
36,11,192
36,12,116
36,13,54
36,14,458
36,15,137
36,16,566
36,18,316
36,19,505
36,21,363
36,22,342
36,24,439
36,25,406
36,26,287
36,27,201
36,28,224
36,31,252
36,32,66
36,33,596
36,37,54
36,38,321
36,39,499
36,40,418
36,42,43
36,43,163
36,44,521
36,45,502
36,46,119
36,47,377
36,48,329
36,49,563
36,51,315
36,52,346
36,55,479
36,56,554
36,58,386
36,62,224
36,64,237
36,68,39
36,72,548
36,73,273
36,75,66
36,80,462
36,82,406
36,83,538
36,91,510
36,92,42
36,95,510
36,100,98
36,101,260
36,102,177
36,103,550
36,105,98
36,106,307
36,109,7
36,112,461
36,120,10
36,126,327
36,131,537
36,133,25
36,142,515
36,144,564
36,145,172
36,148,281
36,151,177
36,166,414
36,170,22
36,171,586
36,179,369
36,181,444
36,182,272
36,185,405
36,187,227
36,211,112
36,218,478
36,233,473
36,234,365
36,235,200
36,251,587
36,257,248
36,261,580
36,264,249
36,265,93
36,268,137
36,274,216
36,280,435
36,292,540
36,293,81
36,295,28
36,297,328
37,1,347
37,2,567
37,3,423
37,7,315
37,8,419
37,9,59
37,10,10
37,11,399
37,12,41
37,16,266
37,17,56
37,18,461
37,20,346
37,21,348
37,26,481
37,27,363
37,28,198
37,29,264
37,30,211
37,33,360
37,35,544
37,36,54
37,38,500
37,39,89
37,41,165
37,43,61
37,44,60
37,45,441
37,46,383
37,47,299
37,49,388
37,50,316
37,51,508
37,54,578
37,56,316
37,57,491
37,58,282
37,59,281
37,60,286
37,64,192
37,65,314
37,68,415
37,69,300
37,70,265
37,71,301
37,72,549
37,76,162
37,78,583
37,81,507
37,84,113
37,87,351
37,88,34
37,89,170
37,90,400
37,91,111
37,93,115
37,95,570
37,100,31
37,102,244
37,104,421
37,106,480
37,108,28
37,112,125
37,121,160
37,124,188
37,125,191
37,126,387
37,127,97
37,128,283
37,130,473
37,131,324
37,132,266
37,135,533
37,140,532
37,146,288
37,149,471
37,155,245
37,158,204
37,164,532
37,165,77
37,167,87
37,171,552
37,172,314
37,175,5
37,176,38
37,186,405
37,187,256
37,188,490
37,190,275
37,191,93
37,197,101
37,198,250
37,199,412
37,206,525
37,207,461
37,217,421
37,218,267
37,221,155
37,222,122
37,236,237
37,237,185
37,239,169
37,244,244
37,248,180
37,255,126
37,256,129
37,258,430
37,271,1
37,273,250
37,278,58
37,300,323
38,1,261
38,4,400
38,5,314
38,6,579
38,7,78
38,8,172
38,10,1
38,11,317
38,12,165
38,13,564
38,14,277
38,15,543
38,17,514
38,20,323
38,21,272
38,24,220
38,25,207
38,26,176
38,30,224
38,31,24
38,32,552
38,35,181
38,36,321
38,37,500
38,40,585
38,41,412
38,42,370
38,43,260
38,44,495
38,45,511
38,49,289
38,50,435
38,51,190
38,52,109
38,53,500
38,54,78
38,55,197
38,56,61
38,58,257
38,61,15
38,62,397
38,64,513
38,67,160
38,72,448
38,73,245
38,75,422
38,76,542
38,83,572
38,94,160
38,95,96
38,103,529
38,107,132
38,108,209
38,109,588
38,111,49
38,112,523
38,117,77
38,118,391
38,120,159
38,125,452
38,126,187
38,128,444
38,134,207
38,140,51
38,142,545
38,145,360
38,146,337
38,148,121
38,161,19
38,163,222
38,165,155
38,177,344
38,178,255
38,187,305
38,192,80
38,199,573
38,204,27
38,206,421
38,222,492
38,224,143
38,227,100
38,232,206
38,235,401
38,243,542
38,259,326
38,265,434
38,266,24
38,268,126
38,280,106
38,284,75
38,294,231
38,300,581
39,2,471
39,3,580
39,5,491
39,6,315
39,8,398
39,9,331
39,10,296
39,11,226
39,12,376
39,14,484
39,15,81
39,16,241
39,17,18
39,18,314
39,19,34
39,21,72
39,22,77
39,24,255
39,25,431
39,26,93
39,29,236
39,32,288
39,33,422
39,34,376
39,35,375
39,36,499
39,37,89
39,40,530
39,42,44
39,43,271
39,44,271
39,45,9
39,46,53
39,50,321
39,53,63
39,54,145
39,61,176
39,64,169
39,65,317
39,69,65
39,70,155
39,73,317
39,77,106
39,78,596
39,79,43
39,86,239
39,87,286
39,88,498
39,89,240
39,91,307
39,95,547
39,104,574
39,105,505
39,107,283
39,112,148
39,113,345
39,114,489
39,116,461
39,122,382
39,124,131
39,131,275
39,133,422
39,141,210
39,146,147
39,147,288
39,149,39
39,158,341
39,160,309
39,161,382
39,164,425
