source,target,weight
1,2,410
1,3,294
1,4,464
1,5,80
1,6,181
1,7,70
1,8,96
1,9,545
1,10,542
1,11,297
1,12,463
1,13,547
1,14,320
1,15,374
1,16,545
1,18,13
1,20,299
1,21,595
1,24,204
1,25,524
1,27,399
1,29,426
1,31,161
1,32,301
1,37,533
1,38,124
1,46,571
1,50,405
1,54,547
1,56,246
1,65,511
1,70,309
1,75,108
1,77,462
1,81,578
1,90,313
1,92,353
1,113,140
1,119,349
1,134,314
1,137,372
1,160,429
1,163,563
1,166,562
1,169,33
1,177,321
1,179,280
1,188,578
1,197,561
1,198,364
1,208,588
1,214,258
1,216,442
1,222,108
1,274,1
1,277,68
1,281,410
2,1,410
2,3,286
2,4,237
2,6,414
2,8,67
2,9,215
2,10,383
2,12,523
2,13,248
2,14,251
2,15,221
2,16,31
2,17,110
2,18,348
2,19,409
2,20,21
2,21,123
2,23,368
2,24,599
2,26,497
2,27,353
2,30,46
2,31,62
2,32,331
2,33,344
2,34,184
2,36,193
2,37,407
2,39,99
2,42,275
2,46,15
2,47,500
2,48,3
2,50,331
2,56,475
2,63,19
2,67,349
2,70,200
2,71,337
2,73,65
2,77,71
2,80,407
2,84,168
2,88,159
2,91,89
2,94,572
2,97,191
2,104,136
2,118,336
2,124,396
2,125,215
2,126,499
2,131,446
2,136,310
2,138,104
2,146,408
2,148,26
2,154,214
2,156,161
2,180,508
2,188,223
2,191,457
2,192,196
2,197,154
2,202,502
2,210,434
2,216,150
2,245,415
2,276,81
2,294,280
3,1,294
3,2,286
3,5,164
3,6,56
3,7,387
3,8,515
3,9,169
3,10,524
3,11,268
3,12,26
3,13,182
3,14,244
3,16,433
3,17,547
3,18,112
3,19,144
3,20,89
3,21,319
3,22,421
3,23,38
3,24,490
3,25,378
3,26,398
3,28,511
3,29,265
3,32,380
3,37,547
3,38,96
3,41,421
3,42,570
3,43,30
3,45,63
3,48,133
3,61,227
3,66,192
3,69,444
3,71,386
3,73,564
3,83,420
3,88,76
3,90,146
3,91,11
3,98,369
3,117,88
3,119,84
3,120,385
3,124,123
3,135,345
3,137,569
3,139,55
3,145,58
3,152,172
3,154,480
3,156,203
3,163,91
3,179,417
3,183,256
3,191,237
3,201,462
3,214,424
3,217,310
3,231,220
3,239,24
3,251,143
3,269,313
3,279,432
3,287,144
3,292,114
4,1,464
4,2,237
4,5,73
4,6,339
4,8,585
4,17,87
4,18,549
4,19,502
4,22,158
4,23,415
4,24,107
4,25,353
4,27,463
4,28,276
4,33,411
4,35,217
4,39,11
4,40,241
4,42,313
4,43,515
4,46,169
4,49,305
4,51,570
4,56,326
4,58,159
4,69,250
4,87,327
4,88,592
4,92,225
4,93,52
4,94,248
4,99,555
4,101,49
4,103,394
4,120,242
4,125,296
4,129,275
4,143,435
4,161,493
4,179,272
4,184,586
4,191,339
4,192,548
4,194,384
4,195,327
4,235,132
4,247,434
4,256,502
4,267,448
4,282,4
4,300,463
5,1,80
5,3,164
5,4,73
5,7,560
5,8,526
5,10,3
5,11,541
5,13,305
5,15,278
5,16,422
5,18,586
5,20,207
5,21,155
5,23,447
5,24,517
5,25,254
5,27,155
5,34,247
5,35,121
5,36,321
5,37,553
5,38,156
5,40,187
5,43,408
5,45,297
5,48,391
5,50,478
5,51,331
5,58,354
5,59,370
5,64,173
5,75,443
5,85,67
5,103,562
5,107,438
5,111,224
5,112,17
5,115,497
5,117,2
5,119,199
5,137,24
5,157,276
5,192,34
5,199,537
5,224,19
5,225,341
5,257,130
5,283,367
5,296,497
6,1,181
6,2,414
6,3,56
6,4,339
6,7,411
6,9,376
6,10,103
6,11,590
6,12,335
6,14,598
6,16,184
6,17,288
6,19,425
6,21,125
6,22,589
6,24,338
6,26,220
6,28,200
6,30,476
6,33,206
6,34,245
6,36,87
6,38,299
6,40,319
6,47,445
6,53,5
6,58,453
6,59,466
6,64,155
6,68,341
6,76,312
6,77,18
6,83,167
6,85,60
6,89,183
6,92,163
6,96,336
6,99,53
6,109,374
6,134,442
6,135,551
6,138,532
6,145,298
6,146,327
6,149,509
6,163,190
6,164,147
6,168,353
6,183,44
6,192,534
6,204,506
6,213,112
6,214,177
6,226,391
6,245,266
6,252,431
6,256,182
6,259,559
6,263,205
6,281,89
6,285,171
6,288,534
7,1,70
7,3,387
7,5,560
7,6,411
7,8,565
7,9,190
7,10,494
7,11,435
7,12,461
7,13,59
7,14,406
7,15,135
7,16,257
7,17,359
7,18,244
7,20,276
7,22,537
7,23,583
7,24,125
7,26,48
7,32,585
7,36,443
7,37,101
7,38,398
7,40,345
7,43,136
7,44,382
7,52,116
7,53,434
7,55,220
7,57,155
7,58,45
7,59,404
7,61,598
7,64,531
7,70,594
7,90,29
7,91,495
7,123,120
7,131,385
7,133,96
7,142,474
7,143,423
7,153,289
7,158,234
7,159,75
7,160,177
7,164,98
7,168,374
7,169,277
7,180,168
7,196,509
7,201,507
7,213,90
7,217,214
7,243,321
7,258,303
7,259,405
7,268,376
7,271,537
7,286,292
7,298,192
8,1,96
8,2,67
8,3,515
8,4,585
8,5,526
8,7,565
8,9,103
8,11,546
8,12,573
8,13,487
8,14,196
8,15,248
8,17,394
8,18,384
8,19,345
8,20,533
8,21,330
8,22,377
8,24,576
8,25,212
8,27,36
8,28,597
8,29,504
8,30,410
8,34,521
8,35,487
8,37,265
8,38,100
8,41,80
8,42,566
8,45,317
8,52,25
8,53,239
8,67,369
8,68,141
8,74,573
8,83,519
8,84,455
8,87,20
8,91,345
8,92,133
8,101,163
8,112,382
8,115,447
8,128,253
8,131,345
8,141,257
8,147,444
8,156,246
8,163,106
8,169,318
8,188,43
8,202,131
8,204,79
8,210,445
8,216,570
8,221,392
8,250,24
8,261,424
8,279,328
9,1,545
9,2,215
9,3,169
9,6,376
9,7,190
9,8,103
9,10,304
9,12,65
9,14,162
9,15,567
9,16,136
9,17,288
9,18,214
9,19,305
9,20,325
9,21,524
9,23,304
9,24,234
9,30,585
9,33,270
9,34,264
9,35,551
9,36,288
9,38,466
9,40,367
9,41,469
9,48,366
9,52,579
9,54,588
9,65,184
9,71,410
9,73,515
9,82,439
9,83,11
9,100,459
9,102,534
9,107,155
9,108,19
9,118,127
9,122,391
9,125,81
9,128,594
9,131,510
9,145,364
9,150,547
9,178,13
9,198,125
9,210,56
9,215,446
9,227,373
9,234,14
9,237,446
9,241,406
9,246,120
9,252,235
9,260,85
9,270,423
9,276,396
10,1,542
10,2,383
10,3,524
10,5,3
10,6,103
10,7,494
10,9,304
10,11,6
10,13,494
10,14,320
10,15,230
10,17,249
10,18,543
10,19,143
10,20,440
10,21,480
10,22,106
10,23,278
10,27,467
10,28,285
10,29,386
10,35,67
10,38,534
10,41,167
10,45,56
10,50,78
10,51,574
10,52,435
10,55,24
10,58,325
10,60,223
10,61,20
10,65,216
10,66,298
10,68,314
10,71,137
10,75,431
10,77,215
10,78,317
10,83,424
10,87,565
10,95,227
10,99,370
10,101,119
10,102,318
10,109,279
10,112,61
10,116,464
10,120,300
10,121,129
10,133,520
10,144,134
10,150,417
10,166,342
10,171,180
10,174,67
10,181,174
10,187,192
10,188,432
10,196,102
10,200,36
10,203,198
10,209,358
10,237,554
10,283,571
10,287,42
10,289,580
11,1,297
11,3,268
11,5,541
11,6,590
11,7,435
11,8,546
11,10,6
11,12,265
11,14,551
11,15,103
11,16,388
11,17,223
11,18,8
11,20,75
11,21,411
11,22,285
11,25,146
11,27,177
11,29,99
11,33,87
11,35,499
11,36,527
11,37,182
11,43,129
11,45,162
11,49,187
11,52,475
11,56,129
11,57,402
11,62,440
11,63,307
11,67,285
11,70,576
11,73,352
11,76,247
11,81,94
11,87,481
11,102,462
11,106,467
11,111,242
11,119,67
11,125,137
11,130,312
11,134,520
11,150,522
11,165,323
11,173,12
11,177,392
11,183,428
11,223,46
11,227,261
11,234,172
11,246,116
11,248,306
11,277,333
11,286,573
12,1,463
12,2,523
12,3,26
12,6,335
12,7,461
12,8,573
12,9,65
12,11,265
12,15,366
12,16,488
12,19,82
12,20,75
12,23,295
12,25,119
12,26,581
12,28,508
12,29,130
12,33,258
12,37,383
12,40,243
12,41,41
12,45,231
12,46,561
12,48,330
12,49,288
12,53,386
12,60,232
12,64,341
12,65,376
12,67,261
12,69,181
12,70,599
12,81,404
12,84,61
12,93,113
12,99,91
12,102,320
12,106,37
12,107,193
12,137,449
12,157,220
12,164,146
12,169,571
12,171,67
12,174,485
12,184,465
12,193,198
12,198,164
12,207,136
12,221,54
12,231,429
12,239,68
12,248,353
12,250,509
12,274,410
13,1,547
13,2,248
13,3,182
13,5,305
13,7,59
13,8,487
13,10,494
13,14,213
13,16,22
13,19,171
13,20,279
13,21,422
13,22,196
13,23,231
13,25,290
13,27,579
13,28,579
13,30,279
13,31,178
13,32,49
13,34,295
13,40,40
13,44,124
13,46,176
13,50,509
13,53,155
13,58,344
13,61,528
13,66,216
13,67,597
13,70,174
13,74,500
13,76,253
13,78,597
13,88,84
13,96,187
13,107,101
13,111,574
13,126,204
13,127,404
13,129,299
13,135,424
13,141,218
13,145,377
13,156,18
13,191,32
13,194,276
13,196,164
13,199,90
13,221,112
13,222,442
13,224,2
13,251,204
13,257,306
13,262,131
13,288,371
13,295,581
14,1,320
14,2,251
14,3,244
14,6,598
14,7,406
14,8,196
14,9,162
14,10,320
14,11,551
14,13,213
14,15,351
14,16,350
14,19,389
14,20,140
14,21,306
14,22,4
14,26,69
14,28,157
14,33,27
14,35,71
14,39,372
14,40,501
14,44,321
14,47,319
14,50,417
14,59,310
14,61,373
14,65,109
14,72,222
14,74,434
14,76,117
14,82,202
14,83,444
14,87,192
14,96,269
14,97,404
14,101,300
14,110,221
14,119,481
14,133,230
14,141,108
14,165,224
14,194,219
14,195,262
14,216,77
14,220,580
14,265,293
14,290,539
15,1,374
15,2,221
15,5,278
15,7,135
15,8,248
15,9,567
15,10,230
15,11,103
15,12,366
15,14,351
15,18,510
15,20,247
15,21,148
15,23,67
15,24,484
15,26,422
15,32,448
15,33,176
15,34,272
15,35,8
15,37,90
15,40,565
15,45,89
15,48,482
15,50,196
15,51,32
15,53,107
15,56,578
15,58,390
15,63,44
15,74,305
15,77,235
15,82,173
15,85,214
15,95,351
15,98,300
15,104,362
15,105,358
15,110,41
15,115,489
15,122,269
15,124,467
15,125,438
15,126,208
15,130,143
15,146,364
15,150,410
15,152,427
15,154,385
15,162,571
15,179,283
15,185,31
15,189,384
15,205,230
15,221,527
15,225,561
15,231,239
15,246,204
15,247,498
15,248,65
15,254,302
15,278,237
15,280,560
15,286,473
15,289,84
15,296,491
15,297,301
16,1,545
16,2,31
16,3,433
16,5,422
16,6,184
16,7,257
16,9,136
16,11,388
16,12,488
16,13,22
16,14,350
16,18,490
16,19,143
16,23,440
16,24,252
16,28,596
16,29,281
16,36,343
16,37,546
16,39,541
16,42,229
16,43,475
16,44,271
16,46,380
16,47,138
16,51,442
16,58,74
16,60,570
16,67,36
16,68,91
16,72,23
16,82,215
16,85,492
16,87,156
16,92,244
16,93,471
16,96,567
16,101,385
16,102,494
16,106,171
16,107,437
16,128,158
16,147,143
16,151,19
16,154,568
16,159,143
16,161,600
16,163,9
16,168,135
16,207,396
16,223,480
16,234,500
16,238,190
16,267,188
16,300,492
17,2,110
17,3,547
17,4,87
17,6,288
17,7,359
17,8,394
17,9,288
17,10,249
17,11,223
17,18,359
17,19,394
17,25,196
17,26,273
17,27,193
17,29,550
17,30,171
17,31,273
17,32,297
17,33,59
17,38,588
17,39,4
17,41,513
17,46,84
17,52,270
17,53,15
17,59,515
17,61,457
17,62,319
17,65,68
17,66,540
17,69,82
17,70,354
17,78,168
17,79,460
17,82,136
17,85,319
17,89,2
17,127,121
17,131,405
17,137,499
17,138,138
17,141,166
17,147,475
17,165,196
17,171,228
17,181,597
17,196,385
17,198,588
17,199,564
17,206,557
17,214,117
17,220,502
17,244,87
17,250,261
17,261,213
17,267,221
17,270,564
17,273,227
18,1,13
18,2,348
18,3,112
18,4,549
18,5,586
18,7,244
18,8,384
18,9,214
18,10,543
18,11,8
18,15,510
18,16,490
18,17,359
18,22,225
18,23,247
18,24,149
18,25,336
18,28,230
18,29,449
18,31,485
18,32,478
18,33,139
18,34,140
18,36,131
18,39,596
18,41,391
18,44,219
18,47,294
18,48,517
18,58,62
18,61,112
18,62,368
18,71,79
18,73,181
18,74,355
18,81,557
18,86,48
18,101,470
18,111,187
18,112,297
18,114,200
18,128,181
18,137,347
18,139,122
18,141,342
18,143,270
18,145,226
18,151,138
18,162,223
18,164,477
18,165,237
18,175,496
18,210,241
18,214,94
18,260,314
18,268,564
18,291,15
19,2,409
19,3,144
19,4,502
19,6,425
19,8,345
19,9,305
19,10,143
19,12,82
19,13,171
19,14,389
19,16,143
19,17,394
19,22,508
19,23,238
19,25,445
19,27,522
19,29,243
19,30,313
19,31,144
19,34,106
19,39,352
19,44,39
19,49,160
19,51,57
19,52,176
19,53,305
19,54,375
19,55,426
19,60,407
19,69,266
19,71,448
19,72,249
19,78,249
19,80,292
19,81,31
19,89,286
19,93,299
19,96,122
19,97,471
19,100,476
19,101,105
19,107,40
19,110,233
19,113,492
19,116,209
19,118,215
19,123,587
19,134,47
19,136,432
19,138,431
19,146,23
19,150,467
19,151,523
19,163,532
19,216,168
19,233,66
19,272,98
20,1,299
20,2,21
20,3,89
20,5,207
20,7,276
20,8,533
20,9,325
20,10,440
20,11,75
20,12,75
20,13,279
20,14,140
20,15,247
20,22,30
20,23,207
20,25,471
20,26,134
20,27,355
20,28,486
20,30,48
20,31,478
20,34,490
20,36,117
20,38,421
20,40,260
20,46,133
20,51,543
20,57,152
20,59,115
20,60,77
20,63,492
20,66,170
20,69,361
20,73,513
20,86,71
20,91,468
20,98,321
20,109,553
20,112,483
20,114,522
20,123,489
20,149,264
20,156,98
20,169,73
20,173,96
20,179,279
20,186,325
20,192,509
20,209,79
20,237,404
20,238,32
20,261,310
20,263,186
20,267,176
20,269,458
20,284,236
20,297,63
21,1,595
21,2,123
21,3,319
21,5,155
21,6,125
21,8,330
21,9,524
21,10,480
21,11,411
21,13,422
21,14,306
21,15,148
21,22,116
21,24,553
21,28,531
21,29,155
21,31,150
21,32,151
21,33,56
21,36,189
21,37,54
21,39,449
21,41,140
21,43,481
21,47,459
21,49,79
21,55,161
21,60,254
21,61,223
21,62,90
21,65,459
21,66,89
21,68,66
21,71,573
21,74,59
21,75,433
21,83,404
21,88,124
21,95,306
21,99,414
21,101,569
21,104,434
21,106,525
21,139,122
21,142,281
21,145,104
21,160,184
21,162,432
21,164,68
21,167,154
21,195,366
21,202,164
21,225,148
21,259,11
21,285,63
22,3,421
22,4,158
22,6,589
22,7,537
22,8,377
22,10,106
22,11,285
22,13,196
22,14,4
22,18,225
22,19,508
22,20,30
22,21,116
22,23,126
22,26,192
22,27,215
22,29,94
22,30,564
22,35,222
22,36,75
22,38,157
22,39,318
22,40,342
22,43,135
22,44,509
22,48,510
22,55,537
22,62,565
22,67,397
22,71,551
22,72,383
22,75,3
22,76,441
22,77,208
22,82,86
22,83,83
22,92,405
22,93,285
22,99,532
22,101,481
22,102,14
22,106,426
22,112,590
22,113,118
22,115,578
22,124,181
22,127,483
22,132,72
22,135,282
22,143,322
22,154,559
22,159,400
22,164,115
22,169,180
22,170,97
22,190,592
22,212,150
22,216,252
22,239,12
22,259,587
22,293,409
23,2,368
23,3,38
23,4,415
23,5,447
23,7,583
23,9,304
23,10,278
23,12,295
23,13,231
23,15,67
23,16,440
23,18,247
23,19,238
23,20,207
23,22,126
23,24,318
23,25,403
23,27,372
23,28,527
23,31,328
23,32,238
23,34,14
23,37,319
23,39,370
23,40,269
23,42,549
23,46,514
23,49,263
23,53,514
23,54,204
23,56,290
23,57,14
23,60,222
23,62,405
23,64,580
23,65,174
23,68,193
23,79,351
23,80,389
23,81,177
23,83,504
23,86,481
23,94,575
23,95,108
23,96,6
23,98,297
23,99,114
23,101,333
23,104,116
23,105,40
23,110,498
23,117,129
23,122,52
23,123,18
23,130,125
23,137,315
23,140,527
23,147,46
23,153,222
23,155,595
23,161,539
23,166,545
23,181,571
23,197,15
23,204,142
23,232,103
23,241,124
24,1,204
24,2,599
24,3,490
24,4,107
24,5,517
24,6,338
24,7,125
24,8,576
24,9,234
24,15,484
24,16,252
24,18,149
24,21,553
24,23,318
24,25,554
24,26,415
24,27,161
24,28,391
24,30,14
24,32,412
24,35,330
24,37,371
24,38,362
24,39,264
24,40,155
24,43,122
24,44,156
24,50,569
24,54,436
24,58,481
24,62,240
24,71,326
24,74,195
24,76,129
24,77,196
24,78,580
24,82,230
24,85,225
24,100,165
24,101,270
24,126,246
24,134,24
24,165,179
24,169,482
24,178,166
24,181,272
24,232,74
24,271,452
24,284,576
24,293,169
25,1,524
25,3,378
25,4,353
25,5,254
25,8,212
25,11,146
25,12,119
25,13,290
25,17,196
25,18,336
25,19,445
25,20,471
25,23,403
25,24,554
25,27,218
25,28,305
25,29,552
25,30,242
25,31,168
25,33,576
25,34,417
25,35,36
25,36,441
25,41,380
25,43,311
25,46,350
25,47,248
25,48,403
25,49,295
25,50,432
25,51,509
25,54,195
25,57,366
25,60,58
25,62,368
25,65,246
25,69,172
25,72,347
25,73,178
25,79,222
25,80,514
25,81,22
25,85,147
25,88,213
25,95,26
25,96,401
25,97,288
25,104,464
25,113,202
25,115,461
25,121,154
25,123,522
25,132,88
25,138,31
25,162,314
25,174,476
25,188,292
25,201,456
25,203,108
25,207,220
25,224,189
25,241,480
25,244,57
25,264,272
25,274,246
25,289,202
26,2,497
26,3,398
26,6,220
26,7,48
26,12,581
26,14,69
26,15,422
26,17,273
26,20,134
26,22,192
26,24,415
26,27,120
26,29,204
26,32,164
26,34,77
26,35,212
26,40,73
26,41,27
26,45,2
26,46,225
26,47,494
26,49,29
26,51,538
26,52,177
26,53,284
26,56,330
26,59,182
26,64,565
26,69,302
26,74,151
26,89,285
26,91,386
26,93,154
26,112,189
26,122,415
26,125,60
26,132,57
26,134,260
26,155,433
26,179,600
26,185,98
26,192,481
26,194,328
26,212,29
26,236,112
26,243,351
26,246,195
26,253,513
26,283,315
27,1,399
27,2,353
27,4,463
27,5,155
27,8,36
27,10,467
27,11,177
27,13,579
27,17,193
27,19,522
27,20,355
27,22,215
27,23,372
27,24,161
27,25,218
27,26,120
27,28,411
27,29,301
27,31,51
27,35,445
27,36,291
27,41,515
27,42,145
27,43,525
27,51,128
27,54,396
27,57,300
27,59,412
27,62,12
27,73,288
27,84,227
27,90,144
27,96,58
27,98,155
27,110,590
27,115,172
27,126,314
27,127,510
27,132,109
27,144,98
27,148,552
27,189,332
27,191,287
27,198,93
27,199,76
27,201,118
27,214,274
27,236,135
27,237,151
27,253,488
27,255,234
27,259,373
27,275,369
28,3,511
28,4,276
28,6,200
28,8,597
28,10,285
28,12,508
28,13,579
28,14,157
28,16,596
28,18,230
28,20,486
28,21,531
28,23,527
28,24,391
28,25,305
28,27,411
28,29,545
28,30,559
28,31,332
28,34,597
28,39,482
28,40,417
28,42,265
28,44,75
28,46,445
28,47,30
28,51,507
28,57,540
28,58,531
28,74,365
28,83,174
28,87,229
28,89,349
28,92,403
28,98,354
28,99,255
28,103,429
28,105,278
28,106,210
28,110,506
28,117,99
28,121,522
28,122,68
28,123,561
28,127,402
28,129,120
28,144,458
28,169,348
28,180,352
28,187,309
28,189,439
28,217,516
28,218,356
28,241,424
28,244,518
28,262,454
28,278,289
28,292,44
29,1,426
29,3,265
29,8,504
29,10,386
29,11,99
29,12,130
29,16,281
29,17,550
29,18,449
29,19,243
29,21,155
29,22,94
29,25,552
29,26,204
29,27,301
29,28,545
29,31,353
29,32,54
29,33,276
29,35,345
29,37,580
29,38,362
29,39,411
29,42,346
29,43,560
29,56,190
29,59,577
29,60,527
29,62,474
29,79,319
29,91,258
29,112,405
29,117,598
29,163,388
29,164,271
29,165,348
29,175,441
29,198,572
29,212,17
29,273,571
29,283,489
29,290,593
30,2,46
30,6,476
30,8,410
30,9,585
30,13,279
30,17,171
30,19,313
30,20,48
30,22,564
30,24,14
30,25,242
30,28,559
30,31,577
30,32,510
30,33,297
30,35,498
30,36,548
30,40,332
30,42,230
30,45,58
30,48,219
30,49,287
30,50,355
30,51,279
30,60,361
30,61,568
30,84,293
30,109,503
30,110,193
30,127,30
30,128,178
30,130,13
30,140,375
30,147,344
30,168,158
30,172,134
30,189,558
30,191,3
30,193,456
30,202,489
30,208,441
30,220,185
30,229,575
30,235,46
30,237,465
30,252,396
30,263,118
30,275,279
31,1,161
31,2,62
31,13,178
31,17,273
31,18,485
31,19,144
31,20,478
31,21,150
31,23,328
31,25,168
31,27,51
31,28,332
31,29,353
31,30,577
31,35,27
31,41,200
31,42,543
31,44,478
31,46,194
31,48,450
31,50,505
31,52,262
31,54,129
31,60,328
31,63,293
31,66,32
31,67,532
31,70,219
31,71,277
31,72,12
31,75,231
31,79,170
31,81,419
31,83,41
31,89,164
31,90,148
31,96,386
31,100,29
31,105,14
31,109,430
31,118,308
31,120,295
31,123,437
31,133,559
31,136,102
31,161,242
31,167,267
31,170,594
31,172,110
31,176,557
31,178,532
31,214,6
31,222,573
31,237,279
31,239,521
31,279,548
31,290,190
31,298,537
32,1,301
32,2,331
32,3,380
32,7,585
32,13,49
32,15,448
32,17,297
32,18,478
32,21,151
32,23,238
32,24,412
32,26,164
32,29,54
32,30,510
32,33,531
32,34,299
32,36,53
32,40,300
32,41,420
32,42,142
32,45,264
32,47,174
32,48,349
32,51,192
32,54,576
32,57,339
32,58,16
32,60,68
32,61,144
32,63,140
32,72,58
32,79,256
32,82,398
32,85,481
32,91,150
32,94,233
32,95,487
32,105,277
32,107,152
32,111,90
32,114,431
32,118,15
32,147,294
32,151,59
32,152,475
32,154,11
32,159,1
32,173,292
32,181,470
32,183,525
32,199,82
32,213,183
32,225,104
32,250,563
32,289,344
32,299,28
33,2,344
33,4,411
33,6,206
33,9,270
33,11,87
33,12,258
33,14,27
33,15,176
33,17,59
33,18,139
33,21,56
33,25,576
33,29,276
33,30,297
33,32,531
33,34,235
33,37,142
33,38,565
33,41,549
33,42,18
33,44,485
33,45,286
33,48,460
33,72,496
33,73,535
33,74,266
33,75,423
33,76,72
33,80,390
33,82,2
33,83,387
33,86,417
33,87,313
33,88,185
33,93,58
33,104,572
33,112,495
33,118,480
33,120,466
33,126,563
33,127,467
33,128,505
33,135,376
33,140,334
33,144,537
33,158,279
33,173,248
33,178,385
33,180,286
33,183,497
33,184,94
33,206,377
33,208,207
33,246,189
33,259,536
33,270,406
33,294,24
34,2,184
34,5,247
34,6,245
34,8,521
34,9,264
34,13,295
34,15,272
34,18,140
34,19,106
34,20,490
34,23,14
34,25,417
34,26,77
34,28,597
34,32,299
34,33,235
34,37,572
34,39,175
34,40,238
34,41,563
34,42,365
34,43,242
34,46,115
34,49,354
34,51,383
34,52,231
34,53,344
34,55,314
34,56,239
34,57,580
34,66,568
34,70,598
34,71,528
34,77,340
34,83,570
34,84,545
34,85,544
34,92,118
34,95,303
34,97,550
34,105,10
34,117,42
34,119,108
34,129,379
34,131,34
34,133,408
34,137,109
34,143,128
34,154,282
34,156,295
34,172,215
34,184,358
34,217,412
34,218,404
34,257,564
34,265,63
34,276,404
34,278,354
34,282,109
34,293,273
35,4,217
35,5,121
35,8,487
35,9,551
35,10,67
35,11,499
35,14,71
35,15,8
35,22,222
35,24,330
35,25,36
35,26,212
35,27,445
35,29,345
35,30,498
35,31,27
35,37,48
35,38,557
35,39,17
35,43,189
35,44,320
35,47,159
35,54,471
35,55,552
35,56,339
35,63,287
35,64,292
35,67,485
35,68,251
35,77,95
35,82,261
35,86,265
35,87,258
35,90,162
35,95,93
35,102,547
35,104,127
35,105,443
35,112,308
35,121,123
35,124,69
35,127,18
35,138,346
35,154,181
35,157,145
35,158,279
35,160,493
35,167,57
35,169,320
35,184,33
35,195,20
35,200,118
35,203,285
35,215,369
35,224,57
35,234,542
35,237,163
35,262,229
35,264,558
35,268,133
35,292,409
36,2,193
36,5,321
36,6,87
36,7,443
36,9,288
36,11,527
36,16,343
36,18,131
36,20,117
36,21,189
36,22,75
36,25,441
36,27,291
36,30,548
36,32,53
36,38,213
36,42,15
36,49,34
36,58,452
36,63,207
36,64,186
36,66,509
36,77,423
36,80,452
36,84,547
36,85,275
36,88,581
36,90,219
36,94,115
36,95,319
36,122,112
36,143,150
36,152,414
36,160,275
36,161,55
36,164,249
36,176,375
36,197,195
36,199,363
36,207,363
36,215,531
36,237,92
36,242,594
36,244,49
36,256,179
36,268,207
36,298,428
37,1,533
37,2,407
37,3,547
37,5,553
37,7,101
37,8,265
37,11,182
37,12,383
37,15,90
37,16,546
37,21,54
37,23,319
37,24,371
37,29,580
37,33,142
37,34,572
37,35,48
37,40,314
37,43,6
37,44,476
37,45,141
37,46,93
37,50,57
37,57,296
37,60,12
37,62,93
37,64,32
37,65,591
37,74,336
37,78,586
37,80,435
37,82,203
37,86,465
37,88,162
37,91,245
37,92,110
37,94,336
37,100,85
37,101,115
37,102,496
37,103,309
37,104,31
37,134,459
37,152,554
37,165,300
37,178,243
37,180,320
37,181,111
37,206,30
37,208,316
37,215,378
37,247,271
37,297,466
38,1,124
38,3,96
38,5,156
38,6,299
38,7,398
38,8,100
38,9,466
38,10,534
38,17,588
38,20,421
38,22,157
38,24,362
38,29,362
38,33,565
38,35,557
38,36,213
38,39,460
38,41,100
38,45,8
38,47,453
38,49,102
38,54,86
38,55,282
38,58,312
38,61,312
38,65,180
38,67,585
38,69,135
38,71,564
38,73,344
38,81,282
38,84,300
38,86,314
38,88,102
38,89,368
38,93,473
38,102,60
38,107,289
38,110,396
38,121,69
38,123,595
38,141,282
38,144,528
38,155,512
38,162,544
38,168,485
38,169,123
38,183,389
38,209,362
38,242,585
38,261,560
38,295,506
39,2,99
39,4,11
39,14,372
39,16,541
39,17,4
39,18,596
39,19,352
39,21,449
39,22,318
39,23,370
39,24,264
39,28,482
39,29,411
39,34,175
39,35,17
39,38,460
39,45,59
39,48,316
39,53,24
39,56,294
39,60,177
39,62,534
39,68,121
39,74,164
39,77,192
39,78,499
39,81,445
39,83,539
39,90,51
39,95,118
39,97,383
39,101,353
39,103,254
39,105,177
39,107,232
39,114,137
39,122,97
39,127,217
39,129,10
39,131,493
39,132,259
39,138,471
39,141,480
39,177,148
39,194,463
39,208,78
39,215,289
39,231,446
39,234,406
39,241,382
39,249,265
39,257,91
40,4,241
40,5,187
40,6,319
40,7,345
40,9,367
40,12,243
40,13,40
40,14,501
40,15,565
40,20,260
40,22,342
40,23,269
40,24,155
40,26,73
40,28,417
40,30,332
40,32,300
40,34,238
40,37,314
40,41,149
40,42,545
40,45,433
40,46,299
40,47,361
40,51,361
40,56,314
40,60,355
40,61,35
40,63,98
40,68,171
40,74,343
40,75,310
40,76,180
40,80,76
40,85,291
40,89,5
40,92,226
40,98,335
40,100,314
40,104,325
40,107,262
40,112,463
40,134,96
40,137,538
40,139,421
40,148,17
40,150,424
40,155,402
40,162,585
40,212,421
40,222,534
40,223,118
40,228,420
40,242,473
40,284,329
40,288,401
40,298,515
41,3,421
41,8,80
41,9,469
41,10,167
41,12,41
41,17,513
41,18,391
41,21,140
41,25,380
41,26,27
41,27,515
41,31,200
41,32,420
41,33,549
41,34,563
41,38,100
41,40,149
41,42,150
41,45,500
41,46,249
41,52,307
41,58,116
41,64,217
41,65,92
41,75,192
41,76,109
41,77,304
41,83,246
41,95,256
41,97,152
41,99,398
41,107,410
41,111,245
41,115,450
41,117,323
41,128,529
41,139,63
41,147,380
41,155,307
41,165,291
41,172,578
41,173,205
41,179,265
41,189,483
41,192,369
41,210,68
41,213,490
41,218,274
41,258,600
41,280,392
41,283,147
41,296,492
42,2,275
42,3,570
42,4,313
42,8,566
42,16,229
42,23,549
42,27,145
42,28,265
42,29,346
42,30,230
42,31,543
42,32,142
42,33,18
42,34,365
42,36,15
42,40,545
42,41,150
42,44,125
42,47,35
42,49,288
42,50,544
42,53,294
42,55,202
42,58,501
42,61,86
42,66,380
42,76,587
42,78,555
42,81,282
42,88,334
42,89,226
42,98,282
42,99,307
42,109,266
42,114,117
42,116,206
42,121,62
42,129,262
42,144,338
42,146,187
42,149,285
42,170,119
42,175,565
42,182,450
42,200,222
42,204,405
42,206,460
42,211,81
42,213,236
42,214,574
42,228,324
42,236,210
42,262,63
42,278,188
42,288,141
43,3,30
43,4,515
43,5,408
43,7,136
43,11,129
43,16,475
43,21,481
43,22,135
43,24,122
43,25,311
43,27,525
43,29,560
43,34,242
43,35,189
43,37,6
43,44,403
43,45,159
43,47,144
43,48,506
43,50,596
43,51,327
43,54,543
43,55,574
43,56,502
43,61,501
43,62,568
43,63,169
43,70,126
43,78,293
43,79,596
43,87,498
43,112,10
43,134,69
43,137,577
43,148,218
43,163,595
43,174,136
43,181,276
43,211,463
43,227,501
43,258,124
43,277,419
43,298,111
44,7,382
44,13,124
44,14,321
44,16,271
44,18,219
44,19,39
44,22,509
44,24,156
44,28,75
44,31,478
44,33,485
44,35,320
44,37,476
44,42,125
44,43,403
44,47,506
44,50,472
44,52,495
44,57,435
44,59,540
44,63,314
44,65,102
44,67,515
44,72,117
44,82,188
44,98,117
44,100,43
44,102,138
44,103,234
44,116,327
44,131,261
44,144,353
44,147,114
44,155,498
44,165,112
44,168,526
44,170,345
44,231,408
44,240,476
44,247,232
44,256,277
44,290,147
45,3,63
45,5,297
45,8,317
45,10,56
45,11,162
45,12,231
45,15,89
45,26,2
45,30,58
45,32,264
45,33,286
45,37,141
45,38,8
45,39,59
45,40,433
45,41,500
45,43,159
45,49,248
45,50,199
45,52,567
45,53,170
45,54,402
45,57,133
45,66,569
45,70,521
45,72,474
45,74,97
45,78,183
45,84,451
45,85,582
45,86,431
45,89,527
45,92,521
45,93,354
45,102,393
45,114,364
45,128,262
45,133,267
45,139,512
45,168,504
45,199,44
45,201,74
45,220,378
45,221,487
45,230,65
45,270,123
45,278,524
45,294,238
46,1,571
46,2,15
46,4,169
46,12,561
46,13,176
46,16,380
46,17,84
46,20,133
46,23,514
46,25,350
46,26,225
46,28,445
46,31,194
46,34,115
46,37,93
46,40,299
46,41,249
46,47,321
46,48,309
46,52,501
46,54,60
46,55,476
46,58,275
46,64,234
46,65,209
46,66,91
46,71,111
46,72,539
46,77,598
46,99,290
46,102,454
46,117,8
46,129,517
46,131,489
46,151,95
46,161,135
46,192,527
46,200,317
46,204,456
46,205,196
46,219,305
46,223,230
46,234,356
46,246,285
46,263,339
46,271,415
46,280,225
47,2,500
47,6,445
47,14,319
47,16,138
47,18,294
47,21,459
47,25,248
47,26,494
47,28,30
47,32,174
47,35,159
47,38,453
47,40,361
47,42,35
47,43,144
47,44,506
47,46,321
47,48,277
47,49,420
47,50,207
47,52,216
47,59,274
47,60,115
47,63,394
47,64,159
47,65,242
47,66,279
47,67,467
47,69,114
47,84,168
47,89,560
47,93,577
47,94,474
47,104,331
47,108,301
47,113,153
47,130,582
47,133,230
47,135,192
47,137,96
47,142,178
47,148,269
47,153,323
47,161,272
47,173,298
47,198,540
47,228,540
47,264,405
47,272,338
47,278,571
47,281,486
47,285,200
47,291,3
48,2,3
48,3,133
48,5,391
48,9,366
48,12,330
48,15,482
48,18,517
48,22,510
48,25,403
48,30,219
48,31,450
48,32,349
48,33,460
48,39,316
48,43,506
48,46,309
48,47,277
48,49,206
48,54,21
48,55,139
48,56,353
48,57,353
48,63,565
48,77,93
48,78,500
48,81,232
48,83,532
48,84,587
48,85,278
48,91,473
48,102,371
48,106,253
48,111,433
48,113,434
48,121,527
48,122,197
48,128,41
48,142,493
48,148,205
48,165,302
48,180,491
48,185,289
48,195,336
48,200,268
48,220,564
48,227,68
48,242,403
48,258,15
48,260,319
49,4,305
49,11,187
49,12,288
49,19,160
49,21,79
49,23,263
49,25,295
49,26,29
49,30,287
49,34,354
49,36,34
49,38,102
49,42,288
49,45,248
49,47,420
49,48,206
49,50,194
49,51,250
49,52,195
49,59,186
49,61,580
49,62,381
49,67,527
49,68,389
49,70,461
49,76,576
49,79,102
49,97,520
49,104,406
49,110,237
49,128,40
49,135,432
49,137,453
49,138,520
49,141,50
49,142,152
49,174,32
49,182,500
49,183,151
49,188,134
49,196,103
49,197,559
49,209,514
49,224,481
49,231,351
49,233,143
49,240,187
49,242,95
49,258,260
49,276,411
49,291,105
50,1,405
50,2,331
50,5,478
50,10,78
50,13,509
50,14,417
50,15,196
50,24,569
50,25,432
50,30,355
50,31,505
50,37,57
50,42,544
50,43,596
50,44,472
50,45,199
50,47,207
50,49,194
50,55,47
50,56,451
50,58,208
50,62,406
50,63,247
50,64,98
50,66,283
50,72,228
50,76,508
50,80,99
50,81,90
50,83,339
50,91,225
50,107,535
50,108,466
50,111,46
50,124,358
50,126,469
50,139,214
50,144,256
50,146,366
50,150,172
50,164,444
50,180,81
50,204,333
50,215,144
50,226,225
50,233,514
50,237,78
50,261,424
50,281,429
50,290,583
51,4,570
51,5,331
51,10,574
51,15,32
51,16,442
51,19,57
51,20,543
51,25,509
51,26,538
51,27,128
51,28,507
51,30,279
51,32,192
51,34,383
51,40,361
51,43,327
51,49,250
51,53,205
51,55,21
51,58,124
51,60,127
51,62,42
51,69,475
51,70,205
51,72,581
51,73,286
51,74,309
51,75,478
51,79,123
51,86,325
51,102,137
51,103,206
51,104,455
51,106,283
51,109,350
51,113,299
51,114,536
51,120,237
51,131,426
51,133,335
51,135,35
51,138,332
51,147,216
51,151,420
51,163,339
51,172,265
51,178,50
51,187,186
51,198,535
51,207,441
51,213,331
51,219,519
51,236,462
51,244,426
51,263,519
52,7,116
52,8,25
52,9,579
52,10,435
52,11,475
52,17,270
52,19,176
52,26,177
52,31,262
52,34,231
52,41,307
52,44,495
52,45,567
52,46,501
52,47,216
52,49,195
52,59,92
52,61,498
52,66,592
52,68,438
52,69,175
52,76,221
52,81,171
52,86,504
52,89,286
52,90,183
52,94,135
52,95,87
52,96,579
52,108,541
52,138,398
52,149,483
52,153,566
52,179,202
52,186,89
52,224,160
52,225,568
52,226,451
52,294,539
52,300,188
53,6,5
53,7,434
53,8,239
53,12,386
53,13,155
53,15,107
53,17,15
53,19,305
53,23,514
53,26,284
53,34,344
53,39,24
53,42,294
53,45,170
53,51,205
53,55,124
53,56,575
53,57,207
53,59,16
53,61,393
53,63,416
53,64,243
53,67,571
53,68,409
53,73,380
53,76,448
53,79,410
53,87,447
53,91,239
53,94,171
53,97,561
53,98,478
53,100,511
53,113,419
53,116,369
53,124,244
53,126,44
53,133,226
53,134,32
53,140,248
53,145,98
53,151,113
53,153,65
53,158,345
53,173,462
53,181,387
53,212,229
53,231,434
53,233,86
53,238,388
53,251,12
53,265,450
53,277,398
53,290,51
53,293,162
54,1,547
54,9,588
54,19,375
54,23,204
54,24,436
54,25,195
54,27,396
54,31,129
54,32,576
54,35,471
54,38,86
54,43,543
54,45,402
54,46,60
54,48,21
54,59,218
54,60,338
54,61,486
54,69,548
54,76,548
54,85,479
54,86,576
54,87,529
54,89,421
54,90,72
54,94,301
54,95,352
54,100,25
54,104,78
54,116,563
54,119,434
54,122,418
54,143,576
54,151,522
54,155,87
54,157,353
54,159,596
54,164,138
54,178,277
54,180,281
54,190,90
54,197,106
54,212,419
54,216,28
54,222,444
54,229,67
54,241,363
54,246,240
54,275,558
54,281,202
54,296,140
55,7,220
55,10,24
55,19,426
55,21,161
55,22,537
55,34,314
55,35,552
55,38,282
55,42,202
55,43,574
55,46,476
55,48,139
55,50,47
55,51,21
55,53,124
55,57,186
55,63,345
55,64,174
55,71,293
55,72,146
55,73,455
55,80,516
55,82,488
55,89,450
55,97,432
55,113,393
55,116,449
55,131,63
55,132,539
55,133,506
55,156,591
55,182,431
55,184,291
55,187,169
55,201,23
55,209,242
55,213,179
55,235,54
55,241,173
55,249,243
55,271,131
55,285,358
55,288,436
56,1,246
56,2,475
56,4,326
56,11,129
56,15,578
56,23,290
56,26,330
56,29,190
56,34,239
56,35,339
56,39,294
56,40,314
56,43,502
56,48,353
56,50,451
56,53,575
56,66,577
56,68,557
56,70,41
56,73,416
56,78,40
56,81,10
56,82,412
56,89,490
56,91,455
56,100,580
56,108,62
56,109,173
56,116,12
56,118,163
56,123,511
56,124,188
56,140,43
56,141,166
56,167,29
56,176,572
56,177,471
56,187,162
56,201,444
56,206,526
56,211,410
56,218,448
56,225,80
56,231,145
56,234,297
56,237,433
56,238,562
56,279,340
56,298,587
57,7,155
57,11,402
57,20,152
57,23,14
57,25,366
57,27,300
57,28,540
57,32,339
57,34,580
57,37,296
57,44,435
57,45,133
57,48,353
57,53,207
57,55,186
57,66,208
57,67,9
57,69,590
57,72,339
57,75,50
57,78,435
57,79,462
57,88,243
57,101,487
57,105,550
57,109,516
57,112,39
57,114,93
57,120,182
57,122,266
57,128,126
57,132,286
57,141,126
57,148,167
57,150,113
57,153,479
57,158,19
57,161,524
57,182,398
57,185,191
57,189,345
57,197,578
57,204,313
57,205,481
57,217,99
57,219,62
57,220,114
57,244,79
57,262,569
58,4,159
58,5,354
58,6,453
58,7,45
58,10,325
58,13,344
58,15,390
58,16,74
58,18,62
58,24,481
58,28,531
58,32,16
58,36,452
58,38,312
58,41,116
58,42,501
58,46,275
58,50,208
58,51,124
58,69,116
58,70,289
58,74,288
58,80,354
58,81,383
58,88,460
58,93,411
58,97,415
58,105,526
58,115,342
58,116,511
58,130,494
58,141,598
58,147,372
58,159,319
58,189,256
58,201,324
58,221,4
58,229,126
58,230,359
58,233,563
58,236,174
58,238,329
58,242,169
58,263,236
58,265,60
58,281,575
58,299,80
59,5,370
59,6,466
59,7,404
59,14,310
59,17,515
59,20,115
59,26,182
59,27,412
59,29,577
59,44,540
59,47,274
59,49,186
59,52,92
59,53,16
59,54,218
59,63,323
59,64,257
59,69,99
59,73,362
59,76,484
59,77,44
59,78,401
59,80,204
59,85,218
59,90,213
59,91,12
59,92,260
59,93,239
59,98,459
59,110,33
59,118,578
59,124,534
59,128,36
59,134,19
59,139,552
59,149,316
59,157,503
59,167,15
59,173,423
59,179,466
59,185,22
59,190,120
59,196,38
59,199,567
59,205,589
59,206,136
59,222,594
59,229,360
59,232,204
59,233,246
59,254,25
59,270,82
60,10,223
60,12,232
60,16,570
60,19,407
60,20,77
60,21,254
60,23,222
60,25,58
60,29,527
60,30,361
60,31,328
60,32,68
60,37,12
60,39,177
60,40,355
60,47,115
60,51,127
60,54,338
60,66,502
60,70,596
60,78,504
60,82,422
60,86,540
60,91,336
60,101,195
60,113,560
60,114,146
60,116,599
60,121,579
60,140,129
60,148,44
60,157,400
60,175,48
60,184,80
60,188,291
60,195,264
60,218,71
60,222,146
60,270,177
60,279,115
60,280,272
60,286,530
60,295,191
61,3,227
61,7,598
61,10,20
61,13,528
61,14,373
61,17,457
61,18,112
61,21,223
61,30,568
61,32,144
61,38,312
61,40,35
61,42,86
61,43,501
61,49,580
61,52,498
61,53,393
61,54,486
61,64,530
61,68,14
61,69,376
61,70,38
61,72,183
61,81,576
61,87,534
61,95,488
61,104,3
61,110,209
61,112,516
61,115,541
61,119,341
61,126,515
61,136,290
61,143,35
61,148,74
61,149,225
61,151,332
61,162,324
61,165,536
61,182,301
61,188,485
61,193,412
61,202,335
61,208,53
61,209,249
61,247,249
61,253,262
61,262,506
61,291,203
62,11,440
62,17,319
62,18,368
62,21,90
62,22,565
62,23,405
62,24,240
62,25,368
62,27,12
62,29,474
62,37,93
62,39,534
62,43,568
62,49,381
62,50,406
62,51,42
62,63,452
62,64,98
62,67,101
62,68,473
62,72,353
62,73,451
62,79,202
62,89,16
62,98,34
62,103,535
62,109,314
62,110,235
62,113,21
62,115,466
62,132,516
62,152,585
62,155,573
62,159,106
62,163,22
62,166,106
62,189,325
62,193,299
62,206,442
62,209,568
62,230,502
62,232,458
62,233,65
62,244,36
62,247,394
62,265,372
62,275,313
62,280,258
63,2,19
63,11,307
63,15,44
63,20,492
63,31,293
63,32,140
63,35,287
63,36,207
63,40,98
63,43,169
63,44,314
63,47,394
63,48,565
63,50,247
63,53,416
63,55,345
63,59,323
63,62,452
63,64,274
63,67,9
63,75,193
63,76,465
63,77,345
63,79,267
63,80,145
63,87,486
63,93,571
63,97,94
63,98,404
63,104,210
63,115,279
63,124,188
63,126,383
63,133,67
63,143,184
63,144,225
63,145,185
63,150,383
63,156,92
63,158,166
63,161,58
63,173,50
63,177,312
63,178,182
63,186,504
63,210,465
63,218,560
63,230,352
63,233,17
63,258,160
63,272,111
64,5,173
64,6,155
64,7,531
64,12,341
64,23,580
64,26,565
64,35,292
64,36,186
64,37,32
64,41,217
64,46,234
64,47,159
64,50,98
64,53,243
64,55,174
64,59,257
64,61,530
64,62,98
64,63,274
64,68,416
64,70,115
64,71,486
64,74,544
64,75,185
64,99,378
64,104,165
64,105,192
64,107,269
64,121,83
64,122,402
64,126,51
64,128,75
64,130,272
64,138,471
64,150,146
64,157,520
64,172,264
64,176,12
64,179,31
64,194,380
64,197,325
64,198,493
64,206,501
64,214,550
64,248,591
64,249,93
64,253,291
64,257,58
64,278,314
65,1,511
65,9,184
65,10,216
65,12,376
65,14,109
65,17,68
65,21,459
65,23,174
65,25,246
65,37,591
65,38,180
65,41,92
65,44,102
65,46,209
65,47,242
65,66,241
65,67,247
65,70,199
65,85,299
65,90,398
65,92,220
65,94,31
65,96,430
65,97,500
65,99,487
65,103,240
65,105,224
65,109,508
65,123,345
65,131,583
65,134,253
65,139,306
65,142,77
65,147,16
65,148,370
65,160,243
65,189,530
65,202,139
65,221,458
65,225,353
65,227,331
65,229,375
65,230,51
65,239,253
65,253,115
65,257,262
65,268,69
65,269,145
65,285,130
65,293,408
66,3,192
66,10,298
66,13,216
66,17,540
66,20,170
66,21,89
66,31,32
66,34,568
66,36,509
66,42,380
66,45,569
66,46,91
66,47,279
66,50,283
66,52,592
66,56,577
66,57,208
66,60,502
66,65,241
66,72,466
66,73,414
66,76,176
66,78,168
66,79,293
66,95,475
66,104,36
66,108,359
66,109,430
66,110,587
66,115,6
66,118,97
66,123,492
66,128,40
66,131,237
66,132,249
66,137,30
66,152,484
66,156,161
66,157,281
66,158,87
66,176,407
66,197,483
66,220,33
66,236,346
66,248,77
66,254,226
66,255,290
66,268,71
66,287,346
66,295,351
67,2,349
67,8,369
67,11,285
67,12,261
67,13,597
67,16,36
67,22,397
67,31,532
67,35,485
67,38,585
67,44,515
67,47,467
67,49,527
67,53,571
67,57,9
67,62,101
67,63,9
67,65,247
67,68,215
67,72,589
67,75,99
67,76,495
67,78,284
67,79,487
67,82,562
67,94,447
67,95,128
67,106,113
67,121,315
67,127,61
67,130,422
67,134,470
67,140,487
67,148,447
67,150,501
67,156,314
67,180,15
67,195,90
67,197,244
67,204,373
67,214,281
67,221,49
67,222,47
67,239,220
67,255,92
67,266,370
67,273,396
67,282,340
67,291,197
67,292,227
67,298,474
68,6,341
68,8,141
68,10,314
68,16,91
68,21,66
68,23,193
68,35,251
68,39,121
68,40,171
68,49,389
68,52,438
68,53,409
68,56,557
68,61,14
68,62,473
68,64,416
68,67,215
68,71,375
68,73,112
68,74,238
68,78,470
68,80,241
68,82,324
68,92,460
68,94,325
68,95,560
68,105,372
68,106,307
68,114,299
68,118,391
68,119,420
68,120,28
68,126,212
68,129,494
68,159,198
68,161,390
68,181,142
68,189,507
68,190,239
68,192,268
68,203,52
68,205,117
68,210,147
68,212,373
68,214,595
68,221,371
68,222,36
68,224,202
68,228,228
68,230,59
68,253,163
68,255,344
68,279,278
68,283,222
69,3,444
69,4,250
69,12,181
69,17,82
69,19,266
69,20,361
69,25,172
69,26,302
69,38,135
69,47,114
69,51,475
69,52,175
69,54,548
69,57,590
69,58,116
69,59,99
69,61,376
69,72,415
69,75,349
69,81,291
69,85,170
69,87,54
69,108,230
69,119,256
69,120,132
69,127,385
69,130,328
69,135,36
69,156,411
69,166,529
69,168,140
69,182,354
69,197,577
69,199,324
69,203,235
69,206,86
69,209,425
69,210,466
69,213,548
69,218,290
69,221,501
69,222,580
69,249,339
69,265,379
69,283,243
69,295,148
70,1,309
70,2,200
70,7,594
70,11,576
70,12,599
70,13,174
70,17,354
70,31,219
70,34,598
70,43,126
70,45,521
70,49,461
70,51,205
70,56,41
70,58,289
70,60,596
70,61,38
70,64,115
70,65,199
70,75,413
70,85,302
70,93,254
70,99,403
70,102,71
70,103,29
70,109,305
70,131,14
70,147,472
70,151,437
70,153,74
70,170,592
70,192,376
70,194,547
70,204,535
70,210,488
70,222,272
70,227,275
70,242,505
70,251,593
70,269,70
70,275,361
70,300,281
71,2,337
71,3,386
71,9,410
71,10,137
71,18,79
71,19,448
71,21,573
71,22,551
71,24,326
71,31,277
71,34,528
71,38,564
71,46,111
71,55,293
71,64,486
71,68,375
71,79,519
71,84,213
71,89,323
71,108,103
71,114,109
71,117,428
71,121,515
71,122,263
71,127,574
71,135,304
71,137,475
71,149,111
71,153,401
71,156,233
71,168,572
71,174,524
71,181,222
71,239,133
71,242,209
71,262,265
71,270,286
71,299,389
72,14,222
72,16,23
72,19,249
72,22,383
72,25,347
72,31,12
72,32,58
72,33,496
72,44,117
72,45,474
72,46,539
72,50,228
72,51,581
72,55,146
72,57,339
72,61,183
72,62,353
72,66,466
72,67,589
72,69,415
72,73,157
72,76,61
72,86,273
72,93,360
72,94,327
72,96,321
72,99,141
72,103,107
72,105,526
72,117,352
72,135,254
72,139,576
72,147,270
72,152,206
72,155,471
72,159,20
72,168,555
72,179,131
72,198,586
72,203,251
72,208,288
72,219,391
72,230,558
72,231,119
72,235,200
72,237,113
72,239,153
72,250,370
72,253,487
72,256,350
73,2,65
73,3,564
73,9,515
73,11,352
73,18,181
73,20,513
73,25,178
73,27,288
73,33,535
73,38,344
73,51,286
73,53,380
73,55,455
73,56,416
73,59,362
73,62,451
73,66,414
73,68,112
73,72,157
73,75,53
73,79,578
73,80,345
73,83,404
73,94,116
73,96,226
73,99,387
73,100,207
73,103,417
73,114,302
73,115,525
73,116,579
73,124,237
73,129,195
73,135,579
73,136,265
73,154,502
73,166,520
73,169,400
73,174,271
73,203,574
73,206,190
73,217,92
73,232,462
73,236,558
73,244,304
73,271,376
73,285,528
73,291,472
74,8,573
74,13,500
74,14,434
74,15,305
74,18,355
74,21,59
74,24,195
74,26,151
74,28,365
74,33,266
74,37,336
74,39,164
74,40,343
74,45,97
74,51,309
74,58,288
74,64,544
74,68,238
74,82,176
74,88,323
74,91,309
74,93,409
74,97,498
74,100,571
74,102,51
74,110,297
74,117,367
74,125,22
74,127,228
74,144,212
74,157,73
74,158,119
74,174,88
74,177,499
74,193,374
74,202,155
74,204,166
74,207,381
74,228,568
74,231,233
74,252,520
74,280,592
74,291,168
74,295,371
75,1,108
75,5,443
75,10,431
75,21,433
75,22,3
75,31,231
75,33,423
75,40,310
75,41,192
75,51,478
75,57,50
75,63,193
75,64,185
75,67,99
75,69,349
75,70,413
75,73,53
75,77,115
75,82,372
75,84,43
75,86,268
75,89,355
75,101,496
75,110,446
75,118,124
75,121,413
75,126,55
75,131,129
75,141,219
75,143,292
75,145,264
75,153,258
75,157,366
75,159,484
75,206,56
75,212,592
75,213,239
75,227,368
75,228,207
75,287,338
75,297,170
75,299,289
76,6,312
76,11,247
76,13,253
76,14,117
76,22,441
76,24,129
76,33,72
76,40,180
76,41,109
76,42,587
76,49,576
76,50,508
76,52,221
76,53,448
76,54,548
76,59,484
76,63,465
76,66,176
76,67,495
76,72,61
76,78,487
76,79,309
76,80,545
76,84,76
76,89,271
76,90,357
76,91,299
76,93,307
76,100,284
76,102,258
76,105,320
76,111,31
76,116,12
76,123,469
76,130,534
