source,target,weight
1,2,200
1,3,28
1,5,180
1,8,392
1,9,340
1,11,204
1,12,591
1,16,571
1,17,447
1,18,422
1,21,466
1,22,149
1,23,258
1,24,385
1,25,566
1,26,510
1,27,421
1,29,460
1,31,549
1,32,225
1,33,447
1,34,252
1,37,418
1,39,157
1,40,521
1,41,202
1,42,4
1,44,478
1,45,152
1,46,296
1,48,523
1,52,526
1,53,126
1,57,21
1,58,107
1,59,559
1,61,92
1,70,94
1,71,99
1,72,543
1,74,433
1,80,134
1,81,170
1,86,437
1,87,545
1,95,559
1,102,202
1,103,504
1,109,440
1,113,419
1,116,181
1,119,584
1,122,446
1,129,580
1,133,49
1,135,82
1,141,533
1,147,426
1,150,186
1,154,308
1,159,580
1,162,47
1,173,534
1,174,425
1,175,227
1,187,543
1,191,555
1,192,357
1,205,440
1,213,28
1,220,95
1,230,272
1,246,153
1,249,592
1,254,491
1,265,29
1,276,48
2,1,200
2,3,269
2,4,107
2,5,30
2,6,81
2,7,6
2,8,33
2,9,567
2,10,235
2,11,421
2,12,558
2,13,502
2,14,410
2,15,382
2,16,214
2,20,595
2,21,95
2,22,454
2,24,269
2,25,460
2,26,439
2,27,448
2,29,209
2,33,330
2,34,108
2,35,555
2,37,352
2,40,343
2,44,194
2,45,287
2,48,488
2,49,74
2,51,596
2,53,11
2,54,410
2,55,83
2,56,557
2,61,404
2,62,486
2,63,33
2,65,158
2,66,181
2,72,508
2,74,126
2,78,449
2,79,121
2,82,404
2,84,252
2,88,249
2,89,4
2,91,106
2,101,492
2,104,24
2,107,355
2,114,456
2,115,466
2,123,323
2,130,462
2,137,365
2,141,429
2,150,543
2,151,281
2,160,303
2,162,247
2,167,80
2,170,496
2,181,135
2,183,233
2,184,436
2,192,258
2,194,422
2,200,142
2,214,599
2,224,4
2,240,210
2,248,70
2,253,170
2,269,496
2,273,254
2,280,234
2,286,478
2,291,89
3,1,28
3,2,269
3,4,545
3,6,451
3,8,529
3,9,579
3,12,569
3,14,381
3,15,593
3,16,283
3,17,567
3,18,270
3,19,130
3,20,487
3,21,41
3,23,127
3,24,456
3,25,301
3,26,188
3,27,378
3,30,425
3,33,42
3,34,494
3,35,211
3,39,153
3,40,459
3,41,372
3,42,546
3,44,183
3,46,306
3,51,27
3,54,438
3,56,33
3,57,53
3,58,12
3,61,280
3,62,44
3,64,328
3,67,39
3,68,47
3,71,523
3,73,135
3,74,551
3,75,312
3,76,196
3,81,549
3,83,230
3,84,364
3,85,125
3,95,189
3,97,374
3,98,3
3,99,376
3,101,404
3,102,530
3,104,314
3,108,174
3,109,39
3,111,57
3,119,320
3,120,427
3,124,177
3,125,148
3,133,293
3,135,592
3,140,22
3,149,367
3,163,69
3,166,549
3,168,362
3,172,376
3,190,234
3,195,546
3,223,478
3,227,552
3,230,254
3,237,421
3,241,280
3,250,56
3,253,590
3,255,108
3,259,442
3,263,461
3,267,196
3,280,343
3,289,5
3,292,571
3,299,575
4,2,107
4,3,545
4,6,24
4,7,428
4,9,283
4,10,191
4,13,410
4,14,87
4,15,332
4,16,359
4,17,79
4,18,146
4,19,22
4,20,448
4,21,336
4,22,448
4,23,134
4,24,543
4,25,460
4,26,175
4,28,503
4,29,76
4,31,277
4,34,155
4,35,334
4,36,370
4,37,172
4,38,21
4,39,354
4,40,186
4,43,327
4,46,335
4,47,344
4,49,276
4,50,436
4,54,143
4,57,20
4,59,525
4,60,43
4,65,148
4,66,249
4,71,70
4,76,587
4,77,36
4,78,327
4,83,586
4,90,163
4,95,542
4,97,169
4,99,334
4,102,133
4,103,578
4,106,435
4,107,239
4,108,30
4,110,182
4,112,71
4,119,579
4,120,220
4,121,202
4,128,333
4,132,406
4,141,511
4,148,53
4,150,283
4,153,94
4,154,363
4,159,595
4,161,405
4,164,330
4,170,437
4,174,381
4,175,327
4,181,432
4,186,593
4,188,47
4,190,500
4,192,588
4,200,161
4,209,559
4,226,266
4,232,218
4,243,302
4,263,58
4,264,577
4,273,32
4,280,548
5,1,180
5,2,30
5,6,37
5,7,127
5,8,334
5,11,309
5,13,381
5,14,365
5,15,140
5,17,596
5,18,234
5,20,441
5,21,237
5,22,36
5,23,284
5,24,15
5,25,230
5,30,487
5,31,102
5,33,223
5,34,561
5,37,444
5,38,540
5,40,329
5,45,107
5,47,538
5,48,116
5,50,482
5,51,558
5,52,241
5,56,69
5,57,289
5,58,120
5,59,455
5,60,563
5,62,256
5,64,348
5,66,510
5,68,591
5,69,362
5,77,538
5,80,338
5,81,129
5,85,460
5,89,226
5,91,565
5,107,482
5,110,60
5,113,389
5,127,142
5,131,123
5,135,184
5,143,245
5,144,535
5,150,372
5,164,351
5,165,182
5,167,168
5,170,553
5,172,336
5,179,263
5,182,327
5,196,40
5,210,562
5,212,352
5,222,219
5,237,379
5,240,274
5,243,310
5,250,583
5,252,81
5,262,212
5,268,559
5,277,385
5,281,496
6,2,81
6,3,451
6,4,24
6,5,37
6,7,110
6,9,137
6,11,547
6,12,418
6,13,294
6,14,481
6,15,322
6,18,547
6,19,22
6,20,467
6,21,7
6,22,102
6,23,558
6,26,466
6,29,386
6,30,1
6,31,597
6,33,65
6,35,574
6,36,172
6,37,586
6,38,548
6,40,347
6,42,111
6,43,44
6,47,19
6,48,270
6,49,50
6,50,353
6,51,309
6,53,116
6,54,316
6,57,56
6,58,109
6,59,243
6,61,536
6,66,587
6,67,353
6,70,292
6,71,54
6,74,394
6,75,76
6,77,91
6,79,275
6,84,398
6,92,576
6,93,566
6,95,236
6,100,537
6,104,499
6,106,463
6,108,276
6,111,245
6,114,182
6,120,292
6,136,150
6,137,3
6,138,130
6,140,411
6,142,34
6,146,48
6,148,446
6,154,254
6,157,341
6,161,104
6,166,24
6,169,312
6,172,264
6,174,75
6,176,554
6,181,333
6,183,132
6,186,27
6,188,179
6,192,306
6,196,21
6,199,158
6,215,509
6,219,59
6,226,189
6,228,320
6,231,416
6,234,357
6,240,1
6,266,580
6,271,35
6,280,63
6,282,347
6,283,175
6,299,103
7,2,6
7,4,428
7,5,127
7,6,110
7,8,175
7,10,407
7,12,197
7,13,225
7,15,166
7,18,292
7,19,24
7,21,48
7,23,383
7,28,92
7,29,483
7,30,94
7,31,108
7,32,475
7,33,476
7,34,221
7,35,281
7,36,299
7,37,343
7,41,589
7,42,436
7,43,129
7,46,171
7,48,61
7,49,306
7,51,595
7,53,377
7,56,218
7,57,583
7,58,352
7,60,43
7,62,186
7,63,477
7,65,144
7,66,44
7,67,140
7,68,482
7,72,221
7,73,29
7,75,117
7,76,184
7,77,387
7,78,192
7,79,250
7,82,186
7,86,261
7,89,235
7,90,543
7,92,385
7,98,462
7,111,476
7,124,360
7,125,250
7,130,515
7,131,472
7,135,128
7,141,590
7,147,215
7,151,499
7,163,205
7,175,568
7,189,157
7,190,117
7,191,521
7,202,529
7,219,276
7,222,569
7,227,32
7,234,496
7,241,204
7,251,248
7,252,366
7,255,408
7,280,575
7,290,595
8,1,392
8,2,33
8,3,529
8,5,334
8,7,175
8,10,248
8,11,572
8,12,297
8,15,388
8,16,476
8,17,293
8,18,177
8,19,283
8,22,254
8,24,152
8,25,293
8,26,9
8,28,432
8,32,520
8,35,319
8,36,67
8,37,359
8,40,89
8,41,384
8,42,393
8,43,510
8,44,407
8,45,370
8,47,373
8,54,221
8,56,123
8,58,463
8,59,160
8,62,372
8,63,100
8,64,408
8,67,203
8,68,119
8,74,85
8,77,489
8,81,432
8,82,565
8,87,92
8,88,113
8,91,85
8,92,466
8,95,569
8,98,306
8,101,135
8,103,512
8,105,284
8,106,587
8,110,20
8,114,214
8,116,412
8,120,206
8,121,45
8,122,514
8,138,23
8,140,383
8,151,111
8,153,417
8,160,156
8,163,581
8,165,370
8,166,406
8,174,295
8,179,118
8,181,275
8,191,560
8,197,123
8,207,533
8,208,529
8,224,402
8,232,305
8,241,423
8,245,33
8,258,20
8,261,398
8,263,562
8,268,545
8,273,491
8,283,493
8,293,578
9,1,340
9,2,567
9,3,579
9,4,283
9,6,137
9,10,535
9,12,195
9,13,373
9,15,51
9,16,541
9,17,113
9,18,278
9,21,358
9,22,445
9,23,174
9,24,325
9,26,407
9,28,211
9,29,569
9,31,3
9,32,319
9,34,27
9,36,320
9,38,569
9,41,413
9,42,377
9,43,427
9,44,597
9,45,510
9,46,53
9,47,428
9,48,230
9,49,226
9,50,560
9,51,290
9,52,274
9,56,381
9,57,230
9,58,67
9,60,458
9,61,189
9,62,61
9,63,192
9,67,456
9,68,215
9,69,590
9,74,498
9,75,329
9,80,464
9,84,130
9,87,523
9,88,252
9,92,176
9,93,360
9,96,467
9,97,247
9,103,237
9,104,101
9,107,199
9,123,454
9,124,411
9,130,364
9,131,328
9,135,510
9,136,166
9,144,395
9,152,400
9,155,301
9,164,527
9,175,269
9,176,310
9,180,478
9,186,455
9,188,438
9,192,175
9,228,578
9,231,588
9,235,323
9,242,266
9,252,312
9,264,64
9,265,335
9,267,110
9,276,199
9,284,408
10,2,235
10,4,191
10,7,407
10,8,248
10,9,535
10,11,226
10,13,341
10,14,38
10,15,395
10,16,169
10,19,354
10,21,29
10,22,65
10,27,440
10,28,257
10,29,561
10,30,101
10,31,315
10,33,163
10,34,424
10,36,97
10,37,320
10,41,269
10,48,93
10,50,56
10,51,288
10,52,228
10,54,232
10,55,326
10,61,261
10,63,344
10,64,498
10,68,41
10,70,105
10,71,273
10,72,24
10,75,266
10,77,371
10,82,387
10,84,118
10,86,488
10,91,318
10,93,339
10,94,230
10,97,378
10,98,186
10,99,339
10,100,300
10,103,111
10,113,403
10,116,42
10,119,559
10,120,387
10,124,533
10,128,261
10,139,254
10,141,504
10,148,457
10,158,473
10,167,561
10,170,78
10,174,342
10,176,410
10,177,476
10,178,109
10,181,216
10,183,373
10,184,538
10,187,237
10,196,300
10,204,224
10,206,560
10,211,288
10,228,521
10,238,155
10,248,558
10,252,600
10,265,307
10,266,533
10,272,17
10,283,426
10,284,565
10,286,223
11,1,204
11,2,421
11,5,309
11,6,547
11,8,572
11,10,226
11,13,305
11,14,507
11,17,113
11,18,541
11,19,47
11,20,407
11,21,390
11,22,248
11,24,76
11,26,105
11,27,127
11,28,376
11,29,174
11,31,187
11,32,76
11,35,196
11,36,527
11,38,385
11,39,483
11,40,156
11,41,473
11,42,160
11,43,202
11,44,504
11,47,1
11,50,101
11,51,320
11,57,286
11,58,499
11,59,121
11,60,281
11,62,266
11,65,431
11,68,133
11,69,278
11,71,26
11,73,431
11,74,516
11,78,461
11,79,121
11,80,93
11,83,370
11,85,401
11,86,121
11,89,22
11,90,209
11,97,216
11,99,415
11,104,315
11,110,406
11,115,548
11,117,288
11,121,79
11,129,166
11,133,61
11,136,395
11,139,396
11,142,566
11,146,442
11,149,2
11,156,130
11,158,166
11,168,478
11,169,320
11,175,97
11,184,281
11,199,478
11,201,66
11,202,507
11,217,479
11,237,322
11,254,516
11,268,364
11,285,421
11,286,270
11,295,447
11,296,241
12,1,591
12,2,558
12,3,569
12,6,418
12,7,197
12,8,297
12,9,195
12,13,214
12,14,73
12,15,250
12,17,557
12,18,546
12,20,52
12,23,87
12,24,157
12,29,285
12,30,131
12,31,531
12,32,492
12,34,501
12,36,505
12,37,417
12,39,330
12,42,576
12,43,100
12,44,298
12,45,2
12,47,516
12,50,223
12,56,191
12,57,48
12,58,95
12,59,188
12,60,511
12,62,274
12,71,455
12,74,223
12,81,507
12,82,461
12,87,11
12,92,567
12,93,366
12,94,301
12,101,116
12,102,154
12,103,297
12,104,235
12,105,96
12,110,321
12,118,251
12,119,443
12,121,475
12,130,399
12,132,536
12,135,497
12,136,17
12,138,394
12,146,474
12,148,578
12,169,300
12,170,214
12,171,103
12,174,270
12,180,177
12,202,296
12,205,167
12,208,259
12,216,510
12,239,233
12,243,580
12,248,125
12,253,179
12,264,142
12,274,425
12,275,474
12,276,466
12,293,240
13,2,502
13,4,410
13,5,381
13,6,294
13,7,225
13,9,373
13,10,341
13,11,305
13,12,214
13,14,93
13,15,480
13,16,353
13,19,568
13,20,105
13,22,17
13,23,110
13,24,102
13,26,21
13,27,206
13,28,553
13,29,59
13,30,177
13,31,508
13,32,434
13,33,476
13,34,350
13,35,257
13,37,168
13,39,375
13,40,518
13,43,118
13,45,242
13,47,175
13,49,221
13,50,340
13,52,345
13,54,166
13,55,192
13,60,283
13,62,468
13,64,193
13,65,569
13,66,276
13,67,353
13,69,587
13,71,335
13,77,7
13,81,272
13,85,294
13,90,570
13,91,516
13,94,394
13,99,27
13,104,70
13,106,238
13,108,7
13,115,242
13,116,51
13,123,535
13,127,540
13,129,81
13,142,484
13,148,415
13,151,407
13,156,319
13,164,428
13,165,563
13,166,140
13,176,83
13,186,13
13,191,60
13,199,317
13,201,20
13,203,34
13,205,201
13,218,498
13,222,460
13,232,157
13,239,115
13,244,22
13,247,408
13,265,17
13,271,81
13,282,574
13,291,14
14,2,410
14,3,381
14,4,87
14,5,365
14,6,481
14,10,38
14,11,507
14,12,73
14,13,93
14,16,393
14,17,255
14,18,259
14,19,229
14,22,210
14,23,331
14,25,93
14,27,287
14,29,574
14,31,223
14,32,560
14,33,382
14,34,382
14,39,100
14,41,246
14,42,559
14,43,475
14,46,326
14,47,566
14,52,420
14,53,420
14,54,83
14,56,590
14,57,338
14,62,233
14,63,140
14,69,360
14,70,373
14,72,49
14,73,60
14,75,183
14,84,447
14,87,181
14,88,600
14,90,472
14,91,130
14,93,350
14,95,442
14,96,210
14,107,235
14,110,90
14,114,10
14,115,563
14,119,550
14,120,284
14,124,85
14,125,254
14,129,88
14,134,215
14,138,285
14,148,364
14,154,404
14,155,36
14,156,184
14,159,419
14,160,305
14,161,293
14,166,83
14,173,260
14,182,182
14,184,192
14,187,308
14,191,108
14,197,294
14,199,405
14,200,18
14,206,69
14,208,407
14,221,386
14,233,58
14,246,47
14,248,301
14,260,178
14,271,428
14,284,417
14,296,78
14,297,45
14,300,326
15,2,382
15,3,593
15,4,332
15,5,140
15,6,322
15,7,166
15,8,388
15,9,51
15,10,395
15,12,250
15,13,480
15,16,199
15,18,182
15,19,491
15,20,339
15,24,120
15,25,332
15,26,4
15,27,296
15,28,159
15,30,360
15,31,1
15,32,11
15,33,276
15,35,438
15,37,49
15,40,262
15,41,560
15,45,102
15,46,588
15,49,364
15,51,161
15,52,32
15,53,392
15,55,569
15,56,186
15,58,368
15,59,350
15,61,582
15,62,564
15,63,127
15,64,572
15,65,57
15,68,407
15,76,588
15,77,344
15,80,356
15,81,98
15,83,335
15,85,495
15,86,301
15,92,13
15,93,63
15,102,443
15,106,531
15,109,376
15,110,130
15,116,232
15,117,225
15,127,11
15,129,218
15,131,434
15,137,275
15,149,89
15,152,48
15,157,580
15,159,300
15,161,6
15,166,285
15,175,547
15,178,263
15,185,577
15,190,582
15,195,258
15,199,129
15,200,182
15,202,182
15,207,566
15,208,155
15,209,14
15,217,191
15,219,314
15,222,389
15,230,70
15,231,574
15,233,366
15,237,61
15,247,76
15,249,248
15,250,282
15,255,586
15,257,196
15,258,419
15,267,476
15,283,441
16,1,571
16,2,214
16,3,283
16,4,359
16,8,476
16,9,541
16,10,169
16,13,353
16,14,393
16,15,199
16,17,370
16,18,121
16,19,591
16,21,44
16,22,62
16,24,580
16,25,349
16,26,446
16,27,267
16,28,324
16,30,349
16,31,306
16,32,236
16,33,144
16,34,587
16,35,473
16,36,29
16,38,227
16,41,387
16,42,435
16,44,500
16,45,434
16,46,102
16,50,480
16,52,453
16,53,237
16,54,441
16,55,462
16,58,336
16,59,90
16,60,138
16,62,502
16,63,8
16,65,502
16,66,350
16,69,361
16,70,581
16,72,209
16,73,232
16,75,519
16,76,181
16,79,395
16,82,334
16,85,292
16,88,233
16,90,147
16,91,60
16,94,28
16,95,234
16,96,61
16,97,50
16,100,488
16,101,520
16,102,85
16,117,503
16,122,582
16,123,275
16,124,464
16,125,575
16,126,342
16,127,99
16,130,316
16,131,254
16,134,417
16,135,21
16,137,31
16,138,158
16,140,174
16,144,496
16,150,322
16,163,276
16,173,78
16,175,221
16,178,498
16,185,304
16,196,351
16,199,265
16,204,424
16,210,470
16,222,393
16,223,56
16,227,506
16,245,194
16,255,44
16,258,500
16,267,439
16,289,200
16,290,176
16,297,435
16,299,118
17,1,447
17,3,567
17,4,79
17,5,596
17,8,293
17,9,113
17,11,113
17,12,557
17,14,255
17,16,370
17,18,1
17,19,279
17,20,241
17,22,530
17,23,387
17,24,495
17,25,468
17,26,216
17,27,163
17,28,465
17,30,366
17,31,56
17,32,294
17,33,67
17,34,374
17,35,53
17,37,37
17,38,293
17,39,419
17,40,39
17,41,342
17,42,167
17,44,163
17,47,503
17,49,493
17,50,367
17,53,567
17,55,233
17,58,57
17,59,366
17,63,553
17,64,569
17,68,567
17,70,576
17,71,234
17,73,540
17,74,156
17,77,288
17,79,159
17,85,591
17,86,254
17,89,194
17,95,390
17,96,545
17,98,394
17,102,159
17,104,136
17,105,206
17,107,233
17,116,572
17,117,326
17,119,432
17,127,546
17,135,367
17,139,161
17,140,326
17,141,175
17,145,391
17,147,59
17,152,452
17,153,413
17,158,542
17,168,176
17,182,286
17,184,441
17,198,9
17,205,179
17,210,477
17,226,33
17,236,20
17,241,560
17,244,176
17,262,107
17,268,31
17,286,448
18,1,422
18,3,270
18,4,146
18,5,234
18,6,547
18,7,292
18,8,177
18,9,278
18,11,541
18,12,546
18,14,259
18,15,182
18,16,121
18,17,1
18,19,339
18,20,338
18,21,28
18,23,222
18,24,268
18,27,193
18,28,428
18,29,462
18,30,411
18,32,67
18,34,382
18,36,127
18,37,3
18,38,555
18,41,46
18,42,327
18,45,370
18,46,1
18,48,225
18,49,238
18,51,413
18,53,68
18,54,344
18,57,281
18,58,285
18,59,116
18,61,434
18,63,260
18,67,286
18,73,290
18,75,207
18,77,593
18,86,305
18,88,580
18,90,354
18,91,7
18,92,559
18,93,3
18,94,514
18,100,188
18,102,377
18,112,454
18,114,573
18,117,503
18,119,539
18,122,283
18,128,131
18,131,478
18,137,249
18,144,532
18,153,171
18,202,71
18,206,281
18,212,547
18,223,556
18,250,77
18,261,103
18,275,563
18,280,219
18,284,399
18,289,103
18,291,246
18,298,54
19,3,130
19,4,22
19,6,22
19,7,24
19,8,283
19,10,354
19,11,47
19,13,568
19,14,229
19,15,491
19,16,591
19,17,279
19,18,339
19,20,529
19,21,490
19,23,381
19,25,452
19,26,328
19,27,87
19,30,115
19,31,284
19,32,563
19,34,140
19,35,484
19,36,175
19,39,124
19,40,297
19,41,518
19,43,11
19,44,524
19,47,433
19,48,466
19,50,528
19,54,419
19,55,446
19,59,478
19,60,430
19,64,376
19,66,123
19,67,259
19,74,108
19,76,469
19,78,444
19,83,237
19,84,348
19,88,125
19,90,475
19,91,145
19,97,455
19,98,430
19,99,75
19,101,169
19,102,164
19,103,37
19,114,62
19,116,474
19,118,266
19,123,354
19,124,37
19,126,338
19,129,218
19,141,598
19,145,434
19,152,597
19,157,599
19,159,235
19,161,104
19,162,529
19,169,172
19,171,394
19,173,425
19,174,451
19,178,221
19,188,429
19,196,233
19,199,287
19,203,146
19,209,160
19,213,274
19,216,276
19,223,159
19,227,426
19,231,396
19,242,414
19,245,208
19,250,396
19,253,555
19,274,98
19,293,595
20,2,595
20,3,487
20,4,448
20,5,441
20,6,467
20,11,407
20,12,52
20,13,105
20,15,339
20,17,241
20,18,338
20,19,529
20,21,199
20,23,96
20,24,125
20,25,573
20,28,248
20,29,207
20,30,460
20,31,158
20,32,134
20,34,568
20,35,82
20,38,493
20,39,232
20,42,413
20,48,375
20,50,331
20,52,144
20,53,576
20,56,543
20,58,56
20,61,52
20,63,149
20,65,440
20,68,3
20,69,242
20,74,453
20,77,400
20,81,321
20,84,331
20,87,214
20,88,217
20,91,351
20,92,459
20,94,422
20,98,451
20,101,102
20,108,324
20,112,221
20,117,436
20,119,568
20,120,81
20,123,91
20,127,14
20,128,10
20,133,494
20,134,194
20,137,237
20,139,156
20,144,315
20,145,274
20,148,184
20,152,14
20,156,26
20,159,563
20,162,255
20,164,383
20,178,245
20,179,88
20,183,385
20,188,259
20,193,320
20,194,109
20,201,455
20,203,372
20,211,126
20,224,403
20,228,178
20,232,15
20,251,34
20,254,263
20,261,98
20,265,267
20,274,276
21,1,466
21,2,95
21,3,41
21,4,336
21,5,237
21,6,7
21,7,48
21,9,358
21,10,29
21,11,390
21,16,44
21,18,28
21,19,490
21,20,199
21,22,63
21,23,489
21,24,23
21,25,548
21,26,383
21,27,586
21,28,579
21,29,311
21,31,230
21,32,319
21,33,469
21,34,435
21,35,380
21,36,148
21,41,274
21,45,455
21,46,51
21,49,315
21,50,242
21,51,326
21,53,445
21,55,467
21,64,467
21,65,372
21,67,561
21,68,557
21,70,351
21,71,196
21,72,533
21,74,39
21,78,366
21,79,562
21,80,186
21,81,208
21,82,392
21,84,326
21,85,13
21,87,578
21,97,200
21,98,534
21,99,310
21,100,279
21,105,62
21,107,115
21,109,364
21,117,274
21,118,117
21,122,360
21,123,553
21,125,393
21,126,520
21,134,154
21,138,182
21,139,573
21,145,537
21,146,418
21,159,249
21,163,130
21,165,15
21,167,41
21,171,592
21,174,143
21,184,227
21,185,574
21,190,312
21,194,580
21,221,570
21,239,1
21,240,229
21,241,271
21,248,412
21,264,21
21,265,388
21,280,505
21,288,423
21,289,417
21,298,5
22,1,149
22,2,454
22,4,448
22,5,36
22,6,102
22,8,254
22,9,445
22,10,65
22,11,248
22,13,17
22,14,210
22,16,62
22,17,530
22,21,63
22,23,572
22,26,357
22,28,438
22,29,135
22,30,449
22,32,488
22,33,567
22,34,26
22,37,138
22,40,443
22,41,422
22,44,570
22,45,27
22,46,63
22,47,243
22,48,69
22,49,36
22,50,510
22,51,343
22,57,441
22,61,405
22,63,22
22,65,480
22,66,561
22,67,220
22,76,317
22,77,186
22,78,512
22,79,501
22,85,467
22,87,187
22,88,124
22,90,25
22,93,51
22,94,78
22,96,143
22,99,404
22,106,144
22,111,575
22,115,229
22,121,80
22,131,535
22,136,301
22,138,495
22,148,309
22,151,172
22,158,144
22,172,370
22,182,105
22,185,246
22,186,63
22,189,454
22,193,153
22,194,295
22,195,126
22,203,98
22,213,314
22,218,507
22,219,57
22,229,191
22,233,206
22,247,274
22,254,387
22,260,30
22,264,274
22,277,238
22,282,473
22,284,80
23,1,258
23,3,127
23,4,134
23,5,284
23,6,558
23,7,383
23,9,174
23,12,87
23,13,110
23,14,331
23,17,387
23,18,222
23,19,381
23,20,96
23,21,489
23,22,572
23,24,349
23,26,454
23,28,503
23,30,484
23,31,80
23,33,340
23,35,87
23,36,304
23,37,233
23,39,584
23,40,105
23,41,99
23,43,121
23,44,409
23,45,569
23,48,593
23,49,399
23,53,437
23,54,552
23,55,535
23,62,243
23,66,164
23,67,154
23,68,439
23,69,182
23,70,533
23,71,334
23,73,237
23,74,269
23,77,177
23,79,308
23,84,511
23,85,236
23,86,593
23,92,526
23,93,206
23,96,196
23,98,257
23,99,218
23,101,16
23,103,143
23,104,338
23,105,166
23,107,147
23,108,242
23,114,223
23,119,157
23,123,450
23,126,452
23,129,528
23,131,212
23,137,219
23,138,267
23,143,179
23,144,100
23,147,254
23,148,261
23,149,288
23,166,148
23,170,179
23,172,237
23,177,455
23,189,592
23,191,22
23,195,22
23,201,33
23,208,318
23,210,523
23,232,70
23,276,409
23,287,532
23,294,283
23,298,477
23,300,465
24,1,385
24,2,269
24,3,456
24,4,543
24,5,15
24,8,152
24,9,325
24,11,76
24,12,157
24,13,102
24,15,120
24,16,580
24,17,495
24,18,268
24,20,125
24,21,23
24,23,349
24,25,163
24,27,435
24,28,526
24,29,179
24,30,471
24,31,478
24,32,477
24,33,129
24,36,472
24,37,78
24,38,211
24,39,118
24,40,39
24,41,433
24,45,145
24,46,108
24,47,590
24,49,550
24,52,195
24,55,77
24,56,242
24,58,22
24,59,5
24,60,200
24,62,429
24,64,100
24,65,334
24,66,375
24,67,525
24,68,114
24,70,349
24,80,233
24,86,91
24,93,91
24,95,403
24,100,369
24,101,73
24,109,327
24,112,430
24,119,555
24,121,564
24,125,429
24,130,162
24,135,457
24,160,485
24,164,556
24,168,341
24,171,470
24,174,301
24,177,349
24,192,428
24,195,48
24,198,326
24,200,550
24,204,588
24,211,450
24,220,337
24,221,531
24,226,26
24,235,531
24,239,8
24,253,145
24,279,289
24,280,159
25,1,566
25,2,460
25,3,301
25,4,460
25,5,230
25,8,293
25,14,93
25,15,332
25,16,349
25,17,468
25,19,452
25,20,573
25,21,548
25,24,163
25,27,530
25,28,371
25,30,449
25,31,547
25,32,368
25,33,476
25,35,85
25,36,585
25,37,217
25,38,411
25,39,228
25,41,132
25,42,547
25,44,233
25,46,429
25,47,92
25,48,87
25,56,175
25,57,107
25,60,551
25,61,544
25,63,561
25,64,483
25,70,128
25,71,571
25,72,309
25,73,482
25,76,479
25,83,315
25,87,189
25,90,110
25,95,319
25,96,514
25,97,534
25,100,224
25,105,138
25,112,487
25,113,441
25,115,269
25,122,69
25,123,66
25,125,16
25,126,242
25,128,302
25,130,535
25,138,289
25,139,560
25,141,330
25,148,597
25,149,541
25,150,92
25,152,262
25,173,418
25,180,282
25,194,131
25,195,546
25,226,298
25,251,341
25,252,68
25,253,508
25,268,54
26,1,510
26,2,439
26,3,188
26,4,175
26,6,466
26,8,9
26,9,407
26,11,105
26,13,21
26,15,4
26,16,446
26,17,216
26,19,328
26,21,383
26,22,357
26,23,454
26,27,446
26,29,56
26,30,46
26,33,451
26,35,286
26,36,481
26,38,229
26,39,73
26,41,23
26,43,479
26,44,33
26,45,139
26,48,233
26,51,85
26,52,129
26,53,495
26,55,36
26,56,117
26,58,154
26,64,216
26,65,517
26,66,44
26,67,79
26,71,339
26,74,577
26,75,233
26,82,507
26,83,46
26,86,216
26,88,399
26,94,180
26,99,287
26,103,564
26,105,354
26,109,557
26,112,478
26,116,254
26,126,554
26,133,428
26,134,525
26,139,353
26,141,145
26,142,448
26,145,497
26,152,47
26,155,481
26,157,236
26,162,91
26,163,128
26,170,475
26,178,548
26,182,43
26,186,462
26,195,597
26,211,242
26,213,550
26,221,198
26,236,210
26,239,392
26,240,112
26,245,376
26,247,6
26,258,93
26,269,266
26,272,307
26,275,489
26,279,227
26,280,99
26,294,411
26,296,367
27,1,421
27,2,448
27,3,378
27,10,440
27,11,127
27,13,206
27,14,287
27,15,296
27,16,267
27,17,163
27,18,193
27,19,87
27,21,586
27,24,435
27,25,530
27,26,446
27,28,197
27,29,3
27,30,595
27,32,400
27,33,93
27,34,590
27,36,214
27,38,463
27,39,94
27,40,425
27,41,75
27,43,212
27,45,101
27,47,71
27,48,153
27,50,269
27,51,232
27,52,166
27,53,402
27,54,421
27,57,189
27,62,583
27,63,544
27,67,297
27,69,522
27,70,296
27,71,230
27,76,125
27,77,303
27,81,149
27,82,180
27,85,582
27,87,280
27,88,73
27,91,488
27,92,26
27,96,375
27,103,508
27,116,580
27,117,25
27,118,301
27,133,472
27,145,440
27,151,434
27,152,92
27,157,599
27,158,566
27,159,427
27,163,518
27,167,328
27,188,206
27,189,423
27,199,424
27,200,176
27,201,416
27,217,202
27,218,477
27,224,64
27,234,177
27,237,521
27,243,119
27,245,359
27,250,9
27,251,443
27,254,160
27,263,580
27,265,439
27,273,174
27,278,434
27,281,350
27,292,321
28,4,503
28,7,92
28,8,432
28,9,211
28,10,257
28,11,376
28,13,553
28,15,159
28,16,324
28,17,465
28,18,428
28,20,248
28,21,579
28,22,438
28,23,503
28,24,526
28,25,371
28,27,197
28,29,152
28,30,192
28,31,28
28,32,536
28,34,338
28,38,40
28,39,370
28,42,246
28,43,137
28,46,110
28,47,555
28,48,311
28,49,566
28,50,292
28,54,572
28,55,386
28,56,89
28,57,416
28,58,191
28,60,169
28,61,164
28,64,588
28,65,197
28,66,295
28,72,480
28,74,589
28,77,163
28,79,244
28,81,411
28,82,98
28,83,66
28,85,230
28,87,475
28,88,469
28,89,249
28,91,274
28,94,60
28,95,196
28,98,420
28,101,34
28,105,387
28,108,487
28,114,600
28,124,234
28,127,216
28,129,59
28,132,137
28,138,452
28,139,585
28,150,61
28,159,69
28,161,22
28,163,531
28,165,427
28,168,36
28,169,238
28,171,428
28,173,479
28,182,386
28,188,280
28,191,249
28,206,246
28,207,422
28,218,430
28,219,456
28,234,448
28,236,429
28,242,451
28,245,302
28,246,33
28,257,529
28,261,273
28,263,145
28,268,405
28,272,328
28,294,398
28,296,326
28,300,434
29,1,460
29,2,209
29,4,76
29,6,386
29,7,483
29,9,569
29,10,561
29,11,174
29,12,285
29,13,59
29,14,574
29,18,462
29,20,207
29,21,311
29,22,135
29,24,179
29,26,56
29,27,3
29,28,152
29,33,509
29,34,210
29,35,193
29,36,31
29,37,304
29,38,456
29,40,264
29,44,324
29,45,389
29,46,64
29,47,9
29,50,280
29,51,279
29,53,132
29,54,208
29,56,276
29,59,541
29,61,239
29,64,293
29,67,452
29,68,93
29,70,213
29,75,354
29,78,300
29,85,484
29,89,79
29,91,551
29,95,144
29,98,437
29,103,459
29,104,544
29,105,200
29,114,295
29,123,66
29,124,10
29,125,478
29,126,94
29,127,344
29,132,158
29,133,493
29,134,152
29,141,527
29,145,334
29,149,573
29,153,569
29,159,444
29,169,276
29,183,433
29,186,42
29,197,236
29,198,232
29,199,331
29,203,490
29,204,192
29,208,421
29,209,118
29,212,217
29,213,199
29,214,501
29,215,353
29,219,157
29,222,289
29,224,207
29,228,359
29,244,117
29,246,321
29,260,215
29,280,536
29,290,108
29,291,69
29,294,320
30,3,425
30,5,487
30,6,1
30,7,94
30,10,101
30,12,131
30,13,177
30,15,360
30,16,349
30,17,366
30,18,411
30,19,115
30,20,460
30,22,449
30,23,484
30,24,471
30,25,449
30,26,46
30,27,595
30,28,192
30,31,202
30,33,200
30,34,168
30,35,131
30,38,31
30,39,419
30,40,204
30,42,181
30,43,541
30,45,497
30,48,224
30,52,292
30,53,479
30,57,72
30,58,326
30,59,441
30,60,3
30,61,144
30,64,420
30,66,305
30,67,135
30,71,420
30,75,569
30,76,440
30,77,246
30,79,373
30,80,316
30,84,112
30,86,227
30,93,324
30,96,108
30,99,116
30,104,388
30,105,176
30,106,342
30,111,580
30,117,461
30,121,89
30,123,405
30,125,445
30,130,102
30,132,130
30,133,267
30,134,484
30,137,45
30,145,573
30,150,545
30,160,537
30,180,236
30,188,471
30,193,75
30,194,50
30,198,397
30,215,587
30,222,127
30,229,34
30,235,461
30,238,96
30,242,597
30,246,123
30,267,564
30,274,302
30,276,217
30,279,252
31,1,549
31,4,277
31,5,102
31,6,597
31,7,108
31,9,3
31,10,315
31,11,187
31,12,531
31,13,508
31,14,223
31,15,1
31,16,306
31,17,56
31,19,284
31,20,158
31,21,230
31,23,80
31,24,478
31,25,547
31,28,28
31,30,202
31,32,260
31,34,414
31,37,401
31,39,590
31,42,573
31,46,249
31,50,177
31,53,398
31,57,303
31,58,185
31,59,179
31,64,398
31,66,494
31,69,221
31,70,156
31,72,226
31,73,571
31,75,445
31,77,170
31,81,595
31,86,109
31,87,505
31,88,589
31,89,591
31,91,159
31,92,51
31,97,90
31,98,6
31,99,83
31,101,214
31,110,390
31,116,128
31,119,543
31,121,311
31,122,268
31,125,481
31,127,369
31,135,247
31,139,374
31,140,240
31,142,469
31,146,329
31,147,380
31,149,94
31,153,552
31,160,474
31,166,531
31,173,531
31,174,336
31,181,254
31,185,332
31,195,95
31,204,35
31,206,24
31,209,122
31,212,456
31,219,413
31,224,271
31,231,157
31,232,31
31,234,511
31,237,423
31,252,578
31,286,365
31,289,467
31,294,227
31,297,245
32,1,225
32,7,475
32,8,520
32,9,319
32,11,76
32,12,492
32,13,434
32,14,560
32,15,11
32,16,236
32,17,294
32,18,67
32,19,563
32,20,134
32,21,319
32,22,488
32,24,477
32,25,368
32,27,400
32,28,536
32,31,260
32,33,75
32,35,42
32,36,175
32,37,18
32,39,406
32,40,501
32,41,288
32,44,339
32,45,514
32,46,596
32,47,60
32,53,404
32,54,354
32,55,241
32,57,581
32,58,564
32,60,557
32,61,17
32,63,508
32,66,49
32,71,518
32,72,397
32,73,245
32,74,476
32,80,461
32,84,23
32,87,437
32,88,407
32,92,3
32,97,289
32,101,101
32,104,383
32,105,210
32,109,47
32,119,534
32,124,242
32,132,95
32,138,229
32,139,131
32,146,451
32,161,442
32,165,535
32,170,305
32,171,250
32,185,261
32,189,118
32,190,108
32,192,424
32,196,195
32,198,266
32,204,288
32,206,17
32,208,266
32,210,369
32,215,419
32,218,435
32,221,88
32,222,2
32,243,121
32,250,100
32,273,285
32,277,164
32,280,404
32,284,482
32,287,288
32,296,69
32,298,334
33,1,447
33,2,330
33,3,42
33,5,223
33,6,65
33,7,476
33,10,163
33,13,476
33,14,382
33,15,276
33,16,144
33,17,67
33,21,469
33,22,567
33,23,340
33,24,129
33,25,476
33,26,451
33,27,93
33,29,509
33,30,200
33,32,75
33,34,320
33,35,494
33,36,597
33,37,200
33,38,483
33,39,576
33,42,115
33,47,402
33,49,286
33,50,253
33,52,262
33,54,166
33,55,478
33,56,280
33,59,89
33,64,42
33,68,365
33,71,88
33,76,300
33,83,135
33,93,71
33,94,21
33,97,93
33,103,255
33,105,344
33,107,444
33,110,227
33,111,198
33,113,375
33,128,571
33,129,471
33,131,433
33,137,412
33,146,98
33,149,245
33,152,445
33,155,300
33,156,299
33,162,268
33,168,82
33,170,49
33,183,232
33,189,420
33,190,268
33,201,191
33,211,152
33,212,374
33,218,518
33,234,85
33,235,369
33,249,7
33,262,238
34,1,252
34,2,108
34,3,494
34,4,155
34,5,561
34,7,221
34,9,27
34,10,424
34,12,501
34,13,350
34,14,382
34,16,587
34,17,374
34,18,382
34,19,140
34,20,568
34,21,435
34,22,26
34,27,590
34,28,338
34,29,210
34,30,168
34,31,414
34,33,320
34,36,262
34,37,380
34,38,191
34,39,137
34,41,594
34,42,600
34,43,321
34,45,586
34,46,552
34,50,33
34,51,420
34,53,27
34,54,61
34,55,64
34,58,126
34,64,144
34,66,92
34,69,417
34,70,64
34,72,71
34,73,323
34,78,503
34,81,320
34,83,332
34,85,230
34,88,254
34,90,19
34,92,422
34,96,439
34,97,402
34,98,242
34,100,296
34,103,111
34,119,221
34,121,550
34,126,93
34,128,445
34,130,234
34,134,510
34,135,158
34,138,67
34,143,318
34,147,335
34,149,569
34,150,341
34,166,183
34,171,55
34,175,163
34,187,71
34,190,379
34,206,30
34,209,293
34,213,34
34,219,88
34,223,447
34,236,56
34,240,403
34,243,13
34,255,74
34,268,395
34,274,462
34,277,127
34,278,225
34,285,138
34,297,109
35,2,555
35,3,211
35,4,334
35,6,574
35,7,281
35,8,319
35,11,196
35,13,257
35,15,438
35,16,473
35,17,53
35,19,484
35,20,82
35,21,380
35,23,87
35,25,85
35,26,286
35,29,193
35,30,131
35,32,42
35,33,494
35,36,31
35,37,6
35,38,514
35,39,534
35,40,87
35,41,217
35,42,434
35,43,515
35,44,374
35,45,439
35,47,27
35,53,333
35,54,500
35,55,249
35,57,216
35,58,449
35,65,523
35,67,468
35,68,549
35,69,303
35,70,554
35,73,70
35,76,48
35,78,209
35,86,460
35,87,200
35,89,382
35,96,238
35,100,322
35,102,10
35,103,4
35,107,471
35,109,363
35,116,33
35,126,591
35,130,3
35,135,443
35,136,484
35,137,528
35,138,426
35,144,415
35,160,402
35,167,70
35,169,426
35,175,92
35,177,514
35,179,160
35,180,468
35,182,507
35,184,544
35,186,485
35,187,21
35,191,24
35,192,187
35,206,136
35,212,523
35,215,96
35,224,151
35,228,78
35,229,251
35,231,205
35,232,266
35,234,261
35,247,435
35,254,432
35,256,320
35,264,114
35,268,334
35,273,123
36,4,370
36,6,172
36,7,299
36,8,67
36,9,320
36,10,97
36,11,527
36,12,505
36,16,29
36,18,127
36,19,175
36,21,148
36,23,304
36,24,472
36,25,585
36,26,481
36,27,214
36,29,31
36,32,175
36,33,597
36,34,262
36,35,31
36,37,385
36,42,148
36,43,585
36,44,258
36,46,462
36,48,460
36,49,427
36,50,341
36,51,170
36,52,421
36,54,182
36,59,296
36,61,339
36,65,146
36,73,437
36,74,357
36,75,235
36,79,150
36,83,128
36,86,253
36,87,493
36,91,93
36,92,352
36,94,212
36,98,105
36,103,459
36,110,270
36,117,552
36,118,14
36,119,190
36,120,65
36,122,34
36,135,66
36,138,299
36,142,465
36,143,559
36,144,290
36,149,45
36,153,432
36,158,359
36,162,53
36,167,555
36,168,390
36,173,347
36,187,535
36,190,366
36,196,419
36,197,265
36,199,391
36,201,326
36,215,243
36,223,224
36,224,154
36,226,258
36,229,129
36,230,58
36,240,12
36,248,338
36,254,415
36,268,488
36,295,277
37,1,418
37,2,352
37,4,172
37,5,444
37,6,586
37,7,343
37,8,359
37,10,320
37,12,417
37,13,168
37,15,49
37,17,37
37,18,3
37,22,138
37,23,233
37,24,78
37,25,217
37,29,304
37,31,401
37,32,18
37,33,200
37,34,380
37,35,6
37,36,385
37,38,579
37,40,366
37,42,119
37,43,548
37,44,570
37,45,240
37,46,105
37,47,347
37,49,336
37,51,305
37,53,168
37,54,540
37,57,432
37,59,210
37,61,168
37,69,505
37,71,226
37,73,406
37,78,409
37,81,597
37,83,436
37,84,143
37,85,94
37,91,88
37,98,80
37,100,254
37,104,171
37,106,317
37,107,423
37,112,376
37,113,63
37,118,592
37,121,274
37,122,265
37,127,422
37,130,101
37,136,542
37,137,214
37,145,358
37,151,484
37,153,3
37,154,580
37,156,419
37,164,68
37,172,277
37,174,85
37,176,168
37,178,13
37,185,157
37,189,87
37,202,559
37,215,331
37,218,188
37,225,448
37,228,375
37,240,303
37,243,202
37,249,66
37,255,482
37,261,467
37,263,95
37,264,517
37,275,512
37,279,514
37,285,471
37,292,42
37,294,38
38,4,21
38,5,540
38,6,548
38,9,569
38,11,385
38,16,227
38,17,293
38,18,555
38,20,493
38,24,211
38,25,411
38,26,229
38,27,463
38,28,40
38,29,456
38,30,31
38,33,483
38,34,191
38,35,514
38,37,579
38,39,383
38,42,34
38,43,547
38,46,194
38,47,379
38,48,151
38,49,67
38,52,484
38,53,74
38,54,252
38,56,328
38,57,404
38,58,204
38,62,284
38,64,385
38,69,88
38,72,6
38,73,28
38,74,414
38,75,152
38,78,572
38,79,207
38,84,23
38,86,247
38,88,93
38,89,222
38,90,307
38,91,313
38,95,522
38,97,329
38,100,560
38,103,575
38,104,108
38,106,79
38,109,540
38,112,506
38,116,367
38,118,474
38,120,541
38,124,308
38,133,592
38,135,93
38,139,486
38,144,204
38,152,150
38,156,61
38,166,401
38,171,473
38,172,34
38,175,599
38,176,489
38,184,139
38,192,319
38,211,406
38,243,230
38,245,94
38,252,326
38,257,283
38,265,521
38,278,470
38,281,564
38,289,159
38,296,120
39,1,157
39,3,153
39,4,354
39,11,483
39,12,330
39,13,375
39,14,100
39,17,419
39,19,124
39,20,232
39,23,584
39,24,118
39,25,228
39,26,73
39,27,94
39,28,370
39,30,419
39,31,590
39,32,406
39,33,576
39,34,137
39,35,534
39,38,383
39,42,206
39,43,9
39,44,328
39,46,484
39,50,16
39,52,222
39,53,500
39,56,275
39,59,382
39,62,147
39,65,579
39,66,494
39,68,216
39,69,296
39,71,412
39,79,447
39,85,397
39,93,137
39,94,53
39,96,441
39,99,149
39,102,11
39,114,195
39,132,575
39,136,400
39,144,293
39,145,554
39,154,101
39,157,510
39,159,35
39,163,181
39,164,269
39,172,403
39,179,478
39,183,333
39,184,9
39,185,407
39,191,102
39,201,536
39,234,317
39,237,201
39,248,184
39,257,218
39,284,517
39,286,134
39,288,469
39,293,582
39,297,368
39,298,73
40,1,521
40,2,343
40,3,459
40,4,186
40,5,329
40,6,347
40,8,89
40,11,156
40,13,518
40,15,262
40,17,39
40,19,297
40,22,443
40,23,105
40,24,39
40,27,425
40,29,264
40,30,204
40,32,501
40,35,87
40,37,366
40,41,307
40,42,218
40,43,227
40,44,481
40,45,215
40,47,475
40,49,71
40,52,137
40,53,82
40,55,339
40,56,270
40,58,452
40,60,128
40,62,38
40,64,583
40,65,203
40,67,46
40,69,481
40,70,177
40,74,487
40,77,492
40,79,57
40,80,213
40,81,472
40,82,498
40,83,581
40,85,179
40,89,475
40,90,447
40,97,377
40,98,449
40,105,489
40,106,544
40,110,580
40,114,78
40,115,372
40,118,88
40,119,395
40,125,2
40,126,499
40,128,358
40,130,105
40,136,220
40,137,140
40,139,136
40,141,216
40,143,433
40,149,586
40,150,166
40,171,222
40,172,568
40,190,539
40,195,184
40,214,448
40,219,64
40,222,413
40,231,596
40,234,280
40,245,568
40,247,503
40,273,105
40,276,589
40,282,461
40,288,75
40,298,127
41,1,202
41,3,372
41,7,589
41,8,384
41,9,413
41,10,269
41,11,473
41,14,246
41,15,560
41,16,387
41,17,342
41,18,46
41,19,518
41,21,274
41,22,422
41,23,99
41,24,433
41,25,132
41,26,23
41,27,75
41,32,288
41,34,594
41,35,217
41,40,307
41,42,458
41,43,424
41,45,421
41,48,52
41,53,256
41,55,107
41,57,47
41,61,428
41,63,26
41,64,266
41,66,242
41,68,404
41,70,592
41,71,553
41,75,370
41,76,526
41,78,262
41,79,385
41,84,369
41,85,299
41,86,328
41,88,329
41,91,253
41,95,577
41,96,75
41,107,393
41,108,462
41,109,290
41,110,377
41,112,199
41,116,190
41,118,149
41,119,166
41,122,229
41,131,380
41,143,482
41,144,120
41,146,289
41,150,146
41,160,106
41,161,221
41,168,77
41,169,493
41,176,573
41,178,78
41,189,19
41,195,462
41,196,121
41,198,243
41,213,103
41,216,441
41,218,337
41,223,118
41,238,166
41,239,130
41,240,373
41,276,345
41,284,564
41,291,448
41,294,127
42,1,4
42,3,546
42,6,111
42,7,436
42,8,393
42,9,377
42,11,160
42,12,576
42,14,559
42,16,435
42,17,167
42,18,327
42,20,413
42,25,547
42,28,246
42,30,181
42,31,573
42,33,115
42,34,600
42,35,434
42,36,148
42,37,119
42,38,34
42,39,206
42,40,218
42,41,458
42,45,427
42,46,33
42,48,23
42,51,256
42,52,163
42,55,490
42,63,88
42,69,474
42,70,176
42,73,587
42,74,352
42,75,246
42,85,231
42,89,61
42,90,105
42,92,90
42,95,488
42,99,172
42,101,484
42,104,405
42,106,589
42,107,137
42,110,287
42,116,83
42,120,483
42,121,9
42,122,215
42,137,339
42,138,397
42,139,404
42,143,170
42,146,386
42,147,182
42,149,2
42,158,549
42,170,86
42,172,512
42,174,258
42,175,94
42,179,420
42,180,87
42,185,292
42,189,204
42,192,7
42,193,419
42,201,218
42,203,571
42,205,165
42,211,519
42,230,598
42,235,371
42,238,289
42,242,421
42,248,62
42,257,504
42,277,501
42,278,69
42,286,75
42,299,446
43,4,327
43,6,44
43,7,129
43,8,510
43,9,427
43,11,202
43,12,100
43,13,118
43,14,475
43,19,11
43,23,121
43,26,479
43,27,212
43,28,137
43,30,541
43,34,321
43,35,515
43,36,585
43,37,548
43,38,547
43,39,9
43,40,227
43,41,424
43,44,126
43,47,448
43,48,133
43,51,43
43,55,500
43,58,595
43,60,548
43,61,104
43,63,541
43,65,241
43,67,210
43,68,504
43,69,18
43,73,245
43,75,35
43,76,333
43,79,46
43,80,94
43,82,343
43,86,185
43,87,379
43,95,193
43,96,46
43,97,360
43,108,110
43,109,4
43,112,473
43,113,296
43,123,342
43,124,400
43,126,503
43,145,67
43,149,406
43,151,338
43,155,50
43,156,272
43,158,367
43,161,239
43,171,540
43,177,344
43,194,261
43,195,353
43,201,153
43,207,435
43,211,208
43,213,10
43,215,227
43,218,101
43,225,142
43,227,560
43,234,401
43,240,209
43,244,561
43,251,113
43,257,560
43,262,589
43,275,48
44,1,478
44,2,194
44,3,183
44,8,407
44,9,597
44,11,504
44,12,298
44,16,500
44,17,163
44,19,524
44,22,570
44,23,409
44,25,233
44,26,33
44,29,324
44,32,339
44,35,374
44,36,258
44,37,570
44,39,328
44,40,481
44,43,126
44,45,421
44,46,524
44,47,251
44,51,149
44,53,63
44,55,32
44,57,246
44,58,113
44,60,434
44,65,542
44,67,81
44,70,142
44,73,201
44,78,184
44,80,114
44,90,483
44,91,360
44,93,294
44,95,469
44,96,401
44,103,317
44,104,519
44,105,424
44,106,466
44,107,413
44,108,559
44,116,475
44,121,243
44,128,114
44,133,314
44,134,538
44,138,417
44,139,351
44,141,266
44,143,21
44,145,252
44,147,15
44,148,169
44,156,429
44,159,565
44,167,330
44,170,64
44,172,322
44,174,577
44,179,139
44,183,415
44,186,79
44,190,195
44,194,286
44,195,595
44,197,334
44,200,258
44,211,307
44,215,191
44,218,153
44,224,488
44,226,359
44,236,539
44,237,253
44,244,29
44,249,279
44,258,98
44,260,57
44,267,556
44,273,408
44,278,283
44,282,150
44,288,433
45,1,152
45,2,287
45,5,107
45,8,370
45,9,510
45,12,2
45,13,242
45,15,102
45,16,434
45,18,370
45,21,455
45,22,27
45,23,569
45,24,145
45,26,139
45,27,101
45,29,389
45,30,497
45,32,514
45,34,586
45,35,439
45,37,240
45,40,215
45,41,421
45,42,427
45,44,421
45,46,187
45,47,553
45,48,371
45,49,545
45,50,25
45,51,6
45,53,528
45,54,44
45,55,562
45,57,321
45,62,554
45,63,581
45,65,434
45,71,195
45,74,116
45,79,461
45,83,328
45,88,189
45,93,38
45,97,333
45,101,457
45,103,571
45,108,187
45,116,446
45,122,15
45,123,392
45,128,22
45,133,370
45,136,520
45,148,512
45,152,5
45,155,214
45,165,98
45,170,373
45,175,290
45,176,424
45,179,490
45,181,99
45,183,596
45,185,517
45,189,574
45,190,73
45,204,69
45,207,466
45,211,588
45,216,369
45,221,145
45,231,397
45,236,422
45,255,67
45,261,150
45,263,100
45,267,274
45,272,272
45,273,414
45,276,479
45,285,3
45,287,524
45,291,107
45,292,163
45,295,106
45,297,110
46,1,296
46,3,306
46,4,335
46,7,171
46,9,53
46,14,326
46,15,588
46,16,102
46,18,1
46,21,51
46,22,63
46,24,108
46,25,429
46,28,110
46,29,64
46,31,249
46,32,596
46,34,552
46,36,462
46,37,105
46,38,194
46,39,484
46,42,33
46,44,524
46,45,187
46,49,416
46,50,499
46,51,548
46,52,178
46,55,543
46,56,93
46,59,300
46,62,114
46,63,563
46,66,366
46,68,377
46,69,247
46,71,43
46,74,348
46,75,139
46,81,551
46,82,207
46,83,417
46,85,313
46,86,68
46,87,82
46,88,290
46,92,589
46,94,203
46,98,384
46,100,391
46,101,511
46,102,560
46,108,550
46,113,483
46,115,146
46,122,311
46,125,28
46,128,36
46,140,591
46,158,289
46,162,326
46,163,531
46,170,464
46,171,249
46,183,309
46,189,566
46,192,357
46,196,203
46,204,170
46,206,105
46,214,208
46,220,92
46,222,266
46,232,46
46,233,500
46,238,420
46,241,523
46,263,63
46,276,98
46,279,225
46,287,339
46,288,81
47,4,344
47,5,538
47,6,19
47,8,373
47,9,428
47,11,1
47,12,516
47,13,175
47,14,566
47,17,503
47,19,433
47,22,243
47,24,590
47,25,92
47,27,71
47,28,555
47,29,9
47,32,60
47,33,402
47,35,27
47,37,347
47,38,379
47,40,475
47,43,448
47,44,251
47,45,553
47,49,23
47,52,107
47,55,350
47,58,180
47,61,139
47,66,584
47,67,389
47,69,534
47,70,440
47,74,247
47,75,494
47,79,151
47,80,582
47,81,210
47,83,359
47,86,551
47,87,166
47,90,108
47,91,180
47,100,369
47,104,163
47,105,253
47,107,507
47,108,492
47,109,410
47,114,577
47,115,232
47,121,140
47,124,144
47,130,409
47,132,354
47,134,209
47,136,509
47,137,21
47,138,462
47,141,521
47,147,292
47,153,166
47,155,247
47,156,550
47,164,411
47,174,503
47,175,390
47,177,503
47,184,511
47,192,575
47,202,495
47,215,323
47,218,310
47,221,291
47,223,460
47,228,118
47,235,377
47,238,22
47,244,272
47,253,223
47,266,552
47,269,207
47,271,270
47,298,67
48,1,523
48,2,488
48,5,116
48,6,270
48,7,61
48,9,230
48,10,93
48,18,225
48,19,466
48,20,375
48,22,69
