source,target,weight
1,2,421
1,4,150
1,6,332
1,7,98
1,8,557
1,10,589
1,11,121
1,12,587
1,13,263
1,14,306
1,16,390
1,19,120
1,20,580
1,22,446
1,23,24
1,28,383
1,29,246
1,31,546
1,32,358
1,33,413
1,34,595
1,35,417
1,36,506
1,38,477
1,40,279
1,41,515
1,42,37
1,43,166
1,45,77
1,46,9
1,47,261
1,50,39
1,51,459
1,54,589
1,61,550
1,62,141
1,66,437
1,69,518
1,70,313
1,71,273
1,73,191
1,75,33
1,76,48
1,77,556
1,79,42
1,82,223
1,84,69
1,85,81
1,91,305
1,92,368
1,93,406
1,95,535
1,100,243
1,102,500
1,103,202
1,105,164
1,112,193
1,114,510
1,117,448
1,120,401
1,123,182
1,124,92
1,125,332
1,126,342
1,129,583
1,137,157
1,140,216
1,145,486
1,154,143
1,158,337
1,159,47
1,167,508
1,171,483
1,172,144
1,176,280
1,177,99
1,183,508
1,197,476
1,204,339
1,215,171
1,227,394
1,232,271
1,234,429
1,235,230
1,241,9
1,263,73
1,271,523
1,282,590
2,1,421
2,3,407
2,5,403
2,6,66
2,8,238
2,9,227
2,11,187
2,13,423
2,15,317
2,16,392
2,18,95
2,19,196
2,20,443
2,21,300
2,23,308
2,24,357
2,25,398
2,26,234
2,27,471
2,28,385
2,29,474
2,34,223
2,40,211
2,41,67
2,42,141
2,43,406
2,46,35
2,47,256
2,49,156
2,50,157
2,51,71
2,52,188
2,56,473
2,62,193
2,64,386
2,66,59
2,69,298
2,71,136
2,76,478
2,77,146
2,82,482
2,84,348
2,90,134
2,93,210
2,100,350
2,104,453
2,107,329
2,108,468
2,115,572
2,120,185
2,124,124
2,130,338
2,132,413
2,144,124
2,146,563
2,147,532
2,148,87
2,151,577
2,153,379
2,154,145
2,162,201
2,163,527
2,173,115
2,179,406
2,184,268
2,186,590
2,187,317
2,197,47
2,202,546
2,204,294
2,205,516
2,214,435
2,216,135
2,221,387
2,230,275
2,232,157
2,238,115
2,251,528
2,254,211
2,256,547
2,274,237
2,276,452
2,280,163
2,285,194
2,290,373
2,299,513
3,2,407
3,4,411
3,7,208
3,8,285
3,9,83
3,10,116
3,12,281
3,13,474
3,14,72
3,15,154
3,18,460
3,19,240
3,21,250
3,22,416
3,24,225
3,25,129
3,27,160
3,28,16
3,29,253
3,30,90
3,31,204
3,33,329
3,34,251
3,36,96
3,37,273
3,40,108
3,41,233
3,42,17
3,44,112
3,45,101
3,46,119
3,47,446
3,48,370
3,50,226
3,51,512
3,53,457
3,54,448
3,55,177
3,59,563
3,61,513
3,62,3
3,64,470
3,68,592
3,71,382
3,72,507
3,73,45
3,74,263
3,75,231
3,76,67
3,80,509
3,81,102
3,86,364
3,90,490
3,95,190
3,100,490
3,101,404
3,103,284
3,106,24
3,117,233
3,125,306
3,127,195
3,134,433
3,140,175
3,141,205
3,143,358
3,145,64
3,157,483
3,158,496
3,159,295
3,161,162
3,173,49
3,175,524
3,182,354
3,185,465
3,186,21
3,188,195
3,189,28
3,191,72
3,211,84
3,213,468
3,218,495
3,220,7
3,232,494
3,249,146
3,250,251
3,258,579
3,263,366
3,265,136
3,274,498
3,286,246
3,297,242
4,1,150
4,3,411
4,5,489
4,6,48
4,7,212
4,9,10
4,13,261
4,14,175
4,15,259
4,17,600
4,19,387
4,20,493
4,21,28
4,24,530
4,25,406
4,26,558
4,27,65
4,30,310
4,32,58
4,33,400
4,34,49
4,36,494
4,37,598
4,41,495
4,42,426
4,43,486
4,44,585
4,46,338
4,47,310
4,48,343
4,51,332
4,52,263
4,53,399
4,54,46
4,56,543
4,58,590
4,59,15
4,62,267
4,63,419
4,64,507
4,67,545
4,68,582
4,69,229
4,72,59
4,73,100
4,76,531
4,79,112
4,81,186
4,87,214
4,88,367
4,89,558
4,91,322
4,93,105
4,94,263
4,95,164
4,100,588
4,101,555
4,102,429
4,106,449
4,111,197
4,114,509
4,120,507
4,125,332
4,128,459
4,131,179
4,140,377
4,141,306
4,142,89
4,143,510
4,152,135
4,156,305
4,159,3
4,165,192
4,167,165
4,170,463
4,181,405
4,182,335
4,184,387
4,192,550
4,207,92
4,213,555
4,220,22
4,235,541
4,242,457
4,243,409
4,277,382
4,281,200
5,2,403
5,4,489
5,7,42
5,10,171
5,11,245
5,12,410
5,15,162
5,17,343
5,18,267
5,21,83
5,22,471
5,23,558
5,24,434
5,25,218
5,29,86
5,30,7
5,31,240
5,33,550
5,34,28
5,36,372
5,37,276
5,38,378
5,40,421
5,41,245
5,42,589
5,43,234
5,44,92
5,46,324
5,47,333
5,49,230
5,50,464
5,54,441
5,55,145
5,59,319
5,60,28
5,63,12
5,64,488
5,65,461
5,78,164
5,82,146
5,86,527
5,87,518
5,94,243
5,96,322
5,99,87
5,100,107
5,101,170
5,104,451
5,105,388
5,106,80
5,112,537
5,115,45
5,116,53
5,118,248
5,125,372
5,126,426
5,131,47
5,142,201
5,145,180
5,151,486
5,158,290
5,163,330
5,165,99
5,166,398
5,167,209
5,172,394
5,180,307
5,188,573
5,189,376
5,192,225
5,203,433
5,205,546
5,207,484
5,210,321
5,211,305
5,219,263
5,222,5
5,226,504
5,227,427
5,233,338
5,236,448
5,247,3
5,252,491
5,253,402
5,271,58
5,289,68
5,296,212
6,1,332
6,2,66
6,4,48
6,8,80
6,9,492
6,11,596
6,12,355
6,13,387
6,17,276
6,19,534
6,21,208
6,24,563
6,25,576
6,26,513
6,27,509
6,29,592
6,31,538
6,32,41
6,34,131
6,35,183
6,38,332
6,41,392
6,43,596
6,45,231
6,48,27
6,49,461
6,53,94
6,54,18
6,59,8
6,62,267
6,63,382
6,64,366
6,66,325
6,67,521
6,69,219
6,70,44
6,71,170
6,72,309
6,73,113
6,74,133
6,78,19
6,81,484
6,82,498
6,85,319
6,89,40
6,91,413
6,93,237
6,95,446
6,96,396
6,98,24
6,99,135
6,100,73
6,103,387
6,104,222
6,106,128
6,108,501
6,111,581
6,118,398
6,119,395
6,124,187
6,125,324
6,130,303
6,137,442
6,139,154
6,143,183
6,146,438
6,159,388
6,160,596
6,161,499
6,175,378
6,176,83
6,180,86
6,184,494
6,191,209
6,199,41
6,208,543
6,214,103
6,217,221
6,233,123
6,244,141
6,245,166
6,257,51
6,267,238
6,271,84
6,277,503
6,290,347
7,1,98
7,3,208
7,4,212
7,5,42
7,8,267
7,9,532
7,10,187
7,11,470
7,13,43
7,14,309
7,15,318
7,16,80
7,17,92
7,18,106
7,19,286
7,20,95
7,23,274
7,24,110
7,27,111
7,28,382
7,30,212
7,31,29
7,34,62
7,35,287
7,36,113
7,38,398
7,39,316
7,41,437
7,42,165
7,43,240
7,45,481
7,46,587
7,48,546
7,49,152
7,51,130
7,52,52
7,54,490
7,55,63
7,57,250
7,60,461
7,62,305
7,63,205
7,65,156
7,66,298
7,68,324
7,73,255
7,77,489
7,79,531
7,80,482
7,84,445
7,86,467
7,87,208
7,88,352
7,89,316
7,93,238
7,96,267
7,103,553
7,110,114
7,112,180
7,114,298
7,115,7
7,116,238
7,117,42
7,120,160
7,121,132
7,122,81
7,123,81
7,133,360
7,135,430
7,145,295
7,149,545
7,155,86
7,156,522
7,157,561
7,162,137
7,163,530
7,166,502
7,168,74
7,189,599
7,192,356
7,202,393
7,204,518
7,205,523
7,209,570
7,216,400
7,224,531
7,262,566
7,268,172
7,270,447
7,274,387
7,279,546
7,286,50
7,293,594
8,1,557
8,2,238
8,3,285
8,6,80
8,7,267
8,11,23
8,13,340
8,14,21
8,16,108
8,17,554
8,19,312
8,20,386
8,21,544
8,25,46
8,28,312
8,29,302
8,31,230
8,32,585
8,33,297
8,36,254
8,37,333
8,38,367
8,40,247
8,41,386
8,45,177
8,46,320
8,47,330
8,48,30
8,49,262
8,50,419
8,53,303
8,55,577
8,56,403
8,57,504
8,59,212
8,60,565
8,67,43
8,68,342
8,69,115
8,77,371
8,81,10
8,84,509
8,86,544
8,91,406
8,94,172
8,97,563
8,109,450
8,110,28
8,111,574
8,113,59
8,114,345
8,116,90
8,120,561
8,122,223
8,123,405
8,124,478
8,127,316
8,138,470
8,139,178
8,140,108
8,154,531
8,155,483
8,156,545
8,164,134
8,173,35
8,175,127
8,179,303
8,200,260
8,201,20
8,205,577
8,211,565
8,212,68
8,213,471
8,216,38
8,217,81
8,219,155
8,221,219
8,225,116
8,229,459
8,236,514
8,243,180
8,252,523
8,257,455
8,263,560
8,288,123
8,292,304
8,294,439
8,298,95
9,2,227
9,3,83
9,4,10
9,6,492
9,7,532
9,10,413
9,12,183
9,13,359
9,15,477
9,16,3
9,18,483
9,19,69
9,22,259
9,23,169
9,25,15
9,27,415
9,30,388
9,32,19
9,34,502
9,35,221
9,36,472
9,38,478
9,42,255
9,43,266
9,44,241
9,45,6
9,46,313
9,47,460
9,49,57
9,50,299
9,51,50
9,52,80
9,53,506
9,55,307
9,56,32
9,61,119
9,63,414
9,64,197
9,67,204
9,75,197
9,78,11
9,79,453
9,80,245
9,87,105
9,89,94
9,90,420
9,92,456
9,94,32
9,96,284
9,97,105
9,99,59
9,100,416
9,102,254
9,106,62
9,115,494
9,117,249
9,120,414
9,121,115
9,125,2
9,126,555
9,135,571
9,137,79
9,142,582
9,146,87
9,147,152
9,152,537
9,155,366
9,162,355
9,163,260
9,166,594
9,170,208
9,173,595
9,177,165
9,180,65
9,182,410
9,186,579
9,188,235
9,191,35
9,196,92
9,200,519
9,202,370
9,204,386
9,205,421
9,209,121
9,217,91
9,220,319
9,226,163
9,246,381
9,249,489
9,256,342
9,257,327
9,268,123
9,273,449
9,288,10
9,293,57
9,294,63
9,297,452
10,1,589
10,3,116
10,5,171
10,7,187
10,9,413
10,12,441
10,14,227
10,15,576
10,16,565
10,19,415
10,20,589
10,21,270
10,22,498
10,23,133
10,24,591
10,26,540
10,27,309
10,28,393
10,29,391
10,31,207
10,34,498
10,35,19
10,37,203
10,38,250
10,39,91
10,40,253
10,41,582
10,42,549
10,44,477
10,46,531
10,47,208
10,48,571
10,49,160
10,50,260
10,51,499
10,53,371
10,56,353
10,57,212
10,62,70
10,63,287
10,64,574
10,65,397
10,66,293
10,68,49
10,72,23
10,73,311
10,77,83
10,84,21
10,85,161
10,86,26
10,90,145
10,94,225
10,95,35
10,97,545
10,103,300
10,105,345
10,109,540
10,110,337
10,111,465
10,112,452
10,113,422
10,114,598
10,121,314
10,123,97
10,132,21
10,134,209
10,137,300
10,140,320
10,141,368
10,143,257
10,147,585
10,151,396
10,158,465
10,160,255
10,169,237
10,171,569
10,175,472
10,178,341
10,179,223
10,181,70
10,183,361
10,187,279
10,190,35
10,191,350
10,205,119
10,210,486
10,214,471
10,219,282
10,222,471
10,223,395
10,224,464
10,239,560
10,241,476
10,248,268
10,259,525
10,265,540
10,266,341
10,267,290
10,277,182
10,279,288
10,283,392
10,297,432
10,300,175
11,1,121
11,2,187
11,5,245
11,6,596
11,7,470
11,8,23
11,15,413
11,16,232
11,17,368
11,18,339
11,19,584
11,21,50
11,23,445
11,24,394
11,26,554
11,27,286
11,28,36
11,29,207
11,30,562
11,32,303
11,35,38
11,36,80
11,37,491
11,38,137
11,39,386
11,40,236
11,41,365
11,44,116
11,46,421
11,47,120
11,50,173
11,52,180
11,53,116
11,55,211
11,63,71
11,67,545
11,69,201
11,71,240
11,73,137
11,76,278
11,79,1
11,80,56
11,82,264
11,90,346
11,91,410
11,92,592
11,97,197
11,98,541
11,99,57
11,106,92
11,113,599
11,117,543
11,124,13
11,128,536
11,131,398
11,132,133
11,141,326
11,144,418
11,151,210
11,152,167
11,160,330
11,163,322
11,167,227
11,169,122
11,173,370
11,181,583
11,186,159
11,195,481
11,198,321
11,202,340
11,207,250
11,208,323
11,237,150
11,256,371
11,265,442
11,284,242
11,290,88
11,292,91
11,293,538
11,296,410
12,1,587
12,3,281
12,5,410
12,6,355
12,9,183
12,10,441
12,14,271
12,15,585
12,16,568
12,19,328
12,21,299
12,22,271
12,24,138
12,26,265
12,27,22
12,29,355
12,30,73
12,32,392
12,33,252
12,34,131
12,35,154
12,36,482
12,38,591
12,40,244
12,41,96
12,44,538
12,45,560
12,46,585
12,47,244
12,48,230
12,49,348
12,50,323
12,51,141
12,52,31
12,53,553
12,55,311
12,56,597
12,57,461
12,58,468
12,59,287
12,60,65
12,61,74
12,62,71
12,64,477
12,65,209
12,68,337
12,69,339
12,76,258
12,79,260
12,80,32
12,87,241
12,92,379
12,101,389
12,105,503
12,111,504
12,116,301
12,124,410
12,125,140
12,126,503
12,128,386
12,132,182
12,142,74
12,146,582
12,157,444
12,158,541
12,160,448
12,166,269
12,167,88
12,171,297
12,175,285
12,183,543
12,189,147
12,197,478
12,204,383
12,217,564
12,218,253
12,219,34
12,220,29
12,229,480
12,236,477
12,239,221
12,246,446
12,247,358
12,254,572
12,262,350
12,267,217
12,268,94
12,281,410
12,285,414
12,294,247
12,299,580
13,1,263
13,2,423
13,3,474
13,4,261
13,6,387
13,7,43
13,8,340
13,9,359
13,14,405
13,16,365
13,17,466
13,18,470
13,20,33
13,23,499
13,27,387
13,28,572
13,29,275
13,30,138
13,31,280
13,36,527
13,38,303
13,43,562
13,45,448
13,46,56
13,47,248
13,48,31
13,50,488
13,51,30
13,52,97
13,56,441
13,58,557
13,63,355
13,64,285
13,70,168
13,71,349
13,74,159
13,75,333
13,76,218
13,77,198
13,79,214
13,80,188
13,81,87
13,82,59
13,84,288
13,85,331
13,87,209
13,92,223
13,94,576
13,98,55
13,99,382
13,100,375
13,102,546
13,103,575
13,104,294
13,105,337
13,106,72
13,107,59
13,109,100
13,115,301
13,118,68
13,120,546
13,122,342
13,128,154
13,131,180
13,139,574
13,143,266
13,144,344
13,147,298
13,151,594
13,154,205
13,163,167
13,169,537
13,171,27
13,181,251
13,183,171
13,187,95
13,190,321
13,192,347
13,193,151
13,201,324
13,206,585
13,217,415
13,220,300
13,224,203
13,236,204
13,240,589
13,245,411
13,261,216
13,265,137
13,271,544
13,275,4
13,277,221
13,281,26
13,284,545
13,286,398
14,1,306
14,3,72
14,4,175
14,7,309
14,8,21
14,10,227
14,12,271
14,13,405
14,17,88
14,18,371
14,20,174
14,21,246
14,22,42
14,23,365
14,24,481
14,25,447
14,26,560
14,27,154
14,28,325
14,29,225
14,31,71
14,32,261
14,33,126
14,34,85
14,35,80
14,36,271
14,37,392
14,40,243
14,41,520
14,42,77
14,43,155
14,44,180
14,46,16
14,52,414
14,54,331
14,55,158
14,57,24
14,59,151
14,62,69
14,65,27
14,66,439
14,67,359
14,68,88
14,69,458
14,71,490
14,75,226
14,76,588
14,81,58
14,84,509
14,86,130
14,87,163
14,89,478
14,90,117
14,91,595
14,93,418
14,95,106
14,104,168
14,107,570
14,109,238
14,112,472
14,113,536
14,115,550
14,124,559
14,133,274
14,135,178
14,137,333
14,139,549
14,141,81
14,147,130
14,150,396
14,167,133
14,171,336
14,177,536
14,198,178
14,199,322
14,204,428
14,209,288
14,210,79
14,212,11
14,216,45
14,220,406
14,224,239
14,227,502
14,228,249
14,231,563
14,236,155
14,239,441
14,241,506
14,242,175
14,254,320
14,262,127
14,272,87
14,281,325
14,283,468
14,287,593
14,293,185
15,2,317
15,3,154
15,4,259
15,5,162
15,7,318
15,9,477
15,10,576
15,11,413
15,12,585
15,16,143
15,18,189
15,19,332
15,20,583
15,22,308
15,23,164
15,24,200
15,25,362
15,26,187
15,28,21
15,30,292
15,31,85
15,33,299
15,34,384
15,35,291
15,37,206
15,38,513
15,39,284
15,40,197
15,41,505
15,42,564
15,45,13
15,46,439
15,49,92
15,56,279
15,57,446
15,58,228
15,61,589
15,62,415
15,63,222
15,64,390
15,66,262
15,68,570
15,70,205
15,76,559
15,81,272
15,84,221
15,88,511
15,90,83
15,93,328
15,95,253
15,100,246
15,101,577
15,111,513
15,112,209
15,118,418
15,119,272
15,122,195
15,127,87
15,130,128
15,138,491
15,139,286
15,141,546
15,149,246
15,153,403
15,155,380
15,157,196
15,158,240
15,161,218
15,164,562
15,165,426
15,169,591
15,172,234
15,178,145
15,181,260
15,184,408
15,186,538
15,196,368
15,209,328
15,215,536
15,221,271
15,228,567
15,233,379
15,234,384
15,242,304
15,243,68
15,244,313
15,252,415
15,254,93
15,264,285
15,274,331
15,284,585
15,285,448
15,287,147
15,291,538
15,298,310
16,1,390
16,2,392
16,7,80
16,8,108
16,9,3
16,10,565
16,11,232
16,12,568
16,13,365
16,15,143
16,17,127
16,18,597
16,20,524
16,23,362
16,24,43
16,25,370
16,26,174
16,27,6
16,28,234
16,29,51
16,30,113
16,34,342
16,37,421
16,38,567
16,39,70
16,43,34
16,44,25
16,46,464
16,48,489
16,49,530
16,51,92
16,52,98
16,56,76
16,57,73
16,59,553
16,61,523
16,66,357
16,69,544
16,71,385
16,75,503
16,78,329
16,79,505
16,86,466
16,87,555
16,88,435
16,92,69
16,94,93
16,95,441
16,99,254
16,100,528
16,108,545
16,110,570
16,112,37
16,125,373
16,128,60
16,129,234
16,135,79
16,137,520
16,141,419
16,150,114
16,153,101
16,155,570
16,156,93
16,167,37
16,168,327
16,188,229
16,190,63
16,193,146
16,196,70
16,199,408
16,202,263
16,219,557
16,227,175
16,233,334
16,238,320
16,242,179
16,243,458
16,246,412
16,251,116
16,253,232
16,258,417
16,268,545
16,270,456
16,290,527
16,297,255
16,298,60
16,299,170
16,300,585
17,4,600
17,5,343
17,6,276
17,7,92
17,8,554
17,11,368
17,13,466
17,14,88
17,16,127
17,18,437
17,19,362
17,22,290
17,23,135
17,24,432
17,25,377
17,27,573
17,31,486
17,32,277
17,33,475
17,36,510
17,38,520
17,39,296
17,41,182
17,43,94
17,55,136
17,57,555
17,58,516
17,59,548
17,60,530
17,63,515
17,64,295
17,65,233
17,66,83
17,72,384
17,74,139
17,75,163
17,82,591
17,84,288
17,92,186
17,98,341
17,101,568
17,110,459
17,112,11
17,113,23
17,116,163
17,117,274
17,119,443
17,123,447
17,124,536
17,128,532
17,129,108
17,136,527
17,138,557
17,139,410
17,141,447
17,143,445
17,147,491
17,149,123
17,154,47
17,157,164
17,159,359
17,163,332
17,164,599
17,165,516
17,166,435
17,167,424
17,186,25
17,207,217
17,208,530
17,211,3
17,214,417
17,215,283
17,217,324
17,227,298
17,228,512
17,234,19
17,236,488
17,238,204
17,245,114
17,252,114
17,255,512
17,257,360
17,263,37
17,275,129
17,281,137
17,285,543
17,294,252
17,298,263
18,2,95
18,3,460
18,5,267
18,7,106
18,9,483
18,11,339
18,13,470
18,14,371
18,15,189
18,16,597
18,17,437
18,19,336
18,21,108
18,24,30
18,25,214
18,28,441
18,31,344
18,33,544
18,35,73
18,36,312
18,37,598
18,38,591
18,41,551
18,42,34
18,43,363
18,46,48
18,49,523
18,51,72
18,52,279
18,54,480
18,58,461
18,63,494
18,69,568
18,70,359
18,72,581
18,76,134
18,78,169
18,82,310
18,84,548
18,89,576
18,92,329
18,93,257
18,95,268
18,96,345
18,97,100
18,98,112
18,106,105
18,107,192
18,109,578
18,110,238
18,114,90
18,115,462
18,118,366
18,121,566
18,122,293
18,124,145
18,131,546
18,133,16
18,150,22
18,153,174
18,155,495
18,164,202
18,167,490
18,178,329
18,190,497
18,195,423
18,210,508
18,212,427
18,221,541
18,226,568
18,246,171
18,249,533
18,254,590
18,284,513
18,287,556
18,289,463
18,291,428
18,292,523
18,295,248
18,296,177
18,297,85
19,1,120
19,2,196
19,3,240
19,4,387
19,6,534
19,7,286
19,8,312
19,9,69
19,10,415
19,11,584
19,12,328
19,15,332
19,17,362
19,18,336
19,20,189
19,21,44
19,22,61
19,23,321
19,24,519
19,26,555
19,27,180
19,28,168
19,29,229
19,30,492
19,31,596
19,33,375
19,34,1
19,35,71
19,37,414
19,38,315
19,39,170
19,41,142
19,43,169
19,44,243
19,45,411
19,46,148
19,49,119
19,50,507
19,51,294
19,52,144
19,55,42
19,56,254
19,58,543
19,60,103
19,61,440
19,62,352
19,63,301
19,66,195
19,69,221
19,72,227
19,73,512
19,78,488
19,83,267
19,84,230
19,93,255
19,98,330
19,102,558
19,111,212
19,112,475
19,128,30
19,130,34
19,131,41
19,132,596
19,136,117
19,142,288
19,143,182
19,144,376
19,147,348
19,153,70
19,155,381
19,156,478
19,165,423
19,168,250
19,169,136
19,172,539
19,173,115
19,178,215
19,190,329
19,191,504
19,193,587
19,198,261
19,200,362
19,211,316
19,212,229
19,215,252
19,221,454
19,223,314
19,228,365
19,232,593
19,244,29
19,245,239
19,254,190
19,261,312
19,273,185
19,289,137
19,290,17
19,293,222
20,1,580
20,2,443
20,4,493
20,7,95
20,8,386
20,10,589
20,13,33
20,14,174
20,15,583
20,16,524
20,19,189
20,21,110
20,22,420
20,23,239
20,24,526
20,25,560
20,27,446
20,28,203
20,29,3
20,30,367
20,31,80
20,33,201
20,34,204
20,35,103
20,36,480
20,37,186
20,38,158
20,39,101
20,40,547
20,44,537
20,45,29
20,46,539
20,47,243
20,48,330
20,49,142
20,50,475
20,51,532
20,52,441
20,55,226
20,56,421
20,58,267
20,59,449
20,61,8
20,64,407
20,66,547
20,67,326
20,68,105
20,69,230
20,71,191
20,77,110
20,79,27
20,81,22
20,82,345
20,83,136
20,84,523
20,85,43
20,87,355
20,90,50
20,92,189
20,95,94
20,96,464
20,97,182
20,98,241
20,102,494
20,103,158
20,107,324
20,109,120
20,110,441
20,111,445
20,121,341
20,123,469
20,128,590
20,130,540
20,137,481
20,147,46
20,150,424
20,151,524
20,163,83
20,179,77
20,180,357
20,182,293
20,183,332
20,186,595
20,193,357
20,199,514
20,202,107
20,205,241
20,208,504
20,218,376
20,227,186
20,230,116
20,232,37
20,236,185
20,238,387
20,247,180
20,283,263
20,286,521
20,287,37
20,296,536
21,2,300
21,3,250
21,4,28
21,5,83
21,6,208
21,8,544
21,10,270
21,11,50
21,12,299
21,14,246
21,18,108
21,19,44
21,20,110
21,22,509
21,23,330
21,25,597
21,29,194
21,30,241
21,32,307
21,33,296
21,34,244
21,35,152
21,36,408
21,37,446
21,38,533
21,39,466
21,40,302
21,43,510
21,45,115
21,47,449
21,53,333
21,56,379
21,57,240
21,58,287
21,63,532
21,64,170
21,67,402
21,70,440
21,71,285
21,72,600
21,75,128
21,76,70
21,78,424
21,79,162
21,82,302
21,83,466
21,86,10
21,88,552
21,94,324
21,96,141
21,99,415
21,106,300
21,107,38
21,111,145
21,113,309
21,124,470
21,126,282
21,135,529
21,139,495
21,140,439
21,144,38
21,145,6
21,146,68
21,148,19
21,157,175
21,161,334
21,164,362
21,166,600
21,174,52
21,177,376
21,184,558
21,188,477
21,194,256
21,195,539
21,222,6
21,224,346
21,228,461
21,236,33
21,239,237
21,244,294
21,249,77
21,256,495
21,257,475
21,262,538
21,264,483
21,267,95
22,1,446
22,3,416
22,5,471
22,9,259
22,10,498
22,12,271
22,14,42
22,15,308
22,17,290
22,19,61
22,20,420
22,21,509
22,26,445
22,27,157
22,28,596
22,29,324
22,32,531
22,33,50
22,34,360
22,35,16
22,36,95
22,37,217
22,39,468
22,40,298
22,43,82
22,44,553
22,45,100
22,47,368
22,50,282
22,51,360
22,52,297
22,54,67
22,55,321
22,57,286
22,58,96
22,59,335
22,60,86
22,62,573
22,67,507
22,69,106
22,71,308
22,76,139
22,77,507
22,80,514
22,82,587
22,83,472
22,85,402
22,86,179
22,87,543
22,90,589
22,91,414
22,97,223
22,102,296
22,109,204
22,112,561
22,115,26
22,117,491
22,120,6
22,121,35
22,126,469
22,128,252
22,132,542
22,133,39
22,136,206
22,144,10
22,147,59
22,149,153
22,164,142
22,167,237
22,170,36
22,182,516
22,190,564
22,191,264
22,196,17
22,198,142
22,199,1
22,200,381
22,201,423
22,202,315
22,219,444
22,221,61
22,227,487
22,233,594
22,237,469
22,240,278
22,241,401
22,242,156
22,255,189
22,260,328
22,265,428
22,271,373
22,277,325
22,287,28
23,1,24
23,2,308
23,5,558
23,7,274
23,9,169
23,10,133
23,11,445
23,13,499
23,14,365
23,15,164
23,16,362
23,17,135
23,19,321
23,20,239
23,21,330
23,25,26
23,26,226
23,27,77
23,29,133
23,31,16
23,32,571
23,33,308
23,34,550
23,35,569
23,36,293
23,38,239
23,39,208
23,40,112
23,41,507
23,42,563
23,43,110
23,44,550
23,45,365
23,47,550
23,48,484
23,50,479
23,52,194
23,60,121
23,62,533
23,63,421
23,64,494
23,72,126
23,74,528
23,75,342
23,79,548
23,81,41
23,82,414
23,83,335
23,85,226
23,89,565
23,91,27
23,95,76
23,96,547
23,102,473
23,103,463
23,106,32
23,114,151
23,118,558
23,121,449
23,122,42
23,123,525
23,128,564
23,135,234
23,140,286
23,142,74
23,143,96
23,155,116
23,157,264
23,164,556
23,167,482
23,174,476
23,177,227
23,181,267
23,185,155
23,186,87
23,194,67
23,201,252
23,213,548
23,214,333
23,216,220
23,220,247
23,224,429
23,231,281
23,235,321
23,242,475
23,258,127
23,266,546
23,268,198
23,283,295
24,2,357
24,3,225
24,4,530
24,5,434
24,6,563
24,7,110
24,10,591
24,11,394
24,12,138
24,14,481
24,15,200
24,16,43
24,17,432
24,18,30
24,19,519
24,20,526
24,27,144
24,30,554
24,31,327
24,33,97
24,34,530
24,35,594
24,36,93
24,39,543
24,40,165
24,42,382
24,43,510
24,44,100
24,45,282
24,46,352
24,47,272
24,50,511
24,51,25
24,53,585
24,54,448
24,59,77
24,61,261
24,62,408
24,63,303
24,65,509
24,70,331
24,72,184
24,73,197
24,78,354
24,79,57
24,80,172
24,83,592
24,85,547
24,89,353
24,93,561
24,98,572
24,99,515
24,101,166
24,103,224
24,104,467
24,108,37
24,109,236
24,117,105
24,118,264
24,119,445
24,121,472
24,122,208
24,124,494
24,134,588
24,139,99
24,142,522
24,144,12
24,149,512
24,159,258
24,175,587
24,179,251
24,180,321
24,183,178
24,184,447
24,191,4
24,204,229
24,209,97
24,222,376
24,223,190
24,224,96
24,235,77
24,238,55
24,242,71
24,271,326
24,273,574
24,280,430
24,283,13
24,293,388
24,299,418
25,2,398
25,3,129
25,4,406
25,5,218
25,6,576
25,8,46
25,9,15
25,14,447
25,15,362
25,16,370
25,17,377
25,18,214
25,20,560
25,21,597
25,23,26
25,26,53
25,27,490
25,28,504
25,29,338
25,30,143
25,32,233
25,35,537
25,36,573
25,37,191
25,41,293
25,42,518
25,44,372
25,45,436
25,46,171
25,47,591
25,48,68
25,49,385
25,51,547
25,54,301
25,55,233
25,56,233
25,57,56
25,58,204
25,59,319
25,62,180
25,64,391
25,65,176
25,66,561
25,68,533
25,69,140
25,71,166
25,73,112
25,74,411
25,77,226
25,78,507
25,81,419
25,82,510
25,85,245
25,86,136
25,89,557
25,95,176
25,102,531
25,110,542
25,113,489
25,116,570
25,119,19
25,120,388
25,122,475
25,125,516
25,134,598
25,143,567
25,144,594
25,146,138
25,149,91
25,154,387
25,161,496
25,162,251
25,167,398
25,169,274
25,182,283
25,190,74
25,191,549
25,195,146
25,198,248
25,201,357
25,207,128
25,214,97
25,219,201
25,222,317
25,236,406
25,237,394
25,255,188
25,269,19
25,277,139
25,282,163
25,292,168
25,300,131
26,2,234
26,4,558
26,6,513
26,10,540
26,11,554
26,12,265
26,14,560
26,15,187
26,16,174
26,19,555
26,22,445
26,23,226
26,25,53
26,27,368
26,29,309
26,30,380
26,31,529
26,32,350
26,33,71
26,36,250
26,37,129
26,38,341
26,39,465
26,40,366
26,42,178
26,43,408
26,44,537
26,45,117
26,46,579
26,50,573
26,51,573
26,52,390
26,55,243
26,56,213
26,59,353
26,60,497
26,62,509
26,64,130
26,65,334
26,68,323
26,69,197
26,71,245
26,72,599
26,73,493
26,78,19
26,79,460
26,86,145
26,90,172
26,92,117
26,101,484
26,102,252
26,105,409
26,107,388
26,108,436
26,119,53
26,126,79
26,133,333
26,137,209
26,138,522
26,147,66
26,148,46
26,153,527
26,159,374
26,168,563
26,174,519
26,176,166
26,184,90
26,195,19
26,196,421
26,213,144
26,215,430
26,216,166
26,218,389
26,224,498
26,225,337
26,231,524
26,233,434
26,241,525
26,258,49
26,261,452
26,269,577
26,274,318
27,2,471
27,3,160
27,4,65
27,6,509
27,7,111
27,9,415
27,10,309
27,11,286
27,12,22
27,13,387
27,14,154
27,16,6
27,17,573
27,19,180
27,20,446
27,22,157
27,23,77
27,24,144
27,25,490
27,26,368
27,28,35
27,29,39
27,30,311
27,31,331
27,32,516
27,34,29
27,35,449
27,37,97
27,40,271
27,41,114
27,42,48
27,45,289
27,47,591
27,53,69
27,56,288
27,60,425
27,61,551
27,62,95
27,65,600
27,69,540
27,70,579
27,72,249
27,73,379
27,78,275
27,79,80
27,81,411
27,82,500
27,83,328
27,84,451
27,88,161
27,89,512
27,92,435
27,93,92
27,99,594
27,100,553
27,101,164
27,109,516
27,110,130
27,111,549
27,114,28
27,115,116
27,117,380
27,119,80
27,122,195
27,126,558
27,143,107
27,151,594
27,154,20
27,155,593
27,163,507
27,170,17
27,183,75
27,187,270
27,189,579
27,191,408
27,198,419
27,199,111
27,201,51
27,211,263
27,214,407
27,223,410
27,228,510
27,230,327
27,235,81
27,261,222
27,275,183
27,288,552
27,298,572
28,1,383
28,2,385
28,3,16
28,7,382
28,8,312
28,10,393
28,11,36
28,13,572
28,14,325
28,15,21
28,16,234
28,18,441
28,19,168
28,20,203
28,22,596
28,25,504
28,27,35
28,29,54
28,30,590
28,32,267
28,33,179
28,35,165
28,37,345
28,38,340
28,39,283
28,40,524
28,41,354
28,42,212
28,43,364
28,44,481
28,46,147
28,50,268
28,51,527
28,57,491
28,59,451
28,60,117
28,65,38
28,66,240
28,67,341
28,68,441
28,71,172
28,72,531
28,73,137
28,77,319
28,85,108
28,87,366
28,88,97
28,90,13
28,91,577
28,96,380
28,97,422
28,99,21
28,102,365
28,104,568
28,108,334
28,109,259
28,116,47
28,118,346
28,124,491
28,125,286
28,126,409
28,127,311
28,134,177
28,138,287
28,147,226
28,156,220
28,157,568
28,159,158
28,169,448
28,174,571
28,185,229
28,186,367
28,189,48
28,195,370
28,197,367
28,202,69
28,203,467
28,206,483
28,223,168
28,240,47
28,241,188
28,244,15
28,245,122
28,253,242
28,257,209
28,282,421
28,285,291
28,287,180
28,290,282
28,293,513
28,294,448
29,1,246
29,2,474
29,3,253
29,5,86
29,6,592
29,8,302
29,10,391
29,11,207
29,12,355
29,13,275
29,14,225
29,16,51
29,19,229
29,20,3
29,21,194
29,22,324
29,23,133
29,25,338
29,26,309
29,27,39
29,28,54
29,32,447
29,33,189
29,34,506
29,35,81
29,36,550
29,37,39
29,39,90
29,40,105
29,42,80
29,45,365
29,47,76
29,48,214
29,51,310
29,53,298
29,54,541
29,56,205
29,59,186
29,61,326
29,63,419
29,65,158
29,66,58
29,67,486
29,68,579
29,69,221
29,70,335
29,74,296
29,78,39
29,79,379
29,80,409
29,83,437
29,86,507
29,89,555
29,91,192
29,93,157
29,95,307
29,98,7
29,99,41
29,102,347
29,105,31
29,108,407
29,116,448
29,119,533
29,144,149
29,145,262
29,167,236
29,172,435
29,173,472
29,175,489
29,180,211
29,181,25
29,184,79
29,193,455
29,196,366
29,197,245
29,205,20
29,215,432
29,216,300
29,220,382
29,221,192
29,222,553
29,224,299
29,232,78
29,265,59
29,268,573
29,270,590
29,275,507
29,277,538
29,292,50
29,298,58
30,3,90
30,4,310
30,5,7
30,7,212
30,9,388
30,11,562
30,12,73
30,13,138
30,15,292
30,16,113
30,19,492
30,20,367
30,21,241
30,24,554
30,25,143
30,26,380
30,27,311
30,28,590
30,31,345
30,32,376
30,34,387
30,38,35
30,39,277
30,40,312
30,44,462
30,45,224
30,48,309
30,49,461
30,51,106
30,52,42
30,53,383
30,54,560
30,57,4
30,60,156
30,61,296
30,67,592
30,72,368
30,74,244
30,79,422
30,81,70
30,82,416
30,83,342
30,87,50
30,89,43
30,90,328
30,91,35
30,92,364
30,97,178
30,101,355
30,108,77
30,111,193
30,115,236
30,117,276
30,129,310
30,131,53
30,135,225
30,136,464
30,143,457
30,148,404
30,149,271
30,157,310
30,160,207
30,165,581
30,168,159
30,169,3
30,172,157
30,173,339
30,174,512
30,177,221
30,187,340
30,195,137
30,200,322
30,203,247
30,218,340
30,222,448
30,225,12
30,227,292
30,235,43
30,242,443
30,256,252
30,259,252
30,271,411
30,273,360
30,277,179
31,1,546
31,3,204
31,5,240
31,6,538
31,7,29
31,8,230
31,10,207
31,13,280
31,14,71
31,15,85
31,17,486
31,18,344
31,19,596
31,20,80
31,23,16
31,24,327
31,26,529
31,27,331
31,30,345
31,32,288
31,33,578
31,35,247
31,36,492
31,38,376
31,39,587
31,41,130
31,42,58
31,43,174
31,48,62
31,50,369
31,51,526
31,53,52
31,54,275
31,57,270
31,58,294
31,61,529
31,63,433
31,64,206
31,66,516
31,67,341
31,71,119
31,75,484
31,78,238
31,80,391
31,87,359
31,89,566
31,90,569
31,92,321
31,94,256
31,97,279
31,98,521
31,101,280
31,105,252
31,107,66
31,121,432
31,123,115
31,125,560
31,128,80
31,132,452
31,134,439
31,138,367
31,140,8
31,141,217
31,145,356
31,149,404
31,150,539
31,155,571
31,158,231
31,164,58
31,177,387
31,181,130
31,182,216
31,183,230
31,189,406
31,190,330
31,192,355
31,204,128
31,215,241
31,219,22
31,228,556
31,229,418
31,235,415
31,240,186
31,252,338
31,256,458
31,261,354
31,264,98
31,272,47
31,276,509
31,285,393
32,1,358
32,4,58
32,6,41
32,8,585
32,9,19
32,11,303
32,12,392
32,14,261
32,17,277
32,21,307
32,22,531
32,23,571
32,25,233
32,26,350
32,27,516
32,28,267
32,29,447
32,30,376
32,31,288
32,37,139
32,38,193
32,39,559
32,40,196
32,41,82
32,42,432
32,44,168
32,45,311
32,47,249
32,49,182
32,50,380
32,52,272
32,53,462
32,54,217
32,56,428
32,57,155
32,59,158
32,60,35
32,62,184
32,63,103
32,65,229
32,66,569
32,67,402
32,70,107
32,72,14
32,74,518
32,76,508
32,77,76
32,78,372
32,79,281
32,81,10
32,83,331
32,85,39
32,86,218
32,90,428
32,91,93
32,95,17
32,96,478
32,100,19
32,103,59
32,106,520
32,108,131
32,112,530
32,116,133
32,120,541
32,121,584
32,125,345
32,127,170
32,135,436
32,140,157
32,145,57
32,148,531
32,151,75
32,154,173
32,166,148
32,168,173
32,171,34
32,172,397
32,175,588
32,181,167
32,185,170
32,192,190
32,196,321
32,198,104
32,202,149
32,210,384
32,216,393
32,230,433
32,236,258
32,239,511
32,240,597
32,261,587
32,268,72
32,288,409
33,1,413
33,3,329
33,4,400
33,5,550
33,8,297
33,12,252
33,14,126
33,15,299
33,17,475
33,18,544
33,19,375
33,20,201
33,21,296
33,22,50
33,23,308
33,24,97
33,26,71
33,28,179
33,29,189
33,31,578
33,34,405
33,35,152
33,36,428
33,37,558
33,40,559
33,42,213
33,46,217
33,47,58
33,49,94
33,52,199
33,53,409
33,54,370
33,57,322
33,62,66
33,63,240
33,65,510
33,67,213
33,71,67
33,72,77
33,74,331
33,75,4
33,79,395
33,82,183
33,83,20
33,85,51
33,96,392
33,98,544
33,102,454
33,104,358
33,105,430
33,111,263
33,113,368
33,117,413
33,120,187
33,127,563
33,128,369
33,129,460
33,130,82
33,131,38
33,139,3
33,141,10
33,148,42
33,153,390
33,158,343
33,160,462
33,167,85
33,187,443
33,188,487
33,189,460
33,193,162
33,199,459
33,208,333
33,216,105
33,218,458
33,229,336
33,240,371
33,241,235
33,244,400
33,255,203
33,285,484
33,289,82
33,291,487
33,294,236
33,297,321
34,1,595
34,2,223
34,3,251
34,4,49
34,5,28
34,6,131
34,7,62
34,9,502
34,10,498
34,12,131
34,14,85
34,15,384
34,16,342
34,19,1
34,20,204
34,21,244
34,22,360
34,23,550
34,24,530
34,27,29
34,29,506
34,30,387
34,33,405
34,35,198
34,36,133
34,38,527
34,39,362
34,43,88
34,44,85
34,47,43
34,53,113
34,54,171
34,56,525
34,57,532
34,61,179
34,63,164
34,65,376
34,69,386
34,70,394
34,72,328
34,73,548
34,81,586
34,88,220
34,89,372
34,95,24
34,96,262
34,101,94
34,103,351
34,111,498
34,114,538
34,115,332
34,116,544
34,124,447
34,125,483
34,127,69
34,129,523
34,131,327
34,132,244
34,133,351
34,134,521
34,136,545
34,137,327
34,138,111
34,142,473
34,146,144
34,160,357
34,161,487
34,164,108
34,167,262
34,168,356
34,175,257
34,176,495
34,177,419
34,182,326
34,186,446
34,195,34
34,197,10
34,200,252
34,209,536
34,220,28
34,228,393
34,229,329
34,235,531
34,256,149
34,260,568
34,269,152
34,280,268
34,288,3
34,298,331
35,1,417
35,6,183
35,7,287
35,9,221
35,10,19
35,11,38
35,12,154
35,14,80
35,15,291
35,18,73
35,19,71
35,20,103
35,21,152
35,22,16
35,23,569
35,24,594
35,25,537
35,27,449
35,28,165
35,29,81
35,31,247
35,33,152
35,34,198
35,37,519
35,38,431
35,39,300
35,40,116
35,41,128
35,42,35
35,44,57
35,45,453
35,46,142
35,48,176
35,51,563
35,52,193
35,56,148
35,58,152
35,59,212
35,61,270
35,63,355
35,65,69
35,73,479
35,75,450
35,78,168
35,80,482
35,82,406
35,83,115
35,84,550
35,86,491
35,87,9
35,89,339
35,93,525
35,96,242
35,99,297
35,101,457
35,106,504
35,107,425
35,110,278
35,121,413
35,133,473
35,134,199
35,141,537
35,142,275
35,152,307
35,153,256
35,155,526
35,174,145
35,182,334
35,209,240
35,214,536
35,231,180
35,235,520
35,238,253
35,253,124
35,258,389
35,265,580
35,269,361
35,273,76
35,288,468
35,291,212
36,1,506
36,3,96
36,4,494
36,5,372
36,7,113
36,8,254
36,9,472
36,11,80
36,12,482
36,13,527
36,14,271
36,17,510
36,18,312
36,20,480
36,21,408
36,22,95
36,23,293
36,24,93
36,25,573
36,26,250
36,29,550
36,31,492
36,33,428
36,34,133
36,37,497
36,38,130
36,39,450
36,40,506
36,42,455
36,48,305
36,49,496
36,50,2
36,54,23
36,55,5
36,57,195
36,58,547
36,62,328
36,64,416
36,66,582
36,67,488
36,68,220
36,69,345
36,71,340
36,73,257
36,74,227
36,77,578
36,84,472
36,85,467
36,88,502
36,90,582
36,96,191
36,97,400
36,98,99
36,103,331
36,104,418
36,108,19
36,112,274
36,116,596
36,119,145
36,122,88
36,123,358
36,137,486
36,141,466
36,153,290
36,154,537
36,156,372
36,157,58
36,161,571
36,168,451
36,174,246
36,177,247
36,187,130
36,188,26
36,202,513
36,203,157
36,204,19
36,206,231
36,209,24
36,216,280
36,224,545
36,241,428
36,250,190
36,268,369
36,271,399
36,277,160
36,282,425
36,289,534
36,294,241
37,3,273
37,4,598
37,5,276
37,8,333
37,10,203
37,11,491
37,14,392
37,15,206
37,16,421
37,18,598
37,19,414
37,20,186
37,21,446
37,22,217
37,25,191
37,26,129
37,27,97
37,28,345
37,29,39
37,32,139
37,33,558
37,35,519
37,36,497
37,38,222
37,42,86
37,43,491
37,44,497
37,45,123
37,46,395
37,49,401
37,51,530
37,52,340
37,53,194
37,55,251
37,56,372
37,57,44
37,58,142
37,59,65
37,60,589
37,63,330
37,65,91
37,67,2
37,70,70
37,71,514
37,73,152
37,74,257
37,75,365
37,76,219
37,77,450
37,78,262
37,80,177
37,84,561
37,87,50
37,88,539
37,91,286
37,94,442
37,97,158
37,101,141
37,102,461
37,104,63
37,108,262
37,114,48
37,117,329
37,128,366
37,129,572
37,133,363
37,140,76
37,143,545
37,145,116
37,157,47
37,163,512
37,177,200
37,184,524
37,187,350
37,189,13
37,195,442
37,196,410
37,199,37
37,212,404
37,220,68
37,235,470
37,237,236
37,247,239
37,255,396
37,261,394
37,268,502
37,273,262
37,297,533
37,299,361
37,300,24
38,1,477
38,5,378
38,6,332
38,7,398
38,8,367
38,9,478
38,10,250
38,11,137
38,12,591
38,13,303
38,15,513
38,16,567
38,17,520
38,18,591
38,19,315
38,20,158
38,21,533
38,23,239
38,26,341
38,28,340
38,30,35
38,31,376
38,32,193
38,34,527
38,35,431
38,36,130
38,37,222
38,42,513
38,47,44
38,49,229
38,50,202
38,51,171
38,55,547
38,61,321
38,63,355
38,65,115
38,68,91
38,71,556
38,74,34
38,78,550
38,79,33
38,83,399
38,85,10
38,86,269
38,94,427
38,99,185
38,100,155
38,101,432
38,108,30
38,110,421
38,112,17
38,115,546
38,116,54
38,117,275
38,125,28
38,132,436
38,133,461
38,134,83
38,136,307
38,141,36
38,149,340
38,151,365
38,157,329
38,159,163
38,160,338
38,165,555
38,169,449
38,170,283
38,173,366
38,185,279
38,193,162
38,196,261
38,199,474
38,202,135
38,219,253
38,227,522
38,228,537
38,238,543
38,242,270
38,250,355
38,258,407
38,264,591
38,284,132
38,286,41
38,293,49
39,7,316
39,10,91
39,11,386
39,15,284
39,16,70
39,17,296
39,19,170
39,20,101
39,21,466
39,22,468
39,23,208
39,24,543
39,26,465
39,28,283
39,29,90
39,30,277
39,31,587
39,32,559
39,34,362
39,35,300
39,36,450
39,40,243
39,42,226
39,43,494
39,44,51
39,45,554
39,54,92
39,56,18
39,58,200
39,60,395
39,61,382
39,63,306
39,67,93
39,69,517
39,70,18
39,71,136
39,72,76
39,74,495
39,75,105
39,77,105
39,83,152
39,87,89
39,90,139
39,91,498
39,93,440
39,97,217
39,98,473
39,99,214
39,110,362
39,111,426
39,113,26
39,121,109
39,129,574
39,131,587
39,134,441
39,138,553
39,139,150
39,140,304
39,141,532
39,143,120
39,149,412
39,154,103
39,162,275
39,163,123
39,164,220
39,167,379
39,170,574
39,171,506
39,174,45
39,175,578
39,188,482
39,189,159
39,193,596
39,210,67
39,217,280
39,227,589
39,229,106
39,244,441
39,246,453
39,256,363
39,258,522
39,273,347
39,274,90
39,282,271
40,1,279
40,2,211
40,3,108
40,5,421
40,8,247
40,10,253
40,11,236
40,12,244
40,14,243
40,15,197
40,20,547
40,21,302
40,22,298
40,23,112
40,24,165
40,26,366
40,27,271
40,28,524
40,29,105
40,30,312
40,32,196
40,33,559
40,35,116
40,36,506
40,39,243
40,41,301
40,44,266
40,45,436
40,46,289
40,47,506
40,48,581
40,49,523
40,51,572
40,53,279
40,55,18
40,58,355
40,60,151
40,61,44
40,62,334
40,64,117
40,65,106
40,66,227
40,68,413
40,71,263
40,73,21
40,75,241
40,76,580
40,77,323
40,81,441
40,85,497
40,88,241
40,89,573
40,93,162
40,94,218
40,96,161
40,98,514
40,104,399
40,117,45
40,126,552
40,135,302
40,138,501
40,139,532
40,154,396
40,157,257
40,172,157
40,174,430
40,188,278
40,194,325
40,203,489
40,204,408
40,208,246
40,233,145
40,236,3
40,239,198
40,246,560
40,248,491
40,253,194
40,254,518
40,256,138
40,261,345
40,264,415
40,266,176
40,274,170
40,281,271
40,285,212
41,1,515
41,2,67
41,3,233
41,4,495
41,5,245
41,6,392
41,7,437
41,8,386
41,10,582
41,11,365
41,12,96
41,14,520
41,15,505
41,17,182
41,18,551
41,19,142
41,23,507
41,25,293
41,27,114
41,28,354
41,31,130
41,32,82
41,35,128
41,40,301
41,42,458
41,44,338
41,46,26
41,47,298
41,49,61
41,54,324
41,55,279
41,57,242
41,60,206
41,61,6
41,63,378
41,65,149
41,68,37
41,69,344
41,70,442
41,73,306
41,77,71
41,78,49
41,81,352
41,83,315
41,86,225
41,87,170
41,90,93
41,92,33
41,94,330
41,97,335
41,100,15
41,101,248
41,102,322
41,105,477
41,115,119
41,122,590
41,124,394
41,126,253
41,128,537
41,130,427
41,132,81
41,137,253
41,138,217
41,140,436
41,142,374
41,154,125
41,156,187
41,157,197
41,158,197
41,160,426
41,167,12
41,172,348
41,175,115
41,177,149
41,179,304
41,182,82
41,185,466
41,186,174
41,200,110
41,201,239
41,217,29
41,233,261
41,243,47
41,244,591
41,255,107
41,283,434
41,299,285
42,1,37
42,2,141
42,3,17
42,4,426
42,5,589
42,7,165
42,9,255
42,10,549
42,14,77
42,15,564
42,18,34
42,23,563
42,24,382
42,25,518
42,26,178
42,27,48
42,28,212
42,29,80
42,31,58
42,32,432
42,33,213
42,35,35
42,36,455
42,37,86
42,38,513
42,39,226
42,41,458
42,44,278
42,48,553
42,50,200
42,51,90
42,52,345
42,54,128
42,55,90
42,56,420
42,60,361
42,62,600
42,64,450
42,66,291
42,67,394
42,68,355
42,71,166
42,72,169
42,74,439
42,75,374
42,76,542
42,77,156
42,79,320
42,83,229
42,86,62
42,87,31
42,88,572
42,89,258
42,93,260
42,94,267
42,96,123
42,97,552
42,100,320
42,105,384
42,107,204
42,108,177
42,110,545
42,113,461
42,116,12
42,117,86
42,118,7
42,119,323
42,120,133
42,126,275
42,127,293
42,135,335
42,136,582
42,139,228
42,156,340
42,157,137
42,162,515
42,165,478
42,166,324
42,170,172
42,173,169
42,178,36
42,180,275
42,182,425
42,186,348
42,188,10
42,191,202
42,192,564
42,208,491
42,212,102
42,213,163
42,217,560
42,249,90
42,258,478
42,270,2
42,278,599
43,1,166
43,2,406
43,4,486
43,5,234
43,6,596
43,7,240
43,9,266
43,13,562
43,14,155
43,16,34
43,17,94
43,18,363
43,19,169
43,21,510
43,22,82
43,23,110
43,24,510
43,26,408
43,28,364
43,31,174
43,34,88
43,37,491
43,39,494
43,45,426
43,46,538
43,47,600
43,49,420
43,50,154
43,52,354
43,56,535
43,59,532
43,60,558
43,67,173
43,70,182
43,72,423
43,73,231
43,74,234
43,77,118
43,84,590
43,87,257
43,91,394
43,98,96
43,99,84
43,101,47
43,102,23
43,103,1
43,105,465
43,107,326
43,122,286
43,132,340
43,136,404
43,164,527
43,166,351
43,167,309
43,168,586
43,174,375
43,176,43
43,178,546
43,187,137
43,195,519
43,209,182
43,213,119
43,232,547
43,233,571
43,242,543
43,250,486
43,253,348
43,256,432
43,260,417
43,264,49
43,268,21
43,282,316
43,283,18
44,3,112
44,4,585
44,5,92
44,9,241
44,10,477
44,11,116
44,12,538
44,14,180
44,16,25
44,19,243
44,20,537
44,22,553
44,23,550
44,24,100
44,25,372
44,26,537
44,28,481
44,30,462
44,32,168
44,34,85
44,35,57
44,37,497
44,39,51
44,40,266
44,41,338
44,42,278
44,45,433
44,46,68
44,47,13
44,49,101
44,51,345
44,52,404
44,53,436
44,54,511
44,55,169
44,56,299
44,60,593
44,64,196
44,66,481
44,68,22
44,69,527
44,77,537
44,80,556
44,82,553
44,83,172
44,91,34
44,92,477
44,94,465
44,95,94
44,97,152
44,100,229
44,104,319
44,107,126
44,108,173
44,136,570
44,139,495
44,143,463
44,148,235
44,149,59
44,152,547
44,155,291
44,159,169
44,163,235
44,164,99
44,170,469
44,175,207
44,182,600
44,189,430
44,192,527
44,199,434
44,200,268
44,202,164
44,204,478
44,205,464
44,207,192
44,208,251
44,213,81
44,228,17
44,249,311
44,261,291
44,262,257
44,269,360
44,278,159
44,283,343
44,284,90
44,286,150
45,1,77
45,3,101
45,6,231
45,7,481
45,8,177
45,9,6
45,12,560
45,13,448
45,15,13
45,19,411
45,20,29
45,21,115
45,22,100
45,23,365
45,24,282
45,25,436
45,26,117
45,27,289
45,29,365
45,30,224
45,32,311
45,35,453
45,37,123
45,39,554
45,40,436
45,43,426
45,44,433
45,46,108
45,48,52
45,50,23
45,53,149
45,55,42
45,59,420
45,61,588
45,62,312
45,63,53
45,66,518
45,67,89
45,69,354
45,71,486
45,72,251
45,74,598
45,79,285
45,80,513
45,83,467
45,85,77
45,89,332
45,90,95
45,91,525
45,92,459
45,96,459
45,98,249
45,100,442
45,101,322
45,104,204
45,105,125
45,107,134
45,108,250
45,109,70
45,113,576
45,118,389
45,119,557
45,122,77
45,126,12
45,127,306
45,133,181
45,136,343
45,141,185
45,142,154
45,145,75
45,146,172
45,155,583
45,156,509
45,157,252
45,159,120
45,160,7
45,162,376
45,165,11
45,171,64
45,174,107
45,183,281
45,184,213
45,195,248
45,202,146
45,210,368
45,221,353
45,227,532
45,233,63
45,234,264
45,238,585
45,243,363
45,251,415
45,257,276
45,263,285
45,266,511
45,275,541
45,291,190
