source,target,weight
1,2,53
1,3,476
1,4,522
1,5,104
1,6,508
1,10,263
1,11,287
1,12,499
1,13,303
1,14,275
1,15,288
1,19,263
1,20,246
1,21,15
1,23,308
1,24,380
1,26,585
1,27,14
1,28,253
1,29,6
1,30,494
1,31,286
1,34,459
1,35,79
1,36,41
1,37,220
1,38,281
1,39,275
1,40,383
1,41,353
1,46,544
1,50,248
1,51,535
1,53,322
1,54,433
1,56,460
1,59,278
1,60,506
1,61,491
1,62,384
1,66,250
1,70,154
1,72,172
1,78,112
1,79,358
1,80,512
1,81,73
1,85,345
1,86,400
1,94,256
1,102,378
1,105,252
1,113,521
1,120,597
1,123,471
1,125,121
1,142,544
1,159,441
1,163,45
1,177,84
1,181,324
1,188,312
1,190,198
1,201,401
1,203,507
1,209,67
1,217,335
1,221,490
1,228,592
1,230,16
1,239,476
1,241,293
1,242,372
1,254,149
1,259,378
1,267,573
1,272,457
1,284,363
1,285,387
1,286,64
2,1,53
2,3,400
2,4,394
2,6,277
2,7,227
2,8,596
2,9,145
2,10,234
2,11,311
2,13,595
2,15,581
2,16,285
2,17,531
2,18,410
2,20,493
2,21,506
2,23,50
2,24,463
2,27,282
2,28,98
2,29,294
2,32,282
2,34,270
2,35,426
2,36,78
2,37,295
2,39,475
2,41,469
2,43,576
2,44,387
2,48,582
2,49,152
2,51,225
2,53,218
2,59,126
2,60,394
2,61,314
2,62,449
2,63,505
2,64,398
2,67,362
2,74,530
2,76,583
2,80,593
2,82,591
2,84,9
2,85,410
2,86,461
2,92,326
2,95,375
2,97,552
2,99,182
2,100,558
2,103,411
2,104,249
2,105,530
2,107,146
2,110,133
2,115,258
2,120,246
2,123,101
2,124,353
2,125,43
2,130,167
2,131,503
2,133,409
2,134,278
2,137,166
2,138,488
2,146,102
2,147,386
2,150,307
2,154,128
2,163,541
2,171,111
2,172,117
2,173,6
2,174,553
2,185,587
2,187,43
2,189,35
2,192,277
2,201,379
2,207,586
2,209,300
2,214,555
2,216,380
2,234,153
2,237,304
2,242,395
2,245,533
2,246,378
2,252,77
2,263,236
2,284,162
2,287,117
2,300,40
3,1,476
3,2,400
3,4,428
3,5,217
3,6,495
3,7,484
3,9,238
3,12,320
3,13,221
3,14,433
3,15,467
3,17,266
3,18,436
3,20,44
3,21,415
3,23,140
3,25,342
3,27,459
3,28,346
3,29,306
3,30,482
3,31,575
3,32,507
3,34,54
3,37,39
3,40,477
3,41,439
3,42,94
3,44,70
3,45,497
3,46,308
3,51,52
3,52,238
3,57,104
3,58,406
3,60,519
3,65,506
3,68,255
3,70,78
3,72,573
3,75,71
3,79,423
3,81,244
3,88,303
3,96,501
3,99,142
3,100,61
3,101,455
3,102,547
3,106,61
3,111,429
3,116,210
3,118,105
3,120,184
3,122,81
3,125,534
3,128,508
3,131,371
3,133,168
3,143,423
3,150,135
3,161,106
3,166,398
3,169,121
3,173,589
3,183,16
3,184,3
3,188,563
3,192,281
3,195,490
3,197,439
3,199,64
3,207,526
3,216,242
3,228,462
3,231,158
3,246,312
3,252,220
3,253,201
3,256,123
3,258,273
3,261,60
3,268,407
3,273,9
3,279,515
3,293,563
3,296,336
4,1,522
4,2,394
4,3,428
4,5,323
4,6,13
4,7,483
4,8,201
4,10,193
4,15,102
4,18,553
4,20,288
4,21,146
4,22,366
4,23,168
4,24,395
4,25,424
4,26,59
4,27,75
4,30,406
4,31,494
4,33,512
4,34,201
4,41,577
4,42,216
4,45,301
4,47,273
4,51,379
4,57,35
4,59,26
4,61,248
4,63,336
4,67,374
4,70,578
4,71,41
4,73,469
4,76,9
4,79,507
4,81,482
4,82,331
4,83,458
4,94,67
4,96,455
4,104,117
4,106,217
4,116,190
4,123,352
4,124,487
4,135,391
4,138,581
4,140,345
4,141,361
4,142,491
4,164,574
4,171,29
4,179,94
4,182,278
4,188,533
4,194,159
4,207,30
4,208,227
4,228,21
4,231,553
4,239,417
4,254,596
4,257,409
4,262,311
4,264,267
4,274,443
4,281,212
4,284,95
4,289,39
4,295,346
5,1,104
5,3,217
5,4,323
5,7,34
5,8,467
5,9,8
5,10,597
5,11,377
5,12,97
5,13,598
5,16,441
5,17,323
5,18,472
5,19,180
5,21,500
5,24,111
5,25,262
5,27,548
5,28,400
5,30,541
5,32,396
5,33,55
5,35,4
5,38,233
5,40,600
5,41,322
5,43,41
5,49,552
5,50,466
5,52,429
5,56,267
5,57,14
5,58,105
5,59,574
5,60,28
5,62,525
5,65,579
5,66,124
5,67,548
5,71,470
5,72,144
5,73,452
5,75,554
5,78,584
5,82,177
5,83,596
5,85,162
5,86,122
5,93,44
5,94,132
5,105,141
5,107,23
5,118,329
5,119,137
5,128,553
5,129,501
5,132,110
5,148,470
5,153,146
5,159,509
5,160,384
5,164,491
5,170,9
5,172,395
5,180,18
5,182,319
5,187,445
5,189,128
5,199,424
5,206,338
5,208,231
5,210,285
5,235,334
5,238,316
5,243,133
5,249,594
5,253,461
5,254,395
5,264,61
5,265,314
5,272,310
5,282,139
5,289,550
5,295,581
5,297,253
5,299,250
6,1,508
6,2,277
6,3,495
6,4,13
6,7,586
6,9,46
6,10,209
6,11,26
6,12,123
6,13,431
6,14,533
6,15,191
6,16,309
6,17,521
6,18,332
6,20,546
6,22,584
6,23,225
6,24,390
6,25,300
6,29,129
6,30,157
6,31,478
6,32,66
6,33,116
6,34,266
6,35,411
6,37,118
6,38,410
6,39,172
6,40,37
6,43,560
6,46,403
6,47,578
6,48,193
6,49,93
6,51,59
6,53,54
6,54,358
6,55,51
6,57,535
6,58,475
6,59,46
6,63,210
6,65,190
6,69,357
6,70,543
6,75,363
6,82,377
6,84,338
6,86,408
6,89,234
6,91,570
6,93,115
6,95,439
6,102,530
6,106,471
6,113,56
6,125,329
6,132,159
6,133,555
6,146,334
6,149,113
6,152,551
6,157,196
6,159,153
6,163,89
6,168,460
6,175,38
6,178,424
6,186,128
6,204,313
6,206,381
6,207,93
6,214,193
6,225,21
6,227,465
6,229,246
6,237,237
6,245,44
6,252,366
6,257,45
6,280,528
6,295,582
6,299,224
7,2,227
7,3,484
7,4,483
7,5,34
7,6,586
7,8,152
7,9,279
7,10,19
7,11,139
7,12,112
7,13,356
7,14,201
7,17,22
7,19,561
7,20,50
7,21,271
7,23,252
7,24,409
7,26,553
7,27,403
7,28,554
7,32,83
7,33,130
7,35,272
7,36,367
7,38,22
7,40,471
7,42,224
7,43,38
7,44,99
7,46,420
7,47,149
7,49,96
7,54,568
7,56,94
7,57,128
7,59,407
7,66,194
7,71,207
7,80,63
7,81,510
7,85,189
7,87,111
7,101,62
7,104,548
7,105,57
7,109,430
7,112,558
7,113,206
7,114,272
7,134,597
7,139,285
7,145,462
7,146,61
7,156,95
7,165,449
7,166,280
7,175,339
7,180,280
7,202,34
7,205,172
7,209,156
7,210,327
7,212,522
7,220,191
7,221,107
7,227,12
7,244,38
7,254,590
7,268,45
7,271,153
7,279,345
7,285,456
7,287,494
7,296,591
8,2,596
8,4,201
8,5,467
8,7,152
8,10,456
8,11,326
8,12,372
8,13,80
8,14,247
8,18,217
8,19,407
8,20,261
8,21,413
8,23,332
8,24,136
8,26,178
8,27,70
8,29,65
8,30,180
8,33,484
8,34,124
8,37,429
8,39,458
8,40,492
8,41,427
8,47,74
8,50,99
8,52,380
8,53,449
8,54,74
8,55,119
8,60,463
8,62,429
8,65,449
8,74,453
8,75,563
8,77,17
8,79,562
8,82,34
8,84,138
8,86,339
8,90,534
8,93,494
8,98,441
8,100,158
8,103,103
8,112,94
8,116,66
8,119,334
8,128,213
8,132,50
8,137,373
8,156,40
8,159,424
8,166,330
8,167,495
8,173,526
8,181,235
8,184,84
8,187,135
8,196,171
8,197,329
8,201,581
8,204,521
8,207,324
8,210,24
8,222,48
8,232,287
8,235,240
8,240,403
8,241,461
8,248,10
8,255,156
8,257,283
8,263,62
8,266,183
8,281,508
8,284,369
8,295,262
8,297,199
8,299,89
9,2,145
9,3,238
9,5,8
9,6,46
9,7,279
9,10,287
9,12,285
9,13,76
9,16,505
9,17,189
9,18,520
9,19,54
9,22,180
9,25,101
9,26,440
9,27,447
9,28,432
9,31,330
9,32,158
9,33,399
9,34,216
9,35,400
9,36,511
9,38,92
9,39,378
9,41,537
9,42,205
9,43,315
9,44,242
9,45,335
9,49,498
9,50,388
9,51,398
9,52,178
9,53,30
9,55,43
9,56,368
9,57,146
9,58,289
9,61,85
9,62,366
9,65,30
9,66,79
9,71,269
9,72,69
9,74,452
9,75,197
9,80,558
9,82,70
9,88,488
9,89,357
9,90,4
9,95,423
9,100,289
9,103,18
9,105,439
9,106,288
9,107,428
9,112,389
9,115,458
9,121,43
9,123,409
9,128,238
9,129,576
9,134,329
9,138,508
9,139,458
9,142,12
9,149,525
9,158,593
9,159,358
9,162,536
9,165,299
9,179,489
9,185,498
9,202,411
9,203,273
9,219,129
9,220,551
9,226,212
9,231,382
9,235,75
9,243,485
9,250,288
9,251,595
9,260,201
9,263,37
9,270,94
9,271,398
9,291,524
10,1,263
10,2,234
10,4,193
10,5,597
10,6,209
10,7,19
10,8,456
10,9,287
10,11,374
10,12,348
10,14,139
10,16,367
10,17,184
10,20,504
10,21,122
10,22,401
10,27,97
10,28,316
10,29,221
10,30,183
10,33,121
10,35,45
10,37,257
10,39,203
10,40,397
10,44,369
10,45,107
10,48,52
10,50,180
10,52,301
10,57,26
10,58,558
10,60,586
10,61,311
10,62,130
10,63,459
10,64,86
10,69,78
10,70,20
10,74,491
10,75,314
10,77,100
10,78,28
10,81,302
10,89,274
10,90,326
10,91,375
10,99,407
10,102,364
10,105,177
10,110,511
10,111,74
10,117,471
10,123,212
10,127,80
10,134,464
10,136,587
10,142,159
10,147,360
10,153,133
10,165,478
10,169,259
10,174,397
10,176,329
10,180,181
10,200,173
10,202,55
10,213,273
10,216,33
10,228,581
10,233,50
10,234,136
10,237,569
10,242,214
10,247,152
10,260,133
10,273,142
10,286,425
10,289,222
10,297,435
11,1,287
11,2,311
11,5,377
11,6,26
11,7,139
11,8,326
11,10,374
11,12,430
11,14,334
11,15,495
11,16,263
11,17,251
11,18,385
11,19,346
11,20,294
11,21,140
11,22,374
11,23,159
11,24,446
11,26,525
11,27,304
11,28,27
11,30,71
11,31,39
11,33,407
11,34,212
11,36,493
11,37,499
11,39,313
11,40,274
11,43,338
11,45,14
11,46,560
11,48,546
11,49,377
11,50,249
11,58,577
11,63,535
11,64,434
11,72,370
11,74,255
11,76,401
11,87,1
11,88,137
11,89,90
11,90,577
11,91,306
11,112,556
11,117,444
11,119,103
11,120,472
11,124,147
11,136,521
11,140,588
11,150,12
11,151,422
11,153,529
11,161,366
11,164,64
11,175,154
11,181,403
11,183,77
11,201,587
11,210,414
11,213,300
11,214,165
11,216,356
11,232,130
11,243,328
11,251,300
11,252,118
11,258,298
11,260,28
11,261,89
11,262,230
11,270,57
11,271,598
11,274,238
11,296,560
12,1,499
12,3,320
12,5,97
12,6,123
12,7,112
12,8,372
12,9,285
12,10,348
12,11,430
12,15,293
12,17,122
12,18,319
12,19,10
12,23,480
12,24,468
12,28,428
12,30,450
12,31,294
12,32,518
12,35,90
12,36,585
12,37,409
12,38,276
12,40,57
12,41,206
12,42,365
12,52,81
12,55,572
12,62,51
12,66,359
12,68,368
12,69,182
12,70,481
12,72,589
12,75,91
12,77,459
12,79,108
12,81,16
12,83,195
12,85,451
12,88,573
12,90,453
12,97,290
12,102,357
12,103,308
12,107,596
12,109,491
12,110,287
12,114,238
12,115,191
12,122,170
12,124,27
12,125,319
12,127,353
12,133,89
12,135,493
12,137,309
12,146,178
12,147,255
12,149,567
12,150,275
12,153,295
12,156,349
12,157,174
12,158,519
12,167,559
12,178,488
12,179,387
12,185,483
12,190,108
12,204,304
12,209,251
12,212,114
12,234,553
12,235,306
12,244,463
12,252,385
12,253,211
12,256,208
12,257,131
12,258,245
12,262,577
12,263,600
12,270,263
12,275,163
12,279,141
12,280,302
12,290,416
12,292,31
12,299,389
13,1,303
13,2,595
13,3,221
13,5,598
13,6,431
13,7,356
13,8,80
13,9,76
13,14,360
13,15,519
13,17,527
13,18,127
13,20,427
13,21,288
13,22,571
13,23,265
13,26,76
13,30,89
13,31,349
13,32,461
13,33,458
13,34,397
13,35,407
13,38,302
13,39,348
13,40,365
13,42,52
13,44,198
13,46,122
13,47,583
13,51,572
13,52,319
13,53,572
13,54,94
13,55,520
13,56,306
13,58,570
13,60,426
13,64,402
13,67,406
13,68,536
13,71,306
13,76,416
13,77,502
13,81,573
13,83,294
13,85,238
13,88,414
13,89,356
13,91,437
13,95,212
13,101,495
13,111,133
13,115,313
13,118,561
13,124,214
13,126,599
13,127,33
13,131,16
13,132,382
13,136,26
13,147,126
13,151,112
13,160,319
13,164,580
13,168,491
13,169,586
13,175,287
13,197,421
13,206,215
13,211,355
13,237,532
13,254,448
13,264,565
13,265,530
13,269,248
13,275,195
13,280,421
13,285,118
13,300,576
14,1,275
14,3,433
14,6,533
14,7,201
14,8,247
14,10,139
14,11,334
14,13,360
14,15,14
14,16,431
14,17,73
14,18,170
14,19,115
14,21,23
14,25,442
14,26,131
14,27,131
14,29,43
14,31,119
14,32,173
14,33,87
14,35,454
14,36,25
14,37,378
14,38,181
14,39,429
14,40,469
14,42,541
14,45,85
14,46,296
14,48,107
14,49,441
14,51,409
14,53,207
14,61,454
14,71,202
14,72,589
14,75,451
14,78,26
14,81,509
14,83,256
14,85,346
14,87,113
14,90,349
14,94,25
14,98,213
14,101,416
14,106,528
14,107,527
14,109,430
14,114,480
14,115,149
14,120,22
14,132,408
14,135,356
14,142,526
14,147,54
14,149,6
14,159,537
14,160,385
14,163,565
14,172,83
14,185,509
14,199,94
14,206,415
14,207,592
14,212,506
14,218,421
14,229,375
14,236,61
14,256,296
14,259,509
14,266,313
14,269,360
14,275,414
15,1,288
15,2,581
15,3,467
15,4,102
15,6,191
15,11,495
15,12,293
15,13,519
15,14,14
15,16,2
15,17,239
15,18,585
15,19,106
15,22,63
15,23,539
15,24,550
15,25,67
15,27,493
15,28,192
15,29,179
15,30,284
15,31,413
15,32,55
15,33,348
15,36,366
15,37,392
15,41,315
15,42,524
15,44,77
15,45,458
15,47,6
15,49,148
15,53,137
15,54,129
15,55,121
15,60,494
15,63,206
15,65,555
15,67,502
15,68,324
15,69,401
15,71,313
15,72,321
15,76,360
15,80,525
15,81,293
15,85,414
15,89,428
15,91,273
15,92,567
15,94,154
15,103,64
15,108,390
15,113,56
15,119,419
15,122,45
15,129,62
15,137,573
15,139,68
15,140,500
15,150,363
15,153,418
15,155,306
15,158,444
15,160,510
15,165,138
15,168,336
15,174,232
15,179,244
15,185,256
15,192,212
15,204,152
15,206,159
15,215,306
15,220,464
15,222,44
15,224,300
15,225,40
15,226,343
15,238,104
15,239,561
15,243,248
15,258,544
15,264,265
15,265,527
15,269,311
15,270,465
15,275,381
15,290,199
15,292,84
15,293,504
15,296,232
16,2,285
16,5,441
16,6,309
16,9,505
16,10,367
16,11,263
16,14,431
16,15,2
16,17,547
16,19,562
16,22,234
16,23,468
16,24,284
16,26,125
16,28,124
16,29,548
16,30,587
16,31,203
16,32,124
16,33,198
16,34,39
16,36,146
16,37,124
16,40,23
16,42,542
16,43,198
16,45,471
16,47,89
16,49,95
16,52,420
16,53,152
16,56,482
16,57,205
16,58,274
16,62,402
16,63,202
16,67,48
16,68,405
16,69,575
16,70,365
16,71,171
16,76,226
16,80,297
16,81,68
16,87,401
16,90,511
16,92,538
16,95,456
16,105,347
16,122,133
16,123,330
16,126,329
16,139,319
16,145,537
16,169,132
16,170,175
16,172,279
16,183,213
16,201,331
16,202,260
16,206,353
16,209,447
16,210,546
16,216,41
16,219,74
16,226,139
16,235,7
16,238,588
16,245,193
16,254,192
16,255,120
16,277,81
16,278,394
16,285,527
16,288,221
16,300,421
17,2,531
17,3,266
17,5,323
17,6,521
17,7,22
17,9,189
17,10,184
17,11,251
17,12,122
17,13,527
17,14,73
17,15,239
17,16,547
17,19,73
17,20,278
17,23,97
17,24,478
17,25,66
17,30,43
17,31,595
17,33,80
17,34,115
17,35,309
17,36,291
17,40,549
17,41,558
17,42,209
17,43,71
17,44,459
17,46,226
17,47,124
17,48,492
17,49,62
17,50,95
17,51,304
17,61,294
17,62,294
17,64,93
17,67,301
17,68,63
17,70,302
17,73,559
17,75,308
17,81,280
17,88,164
17,89,125
17,91,331
17,107,392
17,110,96
17,114,162
17,115,438
17,116,81
17,121,87
17,122,268
17,130,2
17,134,326
17,136,86
17,139,388
17,152,116
17,158,123
17,159,531
17,168,414
17,174,6
17,179,499
17,187,304
17,196,298
17,217,114
17,221,13
17,223,37
17,226,286
17,231,559
17,235,44
17,236,536
17,238,26
17,239,92
17,266,280
17,274,275
17,276,360
17,277,586
17,284,158
17,291,237
17,294,289
18,2,410
18,3,436
18,4,553
18,5,472
18,6,332
18,8,217
18,9,520
18,11,385
18,12,319
18,13,127
18,14,170
18,15,585
18,19,337
18,20,29
18,22,225
18,23,330
18,24,350
18,25,506
18,27,548
18,31,234
18,32,421
18,33,196
18,34,221
18,35,520
18,37,435
18,38,7
18,41,140
18,43,408
18,44,522
18,45,198
18,46,250
18,47,598
18,48,301
18,49,145
18,50,6
18,51,421
18,52,367
18,53,282
18,54,519
18,57,278
18,59,313
18,60,531
18,62,528
18,63,75
18,65,470
18,67,559
18,68,512
18,69,59
18,70,201
18,74,178
18,76,291
18,77,288
18,78,70
18,79,209
18,86,93
18,92,71
18,94,16
18,96,467
18,105,591
18,111,184
18,118,220
18,133,486
18,134,581
18,136,501
18,137,84
18,144,316
18,150,423
18,167,94
18,175,582
18,176,261
18,180,36
18,192,454
18,196,220
18,200,168
18,205,132
18,210,323
18,216,598
18,225,179
18,240,375
18,260,313
18,269,54
18,272,220
18,281,8
18,288,523
19,1,263
19,5,180
19,7,561
19,8,407
19,9,54
19,11,346
19,12,10
19,14,115
19,15,106
19,16,562
19,17,73
19,18,337
19,20,53
19,22,197
19,23,281
19,27,96
19,28,74
19,29,83
19,30,460
19,31,121
19,32,412
19,33,225
19,34,230
19,38,319
19,39,226
19,40,462
19,41,350
19,45,558
19,47,81
19,49,208
19,51,70
19,54,374
19,55,269
19,57,51
19,58,258
19,63,449
19,66,239
19,68,265
19,70,476
19,71,527
19,72,365
19,74,379
19,80,600
19,91,296
19,93,260
19,94,228
19,104,377
19,127,31
19,129,387
19,132,2
19,142,405
19,146,293
19,164,465
19,168,457
19,169,582
19,170,461
19,184,212
19,187,27
19,191,191
19,195,241
19,200,220
19,201,417
19,218,161
19,219,358
19,220,44
19,222,402
19,231,233
19,232,570
19,236,312
19,242,291
19,256,328
19,259,454
19,264,255
19,265,198
19,266,567
19,295,176
19,298,486
20,1,246
20,2,493
20,3,44
20,4,288
20,6,546
20,7,50
20,8,261
20,10,504
20,11,294
20,13,427
20,17,278
20,18,29
20,19,53
20,22,462
20,25,372
20,26,76
20,27,104
20,28,284
20,29,176
20,31,182
20,32,526
20,34,548
20,38,89
20,39,572
20,40,207
20,41,101
20,49,166
20,52,172
20,53,465
20,55,44
20,60,12
20,61,400
20,63,383
20,64,421
20,65,101
20,66,299
20,67,496
20,73,65
20,76,525
20,77,484
20,80,162
20,86,414
20,87,180
20,93,189
20,96,240
20,102,449
20,103,297
20,104,83
20,108,208
20,118,456
20,123,40
20,130,427
20,131,46
20,137,569
20,149,450
20,150,474
20,151,500
20,155,573
20,156,278
20,159,146
20,163,505
20,165,71
20,167,504
20,175,190
20,177,129
20,197,3
20,198,312
20,226,258
20,236,149
20,250,316
20,254,507
20,259,118
20,262,380
20,281,121
20,282,21
20,283,230
20,299,447
21,1,15
21,2,506
21,3,415
21,4,146
21,5,500
21,7,271
21,8,413
21,10,122
21,11,140
21,13,288
21,14,23
21,22,331
21,24,466
21,25,30
21,26,396
21,27,414
21,28,113
21,29,174
21,30,410
21,31,174
21,32,125
21,33,346
21,39,216
21,40,83
21,41,201
21,44,201
21,45,220
21,51,215
21,52,204
21,54,248
21,58,36
21,59,592
21,60,309
21,62,259
21,63,564
21,66,264
21,73,138
21,75,133
21,76,364
21,78,173
21,83,35
21,95,349
21,97,226
21,103,342
21,107,248
21,110,75
21,116,293
21,118,466
21,122,243
21,126,510
21,128,197
21,134,324
21,141,249
21,147,411
21,160,545
21,163,515
21,169,468
21,170,71
21,177,281
21,188,174
21,193,362
21,217,530
21,226,483
21,229,102
21,238,533
21,245,456
21,260,131
21,275,546
21,292,560
21,296,551
21,297,182
21,299,150
22,4,366
22,6,584
22,9,180
22,10,401
22,11,374
22,13,571
22,15,63
22,16,234
22,18,225
22,19,197
22,20,462
22,21,331
22,23,430
22,24,372
22,25,151
22,27,566
22,28,138
22,29,433
22,30,279
22,31,421
22,33,533
22,36,115
22,39,554
22,41,86
22,43,291
22,44,342
22,45,58
22,46,239
22,47,170
22,48,196
22,52,129
22,55,25
22,59,427
22,61,419
22,62,482
22,65,200
22,70,471
22,73,439
22,75,180
22,76,339
22,81,110
22,83,318
22,87,130
22,94,484
22,99,403
22,100,563
22,101,220
22,102,475
22,103,325
22,106,450
22,110,490
22,119,171
22,122,237
22,132,273
22,134,2
22,136,64
22,137,532
22,145,24
22,149,11
22,155,210
22,165,78
22,170,409
22,171,498
22,173,518
22,176,78
22,189,494
22,202,319
22,211,127
22,216,83
22,228,14
22,230,67
22,237,530
22,250,357
22,254,598
22,255,131
22,260,582
22,277,258
23,1,308
23,2,50
23,3,140
23,4,168
23,6,225
23,7,252
23,8,332
23,11,159
23,12,480
23,13,265
23,15,539
23,16,468
23,17,97
23,18,330
23,19,281
23,22,430
23,24,389
23,25,562
23,26,258
23,30,81
23,32,580
23,36,523
23,39,204
23,41,49
23,42,516
23,43,83
23,45,23
23,46,410
23,47,258
23,48,515
23,49,564
23,50,213
23,51,151
23,52,143
23,57,113
23,58,458
23,63,199
23,69,375
23,73,269
23,79,590
23,81,561
23,84,525
23,86,367
23,101,502
23,110,549
23,112,414
23,114,298
23,124,525
23,131,362
23,136,61
23,141,285
23,145,428
23,147,45
23,161,364
23,162,128
23,164,319
23,168,579
23,172,131
23,178,277
23,192,73
23,199,593
23,203,303
23,205,302
23,209,149
23,213,242
23,214,258
23,220,141
23,223,43
23,228,174
23,229,448
23,233,433
23,235,545
23,237,150
23,240,406
23,252,386
23,263,515
23,280,315
23,292,553
24,1,380
24,2,463
24,4,395
24,5,111
24,6,390
24,7,409
24,8,136
24,11,446
24,12,468
24,15,550
24,16,284
24,17,478
24,18,350
24,21,466
24,22,372
24,23,389
24,26,182
24,27,395
24,28,249
24,29,451
24,30,271
24,32,269
24,34,330
24,37,352
24,38,142
24,39,346
24,40,99
24,41,174
24,42,120
24,44,500
24,45,553
24,46,232
24,51,421
24,55,119
24,56,340
24,57,588
24,59,41
24,68,239
24,70,561
24,71,97
24,72,354
24,73,231
24,77,528
24,84,522
24,86,263
24,87,149
24,88,427
24,97,45
24,122,48
24,126,277
24,129,450
24,135,78
24,142,135
24,143,486
24,155,549
24,156,503
24,177,183
24,182,263
24,184,272
24,185,491
24,201,190
24,205,247
24,208,12
24,214,230
24,216,312
24,217,451
24,239,57
24,244,424
24,274,219
24,286,33
24,294,574
24,299,477
25,3,342
25,4,424
25,5,262
25,6,300
25,9,101
25,14,442
25,15,67
25,17,66
25,18,506
25,20,372
25,21,30
25,22,151
25,23,562
25,26,216
25,27,193
25,28,87
25,29,406
25,30,428
25,31,198
25,32,371
25,34,219
25,37,388
25,38,167
25,39,69
25,43,466
25,44,581
25,45,45
25,46,212
25,48,503
25,49,412
25,50,574
25,51,237
25,52,514
25,61,573
25,62,79
25,63,96
25,66,517
25,67,307
25,68,139
25,69,257
25,73,418
25,74,110
25,79,182
25,82,561
25,84,470
25,85,250
25,89,19
25,94,46
25,96,269
25,98,568
25,99,140
25,100,263
25,103,121
25,109,263
25,113,116
25,117,285
25,125,144
25,128,50
25,129,547
25,130,382
25,134,8
25,136,71
25,146,148
25,148,197
25,156,438
25,175,155
25,176,248
25,187,502
25,192,155
25,193,67
25,196,266
25,234,267
25,235,536
25,236,283
25,251,422
25,265,253
25,276,485
25,288,130
25,294,349
26,1,585
26,4,59
26,7,553
26,8,178
26,9,440
26,11,525
26,13,76
26,14,131
26,16,125
26,20,76
26,21,396
26,23,258
26,24,182
26,25,216
26,28,261
26,29,56
26,31,106
26,33,297
26,34,257
26,35,197
26,36,129
26,37,406
26,38,374
26,39,424
26,41,19
26,44,94
26,48,400
26,52,106
26,65,436
26,66,175
26,73,98
26,82,317
26,83,11
26,87,314
26,88,561
26,89,412
26,90,130
26,94,106
26,97,387
26,100,467
26,101,252
26,105,108
26,107,100
26,112,513
26,113,300
26,121,337
26,126,115
26,137,556
26,141,525
26,145,464
26,146,81
26,149,388
26,152,600
26,175,65
26,176,281
26,193,382
26,194,278
26,208,202
26,210,295
26,223,274
26,224,214
26,232,551
26,233,158
26,245,462
26,255,401
26,259,53
26,265,134
26,285,238
26,289,161
26,290,128
26,291,531
27,1,14
27,2,282
27,3,459
27,4,75
27,5,548
27,7,403
27,8,70
27,9,447
27,10,97
27,11,304
27,14,131
27,15,493
27,18,548
27,19,96
27,20,104
27,21,414
27,22,566
27,24,395
27,25,193
27,28,81
27,29,39
27,30,174
27,31,335
27,32,41
27,33,411
27,34,551
27,35,119
27,36,11
27,37,340
27,38,353
27,42,31
27,43,257
27,45,351
27,46,464
27,48,338
27,49,587
27,51,464
27,52,588
27,53,392
27,54,385
27,55,426
27,60,248
27,71,357
27,73,174
27,74,102
27,78,132
27,82,97
27,83,401
27,84,433
27,85,20
27,92,156
27,99,261
27,104,460
27,107,218
27,109,335
27,113,317
27,115,506
27,120,160
27,121,223
27,142,428
27,146,539
27,158,297
27,162,467
27,163,405
27,164,72
27,168,40
27,171,226
27,178,425
27,196,335
27,205,16
27,207,329
27,218,373
27,225,379
27,227,260
27,232,516
27,234,269
27,235,293
27,248,191
27,256,366
27,258,554
27,261,121
27,264,175
27,267,242
27,287,596
27,288,179
27,296,184
27,298,117
28,1,253
28,2,98
28,3,346
28,5,400
28,7,554
28,9,432
28,10,316
28,11,27
28,12,428
28,15,192
28,16,124
28,19,74
28,20,284
28,21,113
28,22,138
28,24,249
28,25,87
28,26,261
28,27,81
28,29,194
28,30,119
28,31,421
28,32,111
28,36,165
28,39,305
28,40,296
28,43,449
28,46,361
28,48,55
28,50,466
28,51,444
28,53,428
28,59,443
28,60,19
28,61,327
28,62,468
28,66,179
28,68,585
28,71,272
28,72,194
28,78,203
28,82,556
28,83,146
28,84,444
28,89,587
28,90,23
28,91,55
28,92,302
28,96,109
28,98,346
28,105,29
28,106,539
28,111,345
28,113,77
28,114,543
28,119,481
28,124,290
28,127,446
28,135,329
28,141,449
28,145,178
28,150,405
28,153,355
28,154,194
28,155,246
28,157,574
28,164,262
28,165,234
28,168,200
28,171,329
28,173,97
28,184,487
28,185,138
28,186,412
28,189,220
28,198,453
28,200,581
28,202,554
28,203,57
28,205,528
28,208,217
28,209,33
28,210,414
28,211,80
28,221,162
28,222,453
28,225,219
28,234,497
28,240,130
28,244,445
28,245,43
28,251,268
28,254,189
28,265,413
28,267,477
28,291,382
29,1,6
29,2,294
29,3,306
29,6,129
29,8,65
29,10,221
29,14,43
29,15,179
29,16,548
29,19,83
29,20,176
29,21,174
29,22,433
29,24,451
29,25,406
29,26,56
29,27,39
29,28,194
29,30,300
29,35,460
29,36,484
29,37,156
29,38,357
29,39,410
29,47,182
29,48,92
29,53,373
29,54,82
29,55,196
29,57,19
29,62,323
29,63,412
29,64,192
29,65,79
29,69,568
29,72,240
29,75,85
29,76,113
29,79,324
29,80,183
29,81,353
29,83,44
29,88,92
29,89,381
29,92,58
29,95,397
29,96,220
29,97,69
29,102,469
29,105,295
29,112,476
29,122,516
29,128,368
29,137,531
29,139,317
29,142,171
29,151,529
29,158,91
29,160,591
29,170,463
29,171,16
29,182,432
29,187,51
29,189,256
29,190,183
29,202,317
29,210,239
29,225,482
29,250,472
29,263,413
29,274,2
29,278,326
29,279,41
29,289,328
29,295,313
30,1,494
30,3,482
30,4,406
30,5,541
30,6,157
30,8,180
30,10,183
30,11,71
30,12,450
30,13,89
30,15,284
30,16,587
30,17,43
30,19,460
30,21,410
30,22,279
30,23,81
30,24,271
30,25,428
30,27,174
30,28,119
30,29,300
30,33,490
30,34,88
30,35,67
30,36,43
30,37,35
30,38,224
30,39,495
30,41,341
30,43,295
30,45,405
30,46,267
30,47,147
30,48,133
30,51,291
30,54,169
30,55,592
30,58,409
30,59,137
30,62,354
30,65,557
30,67,8
30,70,6
30,71,104
30,74,253
30,75,86
30,79,567
30,83,135
30,84,556
30,85,216
30,91,352
30,95,284
30,101,519
30,104,78
30,119,153
30,121,420
30,140,176
30,144,161
30,147,284
30,162,192
30,165,481
30,175,448
30,195,418
30,200,402
30,203,63
30,206,389
30,211,79
30,215,91
30,230,237
30,231,123
30,235,370
30,236,158
30,241,594
30,258,469
30,269,388
30,281,594
31,1,286
31,3,575
31,4,494
31,6,478
31,9,330
31,11,39
31,12,294
31,13,349
31,14,119
31,15,413
31,16,203
31,17,595
31,18,234
31,19,121
31,20,182
31,21,174
31,22,421
31,25,198
31,26,106
31,27,335
31,28,421
31,32,337
31,33,377
31,34,35
31,35,90
31,36,480
31,37,224
31,38,570
31,39,214
31,40,40
31,42,391
31,46,332
31,51,256
31,54,274
31,55,30
31,57,20
31,60,89
31,62,260
31,67,288
31,68,572
31,71,87
31,73,145
31,79,28
31,81,282
31,84,389
31,85,130
31,86,143
31,88,213
31,89,223
31,91,287
31,94,522
31,106,551
31,116,503
31,123,523
31,124,397
31,128,350
31,130,143
31,132,512
31,133,469
31,135,518
31,141,313
31,144,143
31,148,467
31,157,82
31,160,406
31,164,562
31,182,350
31,190,491
31,194,336
31,196,482
31,207,131
31,208,211
31,209,421
31,220,311
31,226,416
31,234,292
31,235,322
31,250,420
31,251,5
31,270,267
31,281,239
31,284,492
31,291,511
31,294,515
31,298,261
32,2,282
32,3,507
32,5,396
32,6,66
32,7,83
32,9,158
32,12,518
32,13,461
32,14,173
32,15,55
32,16,124
32,18,421
32,19,412
32,20,526
32,21,125
32,23,580
32,24,269
32,25,371
32,27,41
32,28,111
32,31,337
32,33,239
32,34,185
32,35,139
32,36,561
32,39,37
32,41,564
32,43,568
32,44,527
32,46,389
32,51,454
32,52,477
32,53,526
32,54,376
32,55,538
32,58,70
32,59,10
32,61,241
32,62,3
32,64,463
32,65,351
32,67,412
32,68,20
32,69,271
32,72,578
32,73,35
32,74,356
32,78,598
32,79,473
32,80,499
32,83,61
32,88,414
32,93,550
32,95,222
32,96,202
32,99,129
32,101,587
32,102,508
32,103,557
32,108,180
32,115,2
32,121,367
32,123,321
32,125,245
32,128,476
32,136,10
32,138,190
32,142,351
32,146,573
32,148,300
32,157,479
32,162,176
32,174,515
32,182,543
32,184,216
32,185,137
32,187,467
32,205,134
32,207,439
32,217,77
32,218,598
32,226,331
32,244,196
32,246,35
32,247,558
32,293,119
32,298,531
33,4,512
33,5,55
33,6,116
33,7,130
33,8,484
33,9,399
33,10,121
33,11,407
33,13,458
33,14,87
33,15,348
33,16,198
33,17,80
33,18,196
33,19,225
33,21,346
33,22,533
33,26,297
33,27,411
33,30,490
33,31,377
33,32,239
33,34,87
33,35,349
33,36,211
33,37,49
33,38,187
33,39,87
33,40,323
33,41,379
33,42,343
33,45,212
33,48,311
33,49,583
33,50,436
33,53,477
33,55,322
33,56,535
33,59,64
33,62,229
33,63,138
33,64,411
33,65,302
33,66,234
33,74,505
33,75,586
33,76,462
33,83,13
33,85,468
33,86,58
33,91,137
33,97,269
33,101,389
33,102,458
33,105,385
33,106,102
33,116,260
33,117,414
33,121,275
33,128,129
33,132,535
33,134,393
33,138,301
33,141,6
33,150,503
33,151,119
33,165,255
33,174,93
33,180,427
33,182,445
33,184,233
33,186,385
33,203,439
33,210,166
33,213,240
33,215,591
33,229,241
33,254,113
33,267,440
33,282,439
33,297,340
33,298,393
34,1,459
34,2,270
34,3,54
34,4,201
34,6,266
34,8,124
34,9,216
34,11,212
34,13,397
34,16,39
34,17,115
34,18,221
34,19,230
34,20,548
34,24,330
34,25,219
34,26,257
34,27,551
34,30,88
34,31,35
34,32,185
34,33,87
34,37,299
34,38,462
34,39,223
34,40,93
34,41,194
34,42,166
34,43,324
34,44,102
34,45,574
34,47,53
34,48,212
34,49,169
34,50,149
34,51,537
34,52,287
34,54,481
34,55,27
34,56,45
34,58,210
34,59,158
34,67,229
34,70,337
34,75,243
34,77,472
34,78,296
34,80,361
34,83,7
34,84,323
34,90,416
34,92,355
34,94,414
34,97,273
34,98,186
34,104,368
34,108,166
34,109,517
34,111,588
34,112,188
34,114,554
34,122,257
34,123,128
34,132,360
34,136,378
34,138,113
34,141,428
34,147,539
34,148,89
34,153,121
34,154,371
34,186,10
34,194,269
34,196,600
34,219,342
34,254,336
34,267,314
34,273,274
34,290,279
34,294,529
35,1,79
35,2,426
35,5,4
35,6,411
35,7,272
35,9,400
35,10,45
35,12,90
35,13,407
35,14,454
35,17,309
35,18,520
35,26,197
35,27,119
35,29,460
35,30,67
35,31,90
35,32,139
35,33,349
35,36,181
35,39,491
35,40,392
35,43,194
35,44,115
35,45,341
35,49,96
35,51,383
35,58,156
35,63,497
35,68,309
35,71,117
35,72,555
35,80,345
35,81,453
35,88,421
35,89,219
35,91,259
35,93,507
35,100,6
35,105,322
35,110,221
35,113,376
35,114,197
35,117,488
35,120,364
35,123,518
35,125,434
35,136,148
35,137,97
35,139,143
35,140,453
35,148,75
35,149,579
35,152,201
35,153,434
35,155,112
35,163,121
35,166,530
35,179,308
35,182,531
35,183,217
35,184,293
35,186,586
35,187,47
35,202,472
35,203,512
35,214,512
35,215,246
35,223,211
35,242,145
35,245,138
35,258,452
35,263,119
35,269,347
35,273,373
35,279,492
35,287,478
35,294,41
35,295,263
36,1,41
36,2,78
36,7,367
36,9,511
36,11,493
36,12,585
36,14,25
36,15,366
36,16,146
36,17,291
36,22,115
36,23,523
36,26,129
36,27,11
36,28,165
36,29,484
36,30,43
36,31,480
36,32,561
36,33,211
36,35,181
36,37,321
36,38,240
36,43,40
36,48,81
36,50,414
36,51,583
36,58,514
36,59,504
36,61,304
36,64,74
36,65,470
36,66,76
36,67,330
36,69,568
36,74,182
36,77,117
36,81,313
36,87,103
36,88,324
36,93,205
36,98,499
36,101,478
36,102,67
36,103,307
36,106,476
36,111,186
36,120,492
36,126,392
36,129,193
36,131,592
36,136,80
36,148,202
36,160,258
36,164,205
36,168,39
36,169,183
36,171,455
36,174,568
36,176,191
36,179,173
36,190,237
36,216,252
36,220,483
36,226,323
36,247,58
36,253,550
36,282,455
36,284,273
36,287,421
36,293,161
36,298,224
37,1,220
37,2,295
37,3,39
37,6,118
37,8,429
37,10,257
37,11,499
37,12,409
37,14,378
37,15,392
37,16,124
37,18,435
37,24,352
37,25,388
37,26,406
37,27,340
37,29,156
37,30,35
37,31,224
37,33,49
37,34,299
37,36,321
37,40,241
37,41,213
37,42,250
37,44,484
37,45,348
37,48,418
37,50,383
37,53,299
37,54,87
37,57,94
37,58,200
37,64,521
37,65,168
37,67,578
37,68,36
37,69,462
37,73,247
37,77,163
37,78,153
37,80,330
37,81,87
37,84,105
37,85,455
37,93,344
37,95,241
37,109,10
37,114,581
37,115,597
37,118,120
37,126,22
37,129,493
37,147,260
37,148,285
37,152,547
37,153,103
37,155,224
37,157,78
37,165,359
37,167,190
37,179,588
37,182,328
37,187,581
37,194,258
37,202,354
37,209,457
37,210,443
37,211,552
37,227,190
37,231,570
37,235,409
37,249,522
37,250,347
37,256,404
37,272,276
37,275,530
37,284,524
37,291,107
37,299,96
38,1,281
38,5,233
38,6,410
38,7,22
38,9,92
38,12,276
38,13,302
38,14,181
38,18,7
38,19,319
38,20,89
38,24,142
38,25,167
38,26,374
38,27,353
38,29,357
38,30,224
38,31,570
38,33,187
38,34,462
38,36,240
38,40,475
38,43,96
38,45,242
38,46,377
38,47,594
38,48,359
38,49,334
38,52,390
38,53,196
38,56,485
38,57,298
38,58,403
38,60,145
38,61,473
38,63,490
38,64,110
38,68,75
38,69,225
38,71,83
38,76,343
38,77,286
38,78,357
38,84,145
38,92,214
38,93,39
38,96,283
38,97,178
38,98,149
38,99,284
38,101,425
38,109,170
38,112,308
38,114,285
38,115,151
38,121,318
38,123,218
38,124,357
38,126,539
38,138,574
38,145,79
38,151,238
38,154,266
38,155,34
38,163,456
38,167,22
38,187,504
38,190,226
38,208,257
38,222,178
38,227,441
38,228,436
38,237,270
38,240,596
38,243,74
38,269,571
38,271,519
38,292,448
39,1,275
39,2,475
39,6,172
39,8,458
39,9,378
39,10,203
39,11,313
39,13,348
39,14,429
39,19,226
39,20,572
39,21,216
39,22,554
39,23,204
39,24,346
39,25,69
39,26,424
39,28,305
39,29,410
39,30,495
39,31,214
39,32,37
39,33,87
39,34,223
39,35,491
39,42,411
39,43,581
39,45,544
39,46,229
39,48,203
39,49,79
39,50,344
39,51,230
39,52,279
39,53,181
39,54,467
39,56,80
39,57,289
39,59,464
39,60,72
39,66,172
39,68,600
39,69,412
39,73,47
39,75,546
39,79,453
39,80,105
39,81,418
39,91,517
39,92,457
39,93,200
39,98,314
39,99,351
39,100,111
39,104,163
39,110,487
39,117,527
39,119,553
39,126,24
39,128,5
39,130,520
39,144,505
39,146,250
39,152,578
39,156,526
39,159,472
39,178,125
39,188,571
39,203,497
39,204,182
39,209,214
39,213,286
39,220,393
39,225,517
39,233,267
39,241,108
39,246,494
39,249,348
39,266,552
39,267,151
39,270,506
39,276,368
39,288,564
40,1,383
40,3,477
40,5,600
40,6,37
40,7,471
40,8,492
40,10,397
40,11,274
40,12,57
40,13,365
40,14,469
40,16,23
40,17,549
40,19,462
40,20,207
40,21,83
40,24,99
40,28,296
40,31,40
40,33,323
40,34,93
40,35,392
40,37,241
40,38,475
40,41,573
40,42,360
40,43,173
40,44,415
40,46,588
40,47,259
40,50,162
40,54,559
40,56,288
40,57,175
40,59,92
40,60,164
40,62,421
40,63,157
40,64,374
40,71,55
40,75,572
40,79,145
40,80,40
40,83,145
40,86,396
40,91,35
40,92,279
40,94,100
40,95,592
40,96,12
40,102,462
40,103,503
40,107,17
40,113,226
40,115,164
40,116,55
40,117,305
40,122,475
40,129,110
40,131,244
40,135,66
40,140,156
40,141,178
40,142,220
40,146,30
40,150,548
40,151,214
40,155,45
40,156,225
40,157,379
40,177,244
40,179,590
40,185,574
40,195,27
40,197,147
40,204,54
40,211,288
40,213,15
40,219,292
40,229,301
40,237,41
40,239,69
40,244,358
40,247,575
40,275,163
40,278,274
40,284,333
40,286,269
40,289,393
40,290,6
41,1,353
41,2,469
41,3,439
41,4,577
41,5,322
41,8,427
41,9,537
41,12,206
41,15,315
41,17,558
41,18,140
41,19,350
41,20,101
41,21,201
41,22,86
41,23,49
41,24,174
41,26,19
41,30,341
41,32,564
41,33,379
41,34,194
41,37,213
41,40,573
41,42,110
41,43,140
41,46,466
41,51,240
41,52,411
41,53,148
41,54,100
41,55,524
41,56,153
41,58,465
41,60,523
41,63,67
41,64,528
41,67,149
41,68,388
41,74,568
41,76,183
41,78,467
41,79,132
41,80,351
41,82,387
41,83,125
41,84,261
41,85,21
41,86,49
41,90,21
41,92,537
41,93,209
41,98,346
41,99,296
41,100,192
41,101,290
41,106,578
41,108,44
41,110,8
41,111,18
41,113,116
41,116,454
41,118,488
41,125,157
41,128,574
41,133,493
41,139,295
41,142,131
41,145,160
41,147,29
41,152,486
41,153,11
41,164,107
41,166,139
41,175,91
41,177,379
41,181,385
41,188,551
41,193,305
41,194,174
41,198,112
41,207,223
41,226,490
41,250,357
41,251,192
41,254,438
41,271,287
41,281,267
41,282,543
41,289,165
41,291,357
41,293,482
42,3,94
42,4,216
42,7,224
42,9,205
42,12,365
42,13,52
42,14,541
42,15,524
42,16,542
42,17,209
42,23,516
42,24,120
42,27,31
42,31,391
42,33,343
42,34,166
42,37,250
42,39,411
42,40,360
42,41,110
42,44,11
42,45,385
42,50,195
42,51,280
42,54,230
42,55,593
42,56,122
42,57,67
42,58,506
42,61,410
42,68,187
42,71,251
42,72,314
42,76,267
42,78,192
42,80,78
42,82,91
42,87,598
42,89,513
42,93,295
42,95,585
42,104,145
42,109,189
42,120,42
42,121,270
42,122,551
42,125,548
42,127,230
42,140,352
42,143,392
42,144,558
42,145,95
42,152,410
42,153,243
42,158,332
42,162,180
42,171,358
42,175,588
42,193,59
42,196,218
42,201,303
42,208,58
42,211,253
42,214,247
42,227,366
42,232,532
42,236,219
42,239,579
42,241,385
42,243,592
42,250,21
42,280,359
42,288,380
42,290,560
42,295,441
43,2,576
43,5,41
43,6,560
43,7,38
43,9,315
43,11,338
43,16,198
43,17,71
43,18,408
43,22,291
43,23,83
43,25,466
43,27,257
43,28,449
43,30,295
43,32,568
43,34,324
43,35,194
43,36,40
43,38,96
43,39,581
43,40,173
43,41,140
43,44,163
43,46,296
43,47,580
43,48,280
43,50,338
43,51,74
43,56,485
43,57,8
43,64,569
43,67,498
43,69,246
43,71,529
43,73,275
43,78,321
43,79,242
43,85,426
43,87,478
43,88,440
43,89,245
43,100,598
43,102,103
43,117,443
43,126,39
43,129,293
43,130,563
43,134,535
43,137,266
43,149,220
43,158,155
43,159,437
43,163,251
43,168,24
43,169,297
43,173,39
43,179,157
43,182,384
43,185,537
43,189,326
43,195,425
43,198,283
43,201,150
43,205,353
43,216,84
43,217,310
43,220,563
43,224,160
43,231,226
43,235,75
43,244,183
43,246,416
43,248,531
43,258,495
43,276,525
43,284,117
43,292,164
43,293,600
43,297,34
44,2,387
44,3,70
44,7,99
44,9,242
44,10,369
44,13,198
44,15,77
44,17,459
44,18,522
44,21,201
44,22,342
44,24,500
44,25,581
44,26,94
44,32,527
44,34,102
44,35,115
44,37,484
44,40,415
44,42,11
44,43,163
44,49,469
44,50,134
44,52,586
44,59,334
44,63,443
44,66,448
44,69,190
44,71,405
44,77,439
44,78,82
44,94,412
44,96,70
44,97,185
44,104,440
44,109,76
44,112,418
44,114,170
44,115,199
44,116,468
44,125,318
44,126,560
44,132,354
44,137,45
44,138,307
44,139,131
44,144,553
44,150,305
44,156,353
44,158,158
44,161,544
44,164,381
44,165,492
44,169,150
44,170,121
44,174,200
44,185,588
44,205,25
44,206,95
44,213,497
44,247,454
44,258,512
44,262,223
44,271,394
44,288,548
45,3,497
45,4,301
45,9,335
45,10,107
45,11,14
45,14,85
45,15,458
45,16,471
45,18,198
45,19,558
45,21,220
45,22,58
45,23,23
45,24,553
45,25,45
45,27,351
45,30,405
45,33,212
45,34,574
45,35,341
45,37,348
45,38,242
45,39,544
45,42,385
45,46,56
45,48,407
45,55,544
45,56,364
45,57,573
45,58,551
45,66,315
45,67,164
45,74,371
45,75,206
45,85,313
45,86,80
45,88,490
45,91,332
45,93,349
45,96,354
45,101,362
45,103,533
45,120,382
45,122,233
45,131,368
45,133,182
45,143,319
45,146,241
45,149,6
45,150,6
45,154,274
45,156,101
45,157,152
45,158,218
45,161,172
45,171,106
45,204,226
45,218,333
45,219,575
45,221,44
45,226,584
45,230,311
45,234,248
45,237,235
45,241,354
45,245,403
45,252,149
45,276,65
45,286,461
45,288,201
45,290,417
45,300,152
46,1,544
46,3,308
46,6,403
46,7,420
46,11,560
46,13,122
46,14,296
46,17,226
46,18,250
46,22,239
46,23,410
46,24,232
46,25,212
46,27,464
46,28,361
46,30,267
46,31,332
46,32,389
46,38,377
46,39,229
46,40,588
46,41,466
46,43,296
46,45,56
46,47,573
46,49,450
46,53,73
46,54,598
46,55,598
46,56,531
46,57,41
46,59,403
46,65,470
46,69,9
46,70,517
46,72,232
46,74,557
46,76,587
46,80,211
46,82,269
46,93,206
46,102,181
46,105,349
46,110,366
46,113,408
46,117,442
46,122,199
46,127,217
46,131,53
46,137,260
46,139,141
46,152,297
46,153,419
46,155,87
46,167,575
46,168,262
46,169,392
46,172,5
46,175,255
46,177,316
46,187,31
46,190,438
46,196,468
46,215,102
46,217,15
46,243,224
46,256,530
46,257,237
46,267,141
46,268,92
46,271,79
46,273,474
46,274,11
46,275,4
46,282,445
46,294,109
47,4,273
47,6,578
47,7,149
47,8,74
47,13,583
47,15,6
47,16,89
47,17,124
47,18,598
47,19,81
47,22,170
47,23,258
47,29,182
47,30,147
47,34,53
47,38,594
47,40,259
47,43,580
47,46,573
47,48,145
47,50,21
47,54,232
47,55,567
47,57,233
47,58,555
47,60,104
47,61,475
47,62,534
47,65,498
47,67,139
47,68,56
47,69,224
47,73,314
47,76,67
47,79,422
47,88,180
47,90,419
47,92,277
47,93,560
47,94,100
47,100,131
47,109,426
47,112,594
47,114,253
47,115,567
47,119,42
47,127,3
47,139,250
47,143,571
47,144,259
47,149,127
47,157,324
47,171,261
47,172,446
47,176,58
47,184,437
47,188,333
47,189,213
47,190,136
47,193,101
47,206,425
47,207,162
47,208,194
47,213,2
47,217,137
47,223,59
47,230,340
47,232,243
47,239,370
47,248,319
47,253,454
48,2,582
48,6,193
48,10,52
48,11,546
48,14,107
48,17,492
48,18,301
48,22,196
48,23,515
48,25,503
48,26,400
48,27,338
48,28,55
48,29,92
48,30,133
48,33,311
48,34,212
48,36,81
48,37,418
48,38,359
48,39,203
48,43,280
48,45,407
48,47,145
48,50,591
48,51,123
48,52,472
48,53,16
48,55,426
48,56,153
48,59,565
48,62,451
48,68,270
48,70,241
48,72,195
48,76,594
48,83,191
48,84,231
48,87,187
48,93,36
48,99,13
48,100,68
48,102,360
48,109,436
48,112,98
48,113,470
48,116,487
48,118,357
48,125,299
48,127,109
48,136,2
48,144,327
48,147,65
48,151,234
48,160,433
48,170,81
48,171,399
48,175,284
48,187,71
48,189,435
48,191,262
48,201,420
48,202,538
48,211,176
48,220,475
48,231,143
48,249,551
48,253,161
48,260,85
48,266,356
48,270,358
48,277,180
48,278,216
48,280,541
48,281,177
49,2,152
49,5,552
49,6,93
49,7,96
49,9,498
49,11,377
49,14,441
49,15,148
49,16,95
49,17,62
49,18,145
49,19,208
49,20,166
49,23,564
49,25,412
49,27,587
49,33,583
49,34,169
49,35,96
49,38,334
49,39,79
49,44,469
49,46,450
49,50,87
49,53,76
49,54,414
49,62,510
49,65,46
49,67,593
49,71,340
49,73,36
49,75,538
49,77,29
49,78,304
49,79,139
49,80,153
49,84,389
49,96,455
49,98,120
49,105,155
49,106,412
49,111,231
49,112,513
49,114,20
49,120,92
49,121,217
49,134,343
49,138,303
49,142,250
49,145,428
49,148,524
49,161,314
49,165,289
49,170,149
49,175,575
49,182,322
49,183,331
49,184,24
49,191,536
49,193,561
49,202,561
49,208,255
49,211,91
49,212,137
49,213,514
49,216,287
49,226,495
49,228,292
49,232,381
49,238,19
49,241,148
49,246,383
49,254,281
49,261,464
49,266,394
49,276,482
49,279,108
49,284,583
49,293,44
50,1,248
50,5,466
50,8,99
50,9,388
50,10,180
50,11,249
50,17,95
50,18,6
50,23,213
50,25,574
50,28,466
50,33,436
50,34,149
50,36,414
50,37,383
50,39,344
50,40,162
50,42,195
50,43,338
50,44,134
50,47,21
50,48,591
50,49,87
50,52,131
50,53,220
50,56,356
50,57,25
50,59,13
50,61,530
50,62,434
50,63,237
50,65,246
50,67,266
50,69,162
50,75,127
50,83,131
50,84,180
50,85,304
50,86,127
50,87,486
50,89,21
50,90,215
50,99,453
50,104,37
50,105,128
50,107,590
50,109,253
50,110,153
50,135,495
50,148,424
50,159,349
50,165,486
50,167,551
50,176,397
50,183,400
50,184,525
50,193,180
50,197,284
50,200,550
50,203,290
50,210,214
50,216,284
50,221,454
50,231,423
50,251,446
50,262,209
50,281,551
50,285,175
50,292,152
51,1,535
51,2,225
51,3,52
51,4,379
51,6,59
51,9,398
51,13,572
51,14,409
51,17,304
51,18,421
