source,target,weight
1,2,158
1,3,384
1,4,212
1,5,216
1,6,141
1,8,197
1,9,494
1,11,270
1,13,535
1,16,233
1,18,285
1,20,166
1,21,240
1,25,510
1,32,551
1,34,57
1,35,396
1,39,465
1,41,537
1,44,445
1,45,288
1,53,424
1,58,189
1,70,132
1,76,122
1,94,58
1,99,32
1,114,240
1,124,142
1,127,144
1,136,408
1,155,224
1,168,83
1,232,239
1,244,504
1,246,544
1,253,471
1,281,208
1,282,7
2,1,158
2,5,429
2,6,592
2,7,391
2,8,487
2,10,152
2,12,262
2,13,412
2,16,427
2,17,75
2,20,15
2,23,8
2,25,4
2,26,558
2,29,232
2,32,429
2,36,444
2,37,31
2,39,447
2,44,530
2,63,86
2,67,279
2,80,395
2,92,269
2,94,363
2,114,337
2,119,183
2,120,286
2,132,559
2,144,223
2,157,78
2,160,173
2,163,41
2,170,415
2,184,56
2,188,579
2,193,211
2,242,18
2,250,16
2,264,197
2,268,469
2,278,414
3,1,384
3,4,315
3,5,575
3,6,65
3,7,513
3,8,594
3,9,293
3,10,39
3,12,249
3,13,91
3,14,552
3,16,361
3,19,42
3,23,265
3,24,14
3,33,238
3,34,169
3,40,354
3,47,440
3,49,50
3,51,307
3,70,21
3,71,496
3,77,84
3,92,54
3,93,174
3,116,333
3,127,15
3,135,329
3,139,182
3,144,569
3,158,381
3,160,214
3,170,420
3,177,260
3,215,316
3,226,101
3,231,520
3,284,414
4,1,212
4,3,315
4,5,492
4,6,27
4,9,528
4,10,185
4,12,369
4,14,96
4,15,183
4,17,417
4,18,64
4,20,367
4,21,130
4,25,44
4,27,531
4,29,327
4,30,538
4,35,232
4,36,591
4,39,114
4,40,182
4,42,24
4,46,338
4,48,216
4,59,224
4,68,399
4,75,349
4,76,95
4,82,342
4,88,11
4,95,521
4,102,542
4,104,229
4,123,395
4,129,495
4,134,302
4,135,328
4,143,140
4,165,70
4,217,107
4,249,333
5,1,216
5,2,429
5,3,575
5,4,492
5,8,365
5,9,93
5,11,538
5,14,117
5,15,420
5,16,537
5,17,580
5,18,297
5,20,408
5,21,32
5,27,250
5,29,160
5,32,235
5,34,353
5,38,151
5,39,162
5,41,233
5,47,135
5,50,539
5,54,266
5,65,108
5,80,549
5,95,298
5,104,80
5,106,307
5,119,594
5,136,530
5,143,53
5,151,101
5,152,40
5,164,261
5,169,248
5,177,325
5,179,471
5,186,271
5,192,401
5,197,71
5,207,18
5,222,596
5,236,104
5,256,91
5,261,445
5,288,503
6,1,141
6,2,592
6,3,65
6,4,27
6,7,191
6,8,420
6,9,84
6,10,199
6,11,371
6,12,187
6,13,305
6,16,263
6,17,390
6,18,538
6,23,585
6,37,94
6,42,216
6,43,208
6,44,244
6,45,26
6,49,321
6,59,445
6,66,343
6,76,464
6,84,435
6,88,338
6,102,126
6,112,425
6,130,313
6,132,145
6,138,21
6,162,54
6,183,72
6,215,121
6,220,301
6,238,563
7,2,391
7,3,513
7,6,191
7,8,2
7,10,139
7,11,116
7,16,351
7,17,421
7,19,46
7,21,333
7,22,109
7,26,564
7,31,317
7,32,256
7,33,83
7,35,258
7,36,478
7,55,571
7,63,537
7,70,444
7,75,190
7,82,18
7,83,234
7,84,413
7,92,242
7,107,345
7,114,171
7,116,181
7,124,113
7,132,442
7,133,557
7,164,389
7,234,77
7,249,380
7,296,123
7,300,342
8,1,197
8,2,487
8,3,594
8,5,365
8,6,420
8,7,2
8,12,376
8,13,469
8,14,274
8,19,554
8,24,42
8,26,151
8,29,377
8,30,462
8,35,82
8,37,214
8,39,150
8,44,109
8,79,341
8,81,132
8,86,342
8,90,17
8,105,88
8,107,305
8,110,398
8,127,83
8,159,342
8,171,126
8,206,22
8,231,377
8,246,56
8,251,414
9,1,494
9,3,293
9,4,528
9,5,93
9,6,84
9,11,34
9,12,257
9,13,38
9,14,245
9,16,265
9,17,215
9,19,518
9,23,335
9,28,55
9,30,77
9,32,352
9,36,20
9,38,477
9,39,432
9,40,203
9,41,123
9,42,212
9,48,590
9,50,140
9,56,145
9,61,406
9,64,24
9,65,344
9,69,506
9,72,104
9,79,306
9,86,33
9,104,337
9,177,182
9,186,108
9,194,299
9,208,199
10,2,152
10,3,39
10,4,185
10,6,199
10,7,139
10,11,212
10,12,110
10,15,62
10,17,201
10,19,265
10,20,34
10,22,80
10,25,320
10,27,452
10,39,385
10,44,150
10,47,301
10,49,240
10,55,400
10,60,269
10,67,553
10,85,174
10,88,347
10,94,261
10,98,446
10,116,191
10,117,248
10,127,392
10,128,160
10,143,374
10,153,31
10,155,522
10,159,23
10,180,582
10,189,37
10,191,60
10,200,82
10,201,49
10,222,568
10,223,494
10,280,84
11,1,270
11,5,538
11,6,371
11,7,116
11,9,34
11,10,212
11,12,267
11,17,234
11,19,62
11,20,409
11,22,35
11,23,410
11,26,68
11,28,501
11,30,82
11,33,124
11,34,335
11,35,389
11,53,576
11,58,345
11,60,119
11,66,94
11,73,512
11,77,412
11,82,402
11,97,214
11,101,245
11,103,346
11,121,131
11,122,215
11,130,429
11,140,249
11,141,550
11,162,442
11,178,537
11,179,581
11,208,417
11,209,154
11,217,146
11,225,258
11,230,539
11,247,381
11,270,390
11,273,452
11,287,404
12,2,262
12,3,249
12,4,369
12,6,187
12,8,376
12,9,257
12,10,110
12,11,267
12,13,463
12,14,593
12,15,15
12,25,114
12,27,271
12,29,582
12,30,571
12,31,529
12,36,444
12,38,45
12,42,295
12,55,240
12,64,77
12,81,342
12,93,22
12,96,252
12,99,529
12,104,484
12,110,413
12,122,57
12,129,271
12,131,471
12,150,289
12,195,465
12,248,263
12,254,597
12,262,325
12,275,422
13,1,535
13,2,412
13,3,91
13,6,305
13,8,469
13,9,38
13,12,463
13,14,368
13,15,216
13,18,53
13,21,29
13,22,40
13,28,555
13,31,161
13,41,256
13,45,581
13,60,250
13,61,522
13,63,421
13,77,313
13,79,38
13,82,138
13,86,452
13,112,306
13,129,402
13,134,366
13,144,453
13,146,172
13,152,223
13,167,170
13,173,289
13,179,110
13,193,50
13,207,529
13,218,220
13,275,23
14,3,552
14,4,96
14,5,117
14,8,274
14,9,245
14,12,593
14,13,368
14,16,530
14,19,207
14,24,220
14,25,252
14,33,201
14,35,308
14,36,197
14,39,169
14,42,581
14,45,61
14,52,305
14,55,578
14,63,508
14,73,373
14,81,575
14,90,302
14,101,158
14,108,476
14,109,346
14,112,153
14,119,81
14,228,116
14,229,320
14,257,224
15,4,183
15,5,420
15,10,62
15,12,15
15,13,216
15,16,590
15,19,451
15,20,479
15,21,3
15,26,53
15,32,432
15,37,184
15,44,161
15,47,490
15,49,339
15,50,309
15,58,432
15,62,130
15,87,159
15,110,294
15,111,383
15,112,45
15,124,17
15,129,536
15,133,588
15,137,178
15,156,301
15,167,422
15,176,372
15,196,456
15,223,472
15,264,28
15,292,457
15,295,94
16,1,233
16,2,427
16,3,361
16,5,537
16,6,263
16,7,351
16,9,265
16,14,530
16,15,590
16,17,5
16,18,97
16,21,34
16,22,44
16,23,6
16,24,453
16,28,511
16,29,242
16,31,157
16,39,233
16,40,230
16,41,415
16,45,227
16,47,289
16,52,239
16,53,256
16,62,308
16,64,195
16,66,74
16,72,340
16,74,518
16,77,503
16,93,10
16,103,479
16,121,147
16,133,119
16,157,435
16,176,211
16,194,135
16,196,341
16,225,105
16,241,417
16,252,574
16,299,418
17,2,75
17,4,417
17,5,580
17,6,390
17,7,421
17,9,215
17,10,201
17,11,234
17,16,5
17,18,92
17,21,84
17,22,374
17,26,507
17,36,108
17,37,30
17,38,26
17,40,82
17,46,40
17,54,294
17,62,214
17,71,526
17,84,535
17,91,11
17,98,473
17,102,339
17,108,27
17,121,27
17,149,69
17,170,199
17,200,456
17,222,119
17,243,38
17,261,418
18,1,285
18,4,64
18,5,297
18,6,538
18,13,53
18,16,97
18,17,92
18,20,513
18,21,385
18,27,385
18,28,305
18,31,26
18,32,136
18,37,567
18,46,316
18,54,207
18,60,111
18,61,362
18,71,501
18,72,21
18,83,284
18,87,231
18,88,275
18,98,109
18,106,123
18,117,267
18,125,325
18,145,350
18,146,276
18,167,168
18,171,192
18,174,430
18,201,454
18,209,32
18,263,553
18,266,233
18,271,73
18,298,160
19,3,42
19,7,46
19,8,554
19,9,518
19,10,265
19,11,62
19,14,207
19,15,451
19,20,432
19,23,42
19,26,356
19,27,165
19,29,451
19,35,225
19,37,140
19,38,48
19,40,120
19,42,309
19,45,44
19,50,131
19,55,97
19,58,301
19,74,271
19,76,278
19,79,361
19,104,168
19,109,24
19,122,261
19,129,598
19,134,408
19,222,420
19,255,270
19,278,207
20,1,166
20,2,15
20,4,367
20,5,408
20,10,34
20,11,409
20,15,479
20,18,513
20,19,432
20,21,480
20,22,70
20,28,510
20,30,535
20,32,358
20,37,15
20,38,366
20,44,570
20,54,278
20,66,30
20,70,352
20,71,170
20,82,485
20,100,135
20,117,259
20,123,385
20,133,573
20,138,263
20,154,527
20,163,403
20,230,308
20,246,445
20,278,277
21,1,240
21,4,130
21,5,32
21,7,333
21,13,29
21,15,3
21,16,34
21,17,84
21,18,385
21,20,480
21,24,282
21,25,405
21,26,199
21,30,126
21,31,102
21,32,346
21,33,65
21,36,5
21,40,166
21,52,204
21,54,203
21,58,313
21,63,559
21,64,388
21,68,257
21,69,96
21,81,416
21,91,199
21,106,96
21,112,77
21,118,592
21,145,532
21,158,127
21,161,226
21,164,64
21,210,482
21,232,442
21,245,145
21,246,258
21,268,527
21,281,549
22,7,109
22,10,80
22,11,35
22,13,40
22,16,44
22,17,374
22,20,70
22,24,447
22,25,181
22,31,146
22,34,488
22,41,57
22,48,307
22,52,299
22,54,185
22,65,122
22,78,320
22,87,63
22,88,367
22,119,185
22,124,254
22,127,255
22,129,22
22,131,100
22,140,493
22,162,450
22,168,506
22,180,263
22,222,183
22,241,477
22,276,122
22,283,64
23,2,8
23,3,265
23,6,585
23,9,335
23,11,410
23,16,6
23,19,42
23,27,536
23,33,43
23,36,158
23,43,483
23,45,375
23,52,483
23,64,497
23,69,357
23,70,77
23,74,302
23,84,294
23,93,429
23,105,511
23,110,426
23,125,232
23,138,569
23,143,123
23,164,15
23,175,93
23,183,170
23,189,209
23,190,192
23,203,395
23,247,147
23,281,356
24,3,14
24,8,42
24,14,220
24,16,453
24,21,282
24,22,447
24,25,34
24,27,180
24,28,29
24,30,508
24,34,333
24,35,152
24,53,70
24,61,328
24,69,245
24,73,221
24,76,420
24,90,518
24,111,285
24,113,110
24,115,28
24,118,434
24,132,547
24,140,63
24,146,318
24,149,6
24,150,394
24,156,592
24,173,327
24,192,259
24,207,283
24,230,224
24,239,584
24,283,81
25,1,510
25,2,4
25,4,44
25,10,320
25,12,114
25,14,252
25,21,405
25,22,181
25,24,34
25,26,299
25,29,186
25,31,536
25,35,204
25,37,189
25,38,203
25,43,78
25,47,191
25,57,465
25,106,124
25,118,158
25,121,289
25,138,85
25,146,109
25,166,146
25,189,268
25,277,106
26,2,558
26,7,564
26,8,151
26,11,68
26,15,53
26,17,507
26,19,356
26,21,199
26,25,299
26,28,64
26,40,285
26,43,19
26,53,472
26,59,204
26,60,417
26,61,276
26,67,141
26,68,580
26,79,142
26,87,367
26,96,89
26,98,292
26,110,493
26,125,376
26,134,61
26,145,570
26,168,205
26,169,465
26,193,588
26,212,355
26,245,275
26,262,172
26,273,464
26,284,543
27,4,531
27,5,250
27,10,452
27,12,271
27,18,385
27,19,165
27,23,536
27,24,180
27,29,431
27,31,91
27,33,171
27,42,275
27,43,134
27,45,348
27,46,189
27,47,372
27,53,124
27,66,194
27,105,194
27,118,150
27,160,95
27,173,166
27,181,129
27,236,230
27,292,201
28,9,55
28,11,501
28,13,555
28,16,511
28,18,305
28,20,510
28,24,29
28,26,64
28,30,151
28,54,70
28,55,243
28,65,7
28,66,443
28,67,335
28,73,555
28,76,157
28,80,273
28,97,3
28,102,58
28,137,127
28,146,208
28,176,523
28,195,364
28,203,10
28,241,540
28,259,374
28,267,68
28,268,510
28,270,198
29,2,232
29,4,327
29,5,160
29,8,377
29,12,582
29,16,242
29,19,451
29,25,186
29,27,431
29,42,147
29,46,150
29,48,402
29,49,157
29,50,465
29,51,208
29,52,256
29,53,42
29,56,493
29,60,60
29,61,85
29,68,11
29,71,423
29,75,141
29,80,587
29,108,435
29,164,412
29,170,22
29,184,179
29,221,119
29,228,72
29,233,412
29,235,441
29,242,513
29,255,205
29,273,406
29,279,12
30,4,538
30,8,462
30,9,77
30,11,82
30,12,571
30,20,535
30,21,126
30,24,508
30,28,151
30,32,542
30,33,274
30,49,431
30,58,195
30,60,459
30,75,324
30,84,327
30,87,237
30,102,93
30,118,45
30,127,367
30,128,57
30,134,170
30,135,3
30,152,301
30,162,520
30,214,589
30,223,482
30,239,594
30,243,405
30,285,74
30,288,225
30,289,94
31,7,317
31,12,529
31,13,161
31,16,157
31,18,26
31,21,102
31,22,146
31,25,536
31,27,91
31,39,566
31,45,524
31,46,282
31,53,106
31,71,367
31,72,311
31,89,504
31,97,286
31,108,47
31,109,468
31,122,15
31,139,169
31,166,461
31,193,559
31,196,357
31,217,339
31,268,251
31,284,338
32,1,551
32,2,429
32,5,235
32,7,256
32,9,352
32,15,432
32,18,136
32,20,358
32,21,346
32,30,542
32,34,203
32,41,420
32,43,237
32,48,376
32,50,471
32,57,506
32,62,10
32,63,600
32,75,543
32,90,393
32,100,483
32,113,386
32,148,197
32,157,155
32,186,138
32,199,262
32,209,319
32,238,15
32,242,420
33,3,238
33,7,83
33,11,124
33,14,201
33,21,65
33,23,43
33,27,171
33,30,274
33,37,583
33,40,463
33,44,574
33,45,451
33,51,122
33,54,517
33,57,41
33,63,62
33,87,224
33,101,14
33,108,572
33,118,425
33,169,27
33,193,240
33,263,46
33,276,215
33,279,155
33,281,530
34,1,57
34,3,169
34,5,353
34,11,335
34,22,488
34,24,333
34,32,203
34,35,184
34,38,224
34,48,355
34,51,15
34,57,118
34,63,550
34,74,590
34,93,386
34,106,138
34,120,231
34,129,546
34,130,374
34,137,115
34,179,155
34,195,196
34,197,555
34,202,599
34,239,259
34,244,15
34,279,336
35,1,396
35,4,232
35,7,258
35,8,82
35,11,389
35,14,308
35,19,225
35,24,152
35,25,204
35,34,184
35,44,267
35,50,349
35,53,547
35,60,527
35,76,30
35,79,165
35,85,33
35,99,55
35,110,295
35,113,116
35,120,408
35,125,434
35,127,463
35,147,260
35,166,183
35,190,458
35,201,209
35,218,144
35,229,152
35,237,198
35,291,12
36,2,444
36,4,591
36,7,478
36,9,20
36,12,444
36,14,197
36,17,108
36,21,5
36,23,158
36,38,500
36,43,564
36,46,350
36,55,553
36,56,62
36,57,478
36,72,267
36,80,575
36,84,338
36,98,246
36,119,569
36,124,234
36,138,314
36,152,49
36,172,28
36,185,252
36,255,430
37,2,31
37,6,94
37,8,214
37,15,184
37,17,30
37,18,567
37,19,140
37,20,15
37,25,189
37,33,583
37,38,552
37,40,574
37,43,191
37,44,593
37,61,18
37,76,306
37,78,81
37,81,63
37,89,176
37,104,7
37,113,184
37,116,191
37,121,83
37,133,416
37,146,156
37,147,245
37,152,261
37,174,13
37,206,177
37,212,440
37,270,301
37,284,394
38,5,151
38,9,477
38,12,45
38,17,26
38,19,48
38,20,366
38,25,203
38,34,224
38,36,500
38,37,552
38,48,13
38,49,295
38,59,67
38,65,213
38,84,161
38,89,431
38,102,494
38,153,550
38,173,406
38,217,152
38,223,69
38,237,361
38,241,137
38,247,2
38,258,491
38,276,249
39,1,465
39,2,447
39,4,114
39,5,162
39,8,150
39,9,432
39,10,385
39,14,169
39,16,233
39,31,566
39,42,383
39,43,424
39,46,250
39,51,564
39,55,64
39,56,360
39,61,355
39,62,214
39,94,294
39,104,367
39,111,402
39,116,140
39,123,153
39,126,160
39,141,579
39,172,328
39,180,213
39,225,490
39,240,419
39,283,80
39,293,309
40,3,354
40,4,182
40,9,203
40,16,230
40,17,82
40,19,120
40,21,166
40,26,285
40,33,463
40,37,574
40,49,558
40,50,161
40,54,435
40,56,260
40,58,251
40,69,520
40,70,70
40,85,36
40,102,124
40,104,384
40,109,395
40,115,67
40,123,530
40,131,563
40,172,336
40,176,200
40,204,8
40,219,100
40,272,249
40,282,139
41,1,537
41,5,233
41,9,123
41,13,256
41,16,415
41,22,57
41,32,420
41,43,576
41,55,483
41,57,583
41,68,445
41,117,565
41,140,283
41,144,45
41,173,588
41,201,420
41,205,259
41,212,287
41,257,145
41,294,328
42,4,24
42,6,216
42,9,212
42,12,295
42,14,581
42,19,309
42,27,275
42,29,147
42,39,383
42,47,22
42,52,311
42,56,40
42,57,458
42,58,316
42,62,341
42,73,530
42,80,260
42,96,107
42,102,129
42,119,575
42,126,209
42,129,538
42,154,218
42,160,263
42,165,97
42,204,124
42,215,570
42,230,426
42,273,272
42,288,149
43,6,208
43,23,483
43,25,78
43,26,19
43,27,134
43,32,237
43,36,564
43,37,191
43,39,424
43,41,576
43,48,2
43,56,432
43,60,428
43,68,364
43,84,466
43,94,218
43,95,103
43,103,321
43,112,32
43,121,430
43,129,582
43,146,514
43,149,493
43,153,216
43,155,358
43,159,553
43,184,568
43,212,379
44,1,445
44,2,530
44,6,244
44,8,109
44,10,150
44,15,161
44,20,570
44,33,574
44,35,267
44,37,593
44,49,192
44,59,429
44,65,512
44,78,54
44,101,142
44,124,434
44,149,196
44,175,128
44,208,443
44,240,435
44,270,270
45,1,288
45,6,26
45,13,581
45,14,61
45,16,227
45,19,44
45,23,375
45,27,348
45,31,524
45,33,451
45,46,114
45,50,41
45,51,254
45,52,392
45,53,15
45,55,95
45,57,472
45,59,169
45,62,277
45,63,341
45,78,42
45,79,488
45,87,25
45,89,205
45,96,370
45,115,493
45,118,127
45,120,428
45,122,309
45,128,295
45,132,324
45,136,466
45,143,82
45,157,589
45,159,501
45,165,522
45,182,201
45,187,280
45,196,490
45,203,37
45,227,238
45,235,388
45,256,50
45,277,299
46,4,338
46,17,40
46,18,316
46,27,189
46,29,150
46,31,282
46,36,350
46,39,250
46,45,114
46,52,284
46,56,159
46,62,139
46,66,276
46,71,313
46,97,338
46,98,314
46,115,14
46,132,56
46,153,77
46,156,290
46,169,469
46,214,277
46,236,118
46,256,206
46,267,250
46,270,225
47,3,440
47,5,135
47,10,301
47,15,490
47,16,289
47,25,191
47,27,372
47,42,22
47,64,26
47,65,118
47,75,235
47,80,434
47,85,79
47,86,174
47,91,19
47,122,406
47,123,185
47,125,431
47,141,114
47,161,262
47,183,149
47,232,359
47,234,418
47,269,160
47,287,477
47,292,308
47,299,172
48,4,216
48,9,590
48,22,307
48,29,402
48,32,376
48,34,355
48,38,13
48,43,2
48,50,196
48,58,230
48,81,14
48,100,36
48,106,128
48,107,226
48,135,436
48,162,125
48,182,166
48,183,371
48,220,231
48,227,145
48,264,429
48,272,507
49,3,50
49,6,321
49,10,240
49,15,339
49,29,157
49,30,431
49,38,295
49,40,558
49,44,192
49,51,506
49,62,114
49,64,53
49,66,545
49,67,152
49,69,34
49,70,103
49,83,316
49,99,25
49,101,59
49,115,44
49,174,420
49,226,23
49,236,394
49,239,596
49,246,408
49,257,592
49,279,313
49,287,424
49,289,310
49,297,337
50,5,539
50,9,140
50,15,309
50,19,131
50,29,465
50,32,471
50,35,349
50,40,161
50,45,41
50,48,196
50,51,149
50,59,420
50,67,38
50,83,133
50,91,158
50,97,284
50,114,435
50,116,515
50,139,543
50,143,467
50,151,87
50,237,41
50,259,284
50,268,44
50,282,68
51,3,307
51,29,208
51,33,122
51,34,15
51,39,564
51,45,254
51,49,506
51,50,149
51,59,180
51,64,527
51,72,423
51,92,203
51,103,367
51,127,189
51,133,232
51,199,153
51,201,358
51,237,67
51,281,292
51,290,177
52,14,305
52,16,239
52,21,204
52,22,299
52,23,483
52,29,256
52,42,311
52,45,392
52,46,284
52,57,255
52,59,270
52,64,512
52,65,43
52,68,502
52,69,409
52,76,586
52,81,27
52,95,161
52,111,61
52,159,533
52,167,454
52,182,93
52,187,79
52,193,64
52,210,377
52,218,169
52,246,439
52,247,568
52,257,439
53,1,424
53,11,576
53,16,256
53,24,70
53,26,472
53,27,124
53,29,42
53,31,106
53,35,547
53,45,15
53,57,458
53,74,251
53,108,95
53,114,549
53,117,249
53,139,240
53,140,268
53,175,559
53,287,393
53,295,243
53,300,9
54,5,266
54,17,294
54,18,207
54,20,278
54,21,203
54,22,185
54,28,70
54,33,517
54,40,435
54,56,286
54,58,194
54,61,582
54,79,73
54,89,126
54,118,110
54,126,9
54,135,145
54,197,470
54,200,22
54,202,265
54,231,104
55,7,571
55,10,400
55,12,240
55,14,578
55,19,97
55,28,243
55,36,553
55,39,64
55,41,483
55,45,95
55,68,332
55,74,436
55,88,206
55,98,557
55,100,151
55,101,392
55,105,261
55,110,594
55,114,278
55,117,147
55,137,452
55,148,138
55,166,392
55,172,105
55,182,350
55,186,185
55,206,407
55,232,71
55,245,432
55,250,308
56,9,145
56,29,493
56,36,62
56,39,360
56,40,260
56,42,40
56,43,432
56,46,159
56,54,286
56,65,426
56,72,120
56,87,476
56,88,314
56,93,351
56,98,475
56,105,471
56,108,24
56,111,525
56,124,569
56,141,294
56,146,110
56,202,153
56,213,591
56,295,474
57,25,465
57,32,506
57,33,41
57,34,118
57,36,478
57,41,583
57,42,458
57,45,472
57,52,255
57,53,458
57,59,519
57,71,220
57,76,292
57,78,309
57,81,32
57,90,397
57,99,579
57,143,282
57,198,345
57,203,510
57,227,95
57,239,494
57,266,486
57,269,181
57,294,284
58,1,189
58,11,345
58,15,432
58,19,301
58,21,313
58,30,195
58,40,251
58,42,316
58,48,230
58,54,194
58,67,380
58,73,66
58,85,384
58,88,50
58,96,384
58,101,211
58,109,562
58,110,496
58,125,187
58,131,190
58,144,597
58,155,81
58,183,207
58,191,420
58,268,397
58,275,284
58,288,279
58,296,414
59,4,224
59,6,445
59,26,204
59,38,67
59,44,429
59,45,169
59,50,420
59,51,180
59,52,270
59,57,519
59,67,225
59,70,396
59,72,182
59,73,413
59,78,151
59,82,23
59,86,198
59,97,346
59,103,540
59,128,160
59,133,139
59,137,492
59,164,156
59,177,234
60,10,269
60,11,119
60,13,250
60,18,111
60,26,417
60,29,60
60,30,459
60,35,527
60,43,428
60,67,561
60,72,201
60,115,351
60,134,248
60,138,67
60,164,467
60,184,161
60,195,573
60,198,587
60,206,467
60,217,415
60,225,407
60,238,139
61,9,406
61,13,522
61,18,362
61,24,328
61,26,276
61,29,85
61,37,18
61,39,355
61,54,582
61,62,84
61,66,472
61,77,211
61,84,537
61,87,598
61,93,265
61,112,84
61,163,334
61,181,148
61,185,253
61,199,337
61,230,103
61,235,251
61,270,307
62,15,130
62,16,308
62,17,214
62,32,10
62,39,214
62,42,341
62,45,277
62,46,139
62,49,114
62,61,84
62,64,436
62,73,278
62,77,187
62,79,224
62,83,208
62,93,221
62,101,414
62,115,192
62,126,436
62,179,283
62,241,296
63,2,86
63,7,537
63,13,421
63,14,508
63,21,559
63,32,600
63,33,62
63,34,550
63,45,341
63,68,360
63,84,396
63,89,505
63,91,331
63,92,66
63,103,442
63,107,596
63,111,273
63,132,238
63,145,86
63,152,126
63,165,562
63,171,444
63,186,233
63,196,322
63,224,100
63,264,219
63,275,581
64,9,24
64,12,77
64,16,195
64,21,388
64,23,497
64,47,26
64,49,53
64,51,527
64,52,512
64,62,436
64,70,415
64,78,193
64,89,467
64,96,442
64,102,169
64,106,34
64,109,306
64,128,96
64,154,425
64,158,241
64,166,242
64,170,508
64,208,235
64,218,465
64,250,7
65,5,108
65,9,344
65,22,122
65,28,7
65,38,213
65,44,512
65,47,118
65,52,43
65,56,426
65,75,517
65,77,114
65,88,79
65,97,519
65,101,16
65,111,134
65,120,235
65,130,593
65,158,581
65,165,78
65,166,288
65,173,589
65,179,464
65,187,178
65,213,299
65,231,32
65,250,54
65,295,155
66,6,343
66,11,94
66,16,74
66,20,30
66,27,194
66,28,443
66,46,276
66,49,545
66,61,472
66,74,4
66,75,498
66,77,146
66,83,347
66,90,68
66,95,370
66,97,258
66,109,185
66,167,170
66,169,136
66,180,489
66,193,477
66,195,128
66,260,478
67,2,279
67,10,553
67,26,141
67,28,335
67,49,152
67,50,38
67,58,380
67,59,225
67,60,561
67,68,422
67,69,299
67,92,13
67,94,289
67,95,514
67,96,511
67,119,543
67,121,600
67,122,118
67,137,93
67,174,505
67,176,77
67,183,371
67,189,80
67,225,517
67,226,12
67,233,460
67,271,394
67,285,549
68,4,399
68,21,257
68,26,580
68,29,11
68,41,445
68,43,364
68,52,502
68,55,332
68,63,360
68,67,422
68,71,99
68,77,434
68,79,284
68,89,17
68,91,237
68,92,194
68,100,38
68,132,276
68,141,13
68,142,91
68,160,504
68,181,301
68,193,386
68,207,58
68,210,134
68,219,333
68,224,592
68,254,590
68,259,533
69,9,506
69,21,96
69,23,357
69,24,245
69,40,520
69,49,34
69,52,409
69,67,299
69,72,93
69,74,154
69,85,417
69,109,476
69,123,250
69,134,221
69,174,241
69,185,519
69,195,414
69,198,142
69,211,161
69,215,5
69,244,9
69,248,455
69,299,585
69,300,13
70,1,132
70,3,21
70,7,444
70,20,352
70,23,77
70,40,70
70,49,103
70,59,396
70,64,415
70,82,263
70,90,111
70,91,110
70,98,312
70,103,416
70,106,496
70,117,193
70,128,417
70,137,24
70,140,104
70,152,119
70,157,281
70,176,519
70,200,340
70,211,464
70,214,407
70,215,326
70,254,95
70,286,461
71,3,496
71,17,526
71,18,501
71,20,170
71,29,423
71,31,367
71,46,313
71,57,220
71,68,99
71,73,594
71,75,559
71,77,233
71,85,566
71,91,28
71,95,371
71,105,307
71,110,540
71,111,313
71,134,351
71,145,270
71,154,79
71,207,69
71,212,265
71,239,247
71,253,499
71,259,338
72,9,104
72,16,340
72,18,21
72,31,311
72,36,267
72,51,423
72,56,120
72,59,182
72,60,201
72,69,93
72,73,470
72,86,593
72,104,593
72,108,581
72,119,564
72,138,518
72,142,221
72,148,51
72,164,151
72,180,156
72,185,290
72,186,144
72,191,71
72,199,520
72,220,586
72,253,124
72,267,547
73,11,512
73,14,373
73,24,221
73,28,555
73,42,530
73,58,66
73,59,413
73,62,278
73,71,594
73,72,470
73,74,400
73,80,463
73,89,16
73,96,296
73,124,451
73,147,125
73,166,145
73,176,66
73,178,314
73,187,383
73,209,243
73,217,396
73,224,297
73,235,124
73,297,176
74,16,518
74,19,271
74,23,302
74,34,590
74,53,251
74,55,436
74,66,4
74,69,154
74,73,400
74,82,183
74,83,481
74,85,69
74,97,234
74,105,479
74,125,422
74,130,167
74,144,435
74,161,398
74,171,552
74,187,466
74,202,30
74,260,193
75,4,349
75,7,190
75,29,141
75,30,324
75,32,543
75,47,235
75,65,517
75,66,498
75,71,559
75,80,303
75,86,148
75,92,452
75,99,375
75,107,583
75,117,437
75,129,62
75,130,158
75,145,228
75,151,446
75,180,378
75,185,392
75,198,246
75,245,503
75,260,497
75,261,520
76,1,122
76,4,95
76,6,464
76,19,278
76,24,420
76,28,157
76,35,30
76,37,306
76,52,586
76,57,292
76,78,465
76,82,598
76,96,209
76,107,176
76,141,146
76,149,539
76,171,177
76,174,144
76,185,104
76,199,417
76,203,74
76,222,419
76,233,585
76,253,425
77,3,84
77,11,412
77,13,313
77,16,503
77,61,211
77,62,187
77,65,114
77,66,146
77,68,434
77,71,233
77,81,80
77,94,100
77,100,131
77,112,225
77,124,301
77,163,505
77,167,346
77,210,280
77,247,349
77,275,203
77,291,205
78,22,320
78,37,81
78,44,54
78,45,42
78,57,309
78,59,151
78,64,193
78,76,465
78,81,269
78,83,331
78,85,206
78,92,264
78,98,449
78,102,258
78,107,7
78,137,17
78,153,51
78,161,212
78,171,548
78,172,244
78,188,129
78,198,214
78,208,444
78,251,145
78,274,229
79,8,341
79,9,306
79,13,38
79,19,361
79,26,142
79,35,165
79,45,488
79,54,73
79,62,224
79,68,284
79,83,550
79,113,474
79,134,588
79,148,58
79,170,504
79,229,331
79,286,119
80,2,395
80,5,549
80,28,273
80,29,587
80,36,575
80,42,260
80,47,434
80,73,463
80,75,303
80,101,2
80,123,79
80,208,84
80,214,61
80,234,330
80,250,257
80,265,206
80,270,165
80,290,155
81,8,132
81,12,342
81,14,575
81,21,416
81,37,63
81,48,14
81,52,27
81,57,32
81,77,80
81,78,269
81,86,215
81,123,422
81,142,135
81,161,96
81,164,131
81,165,498
81,186,400
81,195,321
81,230,464
81,235,138
81,243,117
82,4,342
82,7,18
82,11,402
82,13,138
82,20,485
82,59,23
82,70,263
82,74,183
82,76,598
82,86,103
82,89,561
82,91,501
82,94,575
82,96,389
82,108,475
82,113,93
82,117,511
82,122,128
82,143,101
82,157,246
82,168,21
82,178,112
82,197,58
82,198,106
82,206,546
82,229,221
82,242,38
83,7,234
83,18,284
83,49,316
83,50,133
83,62,208
83,66,347
83,74,481
83,78,331
83,79,550
83,87,378
83,141,210
83,143,84
83,160,497
83,167,244
83,174,467
83,179,373
83,185,52
83,204,368
83,207,143
83,213,106
83,217,287
83,252,250
83,286,536
83,289,330
84,6,435
84,7,413
84,17,535
84,23,294
84,30,327
84,36,338
84,38,161
84,43,466
84,61,537
84,63,396
84,85,482
84,90,596
84,110,197
84,121,7
84,130,495
84,149,508
84,162,469
84,167,53
84,180,113
84,231,118
84,262,232
84,283,486
85,10,174
85,35,33
85,40,36
85,47,79
85,58,384
85,69,417
85,71,566
85,74,69
85,78,206
85,84,482
85,92,420
85,99,307
85,116,195
85,120,494
85,150,417
85,186,380
85,192,22
85,212,590
85,255,437
85,282,396
86,8,342
86,9,33
86,13,452
86,47,174
86,59,198
86,72,593
86,75,148
86,81,215
86,82,103
86,94,358
86,99,198
86,157,480
86,170,114
86,178,555
86,222,366
86,228,329
87,15,159
87,18,231
87,22,63
87,26,367
87,30,237
87,33,224
87,45,25
87,56,476
87,61,598
87,83,378
87,93,77
87,131,36
87,159,456
87,169,572
87,176,311
87,201,232
87,233,122
87,251,305
87,258,103
87,267,8
87,278,65
88,4,11
88,6,338
88,10,347
88,18,275
88,22,367
88,55,206
88,56,314
88,58,50
88,65,79
88,145,557
88,153,87
88,155,356
88,165,387
88,177,583
88,203,230
88,213,549
88,233,76
88,250,432
88,283,327
88,291,481
89,31,504
89,37,176
89,38,431
89,45,205
89,54,126
89,63,505
89,64,467
89,68,17
89,73,16
89,82,561
89,90,54
89,97,182
89,99,98
89,115,381
89,131,559
89,151,322
89,159,257
89,175,459
89,188,121
89,213,438
89,277,317
90,8,17
90,14,302
90,24,518
90,32,393
90,57,397
90,66,68
90,70,111
90,84,596
90,89,54
90,93,507
90,100,62
90,103,493
90,136,322
90,138,481
90,178,89
90,184,103
90,253,208
90,263,323
90,293,240
91,17,11
91,21,199
91,47,19
91,50,158
91,63,331
91,68,237
91,70,110
91,71,28
91,82,501
91,94,242
91,107,4
91,114,359
91,119,359
91,142,38
91,154,270
91,177,508
91,195,275
91,216,448
91,285,270
92,2,269
92,3,54
92,7,242
92,51,203
92,63,66
92,67,13
92,68,194
92,75,452
92,78,264
92,85,420
92,95,57
92,100,152
92,107,165
92,147,368
92,178,442
92,188,336
92,190,256
92,198,198
92,208,433
92,265,381
93,3,174
93,12,22
93,16,10
93,23,429
93,34,386
93,56,351
93,61,265
93,62,221
93,87,77
93,90,507
93,100,364
93,118,590
93,125,407
93,136,137
93,142,448
93,147,381
93,151,312
93,168,219
93,186,512
93,189,401
93,194,404
93,225,301
93,226,465
93,229,171
93,251,259
93,260,255
93,274,138
94,1,58
94,2,363
94,10,261
94,39,294
94,43,218
94,67,289
94,77,100
94,82,575
94,86,358
94,91,242
94,95,304
94,105,271
94,106,35
94,115,43
94,205,570
94,207,289
94,210,559
94,227,6
94,268,87
94,283,418
94,297,146
94,298,142
95,4,521
95,5,298
95,43,103
95,52,161
95,66,370
95,67,514
95,71,371
95,92,57
95,94,304
95,146,590
95,161,358
95,170,593
95,200,133
95,209,373
95,221,112
95,285,123
96,12,252
96,26,89
96,42,107
96,45,370
96,58,384
96,64,442
96,67,511
96,73,296
96,76,209
96,82,389
96,105,160
96,112,379
96,150,354
96,154,11
96,157,208
96,197,282
96,219,195
97,11,214
97,28,3
97,31,286
97,46,338
97,50,284
97,59,346
97,65,519
97,66,258
97,74,234
97,89,182
97,112,280
97,130,534
97,133,363
97,137,110
97,159,570
97,240,248
97,247,177
98,10,446
98,17,473
98,18,109
98,26,292
98,36,246
98,46,314
98,55,557
98,56,475
98,70,312
98,78,449
98,103,332
98,118,150
98,155,479
98,164,516
98,170,448
98,178,571
98,182,564
98,191,258
98,203,254
98,259,493
98,280,342
99,1,32
99,12,529
99,35,55
99,49,25
99,57,579
99,75,375
99,85,307
99,86,198
99,89,98
99,106,253
99,111,147
99,120,284
99,123,414
99,151,127
99,152,355
99,163,483
99,166,187
99,205,333
99,214,456
99,219,485
100,20,135
100,32,483
100,48,36
100,55,151
100,68,38
100,77,131
100,90,62
100,92,152
100,93,364
100,116,214
100,133,388
100,199,296
100,224,307
100,238,566
100,254,432
100,265,484
100,274,436
101,11,245
101,14,158
101,33,14
101,44,142
101,49,59
101,55,392
101,58,211
101,62,414
101,65,16
101,80,2
101,105,316
101,132,257
101,135,11
101,136,509
101,142,463
101,159,37
101,161,243
101,184,294
101,206,191
102,4,542
102,6,126
102,17,339
102,28,58
102,30,93
102,38,494
102,40,124
102,42,129
102,64,169
102,78,258
102,103,299
102,104,28
102,117,513
102,140,122
102,142,354
102,147,470
102,150,352
102,166,20
102,190,360
102,197,542
102,216,307
102,282,84
102,295,562
102,299,121
103,11,346
103,16,479
103,43,321
103,51,367
103,59,540
103,63,442
103,70,416
103,90,493
103,98,332
103,102,299
103,113,272
103,139,574
103,148,177
103,155,385
103,160,382
103,170,49
103,172,425
103,205,374
103,218,22
103,291,434
104,4,229
104,5,80
104,9,337
104,12,484
104,19,168
104,37,7
104,39,367
104,40,384
104,72,593
104,102,28
104,125,129
104,141,43
104,153,241
104,167,426
104,223,286
104,234,344
104,274,600
105,8,88
105,23,511
105,27,194
105,55,261
105,56,471
105,71,307
105,74,479
105,94,271
105,96,160
105,101,316
105,107,148
105,114,289
105,126,183
105,142,380
105,224,339
105,238,274
106,5,307
106,18,123
106,21,96
106,25,124
106,34,138
106,48,128
106,64,34
106,70,496
106,94,35
106,99,253
106,113,371
106,121,419
106,149,543
106,177,121
106,183,169
106,194,363
106,252,566
106,269,19
106,287,39
107,7,345
107,8,305
107,48,226
107,63,596
107,75,583
107,76,176
107,78,7
107,91,4
107,92,165
107,105,148
107,114,42
107,132,341
107,138,226
107,154,232
107,175,447
107,240,323
107,276,410
107,300,499
108,14,476
108,17,27
108,29,435
108,31,47
108,33,572
108,53,95
108,56,24
108,72,581
108,82,475
108,111,500
108,113,326
108,148,121
108,156,169
108,169,525
108,187,7
108,291,577
109,14,346
109,19,24
109,31,468
109,40,395
109,58,562
109,64,306
109,66,185
109,69,476
109,122,68
109,130,62
109,133,15
109,136,145
109,148,505
109,151,345
109,179,430
109,182,563
109,183,18
109,204,64
109,218,582
109,221,539
109,233,391
109,234,580
109,260,227
110,8,398
110,12,413
110,15,294
110,23,426
110,26,493
110,35,295
110,55,594
110,58,496
110,71,540
110,84,197
110,116,206
110,126,366
110,151,455
110,155,509
110,175,410
110,219,553
110,234,62
110,294,48
111,15,383
111,24,285
111,39,402
111,52,61
111,56,525
111,63,273
111,65,134
111,71,313
111,99,147
111,108,500
111,113,103
111,120,220
111,147,386
111,149,162
111,179,303
111,192,57
111,194,395
111,256,298
112,6,425
112,13,306
112,14,153
112,15,45
112,21,77
112,43,32
112,61,84
112,77,225
112,96,379
112,97,280
112,114,217
112,121,99
112,128,522
112,147,151
112,205,207
112,207,497
112,212,526
112,214,42
112,228,398
112,280,31
113,24,110
113,32,386
113,35,116
113,37,184
113,79,474
113,82,93
113,103,272
113,106,371
113,108,326
113,111,103
113,149,93
113,156,593
113,160,255
113,200,407
113,225,289
113,261,316
113,281,51
114,1,240
114,2,337
114,7,171
114,50,435
114,53,549
114,55,278
114,91,359
114,105,289
114,107,42
114,112,217
114,148,409
114,153,118
114,178,15
114,208,69
114,220,42
114,265,436
114,275,41
115,24,28
115,40,67
115,45,493
115,46,14
115,49,44
115,60,351
115,62,192
115,89,381
115,94,43
115,128,156
115,131,1
115,174,520
115,181,285
115,189,347
115,198,124
115,211,465
115,238,217
115,249,450
115,253,196
116,3,333
116,7,181
116,10,191
116,37,191
116,39,140
116,50,515
116,85,195
116,100,214
116,110,206
116,124,449
116,128,507
116,136,340
116,177,45
116,181,287
116,248,177
116,271,512
116,273,42
117,10,248
117,18,267
117,20,259
117,41,565
117,53,249
117,55,147
117,70,193
117,75,437
117,82,511
117,102,513
117,120,560
117,125,309
117,154,176
117,158,421
117,160,70
117,214,382
117,225,35
118,21,592
118,24,434
118,25,158
118,27,150
118,30,45
118,33,425
118,45,127
118,54,110
118,93,590
118,98,150
118,120,89
118,136,430
118,141,205
118,158,440
118,172,283
118,187,403
118,195,481
118,199,133
118,218,191
118,220,6
118,242,4
118,253,442
118,263,243
118,291,327
119,2,183
119,5,594
119,14,81
119,22,185
119,36,569
119,42,575
119,67,543
119,72,564
119,91,359
119,126,433
119,234,234
119,286,24
119,289,559
119,291,313
120,2,286
120,34,231
120,35,408
120,45,428
120,65,235
120,85,494
120,99,284
120,111,220
120,117,560
120,118,89
120,127,393
120,130,562
120,150,88
120,165,394
120,190,406
120,191,434
120,224,510
121,11,131
121,16,147
121,17,27
121,25,289
121,37,83
121,43,430
121,67,600
121,84,7
121,106,419
121,112,99
121,138,506
121,144,279
121,156,10
121,206,201
121,229,81
121,244,597
121,247,252
121,270,517
121,290,512
121,292,482
122,11,215
122,12,57
122,19,261
122,31,15
122,45,309
122,47,406
122,67,118
122,82,128
122,109,68
122,123,70
122,126,96
122,131,126
122,140,224
122,141,520
122,142,392
122,149,385
122,156,529
122,197,431
122,216,215
122,258,153
122,281,544
122,293,368
123,4,395
123,20,385
123,39,153
123,40,530
123,47,185
123,69,250
123,80,79
123,81,422
123,99,414
123,122,70
123,190,361
123,191,173
123,211,118
123,221,261
124,1,142
124,7,113
124,15,17
124,22,254
124,36,234
124,44,434
124,56,569
124,73,451
124,77,301
124,116,449
124,126,50
124,127,79
124,131,577
124,139,308
124,157,199
124,192,259
124,202,236
124,235,441
124,245,216
124,249,79
124,284,231
124,290,259
124,295,41
124,298,229
125,18,325
125,23,232
125,26,376
125,35,434
125,47,431
125,58,187
125,74,422
125,93,407
125,104,129
125,117,309
125,126,3
125,128,256
125,151,221
125,156,510
125,162,484
125,173,315
125,176,402
125,181,14
125,191,287
125,206,223
125,215,593
125,236,267
126,39,160
126,42,209
126,54,9
126,62,436
126,105,183
126,110,366
126,119,433
126,122,96
126,124,50
126,125,3
126,137,283
126,158,390
126,163,465
126,168,205
126,175,391
126,227,336
126,228,104
126,231,224
126,235,16
126,282,404
126,294,120
127,1,144
127,3,15
127,8,83
127,10,392
127,22,255
127,30,367
127,35,463
127,51,189
127,120,393
127,124,79
127,139,254
127,155,336
127,178,560
127,181,526
127,188,254
127,214,512
127,221,68
127,223,560
127,251,240
127,259,7
127,261,52
127,300,543
128,10,160
128,30,57
128,45,295
128,59,160
128,64,96
128,70,417
128,112,522
128,115,156
128,116,507
128,125,256
128,135,348
128,140,278
128,145,55
128,153,554
128,154,41
128,162,127
128,180,515
128,189,490
128,191,131
128,216,91
128,223,380
128,228,399
128,246,82
128,263,541
128,275,106
129,4,495
129,12,271
129,13,402
129,15,536
129,19,598
129,22,22
129,34,546
129,42,538
129,43,582
129,75,62
129,143,80
129,158,398
129,182,147
129,218,591
129,245,175
129,250,470
129,284,491
129,294,65
130,6,313
130,11,429
130,34,374
130,65,593
130,74,167
130,75,158
130,84,495
130,97,534
130,109,62
130,120,562
130,135,136
130,140,298
130,184,383
130,192,153
130,209,400
130,226,379
130,252,321
130,267,525
131,12,471
131,22,100
131,40,563
131,58,190
131,87,36
131,89,559
131,115,1
131,122,126
131,124,577
131,144,80
131,147,557
131,153,213
131,205,200
131,215,507
131,259,569
131,265,393
131,277,130
131,282,567
131,290,93
132,2,559
132,6,145
132,7,442
132,24,547
132,45,324
132,46,56
132,63,238
132,68,276
132,101,257
132,107,341
132,154,396
132,169,281
132,224,371
132,240,265
132,243,280
132,249,568
132,285,329
132,293,290
133,7,557
133,15,588
133,16,119
133,20,573
133,37,416
133,51,232
133,59,139
133,97,363
133,100,388
133,109,15
133,144,53
133,148,105
133,152,212
133,200,586
133,227,271
133,297,313
134,4,302
134,13,366
134,19,408
134,26,61
134,30,170
134,60,248
134,69,221
134,71,351
134,79,588
134,135,117
134,136,53
134,139,100
134,161,582
134,172,358
134,193,63
134,202,408
134,210,137
134,241,118
134,257,70
134,279,441
135,3,329
135,4,328
135,30,3
135,48,436
135,54,145
135,101,11
135,128,348
135,130,136
135,134,117
135,142,474
135,163,549
135,166,146
135,169,285
135,176,349
135,180,63
135,231,108
135,269,139
136,1,408
136,5,530
136,45,466
136,90,322
136,93,137
136,101,509
136,109,145
136,116,340
136,118,430
136,134,53
136,139,480
136,152,197
136,162,522
136,167,589
136,168,104
136,188,362
136,211,324
136,221,67
136,237,519
136,249,105
136,292,339
137,15,178
137,28,127
137,34,115
137,55,452
137,59,492
137,67,93
137,70,24
137,78,17
137,97,110
137,126,283
137,168,435
137,172,519
137,231,446
137,233,306
137,244,427
137,266,76
137,274,439
137,277,77
138,6,21
138,20,263
138,23,569
138,25,85
138,36,314
138,60,67
138,72,518
138,90,481
138,107,226
138,121,506
138,158,279
138,204,591
138,210,263
138,216,170
138,219,345
138,257,439
139,3,182
139,31,169
139,50,543
139,53,240
139,103,574
139,124,308
139,127,254
139,134,100
139,136,480
139,145,430
139,150,37
139,161,494
139,168,5
139,175,543
139,272,102
139,291,47
140,11,249
140,22,493
140,24,63
140,41,283
140,53,268
140,70,104
140,102,122
140,122,224
140,128,278
140,130,298
140,163,44
140,177,129
140,188,424
140,194,577
140,237,600
140,249,458
140,253,372
141,11,550
141,39,579
141,47,114
141,56,294
141,68,13
141,76,146
141,83,210
141,104,43
141,118,205
141,122,520
141,156,417
141,158,42
141,186,220
141,191,141
141,242,569
141,248,566
142,68,91
142,72,221
142,81,135
142,91,38
142,93,448
142,101,463
142,102,354
142,105,380
142,122,392
142,135,474
142,147,136
142,181,598
142,190,558
142,204,577
142,210,334
142,243,379
142,251,308
142,252,528
142,270,527
142,271,165
142,276,30
142,287,210
143,4,140
143,5,53
143,10,374
143,23,123
143,45,82
143,50,467
143,57,282
143,82,101
143,83,84
143,129,80
143,151,155
143,163,103
143,201,451
143,232,340
143,240,183
143,255,379
143,273,126
144,2,223
144,3,569
144,13,453
144,41,45
144,58,597
144,74,435
144,121,279
144,131,80
144,133,53
144,244,332
144,267,111
144,297,569
145,18,350
145,21,532
145,26,570
145,63,86
145,71,270
145,75,228
145,88,557
145,128,55
145,139,430
145,150,5
145,181,595
145,182,466
145,233,421
145,236,377
145,280,3
146,13,172
146,18,276
146,24,318
146,25,109
146,28,208
146,37,156
146,43,514
146,56,110
146,95,590
146,187,361
146,200,50
146,203,58
146,217,437
146,248,403
146,258,111
146,281,225
146,283,149
146,286,419
147,35,260
147,37,245
147,73,125
147,92,368
147,93,381
147,102,470
147,111,386
147,112,151
147,131,557
147,142,136
147,159,534
147,194,583
147,211,443
147,240,241
147,249,252
147,298,69
148,32,197
148,55,138
148,72,51
148,79,58
148,103,177
148,108,121
148,109,505
148,114,409
148,133,105
148,155,258
148,218,57
148,222,226
148,246,178
149,17,69
149,24,6
149,43,493
149,44,196
149,76,539
149,84,508
149,106,543
149,111,162
149,113,93
149,122,385
149,171,352
149,214,336
149,236,521
149,244,245
149,264,100
150,12,289
150,24,394
150,85,417
150,96,354
150,102,352
150,120,88
150,139,37
150,145,5
150,182,142
150,183,261
150,208,442
150,210,414
150,225,469
150,250,125
150,272,329
150,274,587
150,280,351
150,288,205
151,5,101
151,50,87
151,75,446
151,89,322
151,93,312
151,99,127
151,109,345
151,110,455
151,125,221
151,143,155
151,162,504
151,168,454
151,175,472
151,211,563
151,213,270
151,219,362
151,291,213
152,5,40
152,13,223
152,30,301
152,36,49
152,37,261
152,63,126
152,70,119
152,99,355
152,133,212
152,136,197
152,157,91
152,188,250
152,197,193
152,243,574
152,249,290
152,258,551
152,289,576
152,296,155
153,10,31
153,38,550
153,43,216
153,46,77
153,78,51
153,88,87
153,104,241
153,114,118
153,128,554
153,131,213
153,171,61
153,217,65
153,226,172
153,230,555
153,241,114
153,262,465
154,20,527
154,42,218
154,64,425
154,71,79
154,91,270
154,96,11
154,107,232
154,117,176
154,128,41
154,132,396
154,171,114
154,180,104
154,212,550
154,220,101
154,222,455
154,264,246
154,283,60
154,298,52
155,1,224
155,10,522
155,43,358
155,58,81
155,88,356
155,98,479
155,103,385
155,110,509
155,127,336
155,148,258
155,201,166
155,257,34
155,269,125
155,286,78
155,287,438
156,15,301
156,24,592
156,46,290
156,108,169
156,113,593
156,121,10
156,122,529
156,125,510
156,141,417
156,165,92
156,217,252
157,2,78
157,16,435
157,32,155
157,45,589
157,70,281
157,82,246
157,86,480
157,96,208
157,124,199
157,152,91
157,169,30
157,171,561
157,173,29
157,174,214
157,189,80
157,216,444
157,266,129
158,3,381
158,21,127
158,64,241
158,65,581
158,117,421
158,118,440
158,126,390
158,129,398
158,138,279
158,141,42
158,178,134
158,194,70
158,201,588
158,202,556
158,224,288
158,226,80
158,230,202
158,232,327
158,252,29
158,256,149
158,265,415
159,8,342
159,10,23
159,43,553
159,45,501
159,52,533
159,87,456
159,89,257
159,97,570
159,101,37
159,147,534
159,238,436
159,269,323
159,300,312
160,2,173
160,3,214
160,27,95
160,42,263
160,68,504
160,83,497
160,103,382
160,113,255
160,117,70
160,165,282
160,179,300
160,181,409
160,190,302
160,278,187
160,293,575
161,21,226
161,47,262
161,74,398
161,78,212
161,81,96
161,95,358
161,101,243
161,134,582
161,139,494
161,163,219
161,173,215
161,239,245
161,248,494
