source,target,weight
1,2,330
1,3,273
1,4,481
1,6,338
1,8,378
1,13,195
1,14,546
1,15,377
1,17,35
1,18,455
1,19,68
1,20,51
1,21,589
1,22,573
1,24,414
1,25,235
1,26,90
1,27,128
1,28,375
1,29,124
1,30,431
1,31,262
1,32,367
1,33,554
1,34,272
1,35,132
1,36,479
1,37,158
1,38,6
1,39,141
1,43,149
1,44,390
1,45,20
1,46,362
1,47,576
1,49,439
1,50,254
1,51,177
1,52,497
1,54,279
1,55,526
1,56,144
1,59,307
1,60,261
1,61,307
1,66,174
1,67,239
1,68,535
1,72,309
1,73,200
1,76,335
1,79,194
1,83,481
1,87,543
1,88,234
1,90,53
1,91,361
1,94,552
1,95,597
1,96,343
1,98,40
1,103,127
1,104,368
1,108,279
1,110,175
1,114,533
1,118,138
1,119,466
1,121,147
1,122,183
1,124,371
1,126,40
1,130,240
1,133,310
1,137,533
1,146,265
1,149,468
1,150,221
1,153,547
1,159,517
1,167,589
1,172,296
1,184,324
1,193,320
1,198,497
1,206,307
1,210,475
1,211,35
1,216,434
1,221,108
1,224,13
1,227,165
1,229,373
1,235,318
1,254,337
1,257,43
1,265,351
1,282,493
1,287,569
1,289,104
2,1,330
2,3,591
2,4,160
2,5,441
2,6,86
2,7,308
2,8,419
2,9,120
2,11,354
2,12,438
2,13,491
2,14,2
2,17,479
2,18,467
2,19,379
2,20,341
2,21,93
2,22,563
2,23,351
2,24,227
2,31,545
2,32,209
2,34,302
2,35,269
2,36,371
2,38,16
2,39,449
2,41,181
2,43,486
2,44,454
2,46,396
2,48,459
2,50,256
2,51,224
2,52,361
2,54,21
2,55,200
2,56,413
2,57,449
2,58,141
2,59,258
2,60,488
2,63,523
2,64,443
2,65,415
2,66,459
2,67,177
2,70,380
2,72,500
2,73,5
2,75,133
2,76,420
2,77,118
2,78,424
2,79,373
2,80,439
2,82,473
2,84,134
2,86,534
2,89,40
2,91,219
2,92,460
2,93,86
2,94,26
2,95,298
2,97,555
2,98,39
2,102,277
2,107,281
2,110,5
2,116,503
2,123,341
2,125,158
2,127,388
2,129,216
2,131,560
2,134,414
2,138,566
2,140,163
2,141,490
2,147,52
2,154,16
2,163,203
2,164,51
2,166,153
2,170,151
2,173,65
2,181,489
2,194,490
2,196,33
2,203,512
2,204,177
2,212,308
2,214,259
2,216,532
2,217,585
2,219,168
2,222,25
2,232,297
2,243,295
2,245,122
2,248,414
2,249,516
2,252,527
2,253,334
2,256,181
2,257,543
2,259,172
2,267,404
2,277,358
2,296,107
3,1,273
3,2,591
3,5,356
3,6,298
3,7,247
3,8,590
3,9,478
3,10,348
3,13,73
3,14,455
3,15,24
3,16,275
3,17,361
3,19,345
3,21,138
3,22,366
3,24,372
3,25,429
3,27,313
3,28,319
3,29,57
3,34,340
3,35,159
3,36,190
3,37,300
3,38,264
3,39,119
3,40,557
3,41,329
3,44,281
3,46,382
3,48,305
3,49,286
3,50,595
3,51,245
3,54,360
3,55,483
3,59,102
3,61,149
3,63,580
3,64,269
3,65,205
3,66,223
3,68,97
3,70,27
3,74,343
3,75,289
3,76,261
3,78,254
3,79,390
3,81,96
3,82,187
3,83,523
3,86,578
3,87,485
3,91,327
3,94,324
3,97,492
3,99,193
3,102,211
3,103,304
3,104,563
3,107,10
3,109,587
3,114,550
3,115,569
3,119,357
3,121,50
3,123,541
3,133,185
3,140,592
3,144,238
3,145,435
3,147,469
3,148,342
3,154,477
3,157,122
3,163,219
3,178,466
3,180,500
3,183,161
3,201,82
3,205,538
3,216,311
3,217,116
3,226,171
3,233,311
3,239,327
3,244,170
3,247,376
3,252,235
3,254,525
3,266,534
3,269,37
3,274,281
3,276,155
3,282,315
3,286,169
4,1,481
4,2,160
4,5,459
4,6,203
4,7,391
4,10,175
4,12,549
4,14,290
4,15,287
4,16,206
4,20,176
4,23,572
4,24,470
4,25,286
4,26,291
4,28,484
4,30,363
4,31,414
4,35,559
4,38,61
4,40,84
4,42,286
4,44,152
4,45,159
4,47,429
4,48,468
4,49,428
4,51,57
4,52,358
4,53,486
4,54,9
4,56,140
4,57,365
4,63,367
4,64,499
4,65,188
4,68,498
4,70,9
4,72,188
4,76,210
4,77,331
4,79,158
4,80,19
4,82,163
4,84,194
4,89,167
4,91,579
4,92,520
4,95,531
4,97,165
4,98,503
4,101,188
4,102,520
4,105,526
4,106,430
4,108,280
4,112,136
4,113,476
4,117,322
4,120,160
4,121,283
4,124,148
4,125,247
4,127,38
4,128,153
4,133,187
4,135,341
4,136,61
4,138,125
4,148,538
4,149,98
4,151,36
4,160,542
4,164,33
4,165,547
4,171,275
4,180,577
4,184,205
4,194,414
4,207,394
4,213,408
4,215,566
4,216,429
4,224,298
4,226,106
4,237,54
4,239,68
4,243,131
4,248,131
4,250,341
4,251,219
4,255,115
4,266,48
4,272,38
4,273,395
4,274,202
4,277,455
4,289,553
4,295,95
5,2,441
5,3,356
5,4,459
5,6,503
5,7,450
5,9,171
5,10,262
5,11,270
5,14,261
5,15,391
5,17,351
5,18,28
5,19,468
5,20,122
5,21,436
5,22,491
5,23,101
5,25,10
5,27,178
5,28,552
5,29,451
5,30,142
5,32,245
5,33,272
5,34,170
5,35,245
5,38,60
5,39,375
5,41,467
5,42,211
5,46,547
5,47,450
5,48,355
5,49,466
5,50,403
5,51,307
5,52,476
5,53,8
5,54,527
5,55,390
5,56,238
5,57,499
5,59,229
5,60,558
5,61,359
5,62,346
5,63,349
5,65,273
5,66,418
5,69,8
5,72,418
5,73,484
5,78,155
5,81,38
5,84,514
5,85,253
5,86,110
5,89,500
5,90,542
5,95,224
5,97,327
5,98,448
5,101,179
5,105,523
5,106,239
5,107,477
5,108,65
5,112,433
5,113,16
5,116,168
5,118,369
5,119,107
5,121,243
5,122,597
5,125,578
5,130,46
5,131,588
5,132,579
5,137,544
5,142,268
5,145,535
5,149,267
5,151,179
5,152,306
5,156,269
5,157,98
5,161,422
5,162,381
5,166,563
5,167,317
5,168,74
5,169,469
5,170,297
5,174,283
5,176,276
5,179,596
5,186,466
5,189,29
5,193,147
5,196,527
5,197,312
5,201,148
5,202,549
5,211,355
5,218,310
5,224,510
5,238,342
5,240,369
5,244,217
5,250,56
5,252,557
5,263,31
5,267,459
5,275,189
5,281,224
5,283,519
5,285,20
5,293,72
5,300,362
6,1,338
6,2,86
6,3,298
6,4,203
6,5,503
6,7,153
6,8,369
6,9,577
6,10,448
6,13,412
6,15,572
6,17,334
6,18,551
6,20,485
6,21,107
6,23,225
6,24,185
6,25,405
6,26,497
6,30,329
6,32,510
6,38,591
6,40,504
6,41,497
6,42,574
6,45,155
6,46,130
6,47,10
6,48,287
6,49,395
6,51,109
6,53,206
6,54,405
6,55,496
6,56,441
6,57,439
6,58,398
6,59,166
6,60,583
6,61,107
6,62,461
6,64,227
6,65,417
6,66,321
6,68,402
6,73,227
6,75,85
6,76,359
6,79,367
6,80,354
6,81,390
6,82,470
6,83,581
6,86,587
6,87,15
6,88,259
6,89,103
6,90,145
6,95,110
6,97,414
6,98,131
6,101,277
6,104,376
6,105,575
6,107,397
6,113,26
6,116,115
6,117,586
6,120,7
6,124,316
6,127,443
6,128,91
6,132,128
6,134,246
6,139,565
6,140,433
6,142,328
6,150,302
6,153,287
6,157,110
6,158,473
6,160,493
6,162,408
6,163,1
6,164,434
6,169,403
6,170,63
6,174,250
6,177,535
6,187,336
6,189,305
6,193,560
6,202,453
6,205,531
6,208,414
6,211,397
6,221,6
6,223,251
6,233,404
6,235,184
6,239,44
6,244,109
6,249,435
6,253,256
6,256,184
6,260,423
6,274,567
6,277,77
6,293,231
6,296,439
6,297,443
7,2,308
7,3,247
7,4,391
7,5,450
7,6,153
7,10,231
7,11,113
7,12,259
7,13,284
7,15,432
7,16,142
7,17,11
7,18,577
7,19,174
7,20,257
7,22,281
7,24,315
7,25,196
7,26,563
7,27,240
7,28,378
7,30,268
7,31,433
7,32,567
7,37,540
7,38,351
7,41,276
7,42,12
7,45,151
7,46,276
7,47,476
7,48,251
7,50,283
7,51,510
7,52,563
7,53,46
7,55,554
7,57,216
7,58,545
7,60,553
7,61,72
7,62,116
7,63,356
7,64,449
7,67,487
7,68,312
7,69,175
7,72,220
7,73,231
7,74,87
7,75,163
7,79,73
7,80,114
7,82,162
7,83,318
7,85,140
7,87,19
7,91,184
7,92,32
7,94,96
7,97,278
7,98,484
7,100,471
7,102,120
7,103,594
7,104,39
7,108,409
7,111,163
7,117,412
7,120,36
7,121,376
7,122,371
7,125,171
7,128,259
7,129,227
7,133,219
7,135,187
7,136,37
7,137,100
7,138,154
7,139,563
7,140,305
7,141,152
7,143,306
7,151,61
7,156,501
7,157,161
7,169,39
7,175,84
7,177,183
7,178,74
7,179,128
7,187,339
7,188,397
7,190,546
7,191,152
7,198,363
7,202,95
7,203,297
7,205,583
7,206,315
7,216,94
7,232,151
7,242,148
7,243,519
7,245,208
7,248,178
7,250,103
7,257,27
7,258,249
7,272,521
7,288,166
8,1,378
8,2,419
8,3,590
8,6,369
8,9,102
8,11,387
8,12,370
8,13,93
8,14,239
8,15,515
8,18,113
8,19,75
8,20,5
8,22,60
8,23,345
8,24,302
8,26,517
8,28,35
8,33,330
8,34,63
8,36,318
8,37,319
8,38,167
8,39,289
8,40,128
8,41,133
8,43,5
8,44,573
8,45,501
8,46,311
8,48,561
8,49,315
8,52,470
8,53,386
8,54,145
8,56,342
8,57,42
8,58,201
8,59,357
8,61,159
8,62,184
8,63,55
8,66,387
8,67,16
8,72,45
8,73,69
8,74,126
8,75,586
8,77,233
8,78,108
8,79,85
8,80,451
8,88,270
8,91,384
8,92,488
8,97,121
8,98,322
8,99,210
8,100,259
8,102,496
8,106,408
8,108,283
8,110,294
8,116,509
8,117,216
8,121,169
8,127,146
8,129,355
8,130,203
8,133,6
8,137,272
8,138,430
8,139,182
8,141,346
8,144,545
8,146,480
8,150,360
8,154,339
8,157,518
8,158,354
8,162,75
8,167,522
8,169,292
8,173,76
8,182,15
8,183,564
8,184,109
8,186,298
8,190,252
8,193,431
8,195,71
8,198,407
8,202,258
8,203,24
8,210,528
8,211,4
8,222,491
8,226,36
8,237,297
8,251,330
8,260,588
8,265,567
8,270,187
8,275,210
8,292,445
8,295,110
8,298,263
9,2,120
9,3,478
9,5,171
9,6,577
9,8,102
9,10,469
9,11,332
9,12,552
9,13,232
9,15,579
9,16,43
9,19,312
9,21,572
9,22,178
9,23,541
9,25,144
9,27,465
9,28,232
9,29,230
9,32,379
9,33,581
9,34,308
9,36,424
9,37,4
9,41,46
9,42,335
9,44,277
9,47,244
9,48,255
9,49,344
9,50,213
9,53,543
9,54,128
9,55,412
9,56,456
9,57,227
9,58,439
9,60,409
9,61,295
9,62,223
9,63,163
9,64,262
9,65,434
9,71,524
9,74,204
9,75,485
9,79,204
9,80,247
9,81,526
9,82,497
9,83,434
9,85,131
9,87,340
9,90,298
9,91,251
9,94,66
9,95,278
9,97,512
9,99,286
9,102,93
9,107,96
9,112,124
9,113,400
9,127,174
9,130,269
9,136,124
9,141,445
9,142,123
9,143,332
9,148,560
9,150,425
9,151,571
9,152,225
9,157,461
9,158,243
9,159,443
9,160,379
9,161,134
9,183,474
9,190,231
9,194,498
9,196,17
9,197,92
9,202,163
9,209,404
9,212,373
9,214,584
9,215,197
9,216,228
9,218,352
9,220,544
9,229,239
9,231,135
9,240,376
9,243,408
9,244,522
9,252,253
9,255,40
9,261,582
9,269,516
9,296,281
10,3,348
10,4,175
10,5,262
10,6,448
10,7,231
10,9,469
10,11,572
10,14,135
10,15,20
10,16,27
10,17,352
10,18,323
10,21,460
10,22,551
10,26,565
10,28,34
10,29,581
10,31,81
10,32,548
10,34,481
10,35,337
10,36,564
10,37,204
10,38,574
10,39,480
10,40,493
10,41,423
10,42,108
10,43,379
10,45,413
10,46,300
10,47,316
10,50,310
10,51,166
10,53,546
10,54,338
10,59,409
10,60,469
10,64,158
10,65,24
10,67,533
10,68,331
10,72,597
10,78,217
10,79,366
10,83,516
10,84,278
10,85,64
10,89,271
10,91,244
10,94,195
10,97,421
10,98,121
10,99,171
10,103,219
10,105,86
10,107,437
10,112,269
10,114,77
10,116,397
10,118,548
10,120,34
10,123,188
10,124,578
10,125,204
10,126,338
10,131,191
10,134,4
10,137,161
10,138,407
10,141,305
10,145,179
10,146,275
10,149,334
10,153,426
10,154,291
10,158,432
10,161,307
10,163,40
10,166,149
10,167,185
10,168,206
10,173,247
10,175,84
10,177,94
10,183,442
10,189,255
10,190,565
10,191,498
10,193,483
10,199,308
10,202,474
10,219,545
10,221,277
10,225,477
10,238,24
10,242,76
10,243,152
10,247,151
10,255,575
10,256,154
10,265,402
10,274,357
10,276,252
10,297,165
11,2,354
11,5,270
11,7,113
11,8,387
11,9,332
11,10,572
11,12,65
11,14,389
11,16,472
11,19,99
11,20,438
11,23,489
11,24,477
11,26,97
11,27,129
11,30,438
11,31,573
11,35,285
11,36,175
11,38,475
11,39,234
11,40,258
11,41,535
11,42,241
11,43,275
11,44,464
11,46,152
11,47,480
11,49,69
11,51,6
11,53,306
11,55,371
11,56,555
11,58,371
11,60,122
11,61,446
11,62,574
11,63,538
11,64,446
11,65,549
11,66,3
11,69,147
11,71,189
11,72,107
11,73,591
11,74,105
11,77,527
11,78,519
11,81,266
11,82,273
11,83,492
11,84,193
11,85,68
11,87,81
11,88,71
11,90,337
11,91,334
11,94,184
11,95,40
11,96,45
11,97,71
11,98,145
11,99,570
11,100,189
11,101,254
11,103,174
11,105,176
11,109,386
11,112,369
11,115,128
11,117,69
11,118,91
11,123,427
11,124,177
11,128,448
11,139,360
11,142,578
11,143,154
11,146,192
11,147,536
11,148,592
11,149,61
11,150,173
11,151,416
11,152,472
11,157,52
11,158,3
11,162,113
11,165,275
11,169,257
11,172,580
11,176,315
11,180,387
11,181,196
11,187,128
11,192,344
11,196,442
11,198,272
11,200,583
11,210,380
11,212,449
11,215,300
11,226,164
11,229,218
11,233,130
11,239,138
11,244,90
11,246,259
11,248,127
11,251,14
11,256,567
11,261,231
11,262,418
11,266,93
11,268,126
11,269,87
11,273,305
11,279,458
11,282,40
11,285,377
11,289,348
11,295,233
12,2,438
12,4,549
12,7,259
12,8,370
12,9,552
12,11,65
12,13,484
12,14,41
12,15,504
12,16,157
12,17,303
12,19,183
12,22,288
12,23,479
12,25,452
12,27,226
12,28,577
12,29,214
12,30,76
12,31,277
12,35,13
12,36,111
12,37,99
12,38,331
12,41,193
12,42,559
12,44,591
12,45,147
12,48,229
12,51,579
12,52,342
12,54,42
12,55,458
12,57,402
12,58,488
12,64,535
12,66,592
12,67,341
12,68,520
12,71,331
12,75,480
12,76,270
12,78,573
12,79,465
12,81,327
12,82,194
12,83,163
12,84,352
12,86,500
12,88,220
12,89,224
12,90,563
12,95,102
12,96,338
12,97,344
12,98,123
12,100,501
12,101,593
12,103,264
12,105,490
12,106,351
12,108,186
12,109,386
12,112,481
12,113,510
12,117,216
12,123,365
12,124,473
12,125,492
12,127,49
12,128,199
12,129,432
12,131,466
12,132,73
12,133,441
12,135,371
12,138,414
12,141,391
12,144,415
12,145,354
12,149,176
12,153,496
12,156,588
12,163,90
12,164,562
12,171,298
12,175,516
12,176,294
12,193,68
12,196,483
12,201,358
12,208,257
12,209,250
12,213,318
12,219,10
12,231,333
12,237,585
12,239,493
12,244,302
12,246,169
12,247,427
12,249,196
12,255,352
12,258,190
12,259,369
12,261,323
12,267,133
12,272,179
12,278,81
12,280,326
12,281,94
12,282,538
12,291,113
12,298,436
13,1,195
13,2,491
13,3,73
13,6,412
13,7,284
13,8,93
13,9,232
13,12,484
13,14,482
13,15,220
13,16,292
13,19,475
13,20,160
13,22,287
13,24,169
13,25,578
13,26,409
13,27,178
13,28,302
13,29,288
13,30,403
13,31,235
13,32,436
13,33,420
13,34,16
13,35,110
13,36,329
13,38,370
13,40,293
13,42,337
13,45,7
13,46,472
13,47,273
13,48,117
13,49,93
13,50,328
13,51,333
13,53,577
13,55,405
13,56,407
13,57,170
13,60,411
13,61,295
13,62,376
13,63,339
13,67,198
13,68,80
13,70,148
13,72,527
13,76,507
13,77,321
13,80,184
13,81,442
13,85,354
13,86,146
13,87,62
13,88,592
13,90,15
13,93,571
13,94,140
13,95,14
13,96,209
13,97,216
13,102,168
13,104,446
13,108,17
13,113,22
13,115,475
13,117,480
13,118,494
13,119,37
13,121,286
13,122,408
13,123,245
13,125,15
13,126,58
13,132,164
13,135,536
13,139,232
13,145,165
13,154,300
13,159,556
13,161,554
13,165,109
13,173,590
13,176,295
13,177,472
13,178,600
13,182,17
13,184,204
13,186,377
13,187,361
13,192,479
13,195,372
13,196,454
13,209,456
13,211,290
13,217,19
13,221,476
13,222,402
13,223,154
13,224,193
13,229,230
13,230,20
13,238,352
13,246,550
13,247,405
13,248,59
13,256,353
13,260,326
13,262,447
13,267,576
13,268,366
13,280,343
13,285,479
14,1,546
14,2,2
14,3,455
14,4,290
14,5,261
14,8,239
14,10,135
14,11,389
14,12,41
14,13,482
14,16,164
14,17,355
14,18,3
14,20,475
14,21,421
14,22,338
14,24,294
14,25,571
14,28,275
14,29,357
14,33,293
14,34,398
14,35,262
14,37,176
14,40,325
14,41,228
14,43,49
14,46,61
14,47,23
14,48,309
14,49,512
14,53,69
14,54,184
14,56,107
14,60,243
14,61,313
14,63,476
14,64,514
14,65,306
14,66,417
14,70,584
14,71,236
14,72,335
14,73,71
14,75,364
14,80,581
14,81,93
14,84,145
14,85,509
14,89,170
14,90,504
14,91,133
14,95,437
14,96,475
14,98,486
14,100,389
14,102,96
14,103,75
14,104,410
14,110,131
14,113,341
14,126,437
14,127,351
14,128,227
14,129,568
14,130,152
14,132,36
14,136,553
14,138,19
14,140,440
14,141,105
14,150,206
14,157,550
14,163,252
14,170,228
14,171,370
14,172,399
14,177,286
14,186,576
14,187,229
14,195,513
14,197,490
14,201,29
14,202,517
14,211,305
14,212,52
14,213,9
14,215,8
14,216,363
14,218,278
14,219,100
14,222,25
14,223,103
14,230,330
14,231,309
14,236,325
14,237,335
14,238,368
14,249,342
14,251,181
14,264,36
14,276,40
14,279,130
14,280,323
14,281,189
14,284,181
14,292,493
14,295,533
14,297,400
15,1,377
15,3,24
15,4,287
15,5,391
15,6,572
15,7,432
15,8,515
15,9,579
15,10,20
15,12,504
15,13,220
15,16,255
15,17,86
15,18,212
15,19,497
15,20,406
15,23,593
15,24,539
15,27,494
15,29,143
15,31,103
15,32,252
15,33,269
15,35,354
15,43,522
15,44,490
15,45,443
15,47,23
15,48,436
15,49,195
15,51,237
15,54,357
15,55,57
15,56,301
15,57,205
15,59,338
15,60,376
15,61,221
15,63,427
15,64,440
15,66,553
15,67,596
15,69,291
15,70,234
15,72,461
15,74,322
15,76,130
15,79,464
15,81,168
15,82,552
15,83,584
15,86,454
15,87,449
15,88,286
15,89,499
15,90,349
15,95,332
15,97,303
15,99,362
15,100,232
15,101,325
15,105,312
15,106,365
15,107,268
15,108,230
15,112,407
15,113,374
15,114,282
15,121,472
15,124,293
15,127,349
15,131,212
15,137,164
15,140,397
15,142,523
15,143,171
15,144,268
15,146,181
15,149,229
15,158,415
15,160,383
15,162,11
15,163,221
15,171,571
15,172,120
15,178,82
15,181,485
15,183,6
15,186,543
15,195,106
15,196,55
15,198,264
15,203,11
15,211,20
15,213,516
15,224,96
15,236,429
15,250,276
15,253,60
15,256,365
15,258,468
15,266,109
15,291,457
15,292,25
15,294,124
15,296,572
16,3,275
16,4,206
16,7,142
16,9,43
16,10,27
16,11,472
16,12,157
16,13,292
16,14,164
16,15,255
16,17,302
16,18,347
16,19,530
16,21,382
16,24,137
16,25,35
16,26,332
16,27,305
16,29,67
16,31,1
16,33,578
16,34,495
16,35,539
16,37,318
16,38,505
16,41,170
16,44,459
16,45,303
16,46,466
16,47,556
16,50,52
16,51,132
16,53,271
16,54,441
16,55,591
16,56,308
16,57,184
16,59,199
16,61,116
16,63,507
16,64,519
16,65,517
16,66,299
16,67,237
16,68,338
16,71,387
16,72,293
16,73,402
16,74,338
16,78,499
16,81,385
16,82,72
16,83,576
16,84,201
16,85,199
16,86,80
16,87,187
16,88,458
16,89,93
16,90,442
16,93,509
16,95,597
16,96,251
16,98,568
16,99,538
16,101,375
16,109,82
16,111,171
16,112,562
16,115,241
16,116,65
16,117,48
16,118,36
16,119,248
16,125,583
16,126,157
16,127,53
16,128,572
16,131,507
16,134,585
16,136,481
16,139,28
16,146,189
16,147,384
16,149,207
16,161,198
16,166,231
16,167,563
16,169,216
16,170,498
16,171,313
16,172,537
16,175,199
16,176,248
16,179,237
16,181,187
16,185,363
16,190,294
16,192,288
16,203,95
16,204,240
16,208,587
16,212,331
16,220,236
16,224,87
16,242,185
16,248,522
16,267,196
16,281,520
16,292,128
16,294,279
16,297,593
17,1,35
17,2,479
17,3,361
17,5,351
17,6,334
17,7,11
17,10,352
17,12,303
17,14,355
17,15,86
17,16,302
17,18,440
17,19,538
17,21,367
17,22,198
17,23,342
17,27,339
17,29,380
17,30,455
17,33,348
17,34,546
17,35,354
17,37,288
17,39,346
17,40,292
17,41,427
17,43,251
17,45,327
17,46,82
17,47,167
17,48,342
17,50,539
17,51,222
17,53,147
17,57,80
17,58,222
17,59,347
17,60,341
17,61,461
17,63,112
17,64,107
17,69,234
17,70,19
17,73,40
17,78,557
17,79,144
17,80,423
17,82,114
17,83,593
17,85,420
17,87,76
17,88,497
17,89,142
17,90,276
17,91,352
17,93,304
17,94,154
17,97,207
17,101,209
17,105,98
17,112,189
17,113,286
17,120,217
17,130,151
17,132,558
17,136,411
17,139,599
17,141,165
17,144,267
17,146,65
17,151,269
17,152,437
17,153,220
17,154,497
17,162,246
17,165,456
17,167,559
17,169,461
17,172,383
17,176,548
17,181,455
17,185,18
17,188,458
17,192,214
17,196,150
17,198,121
17,202,450
17,203,144
17,207,123
17,208,157
17,210,4
17,211,13
17,213,433
17,214,466
17,219,229
17,227,419
17,231,26
17,243,424
17,245,541
17,247,282
17,254,265
17,259,584
17,272,290
17,273,183
17,289,491
17,293,183
17,300,154
18,1,455
18,2,467
18,5,28
18,6,551
18,7,577
18,8,113
18,10,323
18,14,3
18,15,212
18,16,347
18,17,440
18,19,381
18,20,293
18,21,354
18,22,421
18,23,166
18,24,29
18,25,325
18,26,518
18,27,559
18,29,296
18,32,19
18,33,431
18,34,381
18,36,229
18,39,596
18,40,236
18,41,598
18,43,33
18,44,229
18,46,57
18,47,403
18,49,184
18,50,524
18,52,73
18,56,561
18,57,341
18,59,272
18,60,464
18,63,36
18,65,415
18,69,60
18,72,239
18,77,322
18,78,471
18,82,433
18,84,380
18,90,425
18,91,403
18,100,350
18,101,172
18,102,394
18,103,464
18,105,389
18,110,187
18,112,132
18,113,458
18,115,459
18,117,457
18,119,585
18,128,561
18,129,140
18,132,91
18,136,22
18,138,545
18,139,383
18,144,393
18,154,470
18,161,589
18,168,495
18,183,179
18,192,467
18,193,587
18,198,545
18,200,569
18,202,179
18,205,295
18,211,560
18,217,142
18,221,14
18,229,55
18,233,375
18,234,314
18,252,198
18,253,38
18,266,381
18,268,518
18,271,476
18,272,299
18,275,115
18,278,588
18,287,292
18,291,250
19,1,68
19,2,379
19,3,345
19,5,468
19,7,174
19,8,75
19,9,312
19,11,99
19,12,183
19,13,475
19,15,497
19,16,530
19,17,538
19,18,381
19,20,213
19,21,29
19,22,427
19,23,349
19,24,560
19,25,459
19,26,22
19,27,163
19,29,562
19,33,423
19,34,156
19,36,30
19,37,72
19,38,124
19,39,302
19,40,457
19,42,166
19,43,271
19,44,106
19,45,228
19,47,571
19,49,510
19,50,117
19,52,258
19,53,38
19,55,148
19,58,420
19,59,299
19,60,574
19,63,67
19,66,551
19,68,553
19,73,179
19,74,468
19,75,360
19,76,538
19,77,91
19,80,101
19,82,104
19,83,393
19,86,189
19,87,523
19,89,94
19,91,422
19,95,34
19,96,154
19,97,256
19,99,249
19,102,30
19,104,222
19,105,495
19,106,507
19,107,121
19,110,372
19,113,223
19,115,392
19,117,76
19,121,56
19,123,425
19,128,77
19,129,147
19,131,224
19,133,480
19,134,202
19,139,43
19,142,49
19,143,30
19,149,407
19,150,146
19,152,146
19,153,236
19,155,463
19,156,191
19,159,222
19,161,554
19,162,309
19,164,119
19,166,68
19,167,467
19,171,138
19,177,127
19,180,117
19,184,373
19,185,319
19,187,13
19,201,69
19,205,550
19,210,380
19,214,585
19,235,471
19,256,189
19,260,127
19,261,406
19,264,369
19,265,154
19,271,238
19,276,107
19,277,597
19,278,322
19,285,228
19,293,375
19,296,330
20,1,51
20,2,341
20,4,176
20,5,122
20,6,485
20,7,257
20,8,5
20,11,438
20,13,160
20,14,475
20,15,406
20,18,293
20,19,213
20,21,532
20,22,6
20,23,573
20,25,282
20,26,368
20,27,243
20,28,231
20,30,405
20,32,387
20,33,93
20,34,270
20,35,162
20,36,339
20,39,419
20,40,23
20,41,168
20,42,99
20,43,438
20,44,593
20,45,412
20,46,322
20,49,236
20,50,142
20,54,374
20,55,151
20,58,504
20,59,79
20,60,166
20,64,339
20,65,309
20,66,408
20,67,234
20,69,488
20,72,313
20,73,308
20,75,102
20,79,69
20,80,511
20,81,350
20,82,523
20,84,187
20,89,550
20,91,359
20,93,237
20,94,305
20,95,466
20,97,432
20,99,45
20,101,526
20,104,93
20,108,241
20,113,417
20,116,282
20,119,50
20,127,454
20,129,486
20,130,39
20,132,55
20,135,447
20,136,183
20,137,416
20,138,381
20,140,48
20,141,270
20,143,162
20,144,456
20,157,200
20,162,402
20,165,141
20,169,126
20,171,63
20,175,412
20,179,240
20,185,75
20,186,421
20,187,274
20,188,538
20,189,582
20,192,360
20,193,187
20,200,26
20,201,315
20,206,495
20,218,221
20,221,558
20,223,493
20,231,131
20,233,198
20,235,448
20,242,331
20,243,220
20,245,214
20,246,426
20,258,27
20,259,111
20,261,205
20,266,354
20,269,494
20,270,194
20,272,172
20,280,578
20,281,407
20,285,308
21,1,589
21,2,93
21,3,138
21,5,436
21,6,107
21,9,572
21,10,460
21,14,421
21,16,382
21,17,367
21,18,354
21,19,29
21,20,532
21,25,144
21,27,95
21,28,308
21,29,326
21,30,450
21,31,529
21,32,551
21,33,289
21,34,169
21,36,587
21,37,76
21,39,284
21,40,410
21,41,599
21,42,522
21,43,214
21,45,573
21,46,57
21,47,14
21,48,395
21,50,95
21,52,555
21,53,390
21,55,463
21,56,376
21,57,245
21,60,152
21,61,84
21,62,448
21,63,70
21,65,464
21,67,98
21,68,17
21,69,223
21,70,585
21,72,446
21,74,128
21,75,598
21,76,492
21,77,252
21,78,237
21,79,299
21,80,327
21,81,452
21,86,348
21,87,179
21,88,48
21,94,312
21,95,462
21,100,469
21,108,475
21,112,597
21,114,112
21,118,265
21,119,86
21,120,279
21,123,150
21,128,490
21,132,185
21,135,149
21,136,54
21,139,134
21,140,405
21,146,35
21,147,101
21,154,350
21,156,352
21,161,145
21,174,586
21,177,378
21,183,56
21,186,489
21,188,504
21,191,533
21,199,152
21,200,347
21,203,92
21,204,189
21,207,523
21,215,479
21,217,71
21,223,71
21,225,489
21,238,130
21,249,83
21,258,220
21,276,50
21,278,114
21,282,218
21,289,569
22,1,573
22,2,563
22,3,366
22,5,491
22,7,281
22,8,60
22,9,178
22,10,551
22,12,288
22,13,287
22,14,338
22,17,198
22,18,421
22,19,427
22,20,6
22,23,92
22,25,437
22,26,393
22,30,10
22,31,42
22,32,434
22,35,286
22,36,521
22,39,498
22,41,30
22,43,585
22,46,491
22,47,586
22,48,16
22,50,503
22,51,328
22,54,557
22,56,490
22,58,231
22,59,591
22,60,412
22,61,391
22,62,245
22,64,431
22,66,313
22,69,42
22,71,572
22,72,575
22,73,102
22,74,136
22,75,394
22,77,320
22,80,341
22,81,22
22,82,411
22,83,321
22,84,72
22,87,51
22,91,282
22,94,387
22,98,581
22,101,507
22,105,515
22,107,193
22,109,491
22,111,377
22,113,430
22,117,399
22,121,290
22,126,469
22,133,273
22,135,546
22,137,525
22,145,368
22,149,125
22,151,412
22,154,150
22,156,373
22,166,368
22,167,58
22,171,368
22,173,4
22,174,84
22,183,48
22,192,503
22,193,309
22,194,559
22,195,357
22,200,464
22,203,362
22,206,439
22,211,275
22,212,540
22,214,82
22,225,292
22,227,379
22,228,226
22,237,261
22,238,204
22,240,103
22,246,229
22,259,324
22,263,283
22,274,188
22,275,586
22,280,391
22,281,150
22,293,424
22,300,441
23,2,351
23,4,572
23,5,101
23,6,225
23,8,345
23,9,541
23,11,489
23,12,479
23,15,593
23,17,342
23,18,166
23,19,349
23,20,573
23,22,92
23,25,407
23,26,162
23,28,272
23,30,109
23,31,458
23,32,212
23,33,26
23,34,59
23,35,218
23,36,471
23,39,28
23,40,165
23,42,383
23,45,140
23,48,274
23,50,462
23,51,517
23,53,41
23,54,265
23,55,126
23,58,51
23,59,77
23,61,489
23,62,427
23,63,330
23,64,210
23,65,225
23,66,219
23,67,151
23,68,547
23,72,2
23,75,473
23,76,215
23,77,320
23,78,237
23,79,146
23,80,433
23,85,156
23,88,271
23,89,353
23,91,46
23,92,336
23,93,53
23,94,314
23,97,572
23,100,515
23,102,397
23,107,151
23,108,458
23,109,168
23,110,237
23,113,379
23,114,489
23,117,238
23,118,598
23,123,225
23,125,115
23,126,474
23,131,146
23,132,340
23,134,518
23,139,375
23,140,230
23,141,522
23,144,13
23,157,81
23,160,322
23,165,378
23,166,417
23,167,145
23,170,144
23,172,207
23,173,193
23,174,536
23,185,322
23,186,448
23,190,258
23,193,391
23,195,536
23,206,282
23,210,219
23,213,282
23,214,191
23,216,352
23,218,90
23,219,274
23,222,71
23,227,197
23,229,298
23,240,533
23,247,401
23,256,199
23,257,438
23,259,7
23,261,126
23,264,559
23,277,64
23,289,358
23,295,91
23,298,343
24,1,414
24,2,227
24,3,372
24,4,470
24,6,185
24,7,315
24,8,302
24,11,477
24,13,169
24,14,294
24,15,539
24,16,137
24,18,29
24,19,560
24,25,320
24,26,138
24,27,20
24,30,83
24,32,482
24,33,139
24,39,571
24,40,507
24,41,287
24,42,67
24,44,150
24,45,305
24,49,288
24,50,287
24,51,594
24,52,106
24,53,15
24,55,55
24,56,541
24,57,25
24,58,327
24,59,79
24,60,256
24,61,566
24,65,581
24,67,127
24,70,289
24,71,293
24,72,590
24,73,500
24,76,219
24,77,562
24,78,106
24,79,181
24,82,305
24,84,15
24,85,246
24,86,119
24,87,379
24,90,181
24,92,67
24,96,208
24,97,1
24,98,230
24,102,310
24,105,334
24,109,172
24,110,527
24,111,527
24,117,120
24,122,425
24,123,330
24,126,291
24,127,134
24,128,335
24,131,404
24,133,533
24,135,165
24,141,140
24,143,531
24,145,1
24,150,550
24,151,432
24,153,363
24,161,200
24,166,594
24,174,135
24,176,332
24,177,478
24,180,272
24,181,80
24,183,213
24,193,526
24,196,13
24,197,321
24,205,44
24,209,34
24,210,231
24,213,429
24,219,470
24,221,414
24,243,521
24,245,279
24,247,287
24,250,295
24,257,170
24,266,584
24,270,319
24,280,556
24,288,463
24,290,112
25,1,235
25,3,429
25,4,286
25,5,10
25,6,405
25,7,196
25,9,144
25,12,452
25,13,578
25,14,571
25,16,35
25,18,325
25,19,459
25,20,282
25,21,144
25,22,437
25,23,407
25,24,320
25,27,392
25,28,501
25,30,386
25,31,318
25,33,118
25,34,444
25,35,233
25,36,241
25,37,563
25,38,506
25,40,146
25,42,111
25,43,517
25,44,26
25,45,486
25,46,228
25,48,271
25,50,137
25,51,166
25,53,76
25,54,452
25,55,193
25,56,482
25,58,319
25,60,543
25,62,40
25,64,338
25,66,392
25,68,95
25,69,15
25,70,65
25,71,470
25,72,319
25,73,590
25,74,106
25,75,99
25,79,569
25,81,443
25,84,418
25,85,586
25,86,362
25,89,287
25,90,465
25,95,390
25,96,555
25,97,149
25,100,12
25,101,62
25,102,436
25,103,492
25,104,4
25,105,494
25,108,450
25,110,562
25,113,539
25,115,432
25,119,581
25,122,152
25,129,517
25,134,447
25,135,194
25,141,481
25,142,514
25,146,497
25,147,147
25,148,562
25,152,197
25,163,345
25,164,409
25,169,574
25,174,441
25,177,268
25,179,12
25,182,40
25,188,112
25,191,457
25,208,431
25,210,198
25,224,61
25,229,438
25,230,303
25,236,427
25,239,184
25,240,247
25,242,199
25,253,269
25,257,356
25,258,229
25,260,431
25,262,494
25,264,557
25,266,525
25,283,216
25,290,418
25,291,340
25,298,244
26,1,90
26,4,291
26,6,497
26,7,563
26,8,517
26,10,565
26,11,97
26,13,409
26,16,332
26,18,518
26,19,22
26,20,368
26,22,393
26,23,162
26,24,138
26,28,481
26,30,330
26,31,338
26,32,36
26,33,525
26,34,50
26,35,314
26,37,460
26,38,194
26,40,423
26,42,306
26,43,252
26,44,355
26,46,130
26,49,218
26,50,19
26,52,238
26,54,434
26,55,174
26,56,368
26,68,99
26,70,35
26,71,139
26,72,420
26,75,552
26,76,266
26,77,597
26,78,502
26,81,174
26,82,405
26,84,147
26,86,264
26,87,75
26,88,374
26,90,449
26,91,227
26,93,119
26,94,422
26,98,496
26,103,521
26,105,91
26,106,30
26,108,33
26,109,325
26,113,391
26,114,234
26,117,189
26,121,149
26,129,5
26,133,424
26,138,381
26,139,256
26,143,469
26,145,205
26,148,511
26,151,505
26,153,570
26,155,454
26,171,596
26,175,556
26,181,28
26,184,139
26,187,175
26,188,433
26,193,350
26,194,328
26,196,288
26,198,268
26,202,59
26,203,349
26,207,417
26,212,435
26,218,58
26,220,454
26,222,565
26,225,175
26,226,121
26,230,563
26,242,288
26,250,423
26,252,242
26,254,308
26,270,286
26,276,541
26,279,536
26,280,321
26,286,319
26,290,204
26,292,566
26,299,450
27,1,128
27,3,313
27,5,178
27,7,240
27,9,465
27,11,129
27,12,226
27,13,178
27,15,494
27,16,305
27,17,339
27,18,559
27,19,163
27,20,243
27,21,95
27,24,20
27,25,392
27,31,202
27,32,334
27,34,87
27,35,246
27,37,36
27,38,84
27,39,107
27,40,308
27,41,133
27,42,266
27,44,223
27,50,50
27,51,460
27,52,300
27,53,535
27,54,151
27,56,455
27,57,244
27,58,594
27,59,395
27,60,486
27,61,290
27,63,302
27,65,355
27,69,18
27,73,465
27,78,474
27,81,125
27,82,363
27,83,448
27,86,352
27,88,236
27,89,26
27,90,463
27,91,386
27,93,462
27,94,481
27,97,396
27,102,141
27,103,107
27,105,515
27,106,107
27,109,188
27,112,131
27,113,4
27,114,90
27,118,546
27,121,339
27,124,283
27,125,31
27,126,228
27,130,82
27,131,3
27,141,475
27,142,348
27,144,463
27,145,589
27,150,233
27,151,275
27,156,192
27,168,204
27,170,514
27,173,427
27,189,372
27,191,155
27,192,84
27,203,597
27,205,345
27,209,80
27,211,496
27,218,325
27,221,127
27,227,20
27,234,483
27,239,203
27,248,106
27,249,222
27,254,534
27,259,412
27,260,462
27,261,254
27,268,388
27,273,201
27,275,4
27,284,56
27,292,83
28,1,375
28,3,319
28,4,484
28,5,552
28,7,378
28,8,35
28,9,232
28,10,34
28,12,577
28,13,302
28,14,275
28,20,231
28,21,308
28,23,272
28,25,501
28,26,481
28,29,115
28,30,337
28,32,442
28,35,274
28,36,403
28,37,277
28,38,82
28,39,93
28,41,555
28,42,459
28,46,537
28,47,547
28,50,145
28,52,384
28,53,60
28,54,147
28,55,403
28,57,301
28,58,195
28,60,39
28,62,108
28,65,270
28,66,57
28,69,599
28,71,457
28,74,319
28,78,320
28,79,279
28,80,579
28,86,551
28,87,348
28,89,25
28,92,231
28,95,531
28,98,431
28,101,292
28,104,383
28,105,405
28,106,437
28,108,11
28,110,100
28,111,425
28,113,446
28,114,303
28,115,600
28,118,62
28,120,349
28,121,416
28,124,422
28,130,210
28,131,100
28,133,276
28,142,210
28,149,408
28,151,406
28,153,96
28,156,370
28,158,30
28,163,78
28,164,128
28,169,425
28,181,161
28,182,419
28,188,572
28,194,367
28,203,174
28,209,130
28,214,557
28,216,472
28,224,73
28,225,139
28,241,58
28,244,556
28,245,489
28,251,142
28,254,373
28,259,390
28,261,490
28,262,262
28,264,478
28,265,559
28,272,184
28,274,381
28,280,234
28,281,57
28,282,169
28,297,293
29,1,124
29,3,57
29,5,451
29,9,230
29,10,581
29,12,214
29,13,288
29,14,357
29,15,143
29,16,67
29,17,380
29,18,296
29,19,562
29,21,326
29,28,115
29,30,480
29,31,212
29,35,372
29,36,590
29,37,383
29,38,229
29,40,280
29,42,342
29,43,136
29,44,20
29,45,387
29,46,410
29,47,339
29,48,399
29,49,568
29,50,469
29,51,305
29,52,141
29,54,473
29,55,131
29,56,350
29,57,524
29,58,172
29,60,175
29,64,518
29,66,341
29,68,10
29,70,204
29,71,160
29,73,449
29,75,171
29,76,214
29,77,489
29,79,182
29,80,298
29,81,505
29,83,243
29,84,309
29,89,172
29,91,477
29,92,587
29,94,299
29,96,40
29,97,68
29,98,337
29,99,25
29,100,85
29,101,390
29,103,357
29,105,129
29,107,170
29,108,80
29,109,213
29,113,455
29,118,527
29,120,31
29,122,384
29,125,258
29,136,329
29,140,213
29,141,443
29,149,66
29,152,172
29,153,282
29,158,53
29,167,466
29,170,301
29,174,7
29,179,1
29,201,174
29,204,195
29,206,260
29,216,543
29,217,343
29,221,250
29,237,203
29,241,14
29,252,159
29,253,353
29,259,464
29,268,311
29,269,501
29,271,401
29,285,527
29,286,82
29,287,400
29,290,200
30,1,431
30,4,363
30,5,142
30,6,329
30,7,268
30,11,438
30,12,76
30,13,403
30,17,455
30,20,405
30,21,450
30,22,10
30,23,109
30,24,83
30,25,386
30,26,330
30,28,337
30,29,480
30,32,22
30,33,141
30,36,460
30,37,513
30,40,449
30,41,4
30,42,467
30,43,134
30,45,125
30,47,64
30,49,372
30,50,25
30,53,42
30,54,5
30,55,524
30,57,190
30,59,561
30,60,220
30,63,373
30,65,275
30,69,71
30,70,262
30,71,375
30,74,95
30,76,507
30,77,281
30,81,377
30,83,516
30,88,103
30,91,552
30,93,55
30,94,127
30,96,36
30,97,347
30,99,592
30,100,563
30,101,281
30,106,154
30,108,242
30,111,588
30,119,328
30,121,186
30,122,384
30,125,34
30,127,393
30,129,259
30,132,201
30,133,185
30,134,185
30,136,182
30,140,431
30,141,533
30,155,293
30,158,99
30,161,378
30,172,430
30,174,1
30,175,178
30,179,133
30,183,342
30,184,448
30,185,181
30,187,315
30,199,374
30,203,60
30,204,263
30,206,308
30,208,465
30,211,323
30,212,267
30,219,27
30,221,109
30,227,407
30,229,522
30,232,355
30,244,549
30,256,228
30,262,319
30,263,104
30,265,104
30,270,326
30,271,330
30,278,352
30,285,138
30,299,156
30,300,126
31,1,262
31,2,545
31,4,414
31,7,433
31,10,81
31,11,573
31,12,277
31,13,235
31,15,103
31,16,1
31,21,529
31,22,42
31,23,458
31,25,318
31,26,338
31,27,202
31,29,212
31,32,218
31,33,207
31,34,102
31,35,198
31,38,199
31,40,451
31,43,405
31,44,551
31,47,307
31,48,558
31,49,547
31,50,313
31,54,233
31,55,448
31,57,422
31,58,91
31,59,55
31,62,159
31,63,35
31,64,22
31,67,394
31,68,600
31,69,353
31,70,418
31,73,536
31,75,590
31,80,506
31,86,315
31,88,413
31,90,183
31,91,413
31,92,141
31,93,462
31,96,243
31,99,164
31,105,502
31,106,351
31,109,519
31,114,508
31,117,73
31,120,359
31,122,86
31,124,79
31,125,550
31,129,272
31,131,511
31,134,107
31,135,171
31,136,302
31,141,172
31,142,436
31,147,164
31,148,382
31,150,425
31,151,506
31,153,417
31,154,374
31,162,168
31,174,544
31,175,186
31,179,260
31,180,451
31,190,36
31,191,168
31,192,207
31,194,184
31,199,132
31,201,262
31,205,513
31,214,562
31,219,310
31,250,272
31,257,598
31,259,17
31,261,538
31,267,11
31,269,386
31,285,29
31,290,493
31,300,173
32,1,367
32,2,209
32,5,245
32,6,510
32,7,567
32,9,379
32,10,548
32,13,436
32,15,252
32,18,19
32,20,387
32,21,551
32,22,434
32,23,212
32,24,482
32,26,36
32,27,334
32,28,442
32,30,22
32,31,218
32,33,393
32,34,376
32,35,160
32,37,435
32,41,159
32,42,523
32,43,299
32,44,264
32,45,433
32,48,8
32,49,197
32,50,385
32,51,258
32,53,199
32,54,473
32,55,227
32,57,341
32,59,534
32,60,359
32,61,245
32,62,497
32,63,502
32,65,566
32,66,517
32,70,457
32,72,385
32,74,530
32,75,416
32,79,530
32,81,419
32,82,306
32,83,306
32,84,143
32,85,453
32,86,339
32,89,415
32,90,131
32,91,225
32,92,403
32,96,559
32,100,59
32,102,101
32,104,31
32,109,573
32,114,220
32,117,87
32,118,563
32,120,590
32,121,80
32,130,126
32,133,291
32,134,430
32,145,144
32,150,375
32,152,531
32,155,221
32,171,301
32,177,480
32,180,140
32,183,172
32,186,216
32,196,44
32,202,551
32,208,343
32,209,106
32,219,253
32,220,98
32,225,522
32,229,166
32,232,145
32,235,523
32,236,295
32,243,439
32,249,192
32,256,215
32,260,159
32,268,15
32,269,248
32,271,127
32,276,396
32,282,268
32,291,564
32,292,265
32,294,589
32,297,553
33,1,554
33,5,272
33,8,330
33,9,581
33,13,420
33,14,293
33,15,269
33,16,578
33,17,348
33,18,431
33,19,423
33,20,93
33,21,289
33,23,26
33,24,139
33,25,118
33,26,525
33,30,141
33,31,207
33,32,393
33,34,581
33,37,373
33,38,123
33,40,120
33,41,169
33,42,119
33,44,540
33,45,130
33,46,356
33,47,515
33,48,115
33,49,5
33,51,157
33,52,285
33,53,96
33,55,440
33,56,217
33,58,212
33,59,225
33,60,338
33,61,379
33,62,319
33,65,569
33,66,500
33,67,307
33,70,582
33,72,404
33,73,360
33,76,173
33,79,233
33,80,305
33,82,141
33,87,414
33,90,18
33,94,9
33,96,307
33,97,425
33,98,299
33,99,135
33,104,503
33,107,121
33,112,157
33,115,138
33,116,301
33,120,564
33,126,193
33,135,596
33,140,71
33,144,345
33,146,526
33,148,235
33,158,242
33,162,37
33,169,189
33,171,375
33,172,546
33,176,312
33,177,155
33,178,346
33,182,442
33,184,221
33,191,330
33,192,219
33,198,503
33,203,317
33,208,409
33,215,579
33,218,129
33,219,428
33,220,551
33,236,491
33,240,464
33,259,381
33,264,401
33,267,18
33,271,350
33,273,114
33,283,325
33,294,195
33,299,59
34,1,272
34,2,302
34,3,340
34,5,170
34,8,63
34,9,308
34,10,481
34,13,16
34,14,398
34,16,495
34,17,546
34,18,381
34,19,156
34,20,270
34,21,169
34,23,59
34,25,444
34,26,50
34,27,87
34,31,102
34,32,376
34,33,581
34,35,447
34,39,135
34,40,594
34,43,427
34,44,91
34,45,564
34,47,108
34,48,379
34,52,20
34,53,420
34,60,153
34,67,381
34,68,418
34,69,194
34,71,33
34,72,63
34,73,189
34,79,274
34,81,251
34,82,576
34,84,305
34,86,56
34,87,514
34,88,179
34,89,374
34,90,184
34,101,291
34,102,590
34,104,515
34,105,513
34,107,449
34,109,439
34,111,231
34,112,256
34,113,242
34,114,563
34,115,48
34,119,271
34,122,60
34,124,408
34,126,168
34,132,435
34,134,555
34,141,458
34,145,175
34,148,556
34,150,530
34,152,119
34,155,310
34,157,324
34,158,21
34,166,323
34,167,129
34,168,314
34,171,371
34,172,73
34,174,43
34,177,406
34,178,256
34,180,556
34,181,242
34,183,215
34,186,120
34,191,551
34,192,595
34,199,184
34,202,410
34,203,63
34,205,442
34,207,178
34,209,458
34,211,244
34,213,426
34,216,513
34,217,143
34,220,367
34,221,290
34,228,263
34,231,588
34,241,468
34,255,344
34,260,580
34,261,330
34,272,83
34,276,204
34,284,97
34,286,481
34,287,141
34,294,500
35,1,132
35,2,269
35,3,159
35,4,559
35,5,245
35,10,337
35,11,285
35,12,13
35,13,110
35,14,262
35,15,354
35,16,539
35,17,354
35,20,162
35,22,286
35,23,218
35,25,233
35,26,314
35,27,246
35,28,274
35,29,372
35,31,198
35,32,160
35,34,447
35,37,38
35,38,108
35,39,25
35,40,80
35,42,523
35,43,203
35,44,452
35,45,358
35,46,69
35,47,288
35,48,123
35,49,94
35,51,366
35,52,599
35,53,542
35,57,113
35,60,376
35,61,387
35,62,325
35,65,578
35,66,242
35,68,533
35,69,77
35,70,596
35,71,320
35,75,54
35,76,329
35,78,156
35,80,181
35,81,518
35,83,327
35,84,425
35,86,408
35,87,371
35,89,532
35,94,135
35,100,50
35,101,349
35,103,481
35,106,441
35,107,370
35,108,252
35,109,262
35,111,188
35,114,447
35,115,541
35,118,302
35,119,339
35,120,475
35,123,471
35,126,274
35,129,400
35,132,25
35,133,485
35,139,242
35,143,294
35,146,127
35,148,378
35,155,104
35,156,492
35,158,193
35,165,396
35,168,176
35,169,229
35,170,529
35,176,537
35,187,453
35,193,18
35,197,280
35,208,262
35,213,202
35,214,203
35,215,103
35,217,481
35,224,23
35,226,436
35,233,244
35,239,5
35,240,413
35,241,497
35,245,571
35,257,230
35,263,390
35,272,388
35,277,545
35,278,356
35,287,346
35,294,511
35,300,477
36,1,479
36,2,371
36,3,190
36,8,318
36,9,424
36,10,564
36,11,175
36,12,111
36,13,329
36,18,229
36,19,30
36,20,339
36,21,587
36,22,521
36,23,471
36,25,241
36,28,403
36,29,590
36,30,460
36,37,548
36,39,6
36,41,169
36,43,275
36,45,505
36,48,221
36,50,249
36,51,371
36,53,352
36,54,468
36,55,516
36,56,505
36,57,89
36,59,450
36,60,81
36,61,50
36,62,22
36,64,100
36,65,240
36,67,104
36,68,195
36,71,507
36,72,271
36,73,189
36,74,558
36,79,115
36,84,531
36,85,392
36,87,459
36,92,254
36,95,206
36,97,567
36,102,83
36,106,139
36,109,353
36,110,78
36,112,415
36,116,412
36,117,433
36,119,133
36,121,305
36,122,563
36,124,65
36,127,468
36,128,27
36,142,86
36,143,434
36,153,575
36,156,135
36,159,387
36,162,546
36,163,545
36,166,356
36,170,440
36,171,596
36,174,380
36,175,471
36,178,558
36,181,417
36,184,534
36,187,288
36,192,232
36,195,304
36,196,366
36,197,299
36,198,172
36,201,54
36,202,121
36,203,330
36,213,477
36,223,437
36,226,512
36,232,104
36,233,270
36,241,16
36,242,18
36,250,230
36,252,489
36,259,329
36,260,113
36,263,328
36,271,524
36,273,329
36,282,134
36,285,281
36,292,399
37,1,158
37,3,300
37,7,540
37,8,319
37,9,4
37,10,204
37,12,99
37,14,176
37,16,318
37,17,288
37,19,72
37,21,76
37,25,563
37,26,460
37,27,36
37,28,277
37,29,383
37,30,513
37,32,435
37,33,373
37,35,38
37,36,548
37,38,269
37,39,275
37,40,424
37,41,181
37,43,222
37,44,30
37,45,458
37,46,552
37,47,148
37,49,87
37,51,236
37,53,524
37,54,68
37,55,301
37,56,196
37,57,574
37,60,255
37,64,80
37,65,71
37,66,560
37,69,529
37,70,226
37,71,559
37,74,523
37,75,58
37,77,504
37,78,371
37,79,121
37,82,211
37,87,207
37,89,441
37,90,285
37,95,193
37,96,525
37,98,492
37,99,202
37,100,198
37,101,105
37,108,95
37,109,564
37,110,286
37,111,198
37,114,409
37,117,64
37,120,53
37,122,50
37,123,494
37,125,412
37,127,559
37,130,562
37,131,501
37,134,72
37,138,125
37,139,359
37,140,289
37,144,555
37,145,25
37,149,445
37,150,311
37,151,204
37,154,321
37,155,99
37,160,236
37,161,215
37,162,2
37,167,79
37,170,31
37,172,212
37,174,274
37,175,223
37,176,256
37,178,85
37,180,505
37,186,264
37,190,182
37,195,292
37,196,581
37,197,231
37,199,490
37,206,171
37,208,255
37,209,153
37,211,125
37,213,48
37,236,557
37,249,306
37,276,506
37,300,212
38,1,6
38,2,16
38,3,264
38,4,61
38,5,60
38,6,591
38,7,351
38,8,167
38,10,574
38,11,475
38,12,331
38,13,370
38,16,505
38,19,124
38,25,506
38,26,194
38,27,84
38,28,82
38,29,229
38,31,199
38,33,123
38,35,108
38,37,269
38,40,383
38,41,24
38,42,359
38,44,593
38,45,243
