source,target,weight
1,2,395
1,4,206
1,5,181
1,7,245
1,13,140
1,14,404
1,32,334
1,37,1
1,54,182
1,87,227
1,88,272
1,102,172
1,130,209
1,134,410
1,152,137
1,188,524
1,192,475
1,205,411
1,239,505
1,248,564
2,1,395
2,3,341
2,4,267
2,6,95
2,7,84
2,15,64
2,17,216
2,22,197
2,27,597
2,30,233
2,41,498
2,48,584
2,55,201
2,61,462
2,70,29
2,80,47
2,86,61
2,96,355
2,108,339
2,129,475
2,149,359
2,265,509
3,2,341
3,4,125
3,5,401
3,6,465
3,13,53
3,14,464
3,22,75
3,33,255
3,51,384
3,53,211
3,88,373
3,89,300
3,94,513
3,110,497
3,121,438
3,150,169
4,1,206
4,2,267
4,3,125
4,5,592
4,6,509
4,10,217
4,12,36
4,16,268
4,19,258
4,20,57
4,24,531
4,31,436
4,43,443
4,63,22
4,67,264
4,102,574
4,105,263
4,108,175
4,126,445
4,187,596
4,294,295
5,1,181
5,3,401
5,4,592
5,10,143
5,11,443
5,13,48
5,14,257
5,19,388
5,26,204
5,131,14
5,159,498
5,183,72
5,207,499
6,2,95
6,3,465
6,4,509
6,7,401
6,8,374
6,9,31
6,11,416
6,13,151
6,25,493
6,29,589
6,32,421
6,35,398
6,50,37
6,60,345
6,66,207
6,109,519
6,156,535
6,165,342
6,235,206
7,1,245
7,2,84
7,6,401
7,8,396
7,9,88
7,10,65
7,11,319
7,27,105
7,28,195
7,35,454
7,40,369
7,41,331
7,44,311
7,68,12
7,75,411
7,77,382
7,84,222
7,106,341
7,111,24
7,133,97
7,227,28
7,280,124
8,6,374
8,7,396
8,17,64
8,25,436
8,91,47
8,96,204
8,135,453
8,196,402
8,250,273
8,257,561
9,6,31
9,7,88
9,10,366
9,12,164
9,18,339
9,19,291
9,20,470
9,24,395
9,34,101
9,37,221
9,40,323
9,53,185
9,99,374
9,158,440
9,162,245
9,200,520
9,296,309
10,4,217
10,5,143
10,7,65
10,9,366
10,11,230
10,12,21
10,14,419
10,18,48
10,21,574
10,23,461
10,26,350
10,34,298
10,37,510
10,62,224
10,94,427
10,147,64
10,155,139
10,254,397
11,5,443
11,6,416
11,7,319
11,10,230
11,15,533
11,16,23
11,18,574
11,20,289
11,21,275
11,22,259
11,25,293
11,35,512
11,42,216
11,48,575
11,94,413
11,98,160
11,247,22
11,260,130
11,277,227
12,4,36
12,9,164
12,10,21
12,21,128
12,22,539
12,23,42
12,24,369
12,32,133
12,41,571
12,52,65
12,75,4
12,92,183
12,192,517
12,195,221
13,1,140
13,3,53
13,5,48
13,6,151
13,17,269
13,28,555
13,34,99
13,50,175
13,70,407
13,103,258
13,120,341
13,138,124
13,160,375
13,169,388
13,300,30
14,1,404
14,3,464
14,5,257
14,10,419
14,15,13
14,16,588
14,26,24
14,30,260
14,36,282
14,63,503
14,77,592
14,170,293
14,183,230
14,212,347
14,220,226
14,240,222
15,2,64
15,11,533
15,14,13
15,17,173
15,21,139
15,23,511
15,42,364
15,96,214
15,122,261
15,188,460
15,264,297
16,4,268
16,11,23
16,14,588
16,31,199
16,36,74
16,44,464
16,49,535
16,52,533
16,54,21
16,69,552
16,86,278
16,122,160
16,178,289
16,235,72
16,268,530
16,291,596
17,2,216
17,8,64
17,13,269
17,15,173
17,26,401
17,30,140
17,39,489
17,64,36
17,75,228
17,97,147
17,116,173
17,119,335
17,172,226
17,201,126
18,9,339
18,10,48
18,11,574
18,36,364
18,65,588
18,81,290
18,99,272
18,102,193
18,150,31
18,157,127
18,166,400
18,175,324
18,181,361
18,226,502
18,241,318
18,287,54
19,4,258
19,5,388
19,9,291
19,20,83
19,27,232
19,37,63
19,42,410
19,47,218
19,74,271
19,116,103
19,168,381
20,4,57
20,9,470
20,11,289
20,19,83
20,30,598
20,36,374
20,45,572
20,56,378
20,89,510
20,91,65
21,10,574
21,11,275
21,12,128
21,15,139
21,23,429
21,50,586
21,60,358
21,96,156
21,138,491
21,152,563
22,2,197
22,3,75
22,11,259
22,12,539
22,39,141
22,45,173
22,46,502
22,56,273
22,60,389
22,82,145
22,114,73
22,117,466
22,184,167
22,233,136
22,287,428
23,10,461
23,12,42
23,15,511
23,21,429
23,24,402
23,28,575
23,35,154
23,39,156
23,40,289
23,43,579
23,46,105
23,48,98
23,78,411
23,94,418
23,177,191
23,189,586
23,191,380
23,206,419
23,225,334
23,244,80
24,4,531
24,9,395
24,12,369
24,23,402
24,25,39
24,31,462
24,45,339
24,47,145
24,62,247
24,67,183
24,93,94
24,113,26
24,116,560
24,122,79
24,137,278
24,143,586
25,6,493
25,8,436
25,11,293
25,24,39
25,31,346
25,38,496
25,43,273
25,44,459
25,52,231
25,59,375
25,73,254
25,92,263
25,101,591
25,117,73
25,170,209
25,195,559
25,261,56
25,285,52
26,5,204
26,10,350
26,14,24
26,17,401
26,27,2
26,29,235
26,33,416
26,34,211
26,46,454
26,61,46
26,62,461
26,69,329
26,82,24
26,99,433
26,109,73
26,166,412
26,267,136
27,2,597
27,7,105
27,19,232
27,26,2
27,29,431
27,38,254
27,43,11
27,63,299
27,86,569
27,90,304
27,156,300
27,180,391
27,186,410
27,223,91
27,224,366
28,7,195
28,13,555
28,23,575
28,29,365
28,51,440
28,72,91
28,83,466
28,87,33
28,95,553
28,176,161
28,201,528
28,204,89
28,221,261
28,231,78
29,6,589
29,26,235
29,27,431
29,28,365
29,59,71
29,79,150
29,114,247
29,190,17
29,236,523
30,2,233
30,14,260
30,17,140
30,20,598
30,49,369
30,72,34
30,84,596
30,231,497
31,4,436
31,16,199
31,24,462
31,25,346
31,40,444
31,41,506
31,42,509
31,55,272
31,68,495
31,97,577
31,207,548
31,284,106
32,1,334
32,6,421
32,12,133
32,33,419
32,39,438
32,47,456
32,53,496
32,84,308
32,87,185
32,160,120
32,189,521
32,254,438
33,3,255
33,26,416
33,32,419
33,51,377
33,79,7
33,89,380
33,106,577
33,247,149
34,9,101
34,10,298
34,13,99
34,26,211
34,57,297
34,64,451
34,95,398
34,115,462
34,118,24
34,123,328
34,128,161
34,272,246
35,6,398
35,7,454
35,11,512
35,23,154
35,57,95
35,75,225
35,93,347
35,148,530
35,157,89
35,181,11
35,194,169
35,211,133
35,294,502
36,14,282
36,16,74
36,18,364
36,20,374
36,38,184
36,44,418
36,52,547
36,91,138
36,108,443
36,176,571
36,179,565
36,276,550
37,1,1
37,9,221
37,10,510
37,19,63
37,38,106
37,50,264
37,58,334
37,125,212
37,173,158
37,263,207
37,269,12
38,25,496
38,27,254
38,36,184
38,37,106
38,72,507
38,95,116
38,187,34
38,190,257
38,286,428
39,17,489
39,22,141
39,23,156
39,32,438
39,46,144
39,58,464
39,68,109
39,69,556
39,148,560
39,197,569
40,7,369
40,9,323
40,23,289
40,31,444
40,71,591
40,111,511
40,121,432
40,252,72
40,263,477
41,2,498
41,7,331
41,12,571
41,31,506
41,54,442
41,55,599
41,56,430
41,84,350
41,87,13
41,92,387
41,106,347
41,126,555
41,140,459
41,153,127
41,161,389
41,203,379
41,273,377
41,285,142
42,11,216
42,15,364
42,19,410
42,31,509
42,53,204
42,57,506
42,64,70
42,93,57
42,95,504
42,112,543
42,134,106
42,210,396
42,291,430
43,4,443
43,23,579
43,25,273
43,27,11
43,86,517
43,100,524
43,136,340
43,163,440
43,177,85
43,252,512
44,7,311
44,16,464
44,25,459
44,36,418
44,47,336
44,154,10
44,155,196
44,173,93
44,192,191
44,245,562
45,20,572
45,22,173
45,24,339
45,49,162
45,59,329
45,91,170
45,113,572
45,114,40
45,125,314
45,160,546
45,222,329
45,230,296
46,22,502
46,23,105
46,26,454
46,39,144
46,71,242
46,81,163
46,97,46
46,119,584
46,128,68
46,136,597
46,256,214
47,19,218
47,24,145
47,32,456
47,44,336
47,48,277
47,60,435
47,61,124
47,100,577
47,118,352
47,205,202
47,234,217
47,262,73
48,2,584
48,11,575
48,23,98
48,47,277
48,49,386
48,59,10
48,88,383
48,100,14
48,106,233
48,170,481
49,16,535
49,30,369
49,45,162
49,48,386
49,54,266
49,56,151
49,58,477
49,63,391
49,74,90
49,83,46
49,104,76
49,151,233
49,199,523
49,293,341
49,294,241
50,6,37
50,13,175
50,21,586
50,37,264
50,51,339
50,64,489
50,72,409
50,76,453
50,83,223
50,85,341
50,129,275
50,137,3
50,140,23
50,153,595
50,165,590
50,166,408
50,204,343
50,212,243
51,3,384
51,28,440
51,33,377
51,50,339
51,57,512
51,61,196
51,104,278
51,136,523
51,139,79
51,146,280
51,161,48
51,163,290
52,12,65
52,16,533
52,25,231
52,36,547
52,71,420
52,81,520
52,113,120
52,139,490
52,143,544
52,164,447
52,171,260
52,235,29
52,286,282
52,300,28
53,3,211
53,9,185
53,32,496
53,42,204
53,68,588
53,70,452
53,80,24
53,103,440
53,110,566
53,131,223
53,134,461
53,166,386
53,173,48
53,219,292
53,269,178
54,1,182
54,16,21
54,41,442
54,49,266
54,66,462
54,74,504
54,90,402
54,117,531
54,256,139
54,290,583
55,2,201
55,31,272
55,41,599
55,65,34
55,144,359
55,151,454
55,152,582
55,167,318
55,271,157
55,293,510
56,20,378
56,22,273
56,41,430
56,49,151
56,78,427
56,141,297
56,296,324
57,34,297
57,35,95
57,42,506
57,51,512
57,58,404
57,78,52
57,101,423
57,194,370
57,197,120
58,37,334
58,39,464
58,49,477
58,57,404
58,80,504
58,107,288
58,194,497
58,244,199
58,278,339
59,25,375
59,29,71
59,45,329
59,48,10
59,65,524
59,66,99
59,113,136
59,121,505
59,151,103
59,242,300
59,288,587
59,292,556
59,298,507
60,6,345
60,21,358
60,22,389
60,47,435
60,67,312
60,73,185
60,185,35
60,187,333
61,2,462
61,26,46
61,47,124
61,51,196
61,73,173
61,100,446
61,138,567
61,146,538
61,229,485
62,10,224
62,24,247
62,26,461
62,65,220
62,101,430
62,112,262
62,227,179
63,4,22
63,14,503
63,27,299
63,49,391
63,71,132
63,235,203
63,250,142
63,258,142
64,17,36
64,34,451
64,42,70
64,50,489
64,76,279
64,157,523
65,18,588
65,55,34
65,59,524
65,62,220
65,67,589
65,69,409
65,78,289
65,88,490
65,112,330
65,144,578
65,279,431
66,6,207
66,54,462
66,59,99
66,76,124
66,128,514
66,144,537
66,145,421
66,162,545
66,175,437
66,295,513
67,4,264
67,24,183
67,60,312
67,65,589
67,70,130
67,73,330
67,85,311
67,97,349
67,131,508
67,242,378
67,251,311
67,283,254
68,7,12
68,31,495
68,39,109
68,53,588
68,79,107
68,255,314
69,16,552
69,26,329
69,39,556
69,65,409
69,79,591
69,111,179
69,141,48
69,168,297
69,188,97
69,208,11
69,224,517
69,249,305
70,2,29
70,13,407
70,53,452
70,67,130
70,74,253
70,105,483
70,119,471
70,133,173
70,142,556
71,40,591
71,46,242
71,52,420
71,63,132
71,90,117
71,98,3
71,146,488
71,147,194
71,172,11
71,201,291
72,28,91
72,30,34
72,38,507
72,50,409
72,76,78
72,180,325
72,214,312
72,276,53
73,25,254
73,60,185
73,61,173
73,67,330
73,85,403
73,105,212
73,126,5
73,252,460
73,270,43
74,19,271
74,49,90
74,54,504
74,70,253
74,77,251
74,92,399
74,131,495
74,148,156
74,174,544
75,7,411
75,12,4
75,17,228
75,35,225
75,77,476
75,85,259
75,133,135
75,175,294
75,293,385
76,50,453
76,64,279
76,66,124
76,72,78
76,81,183
76,89,442
76,90,492
76,105,550
76,123,432
76,167,491
76,177,519
76,197,168
76,226,427
76,274,326
77,7,382
77,14,592
77,74,251
77,75,476
77,153,599
77,182,212
77,208,19
77,238,105
78,23,411
78,56,427
78,57,52
78,65,289
78,83,410
78,111,82
78,130,362
78,140,455
78,216,44
78,253,499
79,29,150
79,33,7
79,68,107
79,69,591
79,80,202
79,122,169
79,160,300
79,171,101
79,222,357
80,2,47
80,53,24
80,58,504
80,79,202
80,82,301
80,104,289
80,132,175
80,167,433
80,225,217
80,283,439
81,18,290
81,46,163
81,52,520
81,76,183
81,127,159
81,184,476
81,216,432
82,22,145
82,26,24
82,80,301
82,104,189
82,232,421
82,281,137
83,28,466
83,49,46
83,50,223
83,78,410
83,98,209
83,114,165
83,156,420
83,182,386
83,199,213
83,248,236
84,7,222
84,30,596
84,32,308
84,41,350
84,139,325
84,169,564
84,172,147
84,200,443
84,213,514
84,269,389
84,281,329
84,286,121
85,50,341
85,67,311
85,73,403
85,75,259
85,115,135
85,124,313
85,140,237
85,147,209
86,2,61
86,16,278
86,27,569
86,43,517
86,109,581
86,115,47
86,161,494
86,174,297
87,1,227
87,28,33
87,32,185
87,41,13
87,124,501
87,127,593
87,205,542
87,230,480
87,234,378
88,1,272
88,3,373
88,48,383
88,65,490
88,116,181
88,202,334
88,213,595
88,220,257
89,3,300
89,20,510
89,33,380
89,76,442
89,142,197
89,144,397
89,154,179
89,222,78
89,251,379
89,255,477
90,27,304
90,54,402
90,71,117
90,76,492
90,101,285
90,227,407
90,237,81
90,275,320
91,8,47
91,20,65
91,36,138
91,45,170
91,107,263
91,181,431
91,292,315
92,12,183
92,25,263
92,41,387
92,74,399
92,93,41
92,103,185
92,152,9
92,183,1
92,184,558
93,24,94
93,35,347
93,42,57
93,92,41
93,110,402
93,124,179
93,145,112
93,193,117
93,266,599
93,290,120
94,3,513
94,10,427
94,11,413
94,23,418
94,121,596
94,169,253
94,224,472
95,28,553
95,34,398
95,38,116
95,42,504
95,109,200
95,118,108
95,129,171
95,208,403
95,217,544
95,219,333
95,274,549
96,2,355
96,8,204
96,15,214
96,21,156
96,98,472
96,99,284
96,102,424
96,130,268
96,133,88
96,138,343
96,155,225
96,174,476
96,206,583
96,215,258
96,255,287
96,294,526
97,17,147
97,31,577
97,46,46
97,67,349
97,103,310
97,119,93
97,238,447
97,248,234
97,258,592
98,11,160
98,71,3
98,83,209
98,96,472
98,107,19
98,127,406
98,209,85
98,237,266
98,239,462
99,9,374
99,18,272
99,26,433
99,96,284
99,163,109
99,189,528
99,190,521
99,239,263
99,246,301
100,43,524
100,47,577
100,48,14
100,61,446
100,156,442
100,203,388
100,229,430
100,277,50
100,281,507
101,25,591
101,57,423
101,62,430
101,90,285
101,206,484
101,277,46
101,288,535
102,1,172
102,4,574
102,18,193
102,96,424
102,110,279
102,120,101
102,146,554
103,13,258
103,53,440
103,92,185
103,97,310
104,49,76
104,51,278
104,80,289
104,82,189
104,170,266
104,195,127
104,228,332
104,257,168
105,4,263
105,70,483
105,73,212
105,76,550
105,141,34
105,218,138
105,271,410
105,293,207
106,7,341
106,33,577
106,41,347
106,48,233
106,120,295
106,123,535
106,137,130
106,181,304
106,216,439
106,219,450
106,223,525
106,245,120
106,257,340
107,58,288
107,91,263
107,98,19
107,112,293
107,120,339
107,145,99
107,231,455
107,241,578
107,249,157
108,2,339
108,4,175
108,36,443
108,289,469
109,6,519
109,26,73
109,86,581
109,95,200
109,115,83
109,132,418
109,141,41
109,159,361
109,249,424
109,265,261
110,3,497
110,53,566
110,93,402
110,102,279
110,150,151
110,185,137
110,203,135
110,221,190
110,229,477
110,260,20
111,7,24
111,40,511
111,69,179
111,78,82
111,127,570
111,186,571
111,217,533
112,42,543
112,62,262
112,65,330
112,107,293
112,154,527
112,196,475
113,24,26
113,45,572
113,52,120
113,59,136
113,118,141
113,128,300
113,154,181
113,165,234
114,22,73
114,29,247
114,45,40
114,83,165
114,200,70
114,209,574
114,218,438
114,299,273
115,34,462
115,85,135
115,86,47
115,109,83
115,117,519
115,132,27
115,137,510
116,17,173
116,19,103
116,24,560
116,88,181
116,135,551
116,147,331
116,148,504
116,159,474
116,168,311
117,22,466
117,25,73
117,54,531
117,115,519
117,171,254
117,178,153
117,201,337
117,253,454
118,34,24
118,47,352
118,95,108
118,113,141
118,124,111
118,162,231
118,213,522
118,233,461
118,234,229
118,250,6
118,260,351
118,270,69
118,298,559
118,300,178
119,17,335
119,46,584
119,70,471
119,97,93
119,136,26
119,150,284
119,242,163
119,283,409
119,286,261
120,13,341
120,102,101
120,106,295
120,107,339
120,162,589
120,264,395
121,3,438
121,40,432
121,59,505
121,94,596
121,125,496
121,164,88
121,222,269
122,15,261
122,16,160
122,24,79
122,79,169
122,142,27
122,214,210
123,34,328
123,76,432
123,106,535
123,129,567
123,193,153
124,85,313
124,87,501
124,93,179
124,118,111
124,130,4
124,142,137
124,263,471
124,265,68
124,291,102
125,37,212
125,45,314
125,121,496
125,126,388
125,282,453
126,4,445
126,41,555
126,73,5
126,125,388
126,217,396
126,245,280
126,246,523
126,261,32
127,81,159
127,87,593
127,98,406
127,111,570
127,149,307
127,159,167
128,34,161
128,46,68
128,66,514
128,113,300
128,139,313
128,256,318
129,2,475
129,50,275
129,95,171
129,123,567
129,132,161
129,135,159
129,143,89
129,183,211
129,190,297
129,230,147
129,280,124
129,297,413
130,1,209
130,78,362
130,96,268
130,124,4
130,135,134
130,157,559
130,182,72
131,5,14
131,53,223
131,67,508
131,74,495
131,229,246
131,267,4
132,80,175
132,109,418
132,115,27
132,129,161
132,167,271
132,210,265
132,243,331
133,7,97
133,70,173
133,75,135
133,96,88
133,134,275
133,194,358
133,211,374
134,1,410
134,42,106
134,53,461
134,133,275
134,238,598
135,8,453
135,116,551
135,129,159
135,130,134
135,149,315
135,191,168
135,196,376
135,292,561
136,43,340
136,46,597
136,51,523
136,119,26
136,179,446
136,186,546
136,202,199
136,239,589
136,275,96
137,24,278
137,50,3
137,106,130
137,115,510
137,158,213
138,13,124
138,21,491
138,61,567
138,96,343
138,149,524
138,187,415
138,193,105
138,244,130
138,255,49
139,51,79
139,52,490
139,84,325
139,128,313
139,143,445
139,210,163
139,233,326
140,41,459
140,50,23
140,78,455
140,85,237
140,155,223
140,172,87
140,209,486
140,228,63
141,56,297
141,69,48
141,105,34
141,109,41
142,70,556
142,89,197
142,122,27
142,124,137
142,164,477
142,184,409
142,198,466
142,205,559
143,24,586
143,52,544
143,129,89
143,139,445
143,145,190
143,178,163
143,261,477
144,55,359
144,65,578
144,66,537
144,89,397
144,199,511
144,208,34
144,265,455
145,66,421
145,93,112
145,107,99
145,143,190
145,177,356
145,246,432
146,51,280
146,61,538
146,71,488
146,102,554
146,164,206
146,195,185
147,10,64
147,71,194
147,85,209
147,116,331
147,180,330
147,199,82
147,228,518
147,247,295
147,249,458
148,35,530
148,39,560
148,74,156
148,116,504
148,168,32
148,171,172
148,202,68
148,225,220
148,237,147
149,2,359
149,127,307
149,135,315
149,138,524
149,151,373
149,153,464
149,174,102
149,178,16
150,3,169
150,18,31
150,110,151
150,119,284
150,214,49
151,49,233
151,55,454
151,59,103
151,149,373
151,211,382
151,278,372
151,300,525
152,1,137
152,21,563
152,55,582
152,92,9
152,161,526
152,173,295
152,175,284
152,179,425
152,204,485
152,240,560
152,272,14
153,41,127
153,50,595
153,77,599
153,149,464
153,241,463
153,268,42
154,44,10
154,89,179
154,112,527
154,113,181
154,163,327
154,165,521
154,188,544
154,285,75
155,10,139
155,44,196
155,96,225
155,140,223
155,198,441
155,203,191
156,6,535
156,27,300
156,83,420
156,100,442
156,185,361
156,207,115
156,218,153
156,244,370
157,18,127
157,35,89
157,64,523
157,130,559
157,158,352
157,268,230
158,9,440
158,137,213
158,157,352
158,270,35
159,5,498
159,109,361
159,116,474
159,127,167
159,180,371
159,182,462
159,221,29
159,223,547
159,228,121
159,247,264
160,13,375
160,32,120
160,45,546
160,79,300
161,41,389
161,51,48
161,86,494
161,152,526
161,169,58
162,9,245
162,66,545
162,118,231
162,120,589
162,241,427
162,251,258
162,252,478
163,43,440
163,51,290
163,99,109
163,154,327
163,209,143
163,259,340
164,52,447
164,121,88
164,142,477
164,146,206
164,179,375
164,230,519
164,256,405
165,6,342
165,50,590
165,113,234
165,154,521
166,18,400
166,26,412
166,50,408
166,53,386
166,197,441
166,248,93
166,273,236
167,55,318
167,76,491
167,80,433
167,132,271
167,191,575
167,261,60
168,19,381
168,69,297
168,116,311
168,148,32
168,254,399
168,272,12
169,13,388
169,84,564
169,94,253
169,161,58
169,269,68
169,282,89
170,14,293
170,25,209
170,48,481
170,104,266
170,279,574
170,288,254
171,52,260
171,79,101
171,117,254
171,148,172
171,189,245
172,17,226
172,71,11
172,84,147
172,140,87
172,259,467
173,37,158
173,44,93
173,53,48
173,152,295
173,236,364
173,266,555
174,74,544
174,86,297
174,96,476
174,149,102
174,176,12
174,198,27
175,18,324
175,66,437
175,75,294
175,152,284
175,176,344
175,196,464
175,204,243
175,260,146
176,28,161
176,36,571
176,174,12
176,175,344
176,214,164
176,287,206
177,23,191
177,43,85
177,76,519
177,145,356
177,215,371
177,232,515
178,16,289
178,117,153
178,143,163
178,149,16
178,202,348
178,285,536
179,36,565
179,136,446
179,152,425
179,164,375
179,212,457
180,27,391
180,72,325
180,147,330
180,159,371
180,186,149
180,216,333
180,232,200
181,18,361
181,35,11
181,91,431
181,106,304
181,193,466
181,262,368
182,77,212
182,83,386
182,130,72
182,159,462
182,198,242
182,282,61
183,5,72
183,14,230
183,92,1
183,129,211
183,192,361
184,22,167
184,81,476
184,92,558
184,142,409
184,185,217
185,60,35
185,110,137
185,156,361
185,184,217
185,218,62
186,27,410
186,111,571
186,136,546
186,180,149
186,206,378
186,274,526
186,282,67
187,4,596
187,38,34
187,60,333
187,138,415
187,191,220
187,211,256
187,275,588
188,1,524
188,15,460
188,69,97
188,154,544
189,23,586
189,32,521
189,99,528
189,171,245
189,232,394
190,29,17
190,38,257
190,99,521
190,129,297
191,23,380
191,135,168
191,167,575
191,187,220
191,213,287
192,1,475
192,12,517
192,44,191
192,183,361
192,210,500
193,93,117
193,123,153
193,138,105
193,181,466
193,200,386
193,258,411
194,35,169
194,57,370
194,58,497
194,133,358
194,277,201
194,283,9
194,287,52
195,12,221
195,25,559
195,104,127
195,146,185
195,215,544
195,234,352
196,8,402
196,112,475
196,135,376
196,175,464
196,270,1
197,39,569
197,57,120
197,76,168
197,166,441
197,207,45
197,274,114
197,284,7
198,142,466
198,155,441
198,174,27
198,182,242
198,220,518
199,49,523
199,83,213
199,144,511
199,147,82
200,9,520
200,84,443
200,114,70
200,193,386
200,223,104
200,298,337
200,299,527
201,17,126
201,28,528
201,71,291
201,117,337
201,246,304
201,262,593
202,88,334
202,136,199
202,148,68
202,178,348
203,41,379
203,100,388
203,110,135
203,155,191
203,217,115
203,233,340
203,242,506
203,280,198
204,28,89
204,50,343
204,152,485
204,175,243
204,263,190
204,276,159
205,1,411
205,47,202
205,87,542
205,142,559
205,219,217
205,226,159
205,227,220
206,23,419
206,96,583
206,101,484
206,186,378
207,5,499
207,31,548
207,156,115
207,197,45
208,69,11
208,77,19
208,95,403
208,144,34
209,98,85
209,114,574
209,140,486
209,163,143
209,212,399
210,42,396
210,132,265
210,139,163
210,192,500
210,215,582
211,35,133
211,133,374
211,151,382
211,187,256
211,220,304
211,245,255
212,14,347
212,50,243
212,179,457
212,209,399
212,221,183
213,84,514
213,88,595
213,118,522
213,191,287
213,240,190
213,254,29
214,72,312
214,122,210
214,150,49
214,176,164
214,288,136
215,96,258
215,177,371
215,195,544
215,210,582
215,289,188
216,78,44
216,81,432
216,106,439
216,180,333
216,259,243
217,95,544
217,111,533
217,126,396
217,203,115
217,225,24
218,105,138
218,114,438
218,156,153
218,185,62
218,271,263
219,53,292
219,95,333
219,106,450
219,205,217
219,273,220
219,284,196
220,14,226
220,88,257
220,198,518
220,211,304
221,28,261
221,110,190
221,159,29
221,212,183
221,236,335
221,243,534
222,45,329
222,79,357
222,89,78
222,121,269
222,240,282
222,266,20
222,267,492
223,27,91
223,106,525
223,159,547
223,200,104
223,224,71
223,226,586
224,27,366
224,69,517
224,94,472
224,223,71
224,250,543
224,253,7
224,268,86
224,297,245
225,23,334
225,80,217
225,148,220
225,217,24
226,18,502
226,76,427
226,205,159
226,223,586
226,231,459
226,290,53
227,7,28
227,62,179
227,90,407
227,205,220
227,243,597
227,273,58
228,104,332
228,140,63
228,147,518
228,159,121
228,237,98
229,61,485
229,100,430
229,110,477
229,131,246
229,243,561
230,45,296
230,87,480
230,129,147
230,164,519
230,299,351
231,28,78
231,30,497
231,107,455
231,226,459
232,82,421
232,177,515
232,180,200
232,189,394
232,236,539
233,22,136
233,118,461
233,139,326
233,203,340
233,238,185
234,47,217
234,87,378
234,118,229
234,195,352
234,275,353
235,6,206
235,16,72
235,52,29
235,63,203
235,264,385
235,296,198
236,29,523
236,173,364
236,221,335
236,232,539
237,90,81
237,98,266
237,148,147
237,228,98
237,262,488
237,272,592
238,77,105
238,97,447
238,134,598
238,233,185
238,264,458
239,1,505
239,98,462
239,99,263
239,136,589
239,259,358
239,278,263
240,14,222
240,152,560
240,213,190
240,222,282
240,279,463
241,18,318
241,107,578
241,153,463
241,162,427
241,253,6
242,59,300
242,67,378
242,119,163
242,203,506
243,132,331
243,221,534
243,227,597
243,229,561
244,23,80
244,58,199
244,138,130
244,156,370
245,44,562
245,106,120
245,126,280
245,211,255
246,99,301
246,126,523
246,145,432
246,201,304
247,11,22
247,33,149
247,147,295
247,159,264
247,284,350
248,1,564
248,83,236
248,97,234
248,166,93
248,279,399
249,69,305
249,107,157
249,109,424
249,147,458
250,8,273
250,63,142
250,118,6
250,224,543
251,67,311
251,89,379
251,162,258
251,258,96
252,40,72
252,43,512
252,73,460
252,162,478
253,78,499
253,117,454
253,224,7
253,241,6
254,10,397
254,32,438
254,168,399
254,213,29
254,271,594
255,68,314
255,89,477
255,96,287
255,138,49
256,46,214
256,54,139
256,128,318
256,164,405
256,278,52
256,295,128
257,8,561
257,104,168
257,106,340
257,295,79
258,63,142
258,97,592
258,193,411
258,251,96
259,163,340
259,172,467
259,216,243
259,239,358
259,266,245
260,11,130
260,110,20
260,118,351
260,175,146
261,25,56
261,126,32
261,143,477
261,167,60
262,47,73
262,181,368
262,201,593
262,237,488
262,267,256
263,37,207
263,40,477
263,124,471
263,204,190
264,15,297
264,120,395
264,235,385
264,238,458
265,2,509
265,109,261
265,124,68
265,144,455
266,93,599
266,173,555
266,222,20
266,259,245
266,280,112
267,26,136
267,131,4
267,222,492
267,262,256
268,16,530
268,153,42
268,157,230
268,224,86
268,289,138
269,37,12
269,53,178
269,84,389
269,169,68
269,295,265
270,73,43
270,118,69
270,158,35
270,196,1
271,55,157
271,105,410
271,218,263
271,254,594
271,281,201
271,289,371
271,291,302
272,34,246
272,152,14
272,168,12
272,237,592
273,41,377
273,166,236
273,219,220
273,227,58
274,76,326
274,95,549
274,186,526
274,197,114
275,90,320
275,136,96
275,187,588
275,234,353
275,299,196
276,36,550
276,72,53
276,204,159
277,11,227
277,100,50
277,101,46
277,194,201
278,58,339
278,151,372
278,239,263
278,256,52
279,65,431
279,170,574
279,240,463
279,248,399
280,7,124
280,129,124
280,203,198
280,266,112
280,292,180
280,297,199
281,82,137
281,84,329
281,100,507
281,271,201
282,125,453
282,169,89
282,182,61
282,186,67
283,67,254
283,80,439
283,119,409
283,194,9
283,290,413
283,297,561
284,31,106
284,197,7
284,219,196
284,247,350
285,25,52
285,41,142
285,154,75
285,178,536
286,38,428
286,52,282
286,84,121
286,119,261
287,18,54
287,22,428
287,176,206
287,194,52
288,59,587
288,101,535
288,170,254
288,214,136
289,108,469
289,215,188
289,268,138
289,271,371
290,54,583
290,93,120
290,226,53
290,283,413
291,16,596
291,42,430
291,124,102
291,271,302
291,296,423
292,59,556
292,91,315
292,135,561
292,280,180
293,49,341
293,55,510
293,75,385
293,105,207
294,4,295
294,35,502
294,49,241
294,96,526
295,66,513
295,256,128
295,257,79
295,269,265
296,9,309
296,56,324
296,235,198
296,291,423
296,298,285
297,129,413
297,224,245
297,280,199
297,283,561
298,59,507
298,118,559
298,200,337
298,296,285
299,114,273
299,200,527
299,230,351
299,275,196
300,13,30
300,52,28
300,118,178
300,151,525
