source,target,weight
1,2,391
1,3,256
1,4,428
1,5,558
1,6,153
1,9,259
1,11,310
1,12,252
1,17,430
1,19,476
1,21,37
1,22,488
1,23,142
1,24,60
1,26,465
1,27,286
1,28,296
1,29,58
1,30,108
1,31,137
1,32,585
1,33,483
1,34,599
1,35,267
1,36,35
1,37,56
1,38,208
1,40,140
1,41,135
1,48,591
1,50,306
1,52,507
1,53,261
1,54,303
1,55,583
1,57,415
1,58,568
1,61,342
1,66,421
1,69,547
1,72,176
1,73,283
1,75,292
1,76,461
1,77,594
1,78,219
1,79,373
1,83,131
1,84,255
1,85,113
1,86,246
1,89,359
1,90,418
1,91,567
1,93,445
1,97,370
1,101,32
1,102,419
1,104,228
1,106,312
1,107,490
1,108,572
1,112,92
1,122,528
1,127,492
1,131,579
1,136,221
1,138,14
1,142,197
1,145,575
1,151,432
1,154,581
1,160,589
1,167,494
1,170,172
1,174,424
1,175,412
1,181,65
1,183,9
1,203,480
1,228,176
1,231,333
1,243,129
1,244,490
1,245,56
1,251,511
1,253,395
1,269,36
1,277,333
1,282,336
1,283,390
1,285,291
1,287,149
1,288,12
1,289,580
1,290,346
2,1,391
2,5,382
2,6,508
2,7,584
2,8,315
2,9,302
2,10,81
2,11,230
2,12,533
2,15,287
2,16,66
2,17,343
2,18,356
2,21,167
2,22,519
2,23,198
2,24,40
2,29,410
2,30,522
2,31,574
2,32,515
2,33,278
2,34,22
2,35,191
2,36,465
2,41,57
2,43,167
2,44,408
2,45,450
2,47,411
2,49,77
2,53,184
2,56,525
2,57,121
2,60,247
2,61,240
2,64,335
2,65,29
2,66,461
2,69,322
2,70,171
2,71,560
2,72,414
2,74,533
2,76,381
2,77,310
2,79,378
2,80,69
2,90,35
2,102,488
2,104,486
2,105,65
2,106,370
2,113,470
2,115,434
2,118,403
2,119,67
2,121,536
2,122,306
2,128,540
2,129,103
2,130,164
2,132,131
2,134,312
2,135,229
2,136,301
2,141,222
2,150,22
2,151,562
2,152,418
2,158,257
2,159,236
2,160,547
2,162,76
2,166,378
2,168,201
2,169,529
2,172,573
2,173,431
2,174,328
2,184,101
2,189,250
2,200,290
2,211,12
2,221,568
2,229,344
2,237,68
2,245,147
2,255,381
2,270,539
2,274,368
2,276,567
2,277,372
2,284,318
2,285,401
2,290,598
3,1,256
3,4,151
3,5,487
3,6,122
3,7,85
3,8,145
3,10,267
3,12,272
3,14,357
3,15,580
3,16,345
3,17,440
3,18,31
3,19,198
3,22,543
3,23,569
3,25,141
3,26,348
3,27,201
3,28,567
3,32,278
3,35,540
3,36,296
3,37,74
3,38,253
3,40,371
3,41,564
3,43,467
3,44,563
3,45,369
3,46,584
3,50,375
3,51,95
3,57,245
3,62,441
3,65,25
3,68,225
3,71,225
3,72,168
3,73,10
3,74,552
3,75,363
3,82,27
3,84,80
3,86,313
3,87,592
3,88,554
3,89,482
3,92,496
3,95,366
3,102,291
3,107,503
3,108,344
3,115,293
3,116,502
3,121,490
3,123,21
3,124,580
3,128,145
3,129,230
3,130,43
3,133,92
3,134,464
3,140,121
3,144,247
3,153,26
3,157,413
3,158,575
3,167,201
3,186,231
3,187,270
3,191,129
3,196,214
3,201,385
3,203,261
3,209,115
3,214,469
3,216,384
3,218,427
3,219,176
3,220,291
3,233,65
3,235,133
3,239,363
3,254,279
3,258,11
3,266,121
3,267,76
3,269,84
3,270,49
4,1,428
4,3,151
4,6,308
4,7,566
4,9,107
4,10,251
4,11,356
4,12,9
4,13,585
4,14,600
4,15,543
4,16,322
4,18,159
4,19,392
4,21,14
4,23,175
4,25,466
4,27,430
4,28,395
4,31,469
4,33,318
4,34,404
4,35,6
4,36,261
4,37,27
4,38,55
4,40,429
4,41,324
4,44,218
4,48,236
4,49,408
4,52,47
4,53,365
4,54,514
4,56,196
4,58,436
4,59,557
4,62,14
4,65,255
4,66,400
4,67,473
4,70,3
4,73,140
4,74,194
4,81,38
4,82,180
4,89,105
4,92,302
4,95,235
4,96,27
4,99,46
4,102,408
4,103,223
4,108,492
4,115,221
4,118,152
4,123,98
4,126,428
4,129,145
4,136,554
4,138,51
4,139,179
4,141,578
4,146,127
4,148,168
4,149,412
4,155,256
4,161,556
4,168,463
4,177,290
4,179,300
4,187,393
4,193,259
4,199,341
4,200,253
4,204,437
4,218,129
4,219,558
4,255,276
4,264,470
4,293,416
4,296,98
5,1,558
5,2,382
5,3,487
5,8,98
5,10,463
5,12,219
5,13,470
5,14,430
5,18,273
5,19,105
5,20,399
5,22,565
5,24,520
5,25,44
5,27,84
5,28,134
5,29,165
5,30,573
5,31,308
5,36,194
5,37,536
5,38,436
5,40,345
5,41,377
5,42,386
5,43,223
5,45,165
5,46,396
5,49,208
5,51,500
5,55,77
5,57,348
5,60,345
5,61,593
5,63,109
5,64,21
5,66,87
5,68,245
5,69,118
5,71,370
5,73,442
5,79,426
5,80,257
5,82,330
5,83,218
5,89,487
5,90,241
5,91,482
5,94,298
5,95,250
5,97,504
5,106,429
5,107,292
5,109,23
5,114,209
5,116,585
5,117,74
5,119,262
5,120,298
5,121,592
5,122,283
5,127,498
5,128,404
5,129,599
5,131,341
5,134,523
5,135,48
5,137,23
5,138,90
5,139,230
5,142,45
5,146,575
5,152,366
5,156,531
5,159,371
5,164,436
5,168,23
5,169,119
5,177,576
5,183,173
5,184,389
5,186,190
5,191,93
5,194,247
5,199,530
5,204,138
5,206,561
5,212,6
5,216,17
5,218,311
5,227,10
5,228,271
5,231,160
5,232,1
5,239,100
5,240,448
5,249,507
5,271,498
5,276,311
5,277,352
5,279,122
5,293,140
5,294,269
5,300,560
6,1,153
6,2,508
6,3,122
6,4,308
6,7,218
6,8,236
6,9,506
6,10,465
6,12,396
6,13,406
6,14,158
6,15,344
6,20,14
6,23,277
6,24,500
6,29,323
6,36,285
6,37,559
6,38,574
6,40,386
6,42,334
6,43,533
6,45,190
6,46,250
6,47,216
6,49,129
6,52,418
6,54,27
6,55,286
6,56,19
6,58,522
6,59,576
6,60,285
6,61,317
6,63,515
6,64,448
6,66,278
6,67,560
6,69,7
6,71,113
6,76,532
6,77,127
6,78,596
6,79,508
6,80,453
6,81,202
6,86,363
6,87,262
6,88,274
6,89,11
6,92,107
6,95,532
6,101,84
6,105,434
6,108,432
6,109,289
6,110,90
6,113,554
6,117,299
6,124,518
6,125,467
6,127,376
6,131,522
6,134,259
6,137,137
6,140,321
6,155,558
6,157,291
6,161,350
6,172,504
6,174,389
6,179,65
6,181,161
6,195,167
6,198,356
6,213,206
6,218,341
6,219,231
6,220,523
6,223,493
6,224,495
6,229,412
6,231,413
6,236,283
6,248,201
6,261,279
6,298,91
7,2,584
7,3,85
7,4,566
7,6,218
7,11,272
7,13,443
7,14,134
7,16,350
7,17,545
7,18,483
7,19,53
7,20,132
7,21,138
7,22,557
7,23,346
7,24,587
7,25,125
7,26,159
7,27,476
7,28,227
7,29,360
7,30,239
7,32,325
7,33,3
7,34,133
7,35,580
7,36,520
7,39,292
7,44,25
7,45,569
7,48,439
7,49,70
7,50,307
7,51,163
7,52,210
7,55,61
7,56,587
7,60,76
7,61,286
7,66,172
7,67,360
7,68,11
7,70,388
7,72,154
7,73,319
7,74,374
7,76,180
7,79,287
7,81,395
7,83,548
7,84,119
7,85,151
7,88,564
7,91,589
7,93,559
7,94,583
7,97,462
7,103,280
7,106,366
7,107,238
7,108,528
7,109,98
7,110,295
7,112,72
7,128,354
7,129,441
7,133,361
7,135,411
7,139,567
7,149,222
7,150,284
7,152,302
7,159,107
7,164,266
7,168,62
7,173,33
7,177,174
7,191,519
7,192,505
7,201,277
7,209,256
7,216,328
7,226,87
7,242,243
7,245,466
7,246,218
7,253,266
7,259,486
7,282,305
7,285,117
7,287,133
7,288,306
7,295,2
7,300,550
8,2,315
8,3,145
8,5,98
8,6,236
8,10,154
8,15,87
8,16,73
8,17,13
8,18,268
8,21,396
8,22,440
8,25,289
8,26,275
8,27,428
8,29,126
8,30,343
8,32,19
8,33,403
8,34,528
8,35,527
8,36,345
8,37,297
8,38,144
8,39,565
8,40,403
8,41,47
8,43,345
8,45,91
8,46,212
8,49,196
8,53,568
8,57,502
8,58,344
8,59,159
8,60,517
8,61,394
8,62,585
8,67,300
8,68,68
8,69,457
8,75,375
8,77,39
8,78,284
8,79,278
8,84,78
8,92,562
8,96,74
8,101,464
8,105,269
8,115,529
8,119,592
8,121,223
8,125,103
8,130,82
8,136,15
8,146,321
8,147,319
8,152,338
8,155,197
8,156,386
8,157,185
8,165,302
8,167,412
8,175,240
8,184,254
8,199,519
8,202,381
8,204,61
8,212,417
8,221,324
8,232,408
8,233,280
8,234,38
8,236,495
8,241,181
8,245,572
8,262,223
8,268,381
8,269,144
8,271,239
8,277,281
8,284,549
8,291,539
8,295,480
8,296,448
9,1,259
9,2,302
9,4,107
9,6,506
9,11,40
9,12,598
9,13,8
9,14,32
9,16,152
9,17,495
9,18,446
9,19,137
9,25,373
9,26,483
9,29,47
9,30,48
9,31,122
9,32,235
9,33,33
9,36,161
9,37,589
9,38,249
9,39,233
9,43,63
9,44,286
9,48,265
9,51,396
9,52,282
9,53,167
9,54,536
9,56,132
9,59,143
9,62,467
9,64,64
9,69,162
9,72,315
9,73,228
9,74,176
9,76,145
9,81,359
9,82,568
9,84,272
9,87,402
9,90,233
9,92,397
9,93,541
9,98,73
9,100,249
9,103,573
9,104,51
9,111,192
9,112,15
9,114,307
9,116,397
9,118,491
9,120,404
9,133,43
9,134,366
9,137,196
9,139,336
9,140,493
9,141,257
9,143,161
9,147,343
9,150,161
9,160,354
9,163,523
9,165,230
9,166,265
9,174,507
9,182,36
9,191,435
9,198,586
9,203,291
9,209,3
9,215,257
9,220,312
9,224,28
9,233,462
9,234,8
9,268,25
9,269,586
9,278,225
9,280,457
9,290,95
9,292,548
9,295,54
10,2,81
10,3,267
10,4,251
10,5,463
10,6,465
10,8,154
10,11,205
10,13,260
10,14,312
10,15,131
10,17,45
10,19,308
10,21,243
10,22,510
10,24,106
10,25,315
10,28,204
10,29,465
10,31,16
10,34,438
10,37,76
10,38,94
10,41,537
10,42,455
10,43,485
10,45,300
10,48,133
10,50,77
10,51,305
10,52,296
10,54,505
10,57,168
10,58,249
10,59,301
10,60,74
10,68,349
10,71,35
10,75,94
10,78,537
10,79,375
10,80,196
10,81,196
10,86,423
10,89,480
10,91,192
10,92,106
10,95,132
10,96,343
10,98,83
10,105,167
10,106,238
10,107,387
10,108,596
10,109,512
10,113,278
10,115,26
10,116,167
10,119,521
10,120,327
10,122,362
10,129,148
10,138,107
10,140,227
10,145,207
10,147,53
10,148,540
10,151,251
10,155,188
10,156,290
10,170,418
10,172,258
10,185,229
10,189,225
10,191,98
10,196,146
10,199,70
10,200,424
10,205,79
10,208,321
10,217,104
10,220,478
10,226,503
10,234,109
10,236,435
10,240,464
10,255,432
10,262,168
10,263,570
10,266,169
10,277,31
10,286,105
10,290,385
10,291,495
10,293,234
11,1,310
11,2,230
11,4,356
11,7,272
11,9,40
11,10,205
11,13,508
11,15,57
11,18,476
11,19,41
11,20,117
11,21,300
11,22,359
11,23,437
11,25,447
11,26,306
11,29,551
11,30,432
11,32,568
11,33,337
11,35,580
11,36,15
11,37,554
11,38,287
11,39,522
11,40,485
11,42,322
11,43,522
11,46,464
11,47,162
11,48,130
11,50,140
11,51,473
11,52,368
11,55,215
11,56,172
11,57,102
11,58,511
11,60,348
11,61,130
11,63,586
11,64,285
11,65,491
11,66,417
11,68,18
11,69,95
11,71,116
11,74,239
11,80,168
11,88,319
11,90,289
11,98,414
11,100,241
11,102,9
11,104,173
11,105,67
11,111,465
11,124,82
11,126,363
11,136,147
11,140,285
11,144,328
11,153,587
11,172,575
11,182,37
11,189,84
11,195,424
11,204,458
11,206,139
11,218,495
11,222,185
11,225,453
11,239,505
11,247,335
11,248,394
11,257,387
11,274,248
11,275,416
11,277,190
11,290,80
11,292,194
12,1,252
12,2,533
12,3,272
12,4,9
12,5,219
12,6,396
12,9,598
12,13,44
12,15,42
12,16,551
12,17,354
12,18,257
12,19,234
12,20,398
12,23,172
12,24,428
12,25,367
12,26,91
12,27,249
12,30,63
12,31,368
12,33,22
12,34,229
12,35,379
12,37,372
12,38,237
12,39,508
12,40,351
12,44,551
12,47,358
12,49,588
12,50,106
12,51,346
12,52,441
12,55,267
12,56,359
12,59,186
12,60,212
12,63,269
12,66,535
12,67,464
12,70,413
12,73,82
12,74,501
12,75,394
12,79,103
12,82,305
12,88,379
12,90,278
12,94,490
12,95,543
12,98,244
12,102,193
12,103,278
12,110,154
12,113,50
12,114,361
12,126,80
12,128,95
12,131,508
12,133,428
12,139,467
12,143,29
12,145,533
12,148,81
12,149,69
12,152,138
12,156,402
12,160,414
12,164,518
12,168,24
12,169,474
12,181,443
12,188,350
12,199,264
12,200,145
12,205,519
12,206,489
12,216,187
12,222,344
12,223,351
12,231,330
12,241,106
12,242,579
12,244,395
12,245,257
12,247,557
12,248,511
12,256,13
12,261,572
12,263,157
12,273,54
12,277,304
12,281,351
12,286,541
12,288,311
12,291,566
12,299,301
13,4,585
13,5,470
13,6,406
13,7,443
13,9,8
13,10,260
13,11,508
13,12,44
13,14,295
13,15,359
13,16,79
13,18,16
13,20,295
13,22,263
13,23,308
13,25,262
13,28,575
13,29,529
13,31,311
13,34,292
13,35,223
13,36,180
13,38,528
13,40,126
13,41,513
13,42,289
13,44,352
13,45,501
13,47,16
13,49,551
13,51,287
13,52,510
13,53,540
13,54,411
13,55,571
13,56,255
13,57,579
13,58,291
13,59,193
13,61,508
13,63,597
13,64,51
13,66,91
13,70,154
13,72,127
13,76,384
13,85,141
13,88,314
13,90,515
13,92,355
13,93,173
13,95,230
13,97,487
13,98,298
13,101,36
13,102,96
13,106,183
13,110,297
13,111,378
13,114,473
13,117,54
13,119,254
13,121,179
13,123,407
13,125,42
13,128,57
13,131,437
13,135,405
13,137,6
13,143,139
13,147,75
13,149,348
13,153,151
13,154,545
13,155,71
13,156,557
13,166,439
13,172,58
13,174,442
13,179,429
13,182,251
13,183,45
13,190,500
13,193,235
13,204,251
13,208,449
13,210,575
13,215,390
13,218,139
13,222,232
13,225,225
13,228,157
13,234,16
13,241,371
13,253,4
13,261,432
13,262,304
13,264,280
13,266,574
13,267,41
13,269,324
13,272,268
13,278,152
13,279,391
13,282,576
13,294,501
14,3,357
14,4,600
14,5,430
14,6,158
14,7,134
14,9,32
14,10,312
14,13,295
14,15,294
14,16,93
14,17,329
14,18,328
14,19,561
14,20,539
14,21,433
14,23,98
14,24,52
14,25,275
14,26,585
14,27,598
14,28,111
14,29,61
14,30,310
14,31,221
14,32,589
14,33,128
14,35,319
14,36,87
14,37,575
14,38,418
14,40,160
14,41,67
14,42,326
14,43,71
14,45,231
14,46,546
14,47,450
14,49,531
14,51,412
14,54,457
14,55,423
14,56,571
14,57,421
14,58,478
14,59,13
14,60,214
14,61,578
14,62,115
14,64,421
14,67,91
14,72,9
14,73,292
14,76,360
14,79,345
14,82,391
14,84,577
14,85,531
14,86,534
14,89,208
14,92,162
14,93,498
14,94,24
14,98,106
14,103,476
14,105,11
14,106,313
14,107,161
14,110,365
14,112,149
14,115,272
14,116,216
14,120,61
14,131,37
14,133,157
14,140,67
14,147,135
14,149,504
14,155,288
14,168,438
14,181,463
14,192,223
14,200,236
14,202,163
14,210,491
14,226,356
14,228,322
14,232,426
14,242,550
14,254,249
14,256,499
14,257,306
14,263,532
14,265,469
14,269,192
14,277,501
14,279,535
14,281,579
14,285,551
14,296,361
15,2,287
15,3,580
15,4,543
15,6,344
15,8,87
15,10,131
15,11,57
15,12,42
15,13,359
15,14,294
15,17,367
15,18,85
15,19,422
15,22,232
15,23,256
15,24,89
15,27,221
15,30,425
15,31,256
15,32,357
15,33,274
15,35,447
15,37,523
15,39,100
15,40,39
15,41,352
15,42,47
15,44,203
15,46,326
15,47,45
15,48,450
15,49,361
15,50,303
15,54,376
15,56,587
15,59,134
15,62,46
15,63,282
15,64,278
15,66,483
15,69,278
15,74,33
15,76,369
15,78,235
15,79,153
15,83,517
15,89,166
15,90,62
15,98,178
15,99,238
15,100,420
15,101,449
15,103,203
15,106,251
15,109,168
15,110,41
15,116,487
15,125,375
15,127,480
15,130,21
15,133,76
15,145,540
15,147,75
15,148,572
15,153,88
15,156,538
15,160,139
15,167,353
15,174,513
15,175,425
15,176,374
15,179,431
15,186,85
15,188,48
15,198,404
15,207,582
15,212,240
15,220,416
15,225,414
15,226,126
15,243,267
15,249,84
15,251,316
15,256,552
15,257,562
15,263,376
15,270,228
15,275,1
15,282,316
15,290,589
15,292,34
16,2,66
16,3,345
16,4,322
16,7,350
16,8,73
16,9,152
16,12,551
16,13,79
16,14,93
16,17,162
16,18,225
16,19,482
16,20,407
16,21,7
16,23,375
16,24,155
16,27,85
16,28,66
16,29,293
16,30,487
16,31,388
16,32,554
16,34,110
16,37,188
16,40,221
16,41,217
16,42,438
16,45,184
16,46,191
16,47,426
16,48,439
16,53,134
16,54,84
16,62,57
16,64,196
16,65,590
16,72,557
16,74,264
16,75,580
16,78,211
16,81,126
16,82,222
16,87,440
16,91,130
16,92,562
16,101,204
16,103,396
16,108,487
16,110,514
16,111,36
16,113,541
16,115,397
16,117,508
16,127,143
16,132,362
16,134,420
16,136,39
16,138,229
16,139,307
16,142,356
16,143,485
16,147,390
16,151,281
16,152,380
16,155,576
16,158,508
16,159,202
16,161,488
16,166,467
16,169,34
16,172,260
16,175,421
16,184,417
16,186,289
16,190,151
16,192,427
16,193,62
16,199,158
16,208,99
16,223,540
16,247,200
16,251,233
16,262,164
16,271,197
16,272,501
16,274,104
16,281,425
16,283,62
16,284,69
16,286,268
16,299,51
17,1,430
17,2,343
17,3,440
17,7,545
17,8,13
17,9,495
17,10,45
17,12,354
17,14,329
17,15,367
17,16,162
17,18,509
17,19,501
17,20,150
17,21,376
17,22,187
17,23,447
17,24,328
17,25,64
17,26,569
17,27,491
17,28,575
17,29,71
17,31,407
17,34,201
17,35,94
17,36,236
17,38,226
17,40,534
17,41,412
17,44,101
17,46,481
17,47,558
17,48,50
17,50,217
17,52,182
17,54,77
17,57,144
17,60,282
17,63,166
17,65,537
17,66,342
17,70,572
17,76,356
17,78,145
17,79,496
17,84,427
17,85,372
17,87,260
17,88,139
17,89,477
17,94,61
17,97,413
17,98,122
17,100,556
17,102,364
17,108,57
17,113,152
17,118,2
17,126,254
17,127,223
17,128,205
17,134,103
17,138,310
17,142,328
17,144,200
17,149,77
17,153,162
17,155,309
17,161,237
17,174,317
17,183,579
17,187,143
17,192,181
17,197,454
17,208,295
17,209,101
17,212,345
17,214,559
17,217,97
17,221,49
17,222,33
17,238,212
17,239,567
17,243,360
17,245,430
17,256,136
17,262,380
17,268,215
17,280,548
17,282,449
17,284,458
17,285,159
17,299,435
18,2,356
18,3,31
18,4,159
18,5,273
18,7,483
18,8,268
18,9,446
18,11,476
18,12,257
18,13,16
18,14,328
18,15,85
18,16,225
18,17,509
18,19,79
18,21,315
18,22,222
18,23,28
18,24,552
18,25,110
18,26,256
18,29,476
18,31,549
18,33,218
18,34,356
18,35,382
18,37,442
18,39,192
18,40,586
18,41,146
18,42,362
18,43,74
18,44,369
18,45,302
18,46,321
18,49,451
18,51,183
18,52,498
18,53,481
18,55,514
18,58,251
18,64,435
18,66,263
18,67,153
18,76,214
18,80,35
18,81,497
18,82,281
18,87,3
18,89,176
18,91,220
18,94,586
18,97,393
18,98,351
18,99,322
18,102,492
18,103,518
18,105,70
18,107,131
18,109,373
18,110,471
18,114,285
18,117,285
18,119,483
18,126,565
18,128,541
18,129,212
18,132,214
18,142,456
18,143,294
18,146,78
18,151,555
18,169,502
18,170,49
18,172,353
18,185,462
18,187,588
18,190,338
18,199,165
18,206,486
18,209,392
18,210,194
18,211,251
18,213,116
18,231,46
18,240,85
18,251,145
18,254,41
18,258,236
18,261,178
18,269,166
18,297,487
18,299,426
19,1,476
19,3,198
19,4,392
19,5,105
19,7,53
19,9,137
19,10,308
19,11,41
19,12,234
19,14,561
19,15,422
19,16,482
19,17,501
19,18,79
19,20,120
19,21,467
19,22,436
19,23,290
19,24,438
19,25,534
19,26,484
19,28,561
19,29,5
19,30,171
19,31,81
19,33,419
19,34,361
19,35,598
19,38,33
19,39,385
19,41,288
19,42,12
19,43,490
19,46,534
19,47,10
19,49,25
19,50,63
19,51,236
19,52,459
19,53,130
19,54,573
19,55,175
19,57,461
19,58,246
19,61,588
19,62,392
19,64,311
19,65,225
19,66,327
19,72,101
19,73,275
19,75,565
19,78,305
19,80,255
19,81,437
19,83,126
19,86,303
19,89,376
19,90,437
19,91,359
19,93,25
19,94,318
19,95,68
19,96,508
19,98,426
19,100,283
19,101,487
19,102,352
19,103,144
19,105,277
19,109,326
19,114,560
19,116,228
19,119,512
19,124,515
19,125,225
19,129,90
19,133,271
19,137,422
19,146,96
19,147,430
19,160,514
19,162,569
19,166,118
19,178,594
19,181,175
19,185,214
19,202,56
19,204,245
19,207,567
19,208,372
19,209,105
19,223,456
19,236,191
19,238,96
19,250,136
19,256,20
19,264,546
19,267,407
19,271,496
19,277,346
19,290,211
19,292,140
19,295,93
20,5,399
20,6,14
20,7,132
20,11,117
20,12,398
20,13,295
20,14,539
20,16,407
20,17,150
20,19,120
20,22,410
20,25,129
20,26,205
20,30,161
20,35,486
20,38,54
20,41,297
20,42,162
20,46,84
20,49,162
20,50,377
20,51,118
20,52,424
20,53,50
20,56,191
20,57,162
20,59,407
20,61,447
20,62,116
20,69,147
20,70,18
20,73,457
20,80,325
20,82,303
20,85,183
20,90,348
20,96,272
20,102,47
20,109,492
20,112,462
20,113,5
20,114,495
20,119,52
20,120,310
20,121,128
20,126,189
20,127,123
20,129,112
20,135,372
20,136,518
20,142,250
20,144,68
20,147,132
20,152,153
20,156,255
20,159,25
20,163,25
20,167,375
20,169,122
20,171,85
20,172,48
20,177,166
20,191,216
20,192,150
20,194,246
20,197,396
20,204,368
20,205,498
20,211,175
20,212,148
20,230,192
20,233,520
20,249,205
20,252,57
20,254,570
20,265,431
20,268,196
20,269,539
20,284,232
20,285,352
20,300,246
21,1,37
21,2,167
21,4,14
21,7,138
21,8,396
21,10,243
21,11,300
21,14,433
21,16,7
21,17,376
21,18,315
21,19,467
21,24,7
21,25,95
21,26,165
21,27,582
21,28,262
21,31,198
21,34,304
21,35,573
21,36,35
21,39,376
21,42,594
21,44,402
21,46,528
21,48,243
21,50,399
21,55,158
21,62,7
21,63,485
21,66,311
21,72,465
21,74,446
21,75,64
21,77,146
21,78,295
21,80,450
21,85,80
21,87,575
21,93,263
21,96,554
21,98,384
21,101,478
21,103,419
21,107,382
21,112,118
21,115,193
21,120,49
21,122,520
21,129,30
21,139,267
21,141,268
21,142,67
21,149,180
21,150,227
21,151,7
21,157,311
21,161,425
21,162,376
21,165,532
21,169,438
21,172,245
21,173,446
21,179,38
21,183,518
21,186,425
21,191,155
21,193,376
21,196,350
21,203,401
21,210,20
21,217,157
21,230,290
21,242,343
21,252,219
21,257,231
21,262,532
21,273,527
21,274,204
22,1,488
22,2,519
22,3,543
22,5,565
22,7,557
22,8,440
22,10,510
22,11,359
22,13,263
22,15,232
22,17,187
22,18,222
22,19,436
22,20,410
22,24,188
22,25,469
22,27,419
22,28,556
22,29,379
22,31,449
22,32,14
22,33,224
22,34,393
22,37,197
22,38,463
22,39,410
22,42,170
22,43,560
22,44,186
22,45,81
22,49,522
22,51,276
22,52,399
22,53,218
22,54,425
22,55,304
22,56,127
22,58,457
22,61,533
22,63,453
22,65,129
22,68,408
22,71,310
22,72,514
22,75,354
22,77,280
22,79,301
22,81,27
22,85,475
22,86,536
22,87,52
22,89,571
22,91,80
22,93,563
22,94,370
22,101,363
22,104,472
22,105,114
22,106,511
22,108,108
22,112,404
22,118,57
22,121,451
22,123,415
22,130,77
22,132,469
22,135,486
22,147,121
22,148,104
22,159,144
22,167,35
22,169,319
22,174,491
22,177,189
22,181,541
22,184,536
22,192,386
22,199,53
22,210,498
22,211,474
22,223,471
22,226,252
22,235,201
22,242,263
22,244,434
22,259,575
22,284,286
22,291,503
22,295,368
22,296,119
23,1,142
23,2,198
23,3,569
23,4,175
23,6,277
23,7,346
23,11,437
23,12,172
23,13,308
23,14,98
23,15,256
23,16,375
23,17,447
23,18,28
23,19,290
23,26,279
23,27,86
23,29,238
23,30,470
23,33,190
23,34,357
23,35,85
23,36,156
23,38,82
23,40,178
23,42,548
23,45,333
23,47,256
23,48,418
23,49,311
23,51,465
23,53,101
23,54,132
23,55,200
23,56,256
23,57,14
23,59,337
23,63,535
23,65,106
23,66,415
23,72,394
23,74,199
23,75,493
23,78,193
23,84,540
23,88,405
23,90,87
23,93,357
23,98,533
23,100,389
23,108,533
23,110,292
23,122,376
23,125,331
23,129,367
23,131,413
23,141,221
23,151,159
23,155,134
23,156,407
23,159,597
23,164,588
23,167,84
23,169,179
23,173,45
23,176,432
23,177,408
23,178,442
23,179,192
23,186,267
23,193,183
23,194,197
23,203,477
23,209,351
23,223,215
23,225,552
23,229,219
23,239,394
23,243,21
23,250,506
23,260,273
23,264,33
23,267,426
23,271,416
23,283,336
23,285,283
23,293,249
23,296,52
23,300,309
24,1,60
24,2,40
24,5,520
24,6,500
24,7,587
24,10,106
24,12,428
24,14,52
24,15,89
24,16,155
24,17,328
24,18,552
24,19,438
24,21,7
24,22,188
24,25,352
24,28,239
24,29,220
24,31,595
24,32,411
24,34,219
24,38,437
24,39,270
24,40,431
24,42,65
24,44,522
24,48,51
24,50,440
24,52,371
24,53,166
24,54,171
24,57,346
24,59,31
24,60,377
24,61,93
24,62,227
24,69,463
24,74,17
24,77,239
24,78,462
24,79,521
24,80,179
24,81,26
24,83,490
24,85,26
24,88,354
24,89,560
24,93,327
24,95,71
24,104,461
24,105,324
24,106,397
24,107,65
24,111,433
24,112,434
24,113,559
24,114,180
24,122,289
24,123,280
24,127,131
24,131,446
24,132,296
24,135,271
24,147,22
24,148,397
24,152,92
24,156,115
24,163,441
24,165,314
24,167,214
24,178,168
24,180,7
24,182,499
24,187,463
24,189,204
24,194,367
24,197,154
24,198,44
24,199,129
24,204,596
24,211,457
24,218,366
24,220,446
24,222,150
24,224,499
24,228,383
24,230,241
24,242,232
24,249,160
24,258,197
24,261,382
24,267,260
24,269,388
24,279,156
24,285,77
24,295,580
25,3,141
25,4,466
25,5,44
25,7,125
25,8,289
25,9,373
25,10,315
25,11,447
25,12,367
25,13,262
25,14,275
25,17,64
25,18,110
25,19,534
25,20,129
25,21,95
25,22,469
25,24,352
25,26,600
25,28,467
25,29,392
25,30,550
25,32,317
25,35,287
25,36,252
25,37,482
25,39,417
25,40,362
25,42,12
25,43,49
25,44,299
25,45,44
25,46,256
25,47,585
25,48,88
25,52,167
25,54,349
25,56,365
25,57,318
25,59,336
25,61,557
25,64,464
25,66,61
25,67,107
25,68,368
25,69,89
25,71,43
25,72,547
25,74,121
25,75,228
25,81,328
25,82,161
25,88,167
25,91,37
25,95,455
25,96,303
25,97,22
25,98,311
25,99,153
25,100,487
25,102,547
25,108,116
25,112,508
25,114,459
25,116,129
25,117,198
25,120,350
25,125,282
25,127,532
25,129,505
25,136,96
25,145,480
25,149,45
25,152,330
25,159,350
25,162,270
25,168,230
25,170,317
25,178,28
25,181,362
25,186,208
25,192,97
25,197,463
25,203,379
25,204,214
25,206,120
25,210,341
25,212,255
25,214,257
25,215,487
25,220,177
25,230,485
25,231,431
25,238,470
25,242,101
25,244,127
25,258,136
25,263,595
25,277,47
25,288,457
25,293,266
25,294,369
25,295,253
26,1,465
26,3,348
26,7,159
26,8,275
26,9,483
26,11,306
26,12,91
26,14,585
26,17,569
26,18,256
26,19,484
26,20,205
26,21,165
26,23,279
26,25,600
26,27,267
26,28,214
26,29,469
26,30,127
26,31,86
26,32,562
26,35,459
26,37,282
26,38,187
26,40,430
26,41,40
26,42,132
26,43,421
26,45,412
26,46,425
26,48,523
26,49,598
26,55,99
26,56,14
26,58,199
26,59,154
26,61,220
26,64,544
26,66,42
26,69,34
26,70,449
26,71,91
26,72,302
26,73,528
26,74,113
26,75,158
26,76,308
26,77,558
26,80,313
26,81,340
26,87,390
26,90,514
26,95,215
26,96,358
26,102,324
26,105,402
26,110,314
26,112,129
26,120,202
26,121,221
26,122,524
26,123,213
26,125,193
26,130,333
26,134,53
26,139,461
26,140,553
26,148,102
26,150,341
26,160,504
26,162,477
26,173,277
26,179,434
26,192,51
26,196,548
26,203,227
26,205,59
26,208,19
26,230,385
26,239,151
26,253,271
26,260,529
26,261,372
26,292,86
27,1,286
27,3,201
27,4,430
27,5,84
27,7,476
27,8,428
27,12,249
27,14,598
27,15,221
27,16,85
27,17,491
27,21,582
27,22,419
27,23,86
27,26,267
27,29,423
27,30,225
27,31,403
27,32,8
27,33,399
27,34,513
27,35,375
27,36,379
27,38,72
27,39,229
27,40,341
27,41,84
27,43,356
27,44,484
27,45,234
27,47,198
27,49,34
27,52,510
27,55,551
27,57,350
27,58,243
27,61,594
27,62,41
27,63,466
27,65,79
27,66,346
27,68,406
27,69,199
27,70,203
27,72,484
27,74,10
27,75,316
27,77,48
27,82,279
27,83,279
27,90,79
27,91,396
27,96,114
27,102,117
27,105,31
27,106,487
27,107,81
27,110,558
27,112,457
27,113,447
27,114,271
27,116,256
27,117,262
27,118,449
27,119,376
27,120,35
27,125,438
27,127,64
27,128,274
27,133,152
27,136,20
27,140,259
27,141,57
27,146,530
27,158,441
27,163,299
27,173,89
27,175,83
27,179,459
27,188,74
27,193,416
27,208,418
27,212,533
27,215,341
27,218,338
27,219,379
27,220,315
27,241,302
27,261,521
27,265,304
27,266,355
27,269,184
27,274,123
27,280,321
28,1,296
28,3,567
28,4,395
28,5,134
28,7,227
28,10,204
28,13,575
28,14,111
28,16,66
28,17,575
28,19,561
28,21,262
28,22,556
28,24,239
28,25,467
28,26,214
28,29,460
28,30,106
28,32,94
28,33,403
28,37,326
28,38,239
28,39,93
28,40,566
28,43,437
28,44,56
28,47,432
28,50,360
28,52,568
28,53,304
28,58,357
28,59,200
28,60,152
28,62,42
28,67,11
28,68,154
28,70,165
28,73,185
28,74,527
28,76,484
28,78,88
28,79,599
28,80,330
28,81,293
28,82,104
28,84,197
28,86,440
28,87,336
28,93,48
28,97,312
28,105,255
28,111,531
28,113,160
28,114,235
28,117,378
28,118,128
28,120,445
28,127,173
28,128,343
28,132,305
28,133,431
28,146,381
28,150,486
28,152,355
28,157,342
28,164,518
28,177,155
28,188,576
28,191,499
28,196,251
28,199,503
28,204,285
28,207,1
28,210,493
28,213,511
28,216,325
28,222,538
28,230,108
28,236,308
28,238,219
28,244,77
28,252,311
28,253,540
28,271,487
28,282,205
28,292,286
28,299,526
29,1,58
29,2,410
29,5,165
29,6,323
29,7,360
29,8,126
29,9,47
29,10,465
29,11,551
29,13,529
29,14,61
29,16,293
29,17,71
29,18,476
29,19,5
29,22,379
29,23,238
29,24,220
29,25,392
29,26,469
29,27,423
29,28,460
29,30,200
29,31,545
29,32,33
29,33,282
29,34,338
29,36,28
29,37,248
29,42,256
29,44,138
29,47,279
29,48,206
29,49,414
29,51,8
29,52,372
29,56,287
29,57,421
29,58,220
29,60,394
29,62,61
29,65,215
29,67,411
29,69,507
29,77,213
29,78,551
29,79,233
29,82,477
29,90,151
29,93,483
29,103,99
29,107,353
29,109,414
29,111,249
29,116,205
29,119,120
29,125,15
29,129,41
29,133,131
29,136,296
29,137,459
29,139,549
29,140,422
29,144,534
29,155,122
29,159,209
29,163,99
29,172,593
29,174,121
29,175,226
29,178,171
29,182,307
29,183,303
29,185,406
29,194,575
29,203,190
29,210,404
29,214,305
29,216,62
29,218,474
29,225,407
29,227,532
29,232,495
29,252,546
29,256,208
29,260,386
29,261,333
29,265,594
29,295,409
29,296,45
30,1,108
30,2,522
30,5,573
30,7,239
30,8,343
30,9,48
30,11,432
30,12,63
30,14,310
30,15,425
30,16,487
30,19,171
30,20,161
30,23,470
30,25,550
30,26,127
30,27,225
30,28,106
30,29,200
30,31,227
30,32,40
30,35,156
30,36,320
30,37,442
30,39,556
30,40,590
30,41,107
30,43,252
30,45,89
30,46,235
30,48,536
30,49,599
30,51,334
30,53,326
30,54,325
30,56,96
30,57,341
30,60,62
30,61,415
30,63,373
30,65,227
30,66,22
30,67,140
30,68,516
30,69,344
30,71,195
30,77,168
30,79,1
30,81,231
30,82,598
30,85,479
30,86,449
30,87,67
30,92,132
30,93,379
30,94,78
30,101,127
30,102,95
30,106,470
30,107,131
30,110,71
30,115,248
30,117,571
30,118,27
30,124,411
30,125,303
30,127,207
30,134,553
30,135,150
30,137,218
30,138,468
30,144,439
30,145,451
30,147,206
30,152,525
30,159,247
30,160,395
30,164,540
30,167,329
30,172,364
30,173,485
30,174,540
30,176,352
30,190,3
30,191,257
30,195,20
30,205,129
30,206,288
30,215,82
30,218,44
30,237,390
30,241,141
30,249,404
30,251,592
30,253,251
30,262,531
30,265,300
30,278,561
30,286,593
30,290,259
30,293,127
31,1,137
31,2,574
31,4,469
31,5,308
31,9,122
31,10,16
31,12,368
31,13,311
31,14,221
31,15,256
31,16,388
31,17,407
31,18,549
31,19,81
31,21,198
31,22,449
31,24,595
31,26,86
31,27,403
31,29,545
31,30,227
31,32,426
31,33,382
31,37,311
31,38,47
31,39,418
31,40,343
31,41,56
31,42,342
31,43,229
31,44,576
31,46,5
31,49,242
31,51,511
31,54,292
31,55,261
31,56,382
31,57,183
31,60,41
31,61,417
31,62,476
31,69,536
31,74,460
31,76,303
31,78,369
31,79,409
31,80,307
31,81,221
31,84,347
31,87,25
31,89,379
31,91,37
31,96,453
31,97,179
31,100,492
31,101,323
31,103,463
31,109,29
31,119,500
31,123,19
31,127,16
31,135,344
31,136,164
31,138,55
31,160,212
31,161,121
31,165,352
31,166,128
31,171,167
31,174,233
31,175,273
31,189,323
31,195,561
31,219,554
31,225,587
31,229,484
31,241,455
31,242,549
31,258,479
31,269,277
31,272,589
31,284,451
31,287,144
31,291,270
31,294,259
31,300,505
32,1,585
32,2,515
32,3,278
32,7,325
32,8,19
32,9,235
32,11,568
32,14,589
32,15,357
32,16,554
32,22,14
32,24,411
32,25,317
32,26,562
32,27,8
32,28,94
32,29,33
32,30,40
32,31,426
32,33,36
32,34,241
32,35,253
32,36,176
32,38,410
32,39,414
32,40,534
32,41,31
32,42,413
32,44,123
32,45,392
32,46,244
32,47,136
32,48,524
32,50,377
32,51,560
32,52,394
32,53,99
32,54,203
32,55,572
32,56,373
32,57,243
32,59,312
32,60,548
32,63,474
32,64,111
32,65,445
32,67,342
32,68,133
32,69,244
32,70,359
32,73,564
32,78,576
32,81,21
32,83,266
32,85,123
32,87,556
32,91,247
32,95,445
32,99,229
32,101,600
32,110,525
32,113,461
32,118,532
32,126,279
32,133,301
32,137,287
32,141,45
32,144,85
32,150,569
32,154,347
32,156,117
32,158,542
32,167,461
32,172,272
32,173,556
32,175,64
32,177,18
32,179,308
32,181,547
32,182,446
32,189,194
32,195,584
32,199,108
32,207,519
32,211,546
32,214,348
32,216,170
32,230,106
32,240,375
32,249,79
32,254,198
32,257,529
32,262,563
32,273,288
32,278,439
32,279,577
32,280,303
32,283,398
32,295,449
32,300,141
33,1,483
33,2,278
33,4,318
33,7,3
33,8,403
33,9,33
33,11,337
33,12,22
33,14,128
33,15,274
33,18,218
33,19,419
33,22,224
33,23,190
33,27,399
33,28,403
33,29,282
33,31,382
33,32,36
33,34,255
33,36,508
33,37,288
33,39,336
33,40,227
33,44,114
33,45,571
33,46,516
33,47,68
33,48,210
33,49,183
33,50,244
33,51,261
33,52,122
33,54,381
33,55,557
33,58,118
33,61,53
33,64,424
33,65,562
33,66,155
33,67,289
33,68,107
33,71,595
33,74,84
33,75,324
33,81,103
33,84,403
33,86,537
33,88,441
33,92,66
33,93,241
33,98,287
33,99,526
33,100,319
33,107,179
33,109,471
33,115,143
33,116,233
33,117,67
33,120,481
33,123,291
33,133,14
33,139,176
33,145,23
33,150,481
33,152,524
33,153,90
33,162,206
33,174,324
33,180,348
33,191,126
33,200,505
33,203,117
33,209,520
33,218,452
33,219,124
33,227,113
33,228,114
33,229,22
33,230,477
33,231,347
33,236,392
33,243,16
33,252,149
33,253,135
33,255,178
33,282,273
33,286,198
33,297,192
34,1,599
34,2,22
34,4,404
34,7,133
34,8,528
34,10,438
34,12,229
34,13,292
34,16,110
34,17,201
34,18,356
34,19,361
34,21,304
34,22,393
34,23,357
34,24,219
34,27,513
34,29,338
34,32,241
34,33,255
34,35,25
34,36,442
34,37,553
34,38,89
34,39,481
34,40,434
34,41,61
34,42,396
34,43,506
34,44,397
34,45,403
34,46,571
34,47,600
34,48,53
34,50,81
34,52,216
34,53,37
34,56,394
34,57,231
34,58,517
34,61,340
34,62,569
34,64,538
34,65,512
34,68,519
34,69,272
34,71,500
34,74,291
34,76,267
34,82,573
34,84,361
34,92,349
34,93,252
34,96,492
34,98,540
34,103,209
34,107,164
34,108,211
34,119,274
34,123,297
34,124,455
34,131,121
34,138,474
34,167,408
34,177,369
34,180,501
34,181,107
34,194,110
34,195,233
34,198,124
34,199,363
34,201,418
34,206,451
34,210,444
34,219,57
34,224,330
34,225,491
34,226,181
34,227,406
34,228,109
34,239,271
34,255,86
34,256,428
34,258,33
34,260,214
34,263,537
34,264,216
34,272,103
34,286,351
35,1,267
35,2,191
35,3,540
35,4,6
35,7,580
35,8,527
35,11,580
35,12,379
35,13,223
35,14,319
35,15,447
35,17,94
35,18,382
35,19,598
35,20,486
35,21,573
35,23,85
35,25,287
35,26,459
35,27,375
35,30,156
35,32,253
35,34,25
35,36,124
35,37,564
35,41,427
35,43,439
35,44,282
35,45,373
35,46,86
35,47,4
35,51,279
35,52,249
35,53,88
35,55,18
35,56,122
35,59,84
35,60,80
35,62,233
35,63,249
35,65,180
35,70,390
35,71,488
35,72,70
35,74,339
35,75,175
35,78,211
35,79,171
35,80,38
35,81,151
35,82,425
35,86,127
35,87,291
35,92,222
35,93,546
35,95,146
35,97,346
35,101,309
35,104,159
35,105,206
35,107,67
35,108,227
35,109,368
35,112,401
35,114,12
35,117,239
35,124,572
35,125,178
35,131,15
35,138,188
35,141,89
35,157,323
35,161,372
35,176,513
35,191,323
35,194,434
35,195,435
35,198,442
35,209,316
35,214,315
35,240,446
35,247,30
35,251,537
35,271,600
35,280,51
35,284,216
36,1,35
36,2,465
36,3,296
36,4,261
36,5,194
36,6,285
36,7,520
36,8,345
36,9,161
36,11,15
36,13,180
36,14,87
36,17,236
36,21,35
36,23,156
36,25,252
36,27,379
36,29,28
36,30,320
36,32,176
36,33,508
36,34,442
36,35,124
36,38,164
36,39,69
36,40,251
36,42,112
36,43,79
36,44,496
36,47,244
36,53,368
36,54,565
36,56,409
36,59,330
36,60,175
36,62,219
36,63,166
36,64,325
36,65,67
36,68,442
36,69,476
36,70,300
36,71,515
36,72,551
36,75,483
36,78,258
36,87,110
36,88,65
36,89,106
36,91,247
36,92,519
36,100,84
36,103,364
36,104,471
36,106,347
36,110,351
36,111,239
36,117,66
36,123,335
36,125,596
36,129,194
36,132,579
36,134,501
36,139,44
36,145,347
36,152,221
36,154,424
36,157,126
36,160,380
36,164,139
36,168,377
36,172,284
36,179,396
36,182,141
36,185,47
36,189,580
36,193,76
36,196,238
36,201,153
36,207,397
36,218,151
36,237,305
36,277,18
36,279,92
36,281,552
36,287,48
36,297,402
36,300,254
37,1,56
37,3,74
37,4,27
37,5,536
37,6,559
37,8,297
37,9,589
37,10,76
37,11,554
37,12,372
37,14,575
37,15,523
37,16,188
37,18,442
37,22,197
37,25,482
37,26,282
37,28,326
37,29,248
37,30,442
37,31,311
37,33,288
37,34,553
37,35,564
37,39,423
37,40,234
37,42,427
37,43,113
37,46,320
37,47,268
37,48,134
37,49,40
37,50,208
37,52,461
37,53,423
37,54,429
37,56,125
37,57,508
37,58,64
37,59,528
37,63,315
37,64,205
37,67,398
37,69,245
37,70,312
37,71,443
37,72,215
37,74,88
37,75,252
37,76,355
37,78,253
37,80,66
37,84,41
37,85,11
37,89,225
37,92,572
37,93,592
37,97,136
37,98,497
37,99,366
37,100,325
37,110,569
37,119,38
37,123,517
37,124,520
37,128,376
37,131,404
37,136,390
37,141,125
37,142,373
37,145,524
37,149,382
37,158,14
37,159,484
37,167,362
37,171,338
37,174,59
37,176,222
37,179,255
37,188,444
37,194,363
37,196,463
37,201,67
37,202,535
37,205,460
37,208,291
37,212,588
37,213,270
37,225,507
37,229,331
37,230,443
37,234,245
37,238,92
37,244,598
37,260,352
37,263,259
37,275,434
37,281,464
37,299,95
37,300,5
38,1,208
38,3,253
38,4,55
38,5,436
38,6,574
38,8,144
38,9,249
38,10,94
38,11,287
38,12,237
38,13,528
38,14,418
38,17,226
38,19,33
38,20,54
38,22,463
38,23,82
38,24,437
38,26,187
38,27,72
38,28,239
38,31,47
38,32,410
38,34,89
38,36,164
38,42,433
38,45,313
38,47,322
38,49,304
38,50,399
38,51,115
38,52,376
38,53,86
38,55,441
38,56,396
38,59,310
38,60,179
38,64,154
38,67,491
38,74,336
38,78,81
38,80,129
38,86,174
38,93,296
38,95,116
38,100,149
38,101,106
38,103,70
38,106,21
38,114,45
38,124,137
38,126,337
38,135,429
38,141,420
38,147,42
38,155,404
38,156,275
38,157,326
38,161,109
38,168,259
38,170,52
38,186,540
38,187,203
38,189,295
38,197,566
38,199,458
38,209,547
38,211,138
38,213,377
38,214,223
38,220,476
38,229,583
38,233,264
38,234,403
38,242,58
38,250,122
38,257,362
38,266,423
38,298,301
39,7,292
39,8,565
39,9,233
39,11,522
39,12,508
39,15,100
39,18,192
39,19,385
39,21,376
39,22,410
39,24,270
39,25,417
39,27,229
39,28,93
39,30,556
39,31,418
39,32,414
39,33,336
39,34,481
39,36,69
39,37,423
39,40,356
39,43,530
39,45,9
39,48,186
39,51,582
39,52,239
39,53,62
39,56,35
39,62,227
39,63,488
39,66,518
39,67,194
39,68,373
39,70,55
39,77,297
39,78,353
39,84,182
39,88,187
39,93,347
39,94,337
39,103,487
39,104,556
39,108,310
39,112,234
39,113,433
39,118,78
39,122,94
39,125,175
39,126,570
39,127,569
39,129,108
39,130,323
39,132,201
39,151,583
39,153,207
39,155,20
39,160,34
39,170,599
39,179,589
39,185,320
39,186,181
39,187,99
39,196,34
39,197,170
39,201,63
39,207,514
39,217,345
39,222,176
39,223,24
39,230,170
39,237,125
39,238,463
39,248,510
39,249,271
39,265,511
39,275,187
39,278,368
39,281,492
39,297,484
40,1,140
40,3,371
40,4,429
40,5,345
40,6,386
40,8,403
40,11,485
40,12,351
40,13,126
40,14,160
40,15,39
40,16,221
40,17,534
40,18,586
40,23,178
40,24,431
40,25,362
40,26,430
40,27,341
40,28,566
40,30,590
40,31,343
40,32,534
40,33,227
40,34,434
40,36,251
40,37,234
40,39,356
40,42,302
40,43,538
40,44,236
40,45,243
40,50,71
40,55,530
40,57,267
40,59,476
40,60,290
40,69,446
40,71,33
40,76,185
40,78,600
40,79,265
40,80,482
40,86,233
40,88,573
40,89,592
40,90,31
40,91,96
40,92,406
40,94,373
40,96,282
40,101,252
40,102,170
40,104,232
40,107,360
40,108,454
40,112,226
40,114,569
40,115,534
40,117,139
40,125,70
40,126,535
40,127,237
40,132,12
40,140,137
40,144,87
40,149,426
40,155,108
40,157,396
40,165,564
40,171,590
40,178,165
40,194,198
40,203,157
40,209,537
40,217,562
40,220,187
40,227,585
40,229,475
40,232,81
40,239,343
40,246,568
40,261,476
40,263,204
40,264,120
40,276,416
40,281,159
40,283,219
40,287,429
40,292,329
41,1,135
41,2,57
41,3,564
41,4,324
41,5,377
41,8,47
41,10,537
41,13,513
41,14,67
41,15,352
41,16,217
41,17,412
41,18,146
41,19,288
41,20,297
41,26,40
41,27,84
41,30,107
41,31,56
41,32,31
41,34,61
41,35,427
41,42,201
41,43,460
41,44,429
41,45,537
41,46,382
41,50,167
41,51,461
41,52,295
41,54,242
41,55,298
41,57,336
41,60,523
41,63,579
41,64,505
41,65,111
41,66,398
41,67,507
41,76,512
41,77,266
41,78,242
41,83,533
41,87,115
41,91,244
41,94,468
41,98,291
41,99,144
41,100,219
41,104,269
41,107,253
41,112,100
41,113,209
41,117,8
41,119,353
41,121,449
41,126,485
41,130,7
41,131,237
41,139,427
41,143,600
41,147,315
41,149,67
41,178,423
41,187,409
41,188,358
41,190,511
41,196,504
41,201,305
41,203,31
41,205,162
41,208,117
41,228,135
41,236,563
41,238,138
41,276,108
41,296,473
42,5,386
42,6,334
42,10,455
42,11,322
42,13,289
42,14,326
42,15,47
42,16,438
42,18,362
42,19,12
42,20,162
42,21,594
42,22,170
42,23,548
42,24,65
42,25,12
42,26,132
42,29,256
42,31,342
42,32,413
42,34,396
42,36,112
42,37,427
42,38,433
42,40,302
42,41,201
42,44,482
42,46,196
42,47,377
42,49,278
42,50,439
42,51,12
42,53,469
42,54,391
42,57,324
42,58,78
42,59,72
42,60,194
42,61,291
42,62,334
42,64,497
42,65,147
42,67,380
42,68,432
42,75,453
42,77,451
42,81,179
42,83,556
42,84,295
42,85,66
42,88,23
42,89,20
42,93,76
42,94,20
42,100,157
42,101,257
42,108,308
42,109,36
42,112,300
42,121,26
42,122,159
42,128,475
42,131,167
42,134,293
42,142,240
42,148,488
42,151,280
42,156,178
42,159,106
42,161,132
42,173,43
42,175,174
42,177,561
42,180,498
42,186,194
42,188,140
42,202,230
42,204,258
42,206,400
42,208,137
42,223,256
42,224,7
42,232,396
42,233,178
42,236,246
42,251,360
42,255,96
42,268,172
42,275,47
42,288,317
42,290,2
42,291,154
43,2,167
43,3,467
43,5,223
43,6,533
43,8,345
43,9,63
43,10,485
43,11,522
43,14,71
43,18,74
43,19,490
43,22,560
43,25,49
43,26,421
43,27,356
43,28,437
43,30,252
43,31,229
43,34,506
43,35,439
43,36,79
43,37,113
43,39,530
43,40,538
43,41,460
43,45,483
43,52,263
43,53,137
43,54,322
43,55,568
43,57,566
43,58,409
43,61,532
43,65,376
43,68,566
43,69,299
43,71,71
43,76,588
43,77,278
43,82,326
43,83,262
43,91,543
43,97,393
43,98,445
43,101,312
43,102,218
43,107,118
43,114,181
43,115,322
43,119,331
43,120,381
43,122,104
43,131,138
43,132,407
43,136,316
43,140,342
43,146,239
43,150,130
43,151,195
43,154,441
43,155,172
43,159,302
43,166,508
43,170,437
43,179,119
43,185,589
43,206,298
43,209,355
43,210,60
43,217,274
43,240,295
43,253,594
43,256,56
43,260,240
43,263,192
43,270,220
43,271,73
44,2,408
44,3,563
44,4,218
44,7,25
44,9,286
44,12,551
44,13,352
44,15,203
44,17,101
44,18,369
44,21,402
44,22,186
44,24,522
44,25,299
44,27,484
44,28,56
44,29,138
44,31,576
44,32,123
44,33,114
44,34,397
44,35,282
44,36,496
44,40,236
44,41,429
44,42,482
44,45,512
44,46,536
44,47,337
44,49,376
44,50,501
44,54,539
44,55,518
44,56,66
44,57,496
44,58,421
44,61,576
44,63,541
44,64,348
44,66,371
44,67,455
44,69,502
44,72,596
44,73,16
44,75,341
44,76,527
44,78,528
44,79,406
44,80,316
44,82,1
44,84,190
44,89,231
44,90,546
44,95,576
44,96,122
44,98,116
44,101,362
44,103,506
44,104,456
44,109,251
44,115,229
44,118,564
44,127,247
44,129,559
44,131,161
44,133,360
44,139,489
44,148,287
44,154,369
44,161,94
44,165,393
44,170,168
44,178,506
44,184,556
44,197,412
44,205,326
44,208,240
44,215,189
44,218,199
44,220,388
44,227,87
44,229,390
44,232,521
44,239,10
44,247,381
44,254,267
44,257,329
44,270,21
44,272,563
44,280,333
44,284,34
44,295,367
45,2,450
45,3,369
45,5,165
45,6,190
45,7,569
45,8,91
45,10,300
45,13,501
45,14,231
45,16,184
45,18,302
45,22,81
45,23,333
