source,target,weight
1,2,130
1,3,157
1,4,265
1,6,466
1,8,275
1,9,295
1,14,98
1,15,444
1,16,284
1,18,541
1,20,252
1,21,347
1,22,267
1,23,266
1,24,499
1,25,82
1,26,224
1,27,298
1,28,228
1,31,308
1,33,545
1,34,385
1,35,490
1,37,219
1,38,584
1,39,525
1,41,316
1,42,175
1,45,555
1,47,290
1,48,367
1,52,518
1,54,73
1,55,92
1,58,61
1,59,344
1,60,274
1,67,395
1,76,386
1,79,17
1,80,94
1,84,215
1,87,77
1,89,86
1,90,506
1,91,440
1,93,210
1,94,208
1,96,438
1,98,234
1,103,140
1,104,79
1,107,237
1,111,404
1,114,128
1,116,558
1,124,332
1,125,378
1,126,63
1,144,508
1,148,58
1,150,397
1,157,362
1,159,148
1,170,99
1,176,20
1,179,428
1,195,363
1,197,169
1,201,126
1,202,261
1,211,39
1,214,597
1,225,500
1,242,312
1,247,170
1,263,204
1,264,239
1,267,83
1,271,24
1,275,98
1,279,472
1,282,395
1,283,392
1,287,80
1,288,475
1,289,384
1,298,564
2,1,130
2,3,512
2,4,524
2,5,300
2,6,432
2,7,325
2,10,461
2,11,308
2,13,336
2,14,523
2,17,546
2,19,257
2,20,124
2,21,348
2,24,431
2,25,276
2,26,431
2,28,328
2,31,202
2,32,175
2,33,477
2,34,3
2,36,284
2,41,48
2,42,137
2,43,453
2,52,124
2,53,214
2,54,510
2,57,315
2,59,162
2,60,129
2,61,166
2,62,527
2,63,166
2,64,100
2,65,99
2,73,267
2,75,133
2,76,76
2,82,464
2,90,442
2,91,230
2,102,393
2,108,103
2,111,98
2,121,92
2,123,58
2,126,147
2,127,69
2,128,567
2,132,312
2,134,505
2,141,375
2,143,87
2,145,258
2,146,215
2,149,285
2,161,213
2,163,325
2,164,517
2,165,319
2,170,436
2,178,577
2,181,366
2,187,258
2,188,586
2,189,114
2,192,278
2,197,13
2,213,421
2,219,579
2,226,181
2,232,431
2,233,350
2,239,157
2,249,75
2,252,387
2,258,269
2,260,519
2,284,10
2,300,19
3,1,157
3,2,512
3,5,185
3,7,269
3,8,157
3,9,594
3,10,108
3,11,48
3,13,301
3,16,391
3,18,93
3,19,1
3,20,247
3,21,120
3,22,80
3,23,323
3,24,309
3,25,527
3,27,409
3,28,279
3,29,437
3,32,528
3,33,511
3,36,196
3,37,418
3,38,432
3,39,545
3,40,264
3,43,20
3,44,553
3,45,163
3,47,416
3,49,446
3,53,531
3,55,405
3,57,162
3,58,59
3,62,303
3,65,187
3,67,598
3,69,504
3,72,572
3,75,434
3,76,205
3,80,584
3,86,70
3,87,385
3,90,220
3,91,118
3,101,390
3,102,413
3,104,381
3,107,359
3,108,98
3,111,233
3,125,210
3,128,242
3,134,412
3,155,479
3,158,310
3,161,2
3,166,81
3,168,158
3,171,455
3,178,215
3,183,26
3,184,290
3,186,419
3,189,19
3,197,113
3,204,153
3,207,4
3,245,480
3,246,559
3,251,155
3,253,378
3,268,272
3,278,534
3,283,190
3,284,217
3,287,353
3,293,564
3,294,36
3,296,426
3,297,557
4,1,265
4,2,524
4,5,499
4,7,139
4,8,450
4,9,340
4,10,500
4,12,313
4,13,186
4,14,492
4,15,6
4,17,45
4,18,304
4,20,129
4,24,262
4,25,182
4,26,558
4,27,500
4,30,33
4,31,488
4,32,56
4,35,549
4,36,495
4,37,45
4,38,453
4,39,550
4,40,207
4,41,150
4,42,594
4,43,416
4,44,569
4,45,46
4,47,93
4,50,282
4,51,435
4,54,426
4,55,262
4,57,507
4,59,555
4,60,355
4,63,508
4,68,407
4,70,363
4,72,434
4,73,115
4,74,345
4,78,423
4,81,367
4,83,35
4,93,110
4,94,245
4,98,332
4,103,419
4,104,439
4,106,531
4,109,535
4,114,329
4,115,213
4,117,466
4,118,390
4,120,302
4,130,520
4,136,218
4,137,484
4,142,259
4,154,477
4,158,285
4,160,254
4,164,379
4,177,190
4,192,283
4,196,196
4,204,560
4,205,96
4,208,189
4,211,287
4,214,467
4,221,429
4,224,286
4,227,169
4,229,309
4,234,266
4,249,530
4,253,283
4,254,318
4,259,585
4,260,544
4,266,561
4,270,298
4,274,222
4,276,352
4,280,490
5,2,300
5,3,185
5,4,499
5,6,109
5,7,64
5,9,86
5,10,501
5,11,266
5,12,103
5,13,154
5,16,301
5,18,325
5,21,482
5,22,151
5,24,93
5,25,288
5,26,352
5,28,355
5,30,338
5,31,64
5,32,168
5,34,440
5,36,500
5,37,280
5,39,412
5,40,53
5,41,299
5,42,574
5,44,476
5,45,570
5,47,147
5,51,134
5,52,101
5,54,300
5,55,457
5,57,34
5,59,321
5,62,245
5,66,496
5,70,31
5,73,499
5,74,371
5,75,498
5,80,108
5,85,212
5,86,23
5,90,426
5,96,374
5,97,1
5,102,549
5,104,148
5,107,453
5,109,455
5,110,12
5,112,30
5,114,563
5,123,371
5,124,110
5,127,387
5,129,74
5,130,44
5,133,228
5,144,155
5,150,285
5,159,326
5,161,262
5,164,153
5,173,418
5,175,360
5,177,196
5,179,374
5,181,500
5,193,58
5,196,591
5,208,206
5,214,301
5,219,329
5,224,152
5,231,280
5,237,511
5,241,7
5,248,437
5,262,435
5,279,139
5,288,526
5,290,156
5,292,29
6,1,466
6,2,432
6,5,109
6,7,168
6,8,161
6,11,296
6,12,588
6,13,548
6,14,540
6,15,552
6,16,293
6,17,264
6,18,74
6,19,390
6,20,485
6,21,479
6,22,90
6,24,408
6,25,366
6,26,532
6,27,234
6,29,7
6,33,573
6,34,192
6,35,452
6,36,80
6,37,264
6,39,97
6,40,99
6,42,80
6,43,384
6,48,354
6,49,53
6,52,128
6,53,31
6,54,347
6,55,355
6,56,482
6,57,256
6,58,317
6,61,203
6,64,213
6,69,582
6,70,106
6,77,59
6,78,117
6,83,264
6,84,329
6,90,570
6,91,384
6,92,61
6,93,343
6,94,395
6,100,388
6,101,157
6,102,355
6,106,577
6,107,159
6,110,561
6,111,522
6,112,83
6,114,455
6,115,344
6,117,38
6,121,97
6,126,406
6,133,453
6,136,414
6,139,186
6,140,533
6,156,74
6,164,88
6,167,142
6,168,572
6,170,101
6,172,242
6,179,35
6,196,32
6,201,61
6,208,495
6,233,140
6,239,435
6,245,146
6,251,133
6,265,101
6,277,39
6,285,538
6,286,253
7,2,325
7,3,269
7,4,139
7,5,64
7,6,168
7,8,5
7,9,246
7,10,178
7,12,260
7,14,482
7,16,72
7,19,597
7,21,410
7,23,170
7,26,69
7,29,502
7,30,441
7,31,557
7,32,409
7,33,198
7,34,528
7,35,10
7,36,10
7,37,224
7,39,45
7,40,190
7,41,449
7,43,199
7,45,572
7,46,471
7,49,332
7,50,163
7,51,192
7,55,150
7,57,573
7,58,600
7,60,319
7,61,420
7,63,409
7,65,444
7,68,332
7,69,516
7,70,363
7,71,464
7,76,177
7,79,224
7,82,393
7,87,453
7,88,302
7,89,72
7,90,284
7,92,132
7,96,83
7,98,586
7,101,45
7,111,429
7,113,160
7,114,45
7,115,566
7,118,308
7,120,479
7,121,246
7,123,135
7,142,473
7,144,76
7,162,329
7,164,302
7,172,35
7,175,19
7,192,270
7,213,96
7,219,42
7,225,596
7,232,586
7,238,455
7,250,82
7,255,215
7,259,325
7,281,302
7,283,255
7,284,408
7,295,397
8,1,275
8,3,157
8,4,450
8,6,161
8,7,5
8,9,211
8,11,66
8,15,304
8,16,173
8,17,152
8,18,551
8,19,536
8,21,374
8,22,583
8,25,354
8,26,476
8,28,440
8,29,363
8,31,98
8,33,235
8,34,233
8,36,381
8,37,190
8,39,421
8,44,93
8,45,11
8,48,360
8,52,188
8,54,230
8,56,460
8,59,519
8,60,520
8,61,280
8,63,355
8,65,493
8,66,243
8,71,596
8,72,342
8,79,187
8,80,53
8,81,338
8,82,66
8,87,309
8,88,472
8,89,284
8,94,134
8,100,275
8,101,235
8,102,540
8,112,552
8,113,597
8,114,432
8,115,387
8,116,109
8,120,203
8,129,345
8,135,281
8,139,297
8,147,317
8,153,25
8,155,348
8,158,155
8,159,98
8,162,503
8,166,91
8,177,429
8,184,474
8,188,23
8,192,81
8,203,216
8,208,278
8,214,432
8,218,189
8,235,374
8,242,129
8,263,184
8,264,360
8,268,403
8,271,12
8,279,520
8,296,197
9,1,295
9,3,594
9,4,340
9,5,86
9,7,246
9,8,211
9,10,574
9,11,8
9,12,186
9,13,433
9,16,403
9,17,116
9,18,503
9,19,428
9,21,181
9,22,483
9,25,249
9,26,157
9,27,403
9,32,346
9,33,241
9,36,388
9,37,582
9,38,265
9,39,105
9,40,462
9,41,366
9,42,458
9,43,431
9,44,378
9,47,30
9,49,465
9,52,521
9,53,377
9,54,174
9,55,177
9,56,256
9,61,488
9,67,133
9,69,481
9,70,328
9,71,138
9,78,272
9,79,297
9,80,594
9,81,289
9,82,507
9,86,143
9,87,320
9,89,178
9,90,30
9,97,485
9,99,182
9,105,341
9,107,61
9,112,409
9,114,597
9,123,82
9,126,211
9,127,40
9,128,554
9,136,244
9,144,36
9,151,118
9,157,170
9,163,97
9,164,174
9,165,349
9,166,311
9,180,275
9,182,186
9,197,526
9,212,315
9,218,190
9,233,585
9,239,352
9,241,100
9,243,313
9,266,155
9,287,222
9,288,145
9,292,287
9,297,422
10,2,461
10,3,108
10,4,500
10,5,501
10,7,178
10,9,574
10,11,586
10,12,540
10,14,453
10,15,280
10,16,33
10,17,459
10,19,235
10,21,139
10,22,560
10,23,279
10,24,26
10,27,300
10,28,157
10,31,88
10,32,360
10,33,448
10,34,82
10,36,316
10,37,155
10,38,73
10,39,506
10,46,130
10,48,118
10,58,389
10,64,410
10,65,277
10,67,103
10,68,91
10,69,557
10,78,25
10,83,178
10,88,379
10,91,113
10,94,301
10,99,582
10,101,540
10,103,150
10,105,553
10,111,404
10,113,251
10,118,383
10,125,12
10,126,417
10,127,493
10,145,489
10,157,503
10,160,461
10,161,312
10,164,393
10,179,510
10,180,535
10,182,25
10,185,364
10,186,28
10,199,69
10,209,333
10,215,71
10,218,120
10,229,121
10,230,486
10,234,580
10,245,426
10,256,54
10,278,442
10,283,500
10,290,527
11,2,308
11,3,48
11,5,266
11,6,296
11,8,66
11,9,8
11,10,586
11,13,8
11,15,337
11,17,27
11,18,190
11,20,50
11,21,104
11,28,216
11,29,222
11,30,442
11,33,420
11,34,212
11,35,159
11,36,289
11,39,379
11,40,578
11,41,222
11,42,27
11,44,150
11,45,312
11,46,304
11,47,101
11,48,591
11,51,212
11,53,3
11,55,353
11,56,386
11,57,537
11,58,167
11,59,129
11,60,40
11,61,243
11,64,328
11,66,477
11,67,104
11,68,241
11,71,558
11,76,207
11,78,417
11,80,305
11,81,538
11,83,68
11,96,360
11,97,462
11,104,239
11,105,322
11,108,517
11,115,418
11,116,517
11,124,89
11,125,523
11,127,234
11,128,191
11,139,206
11,140,235
11,145,261
11,147,390
11,161,87
11,176,269
11,177,118
11,187,555
11,188,547
11,190,83
11,191,375
11,198,510
11,212,110
11,213,147
11,233,276
11,234,492
11,251,509
11,260,410
11,261,509
11,278,26
12,4,313
12,5,103
12,6,588
12,7,260
12,9,186
12,10,540
12,13,24
12,14,507
12,16,56
12,17,363
12,18,454
12,19,597
12,20,375
12,21,231
12,22,368
12,23,276
12,25,378
12,26,409
12,27,378
12,30,213
12,32,182
12,34,359
12,35,270
12,37,204
12,39,431
12,43,312
12,44,256
12,47,197
12,48,497
12,51,189
12,54,297
12,59,425
12,60,490
12,61,229
12,65,170
12,68,271
12,71,125
12,73,250
12,75,572
12,77,419
12,78,579
12,80,442
12,82,135
12,84,280
12,86,585
12,91,52
12,92,199
12,95,14
12,100,307
12,101,242
12,106,138
12,108,290
12,110,141
12,116,124
12,122,345
12,126,449
12,128,336
12,135,86
12,151,575
12,153,382
12,154,175
12,161,43
12,167,402
12,168,520
12,176,66
12,183,407
12,187,154
12,188,473
12,191,274
12,199,241
12,201,559
12,204,599
12,207,34
12,208,489
12,214,472
12,220,78
12,225,454
12,247,117
12,248,48
12,251,69
12,252,453
12,253,303
12,257,557
12,259,92
12,261,401
12,278,550
13,2,336
13,3,301
13,4,186
13,5,154
13,6,548
13,9,433
13,11,8
13,12,24
13,14,467
13,16,30
13,17,231
13,18,457
13,19,401
13,20,444
13,21,294
13,23,501
13,28,181
13,29,75
13,32,316
13,34,430
13,35,287
13,36,198
13,37,415
13,38,576
13,39,431
13,40,60
13,41,368
13,42,153
13,43,420
13,44,227
13,47,266
13,49,442
13,56,484
13,58,537
13,63,580
13,65,393
13,68,153
13,69,385
13,70,344
13,72,551
13,73,237
13,75,437
13,78,491
13,80,251
13,81,70
13,88,412
13,89,154
13,91,82
13,92,141
13,94,188
13,95,440
13,97,170
13,99,284
13,101,303
13,102,287
13,105,43
13,115,385
13,121,331
13,127,544
13,130,512
13,141,284
13,146,200
13,147,512
13,149,215
13,150,255
13,154,217
13,164,234
13,169,262
13,177,327
13,180,169
13,188,473
13,195,280
13,204,561
13,207,576
13,221,214
13,239,410
13,264,269
13,268,238
13,293,175
14,1,98
14,2,523
14,4,492
14,6,540
14,7,482
14,10,453
14,12,507
14,13,467
14,19,266
14,20,34
14,22,409
14,24,264
14,25,189
14,26,465
14,27,25
14,28,297
14,29,549
14,30,312
14,33,553
14,35,385
14,36,548
14,37,209
14,41,165
14,44,113
14,46,569
14,47,378
14,48,129
14,50,363
14,52,231
14,53,334
14,54,488
14,55,195
14,56,6
14,59,16
14,66,69
14,67,171
14,69,207
14,72,426
14,83,488
14,86,54
14,89,322
14,92,401
14,100,581
14,102,399
14,103,480
14,106,479
14,109,504
14,112,77
14,115,436
14,119,28
14,120,291
14,122,400
14,124,43
14,126,311
14,136,448
14,138,10
14,141,213
14,145,1
14,148,127
14,158,94
14,159,600
14,163,425
14,169,477
14,181,34
14,189,57
14,200,584
14,201,33
14,220,355
14,227,370
14,228,458
14,229,166
14,240,161
14,247,50
14,253,339
14,258,493
14,270,584
14,273,362
14,284,308
15,1,444
15,4,6
15,6,552
15,8,304
15,10,280
15,11,337
15,16,309
15,17,108
15,18,382
15,19,488
15,20,288
15,21,484
15,22,212
15,23,27
15,24,187
15,27,523
15,28,290
15,33,193
15,34,361
15,35,70
15,36,260
15,38,57
15,39,283
15,40,563
15,41,515
15,43,549
15,45,502
15,46,444
15,53,209
15,62,409
15,63,280
15,67,565
15,68,527
15,69,17
15,72,171
15,75,299
15,77,86
15,81,254
15,82,488
15,83,213
15,85,211
15,86,536
15,89,189
15,90,348
15,95,278
15,98,515
15,100,51
15,105,141
15,107,4
15,108,523
15,109,402
15,110,246
15,112,64
15,113,167
15,118,192
15,124,462
15,125,241
15,126,87
15,132,304
15,140,476
15,150,440
15,154,279
15,160,125
15,162,317
15,163,213
15,166,95
15,168,94
15,174,576
15,179,559
15,181,361
15,200,384
15,201,183
15,202,476
15,216,301
15,218,482
15,221,217
15,222,95
15,223,194
15,232,553
15,239,248
15,244,294
15,258,125
15,266,137
15,274,349
15,280,18
15,287,182
15,299,214
16,1,284
16,3,391
16,5,301
16,6,293
16,7,72
16,8,173
16,9,403
16,10,33
16,12,56
16,13,30
16,15,309
16,17,473
16,18,297
16,20,316
16,21,351
16,22,44
16,23,562
16,24,395
16,26,414
16,28,418
16,31,4
16,32,222
16,33,420
16,34,574
16,35,388
16,37,117
16,38,186
16,40,458
16,41,40
16,46,265
16,47,262
16,50,152
16,53,592
16,54,365
16,55,398
16,59,574
16,62,135
16,64,544
16,65,273
16,68,195
16,69,385
16,71,573
16,73,552
16,76,409
16,77,35
16,78,423
16,80,441
16,83,509
16,84,529
16,86,540
16,96,325
16,98,281
16,100,211
16,101,248
16,103,535
16,107,358
16,113,252
16,121,394
16,125,277
16,128,20
16,132,183
16,134,18
16,139,300
16,155,103
16,159,161
16,164,16
16,166,379
16,174,13
16,181,549
16,188,405
16,201,394
16,210,563
16,217,436
16,224,137
16,246,244
16,249,213
16,253,163
16,269,144
16,283,493
16,285,361
17,2,546
17,4,45
17,6,264
17,8,152
17,9,116
17,10,459
17,11,27
17,12,363
17,13,231
17,15,108
17,16,473
17,18,290
17,23,460
17,24,126
17,25,592
17,26,160
17,27,208
17,28,458
17,30,315
17,32,485
17,35,102
17,36,246
17,39,132
17,40,391
17,41,419
17,42,522
17,43,302
17,45,356
17,46,489
17,47,481
17,49,285
17,52,264
17,57,516
17,58,351
17,60,117
17,61,412
17,62,399
17,63,564
17,64,252
17,67,427
17,71,7
17,72,538
17,73,101
17,75,458
17,76,357
17,83,123
17,84,294
17,85,197
17,90,61
17,91,13
17,93,392
17,100,485
17,101,223
17,105,331
17,107,332
17,109,513
17,110,8
17,112,441
17,115,478
17,120,276
17,124,21
17,128,285
17,135,176
17,136,2
17,138,562
17,142,294
17,153,333
17,154,381
17,158,362
17,159,239
17,175,395
17,197,572
17,198,327
17,213,110
17,215,165
17,228,445
17,229,237
17,231,401
17,247,9
17,251,299
17,252,314
17,256,391
17,261,230
17,272,428
17,284,504
17,298,78
17,300,285
18,1,541
18,3,93
18,4,304
18,5,325
18,6,74
18,8,551
18,9,503
18,11,190
18,12,454
18,13,457
18,15,382
18,16,297
18,17,290
18,21,422
18,22,74
18,23,440
18,24,74
18,26,204
18,28,576
18,29,501
18,31,109
18,32,23
18,33,15
18,34,578
18,36,175
18,37,415
18,38,23
18,41,405
18,42,249
18,45,426
18,48,414
18,49,401
18,50,427
18,51,573
18,53,177
18,54,179
18,55,521
18,56,593
18,58,92
18,60,463
18,65,272
18,66,570
18,68,251
18,71,54
18,73,440
18,75,491
18,76,109
18,77,538
18,78,333
18,79,332
18,81,398
18,83,251
18,85,578
18,88,213
18,92,500
18,93,327
18,101,233
18,103,307
18,105,272
18,106,172
18,107,116
18,113,392
18,117,430
18,122,401
18,123,45
18,127,27
18,130,134
18,137,460
18,140,187
18,144,426
18,145,494
18,146,104
18,150,595
18,152,9
18,156,273
18,167,484
18,170,576
18,178,346
18,188,311
18,191,407
18,194,368
18,197,421
18,198,140
18,200,489
18,210,378
18,213,443
18,245,375
18,250,555
18,264,253
18,277,318
18,279,63
19,2,257
19,3,1
19,6,390
19,7,597
19,8,536
19,9,428
19,10,235
19,12,597
19,13,401
19,14,266
19,15,488
19,20,225
19,21,64
19,22,1
19,26,269
19,27,70
19,28,465
19,29,229
19,30,73
19,31,357
19,32,188
19,33,391
19,34,108
19,36,170
19,38,112
19,39,16
19,40,128
19,41,194
19,45,145
19,46,34
19,47,4
19,48,135
19,50,156
19,52,416
19,53,421
19,55,524
19,56,55
19,60,564
19,61,79
19,69,391
19,72,197
19,74,1
19,77,451
19,84,36
19,86,498
19,91,170
19,98,390
19,99,414
19,101,495
19,103,133
19,106,227
19,114,587
19,118,163
19,123,487
19,124,167
19,129,264
19,134,556
19,143,430
19,145,217
19,146,355
19,163,362
19,173,20
19,175,336
19,180,388
19,181,168
19,193,388
19,195,402
19,199,24
19,212,40
19,214,383
19,216,117
19,217,319
19,221,320
19,224,259
19,230,280
19,242,285
19,251,131
19,264,20
19,275,192
19,278,133
20,1,252
20,2,124
20,3,247
20,4,129
20,6,485
20,11,50
20,12,375
20,13,444
20,14,34
20,15,288
20,16,316
20,19,225
20,22,201
20,24,367
20,26,125
20,27,429
20,28,263
20,32,531
20,37,466
20,38,320
20,39,497
20,40,400
20,41,167
20,44,125
20,45,248
20,48,435
20,49,237
20,50,234
20,53,11
20,54,383
20,55,515
20,58,465
20,59,151
20,70,88
20,72,258
20,82,162
20,85,282
20,87,424
20,91,491
20,92,419
20,95,199
20,96,450
20,99,343
20,104,508
20,108,151
20,115,419
20,120,13
20,122,84
20,123,328
20,127,86
20,128,335
20,133,390
20,137,177
20,143,76
20,146,452
20,156,333
20,157,42
20,164,307
20,170,569
20,172,136
20,179,344
20,180,108
20,182,510
20,187,155
20,194,310
20,201,536
20,209,484
20,214,377
20,216,157
20,217,336
20,223,405
20,229,451
20,231,579
20,241,250
20,248,102
20,254,361
20,266,588
20,267,272
20,269,490
20,274,522
20,279,508
20,287,572
20,291,78
20,299,337
21,1,347
21,2,348
21,3,120
21,5,482
21,6,479
21,7,410
21,8,374
21,9,181
21,10,139
21,11,104
21,12,231
21,13,294
21,15,484
21,16,351
21,18,422
21,19,64
21,22,547
21,23,93
21,24,75
21,25,192
21,26,286
21,27,554
21,28,226
21,29,418
21,30,494
21,31,360
21,32,596
21,33,526
21,34,47
21,35,128
21,36,361
21,37,363
21,40,315
21,41,184
21,43,433
21,44,127
21,46,415
21,47,539
21,50,290
21,55,571
21,56,423
21,57,591
21,60,89
21,62,462
21,63,107
21,66,199
21,68,160
21,69,267
21,72,511
21,75,51
21,81,417
21,84,284
21,85,491
21,87,135
21,93,575
21,96,253
21,100,95
21,101,57
21,105,151
21,106,101
21,108,457
21,113,241
21,117,93
21,119,426
21,123,107
21,130,585
21,134,488
21,136,436
21,143,90
21,145,44
21,147,495
21,149,319
21,154,297
21,156,381
21,163,348
21,165,507
21,166,354
21,172,65
21,174,222
21,176,248
21,195,101
21,218,343
21,227,30
21,231,430
21,232,61
21,233,340
21,236,303
21,242,573
21,247,217
21,261,35
21,263,268
21,264,407
21,269,342
21,271,272
21,280,273
21,287,421
21,291,509
22,1,267
22,3,80
22,5,151
22,6,90
22,8,583
22,9,483
22,10,560
22,12,368
22,14,409
22,15,212
22,16,44
22,18,74
22,19,1
22,20,201
22,21,547
22,25,419
22,26,71
22,29,472
22,30,599
22,31,84
22,32,497
22,33,32
22,35,323
22,36,551
22,37,11
22,38,80
22,39,469
22,40,7
22,44,572
22,45,12
22,46,201
22,49,271
22,50,49
22,51,471
22,52,110
22,54,113
22,56,510
22,57,561
22,58,286
22,59,406
22,60,496
22,66,424
22,69,69
22,70,288
22,73,527
22,74,474
22,76,27
22,80,131
22,81,264
22,82,154
22,84,496
22,85,129
22,88,492
22,91,541
22,96,429
22,102,547
22,105,383
22,111,22
22,112,334
22,116,51
22,117,595
22,122,231
22,128,31
22,129,517
22,133,457
22,136,7
22,146,406
22,151,522
22,154,18
22,163,320
22,164,321
22,165,261
22,169,525
22,181,557
22,183,435
22,193,476
22,210,542
22,233,504
22,241,443
22,242,148
22,247,269
22,263,412
22,268,550
22,276,217
22,281,466
22,290,6
22,295,294
22,299,214
23,1,266
23,3,323
23,7,170
23,10,279
23,12,276
23,13,501
23,15,27
23,16,562
23,17,460
23,18,440
23,21,93
23,24,64
23,25,326
23,26,560
23,28,86
23,29,145
23,32,532
23,33,328
23,34,255
23,35,104
23,38,276
23,39,79
23,42,47
23,43,200
23,49,552
23,50,106
23,51,447
23,53,530
23,54,174
23,55,435
23,58,597
23,59,480
23,61,142
23,64,38
23,66,179
23,73,229
23,74,472
23,76,169
23,78,117
23,80,548
23,84,570
23,85,72
23,89,159
23,93,206
23,94,288
23,105,256
23,109,378
23,110,238
23,114,119
23,117,546
23,121,239
23,124,221
23,125,201
23,128,386
23,132,31
23,138,571
23,145,484
23,153,247
23,161,25
23,163,495
23,164,453
23,168,412
23,177,554
23,178,352
23,181,410
23,182,385
23,186,304
23,205,345
23,206,132
23,215,475
23,218,430
23,220,234
23,228,273
23,234,154
23,237,562
23,239,210
23,266,265
23,270,516
23,281,587
23,287,294
24,1,499
24,2,431
24,3,309
24,4,262
24,5,93
24,6,408
24,10,26
24,14,264
24,15,187
24,16,395
24,17,126
24,18,74
24,20,367
24,21,75
24,23,64
24,27,8
24,29,305
24,30,598
24,31,44
24,33,319
24,34,531
24,35,357
24,36,429
24,37,87
24,38,215
24,39,481
24,44,179
24,48,257
24,50,192
24,53,18
24,55,492
24,57,420
24,59,212
24,60,59
24,61,508
24,62,589
24,64,296
24,69,586
24,74,437
24,75,355
24,77,329
24,78,152
24,79,51
24,83,600
24,90,578
24,91,456
24,95,51
24,96,54
24,99,134
24,106,277
24,109,71
24,110,388
24,118,158
24,124,342
24,131,493
24,132,19
24,137,470
24,139,585
24,141,124
24,150,463
24,151,140
24,152,254
24,155,551
24,160,128
24,161,466
24,162,360
24,174,383
24,177,409
24,186,488
24,193,494
24,199,241
24,203,63
24,211,537
24,223,528
24,247,384
24,256,138
24,259,185
24,276,152
24,279,194
24,280,4
24,291,517
25,1,82
25,2,276
25,3,527
25,4,182
25,5,288
25,6,366
25,8,354
25,9,249
25,12,378
25,14,189
25,17,592
25,21,192
25,22,419
25,23,326
25,28,564
25,29,104
25,30,143
25,34,127
25,40,74
25,41,195
25,42,335
25,44,486
25,47,328
25,49,410
25,50,315
25,51,400
25,52,387
25,55,424
25,56,274
25,57,180
25,58,540
25,60,527
25,61,338
25,62,458
25,68,226
25,71,252
25,72,519
25,73,106
25,74,59
25,77,156
25,79,316
25,81,45
25,82,568
25,83,94
25,86,310
25,89,512
25,92,204
25,93,233
25,94,212
25,97,380
25,98,33
25,100,207
25,102,435
25,103,455
25,112,572
25,118,158
25,129,104
25,137,136
25,141,588
25,150,249
25,152,577
25,157,262
25,158,421
25,160,557
25,165,523
25,184,188
25,200,512
25,201,592
25,209,139
25,212,56
25,217,314
25,239,30
25,248,529
25,249,385
25,252,536
25,272,23
25,276,593
25,279,267
26,1,224
26,2,431
26,4,558
26,5,352
26,6,532
26,7,69
26,8,476
26,9,157
26,12,409
26,14,465
26,16,414
26,17,160
26,18,204
26,19,269
26,20,125
26,21,286
26,22,71
26,23,560
26,27,551
26,28,31
26,30,469
26,31,349
26,32,442
26,40,529
26,41,213
26,42,279
26,44,333
26,45,111
26,46,310
26,48,469
26,49,428
26,50,335
26,51,250
26,52,23
26,55,48
26,56,439
26,60,374
26,61,103
26,64,481
26,67,29
26,68,578
26,70,89
26,85,180
26,86,401
26,89,585
26,93,290
26,96,85
26,98,102
26,99,588
26,103,339
26,106,94
26,112,127
26,116,301
26,121,37
26,129,60
26,131,354
26,135,600
26,138,436
26,139,250
26,140,600
26,142,47
26,151,184
26,153,443
26,161,309
26,166,235
26,169,548
26,173,536
26,176,458
26,182,524
26,183,327
26,185,377
26,189,557
26,203,55
26,209,519
26,212,29
26,215,194
26,226,173
26,228,502
26,230,137
26,243,173
26,246,433
26,248,118
26,251,400
26,252,331
26,256,561
26,257,370
26,271,67
26,277,201
26,280,162
26,292,591
26,296,379
27,1,298
27,3,409
27,4,500
27,6,234
27,9,403
27,10,300
27,12,378
27,14,25
27,15,523
27,17,208
27,19,70
27,20,429
27,21,554
27,24,8
27,26,551
27,28,474
27,29,372
27,30,422
27,31,192
27,32,426
27,33,374
27,34,589
27,35,268
27,36,69
27,37,549
27,38,493
27,41,529
27,45,121
27,46,370
27,49,462
27,52,54
27,53,558
27,55,6
27,62,202
27,65,186
27,67,528
27,72,78
27,76,14
27,79,457
27,85,365
27,89,92
27,93,248
27,95,502
27,97,364
27,98,221
27,99,418
27,101,547
27,106,279
27,108,75
27,110,276
27,113,241
27,117,120
27,121,108
27,122,356
27,124,567
27,131,135
27,138,3
27,139,562
27,144,254
27,151,581
27,161,280
27,176,98
27,180,179
27,187,267
27,188,282
27,198,4
27,221,339
27,226,209
27,229,495
27,251,110
27,276,414
27,292,202
27,295,547
28,1,228
28,2,328
28,3,279
28,5,355
28,8,440
28,10,157
28,11,216
28,13,181
28,14,297
28,15,290
28,16,418
28,17,458
28,18,576
28,19,465
28,20,263
28,21,226
28,23,86
28,25,564
28,26,31
28,27,474
28,29,324
28,32,412
28,33,63
28,35,553
28,36,26
28,37,402
28,38,295
28,39,399
28,42,122
28,43,453
28,45,52
28,46,389
28,47,238
28,50,339
28,51,586
28,53,364
28,57,66
28,61,306
28,65,264
28,67,229
28,70,266
28,71,240
28,73,282
28,74,191
28,75,365
28,76,113
28,77,412
28,79,213
28,83,419
28,84,487
28,88,59
28,89,238
28,91,448
28,94,408
28,95,553
28,98,334
28,109,141
28,111,513
28,112,566
28,119,308
28,120,291
28,121,21
28,126,291
28,128,166
28,129,481
28,132,28
28,143,424
28,146,5
28,152,284
28,153,146
28,155,198
28,157,177
28,166,512
28,169,175
28,170,374
28,171,343
28,173,206
28,178,62
28,180,498
28,186,95
28,190,474
28,207,308
28,212,32
28,224,179
28,236,201
28,256,580
28,258,445
28,266,254
28,270,147
28,271,29
28,285,59
28,287,420
28,294,95
28,298,548
29,3,437
29,6,7
29,7,502
29,8,363
29,11,222
29,13,75
29,14,549
29,18,501
29,19,229
29,21,418
29,22,472
29,23,145
29,24,305
29,25,104
29,27,372
29,28,324
29,30,504
29,31,494
29,32,348
29,35,66
29,36,178
29,37,599
29,38,387
29,41,53
29,43,77
29,44,41
29,46,228
29,49,431
29,51,281
29,58,69
29,59,573
29,61,95
29,64,297
29,67,74
29,68,49
29,74,339
29,77,518
29,78,126
29,79,401
29,80,3
29,85,590
29,88,226
29,89,275
29,98,182
29,103,452
29,109,280
29,111,416
29,112,454
29,118,158
29,119,65
29,120,168
29,121,156
29,131,26
29,140,439
29,143,386
29,155,221
29,156,63
29,162,191
29,167,182
29,175,211
29,185,528
29,198,91
29,201,547
29,203,466
29,208,364
29,210,151
29,214,348
29,217,512
29,228,244
29,234,471
29,249,172
29,254,84
29,260,558
29,261,428
29,262,42
29,266,331
29,274,134
29,295,303
29,299,286
30,4,33
30,5,338
30,7,441
30,11,442
30,12,213
30,14,312
30,17,315
30,19,73
30,21,494
30,22,599
30,24,598
30,25,143
30,26,469
30,27,422
30,29,504
30,31,356
30,32,87
30,33,463
30,35,8
30,36,206
30,37,290
30,39,559
30,42,480
30,43,66
30,45,49
30,47,509
30,48,55
30,49,306
30,50,505
30,51,60
30,55,204
30,56,98
30,58,348
30,59,237
30,61,80
30,63,31
30,64,590
30,65,308
30,70,115
30,71,365
30,78,571
30,79,576
30,80,512
30,81,497
30,83,575
30,84,202
30,85,94
30,88,260
30,92,377
30,93,572
30,98,382
30,102,393
30,103,257
30,105,62
30,109,395
30,113,198
30,121,193
30,129,416
30,131,115
30,141,118
30,142,452
30,143,93
30,144,422
30,153,45
30,157,471
30,158,556
30,167,530
30,170,133
30,177,266
30,193,433
30,194,146
30,206,334
30,211,370
30,212,175
30,218,540
30,221,105
30,225,228
30,226,197
30,230,312
30,231,474
30,233,173
30,236,377
30,244,34
30,249,75
30,253,376
30,255,327
30,270,101
30,279,167
30,288,345
30,289,571
30,295,144
30,299,241
31,1,308
31,2,202
31,4,488
31,5,64
31,7,557
31,8,98
31,10,88
31,16,4
31,18,109
31,19,357
31,21,360
31,22,84
31,24,44
31,26,349
31,27,192
31,29,494
31,30,356
31,32,323
31,33,123
31,34,354
31,35,37
31,36,228
31,38,389
31,40,85
31,41,517
31,45,189
31,47,97
31,48,448
31,49,74
31,50,323
31,52,599
31,53,376
31,54,573
31,55,518
31,58,133
31,63,400
31,64,407
31,68,135
31,69,61
31,70,399
31,71,600
31,76,281
31,77,383
31,79,387
31,82,62
31,85,307
31,88,90
31,89,235
31,91,82
31,93,130
31,97,197
31,107,262
31,108,343
31,110,34
31,116,288
31,117,337
31,126,485
31,130,501
31,136,107
31,148,597
31,152,357
31,153,566
31,155,212
31,156,496
31,161,292
31,164,433
31,171,265
31,173,441
31,175,545
31,178,255
31,184,261
31,196,206
31,204,505
31,206,147
31,218,227
31,233,61
31,238,203
31,239,82
31,244,468
31,246,442
31,249,158
31,250,489
31,260,520
31,281,7
31,282,270
31,283,226
31,292,221
31,297,66
32,2,175
32,3,528
32,4,56
32,5,168
32,7,409
32,9,346
32,10,360
32,12,182
32,13,316
32,16,222
32,17,485
32,18,23
32,19,188
32,20,531
32,21,596
32,22,497
32,23,532
32,26,442
32,27,426
32,28,412
32,29,348
32,30,87
32,31,323
32,33,235
32,34,69
32,35,119
32,36,539
32,37,565
32,38,392
32,39,586
32,40,133
32,41,504
32,43,332
32,45,32
32,46,181
32,49,53
32,51,41
32,52,381
32,54,359
32,56,549
32,58,155
32,59,431
32,64,238
32,68,31
32,70,85
32,71,430
32,73,80
32,75,568
32,86,466
32,97,91
32,100,380
32,101,473
32,103,599
32,105,249
32,110,587
32,114,278
32,115,336
32,123,550
32,126,526
32,127,145
32,131,573
32,135,403
32,137,589
32,143,422
32,160,463
32,175,121
32,177,426
32,180,38
32,181,48
32,182,574
32,187,332
32,192,72
32,204,448
32,210,447
32,216,277
32,222,254
32,223,594
32,232,534
32,234,44
32,240,484
32,244,109
32,245,186
32,248,482
32,249,585
32,255,60
32,258,442
32,265,423
32,283,329
32,292,250
32,294,163
32,300,460
33,1,545
33,2,477
33,3,511
33,6,573
33,7,198
33,8,235
33,9,241
33,10,448
33,11,420
33,14,553
33,15,193
33,16,420
33,18,15
33,19,391
33,21,526
33,22,32
33,23,328
33,24,319
33,27,374
33,28,63
33,30,463
33,31,123
33,32,235
33,34,503
33,35,136
33,39,501
33,42,551
33,43,26
33,44,475
33,46,7
33,51,107
33,52,113
33,53,491
33,56,157
33,57,599
33,60,475
33,66,203
33,69,130
33,74,48
33,77,428
33,80,101
33,88,103
33,89,8
33,91,221
33,94,329
33,97,516
33,107,490
33,110,509
33,113,46
33,116,354
33,119,115
33,120,566
33,130,246
33,136,282
33,137,216
33,139,486
33,143,492
33,146,504
33,157,154
33,169,253
33,173,368
33,186,556
33,189,528
33,196,480
33,214,114
33,218,199
33,222,193
33,223,241
33,236,225
33,244,582
33,266,162
33,267,505
33,270,354
33,289,460
34,1,385
34,2,3
34,5,440
34,6,192
34,7,528
34,8,233
34,10,82
34,11,212
34,12,359
34,13,430
34,15,361
34,16,574
34,18,578
34,19,108
34,21,47
34,23,255
34,24,531
34,25,127
34,27,589
34,31,354
34,32,69
34,33,503
34,36,165
34,38,245
34,39,550
34,41,270
34,43,595
34,46,358
34,48,520
34,52,438
34,54,415
34,59,398
34,61,245
34,64,351
34,66,177
34,68,578
34,69,48
34,70,309
34,73,44
34,75,521
34,78,578
34,88,222
34,90,506
34,93,383
34,94,393
34,96,72
34,97,370
34,101,147
34,109,398
34,111,402
34,127,152
34,131,444
34,132,329
34,136,295
34,138,335
34,141,100
34,143,521
34,148,451
34,154,278
34,157,594
34,159,575
34,163,594
34,164,516
34,170,392
34,172,476
34,178,140
34,180,60
34,181,482
34,185,425
34,188,439
34,191,164
34,197,543
34,198,285
34,235,315
34,237,435
34,250,401
34,255,314
34,259,17
34,275,23
34,276,53
34,277,275
34,281,452
35,1,490
35,4,549
35,6,452
35,7,10
35,11,159
35,12,270
35,13,287
35,14,385
35,15,70
35,16,388
35,17,102
35,21,128
35,22,323
35,23,104
35,24,357
35,27,268
35,28,553
35,29,66
35,30,8
35,31,37
35,32,119
35,33,136
35,37,333
35,38,302
35,39,199
35,40,72
35,42,74
35,45,564
35,46,276
35,48,541
35,51,478
35,55,256
35,56,539
35,57,527
35,60,16
35,61,131
35,63,280
35,66,85
35,68,405
35,69,433
35,72,59
35,76,182
35,77,316
35,78,183
35,79,84
35,80,383
35,81,110
35,89,53
35,92,175
35,104,546
35,118,110
35,119,369
35,122,163
35,126,232
35,130,256
35,132,578
35,140,436
35,145,315
35,152,232
35,159,463
35,168,510
35,169,428
35,171,369
35,175,353
35,182,464
35,185,584
35,187,505
35,203,467
35,208,469
35,209,293
35,213,597
35,222,477
35,229,322
35,232,32
35,250,85
35,262,336
35,268,174
35,279,508
35,281,501
35,285,46
35,290,312
35,295,162
35,300,185
36,2,284
36,3,196
36,4,495
36,5,500
36,6,80
36,7,10
36,8,381
36,9,388
36,10,316
36,11,289
36,13,198
36,14,548
36,15,260
36,17,246
36,18,175
36,19,170
36,21,361
36,22,551
36,24,429
36,27,69
36,28,26
36,29,178
36,30,206
36,31,228
36,32,539
36,34,165
36,38,507
36,41,543
36,42,337
36,43,495
36,44,539
36,45,230
36,46,198
36,47,15
36,48,365
36,50,243
36,51,335
36,52,139
36,54,347
36,56,166
36,61,207
36,62,374
36,63,560
36,64,25
36,65,375
36,69,79
36,71,527
36,77,475
36,78,477
36,79,418
36,80,45
36,81,67
36,83,248
36,87,564
36,88,294
36,92,415
36,94,532
36,96,267
36,98,332
36,99,570
36,104,117
36,105,235
36,108,435
36,119,4
36,122,522
36,125,277
36,126,12
36,128,306
36,132,420
36,144,224
36,147,36
36,150,437
36,152,274
36,153,501
36,156,189
36,169,190
36,170,369
36,173,407
36,178,321
36,182,320
36,183,287
36,184,57
36,199,223
36,202,509
36,213,542
36,231,22
36,233,237
36,238,341
36,245,518
36,248,119
36,253,482
36,255,1
36,256,269
36,266,417
36,270,100
36,276,360
36,281,169
36,295,156
37,1,219
37,3,418
37,4,45
37,5,280
37,6,264
37,7,224
37,8,190
37,9,582
37,10,155
37,12,204
37,13,415
37,14,209
37,16,117
37,18,415
37,20,466
37,21,363
37,22,11
37,24,87
37,27,549
37,28,402
37,29,599
37,30,290
37,32,565
37,35,333
37,38,268
37,39,388
37,40,504
37,41,554
37,43,69
37,51,464
37,56,227
37,59,282
37,62,558
37,67,509
37,68,91
37,70,155
37,71,290
37,72,342
37,74,498
37,75,468
37,77,163
37,78,74
37,80,12
37,82,105
37,84,381
37,87,19
37,99,513
37,105,266
37,109,476
37,112,591
37,113,66
37,117,226
37,125,566
37,130,170
37,134,258
37,136,446
37,143,270
37,146,506
37,148,366
37,163,35
37,170,103
37,171,334
37,173,448
37,184,592
37,188,595
37,196,195
37,197,247
37,200,127
37,207,383
37,208,584
37,210,49
37,221,166
37,228,181
37,232,500
37,238,307
37,240,188
37,245,72
37,277,194
37,281,562
37,286,453
37,287,542
37,292,431
38,1,584
38,3,432
38,4,453
38,9,265
38,10,73
38,13,576
38,15,57
38,16,186
38,18,23
38,19,112
38,20,320
38,22,80
38,23,276
38,24,215
38,27,493
38,28,295
38,29,387
38,31,389
38,32,392
38,34,245
38,35,302
38,36,507
38,37,268
38,40,291
38,41,387
38,42,80
38,44,505
38,45,107
38,48,511
38,49,32
38,52,376
38,54,74
38,58,407
38,60,12
38,61,35
38,67,201
38,72,282
38,74,225
38,76,401
38,79,270
38,82,99
38,83,304
38,84,406
38,90,293
38,105,185
38,116,562
38,117,184
38,124,264
38,125,495
38,132,38
38,134,376
38,148,357
38,154,25
38,162,521
38,166,332
38,172,362
38,173,514
38,180,369
38,191,571
38,193,213
38,195,80
38,199,227
38,212,284
38,234,359
38,240,180
38,259,105
38,260,146
38,291,330
38,295,491
38,296,86
39,1,525
39,3,545
39,4,550
39,5,412
39,6,97
39,7,45
39,8,421
39,9,105
39,10,506
39,11,379
39,12,431
39,13,431
39,15,283
39,17,132
39,19,16
39,20,497
39,22,469
39,23,79
39,24,481
39,28,399
39,30,559
39,32,586
39,33,501
39,34,550
39,35,199
39,37,388
39,40,569
39,42,246
39,43,245
39,47,393
39,49,559
39,50,464
39,52,415
39,53,333
39,55,376
39,58,424
39,62,284
39,64,462
39,65,594
39,66,104
39,67,356
39,70,280
39,77,333
39,79,208
39,80,372
39,82,189
39,87,516
39,88,539
39,90,148
39,94,503
39,96,284
39,97,140
39,98,428
39,99,347
39,101,43
39,103,586
39,105,132
39,106,270
39,111,470
39,114,159
39,122,313
39,125,101
39,129,46
39,131,192
39,132,547
39,134,450
39,138,251
39,143,559
39,144,318
39,145,347
39,149,258
39,154,106
39,158,175
39,162,144
39,167,590
39,172,257
39,176,168
39,185,169
39,187,350
39,191,85
39,192,48
39,196,500
39,197,351
39,209,199
39,214,447
39,218,386
39,220,280
39,222,156
39,224,231
39,225,84
39,230,51
39,255,255
39,260,52
39,278,568
39,285,366
39,286,323
39,288,361
40,3,264
40,4,207
40,5,53
40,6,99
40,7,190
40,9,462
40,11,578
40,13,60
40,15,563
40,16,458
40,17,391
40,19,128
40,20,400
40,21,315
40,22,7
40,25,74
40,26,529
40,31,85
40,32,133
40,35,72
40,37,504
40,38,291
40,39,569
40,42,1
40,44,79
40,47,219
40,48,582
40,51,600
40,57,53
40,59,373
40,61,426
40,63,41
40,65,141
40,67,328
40,68,237
40,71,380
40,72,173
40,73,190
40,74,96
40,75,142
40,76,340
40,84,373
40,85,165
40,87,344
40,90,39
40,96,415
40,98,570
40,103,276
40,111,482
40,114,13
40,124,480
40,128,127
40,131,347
40,134,237
40,136,433
40,141,256
40,144,574
40,145,328
40,164,600
40,165,15
40,170,218
40,173,408
40,176,439
40,199,147
40,209,258
40,211,53
40,219,514
40,226,531
40,239,171
40,250,219
40,256,355
40,261,523
40,264,156
40,279,55
40,291,512
40,294,403
41,1,316
41,2,48
41,4,150
41,5,299
41,7,449
41,9,366
41,11,222
41,13,368
41,14,165
41,15,515
41,16,40
41,17,419
41,18,405
41,19,194
41,20,167
41,21,184
41,25,195
41,26,213
41,27,529
41,29,53
41,31,517
41,32,504
41,34,270
41,36,543
41,37,554
41,38,387
41,42,290
41,43,223
41,46,273
41,48,492
41,49,418
41,50,317
41,54,358
41,55,438
41,57,595
41,58,161
41,59,160
41,61,337
41,62,170
41,65,27
41,67,71
41,70,344
41,86,573
41,91,120
41,92,580
41,95,503
41,99,218
41,101,155
41,102,180
41,103,524
41,104,289
41,109,323
41,112,373
41,113,157
41,129,496
41,131,580
41,133,600
41,136,251
41,138,14
41,143,528
41,149,32
41,151,440
41,152,544
41,155,347
41,156,225
41,165,162
41,169,17
41,172,359
41,174,374
41,175,165
41,183,503
41,188,10
41,192,359
41,211,179
41,228,340
41,234,62
41,235,65
41,239,411
41,254,177
41,258,60
41,260,350
41,286,312
41,288,22
41,296,112
42,1,175
42,2,137
42,4,594
42,5,574
42,6,80
42,9,458
42,11,27
42,13,153
42,17,522
42,18,249
42,23,47
42,25,335
42,26,279
42,28,122
42,30,480
42,33,551
42,35,74
42,36,337
42,38,80
42,39,246
42,40,1
42,41,290
42,43,215
42,45,403
42,46,122
42,47,211
42,51,69
42,53,360
42,58,289
42,62,203
42,64,559
42,67,37
42,70,336
42,73,20
42,75,18
42,79,247
42,82,457
42,90,188
42,91,311
42,92,218
42,95,187
42,97,147
42,98,153
42,100,65
42,102,500
42,105,106
42,108,218
42,115,476
42,116,417
42,122,185
42,125,406
42,134,384
42,157,426
42,158,592
42,160,585
42,165,356
42,175,544
42,177,114
42,181,179
42,193,82
42,194,561
42,196,34
42,200,300
42,202,516
42,203,143
42,223,80
42,235,392
42,244,537
42,247,583
42,261,266
42,268,387
42,274,363
42,282,442
43,2,453
43,3,20
43,4,416
43,6,384
43,7,199
43,9,431
43,12,312
43,13,420
43,15,549
43,17,302
43,21,433
43,23,200
43,28,453
43,29,77
43,30,66
43,32,332
43,33,26
43,34,595
43,36,495
43,37,69
43,39,245
43,41,223
43,42,215
43,44,559
43,45,262
43,46,59
43,50,572
43,55,385
43,56,27
43,57,230
43,60,325
43,61,16
43,62,584
43,63,22
43,64,51
43,65,158
43,70,43
43,72,177
43,77,461
43,86,396
43,88,273
43,89,579
43,93,324
43,96,169
43,98,15
43,103,66
43,104,252
43,114,416
43,115,476
43,116,426
43,119,43
43,120,368
43,125,4
43,126,473
43,127,502
43,132,110
43,137,132
43,142,337
43,154,567
43,155,69
43,163,343
43,165,441
43,192,264
43,194,562
43,195,577
43,207,557
43,209,38
43,213,53
43,222,543
43,237,477
43,238,323
43,243,165
43,245,449
43,252,225
43,279,84
43,280,318
43,285,173
43,287,153
44,3,553
44,4,569
44,5,476
44,8,93
44,9,378
44,11,150
44,12,256
44,13,227
44,14,113
44,20,125
44,21,127
44,22,572
44,24,179
44,25,486
44,26,333
44,29,41
44,33,475
44,36,539
44,38,505
44,40,79
44,43,559
44,47,151
44,48,518
44,49,564
44,51,135
44,52,17
44,53,503
44,54,21
44,60,77
44,63,116
44,66,191
44,74,162
44,77,293
44,81,555
44,83,1
44,85,163
44,92,406
44,95,228
44,96,372
44,99,561
44,103,538
44,110,216
44,111,384
44,113,197
44,115,11
44,118,305
44,119,235
44,122,582
44,136,18
44,140,254
44,141,1
44,145,363
44,147,155
44,154,525
44,166,231
44,170,570
44,174,566
44,176,66
44,179,468
44,188,580
44,191,132
44,194,529
44,195,87
44,200,393
44,202,413
44,203,502
44,208,315
44,218,522
44,220,458
44,226,202
44,249,121
44,256,582
44,270,187
44,272,343
44,282,304
44,291,387
44,296,390
44,299,445
45,1,555
45,3,163
45,4,46
45,5,570
45,7,572
45,8,11
45,11,312
45,15,502
45,17,356
45,18,426
45,19,145
45,20,248
45,22,12
45,26,111
45,27,121
45,28,52
45,30,49
45,31,189
45,32,32
45,35,564
45,36,230
45,38,107
45,42,403
45,43,262
45,47,236
45,48,426
45,49,303
45,50,82
45,51,28
45,59,226
45,63,346
45,65,520
45,66,173
45,73,46
45,76,441
45,77,594
45,80,60
45,81,289
45,83,397
45,84,111
45,90,331
45,95,125
45,97,142
45,98,292
45,99,455
45,101,521
45,109,306
45,111,165
45,113,300
45,117,234
45,118,409
45,120,386
45,122,57
45,127,307
45,132,496
45,134,476
45,135,553
45,137,104
45,148,331
45,149,501
45,150,308
45,157,357
45,160,400
45,171,104
45,177,152
45,178,19
45,179,453
45,181,434
45,187,15
45,189,366
45,211,404
45,214,178
45,219,84
45,227,2
45,231,350
45,241,594
45,250,285
45,251,14
45,275,544
45,283,233
46,7,471
46,10,130
46,11,304
46,14,569
46,15,444
46,16,265
46,17,489
46,19,34
46,21,415
46,22,201
46,26,310
46,27,370
46,28,389
46,29,228
46,32,181
46,33,7
46,34,358
46,35,276
46,36,198
46,41,273
46,42,122
46,43,59
46,47,374
46,49,304
46,50,385
46,54,382
46,56,314
46,57,97
46,58,235
46,61,12
46,62,179
46,63,22
46,66,172
46,68,399
46,70,231
46,74,6
46,75,434
46,78,285
46,81,170
46,84,8
46,85,87
46,90,74
46,99,21
46,100,8
46,104,343
46,107,531
46,108,65
46,109,124
46,113,531
46,114,213
46,118,5
46,130,377
46,142,575
46,143,360
46,144,155
46,145,487
46,147,119
46,148,131
46,151,394
46,166,501
46,191,592
46,204,181
46,208,134
46,227,589
46,234,356
46,236,242
46,256,598
46,263,141
46,266,348
46,267,203
46,268,224
46,272,218
46,273,8
46,276,497
46,286,295
46,289,82
47,1,290
47,3,416
47,4,93
47,5,147
47,9,30
47,11,101
47,12,197
47,13,266
47,14,378
47,16,262
47,17,481
47,19,4
47,21,539
47,25,328
47,28,238
47,30,509
47,31,97
47,36,15
47,39,393
47,40,219
47,42,211
47,44,151
47,45,236
47,46,374
47,48,444
47,49,263
47,50,550
47,51,222
47,52,282
47,53,263
47,54,53
47,56,318
47,59,538
47,60,205
47,61,461
47,62,508
47,63,227
47,65,328
47,66,6
47,70,203
47,71,488
47,76,554
47,78,110
47,80,91
47,82,269
47,85,545
47,97,7
47,101,577
47,102,132
47,104,504
47,110,267
47,111,241
47,112,5
47,114,523
47,116,90
47,118,545
47,122,467
47,123,151
47,125,93
47,129,29
47,131,12
47,133,580
47,138,213
47,142,436
47,149,342
47,153,309
47,162,161
47,165,242
47,172,35
47,174,16
47,177,331
47,183,386
47,186,16
47,190,486
47,194,588
47,198,541
47,203,248
47,210,132
47,220,523
47,225,330
47,227,404
47,246,457
47,248,221
47,251,433
47,267,470
47,272,320
47,274,34
47,289,558
47,293,231
48,1,367
48,6,354
48,8,360
48,10,118
48,11,591
48,12,497
48,14,129
48,18,414
48,19,135
48,20,435
48,24,257
48,26,469
48,30,55
48,31,448
48,34,520
48,35,541
48,36,365
48,38,511
48,40,582
48,41,492
48,44,518
48,45,426
48,47,444
48,50,409
48,53,302
48,55,584
48,56,567
48,57,257
48,65,406
48,69,303
48,71,205
48,73,244
48,76,568
48,79,546
48,83,194
48,84,463
48,86,396
48,87,557
48,91,443
48,92,390
48,95,269
48,96,360
48,100,195
48,101,421
48,105,122
48,110,412
48,111,464
48,114,597
48,116,318
48,117,264
48,119,260
48,123,340
48,125,461
48,139,294
48,170,423
48,175,331
48,179,167
48,185,298
48,186,113
48,203,491
48,206,476
48,232,354
48,248,43
48,256,32
48,259,3
48,271,423
48,290,194
48,296,41
49,3,446
49,6,53
49,7,332
49,9,465
49,13,442
49,17,285
49,18,401
49,20,237
49,22,271
49,23,552
49,25,410
49,26,428
49,27,462
49,29,431
49,30,306
49,31,74
49,32,53
49,38,32
49,39,559
