source,target,weight
1,2,238
1,3,238
1,4,197
1,5,552
1,7,361
1,8,465
1,9,431
1,10,434
1,11,552
1,12,305
1,13,80
1,14,27
1,16,250
1,22,451
1,23,582
1,25,224
1,26,281
1,27,598
1,29,566
1,30,149
1,32,81
1,33,403
1,34,413
1,35,465
1,36,195
1,38,255
1,39,204
1,41,466
1,45,210
1,47,2
1,48,259
1,50,155
1,58,497
1,60,77
1,61,300
1,64,247
1,65,333
1,70,348
1,79,560
1,81,219
1,83,132
1,84,205
1,85,124
1,88,192
1,92,310
1,93,73
1,98,363
1,102,255
1,107,367
1,112,427
1,117,365
1,120,68
1,121,230
1,140,299
1,168,21
1,169,179
1,175,486
1,176,503
1,241,140
1,252,365
1,277,572
1,286,363
1,298,72
2,1,238
2,4,77
2,5,432
2,6,173
2,7,585
2,8,254
2,9,273
2,10,138
2,11,534
2,12,199
2,13,542
2,14,341
2,16,134
2,17,370
2,18,254
2,19,472
2,20,81
2,21,407
2,22,33
2,23,43
2,26,1
2,27,30
2,28,232
2,30,456
2,31,286
2,32,179
2,35,84
2,38,89
2,43,399
2,44,172
2,47,5
2,51,474
2,54,24
2,67,485
2,68,441
2,72,158
2,76,498
2,82,369
2,83,188
2,84,173
2,87,90
2,107,586
2,110,469
2,112,62
2,113,507
2,119,578
2,131,235
2,134,14
2,149,199
2,152,242
2,160,25
2,164,291
2,172,101
2,174,537
2,175,516
2,188,117
2,207,424
2,240,579
2,257,8
2,259,257
3,1,238
3,5,401
3,6,199
3,7,405
3,8,447
3,10,33
3,14,346
3,15,43
3,19,217
3,20,499
3,21,470
3,24,351
3,25,327
3,28,75
3,32,319
3,40,201
3,45,70
3,50,241
3,57,82
3,63,72
3,69,295
3,72,322
3,75,262
3,78,171
3,79,348
3,82,585
3,88,230
3,90,448
3,93,305
3,96,374
3,103,1
3,104,302
3,105,534
3,117,345
3,123,44
3,125,253
3,127,185
3,128,87
3,139,175
3,140,69
3,160,585
3,181,286
3,191,405
3,197,558
3,227,545
3,230,264
4,1,197
4,2,77
4,5,245
4,6,152
4,7,128
4,8,1
4,9,119
4,11,585
4,12,246
4,13,444
4,14,31
4,15,450
4,16,120
4,19,389
4,22,488
4,23,375
4,24,203
4,26,425
4,28,118
4,29,552
4,30,384
4,32,405
4,33,312
4,34,313
4,35,205
4,36,146
4,37,412
4,38,47
4,40,274
4,41,559
4,42,173
4,47,30
4,50,121
4,53,523
4,57,505
4,58,116
4,59,33
4,64,50
4,67,397
4,71,447
4,80,449
4,81,375
4,85,337
4,94,412
4,102,275
4,105,339
4,111,553
4,113,461
4,115,483
4,120,13
4,122,307
4,123,443
4,126,289
4,133,12
4,164,345
4,179,49
4,192,452
4,210,236
4,225,212
4,238,121
4,261,435
4,262,39
4,263,62
4,269,279
5,1,552
5,2,432
5,3,401
5,4,245
5,6,293
5,8,436
5,9,389
5,10,399
5,11,252
5,12,374
5,14,262
5,15,222
5,16,99
5,17,502
5,18,384
5,19,509
5,21,368
5,22,371
5,23,104
5,27,125
5,28,484
5,31,377
5,34,332
5,35,503
5,38,269
5,44,102
5,46,268
5,48,524
5,52,481
5,53,533
5,54,374
5,56,392
5,57,450
5,61,146
5,65,381
5,67,183
5,74,553
5,84,32
5,87,91
5,94,188
5,98,362
5,106,486
5,122,131
5,130,514
5,154,365
5,165,85
5,167,259
5,174,556
5,208,325
5,216,109
5,217,370
5,224,591
5,248,126
5,287,564
5,291,489
5,295,521
5,296,224
6,2,173
6,3,199
6,4,152
6,5,293
6,7,462
6,8,164
6,9,116
6,10,165
6,12,82
6,13,116
6,14,139
6,17,168
6,18,257
6,20,274
6,21,519
6,22,227
6,23,5
6,24,570
6,25,166
6,26,89
6,27,82
6,28,546
6,30,547
6,32,472
6,33,288
6,34,558
6,37,250
6,38,142
6,39,583
6,41,561
6,42,157
6,45,202
6,46,151
6,49,550
6,60,251
6,64,141
6,69,33
6,71,424
6,74,587
6,79,418
6,81,336
6,93,516
6,94,566
6,97,154
6,102,255
6,108,277
6,113,471
6,117,130
6,154,315
6,164,149
6,178,545
6,180,596
6,206,473
6,211,423
6,226,66
6,235,90
6,245,173
6,266,234
6,271,205
6,275,10
6,286,21
7,1,361
7,2,585
7,3,405
7,4,128
7,6,462
7,8,483
7,9,238
7,10,268
7,12,171
7,13,587
7,14,129
7,16,116
7,18,140
7,19,584
7,20,223
7,25,225
7,26,315
7,27,566
7,28,402
7,30,317
7,32,377
7,37,288
7,38,31
7,39,253
7,41,469
7,42,7
7,46,579
7,48,180
7,52,519
7,53,56
7,55,237
7,61,191
7,65,560
7,66,433
7,69,576
7,73,503
7,79,99
7,80,565
7,81,409
7,82,310
7,85,225
7,88,524
7,100,506
7,101,267
7,103,266
7,110,566
7,121,344
7,129,88
7,141,88
7,144,69
7,145,549
7,156,132
7,158,264
7,160,230
7,165,398
7,171,236
7,175,440
7,179,423
7,198,115
7,211,596
7,219,515
7,222,427
7,227,29
7,228,200
7,235,351
7,244,552
7,245,32
7,248,426
8,1,465
8,2,254
8,3,447
8,4,1
8,5,436
8,6,164
8,7,483
8,9,469
8,10,445
8,11,422
8,12,220
8,14,389
8,15,33
8,16,183
8,18,274
8,19,244
8,20,487
8,22,527
8,23,563
8,24,463
8,28,206
8,29,464
8,31,65
8,35,258
8,39,506
8,40,310
8,43,585
8,46,145
8,47,33
8,53,369
8,54,319
8,59,290
8,64,555
8,66,58
8,70,3
8,71,254
8,74,454
8,78,133
8,94,237
8,100,351
8,110,51
8,112,328
8,114,209
8,125,489
8,131,119
8,137,81
8,157,408
8,161,145
8,162,20
8,174,423
8,176,421
8,192,240
8,201,74
8,210,8
8,223,20
8,263,402
8,270,99
8,292,161
8,293,47
8,296,307
9,1,431
9,2,273
9,4,119
9,5,389
9,6,116
9,7,238
9,8,469
9,10,480
9,11,189
9,13,205
9,15,19
9,17,429
9,20,239
9,21,209
9,24,308
9,25,382
9,26,178
9,27,496
9,28,540
9,30,178
9,31,17
9,33,81
9,36,440
9,40,183
9,42,150
9,43,157
9,48,46
9,49,579
9,51,104
9,53,293
9,72,556
9,74,281
9,81,326
9,87,105
9,89,582
9,90,247
9,91,486
9,96,567
9,99,132
9,101,404
9,103,148
9,104,524
9,105,428
9,118,220
9,120,579
9,121,577
9,127,510
9,131,504
9,138,62
9,140,312
9,143,587
9,151,540
9,154,102
9,167,59
9,197,321
9,233,480
9,234,197
9,264,59
9,287,62
9,291,111
9,298,542
9,300,568
10,1,434
10,2,138
10,3,33
10,5,399
10,6,165
10,7,268
10,8,445
10,9,480
10,11,76
10,13,359
10,15,246
10,16,14
10,17,326
10,18,487
10,19,537
10,20,289
10,24,553
10,25,96
10,26,88
10,28,406
10,29,23
10,35,201
10,36,320
10,41,403
10,43,529
10,44,285
10,45,127
10,47,268
10,48,586
10,49,13
10,50,365
10,51,363
10,55,94
10,56,89
10,58,467
10,61,139
10,64,494
10,66,337
10,77,143
10,83,319
10,92,151
10,109,385
10,114,558
10,115,3
10,124,531
10,144,40
10,147,488
10,152,131
10,170,383
10,198,30
10,200,473
10,252,535
11,1,552
11,2,534
11,4,585
11,5,252
11,8,422
11,9,189
11,10,76
11,12,243
11,13,517
11,14,435
11,15,595
11,16,463
11,17,396
11,18,194
11,19,528
11,22,360
11,23,325
11,25,421
11,27,56
11,28,398
11,29,217
11,30,483
11,32,118
11,34,531
11,35,310
11,36,543
11,42,453
11,43,153
11,44,557
11,45,54
11,46,104
11,49,311
11,51,535
11,52,409
11,55,297
11,57,561
11,62,284
11,63,316
11,64,279
11,66,16
11,68,122
11,72,586
11,73,137
11,75,155
11,77,433
11,80,300
11,84,440
11,89,395
11,93,355
11,94,184
11,95,11
11,106,335
11,109,199
11,120,85
11,123,237
11,129,591
11,139,320
11,165,251
11,176,163
11,189,403
11,190,312
11,202,33
11,218,346
11,238,330
11,273,189
11,281,41
11,288,55
11,294,460
11,297,173
12,1,305
12,2,199
12,4,246
12,5,374
12,6,82
12,7,171
12,8,220
12,11,243
12,13,51
12,14,58
12,15,516
12,16,334
12,18,133
12,19,378
12,25,420
12,28,275
12,29,343
12,30,214
12,31,195
12,33,319
12,34,193
12,35,519
12,37,414
12,38,216
12,40,196
12,43,322
12,45,210
12,50,15
12,51,516
12,52,305
12,57,67
12,58,391
12,69,530
12,71,42
12,72,456
12,80,588
12,87,548
12,91,510
12,102,466
12,105,512
12,108,158
12,115,423
12,124,544
12,130,196
12,139,436
12,142,471
12,151,442
12,155,366
12,173,515
12,178,440
12,185,74
12,198,320
12,204,261
12,211,532
12,215,459
12,250,23
12,253,133
12,267,95
12,272,220
12,282,540
12,284,278
12,294,147
12,300,128
13,1,80
13,2,542
13,4,444
13,6,116
13,7,587
13,9,205
13,10,359
13,11,517
13,12,51
13,14,208
13,15,36
13,16,379
13,18,111
13,19,359
13,20,288
13,21,89
13,22,525
13,23,279
13,24,59
13,26,334
13,30,106
13,31,152
13,32,546
13,33,514
13,36,256
13,37,580
13,39,140
13,41,425
13,43,507
13,45,361
13,49,33
13,61,375
13,62,442
13,64,261
13,66,300
13,68,18
13,71,341
13,75,277
13,76,363
13,79,26
13,82,205
13,83,517
13,93,540
13,98,188
13,101,427
13,102,11
13,113,75
13,120,390
13,125,584
13,139,73
13,141,274
13,147,325
13,148,465
13,157,600
13,158,20
13,184,376
13,195,130
13,212,445
13,219,562
13,234,168
13,264,150
13,281,367
13,292,490
14,1,27
14,2,341
14,3,346
14,4,31
14,5,262
14,6,139
14,7,129
14,8,389
14,11,435
14,12,58
14,13,208
14,15,364
14,17,409
14,18,110
14,19,289
14,20,273
14,21,53
14,27,499
14,28,391
14,31,11
14,32,494
14,33,430
14,35,585
14,36,54
14,38,56
14,39,591
14,44,527
14,45,454
14,48,531
14,53,140
14,55,83
14,58,537
14,59,544
14,62,448
14,65,514
14,66,97
14,70,404
14,73,12
14,76,417
14,80,388
14,82,17
14,84,151
14,98,266
14,106,348
14,121,101
14,129,135
14,141,217
14,145,565
14,155,338
14,157,506
14,174,507
14,178,75
14,201,380
14,210,51
14,227,322
14,229,455
14,239,595
14,247,383
14,251,87
14,271,443
14,276,424
14,285,251
14,299,164
15,3,43
15,4,450
15,5,222
15,8,33
15,9,19
15,10,246
15,11,595
15,12,516
15,13,36
15,14,364
15,16,414
15,17,87
15,18,483
15,19,339
15,20,273
15,21,13
15,23,283
15,25,452
15,26,376
15,27,587
15,28,326
15,31,23
15,33,7
15,35,558
15,39,403
15,41,165
15,43,222
15,44,99
15,45,123
15,46,491
15,47,400
15,52,320
15,53,448
15,58,13
15,61,333
15,62,80
15,66,32
15,69,92
15,84,266
15,86,210
15,87,347
15,91,593
15,98,188
15,101,362
15,110,83
15,113,351
15,115,65
15,120,360
15,127,285
15,145,514
15,150,417
15,164,473
15,183,65
15,192,384
15,216,134
15,217,342
15,221,215
15,232,190
15,257,398
15,260,128
15,271,28
16,1,250
16,2,134
16,4,120
16,5,99
16,7,116
16,8,183
16,10,14
16,11,463
16,12,334
16,13,379
16,15,414
16,17,360
16,18,169
16,20,104
16,21,159
16,22,170
16,24,389
16,25,474
16,35,306
16,36,397
16,38,597
16,39,124
16,40,272
16,42,160
16,43,317
16,46,513
16,48,372
16,49,127
16,52,131
16,53,109
16,54,386
16,56,452
16,60,559
16,63,151
16,64,518
16,67,456
16,70,317
16,74,403
16,75,144
16,83,495
16,86,282
16,96,33
16,98,87
16,104,207
16,108,307
16,109,516
16,120,417
16,126,532
16,132,282
16,134,111
16,137,295
16,141,295
16,143,592
16,144,374
16,149,307
16,154,153
16,158,452
16,159,487
16,164,326
16,167,216
16,186,496
16,191,5
16,216,574
16,231,244
16,261,137
16,262,141
16,272,503
16,273,53
16,298,157
17,2,370
17,5,502
17,6,168
17,9,429
17,10,326
17,11,396
17,14,409
17,15,87
17,16,360
17,19,200
17,20,558
17,22,5
17,24,357
17,27,324
17,31,366
17,34,216
17,36,137
17,37,121
17,38,93
17,47,236
17,50,188
17,51,420
17,52,578
17,54,331
17,55,441
17,69,386
17,72,488
17,76,455
17,78,167
17,79,394
17,84,291
17,88,151
17,93,221
17,97,263
17,137,413
17,140,102
17,148,543
17,152,358
17,156,184
17,158,553
17,167,156
17,171,599
17,177,449
17,191,506
17,215,142
17,224,484
17,227,81
17,236,495
17,257,235
17,260,284
17,263,579
17,270,573
17,282,355
17,300,118
18,2,254
18,5,384
18,6,257
18,7,140
18,8,274
18,10,487
18,11,194
18,12,133
18,13,111
18,14,110
18,15,483
18,16,169
18,19,495
18,20,206
18,21,410
18,22,354
18,23,581
18,24,360
18,25,590
18,27,380
18,30,341
18,31,554
18,34,111
18,39,460
18,40,224
18,42,3
18,55,29
18,56,354
18,64,340
18,68,526
18,72,301
18,73,530
18,77,297
18,78,453
18,81,81
18,87,112
18,90,398
18,94,246
18,95,488
18,96,469
18,103,561
18,106,189
18,111,597
18,114,94
18,118,100
18,119,487
18,121,366
18,125,419
18,131,275
18,139,297
18,170,450
18,178,566
18,189,494
18,190,140
18,206,275
18,209,279
18,227,526
18,230,450
18,231,281
18,234,288
18,245,103
18,289,451
19,2,472
19,3,217
19,4,389
19,5,509
19,7,584
19,8,244
19,10,537
19,11,528
19,12,378
19,13,359
19,14,289
19,15,339
19,17,200
19,18,495
19,20,198
19,21,544
19,22,575
19,26,157
19,27,320
19,29,424
19,30,417
19,31,177
19,33,375
19,36,401
19,37,221
19,41,142
19,42,413
19,44,31
19,45,178
19,50,348
19,55,468
19,64,540
19,65,481
19,68,210
19,70,453
19,73,496
19,74,323
19,82,340
19,92,421
19,98,530
19,99,266
19,108,183
19,114,373
19,119,433
19,126,478
19,129,400
19,131,239
19,135,123
19,142,23
19,144,518
19,153,130
19,162,57
19,166,278
19,168,597
19,170,307
19,175,131
19,188,579
19,237,90
19,245,30
19,250,560
19,261,263
19,266,261
20,2,81
20,3,499
20,6,274
20,7,223
20,8,487
20,9,239
20,10,289
20,13,288
20,14,273
20,15,273
20,16,104
20,17,558
20,18,206
20,19,198
20,21,497
20,22,589
20,24,495
20,25,414
20,26,495
20,27,48
20,28,122
20,29,464
20,32,330
20,33,464
20,34,64
20,37,497
20,41,161
20,42,587
20,48,356
20,50,547
20,66,328
20,68,322
20,70,226
20,77,477
20,79,172
20,80,224
20,82,251
20,90,51
20,97,196
20,100,378
20,101,220
20,104,35
20,118,523
20,119,201
20,130,101
20,137,80
20,139,510
20,141,407
20,147,268
20,151,563
20,154,310
20,156,475
20,165,117
20,166,479
20,169,161
20,176,380
20,180,570
20,185,86
20,245,282
20,250,375
20,255,67
20,265,499
21,2,407
21,3,470
21,5,368
21,6,519
21,9,209
21,13,89
21,14,53
21,15,13
21,16,159
21,18,410
21,19,544
21,20,497
21,23,164
21,24,175
21,25,175
21,26,143
21,30,283
21,31,215
21,32,327
21,36,251
21,41,346
21,42,35
21,43,258
21,44,426
21,45,197
21,47,228
21,48,111
21,49,52
21,52,187
21,54,118
21,58,440
21,64,408
21,68,234
21,72,268
21,73,404
21,80,513
21,83,530
21,86,429
21,90,302
21,91,434
21,95,45
21,110,310
21,121,249
21,126,344
21,140,297
21,145,437
21,147,72
21,154,288
21,160,203
21,171,533
21,172,241
21,181,423
21,194,181
21,200,277
21,202,33
21,209,475
21,220,49
21,243,542
21,250,253
21,256,492
21,265,148
21,268,450
21,279,442
22,1,451
22,2,33
22,4,488
22,5,371
22,6,227
22,8,527
22,11,360
22,13,525
22,16,170
22,17,5
22,18,354
22,19,575
22,20,589
22,23,150
22,25,182
22,29,458
22,30,445
22,32,592
22,33,10
22,36,279
22,42,150
22,43,222
22,46,78
22,48,313
22,50,261
22,54,196
22,57,412
22,58,261
22,60,592
22,73,84
22,77,551
22,80,354
22,97,593
22,98,125
22,99,209
22,106,81
22,110,328
22,111,430
22,128,308
22,135,369
22,137,185
22,138,138
22,147,276
22,149,96
22,159,596
22,163,40
22,171,120
22,177,34
22,203,184
22,205,366
22,213,539
22,226,353
22,229,63
22,250,172
22,254,329
22,288,35
23,1,582
23,2,43
23,4,375
23,5,104
23,6,5
23,8,563
23,11,325
23,13,279
23,15,283
23,18,581
23,21,164
23,22,150
23,24,79
23,25,369
23,26,55
23,27,161
23,29,575
23,31,467
23,38,178
23,41,265
23,42,487
23,46,511
23,48,74
23,49,537
23,50,555
23,52,136
23,57,145
23,60,312
23,69,514
23,74,182
23,77,46
23,79,513
23,81,132
23,87,472
23,90,387
23,91,478
23,99,577
23,100,335
23,104,160
23,109,267
23,112,337
23,115,433
23,125,565
23,127,583
23,133,4
23,149,268
23,166,8
23,168,408
23,190,353
23,197,54
23,200,6
23,233,165
23,272,9
23,273,51
24,3,351
24,4,203
24,6,570
24,8,463
24,9,308
24,10,553
24,13,59
24,16,389
24,17,357
24,18,360
24,20,495
24,21,175
24,23,79
24,25,373
24,28,424
24,29,573
24,37,518
24,40,426
24,41,114
24,45,195
24,47,352
24,49,329
24,50,20
24,52,566
24,54,93
24,55,394
24,59,539
24,62,322
24,70,253
24,72,363
24,77,486
24,85,151
24,88,185
24,100,545
24,108,310
24,111,69
24,125,430
24,134,339
24,136,462
24,137,318
24,142,549
24,167,191
24,170,49
24,171,173
24,202,161
24,237,201
24,242,455
24,257,238
24,258,190
24,264,471
24,275,376
24,278,93
24,284,78
24,286,191
24,288,375
25,1,224
25,3,327
25,6,166
25,7,225
25,9,382
25,10,96
25,11,421
25,12,420
25,15,452
25,16,474
25,18,590
25,20,414
25,21,175
25,22,182
25,23,369
25,24,373
25,26,43
25,28,477
25,29,408
25,30,268
25,34,299
25,35,290
25,41,308
25,46,6
25,47,515
25,49,112
25,50,251
25,51,299
25,55,96
25,59,261
25,60,523
25,61,100
25,69,458
25,70,414
25,72,411
25,80,539
25,83,287
25,88,100
25,94,114
25,99,322
25,109,249
25,110,516
25,111,6
25,112,501
25,117,419
25,128,193
25,132,300
25,177,568
25,179,437
25,183,511
25,192,373
25,193,155
25,215,523
25,221,236
25,222,560
25,228,500
25,231,387
25,255,518
25,261,128
25,269,501
25,277,142
25,296,242
25,298,332
26,1,281
26,2,1
26,4,425
26,6,89
26,7,315
26,9,178
26,10,88
26,13,334
26,15,376
26,19,157
26,20,495
26,21,143
26,23,55
26,25,43
26,27,159
26,29,439
26,30,549
26,31,580
26,33,9
26,34,489
26,35,479
26,40,8
26,51,1
26,52,203
26,54,590
26,56,386
26,58,221
26,65,453
26,73,74
26,86,322
26,95,485
26,100,131
26,107,398
26,116,279
26,120,256
26,126,583
26,128,86
26,134,96
26,144,1
26,148,19
26,149,597
26,153,12
26,156,347
26,160,559
26,165,589
26,173,128
26,175,440
26,180,37
26,200,140
26,202,430
26,219,407
26,220,141
26,224,215
26,225,18
26,230,132
26,242,47
26,253,385
26,255,115
26,269,482
27,1,598
27,2,30
27,5,125
27,6,82
27,7,566
27,9,496
27,11,56
27,14,499
27,15,587
27,17,324
27,18,380
27,19,320
27,20,48
27,23,161
27,26,159
27,29,195
27,30,485
27,31,373
27,33,240
27,34,47
27,36,189
27,37,492
27,40,430
27,44,233
27,47,547
27,48,112
27,51,484
27,52,510
27,55,479
27,59,457
27,63,407
27,67,555
27,69,485
27,71,398
27,73,242
27,78,575
27,81,480
27,83,180
27,85,344
27,89,514
27,90,511
27,91,57
27,94,550
27,98,33
27,99,26
27,102,415
27,108,448
27,111,76
27,118,136
27,119,137
27,132,257
27,164,477
27,165,443
27,185,308
27,212,62
27,214,542
27,249,300
27,269,540
27,279,296
28,2,232
28,3,75
28,4,118
28,5,484
28,6,546
28,7,402
28,8,206
28,9,540
28,10,406
28,11,398
28,12,275
28,14,391
28,15,326
28,20,122
28,24,424
28,25,477
28,31,184
28,32,41
28,33,209
28,36,447
28,38,135
28,39,3
28,40,594
28,43,410
28,44,245
28,47,243
28,50,181
28,53,245
28,55,111
28,59,317
28,66,299
28,69,393
28,70,266
28,71,181
28,76,413
28,78,476
28,79,316
28,86,264
28,91,129
28,100,196
28,105,40
28,106,499
28,112,2
28,121,297
28,132,415
28,137,353
28,152,520
28,157,392
28,166,289
28,170,342
28,177,261
28,192,243
28,220,40
28,227,379
28,228,58
28,233,194
28,235,212
28,252,430
28,264,363
28,279,305
28,288,480
28,289,140
29,1,566
29,4,552
29,8,464
29,10,23
29,11,217
29,12,343
29,19,424
29,20,464
29,22,458
29,23,575
29,24,573
29,25,408
29,26,439
29,27,195
29,34,422
29,37,32
29,40,146
29,41,311
29,57,56
29,61,393
29,62,509
29,67,20
29,69,317
29,72,97
29,82,598
29,86,474
29,95,313
29,96,295
29,106,28
29,113,42
29,118,277
29,122,159
29,123,12
29,124,34
29,134,148
29,136,139
29,159,548
29,181,107
29,192,320
29,204,569
29,215,54
29,225,438
29,229,573
29,239,291
29,265,263
29,271,411
29,274,373
29,277,170
29,280,188
29,294,261
29,299,492
30,1,149
30,2,456
30,4,384
30,6,547
30,7,317
30,9,178
30,11,483
30,12,214
30,13,106
30,18,341
30,19,417
30,21,283
30,22,445
30,25,268
30,26,549
30,27,485
30,31,386
30,32,438
30,33,22
30,34,309
30,39,439
30,42,392
30,44,122
30,51,397
30,53,139
30,54,83
30,58,518
30,59,316
30,60,505
30,64,89
30,68,195
30,72,322
30,81,303
30,82,93
30,85,182
30,93,343
30,98,455
30,113,412
30,117,351
30,127,406
30,128,499
30,131,357
30,132,78
30,142,159
30,159,127
30,166,470
30,173,467
30,176,115
30,180,86
30,183,469
30,188,326
30,195,78
30,196,583
30,225,460
30,228,550
30,229,280
30,246,453
30,250,276
30,256,262
30,258,268
30,276,240
31,2,286
31,5,377
31,8,65
31,9,17
31,12,195
31,13,152
31,14,11
31,15,23
31,17,366
31,18,554
31,19,177
31,21,215
31,23,467
31,26,580
31,27,373
31,28,184
31,30,386
31,32,148
31,34,42
31,36,221
31,37,346
31,38,43
31,39,361
31,40,234
31,44,237
31,45,199
31,46,503
31,48,202
31,49,75
31,51,193
31,54,548
31,55,150
31,58,233
31,60,87
31,63,139
31,66,37
31,70,51
31,72,286
31,73,125
31,74,317
31,90,189
31,91,569
31,97,35
31,105,450
31,112,599
31,116,113
31,118,58
31,121,466
31,123,151
31,141,118
31,143,391
31,162,543
31,183,309
31,190,512
31,198,131
31,206,308
31,217,123
31,231,145
31,234,280
31,263,46
31,280,558
31,289,454
31,298,14
31,299,109
32,1,81
32,2,179
32,3,319
32,4,405
32,6,472
32,7,377
32,11,118
32,13,546
32,14,494
32,20,330
32,21,327
32,22,592
32,28,41
32,30,438
32,31,148
32,33,439
32,34,111
32,35,382
32,37,362
32,38,225
32,41,135
32,43,361
32,47,589
32,49,389
32,57,275
32,58,109
32,62,521
32,68,534
32,76,529
32,83,582
32,84,456
32,85,489
32,87,312
32,99,56
32,115,452
32,122,478
32,125,221
32,133,261
32,135,164
32,143,207
32,152,469
32,156,489
32,174,516
32,194,396
32,205,341
32,214,271
32,215,196
32,222,452
32,263,37
32,282,447
32,292,19
33,1,403
33,4,312
33,6,288
33,9,81
33,12,319
33,13,514
33,14,430
33,15,7
33,19,375
33,20,464
33,22,10
33,26,9
33,27,240
33,28,209
33,30,22
33,32,439
33,35,375
33,39,328
33,40,568
33,41,59
33,42,495
33,43,519
33,46,137
33,47,260
33,48,200
33,54,531
33,57,419
33,58,40
33,59,104
33,63,154
33,67,332
33,71,168
33,74,416
33,77,199
33,85,88
33,88,352
33,89,258
33,90,597
33,92,319
33,101,550
33,106,276
33,111,471
33,118,401
33,119,313
33,124,165
33,129,150
33,136,25
33,138,187
33,139,19
33,140,316
33,146,331
33,147,20
33,150,285
33,155,359
33,166,380
33,167,82
33,168,64
33,170,483
33,186,8
33,195,127
33,210,535
33,211,404
33,218,336
33,239,156
33,240,556
33,241,341
33,246,145
33,247,449
33,288,359
33,289,596
34,1,413
34,4,313
34,5,332
34,6,558
34,11,531
34,12,193
34,17,216
34,18,111
34,20,64
34,25,299
34,26,489
34,27,47
34,29,422
34,30,309
34,31,42
34,32,111
34,38,312
34,39,70
34,40,347
34,42,48
34,50,23
34,51,71
34,53,130
34,54,429
34,59,434
34,71,193
34,73,182
34,74,317
34,78,159
34,80,477
34,81,251
34,83,327
34,86,453
34,92,472
34,103,401
34,114,275
34,119,207
34,120,445
34,131,472
34,147,136
34,159,446
34,162,33
34,163,578
34,164,49
34,170,319
34,178,287
34,189,218
34,193,519
34,195,413
34,208,73
34,222,18
34,231,477
34,236,246
34,247,384
34,256,556
34,267,547
34,272,403
34,276,221
34,285,474
35,1,465
35,2,84
35,4,205
35,5,503
35,8,258
35,10,201
35,11,310
35,12,519
35,14,585
35,15,558
35,16,306
35,25,290
35,26,479
35,32,382
35,33,375
35,36,323
35,37,365
35,38,450
35,43,81
35,44,212
35,46,561
35,47,211
35,53,56
35,56,159
35,57,192
35,58,378
35,60,404
35,62,412
35,69,177
35,78,6
35,80,114
35,87,530
35,88,360
35,92,586
35,93,598
35,95,595
35,96,160
35,97,421
35,99,427
35,101,529
35,117,205
35,120,35
35,135,377
35,143,281
35,154,65
35,170,31
35,187,475
35,194,219
35,195,68
35,208,441
35,239,109
35,243,45
35,244,163
35,250,108
35,251,345
35,255,332
35,285,72
36,1,195
36,4,146
36,9,440
36,10,320
36,11,543
36,13,256
36,14,54
36,16,397
36,17,137
36,19,401
36,21,251
36,22,279
36,27,189
36,28,447
36,31,221
36,35,323
36,37,277
36,38,54
36,39,534
36,42,589
36,43,68
36,44,137
36,50,511
36,51,215
36,52,187
36,54,531
36,55,545
36,56,448
36,63,109
36,64,534
36,65,78
36,72,340
36,77,194
36,93,233
36,97,181
36,103,537
36,106,355
36,110,321
36,114,110
36,127,200
36,136,414
36,152,384
36,153,325
36,155,4
36,169,462
36,176,49
36,187,600
36,203,549
36,217,89
36,219,564
36,222,443
36,252,514
36,259,595
36,260,394
36,264,403
37,4,412
37,6,250
37,7,288
37,12,414
37,13,580
37,17,121
37,19,221
37,20,497
37,24,518
37,27,492
37,29,32
37,31,346
37,32,362
37,35,365
37,36,277
37,39,121
37,40,351
37,42,346
37,46,193
37,47,503
37,48,3
37,49,303
37,67,73
37,68,276
37,71,533
37,72,285
37,75,540
37,79,442
37,82,257
37,84,374
37,87,194
37,89,481
37,90,201
37,91,410
37,99,8
37,101,500
37,117,194
37,124,136
37,125,155
37,132,557
37,136,141
37,139,426
37,147,534
37,150,201
37,152,394
37,153,454
37,154,329
37,166,332
37,181,480
37,185,190
37,207,330
37,218,98
37,227,500
37,251,511
37,252,471
37,263,280
37,268,153
37,271,190
37,276,313
38,1,255
38,2,89
38,4,47
38,5,269
38,6,142
38,7,31
38,12,216
38,14,56
38,16,597
38,17,93
38,23,178
38,28,135
38,31,43
38,32,225
38,34,312
38,35,450
38,36,54
38,40,459
38,44,273
38,45,566
38,48,201
38,49,51
38,52,40
38,53,62
38,54,329
38,56,151
38,67,308
38,72,64
38,76,3
38,77,397
38,87,313
38,89,426
38,90,103
38,94,170
38,96,545
38,98,193
38,102,32
38,107,481
38,110,277
38,111,502
38,125,300
38,126,65
38,128,125
38,132,292
38,133,171
38,141,576
38,142,66
38,150,167
38,151,126
38,156,332
38,161,112
38,163,166
38,168,54
38,171,311
38,173,314
38,191,100
38,194,158
38,195,518
38,196,465
38,211,411
38,219,86
38,226,243
38,260,444
38,297,321
39,1,204
39,6,583
39,7,253
39,8,506
39,13,140
39,14,591
39,15,403
39,16,124
39,18,460
39,28,3
39,30,439
39,31,361
39,33,328
39,34,70
39,36,534
39,37,121
39,43,266
39,45,473
39,57,374
39,60,399
39,61,113
39,62,440
39,67,96
39,70,43
39,71,424
39,73,486
39,75,256
39,84,332
39,85,321
39,86,221
39,87,449
39,89,298
39,90,366
39,91,459
39,103,227
39,108,167
39,109,313
39,112,569
39,116,235
39,134,219
39,135,273
39,147,104
39,159,521
39,161,473
39,167,335
39,176,525
39,193,239
39,194,5
39,198,236
39,202,310
39,204,600
39,216,403
39,244,258
39,252,455
39,266,238
40,3,201
40,4,274
40,8,310
40,9,183
40,12,196
40,16,272
40,18,224
40,24,426
40,26,8
40,27,430
40,28,594
40,29,146
40,31,234
40,33,568
40,34,347
40,37,351
40,38,459
40,55,432
40,56,143
40,59,53
40,60,289
40,61,430
40,66,240
40,68,487
40,75,155
40,78,285
40,79,73
40,80,499
40,82,560
40,84,155
40,86,365
40,99,134
40,108,118
40,112,590
40,113,252
40,126,575
40,127,245
40,145,253
40,148,92
40,167,554
40,186,99
40,198,294
40,202,246
40,205,282
40,206,401
40,234,353
40,235,389
40,243,383
40,268,358
41,1,466
41,4,559
41,6,561
41,7,469
41,10,403
41,13,425
41,15,165
41,19,142
41,20,161
41,21,346
41,23,265
41,24,114
41,25,308
41,29,311
41,32,135
41,33,59
41,45,293
41,46,190
41,49,233
41,51,355
41,53,535
41,55,95
41,59,65
41,63,395
41,64,307
41,69,365
41,70,2
41,72,480
41,76,17
41,78,28
41,81,432
41,90,364
41,98,8
41,107,535
41,108,591
41,112,476
41,119,283
41,126,566
41,129,234
41,149,571
41,153,335
41,158,84
41,176,497
41,187,126
41,194,335
41,215,191
41,226,478
41,244,183
41,245,289
42,4,173
42,6,157
42,7,7
42,9,150
42,11,453
42,16,160
42,18,3
42,19,413
42,20,587
42,21,35
42,22,150
42,23,487
42,30,392
42,33,495
42,34,48
42,36,589
42,37,346
42,43,90
42,45,121
42,53,444
42,56,499
42,60,370
42,61,373
42,74,560
42,79,414
42,81,215
42,82,73
42,86,297
42,88,63
42,89,103
42,91,330
42,111,219
42,115,136
42,122,270
42,130,573
42,132,364
42,134,407
42,150,82
42,155,504
42,170,600
42,198,258
42,206,152
42,212,239
42,224,353
42,225,182
42,232,141
42,233,476
42,235,95
42,254,52
42,265,262
42,266,464
42,289,117
43,2,399
43,8,585
43,9,157
43,10,529
43,11,153
43,12,322
43,13,507
43,15,222
43,16,317
43,21,258
43,22,222
43,28,410
43,32,361
43,33,519
43,35,81
43,36,68
43,39,266
43,42,90
43,44,564
43,47,213
43,48,331
43,52,137
43,57,126
43,60,524
43,63,582
43,67,48
43,78,585
43,79,469
43,83,452
43,88,400
43,89,128
43,93,596
43,95,158
43,97,142
43,101,348
43,109,102
43,113,488
43,117,406
43,124,173
43,135,445
43,150,341
43,191,238
43,224,599
43,228,569
43,231,258
43,242,116
43,252,10
43,293,501
43,298,162
43,299,317
44,2,172
44,5,102
44,10,285
44,11,557
44,14,527
44,15,99
44,19,31
44,21,426
44,27,233
44,28,245
44,30,122
44,31,237
44,35,212
44,36,137
44,38,273
44,43,564
44,46,443
44,53,287
44,55,56
44,60,291
44,61,436
44,62,144
44,65,255
44,67,115
44,72,259
44,75,215
44,76,162
44,84,317
44,86,375
44,90,330
44,93,421
44,95,497
44,101,239
44,102,369
44,105,348
44,110,506
44,112,231
44,116,42
44,122,494
44,131,113
44,142,321
44,143,274
44,147,482
44,163,582
44,167,345
44,168,99
44,179,547
44,204,136
44,205,302
44,212,120
44,213,533
44,231,235
44,245,5
44,253,207
44,255,99
44,276,173
44,279,514
44,282,253
44,285,580
44,289,368
44,299,571
45,1,210
45,3,70
45,6,202
45,10,127
45,11,54
45,12,210
45,13,361
45,14,454
45,15,123
45,19,178
45,21,197
45,24,195
45,31,199
45,38,566
45,39,473
45,41,293
45,42,121
45,47,340
45,48,167
45,51,516
45,53,512
45,56,518
45,57,33
45,63,234
45,65,372
45,66,498
45,68,14
45,71,477
45,76,355
45,83,502
45,86,395
45,87,501
45,90,150
45,100,22
45,102,279
45,104,151
45,106,286
45,112,501
45,115,450
45,122,142
45,129,101
45,138,203
45,140,339
45,143,355
45,149,496
45,162,382
45,165,470
45,166,195
45,169,102
45,186,66
45,189,405
45,198,251
45,215,405
45,225,467
45,247,94
45,249,143
45,250,445
45,281,197
46,5,268
46,6,151
46,7,579
46,8,145
46,11,104
46,15,491
46,16,513
46,22,78
46,23,511
46,25,6
46,31,503
46,33,137
46,35,561
46,37,193
46,41,190
46,44,443
46,52,28
46,53,185
46,54,399
46,56,563
46,58,220
46,60,239
46,62,162
46,65,396
46,69,260
46,75,412
46,93,59
46,96,531
46,97,572
46,103,304
46,107,132
46,114,492
46,131,382
46,140,274
46,144,558
46,146,529
46,151,307
46,155,218
46,163,555
46,164,178
46,166,243
46,181,319
46,185,157
46,186,245
46,187,446
46,199,577
46,203,298
46,214,67
46,219,460
46,246,267
46,256,72
46,263,332
46,269,160
46,276,202
46,291,283
47,1,2
47,2,5
47,4,30
47,8,33
47,10,268
47,15,400
47,17,236
47,21,228
47,24,352
47,25,515
47,27,547
47,28,243
47,32,589
47,33,260
47,35,211
47,37,503
47,43,213
47,45,340
47,55,148
47,56,340
47,57,364
47,58,408
47,60,110
47,63,153
47,68,411
47,69,262
47,78,423
47,81,36
47,86,357
47,87,47
47,89,247
47,90,38
47,91,176
47,94,466
47,98,42
47,104,556
47,105,432
47,107,276
47,110,471
47,121,85
47,135,317
47,143,55
47,151,170
47,157,530
47,162,202
47,196,208
47,203,132
47,218,376
47,223,510
47,236,531
47,243,231
47,245,242
47,290,106
47,295,38
48,1,259
48,5,524
48,7,180
48,9,46
48,10,586
48,14,531
48,16,372
48,20,356
48,21,111
48,22,313
48,23,74
48,27,112
48,31,202
48,33,200
48,37,3
48,38,201
48,43,331
48,45,167
48,49,579
48,50,287
48,58,265
48,61,217
48,69,79
48,74,449
48,75,417
48,87,376
48,90,369
48,93,14
48,94,507
48,96,442
48,110,200
48,113,16
48,114,371
48,119,303
48,120,9
48,130,64
48,136,467
48,148,157
48,157,572
48,165,361
48,172,432
48,176,186
48,181,362
48,189,546
48,190,17
48,193,134
48,217,214
48,233,552
48,234,570
48,237,53
48,253,495
48,254,78
48,268,560
48,278,270
48,298,111
49,6,550
49,9,579
49,10,13
49,11,311
49,13,33
49,16,127
49,21,52
49,23,537
49,24,329
49,25,112
49,31,75
49,32,389
49,37,303
49,38,51
49,41,233
49,48,579
49,50,356
49,51,327
49,58,565
49,60,264
49,62,386
49,80,213
49,88,265
49,89,14
49,92,65
49,94,288
49,100,416
49,107,192
49,108,122
49,118,82
49,123,502
49,142,261
49,166,227
49,167,524
49,186,514
49,187,255
49,188,400
49,199,19
49,201,17
49,217,332
49,237,213
49,256,564
49,265,330
49,270,375
49,272,59
49,286,78
50,1,155
50,3,241
50,4,121
50,10,365
50,12,15
50,17,188
50,19,348
50,20,547
50,22,261
50,23,555
50,24,20
50,25,251
50,28,181
50,34,23
50,36,511
50,48,287
50,49,356
50,56,257
50,57,210
50,58,311
50,61,365
50,63,392
50,67,156
50,74,591
50,75,203
50,76,486
50,81,343
50,86,588
50,95,318
50,99,511
50,105,116
50,106,482
50,113,563
50,127,186
50,145,141
50,150,119
50,154,228
50,156,314
50,157,269
50,159,392
50,169,307
50,175,531
50,192,308
50,202,39
50,205,100
50,214,390
50,217,338
50,226,337
50,229,338
50,241,447
50,242,368
50,269,132
50,280,499
50,284,273
50,299,43
51,2,474
51,9,104
51,10,363
51,11,535
51,12,516
51,17,420
51,25,299
51,26,1
51,27,484
51,30,397
51,31,193
51,34,71
51,36,215
51,41,355
51,45,516
51,49,327
51,52,190
51,55,54
51,56,356
51,59,251
51,61,149
51,62,19
51,66,125
51,67,412
51,70,467
51,73,562
51,81,385
51,85,569
51,89,448
51,97,100
51,107,483
51,114,533
51,117,516
51,138,321
51,152,198
51,159,42
51,168,394
51,171,26
51,174,452
51,188,337
51,194,198
51,207,470
51,213,505
51,259,573
51,274,308
51,275,160
51,282,452
51,289,563
51,290,133
51,293,337
52,5,481
52,7,519
52,11,409
52,12,305
52,15,320
52,16,131
52,17,578
52,21,187
52,23,136
52,24,566
52,26,203
52,27,510
52,36,187
52,38,40
52,43,137
52,46,28
52,51,190
52,63,491
52,68,431
52,70,161
52,83,28
52,85,290
52,88,552
52,91,65
52,96,27
52,101,289
52,106,98
52,109,245
52,112,509
52,123,219
52,126,460
52,128,551
52,140,600
52,142,144
52,145,294
52,154,278
52,165,434
52,225,193
52,228,421
52,242,10
52,268,64
52,299,153
53,4,523
53,5,533
53,7,56
53,8,369
53,9,293
53,14,140
53,15,448
53,16,109
53,28,245
53,30,139
53,34,130
53,35,56
53,38,62
53,41,535
53,42,444
53,44,287
53,45,512
53,46,185
53,56,313
53,60,246
53,67,412
53,68,410
53,72,569
53,77,98
53,88,230
53,91,361
53,98,526
53,99,306
53,102,34
53,112,231
53,113,34
53,114,326
53,122,422
53,129,590
53,131,386
53,134,19
53,137,175
53,154,221
53,156,200
53,161,194
53,175,366
53,194,125
53,195,372
53,209,318
53,214,10
53,223,205
53,231,321
53,238,357
53,243,27
53,257,599
53,279,347
53,284,399
54,2,24
54,5,374
54,8,319
54,16,386
54,17,331
54,21,118
54,22,196
54,24,93
54,26,590
54,30,83
54,31,548
54,33,531
54,34,429
54,36,531
54,38,329
54,46,399
54,59,302
54,63,188
54,64,7
54,66,280
54,70,178
54,73,366
54,74,263
54,75,367
54,76,374
54,77,525
54,82,146
54,84,481
54,88,589
54,97,508
54,99,566
54,106,37
54,115,213
54,119,97
54,128,249
54,134,36
54,138,525
54,144,62
54,152,143
54,160,138
54,161,144
54,163,165
54,169,360
54,182,193
54,188,188
54,207,55
54,209,477
54,213,320
54,238,200
54,252,547
54,271,521
54,292,162
54,297,28
55,7,237
55,10,94
55,11,297
55,14,83
55,17,441
55,18,29
55,19,468
55,24,394
55,25,96
55,27,479
55,28,111
55,31,150
55,36,545
55,40,432
55,41,95
55,44,56
55,47,148
55,51,54
55,59,518
55,62,126
55,66,143
55,70,545
55,71,362
55,72,443
55,77,483
55,80,329
55,82,396
55,83,86
55,89,549
55,90,5
55,95,109
55,96,237
55,97,311
55,105,577
55,108,234
55,109,549
55,119,503
55,132,556
55,135,590
55,156,569
55,183,71
55,193,207
55,205,240
55,215,555
55,228,386
55,246,24
55,257,54
55,263,411
55,274,521
55,297,136
55,300,526
56,5,392
56,10,89
56,16,452
56,18,354
56,26,386
56,35,159
56,36,448
56,38,151
56,40,143
56,42,499
56,45,518
56,46,563
56,47,340
56,50,257
56,51,356
56,53,313
56,57,366
56,58,106
56,64,54
56,68,128
56,72,550
56,73,274
56,74,575
56,76,138
56,77,314
56,79,216
56,82,452
56,84,47
56,93,8
56,95,267
56,114,77
56,116,255
56,117,172
56,125,445
56,133,197
56,134,368
56,142,337
56,146,165
56,165,476
56,168,266
56,173,148
56,178,497
56,187,140
56,199,567
56,211,185
56,216,470
56,227,590
56,239,593
56,257,183
56,259,121
56,262,135
56,267,350
56,280,572
56,286,244
56,300,179
57,3,82
57,4,505
57,5,450
57,11,561
57,12,67
57,22,412
57,23,145
57,29,56
57,32,275
57,33,419
57,35,192
57,39,374
57,43,126
57,45,33
57,47,364
57,50,210
57,56,366
57,63,426
57,65,443
57,67,41
57,68,167
57,75,270
57,78,38
57,84,112
57,92,375
57,96,137
57,102,90
57,103,592
57,106,396
57,120,465
57,126,104
57,130,364
57,132,103
57,139,95
57,157,338
57,159,93
57,168,186
57,184,156
57,187,150
57,221,48
57,223,412
57,227,489
57,240,198
57,249,273
57,255,388
57,267,485
57,287,272
58,1,497
58,4,116
58,10,467
58,12,391
58,14,537
58,15,13
58,21,440
58,22,261
58,26,221
58,30,518
58,31,233
58,32,109
58,33,40
58,35,378
58,46,220
58,47,408
58,48,265
58,49,565
58,50,311
58,56,106
58,63,596
58,70,116
58,77,461
58,84,468
58,85,575
58,87,354
58,89,491
58,91,443
58,95,121
58,101,498
58,103,493
58,104,581
58,137,359
58,139,288
58,147,588
58,152,45
58,160,112
58,179,538
58,184,415
58,190,85
58,193,354
58,195,328
58,200,154
58,203,454
58,214,282
58,227,412
58,245,427
58,252,256
58,257,66
58,258,110
58,262,338
58,267,31
58,286,109
58,290,233
58,295,66
59,4,33
59,8,290
59,14,544
59,24,539
59,25,261
59,27,457
59,28,317
59,30,316
59,33,104
59,34,434
59,40,53
59,41,65
59,51,251
59,54,302
59,55,518
59,62,243
59,74,209
59,77,356
59,78,541
59,85,317
59,96,234
59,97,409
59,102,155
59,118,26
59,132,1
59,156,481
59,157,55
59,173,352
59,190,357
59,194,128
59,214,322
59,222,47
59,230,93
59,240,299
59,265,484
59,278,161
59,281,462
60,1,77
60,6,251
60,16,559
60,22,592
60,23,312
60,25,523
60,30,505
60,31,87
60,35,404
60,39,399
60,40,289
60,42,370
60,43,524
60,44,291
60,46,239
60,47,110
60,49,264
60,53,246
60,78,264
60,81,162
60,86,409
60,89,322
60,97,425
60,98,195
60,104,312
60,105,436
60,115,215
60,121,98
60,141,359
60,145,552
60,164,88
60,167,293
60,179,474
60,180,572
60,186,370
60,195,188
60,205,505
60,209,193
60,212,547
60,219,427
60,228,398
60,249,138
60,261,493
61,1,300
61,5,146
61,7,191
61,10,139
61,13,375
61,15,333
61,25,100
61,29,393
61,39,113
61,40,430
61,42,373
61,44,436
61,48,217
61,50,365
61,51,149
61,62,34
61,63,318
61,65,580
61,66,547
61,73,393
61,81,34
61,92,115
61,94,600
61,97,126
61,98,359
61,100,307
61,104,342
61,105,368
61,117,93
61,123,437
61,134,160
61,138,560
61,152,541
61,160,519
61,168,455
61,189,208
61,212,248
61,246,554
61,250,519
61,256,52
61,264,498
61,269,524
61,271,488
62,11,284
62,13,442
62,14,448
62,15,80
62,24,322
62,29,509
62,32,521
62,35,412
62,39,440
62,44,144
62,46,162
62,49,386
62,51,19
62,55,126
62,59,243
62,61,34
62,63,264
62,64,445
62,65,330
62,67,483
62,70,354
62,71,329
62,74,99
62,83,482
62,88,451
62,92,27
62,135,217
62,138,171
62,142,343
62,145,117
62,146,248
62,149,434
62,160,550
62,178,50
62,187,92
62,199,44
62,207,545
62,214,529
62,226,80
62,235,457
62,245,225
62,249,475
62,266,40
62,300,394
63,3,72
63,11,316
63,16,151
63,27,407
63,31,139
63,33,154
63,36,109
63,41,395
63,43,582
63,45,234
63,47,153
63,50,392
63,52,491
63,54,188
63,57,426
63,58,596
63,61,318
63,62,264
63,64,267
63,65,194
63,71,274
63,73,229
63,76,344
63,80,370
63,87,85
63,93,225
63,95,514
63,97,73
63,120,487
63,123,541
63,126,185
63,132,252
63,133,554
63,158,166
63,180,26
63,184,139
63,188,70
63,189,141
63,191,25
63,205,502
63,210,176
63,220,450
63,231,68
63,254,337
63,274,162
63,280,96
63,289,511
64,1,247
64,4,50
64,6,141
64,8,555
64,10,494
64,11,279
64,13,261
64,16,518
64,18,340
64,19,540
64,21,408
64,30,89
64,36,534
64,41,307
64,54,7
64,56,54
64,62,445
64,63,267
64,66,432
64,68,325
64,69,182
64,71,344
64,74,18
64,75,304
64,77,541
64,88,382
64,92,433
64,94,261
64,99,338
64,102,339
64,105,214
64,108,47
64,116,562
64,122,289
64,127,229
64,129,393
64,130,585
64,133,467
64,136,449
64,144,401
64,162,249
64,165,288
64,169,55
64,173,224
64,179,563
64,180,151
64,190,377
64,196,62
64,206,26
64,207,360
64,216,469
64,242,120
64,245,11
64,251,477
64,253,125
64,267,448
64,278,175
64,291,481
64,292,420
65,1,333
65,5,381
65,7,560
65,14,514
65,19,481
65,26,453
65,36,78
65,44,255
65,45,372
65,46,396
65,57,443
65,61,580
65,62,330
65,63,194
65,67,34
65,68,113
65,70,34
65,71,47
65,73,276
65,80,35
65,84,134
65,85,318
65,100,123
65,101,41
65,104,436
65,107,62
65,108,490
65,113,106
65,114,527
65,115,394
65,116,376
65,121,108
65,126,219
65,134,174
65,139,354
65,145,375
65,149,486
65,168,62
65,172,525
65,174,32
65,179,569
65,182,214
65,190,92
65,196,415
65,243,461
65,247,389
65,248,70
65,249,29
65,254,201
65,255,233
65,264,268
65,291,19
66,7,433
66,8,58
66,10,337
66,11,16
66,13,300
66,14,97
66,15,32
66,20,328
66,28,299
66,31,37
66,40,240
66,45,498
66,51,125
66,54,280
66,55,143
66,61,547
66,64,432
66,71,338
66,73,164
66,75,86
66,86,340
66,104,495
66,105,442
66,107,503
66,108,466
66,118,449
66,125,438
66,126,433
66,131,384
66,132,3
66,136,202
66,137,434
66,147,311
66,164,525
66,177,185
66,180,281
66,195,129
66,215,598
66,221,263
66,225,346
66,251,153
66,273,181
66,274,56
66,282,197
66,283,583
66,293,121
67,2,485
67,4,397
67,5,183
67,16,456
67,27,555
67,29,20
67,33,332
67,37,73
67,38,308
67,39,96
67,43,48
67,44,115
67,50,156
67,51,412
67,53,412
67,57,41
67,62,483
67,65,34
67,68,489
67,70,122
67,76,581
67,88,586
67,91,457
67,95,482
67,105,50
67,113,481
67,115,92
67,116,314
67,120,461
67,122,276
67,123,35
67,140,581
67,148,560
67,152,427
67,154,440
67,157,314
67,158,317
67,174,236
67,186,471
67,188,131
67,191,536
67,200,539
67,201,48
67,210,185
67,219,397
67,240,91
67,262,96
67,270,108
68,2,441
68,11,122
68,13,18
68,18,526
68,19,210
68,20,322
68,21,234
68,30,195
68,32,534
68,37,276
68,40,487
68,45,14
68,47,411
68,52,431
68,53,410
68,56,128
68,57,167
68,64,325
68,65,113
68,67,489
68,75,56
68,77,535
68,80,589
68,84,19
68,86,47
68,92,25
68,105,7
68,108,450
68,109,133
68,110,145
68,115,504
68,140,401
68,146,439
68,147,311
68,151,17
68,160,324
68,161,480
68,163,170
68,175,459
68,176,306
68,178,2
68,194,13
68,206,129
68,223,213
68,226,576
68,229,28
68,235,588
68,249,338
68,258,48
68,283,219
68,298,391
69,3,295
69,6,33
69,7,576
69,12,530
69,15,92
69,17,386
69,23,514
69,25,458
69,27,485
69,28,393
69,29,317
69,35,177
69,41,365
69,46,260
69,47,262
69,48,79
69,64,182
69,71,59
69,74,583
69,79,35
69,83,433
69,87,194
69,90,442
69,93,450
69,94,426
69,106,538
69,110,150
69,123,3
69,129,379
69,133,229
69,135,4
69,147,294
69,158,283
69,161,267
69,162,545
69,170,116
69,180,492
69,209,376
69,229,395
69,241,409
69,271,51
69,287,252
70,1,348
70,8,3
70,14,404
70,16,317
70,19,453
70,20,226
70,24,253
70,25,414
70,28,266
70,31,51
70,39,43
70,41,2
70,51,467
70,52,161
70,54,178
70,55,545
70,58,116
70,62,354
70,65,34
70,67,122
70,71,231
70,74,528
70,82,107
70,88,66
70,93,99
70,107,471
70,116,121
70,120,429
70,124,159
70,141,79
70,144,41
70,155,436
70,164,88
70,171,66
70,173,195
70,185,418
70,197,121
70,205,138
70,219,229
70,233,341
70,236,515
70,261,407
70,275,374
70,281,491
70,287,127
70,294,459
71,4,447
71,6,424
71,8,254
71,12,42
71,13,341
71,27,398
71,28,181
71,33,168
71,34,193
71,37,533
71,39,424
71,45,477
71,55,362
71,62,329
71,63,274
71,64,344
71,65,47
71,66,338
71,69,59
71,70,231
71,76,237
71,83,168
71,95,485
71,103,237
71,120,247
71,127,294
71,130,481
71,141,350
71,146,9
71,153,236
71,169,140
71,170,290
71,178,44
71,180,360
71,184,405
71,189,246
71,203,557
71,206,533
71,227,451
71,233,486
71,243,179
71,266,374
72,2,158
72,3,322
72,9,556
72,11,586
72,12,456
72,17,488
72,18,301
72,21,268
72,24,363
72,25,411
72,29,97
72,30,322
72,31,286
72,36,340
72,37,285
72,38,64
72,41,480
72,44,259
72,53,569
72,55,443
72,56,550
72,75,112
72,76,306
72,78,325
72,80,510
72,81,251
72,83,597
72,87,250
72,88,96
72,91,181
72,92,171
72,95,311
72,98,368
72,102,178
72,104,593
72,110,428
72,113,496
72,114,583
72,123,343
72,128,598
72,139,455
72,141,298
72,159,436
72,163,38
72,172,371
72,188,478
72,192,497
72,193,295
72,204,225
72,211,68
72,217,346
72,262,338
72,288,544
73,7,503
73,11,137
73,14,12
73,18,530
73,19,496
73,21,404
73,22,84
73,26,74
73,27,242
73,31,125
73,34,182
73,39,486
73,51,562
73,54,366
73,56,274
73,61,393
73,63,229
73,65,276
73,66,164
73,75,198
73,78,211
