source,target,weight
1,2,295
1,3,140
1,4,185
1,5,27
1,6,150
1,7,274
1,9,398
1,10,524
1,11,154
1,13,120
1,15,200
1,18,163
1,20,133
1,21,247
1,23,517
1,24,125
1,26,555
1,29,25
1,31,17
1,32,404
1,37,267
1,41,398
1,46,94
1,52,457
1,59,223
1,60,243
1,62,309
1,64,478
1,65,589
1,68,427
1,76,475
1,78,451
1,79,401
1,81,248
1,82,67
1,83,64
1,84,222
1,88,201
1,97,27
1,99,600
1,108,37
1,110,247
1,120,168
1,121,490
1,153,293
1,177,411
1,187,367
1,192,40
1,209,22
1,226,522
1,237,589
1,253,528
1,295,3
2,1,295
2,3,474
2,8,274
2,9,557
2,10,379
2,12,442
2,13,336
2,14,300
2,15,409
2,17,379
2,18,306
2,19,336
2,24,76
2,25,48
2,26,487
2,27,261
2,28,484
2,29,100
2,30,175
2,32,454
2,36,412
2,37,274
2,43,319
2,45,197
2,47,316
2,48,385
2,50,569
2,54,545
2,58,12
2,70,234
2,74,295
2,81,341
2,82,342
2,84,1
2,95,261
2,98,599
2,116,276
2,117,318
2,133,468
2,151,110
2,157,258
2,173,95
2,185,454
2,191,536
2,194,351
2,224,438
2,225,379
2,237,526
2,262,375
3,1,140
3,2,474
3,4,576
3,5,270
3,7,404
3,9,140
3,10,164
3,12,406
3,13,203
3,16,180
3,17,239
3,18,266
3,19,404
3,20,70
3,22,411
3,24,281
3,25,218
3,28,51
3,29,378
3,30,567
3,31,545
3,33,517
3,39,337
3,46,272
3,49,590
3,56,41
3,60,447
3,65,149
3,66,498
3,67,575
3,70,423
3,73,53
3,75,476
3,77,522
3,78,62
3,82,108
3,104,260
3,105,204
3,122,40
3,132,338
3,134,445
3,136,422
3,140,245
3,143,281
3,160,80
3,224,486
3,229,512
3,256,60
3,268,459
3,295,333
4,1,185
4,3,576
4,5,233
4,6,485
4,8,558
4,10,147
4,11,546
4,12,93
4,16,45
4,17,261
4,18,572
4,19,465
4,22,446
4,23,532
4,25,343
4,30,574
4,35,78
4,43,138
4,48,172
4,50,529
4,53,133
4,59,552
4,61,554
4,68,255
4,71,221
4,72,204
4,74,285
4,75,379
4,78,198
4,80,119
4,84,54
4,85,468
4,91,485
4,99,298
4,106,219
4,113,180
4,129,387
4,138,588
4,162,288
4,165,530
4,177,472
4,178,140
4,207,298
4,219,77
4,239,464
4,241,191
4,244,70
4,252,585
4,260,339
4,263,168
4,270,57
5,1,27
5,3,270
5,4,233
5,6,426
5,7,579
5,8,594
5,9,329
5,10,408
5,11,555
5,12,319
5,13,543
5,14,411
5,15,79
5,16,538
5,19,24
5,21,563
5,23,255
5,27,35
5,32,265
5,34,481
5,35,363
5,36,250
5,39,294
5,41,383
5,42,129
5,44,299
5,50,60
5,51,548
5,54,554
5,55,412
5,62,208
5,65,412
5,72,8
5,79,178
5,80,211
5,85,573
5,89,442
5,101,130
5,102,123
5,108,381
5,109,528
5,113,241
5,135,23
5,140,491
5,146,162
5,163,178
5,184,213
5,189,53
5,217,378
5,242,144
5,250,203
5,260,14
5,264,466
5,286,480
6,1,150
6,4,485
6,5,426
6,7,66
6,8,160
6,9,387
6,10,504
6,11,120
6,12,415
6,14,272
6,15,386
6,16,10
6,17,174
6,18,451
6,19,186
6,22,581
6,24,283
6,25,571
6,32,399
6,36,161
6,41,126
6,46,169
6,47,298
6,48,202
6,50,553
6,51,327
6,54,217
6,74,62
6,76,505
6,81,106
6,82,331
6,86,62
6,92,414
6,101,233
6,103,448
6,110,141
6,113,305
6,128,349
6,135,444
6,142,514
6,145,547
6,152,1
6,157,52
6,179,65
6,233,224
6,236,204
6,265,419
6,270,9
6,271,165
7,1,274
7,3,404
7,5,579
7,6,66
7,8,325
7,11,262
7,12,523
7,14,222
7,15,327
7,16,492
7,17,200
7,20,491
7,22,552
7,27,235
7,31,411
7,34,375
7,35,569
7,37,535
7,40,359
7,41,166
7,42,349
7,44,593
7,46,514
7,55,151
7,58,459
7,63,466
7,69,345
7,73,87
7,80,55
7,83,281
7,84,278
7,86,356
7,88,144
7,133,405
7,146,300
7,152,19
7,161,391
7,182,582
7,189,327
7,192,200
7,227,196
7,267,219
7,276,583
7,296,276
8,2,274
8,4,558
8,5,594
8,6,160
8,7,325
8,9,495
8,10,494
8,11,108
8,13,273
8,14,116
8,16,34
8,17,517
8,18,321
8,19,29
8,21,592
8,23,510
8,24,28
8,28,50
8,33,502
8,35,219
8,37,345
8,38,139
8,41,358
8,47,21
8,49,528
8,56,39
8,59,502
8,61,28
8,62,106
8,65,490
8,81,299
8,89,111
8,90,101
8,93,501
8,102,62
8,103,510
8,116,36
8,123,568
8,133,378
8,143,34
8,144,358
8,148,216
8,154,230
8,163,102
8,169,276
8,174,154
8,186,599
8,196,289
8,216,375
8,226,82
8,227,182
8,243,238
8,254,276
8,293,288
9,1,398
9,2,557
9,3,140
9,5,329
9,6,387
9,8,495
9,10,545
9,11,432
9,13,432
9,14,515
9,15,341
9,17,572
9,18,114
9,21,242
9,22,315
9,23,322
9,26,275
9,28,3
9,30,152
9,31,81
9,36,307
9,39,108
9,40,52
9,41,377
9,42,94
9,45,377
9,51,570
9,57,39
9,60,346
9,64,331
9,68,377
9,84,277
9,95,378
9,98,247
9,100,214
9,104,81
9,105,111
9,109,141
9,126,305
9,134,321
9,148,269
9,151,270
9,153,119
9,178,446
9,186,11
9,193,490
9,250,445
9,252,294
10,1,524
10,2,379
10,3,164
10,4,147
10,5,408
10,6,504
10,8,494
10,9,545
10,11,348
10,12,466
10,13,296
10,16,407
10,17,249
10,19,231
10,20,231
10,21,153
10,23,491
10,25,475
10,30,384
10,31,223
10,34,512
10,35,410
10,37,538
10,40,86
10,41,179
10,47,169
10,48,89
10,51,199
10,52,453
10,54,473
10,58,495
10,73,138
10,75,153
10,83,134
10,94,328
10,101,42
10,114,334
10,117,377
10,119,22
10,122,420
10,124,327
10,130,599
10,148,283
10,149,290
10,151,552
10,152,230
10,164,499
10,220,324
10,233,571
10,252,514
10,255,419
10,259,129
11,1,154
11,4,546
11,5,555
11,6,120
11,7,262
11,8,108
11,9,432
11,10,348
11,12,61
11,14,423
11,16,431
11,17,446
11,18,183
11,19,125
11,20,396
11,21,253
11,22,87
11,23,123
11,24,489
11,25,118
11,27,201
11,28,532
11,29,556
11,35,561
11,36,540
11,38,104
11,39,471
11,40,196
11,48,40
11,49,352
11,53,360
11,57,416
11,58,455
11,61,198
11,75,564
11,76,368
11,81,240
11,91,493
11,106,161
11,159,170
11,167,360
11,174,205
11,181,296
11,185,41
11,188,233
11,208,339
11,231,418
11,235,514
11,238,203
11,251,454
11,267,532
11,270,214
12,2,442
12,3,406
12,4,93
12,5,319
12,6,415
12,7,523
12,10,466
12,11,61
12,13,132
12,14,580
12,15,541
12,20,456
12,21,297
12,22,465
12,23,362
12,24,236
12,26,521
12,27,494
12,28,46
12,29,57
12,32,449
12,34,435
12,40,127
12,46,390
12,49,460
12,50,406
12,53,557
12,66,82
12,68,96
12,69,468
12,72,412
12,73,345
12,81,102
12,89,507
12,93,26
12,94,378
12,99,11
12,107,186
12,111,180
12,113,323
12,120,425
12,122,426
12,134,115
12,162,153
12,163,508
12,171,448
12,178,454
12,185,4
12,212,151
12,215,527
12,216,230
12,223,6
12,226,582
12,240,89
12,259,517
12,271,507
12,275,558
13,1,120
13,2,336
13,3,203
13,5,543
13,8,273
13,9,432
13,10,296
13,12,132
13,14,403
13,15,167
13,16,266
13,20,438
13,21,193
13,22,415
13,25,248
13,27,57
13,29,407
13,30,453
13,32,331
13,33,485
13,35,540
13,36,198
13,37,336
13,39,278
13,40,546
13,44,6
13,54,132
13,55,130
13,56,430
13,58,457
13,61,378
13,62,184
13,64,320
13,66,538
13,73,348
13,81,472
13,83,383
13,84,266
13,86,26
13,88,44
13,89,129
13,101,151
13,103,473
13,105,87
13,106,440
13,121,402
13,128,380
13,157,73
13,159,439
13,167,286
13,227,350
13,244,455
14,2,300
14,5,411
14,6,272
14,7,222
14,8,116
14,9,515
14,11,423
14,12,580
14,13,403
14,15,471
14,16,153
14,17,222
14,18,528
14,19,83
14,20,452
14,23,281
14,26,443
14,30,144
14,31,270
14,37,247
14,38,343
14,42,406
14,45,203
14,46,399
14,56,548
14,61,119
14,63,303
14,67,435
14,70,443
14,72,503
14,75,228
14,82,411
14,109,408
14,115,191
14,121,244
14,124,50
14,175,583
14,176,472
14,186,270
14,208,245
14,209,205
14,212,535
14,218,208
14,223,32
14,252,338
14,280,460
14,297,10
15,1,200
15,2,409
15,5,79
15,6,386
15,7,327
15,9,341
15,12,541
15,13,167
15,14,471
15,18,405
15,20,250
15,22,577
15,23,375
15,24,566
15,27,65
15,28,81
15,29,286
15,31,370
15,33,501
15,34,467
15,36,223
15,41,546
15,42,481
15,43,247
15,44,227
15,50,330
15,59,577
15,60,115
15,65,20
15,68,357
15,69,398
15,72,429
15,81,534
15,84,548
15,90,232
15,109,290
15,128,215
15,168,328
15,196,132
15,199,561
15,223,195
15,224,82
15,225,49
15,228,343
15,240,75
15,267,134
15,280,558
16,3,180
16,4,45
16,5,538
16,6,10
16,7,492
16,8,34
16,10,407
16,11,431
16,13,266
16,14,153
16,17,88
16,18,94
16,19,193
16,21,543
16,25,54
16,28,378
16,30,388
16,31,498
16,33,362
16,34,561
16,37,71
16,41,125
16,42,515
16,44,481
16,45,258
16,46,145
16,49,537
16,55,60
16,57,461
16,62,131
16,63,261
16,65,50
16,73,422
16,87,388
16,99,32
16,115,21
16,120,533
16,123,552
16,131,547
16,132,331
16,140,71
16,144,4
16,145,134
16,148,217
16,160,491
16,161,422
16,163,397
16,177,513
16,242,352
16,246,117
16,264,578
16,267,72
16,274,347
16,280,219
17,2,379
17,3,239
17,4,261
17,6,174
17,7,200
17,8,517
17,9,572
17,10,249
17,11,446
17,14,222
17,16,88
17,18,106
17,21,541
17,22,520
17,24,80
17,25,452
17,27,319
17,29,370
17,30,30
17,33,2
17,37,484
17,39,32
17,44,95
17,45,109
17,52,517
17,54,469
17,57,2
17,58,510
17,66,553
17,69,35
17,74,452
17,78,91
17,79,583
17,86,284
17,87,20
17,88,312
17,89,505
17,100,538
17,103,5
17,104,421
17,125,145
17,144,515
17,150,47
17,162,386
17,166,171
17,183,126
17,204,566
17,215,359
17,237,552
18,1,163
18,2,306
18,3,266
18,4,572
18,6,451
18,8,321
18,9,114
18,11,183
18,14,528
18,15,405
18,16,94
18,17,106
18,19,367
18,20,557
18,21,475
18,22,106
18,24,288
18,26,114
18,27,306
18,30,432
18,31,27
18,34,142
18,35,458
18,38,225
18,40,515
18,41,422
18,46,369
18,58,427
18,60,332
18,66,53
18,69,277
18,81,583
18,82,275
18,85,379
18,103,357
18,106,537
18,119,87
18,129,37
18,136,591
18,142,230
18,146,152
18,147,422
18,162,48
18,167,115
18,176,594
18,185,216
18,197,378
18,218,371
18,228,246
18,253,322
18,255,364
18,261,489
18,287,3
18,290,554
18,299,566
18,300,113
19,2,336
19,3,404
19,4,465
19,5,24
19,6,186
19,8,29
19,10,231
19,11,125
19,14,83
19,16,193
19,18,367
19,21,338
19,23,573
19,26,48
19,32,488
19,33,161
19,38,324
19,40,210
19,42,516
19,43,32
19,47,434
19,51,187
19,52,147
19,66,592
19,69,223
19,78,28
19,81,269
19,91,369
19,106,278
19,110,302
19,118,485
19,122,399
19,128,305
19,133,491
19,142,453
19,161,158
19,162,9
19,179,168
19,183,528
19,184,174
19,189,216
19,202,225
19,204,14
19,205,128
19,221,460
19,236,425
19,275,162
19,276,392
19,290,361
19,291,565
20,1,133
20,3,70
20,7,491
20,10,231
20,11,396
20,12,456
20,13,438
20,14,452
20,15,250
20,18,557
20,21,353
20,23,489
20,25,411
20,26,201
20,27,363
20,33,364
20,36,540
20,41,293
20,47,150
20,48,124
20,51,380
20,52,141
20,57,594
20,60,514
20,68,166
20,74,446
20,83,473
20,86,13
20,89,95
20,102,544
20,107,52
20,148,516
20,175,366
20,181,334
20,188,404
20,193,197
20,200,280
20,207,67
20,209,599
20,211,572
20,220,297
20,225,245
20,243,392
20,256,329
20,261,181
21,1,247
21,5,563
21,8,592
21,9,242
21,10,153
21,11,253
21,12,297
21,13,193
21,16,543
21,17,541
21,18,475
21,19,338
21,20,353
21,24,97
21,25,148
21,29,460
21,34,414
21,38,424
21,40,382
21,51,561
21,54,22
21,64,24
21,75,198
21,92,515
21,93,582
21,104,145
21,105,55
21,117,403
21,122,18
21,142,373
21,150,122
21,153,408
21,159,315
21,186,260
21,187,346
21,199,519
21,292,565
22,3,411
22,4,446
22,6,581
22,7,552
22,9,315
22,11,87
22,12,465
22,13,415
22,15,577
22,17,520
22,18,106
22,24,563
22,25,257
22,30,178
22,31,125
22,32,174
22,34,54
22,38,401
22,39,503
22,40,472
22,43,591
22,44,156
22,57,518
22,60,96
22,63,494
22,65,142
22,66,205
22,74,192
22,76,118
22,80,453
22,84,229
22,91,77
22,93,467
22,95,179
22,97,168
22,102,495
22,120,533
22,125,20
22,139,219
22,166,380
22,171,70
22,174,586
22,207,379
22,227,397
22,229,29
22,270,450
22,276,554
22,285,411
23,1,517
23,4,532
23,5,255
23,8,510
23,9,322
23,10,491
23,11,123
23,12,362
23,14,281
23,15,375
23,19,573
23,20,489
23,25,25
23,26,561
23,28,595
23,29,358
23,31,555
23,32,368
23,37,151
23,38,567
23,42,482
23,44,17
23,46,17
23,49,139
23,50,164
23,57,407
23,58,189
23,59,26
23,61,134
23,64,24
23,67,511
23,71,175
23,75,334
23,76,218
23,85,405
23,96,143
23,100,426
23,107,406
23,108,274
23,125,132
23,127,163
23,133,135
23,137,48
23,165,361
23,170,539
23,173,440
23,179,284
23,190,360
23,192,585
23,199,599
23,212,287
23,219,251
23,235,456
23,236,369
23,237,288
23,245,65
23,273,510
24,1,125
24,2,76
24,3,281
24,6,283
24,8,28
24,11,489
24,12,236
24,15,566
24,17,80
24,18,288
24,21,97
24,22,563
24,25,234
24,26,197
24,28,266
24,29,214
24,33,249
24,34,348
24,35,190
24,37,203
24,40,56
24,44,45
24,45,479
24,48,582
24,50,215
24,55,559
24,60,325
24,74,135
24,76,5
24,83,430
24,87,486
24,93,234
24,94,341
24,107,313
24,112,66
24,125,465
24,134,515
24,138,589
24,141,139
24,157,259
24,168,568
24,170,292
24,179,421
24,184,279
24,185,10
24,201,255
24,206,442
24,208,3
24,256,393
24,265,403
24,280,350
24,285,115
25,2,48
25,3,218
25,4,343
25,6,571
25,10,475
25,11,118
25,13,248
25,16,54
25,17,452
25,20,411
25,21,148
25,22,257
25,23,25
25,24,234
25,26,102
25,29,238
25,34,116
25,35,376
25,38,121
25,39,66
25,44,100
25,55,581
25,58,463
25,59,174
25,62,158
25,91,151
25,100,74
25,112,362
25,114,267
25,115,161
25,121,420
25,139,393
25,141,525
25,150,569
25,153,182
25,171,370
25,178,138
25,179,320
25,199,455
25,201,477
25,211,264
25,214,380
25,215,555
25,246,436
25,290,145
26,1,555
26,2,487
26,9,275
26,12,521
26,14,443
26,18,114
26,19,48
26,20,201
26,23,561
26,24,197
26,25,102
26,27,494
26,28,158
26,42,363
26,48,527
26,50,355
26,54,558
26,55,396
26,56,53
26,57,408
26,64,426
26,69,570
26,79,168
26,81,442
26,86,593
26,89,129
26,90,427
26,93,343
26,96,480
26,98,64
26,101,487
26,102,400
26,104,477
26,131,43
26,133,376
26,145,535
26,155,509
26,164,289
26,172,21
26,186,210
26,201,590
26,208,12
26,226,320
26,292,527
27,2,261
27,5,35
27,7,235
27,11,201
27,12,494
27,13,57
27,15,65
27,17,319
27,18,306
27,20,363
27,26,494
27,29,185
27,33,290
27,36,220
27,38,13
27,43,144
27,44,259
27,47,13
27,48,539
27,52,549
27,56,360
27,57,166
27,58,96
27,61,276
27,63,214
27,68,540
27,69,281
27,70,512
27,71,5
27,80,116
27,90,422
27,97,410
27,110,460
27,119,530
27,130,481
27,131,360
27,132,348
27,137,120
27,142,467
27,163,375
27,169,572
27,181,203
27,188,598
27,197,149
27,200,489
27,213,43
27,237,114
27,245,438
27,265,209
28,2,484
28,3,51
28,8,50
28,9,3
28,11,532
28,12,46
28,15,81
28,16,378
28,23,595
28,24,266
28,26,158
28,31,597
28,33,42
28,37,419
28,44,396
28,47,123
28,55,335
28,59,547
28,60,270
28,63,425
28,67,430
28,68,354
28,70,395
28,71,115
28,73,324
28,77,366
28,78,74
28,80,60
28,84,500
28,89,210
28,90,216
28,99,545
28,120,571
28,124,587
28,140,43
28,161,219
28,164,284
28,171,391
28,214,309
28,222,1
28,251,59
28,284,108
28,287,78
28,289,400
28,291,576
28,293,300
29,1,25
29,2,100
29,3,378
29,11,556
29,12,57
29,13,407
29,15,286
29,17,370
29,21,460
29,23,358
29,24,214
29,25,238
29,27,185
29,34,81
29,36,597
29,43,538
29,50,548
29,57,246
29,58,355
29,59,137
29,60,300
29,62,241
29,64,355
29,67,237
29,94,581
29,96,202
29,100,45
29,102,57
29,105,422
29,106,27
29,109,332
29,111,120
29,123,301
29,139,123
29,145,222
29,157,184
29,185,520
29,187,29
29,198,19
29,203,45
29,239,560
29,247,396
29,252,403
29,265,332
29,268,484
30,2,175
30,3,567
30,4,574
30,9,152
30,10,384
30,13,453
30,14,144
30,16,388
30,17,30
30,18,432
30,22,178
30,32,311
30,36,140
30,40,573
30,46,454
30,49,545
30,60,193
30,63,72
30,67,2
30,85,429
30,98,98
30,99,340
30,105,397
30,108,243
30,122,308
30,126,101
30,135,83
30,140,104
30,144,492
30,172,533
30,180,393
30,196,492
30,211,99
30,230,226
30,268,586
30,290,346
31,1,17
31,3,545
31,7,411
31,9,81
31,10,223
31,14,270
31,15,370
31,16,498
31,18,27
31,22,125
31,23,555
31,28,597
31,33,19
31,36,558
31,38,171
31,39,348
31,43,38
31,45,181
31,53,27
31,57,351
31,65,420
31,68,128
31,73,382
31,86,498
31,87,539
31,101,276
31,109,200
31,117,29
31,128,562
31,141,400
31,147,404
31,172,192
31,179,438
31,180,114
31,181,355
31,182,579
31,192,456
31,200,580
31,202,437
31,209,341
31,212,580
31,229,455
31,290,175
31,299,143
32,1,404
32,2,454
32,5,265
32,6,399
32,12,449
32,13,331
32,19,488
32,22,174
32,23,368
32,30,311
32,34,454
32,37,406
32,42,30
32,44,317
32,47,466
32,58,44
32,61,321
32,62,197
32,63,308
32,66,5
32,75,378
32,76,440
32,82,371
32,93,409
32,101,405
32,122,9
32,151,150
32,166,409
32,252,144
32,266,292
32,293,195
32,300,371
33,3,517
33,8,502
33,13,485
33,15,501
33,16,362
33,17,2
33,19,161
33,20,364
33,24,249
33,27,290
33,28,42
33,31,19
33,35,355
33,40,379
33,42,330
33,43,474
33,46,208
33,50,363
33,52,196
33,55,266
33,58,543
33,62,587
33,65,269
33,67,484
33,68,453
33,69,524
33,71,48
33,73,404
33,85,85
33,89,550
33,92,518
33,96,334
33,118,502
33,126,480
33,130,222
33,135,29
33,143,566
33,173,177
33,176,103
33,178,446
33,187,409
33,200,59
33,249,283
33,252,534
33,287,427
33,295,459
34,5,481
34,7,375
34,10,512
34,12,435
34,15,467
34,16,561
34,18,142
34,21,414
34,22,54
34,24,348
34,25,116
34,29,81
34,32,454
34,37,178
34,44,363
34,45,404
34,47,524
34,48,529
34,51,531
34,52,372
34,64,19
34,70,215
34,74,266
34,77,393
34,78,254
34,85,28
34,92,436
34,95,251
34,115,101
34,126,367
34,131,536
34,145,490
34,152,104
34,165,370
34,170,344
34,174,82
34,177,189
34,184,478
34,195,12
34,211,89
34,255,379
34,263,293
34,276,136
34,292,236
34,294,469
34,295,579
35,4,78
35,5,363
35,7,569
35,8,219
35,10,410
35,11,561
35,13,540
35,18,458
35,24,190
35,25,376
35,33,355
35,39,454
35,41,93
35,43,416
35,45,66
35,49,541
35,52,217
35,59,258
35,60,356
35,61,273
35,66,588
35,67,398
35,77,416
35,78,6
35,81,352
35,89,319
35,91,133
35,97,558
35,106,435
35,116,307
35,123,445
35,126,135
35,133,145
35,135,482
35,170,147
35,181,433
35,187,535
35,190,294
35,203,290
35,204,158
35,213,360
35,238,245
35,244,476
35,260,380
35,274,579
36,2,412
36,5,250
36,6,161
36,9,307
36,11,540
36,13,198
36,15,223
36,20,540
36,27,220
36,29,597
36,30,140
36,31,558
36,37,543
36,38,278
36,48,166
36,49,54
36,52,326
36,60,47
36,66,434
36,84,449
36,88,495
36,92,426
36,94,22
36,103,199
36,107,463
36,118,494
36,126,559
36,149,120
36,157,581
36,160,370
36,164,261
36,168,282
36,171,238
36,177,375
36,189,329
36,201,373
36,203,72
36,210,163
36,286,35
37,1,267
37,2,274
37,7,535
37,8,345
37,10,538
37,13,336
37,14,247
37,16,71
37,17,484
37,23,151
37,24,203
37,28,419
37,32,406
37,34,178
37,36,543
37,45,91
37,50,438
37,63,363
37,66,35
37,69,188
37,71,415
37,79,75
37,80,380
37,93,440
37,100,580
37,115,534
37,116,322
37,130,284
37,136,537
37,142,377
37,146,5
37,148,36
37,156,115
37,158,287
37,161,225
37,165,67
37,169,520
37,172,178
37,183,255
37,191,444
37,192,278
37,199,160
37,200,329
37,201,500
37,210,161
37,218,152
37,223,84
37,230,296
37,234,247
37,271,531
37,273,448
38,8,139
38,11,104
38,14,343
38,18,225
38,19,324
38,21,424
38,22,401
38,23,567
38,25,121
38,27,13
38,31,171
38,36,278
38,39,464
38,41,559
38,42,598
38,46,13
38,48,377
38,49,236
38,50,375
38,51,421
38,55,372
38,56,36
38,74,580
38,75,331
38,97,563
38,108,131
38,111,144
38,127,365
38,142,25
38,178,60
38,207,194
38,216,305
38,243,336
38,282,296
38,292,356
39,3,337
39,5,294
39,9,108
39,11,471
39,13,278
39,17,32
39,22,503
39,25,66
39,31,348
39,35,454
39,38,464
39,40,213
39,49,103
39,56,513
39,62,331
39,65,132
39,69,491
39,70,69
39,71,441
39,72,202
39,75,295
39,77,34
39,79,29
39,82,458
39,101,460
39,109,228
39,112,447
39,119,558
39,121,364
39,123,313
39,125,565
39,140,494
39,144,97
39,165,387
39,171,219
39,184,587
39,188,558
39,203,272
39,207,563
39,217,245
39,221,212
39,223,600
39,231,429
39,238,151
39,244,500
39,258,205
39,260,58
39,273,517
39,276,124
39,278,262
39,294,58
40,7,359
40,9,52
40,10,86
40,11,196
40,12,127
40,13,546
40,18,515
40,19,210
40,21,382
40,22,472
40,24,56
40,30,573
40,33,379
40,39,213
40,43,296
40,44,431
40,45,53
40,46,577
40,49,575
40,51,386
40,53,392
40,54,590
40,56,251
40,62,348
40,63,472
40,64,432
40,79,175
40,82,302
40,90,372
40,91,19
40,95,470
40,101,342
40,113,96
40,144,355
40,145,12
40,162,119
40,188,152
40,190,526
40,193,277
40,205,139
40,222,150
40,242,97
40,247,192
41,1,398
41,5,383
41,6,126
41,7,166
41,8,358
41,9,377
41,10,179
41,15,546
41,16,125
41,18,422
41,20,293
41,35,93
41,38,559
41,42,598
41,43,569
41,53,545
41,66,173
41,71,18
41,73,49
41,74,417
41,76,225
41,82,505
41,112,16
41,123,509
41,138,267
41,141,321
41,165,185
41,218,222
41,254,298
41,267,297
41,280,495
42,5,129
42,7,349
42,9,94
42,14,406
42,15,481
42,16,515
42,19,516
42,23,482
42,26,363
42,32,30
42,33,330
42,38,598
42,41,598
42,43,186
42,45,161
42,51,569
42,55,303
42,58,404
42,64,537
42,72,337
42,81,17
42,95,355
42,107,166
42,127,292
42,138,337
42,148,96
42,155,53
42,190,375
42,193,177
42,198,128
42,203,211
42,227,382
42,238,96
42,258,521
42,260,472
42,276,491
42,277,505
43,2,319
43,4,138
43,15,247
43,19,32
43,22,591
43,27,144
43,29,538
43,31,38
43,33,474
43,35,416
43,40,296
43,41,569
43,42,186
43,46,264
43,47,43
43,50,439
43,51,537
43,53,372
43,59,197
43,75,161
43,78,74
43,79,557
43,80,204
43,86,313
43,93,291
43,133,87
43,135,563
43,144,365
43,152,301
43,166,94
43,168,387
43,205,407
43,209,74
43,234,375
43,260,565
43,267,531
43,281,204
43,282,14
44,5,299
44,7,593
44,13,6
44,15,227
44,16,481
44,17,95
44,22,156
44,23,17
44,24,45
44,25,100
44,27,259
44,28,396
44,32,317
44,34,363
44,40,431
44,46,404
44,47,514
44,52,46
44,54,559
44,55,41
44,59,382
44,64,64
44,68,490
44,72,600
44,87,162
44,88,578
44,96,145
44,110,88
44,134,312
44,138,424
44,140,212
44,144,206
44,146,499
44,156,255
44,165,435
44,166,593
44,175,511
44,194,319
44,214,457
44,222,266
44,262,157
44,288,484
44,289,71
45,2,197
45,9,377
45,14,203
45,16,258
45,17,109
45,24,479
45,31,181
45,34,404
45,35,66
45,37,91
45,40,53
45,42,161
45,46,126
45,48,406
45,49,134
45,54,212
45,55,124
45,57,356
45,58,144
45,62,314
45,69,43
45,74,564
45,80,69
45,85,207
45,92,135
45,114,508
45,118,296
45,120,470
45,121,395
45,125,66
45,127,296
45,128,465
45,133,402
45,134,143
45,136,523
45,145,52
45,146,167
45,147,322
45,153,469
45,156,510
45,172,524
45,227,129
45,283,382
45,293,346
46,1,94
46,3,272
46,6,169
46,7,514
46,12,390
46,14,399
46,16,145
46,18,369
46,23,17
46,30,454
46,33,208
46,38,13
46,40,577
46,43,264
46,44,404
46,45,126
46,48,228
46,53,527
46,54,452
46,63,122
46,70,86
46,71,428
46,72,540
46,77,347
46,78,274
46,85,423
46,88,444
46,94,400
46,96,64
46,105,215
46,120,354
46,125,206
46,133,108
46,144,446
46,153,446
46,158,181
46,162,60
46,164,177
46,195,263
46,202,361
46,214,162
46,239,377
46,242,326
46,244,108
46,245,7
46,256,452
46,257,433
46,267,440
46,273,237
46,275,538
47,2,316
47,6,298
47,8,21
47,10,169
47,19,434
47,20,150
47,27,13
47,28,123
47,32,466
47,34,524
47,43,43
47,44,514
47,52,89
47,53,181
47,71,283
47,72,414
47,85,32
47,87,319
47,88,386
47,91,10
47,92,284
47,99,411
47,102,596
47,105,447
47,109,457
47,119,208
47,139,64
47,165,24
47,186,556
47,190,405
47,206,529
47,215,236
47,230,386
47,258,304
47,275,237
48,2,385
48,4,172
48,6,202
48,10,89
48,11,40
48,20,124
48,24,582
48,26,527
48,27,539
48,34,529
48,36,166
48,38,377
48,45,406
48,46,228
48,49,501
48,56,106
48,59,430
48,60,195
48,61,474
48,63,22
48,67,457
48,69,316
48,73,279
48,80,315
48,93,596
48,94,478
48,95,25
48,99,218
48,106,239
48,115,177
48,123,228
48,131,486
48,132,174
48,134,285
48,136,315
48,139,194
48,142,220
48,154,263
48,158,566
48,187,567
48,220,35
48,244,11
48,296,457
49,3,590
49,8,528
49,11,352
49,12,460
49,16,537
49,23,139
49,30,545
49,35,541
49,36,54
49,38,236
49,39,103
49,40,575
49,45,134
49,48,501
49,50,116
49,53,555
49,55,582
49,57,503
49,61,129
49,64,511
49,72,332
49,74,306
49,79,249
49,83,389
49,96,185
49,107,598
49,117,306
49,118,390
49,121,413
49,127,107
49,131,23
49,137,438
49,140,303
49,146,554
49,154,563
49,158,513
49,171,215
49,175,577
49,225,52
49,228,172
49,229,174
50,2,569
50,4,529
50,5,60
50,6,553
50,12,406
50,15,330
50,23,164
50,24,215
50,26,355
50,29,548
50,33,363
50,37,438
50,38,375
50,43,439
50,49,116
50,52,347
50,56,537
50,60,93
50,67,51
50,69,124
50,70,168
50,71,438
50,81,164
50,87,193
50,88,262
50,90,244
50,91,81
50,92,438
50,96,470
50,97,243
50,114,230
50,115,479
50,116,543
50,119,75
50,120,519
50,124,201
50,126,51
50,135,242
50,141,235
50,182,392
50,197,77
50,205,241
50,260,52
50,278,18
50,296,67
51,5,548
51,6,327
51,9,570
51,10,199
51,19,187
51,20,380
51,21,561
51,34,531
51,38,421
51,40,386
51,42,569
51,43,537
51,53,284
51,59,447
51,65,231
51,72,268
51,77,213
51,84,95
51,87,265
51,89,353
51,91,478
51,103,16
51,109,455
51,123,545
51,126,36
51,130,435
51,132,345
51,141,61
51,143,292
51,149,368
51,179,408
51,192,68
51,208,124
51,213,511
51,222,233
51,231,201
51,233,453
51,234,171
51,239,155
51,270,296
51,285,437
51,288,82
52,1,457
52,10,453
52,17,517
52,19,147
52,20,141
52,27,549
52,33,196
52,34,372
52,35,217
52,36,326
52,44,46
52,47,89
52,50,347
52,54,256
52,61,250
52,63,256
52,65,456
52,66,92
52,67,261
52,70,3
52,71,166
52,77,265
52,87,42
52,98,175
52,104,418
52,112,109
52,116,55
52,119,206
52,124,511
52,136,366
52,148,55
52,158,264
52,171,214
52,191,525
52,196,78
52,199,597
52,219,411
52,242,310
52,245,585
52,266,18
52,268,62
52,273,270
53,4,133
53,11,360
53,12,557
53,31,27
53,40,392
53,41,545
53,43,372
53,46,527
53,47,181
53,49,555
53,51,284
53,55,176
53,59,10
53,64,446
53,68,85
53,70,431
53,76,482
53,77,77
53,82,287
53,86,436
53,98,381
53,112,155
53,113,28
53,117,406
53,143,365
53,153,325
53,154,184
53,159,92
53,163,112
53,164,389
53,166,105
53,168,395
53,170,521
53,173,309
53,197,170
53,226,500
53,238,388
53,264,122
53,272,331
54,2,545
54,5,554
54,6,217
54,10,473
54,13,132
54,17,469
54,21,22
54,26,558
54,40,590
54,44,559
54,45,212
54,46,452
54,52,256
54,56,456
54,62,185
54,63,125
54,66,527
54,67,313
54,70,210
54,71,295
54,73,480
54,75,464
54,83,238
54,90,183
54,93,535
54,94,402
54,95,148
54,97,24
54,98,524
54,100,572
54,146,489
54,152,283
54,153,120
54,157,591
54,159,599
54,160,79
54,181,412
54,183,161
54,217,131
54,218,5
54,222,107
54,229,431
54,254,210
54,279,28
54,280,226
54,285,181
54,286,239
55,5,412
55,7,151
55,13,130
55,16,60
55,24,559
55,25,581
55,26,396
55,28,335
55,33,266
55,38,372
55,42,303
55,44,41
55,45,124
55,49,582
55,53,176
55,56,399
55,67,511
55,68,1
55,69,110
55,70,249
55,77,150
55,79,13
55,80,271
55,85,122
55,88,512
55,93,425
55,108,503
55,143,406
55,149,69
55,152,403
55,206,573
55,224,428
55,266,400
55,285,494
55,297,30
56,3,41
56,8,39
56,13,430
56,14,548
56,26,53
56,27,360
56,38,36
56,39,513
56,40,251
56,48,106
56,50,537
56,54,456
56,55,399
56,68,406
56,75,572
56,78,486
56,82,349
56,85,158
56,94,124
56,98,551
56,102,75
56,103,212
56,108,261
56,115,424
56,118,416
56,119,80
56,123,475
56,127,364
56,132,156
56,137,153
56,145,570
56,194,173
56,201,412
56,258,135
56,295,337
57,9,39
57,11,416
57,16,461
57,17,2
57,20,594
57,22,518
57,23,407
57,26,408
57,27,166
57,29,246
57,31,351
57,45,356
57,49,503
57,72,174
57,79,257
57,83,459
57,85,6
57,91,171
57,96,21
57,104,566
57,105,258
57,109,258
57,124,484
57,135,432
57,157,20
57,162,19
57,200,316
57,217,540
57,219,360
57,238,375
57,260,199
57,264,159
57,271,424
57,274,110
57,276,404
58,2,12
58,7,459
58,10,495
58,11,455
58,13,457
58,17,510
58,18,427
58,23,189
58,25,463
58,27,96
58,29,355
58,32,44
58,33,543
58,42,404
58,45,144
58,69,494
58,76,58
58,77,136
58,82,5
58,87,130
58,99,433
58,101,501
58,105,384
58,115,594
58,117,219
58,125,137
58,126,475
58,135,448
58,137,293
58,159,467
58,174,2
58,185,231
58,188,67
58,202,480
58,203,532
58,222,508
58,227,25
58,240,183
58,261,329
58,295,367
59,1,223
59,4,552
59,8,502
59,15,577
59,23,26
59,25,174
59,28,547
59,29,137
59,35,258
59,43,197
59,44,382
59,48,430
59,51,447
59,53,10
59,61,167
59,65,539
59,67,152
59,83,97
59,90,142
59,100,556
59,103,597
59,106,231
59,113,83
59,114,408
59,124,315
59,128,380
59,129,532
59,132,522
59,141,241
59,144,486
59,153,501
59,158,113
59,170,202
59,172,206
59,182,303
59,204,400
59,211,178
59,213,462
59,239,577
59,244,412
59,280,578
59,282,230
59,285,424
59,292,204
59,298,236
60,1,243
60,3,447
60,9,346
60,15,115
60,18,332
60,20,514
60,22,96
60,24,325
60,28,270
60,29,300
60,30,193
60,35,356
60,36,47
60,48,195
60,50,93
60,66,303
60,71,219
60,72,16
60,80,154
60,86,360
60,93,446
60,96,200
60,100,283
60,104,150
60,113,516
60,126,316
60,128,37
60,132,373
60,139,212
60,160,362
60,174,38
60,194,21
60,202,322
60,223,206
60,246,127
60,266,526
60,270,270
60,287,227
60,295,329
61,4,554
61,8,28
61,11,198
61,13,378
61,14,119
61,23,134
61,27,276
61,32,321
61,35,273
61,48,474
61,49,129
61,52,250
61,59,167
61,62,353
61,74,114
61,76,75
61,90,459
61,91,558
61,96,502
61,98,384
61,107,207
61,111,353
61,121,424
61,123,521
61,128,552
61,131,332
61,136,173
61,141,574
61,147,233
61,155,276
61,174,285
61,195,464
61,247,170
61,268,466
62,1,309
62,5,208
62,8,106
62,13,184
62,16,131
62,25,158
62,29,241
62,32,197
62,33,587
62,39,331
62,40,348
62,45,314
62,54,185
62,61,353
62,75,526
62,78,347
62,90,587
62,93,199
62,108,442
62,110,165
62,165,351
62,167,393
62,169,373
62,175,243
62,186,188
62,200,105
62,205,33
62,209,585
62,230,161
62,234,187
62,247,586
62,255,491
62,273,70
62,297,61
63,7,466
63,14,303
63,16,261
63,22,494
63,27,214
63,28,425
63,30,72
63,32,308
63,37,363
63,40,472
63,46,122
63,48,22
63,52,256
63,54,125
63,67,107
63,73,167
63,74,534
63,80,271
63,85,449
63,91,116
63,92,590
63,113,7
63,115,10
63,118,99
63,122,198
63,123,160
63,137,49
63,151,255
63,152,76
63,157,181
63,173,229
63,175,219
63,176,479
63,182,73
63,208,234
63,217,98
63,223,559
63,224,431
63,230,224
63,233,222
63,234,252
63,242,223
63,257,543
63,261,346
63,263,336
63,273,96
64,1,478
64,9,331
64,13,320
64,21,24
64,23,24
64,26,426
64,29,355
64,34,19
64,40,432
64,42,537
64,44,64
64,49,511
64,53,446
64,65,498
64,70,237
64,76,116
64,86,365
64,87,503
64,88,176
64,99,461
64,104,360
64,107,407
64,121,141
64,135,195
64,136,479
64,137,233
64,138,401
64,141,243
64,147,459
64,151,299
64,154,98
64,158,152
64,169,404
64,241,526
64,243,242
64,246,470
64,248,105
64,249,491
64,266,289
65,1,589
65,3,149
65,5,412
65,8,490
65,15,20
65,16,50
65,22,142
65,31,420
65,33,269
65,39,132
65,51,231
65,52,456
65,59,539
65,64,498
65,76,308
65,92,485
65,97,458
65,98,131
65,104,391
65,113,205
65,115,100
65,118,306
65,122,473
65,134,596
65,148,423
65,149,294
65,168,380
65,172,87
65,179,176
65,184,192
65,205,302
65,261,344
65,277,471
65,296,508
66,3,498
66,12,82
66,13,538
66,17,553
66,18,53
66,19,592
66,22,205
66,32,5
66,35,588
66,36,434
66,37,35
66,41,173
66,52,92
66,54,527
66,60,303
66,78,4
66,79,228
66,83,509
66,89,107
66,104,14
66,117,520
66,128,308
66,137,303
66,141,172
66,143,172
66,176,262
66,177,190
66,181,196
66,211,516
66,292,352
67,3,575
67,14,435
67,23,511
67,28,430
67,29,237
67,30,2
67,33,484
67,35,398
67,48,457
67,50,51
67,52,261
67,54,313
67,55,511
67,59,152
67,63,107
67,72,63
67,78,271
67,79,456
67,81,271
67,84,52
67,85,515
67,86,39
67,88,272
67,94,464
67,97,226
67,100,164
67,107,424
67,113,131
67,124,500
67,125,439
67,126,477
67,127,352
67,130,149
67,151,133
67,154,591
67,155,71
67,160,440
67,173,524
67,178,410
67,207,334
67,214,427
67,240,18
67,253,271
67,287,466
67,291,25
68,1,427
68,4,255
68,9,377
68,12,96
68,15,357
68,20,166
68,27,540
68,28,354
68,31,128
68,33,453
68,44,490
68,53,85
68,55,1
68,56,406
68,83,469
68,87,563
68,105,49
68,115,274
68,138,168
68,148,262
68,182,350
68,192,403
68,204,247
68,216,390
68,250,332
68,263,550
69,7,345
69,12,468
69,15,398
69,17,35
69,18,277
69,19,223
69,26,570
69,27,281
69,33,524
69,37,188
69,39,491
69,45,43
69,48,316
69,50,124
69,55,110
69,58,494
69,70,419
69,83,314
69,92,52
69,94,62
69,96,219
69,108,17
69,110,291
69,111,493
69,117,485
69,119,148
69,126,189
69,143,254
69,144,452
69,180,410
69,181,511
69,182,151
69,188,72
69,202,274
69,215,190
69,218,75
69,220,126
69,241,83
69,251,438
69,252,514
69,274,383
69,277,425
69,278,46
69,291,193
70,2,234
70,3,423
70,14,443
70,27,512
70,28,395
70,34,215
70,39,69
70,46,86
70,50,168
70,52,3
70,53,431
70,54,210
70,55,249
70,64,237
70,69,419
70,92,295
70,95,74
70,102,599
70,110,568
70,118,227
70,126,397
70,136,548
70,139,228
70,158,243
70,166,84
70,183,476
70,187,22
70,215,391
70,220,66
70,229,435
70,243,359
70,254,368
70,272,133
70,292,213
71,4,221
71,23,175
71,27,5
71,28,115
71,33,48
71,37,415
71,39,441
71,41,18
71,46,428
71,47,283
71,50,438
71,52,166
71,54,295
71,60,219
71,72,15
71,77,401
71,82,478
71,89,574
71,103,141
71,110,599
71,111,90
71,123,8
71,128,593
71,132,423
71,141,408
71,143,559
71,149,54
71,164,430
71,167,230
71,180,229
71,197,167
71,220,264
71,231,478
71,235,537
71,236,337
71,249,577
71,250,63
71,268,58
71,274,265
71,286,224
71,299,422
72,4,204
72,5,8
72,12,412
72,14,503
72,15,429
72,39,202
72,42,337
72,44,600
72,46,540
72,47,414
72,49,332
72,51,268
72,57,174
72,60,16
72,67,63
72,71,15
72,73,207
72,77,486
72,79,330
72,84,134
72,89,35
72,99,98
72,102,564
72,110,221
72,113,238
72,116,6
72,121,28
72,133,454
72,135,85
72,144,4
72,146,517
72,155,441
72,159,416
72,161,498
72,177,66
72,178,463
72,183,379
72,194,161
72,195,444
72,202,469
72,210,67
72,262,537
72,274,384
72,281,241
72,283,451
73,3,53
73,7,87
73,10,138
73,12,345
73,13,348
73,16,422
73,28,324
73,31,382
73,33,404
73,41,49
73,48,279
73,54,480
73,63,167
73,72,207
73,74,555
73,78,527
73,115,499
73,120,448
73,121,436
73,122,455
73,128,528
73,142,288
73,143,211
73,149,160
73,154,516
73,169,42
73,180,11
73,188,463
73,216,524
73,241,154
73,255,253
73,282,452
73,290,166
74,2,295
74,4,285
74,6,62
74,17,452
74,20,446
74,22,192
74,24,135
74,34,266
74,38,580
74,41,417
74,45,564
74,49,306
74,61,114
74,63,534
74,73,555
74,76,315
74,77,210
74,86,41
74,87,399
74,97,232
74,102,323
74,105,246
74,109,14
74,117,563
74,125,361
74,131,57
74,140,92
74,157,27
74,183,316
74,188,528
74,196,553
74,262,29
74,265,144
75,3,476
75,4,379
75,10,153
75,11,564
75,14,228
75,21,198
75,23,334
75,32,378
75,38,331
75,39,295
75,43,161
75,54,464
75,56,572
75,62,526
75,77,485
75,82,539
75,90,245
75,101,245
75,102,293
75,110,514
75,127,216
75,131,397
75,135,275
75,148,333
75,177,4
75,190,184
75,203,585
75,233,248
75,264,362
75,267,508
75,291,92
75,298,110
76,1,475
76,6,505
76,11,368
76,22,118
76,23,218
76,24,5
76,32,440
76,41,225
76,53,482
76,58,58
76,61,75
76,64,116
76,65,308
76,74,315
76,77,415
76,84,570
76,85,569
76,86,307
76,89,219
76,94,315
76,97,202
76,108,134
76,114,279
76,122,29
76,135,182
76,164,249
76,187,326
76,195,463
76,200,114
76,210,372
76,216,593
76,221,133
76,241,257
76,256,423
76,273,255
77,3,522
77,28,366
77,34,393
77,35,416
77,39,34
77,46,347
77,51,213
77,52,265
77,53,77
77,55,150
77,58,136
77,71,401
77,72,486
77,74,210
77,75,485
77,76,415
77,81,431
77,92,547
77,99,116
77,106,120
77,112,61
77,114,591
77,116,559
77,125,66
77,172,438
77,180,145
77,214,509
77,227,581
77,237,65
77,260,298
77,288,211
78,1,451
78,3,62
78,4,198
78,17,91
78,19,28
78,28,74
78,34,254
78,35,6
78,43,74
78,46,274
78,56,486
78,62,347
78,66,4
78,67,271
78,73,527
78,80,308
78,83,208
78,88,318
78,94,256
78,111,534
78,117,117
78,130,13
78,146,416
78,159,96
78,181,415
78,185,73
78,189,33
78,205,399
78,238,69
78,262,466
78,264,585
78,271,320
78,290,104
78,293,295
78,300,380
79,1,401
79,5,178
79,17,583
79,26,168
79,37,75
79,39,29
79,40,175
79,43,557
79,49,249
79,55,13
79,57,257
79,66,228
79,67,456
79,72,330
79,100,517
79,110,535
79,119,83
79,126,409
79,145,293
79,167,33
79,178,582
79,194,405
79,198,561
79,250,102
79,251,378
79,269,173
79,272,297
79,276,552
79,298,389
80,4,119
80,5,211
80,7,55
80,22,453
80,27,116
80,28,60
80,37,380
80,43,204
80,45,69
80,48,315
80,55,271
80,60,154
80,63,271
80,78,308
80,87,376
80,107,47
80,128,225
80,145,391
80,148,149
80,150,70
80,154,134
80,163,95
80,179,168
80,197,20
80,248,312
80,254,564
80,258,577
80,261,273
80,276,141
80,280,345
80,291,109
80,299,235
81,1,248
81,2,341
81,6,106
81,8,299
81,11,240
81,12,102
81,13,472
81,15,534
81,18,583
81,19,269
81,26,442
81,35,352
81,42,17
81,50,164
81,67,271
81,77,431
81,87,266
81,90,565
81,95,341
81,96,131
81,105,326
81,111,232
81,129,291
81,135,14
81,139,126
81,160,81
81,170,369
81,173,39
81,180,208
81,218,159
81,220,357
81,224,181
81,243,302
81,258,461
81,269,455
81,275,46
81,281,396
81,298,339
82,1,67
82,2,342
82,3,108
82,6,331
82,14,411
82,18,275
82,32,371
82,39,458
82,40,302
82,41,505
82,53,287
82,56,349
82,58,5
82,71,478
82,75,539
82,88,459
82,95,158
82,101,581
82,118,120
82,122,57
82,127,494
82,134,283
82,148,388
82,158,102
82,170,539
82,173,4
82,176,269
82,196,460
82,197,579
82,209,536
82,233,486
82,238,571
82,244,557
82,257,224
82,266,252
82,269,378
82,292,76
83,1,64
83,7,281
83,10,134
83,13,383
83,20,473
83,24,430
83,49,389
83,54,238
83,57,459
83,59,97
83,66,509
83,68,469
83,69,314
83,78,208
83,86,292
83,88,274
83,95,460
83,97,420
83,111,33
83,113,471
83,116,37
83,118,466
83,119,82
83,121,446
83,124,88
83,166,598
83,213,54
83,217,571
83,232,193
83,292,400
84,1,222
84,2,1
84,4,54
84,7,278
84,9,277
84,13,266
84,15,548
84,22,229
84,28,500
84,36,449
84,51,95
84,67,52
84,72,134
84,76,570
84,89,546
84,92,350
84,95,37
84,100,424
84,104,586
84,109,579
84,110,394
84,112,533
84,121,69
84,129,186
84,130,501
84,132,477
84,136,365
84,137,549
84,139,519
84,145,600
84,146,330
84,148,173
84,151,464
84,170,99
84,173,598
84,182,552
84,194,289
84,211,302
84,213,526
84,223,365
84,228,479
84,240,425
84,269,358
84,275,249
84,284,364
84,285,361
84,289,433
84,298,187
85,4,468
85,5,573
85,18,379
85,23,405
85,30,429
85,33,85
85,34,28
85,45,207
85,46,423
85,47,32
85,55,122
85,56,158
85,57,6
85,63,449
85,67,515
85,76,569
85,93,368
85,94,349
85,98,65
85,103,222
85,104,356
85,113,117
85,115,112
85,117,64
85,120,55
85,132,4
85,138,250
85,146,296
85,150,569
85,160,58
85,167,300
85,171,590
85,195,306
85,197,159
85,211,128
85,242,55
85,243,569
85,281,226
86,6,62
86,7,356
86,13,26
86,17,284
86,20,13
86,26,593
86,31,498
86,43,313
86,53,436
86,60,360
86,64,365
86,67,39
86,74,41
86,76,307
86,83,292
86,87,467
86,94,407
86,130,309
86,133,386
86,150,381
86,161,585
86,164,477
86,165,34
86,191,389
86,206,12
86,215,215
86,222,495
86,232,123
86,233,78
86,235,76
86,253,49
86,298,416
87,16,388
87,17,20
87,24,486
87,31,539
87,44,162
87,47,319
87,50,193
87,51,265
87,52,42
87,58,130
87,64,503
87,68,563
87,74,399
87,80,376
87,81,266
87,86,467
87,108,206
87,109,99
87,120,379
87,130,108
87,132,400
87,168,281
87,206,332
87,207,306
87,210,36
87,219,197
87,228,225
87,234,246
87,241,93
87,247,233
87,254,446
87,275,21
87,279,51
87,288,327
88,1,201
88,7,144
88,13,44
88,17,312
88,36,495
88,44,578
88,46,444
88,47,386
88,50,262
88,55,512
88,64,176
88,67,272
88,78,318
88,82,459
88,83,274
88,91,590
88,92,259
88,96,105
88,111,535
88,114,439
88,116,6
88,118,576
88,130,132
88,132,309
88,148,10
88,151,225
88,153,470
88,159,72
88,185,384
88,217,488
88,246,281
88,260,445
89,5,442
89,8,111
89,12,507
89,13,129
89,17,505
89,20,95
89,26,129
89,28,210
89,33,550
89,35,319
89,51,353
89,66,107
89,71,574
89,72,35
89,76,219
89,84,546
89,96,56
89,106,263
89,108,580
89,112,29
89,128,177
89,131,162
89,167,129
89,188,61
89,193,337
89,207,517
89,210,149
89,216,314
89,234,542
89,240,380
89,244,486
89,273,232
89,299,20
90,8,101
90,15,232
90,26,427
90,27,422
90,28,216
90,40,372
90,50,244
90,54,183
90,59,142
90,61,459
90,62,587
90,75,245
90,81,565
90,98,102
90,101,203
90,102,583
90,104,524
90,105,310
90,108,128
90,112,276
90,125,489
90,158,306
90,167,446
90,175,163
90,182,533
90,186,64
90,191,599
90,230,205
91,4,485
91,11,493
91,19,369
91,22,77
91,25,151
91,35,133
91,40,19
91,47,10
91,50,81
91,51,478
91,57,171
91,61,558
91,63,116
91,88,590
91,99,133
91,103,498
91,107,9
91,108,190
91,114,500
91,116,1
91,119,590
91,134,12
91,147,498
91,150,395
91,163,351
91,203,473
91,228,540
92,6,414
92,21,515
92,33,518
92,34,436
92,36,426
92,45,135
92,47,284
92,50,438
92,63,590
92,65,485
92,69,52
92,70,295
92,77,547
92,84,350
92,88,259
92,102,411
92,103,132
92,106,87
92,107,432
92,173,241
92,197,163
92,206,62
92,225,565
92,232,350
92,251,316
92,286,105
93,8,501
93,12,26
93,21,582
93,22,467
93,24,234
93,26,343
93,32,409
93,37,440
93,43,291
93,48,596
93,54,535
93,55,425
93,60,446
93,62,199
93,85,368
93,100,429
93,118,214
93,123,501
93,145,554
93,163,255
93,176,171
93,178,52
93,192,320
93,232,531
93,237,222
93,241,71
94,10,328
94,12,378
94,24,341
94,29,581
94,36,22
94,46,400
94,48,478
94,54,402
94,56,124
94,67,464
94,69,62
94,76,315
94,78,256
94,85,349
94,86,407
94,105,186
94,107,469
94,109,80
94,114,474
94,116,343
94,141,444
94,144,39
94,150,472
94,153,434
94,170,565
94,191,108
94,195,451
94,199,471
94,202,240
94,224,303
94,226,531
94,236,149
94,257,103
94,266,506
94,277,364
95,2,261
95,9,378
95,22,179
95,34,251
95,40,470
95,42,355
95,48,25
95,54,148
95,70,74
95,81,341
95,82,158
95,83,460
95,84,37
95,98,419
95,106,136
95,111,51
95,117,231
95,120,184
95,153,407
95,156,194
95,162,262
95,173,318
95,177,126
95,180,67
95,199,439
95,233,443
95,249,21
95,252,476
95,258,117
96,23,143
96,26,480
96,29,202
96,33,334
96,44,145
96,46,64
96,49,185
96,50,470
96,57,21
96,60,200
96,61,502
96,69,219
96,81,131
96,88,105
96,89,56
96,98,550
96,101,500
96,105,30
96,115,451
96,116,314
96,122,153
96,129,437
96,136,40
96,141,157
96,146,139
96,149,165
96,153,352
96,187,457
96,193,569
96,218,498
96,221,216
96,226,202
96,250,106
96,259,124
97,1,27
97,22,168
97,27,410
97,35,558
97,38,563
97,50,243
97,54,24
97,65,458
97,67,226
97,74,232
97,76,202
97,83,420
97,99,489
97,129,461
97,133,567
97,136,15
97,144,522
97,154,295
97,159,65
97,182,241
97,189,360
97,196,522
97,204,314
97,230,381
97,232,169
97,243,560
97,253,51
97,294,373
98,2,599
98,9,247
98,26,64
98,30,98
98,52,175
98,53,381
98,54,524
98,56,551
98,61,384
