source,target,weight
1,2,89
1,3,475
1,4,173
1,5,354
1,6,371
1,10,521
1,11,418
1,12,495
1,14,339
1,15,21
1,18,578
1,19,329
1,21,244
1,22,531
1,24,131
1,26,342
1,27,364
1,28,318
1,30,359
1,31,498
1,34,369
1,35,7
1,42,387
1,45,355
1,46,461
1,49,388
1,50,293
1,51,151
1,54,10
1,57,478
1,60,301
1,62,486
1,63,452
1,64,297
1,68,582
1,69,237
1,70,333
1,72,205
1,76,541
1,77,81
1,80,310
1,82,231
1,83,162
1,93,303
1,98,444
1,102,327
1,109,328
1,111,34
1,112,534
1,118,497
1,123,438
1,129,471
1,130,227
1,135,576
1,136,387
1,138,241
1,142,246
1,149,411
1,150,214
1,151,71
1,153,241
1,161,249
1,163,67
1,167,154
1,173,22
1,180,361
1,207,184
1,209,523
1,211,162
1,218,175
1,229,294
1,232,566
1,238,347
1,244,370
1,281,102
1,287,105
1,288,151
1,291,373
1,294,23
2,1,89
2,3,65
2,4,263
2,5,427
2,6,518
2,7,35
2,8,330
2,9,335
2,10,579
2,11,349
2,12,296
2,15,286
2,16,335
2,17,545
2,19,452
2,20,271
2,21,423
2,25,576
2,26,156
2,27,456
2,28,334
2,29,448
2,30,162
2,31,3
2,33,261
2,34,139
2,35,230
2,37,34
2,38,383
2,41,46
2,42,135
2,43,464
2,48,251
2,49,292
2,50,71
2,54,142
2,55,131
2,57,144
2,58,91
2,59,130
2,61,71
2,62,321
2,66,104
2,71,343
2,78,550
2,81,273
2,84,51
2,88,322
2,91,31
2,98,326
2,104,420
2,110,511
2,111,363
2,113,532
2,117,293
2,121,12
2,127,268
2,132,40
2,146,279
2,159,30
2,160,389
2,169,526
2,178,220
2,183,107
2,184,322
2,192,519
2,193,123
2,199,140
2,202,350
2,232,54
2,242,552
2,243,315
2,255,252
2,259,281
2,268,195
2,283,267
2,286,486
2,289,421
3,1,475
3,2,65
3,4,345
3,7,181
3,8,49
3,9,143
3,11,534
3,12,238
3,13,165
3,15,187
3,16,454
3,17,177
3,19,221
3,20,470
3,21,563
3,22,492
3,23,405
3,24,366
3,26,446
3,28,147
3,29,9
3,30,370
3,31,187
3,32,4
3,34,482
3,36,496
3,38,322
3,39,120
3,41,202
3,42,133
3,43,489
3,44,224
3,47,79
3,50,250
3,51,367
3,52,412
3,54,291
3,55,368
3,61,553
3,63,147
3,74,5
3,75,392
3,76,291
3,81,443
3,87,357
3,88,409
3,89,284
3,98,589
3,100,348
3,101,324
3,102,94
3,103,181
3,109,281
3,118,598
3,121,111
3,134,559
3,135,583
3,141,189
3,143,544
3,152,121
3,156,283
3,157,50
3,161,484
3,164,481
3,192,310
3,194,130
3,204,401
3,207,552
3,210,255
3,211,43
3,224,498
3,231,555
3,238,249
3,240,196
3,246,225
3,248,261
3,250,554
3,252,432
3,258,400
3,267,20
3,288,416
3,291,28
3,298,127
4,1,173
4,2,263
4,3,345
4,5,108
4,6,432
4,8,503
4,9,568
4,11,350
4,12,160
4,13,202
4,14,61
4,17,178
4,19,311
4,22,385
4,24,470
4,25,86
4,26,435
4,28,220
4,29,63
4,33,199
4,34,148
4,35,68
4,36,49
4,41,316
4,42,180
4,45,400
4,47,440
4,51,332
4,52,142
4,56,20
4,57,400
4,58,485
4,60,382
4,68,118
4,70,548
4,73,456
4,78,120
4,83,477
4,84,52
4,85,264
4,86,237
4,87,158
4,89,411
4,94,4
4,101,473
4,102,440
4,106,536
4,107,176
4,109,314
4,111,206
4,117,83
4,118,380
4,121,415
4,122,296
4,132,146
4,135,70
4,137,214
4,138,59
4,144,216
4,147,235
4,172,502
4,179,273
4,193,460
4,195,188
4,197,241
4,199,473
4,223,248
4,225,485
4,234,348
4,235,546
4,236,198
4,238,116
4,246,518
4,254,301
4,259,534
4,261,407
4,267,503
4,278,482
4,300,565
5,1,354
5,2,427
5,4,108
5,6,251
5,7,488
5,9,401
5,11,353
5,13,19
5,15,530
5,16,331
5,20,87
5,21,292
5,22,497
5,23,508
5,25,349
5,26,46
5,27,545
5,29,100
5,30,590
5,31,444
5,32,376
5,33,269
5,34,105
5,35,370
5,37,267
5,40,464
5,44,565
5,45,503
5,48,573
5,49,170
5,50,442
5,51,89
5,52,242
5,59,355
5,61,268
5,62,448
5,64,274
5,72,154
5,74,142
5,79,416
5,80,309
5,82,376
5,85,433
5,86,343
5,88,407
5,92,357
5,95,412
5,100,63
5,102,277
5,105,141
5,110,226
5,111,136
5,121,489
5,128,515
5,132,148
5,134,330
5,139,353
5,149,128
5,152,365
5,153,49
5,155,317
5,157,260
5,159,33
5,160,486
5,169,260
5,174,336
5,183,464
5,186,427
5,207,466
5,211,136
5,212,109
5,216,456
5,218,457
5,230,16
5,234,544
5,239,183
5,240,250
5,258,326
5,274,517
5,281,201
5,298,394
6,1,371
6,2,518
6,4,432
6,5,251
6,7,510
6,8,346
6,9,438
6,10,195
6,11,424
6,12,454
6,13,255
6,14,101
6,15,147
6,19,459
6,20,105
6,22,133
6,23,342
6,25,371
6,26,107
6,28,68
6,29,524
6,30,177
6,31,297
6,32,240
6,34,121
6,35,224
6,38,535
6,39,409
6,40,511
6,41,141
6,42,20
6,44,74
6,45,361
6,46,173
6,47,457
6,49,454
6,51,46
6,53,550
6,56,153
6,59,367
6,60,64
6,61,57
6,63,65
6,64,257
6,67,568
6,68,526
6,69,234
6,70,139
6,71,389
6,72,276
6,74,19
6,77,8
6,79,346
6,80,302
6,82,307
6,84,429
6,88,238
6,91,193
6,97,101
6,98,93
6,104,475
6,115,105
6,120,440
6,124,66
6,125,377
6,130,149
6,135,312
6,136,507
6,146,363
6,147,490
6,152,136
6,160,457
6,167,56
6,189,433
6,192,9
6,198,342
6,200,9
6,212,240
6,215,434
6,219,159
6,220,392
6,223,167
6,232,322
6,236,7
6,243,91
6,245,196
6,258,268
6,262,193
6,269,549
6,273,358
6,276,48
6,277,224
6,278,29
6,280,453
6,293,407
7,2,35
7,3,181
7,5,488
7,6,510
7,8,242
7,9,375
7,11,434
7,13,476
7,14,244
7,15,593
7,16,314
7,17,135
7,20,208
7,21,74
7,22,19
7,23,542
7,24,348
7,25,184
7,26,413
7,27,90
7,28,317
7,29,468
7,30,363
7,31,372
7,32,90
7,34,406
7,35,489
7,36,241
7,38,520
7,39,411
7,40,515
7,41,201
7,42,369
7,43,522
7,45,374
7,48,27
7,56,158
7,57,521
7,58,101
7,61,509
7,62,243
7,64,263
7,67,123
7,68,238
7,72,66
7,73,379
7,75,218
7,77,597
7,79,193
7,80,10
7,82,479
7,87,74
7,93,43
7,97,269
7,101,184
7,105,295
7,106,417
7,112,311
7,114,9
7,120,193
7,122,119
7,132,596
7,133,576
7,137,282
7,138,513
7,156,395
7,157,7
7,166,599
7,167,227
7,182,365
7,184,378
7,186,450
7,193,89
7,218,258
7,223,452
7,235,405
7,242,137
7,249,388
7,257,394
7,262,85
7,276,259
7,277,98
7,291,306
7,294,73
8,2,330
8,3,49
8,4,503
8,6,346
8,7,242
8,10,526
8,11,520
8,12,208
8,14,376
8,16,1
8,17,519
8,18,373
8,19,265
8,20,417
8,23,27
8,25,133
8,26,274
8,27,79
8,29,91
8,30,508
8,33,280
8,35,553
8,37,524
8,41,570
8,43,511
8,44,197
8,46,493
8,48,307
8,49,385
8,51,270
8,52,163
8,53,251
8,56,324
8,58,465
8,62,36
8,63,593
8,64,332
8,66,499
8,74,142
8,78,461
8,80,235
8,88,130
8,89,467
8,92,376
8,93,86
8,94,163
8,95,326
8,97,407
8,104,217
8,105,472
8,107,73
8,108,49
8,109,574
8,111,513
8,117,360
8,120,472
8,127,167
8,128,185
8,131,325
8,133,372
8,139,600
8,142,483
8,144,229
8,145,198
8,156,489
8,160,160
8,161,473
8,164,341
8,166,41
8,167,191
8,168,342
8,171,41
8,176,428
8,192,190
8,196,170
8,201,132
8,210,488
8,212,498
8,230,270
8,243,77
8,249,524
8,254,57
8,258,165
8,268,327
8,278,181
8,296,173
8,297,219
9,2,335
9,3,143
9,4,568
9,5,401
9,6,438
9,7,375
9,10,421
9,11,599
9,16,422
9,18,243
9,19,351
9,20,514
9,21,351
9,22,299
9,23,78
9,25,457
9,28,122
9,31,384
9,32,434
9,33,167
9,36,63
9,37,536
9,38,312
9,39,222
9,43,131
9,45,289
9,46,155
9,47,306
9,50,218
9,53,184
9,54,207
9,57,184
9,58,179
9,65,199
9,66,277
9,67,576
9,70,573
9,72,143
9,75,104
9,76,347
9,78,431
9,84,543
9,86,255
9,87,452
9,88,592
9,93,572
9,94,478
9,96,410
9,97,567
9,98,227
9,100,170
9,101,207
9,102,234
9,114,219
9,117,599
9,119,315
9,120,521
9,121,284
9,126,197
9,134,219
9,140,468
9,155,116
9,157,135
9,158,52
9,161,63
9,163,79
9,164,394
9,165,516
9,166,211
9,167,442
9,168,252
9,172,244
9,174,544
9,176,229
9,180,548
9,193,141
9,195,215
9,208,593
9,209,349
9,216,205
9,219,366
9,220,128
9,232,198
9,233,442
9,251,562
9,256,540
9,259,98
9,262,5
9,277,357
9,280,342
9,290,189
9,291,432
9,299,378
10,1,521
10,2,579
10,6,195
10,8,526
10,9,421
10,12,50
10,13,346
10,14,472
10,17,5
10,19,504
10,21,138
10,24,499
10,25,414
10,26,446
10,27,221
10,29,348
10,30,173
10,32,437
10,33,47
10,36,101
10,37,186
10,38,276
10,40,49
10,41,576
10,43,435
10,44,337
10,45,136
10,47,247
10,49,450
10,50,110
10,51,130
10,52,339
10,56,270
10,57,7
10,58,373
10,59,82
10,61,429
10,64,266
10,67,477
10,69,480
10,70,383
10,72,51
10,73,503
10,77,186
10,79,420
10,80,501
10,90,224
10,93,39
10,94,229
10,95,369
10,102,473
10,103,577
10,112,306
10,118,587
10,124,182
10,127,547
10,133,408
10,138,340
10,155,217
10,158,94
10,168,520
10,172,514
10,179,406
10,181,292
10,188,391
10,194,385
10,198,208
10,199,302
10,202,67
10,217,44
10,220,519
10,225,410
10,236,471
10,238,27
10,252,362
10,257,32
10,260,546
10,261,254
10,272,592
10,287,350
10,300,2
11,1,418
11,2,349
11,3,534
11,4,350
11,5,353
11,6,424
11,7,434
11,8,520
11,9,599
11,16,64
11,17,262
11,18,402
11,19,282
11,20,411
11,21,32
11,22,548
11,23,500
11,24,482
11,26,2
11,28,549
11,30,77
11,31,470
11,32,594
11,34,587
11,36,104
11,37,215
11,39,264
11,40,228
11,44,68
11,46,395
11,52,531
11,53,340
11,54,56
11,55,417
11,56,392
11,57,101
11,60,551
11,62,374
11,63,29
11,64,308
11,66,38
11,69,508
11,71,495
11,72,352
11,79,9
11,80,531
11,85,106
11,91,52
11,92,389
11,99,453
11,105,371
11,114,545
11,116,546
11,118,511
11,126,288
11,131,370
11,133,160
11,152,477
11,153,277
11,154,150
11,156,449
11,162,199
11,164,359
11,168,256
11,173,317
11,180,353
11,191,159
11,192,273
11,196,209
11,197,148
11,202,360
11,204,523
11,205,368
11,206,111
11,213,40
11,219,18
11,221,520
11,222,248
11,228,90
11,242,86
11,246,166
11,254,392
11,290,553
11,294,313
12,1,495
12,2,296
12,3,238
12,4,160
12,6,454
12,8,208
12,10,50
12,15,397
12,18,36
12,19,521
12,21,491
12,22,154
12,23,473
12,24,312
12,25,569
12,31,131
12,32,487
12,33,301
12,34,435
12,35,10
12,36,389
12,37,442
12,38,550
12,40,564
12,41,314
12,42,286
12,44,155
12,45,278
12,46,73
12,47,473
12,49,128
12,51,183
12,52,23
12,53,105
12,54,463
12,57,416
12,58,224
12,60,111
12,65,392
12,70,132
12,71,87
12,79,305
12,83,499
12,86,525
12,97,307
12,99,535
12,106,449
12,107,70
12,108,313
12,112,196
12,113,149
12,119,71
12,120,209
12,124,414
12,126,49
12,132,526
12,145,55
12,146,531
12,152,535
12,156,85
12,164,300
12,171,512
12,172,557
12,185,280
12,200,159
12,216,168
12,231,291
12,237,176
12,241,547
12,242,526
12,243,113
12,253,409
12,271,221
12,274,474
12,284,497
12,290,69
13,3,165
13,4,202
13,5,19
13,6,255
13,7,476
13,10,346
13,14,473
13,16,141
13,18,289
13,19,246
13,23,308
13,24,462
13,27,457
13,28,354
13,31,536
13,32,383
13,35,184
13,36,200
13,38,439
13,40,534
13,41,404
13,42,94
13,43,292
13,45,424
13,47,148
13,50,200
13,51,407
13,53,540
13,55,431
13,66,411
13,70,390
13,74,575
13,75,21
13,77,102
13,78,217
13,81,348
13,83,390
13,86,84
13,87,205
13,88,278
13,89,43
13,97,382
13,99,157
13,104,562
13,107,515
13,112,380
13,113,101
13,116,299
13,125,69
13,128,69
13,131,489
13,137,454
13,143,273
13,146,452
13,147,381
13,148,489
13,150,367
13,153,454
13,163,361
13,164,562
13,165,206
13,178,494
13,183,362
13,186,550
13,206,396
13,211,101
13,220,388
13,222,379
13,238,200
13,239,456
13,243,58
13,244,357
13,251,238
13,253,204
13,256,575
13,261,417
13,271,536
13,272,277
13,275,27
13,279,49
13,286,180
13,297,538
14,1,339
14,4,61
14,6,101
14,7,244
14,8,376
14,10,472
14,13,473
14,15,139
14,16,65
14,18,182
14,22,107
14,23,396
14,24,403
14,25,151
14,26,394
14,28,140
14,29,348
14,30,195
14,32,66
14,36,483
14,38,72
14,39,339
14,40,348
14,43,559
14,45,238
14,46,124
14,48,157
14,50,507
14,51,358
14,54,16
14,55,432
14,60,429
14,61,428
14,62,459
14,65,279
14,66,104
14,67,5
14,68,556
14,69,262
14,71,217
14,72,486
14,75,596
14,78,301
14,80,319
14,81,155
14,83,145
14,89,243
14,97,268
14,98,464
14,99,310
14,100,117
14,102,192
14,116,399
14,117,530
14,120,367
14,127,167
14,133,236
14,145,372
14,148,289
14,153,567
14,159,357
14,160,47
14,161,596
14,163,233
14,165,198
14,182,495
14,188,305
14,190,256
14,197,303
14,210,164
14,219,236
14,224,152
14,228,398
14,241,253
14,263,428
14,269,440
14,279,130
14,281,498
14,289,600
14,295,467
14,299,567
15,1,21
15,2,286
15,3,187
15,5,530
15,6,147
15,7,593
15,12,397
15,14,139
15,17,36
15,18,324
15,19,143
15,20,426
15,21,133
15,23,596
15,25,408
15,26,133
15,27,566
15,29,214
15,30,60
15,32,211
15,33,319
15,34,538
15,35,559
15,38,451
15,39,173
15,43,152
15,46,126
15,48,146
15,49,159
15,50,167
15,51,317
15,56,550
15,59,349
15,60,10
15,62,261
15,67,130
15,68,284
15,71,98
15,72,97
15,75,251
15,76,199
15,77,434
15,78,470
15,79,16
15,82,270
15,83,494
15,84,312
15,87,175
15,89,557
15,90,441
15,92,474
15,95,593
15,96,472
15,99,7
15,105,376
15,116,250
15,117,348
15,132,346
15,142,94
15,144,127
15,159,105
15,166,188
15,167,567
15,177,244
15,179,42
15,216,322
15,220,39
15,229,216
15,234,301
15,238,544
15,262,101
15,267,58
15,272,437
15,275,369
15,282,541
15,284,227
16,2,335
16,3,454
16,5,331
16,7,314
16,8,1
16,9,422
16,11,64
16,13,141
16,14,65
16,17,165
16,18,79
16,19,335
16,20,205
16,22,460
16,23,38
16,24,252
16,25,406
16,26,532
16,27,174
16,28,257
16,29,462
16,32,348
16,33,47
16,34,425
16,37,143
16,39,560
16,44,348
16,46,275
16,47,59
16,52,2
16,53,213
16,59,595
16,61,186
16,66,407
16,86,61
16,89,116
16,91,299
16,93,496
16,100,82
16,103,184
16,110,222
16,116,403
16,117,92
16,121,240
16,126,594
16,127,289
16,130,311
16,132,588
16,134,109
16,135,196
16,138,408
16,146,551
16,152,399
16,155,60
16,157,302
16,159,64
16,168,131
16,180,95
16,186,600
16,196,154
16,199,111
16,200,204
16,205,147
16,218,150
16,230,132
16,233,426
16,235,113
16,249,62
16,260,319
16,274,382
16,277,259
16,282,183
16,294,446
17,2,545
17,3,177
17,4,178
17,7,135
17,8,519
17,10,5
17,11,262
17,15,36
17,16,165
17,19,168
17,21,110
17,24,167
17,25,78
17,27,114
17,29,142
17,30,424
17,32,268
17,38,497
17,42,288
17,43,515
17,44,92
17,45,500
17,49,460
17,52,484
17,53,487
17,57,241
17,58,19
17,63,258
17,71,480
17,77,17
17,78,192
17,81,301
17,85,408
17,90,319
17,94,358
17,107,359
17,111,389
17,139,290
17,140,415
17,155,358
17,168,210
17,169,287
17,171,367
17,179,129
17,185,47
17,191,527
17,197,407
17,203,473
17,233,338
17,236,112
17,237,430
17,243,159
17,246,155
17,252,515
17,260,282
17,263,355
17,268,320
17,282,69
17,299,447
18,1,578
18,8,373
18,9,243
18,11,402
18,12,36
18,13,289
18,14,182
18,15,324
18,16,79
18,20,414
18,21,90
18,22,101
18,23,387
18,26,288
18,31,358
18,32,322
18,33,371
18,37,276
18,41,448
18,42,536
18,45,257
18,50,100
18,52,551
18,53,158
18,54,81
18,55,111
18,56,600
18,57,322
18,61,19
18,65,164
18,67,53
18,73,161
18,84,163
18,87,450
18,89,53
18,90,425
18,100,472
18,102,485
18,105,494
18,113,268
18,117,582
18,122,590
18,125,330
18,129,461
18,141,430
18,142,577
18,148,272
18,149,60
18,155,33
18,166,209
18,172,521
18,186,594
18,205,140
18,210,366
18,211,138
18,216,116
18,237,408
18,239,125
18,249,497
18,256,297
18,264,99
18,267,230
18,270,342
19,1,329
19,2,452
19,3,221
19,4,311
19,6,459
19,8,265
19,9,351
19,10,504
19,11,282
19,12,521
19,13,246
19,15,143
19,16,335
19,17,168
19,20,534
19,21,9
19,22,73
19,23,486
19,24,179
19,25,169
19,26,398
19,27,328
19,28,567
19,29,151
19,30,476
19,32,529
19,34,92
19,35,107
19,38,587
19,39,290
19,40,3
19,42,38
19,43,477
19,44,84
19,49,242
19,52,344
19,55,122
19,57,197
19,59,378
19,60,209
19,66,295
19,71,409
19,72,34
19,78,85
19,79,123
19,84,218
19,86,482
19,89,510
19,90,198
19,91,381
19,93,292
19,94,127
19,98,226
19,101,114
19,113,197
19,117,463
19,126,90
19,140,447
19,145,149
19,147,445
19,148,415
19,154,591
19,160,72
19,168,415
19,173,241
19,174,559
19,185,15
19,190,71
19,194,129
19,199,565
19,214,111
19,217,507
19,222,215
19,242,78
19,243,500
19,245,279
19,253,434
19,256,100
19,265,329
19,267,102
19,275,497
19,279,28
19,280,133
20,2,271
20,3,470
20,5,87
20,6,105
20,7,208
20,8,417
20,9,514
20,11,411
20,15,426
20,16,205
20,18,414
20,19,534
20,21,260
20,22,29
20,23,474
20,24,340
20,25,205
20,26,410
20,30,133
20,33,484
20,34,556
20,35,240
20,36,182
20,37,591
20,38,104
20,39,70
20,41,402
20,43,575
20,45,501
20,46,456
20,49,589
20,50,135
20,54,1
20,57,235
20,59,153
20,61,301
20,63,214
20,64,133
20,75,283
20,76,183
20,80,159
20,84,397
20,88,472
20,91,565
20,98,14
20,100,218
20,101,195
20,102,309
20,104,256
20,113,251
20,114,260
20,125,171
20,129,477
20,136,537
20,139,387
20,146,428
20,165,395
20,167,495
20,187,288
20,191,55
20,203,238
20,204,156
20,209,468
20,214,180
20,223,397
20,233,575
20,238,550
20,245,139
20,246,440
20,247,228
20,266,151
20,275,342
20,282,435
20,283,159
20,290,348
20,296,307
21,1,244
21,2,423
21,3,563
21,5,292
21,7,74
21,9,351
21,10,138
21,11,32
21,12,491
21,15,133
21,17,110
21,18,90
21,19,9
21,20,260
21,23,82
21,24,205
21,25,565
21,27,208
21,28,228
21,32,109
21,33,439
21,35,479
21,36,119
21,37,269
21,39,527
21,40,270
21,45,308
21,46,74
21,48,585
21,49,72
21,51,266
21,52,448
21,53,515
21,55,141
21,58,570
21,59,182
21,62,292
21,64,295
21,65,163
21,67,579
21,70,102
21,71,10
21,73,567
21,74,185
21,77,469
21,79,434
21,83,413
21,85,250
21,86,11
21,89,299
21,99,532
21,102,559
21,109,383
21,111,590
21,118,383
21,119,263
21,123,555
21,134,580
21,142,484
21,149,529
21,159,9
21,169,279
21,180,165
21,183,244
21,197,2
21,198,77
21,199,120
21,205,108
21,208,501
21,241,211
21,259,342
21,260,449
21,263,583
21,265,371
21,268,384
21,270,572
21,274,326
21,287,359
21,291,315
22,1,531
22,3,492
22,4,385
22,5,497
22,6,133
22,7,19
22,9,299
22,11,548
22,12,154
22,14,107
22,16,460
22,18,101
22,19,73
22,20,29
22,23,280
22,24,51
22,25,369
22,27,207
22,28,26
22,30,239
22,33,298
22,35,552
22,38,80
22,40,553
22,41,63
22,43,526
22,44,11
22,45,316
22,47,74
22,53,82
22,55,104
22,56,203
22,58,200
22,60,170
22,62,98
22,63,554
22,66,397
22,75,454
22,76,408
22,77,429
22,79,575
22,83,523
22,84,23
22,87,516
22,90,69
22,97,424
22,98,360
22,99,14
22,101,305
22,108,512
22,113,154
22,115,438
22,118,58
22,124,377
22,125,365
22,140,202
22,145,558
22,148,346
22,149,346
22,150,178
22,151,490
22,156,20
22,169,525
22,175,199
22,176,103
22,179,10
22,180,491
22,181,76
22,186,239
22,191,463
22,194,554
22,196,156
22,203,363
22,243,561
22,245,506
22,254,99
22,257,79
22,258,491
22,269,89
22,283,162
22,300,465
23,3,405
23,5,508
23,6,342
23,7,542
23,8,27
23,9,78
23,11,500
23,12,473
23,13,308
23,14,396
23,15,596
23,16,38
23,18,387
23,19,486
23,20,474
23,21,82
23,22,280
23,24,428
23,26,278
23,27,380
23,29,155
23,33,471
23,35,426
23,36,312
23,37,402
23,38,364
23,41,207
23,42,496
23,45,406
23,46,387
23,48,396
23,49,173
23,52,162
23,55,289
23,61,286
23,63,88
23,64,287
23,68,522
23,69,184
23,71,540
23,72,486
23,84,257
23,85,41
23,86,335
23,90,268
23,91,504
23,96,158
23,97,119
23,103,145
23,105,560
23,114,12
23,115,505
23,124,538
23,135,156
23,136,172
23,137,40
23,140,301
23,141,596
23,146,194
23,148,543
23,151,275
23,153,150
23,154,496
23,156,274
23,157,19
23,164,513
23,183,588
23,185,318
23,186,259
23,192,13
23,206,228
23,214,29
23,222,509
23,227,263
23,239,296
23,250,235
23,254,573
23,268,133
23,278,362
23,280,190
23,290,346
23,291,190
23,293,600
23,298,406
23,300,350
24,1,131
24,3,366
24,4,470
24,7,348
24,10,499
24,11,482
24,12,312
24,13,462
24,14,403
24,16,252
24,17,167
24,19,179
24,20,340
24,21,205
24,22,51
24,23,428
24,27,207
24,31,258
24,32,180
24,33,165
24,35,356
24,36,16
24,37,578
24,38,145
24,40,63
24,41,79
24,43,379
24,46,474
24,48,240
24,53,529
24,57,442
24,63,146
24,64,195
24,65,310
24,66,174
24,68,297
24,70,398
24,77,197
24,78,142
24,82,499
24,83,207
24,84,140
24,91,22
24,92,313
24,101,589
24,106,474
24,108,547
24,114,2
24,115,96
24,119,141
24,127,379
24,137,158
24,146,229
24,147,346
24,148,17
24,150,276
24,155,352
24,161,111
24,170,25
24,188,66
24,192,591
24,195,227
24,206,578
24,207,266
24,223,243
24,232,212
24,234,414
24,242,134
24,243,92
24,255,90
24,259,102
24,279,172
24,296,256
25,2,576
25,4,86
25,5,349
25,6,371
25,7,184
25,8,133
25,9,457
25,10,414
25,12,569
25,14,151
25,15,408
25,16,406
25,17,78
25,19,169
25,20,205
25,21,565
25,22,369
25,26,177
25,27,50
25,28,104
25,29,455
25,30,285
25,32,381
25,33,502
25,34,198
25,35,179
25,36,339
25,38,570
25,40,113
25,47,156
25,48,231
25,49,473
25,52,284
25,54,207
25,56,137
25,58,80
25,61,227
25,63,187
25,67,263
25,68,512
25,70,367
25,71,589
25,73,572
25,76,188
25,77,32
25,78,106
25,79,52
25,88,311
25,90,465
25,91,200
25,99,474
25,101,185
25,108,280
25,113,547
25,115,280
25,122,515
25,123,417
25,125,224
25,131,8
25,137,524
25,143,294
25,148,97
25,149,536
25,151,209
25,155,138
25,157,233
25,165,236
25,171,16
25,175,117
25,176,444
25,177,415
25,178,404
25,184,425
25,185,301
25,195,352
25,200,23
25,229,553
25,236,316
25,237,158
25,250,480
25,253,280
25,257,453
25,261,390
25,263,466
25,267,84
25,274,277
25,292,76
26,1,342
26,2,156
26,3,446
26,4,435
26,5,46
26,6,107
26,7,413
26,8,274
26,10,446
26,11,2
26,14,394
26,15,133
26,16,532
26,18,288
26,19,398
26,20,410
26,23,278
26,25,177
26,27,517
26,28,392
26,29,260
26,30,189
26,31,553
26,32,594
26,34,187
26,35,595
26,36,166
26,37,466
26,40,497
26,42,182
26,45,64
26,47,451
26,48,333
26,50,426
26,54,574
26,55,440
26,56,4
26,57,496
26,58,336
26,59,514
26,60,593
26,65,66
26,67,35
26,68,144
26,69,402
26,70,478
26,71,347
26,74,454
26,75,129
26,76,36
26,77,382
26,81,513
26,82,584
26,83,65
26,85,88
26,86,97
26,87,565
26,89,195
26,91,332
26,93,310
26,96,276
26,97,157
26,101,543
26,108,139
26,111,418
26,112,322
26,115,542
26,116,544
26,118,254
26,120,181
26,132,449
26,133,9
26,134,555
26,138,302
26,152,156
26,160,375
26,165,67
26,169,86
26,184,244
26,187,453
26,194,208
26,196,277
26,201,20
26,203,511
26,207,29
26,218,489
26,219,457
26,220,445
26,223,550
26,225,229
26,233,452
26,255,450
26,259,243
26,270,529
26,284,143
26,297,592
27,1,364
27,2,456
27,5,545
27,7,90
27,8,79
27,10,221
27,13,457
27,15,566
27,16,174
27,17,114
27,19,328
27,21,208
27,22,207
27,23,380
27,24,207
27,25,50
27,26,517
27,28,215
27,31,310
27,36,462
27,37,268
27,39,294
27,40,293
27,43,160
27,44,403
27,45,160
27,46,53
27,50,429
27,53,565
27,55,248
27,56,72
27,58,325
27,62,82
27,64,293
27,65,549
27,66,550
27,75,92
27,76,93
27,77,342
27,78,533
27,84,425
27,95,503
27,97,238
27,99,204
27,103,212
27,109,524
27,110,221
27,111,399
27,116,472
27,120,46
27,121,113
27,124,572
27,128,481
27,129,165
27,133,185
27,142,129
27,155,365
27,160,108
27,167,494
27,168,505
27,169,149
27,170,25
27,182,396
27,184,262
27,195,595
27,204,445
27,209,33
27,210,291
27,219,162
27,222,379
27,228,288
27,231,194
27,289,233
27,296,443
28,1,318
28,2,334
28,3,147
28,4,220
28,6,68
28,7,317
28,9,122
28,11,549
28,13,354
28,14,140
28,16,257
28,19,567
28,21,228
28,22,26
28,25,104
28,26,392
28,27,215
28,29,159
28,31,131
28,32,38
28,33,301
28,34,442
28,36,138
28,39,180
28,41,430
28,42,140
28,43,48
28,44,183
28,48,466
28,50,156
28,51,515
28,53,531
28,54,462
28,55,446
28,56,47
28,58,225
28,60,267
28,73,491
28,75,498
28,78,446
28,79,593
28,82,278
28,87,594
28,95,274
28,100,299
28,104,101
28,109,589
28,116,361
28,123,587
28,124,56
28,125,535
28,128,74
28,142,150
28,148,160
28,154,180
28,168,464
28,178,31
28,180,85
28,196,94
28,205,479
28,214,514
28,222,442
28,228,273
28,234,547
28,247,71
28,258,218
28,266,392
28,272,150
28,300,394
29,2,448
29,3,9
29,4,63
29,5,100
29,6,524
29,7,468
29,8,91
29,10,348
29,14,348
29,15,214
29,16,462
29,17,142
29,19,151
29,23,155
29,25,455
29,26,260
29,28,159
29,30,82
29,31,33
29,33,479
29,35,174
29,36,348
29,38,178
29,39,29
29,40,160
29,41,418
29,43,392
29,44,506
29,46,413
29,47,534
29,48,553
29,49,208
29,51,339
29,53,201
29,55,359
29,57,589
29,58,221
29,60,145
29,61,334
29,62,140
29,64,247
29,65,440
29,67,302
29,70,117
29,71,371
29,72,521
29,73,443
29,76,419
29,79,9
29,81,16
29,83,222
29,84,330
29,90,583
29,92,158
29,96,33
29,102,361
29,103,530
29,105,552
29,106,65
29,108,54
29,110,377
29,111,166
29,115,492
29,116,441
29,118,428
29,129,159
29,133,214
29,134,384
29,135,74
29,137,108
29,140,526
29,147,92
29,149,341
29,151,454
29,156,414
29,164,492
29,167,510
29,178,439
29,181,84
29,188,236
29,191,379
29,194,158
29,205,482
29,209,498
29,215,267
29,219,162
29,228,196
29,229,389
29,250,155
29,252,596
29,254,87
29,260,560
29,270,473
29,271,128
29,274,155
29,297,32
30,1,359
30,2,162
30,3,370
30,5,590
30,6,177
30,7,363
30,8,508
30,10,173
30,11,77
30,14,195
30,15,60
30,17,424
30,19,476
30,20,133
30,22,239
30,25,285
30,26,189
30,29,82
30,31,151
30,32,325
30,33,276
30,34,475
30,35,71
30,42,103
30,43,327
30,44,375
30,49,8
30,56,27
30,61,366
30,62,289
30,66,477
30,72,48
30,76,377
30,79,491
30,82,225
30,83,494
30,86,593
30,90,189
30,92,485
30,97,99
30,99,375
30,100,416
30,109,207
30,118,11
30,130,292
30,141,596
30,144,437
30,154,527
30,161,363
30,174,400
30,178,394
30,186,491
30,190,106
30,193,358
30,198,364
30,203,376
30,208,155
30,213,148
30,214,311
30,215,456
30,218,453
30,219,121
30,228,600
30,234,78
30,247,235
30,252,71
30,258,395
30,264,123
30,273,90
30,274,391
30,283,310
30,293,130
30,294,439
31,1,498
31,2,3
31,3,187
31,5,444
31,6,297
31,7,372
31,9,384
31,11,470
31,12,131
31,13,536
31,18,358
31,24,258
31,26,553
31,27,310
31,28,131
31,29,33
31,30,151
31,33,429
31,36,173
31,37,248
31,39,90
31,40,454
31,42,237
31,45,194
31,47,511
31,48,527
31,49,428
31,51,429
31,52,573
31,56,222
31,57,65
31,59,31
31,60,373
31,61,472
31,62,499
31,66,423
31,69,180
31,73,562
31,74,104
31,83,251
31,87,231
31,88,284
31,95,297
31,97,38
31,100,477
31,104,75
31,105,404
31,106,457
31,108,337
31,115,274
31,116,106
31,117,266
31,119,534
31,120,305
31,125,42
31,133,147
31,135,51
31,137,198
31,149,268
31,152,154
31,153,292
31,154,161
31,163,58
31,181,400
31,184,363
31,188,333
31,189,243
31,203,276
31,206,62
31,223,570
31,224,30
31,231,290
31,232,97
31,286,329
32,3,4
32,5,376
32,6,240
32,7,90
32,9,434
32,10,437
32,11,594
32,12,487
32,13,383
32,14,66
32,15,211
32,16,348
32,17,268
32,18,322
32,19,529
32,21,109
32,24,180
32,25,381
32,26,594
32,28,38
32,30,325
32,34,95
32,35,16
32,36,87
32,38,30
32,40,171
32,44,40
32,46,275
32,48,342
32,55,496
32,56,136
32,58,275
32,62,2
32,65,417
32,69,293
32,82,474
32,83,224
32,86,518
32,92,251
32,93,349
32,94,436
32,95,282
32,100,540
32,101,573
32,102,110
32,104,546
32,111,382
32,114,535
32,116,187
32,120,288
32,150,288
32,158,481
32,166,508
32,176,166
32,179,588
32,203,240
32,205,596
32,214,90
32,217,494
32,220,183
32,241,325
32,245,410
32,259,202
32,260,396
32,264,490
32,269,461
32,276,150
32,281,541
32,295,131
33,2,261
33,4,199
33,5,269
33,8,280
33,9,167
33,10,47
33,12,301
33,15,319
33,16,47
33,18,371
33,20,484
33,21,439
33,22,298
33,23,471
33,24,165
33,25,502
33,28,301
33,29,479
33,30,276
33,31,429
33,34,45
33,36,88
33,37,83
33,38,383
33,40,406
33,41,298
33,44,261
33,45,474
33,46,206
33,47,503
33,48,512
33,49,373
33,51,486
33,52,337
33,60,437
33,65,254
33,69,469
33,70,124
33,74,97
33,80,462
33,84,557
33,85,484
33,88,36
33,95,582
33,97,135
33,110,423
33,118,528
33,121,5
33,122,479
33,134,113
33,143,316
33,147,419
33,149,289
33,152,210
33,161,58
33,177,85
33,184,381
33,186,136
33,188,496
33,189,503
33,195,403
33,201,465
33,209,37
33,213,127
33,214,340
33,217,258
33,225,539
33,228,260
33,230,102
33,235,454
33,242,521
33,256,278
33,264,523
33,265,414
33,288,498
33,295,349
33,299,296
34,1,369
34,2,139
34,3,482
34,4,148
34,5,105
34,6,121
34,7,406
34,11,587
34,12,435
34,15,538
34,16,425
34,19,92
34,20,556
34,25,198
34,26,187
34,28,442
34,30,475
34,32,95
34,33,45
34,35,444
34,47,89
34,52,406
34,54,190
34,57,419
34,59,498
34,62,84
34,63,588
34,67,422
34,68,471
34,70,156
34,72,156
34,74,528
34,75,55
34,76,336
34,78,198
34,81,571
34,83,405
34,86,600
34,96,585
34,103,507
34,106,220
34,109,27
34,115,350
34,116,12
34,119,514
34,120,586
34,123,191
34,124,139
34,126,512
34,134,219
34,139,184
34,148,306
34,150,38
34,151,68
34,156,447
34,167,370
34,176,193
34,179,251
34,182,258
34,184,598
34,191,475
34,199,390
34,202,468
34,210,201
34,219,452
34,231,334
34,245,130
34,251,210
34,253,501
34,256,31
34,265,68
34,269,460
34,290,78
34,291,424
34,292,308
34,296,484
35,1,7
35,2,230
35,4,68
35,5,370
35,6,224
35,7,489
35,8,553
35,12,10
35,13,184
35,15,559
35,19,107
35,20,240
35,21,479
35,22,552
35,23,426
35,24,356
35,25,179
35,26,595
35,29,174
35,30,71
35,32,16
35,34,444
35,36,145
35,37,111
35,39,438
35,42,444
35,43,273
35,44,3
35,46,257
35,47,456
35,51,6
35,52,356
35,54,155
35,55,574
35,61,468
35,62,277
35,67,393
35,70,587
35,72,310
35,79,93
35,80,411
35,82,85
35,85,595
35,89,100
35,90,416
35,93,552
35,94,343
35,96,197
35,100,271
35,102,544
35,107,383
35,110,31
35,122,347
35,126,322
35,128,36
35,129,499
35,137,57
35,140,95
35,145,126
35,146,386
35,149,73
35,150,14
35,152,483
35,166,425
35,170,319
35,175,377
35,195,101
35,200,258
35,205,184
35,208,547
35,209,493
35,212,267
35,215,446
35,225,218
35,226,126
35,229,96
35,234,354
35,252,409
35,253,64
35,265,109
35,282,532
36,3,496
36,4,49
36,7,241
36,9,63
36,10,101
36,11,104
36,12,389
36,13,200
36,14,483
36,20,182
36,21,119
36,23,312
36,24,16
36,25,339
36,26,166
36,27,462
36,28,138
36,29,348
36,31,173
36,32,87
36,33,88
36,35,145
36,38,465
36,39,343
36,42,65
36,43,479
36,46,555
36,51,515
36,53,240
36,58,227
36,59,167
36,60,370
36,61,596
36,63,278
36,65,8
36,69,380
36,73,291
36,75,518
36,79,41
36,83,141
36,84,202
36,89,24
36,91,368
36,92,178
36,95,528
36,98,414
36,102,425
36,110,62
36,117,360
36,121,208
36,124,259
36,131,421
36,133,423
36,135,214
36,149,201
36,152,495
36,153,144
36,154,337
36,172,139
36,173,578
36,182,358
36,199,3
36,200,585
36,204,36
36,206,299
36,211,209
36,212,25
36,213,589
36,219,531
36,220,143
36,225,265
36,229,552
36,232,84
36,242,477
36,281,317
36,284,142
36,287,151
36,290,227
37,2,34
37,5,267
37,8,524
37,9,536
37,10,186
37,11,215
37,12,442
37,16,143
37,18,276
37,20,591
37,21,269
37,23,402
37,24,578
37,26,466
37,27,268
37,31,248
37,33,83
37,35,111
37,38,436
37,39,564
37,42,512
37,44,372
37,45,396
37,46,249
37,48,420
37,51,145
37,53,13
37,56,358
37,57,200
37,61,534
37,63,176
37,65,325
37,68,157
37,70,5
37,71,91
37,73,145
37,74,50
37,79,313
37,84,407
37,85,370
37,89,197
37,90,187
37,91,421
37,92,296
37,102,515
37,103,395
37,106,200
37,107,206
37,108,57
37,113,558
37,114,522
37,116,456
37,119,38
37,126,290
37,128,1
37,130,269
37,131,411
37,137,295
37,145,488
37,147,432
37,150,376
37,151,537
37,158,341
37,161,578
37,163,208
37,167,579
37,172,445
37,177,473
37,179,76
37,189,228
37,201,301
37,209,341
37,228,442
37,236,387
37,239,360
37,240,136
37,243,11
37,246,268
37,258,211
37,270,144
37,276,37
37,294,458
38,2,383
38,3,322
38,6,535
38,7,520
38,9,312
38,10,276
38,12,550
38,13,439
38,14,72
38,15,451
38,17,497
38,19,587
38,20,104
38,22,80
38,23,364
38,24,145
38,25,570
38,29,178
38,32,30
38,33,383
38,36,465
38,37,436
38,39,389
38,40,138
38,43,257
38,45,397
38,46,387
38,47,49
38,49,53
38,50,534
38,52,170
38,55,126
38,57,30
38,58,573
38,59,244
38,60,93
38,63,70
38,67,63
38,68,157
38,69,385
38,71,504
38,72,525
38,74,523
38,75,191
38,77,216
38,78,402
38,80,240
38,82,107
38,84,74
38,100,278
38,105,94
38,111,319
38,120,590
38,122,269
38,128,351
38,129,202
38,134,484
38,139,80
38,145,400
38,159,527
38,161,202
38,163,372
38,181,260
38,185,288
38,195,585
38,222,588
38,224,526
38,263,97
38,289,60
38,290,237
39,3,120
39,6,409
39,7,411
39,9,222
39,11,264
39,14,339
39,15,173
39,16,560
39,19,290
39,20,70
39,21,527
39,27,294
39,28,180
39,29,29
39,31,90
39,35,438
39,36,343
39,37,564
39,38,389
39,41,160
39,42,479
39,43,396
39,45,493
39,48,235
39,52,302
39,55,207
39,57,240
39,58,335
39,60,210
39,63,279
39,65,552
39,67,453
39,68,551
39,77,209
39,79,561
39,80,593
39,81,576
39,83,320
39,87,488
39,92,143
39,93,11
39,98,516
39,100,492
39,110,129
39,112,498
39,113,581
39,120,206
39,121,310
39,122,38
39,125,97
39,131,25
39,132,511
39,138,455
39,139,176
39,140,65
39,141,93
39,142,565
39,143,34
39,146,336
39,150,239
39,165,452
39,167,77
39,175,60
39,180,151
39,188,428
39,200,283
39,204,418
39,216,259
39,217,387
39,221,339
39,229,284
39,233,406
39,235,509
39,238,417
39,260,416
39,268,522
39,273,65
39,281,56
39,285,441
39,291,518
40,5,464
40,6,511
40,7,515
40,10,49
40,11,228
40,12,564
40,13,534
40,14,348
40,19,3
40,21,270
40,22,553
40,24,63
40,25,113
40,26,497
40,27,293
40,29,160
40,31,454
40,32,171
40,33,406
40,38,138
40,41,131
40,43,483
40,46,506
40,47,89
40,58,255
40,62,555
40,63,274
40,64,367
40,68,475
40,69,284
40,78,203
40,80,365
40,87,118
40,88,387
40,91,416
40,93,340
40,113,208
40,116,382
40,119,324
40,126,292
40,131,561
40,136,212
40,137,228
40,140,24
40,142,262
40,145,180
40,151,575
40,152,584
40,154,400
40,162,223
40,169,75
40,175,87
40,179,190
40,181,222
40,189,193
40,190,112
40,194,69
40,209,266
40,216,544
40,217,11
40,232,222
40,233,379
40,237,525
40,240,585
40,245,492
40,260,173
40,262,140
40,272,184
40,280,377
40,284,452
40,299,444
41,2,46
41,3,202
41,4,316
41,6,141
41,7,201
41,8,570
41,10,576
41,12,314
41,13,404
41,18,448
41,20,402
41,22,63
41,23,207
41,24,79
41,28,430
41,29,418
41,33,298
41,39,160
41,40,131
41,43,255
41,44,181
41,46,405
41,48,600
41,50,236
41,53,178
41,54,401
41,56,352
41,58,375
41,59,69
41,63,373
41,65,288
41,66,441
41,73,406
41,78,411
41,80,107
41,85,564
41,86,48
41,89,490
41,90,387
41,92,456
41,99,505
41,108,536
41,109,475
41,114,67
41,117,390
41,118,367
41,122,584
41,131,369
41,132,597
41,136,462
41,139,54
41,141,429
41,142,41
41,149,452
41,153,344
41,170,600
41,172,279
41,190,237
41,200,5
41,202,294
41,204,335
41,205,577
41,211,216
41,212,592
41,223,378
41,225,433
41,232,434
41,234,426
41,237,471
41,239,293
41,244,258
41,247,320
41,260,287
41,270,537
41,281,529
41,282,460
41,288,243
42,1,387
42,2,135
42,3,133
42,4,180
42,6,20
42,7,369
42,12,286
42,13,94
42,17,288
42,18,536
42,19,38
42,23,496
42,26,182
42,28,140
42,30,103
42,31,237
42,35,444
42,36,65
42,37,512
42,39,479
42,43,250
42,47,235
42,49,321
42,50,36
42,54,377
42,55,381
42,57,424
42,58,384
42,60,289
42,62,449
42,67,471
42,68,97
42,70,323
42,76,521
42,77,552
42,86,413
42,87,399
42,94,68
42,99,92
42,100,453
42,102,282
42,106,324
42,111,494
42,116,589
42,118,402
42,127,215
42,134,42
42,138,355
42,154,152
42,170,241
42,172,44
42,187,161
42,201,437
42,204,484
42,206,480
42,210,35
42,216,402
42,262,326
42,278,75
42,285,258
43,2,464
43,3,489
43,7,522
43,8,511
43,9,131
43,10,435
43,13,292
43,14,559
43,15,152
43,17,515
43,19,477
43,20,575
43,22,526
43,24,379
43,27,160
43,28,48
43,29,392
43,30,327
43,35,273
43,36,479
43,38,257
43,39,396
43,40,483
43,41,255
43,42,250
43,47,503
43,50,166
43,51,349
43,54,101
43,55,525
43,57,250
43,58,204
43,59,536
43,60,44
43,62,597
43,66,320
43,67,493
43,68,44
43,71,126
43,72,55
43,73,346
43,76,556
43,78,421
43,83,452
43,88,19
43,94,298
43,98,208
43,100,537
43,103,146
43,104,200
43,118,258
43,119,536
43,121,413
43,127,541
43,130,298
43,154,438
43,189,158
43,196,127
43,198,146
43,200,511
43,216,479
43,222,586
43,235,481
43,237,506
43,242,152
43,253,522
43,264,36
43,275,193
44,3,224
44,5,565
44,6,74
44,8,197
44,10,337
44,11,68
44,12,155
44,16,348
44,17,92
44,19,84
44,22,11
44,27,403
44,28,183
44,29,506
44,30,375
44,32,40
44,33,261
44,35,3
44,37,372
44,41,181
44,47,281
44,48,454
44,49,463
44,52,169
44,55,260
44,56,470
44,57,466
44,61,420
44,63,395
44,64,120
44,66,165
44,71,525
44,77,415
44,80,561
44,82,572
44,86,411
44,87,580
44,89,1
44,90,396
44,95,517
44,98,508
44,100,93
44,108,215
44,111,512
44,112,215
44,114,400
44,123,281
44,126,424
44,137,431
44,143,589
44,144,423
44,147,397
44,152,414
44,160,440
44,171,586
44,176,255
44,183,24
44,189,271
44,191,286
44,198,309
44,199,250
44,214,284
44,220,122
44,248,547
44,251,414
44,262,117
44,271,475
44,278,405
44,279,280
45,1,355
45,4,400
45,5,503
45,6,361
45,7,374
45,9,289
45,10,136
45,12,278
45,13,424
45,14,238
45,17,500
45,18,257
45,20,501
45,21,308
45,22,316
45,23,406
45,26,64
45,27,160
45,31,194
45,33,474
45,37,396
45,38,397
45,39,493
45,47,483
45,48,64
45,49,559
45,52,380
45,53,562
45,56,178
45,57,389
45,58,155
45,63,177
45,64,320
45,66,191
45,68,8
45,69,416
45,84,440
45,85,421
45,95,428
45,98,430
45,102,163
45,105,121
45,107,418
45,110,419
45,112,36
45,113,348
45,114,555
45,118,232
45,121,177
45,122,412
45,127,315
45,130,379
45,131,427
45,132,423
45,136,515
45,137,428
45,141,283
45,154,486
45,156,222
45,159,26
45,163,481
45,167,413
45,174,179
45,178,324
45,183,382
45,186,269
45,189,410
45,190,540
45,196,169
45,197,47
45,199,182
45,201,583
45,215,245
45,225,151
45,228,560
45,237,11
45,245,447
45,247,562
45,248,262
45,265,507
45,267,21
45,270,120
45,281,433
45,284,191
45,286,125
45,296,83
46,1,461
46,6,173
46,8,493
46,9,155
46,11,395
46,12,73
46,14,124
46,15,126
46,16,275
46,20,456
46,21,74
46,23,387
46,24,474
46,27,53
46,29,413
46,32,275
46,33,206
46,35,257
46,36,555
46,37,249
46,38,387
46,40,506
46,41,405
46,53,452
46,55,458
46,56,147
46,57,4
46,58,346
46,61,557
46,62,204
46,63,53
46,64,311
46,65,328
46,66,547
46,67,269
46,68,43
46,73,40
46,75,336
46,76,474
46,81,229
46,83,266
46,89,509
46,90,498
46,94,331
46,105,427
46,106,124
46,116,509
46,119,304
46,120,301
46,122,386
46,124,154
46,129,105
46,136,81
46,144,319
46,149,12
46,155,362
46,160,250
46,176,558
46,182,185
46,193,396
46,198,28
46,199,320
46,211,287
46,212,88
46,216,177
46,236,553
46,238,199
46,240,209
46,256,254
46,260,466
46,264,14
46,271,269
46,283,198
46,296,410
47,3,79
47,4,440
47,6,457
47,9,306
47,10,247
47,12,473
47,13,148
47,16,59
47,22,74
47,25,156
47,26,451
47,29,534
47,31,511
47,33,503
47,34,89
47,35,456
47,38,49
47,40,89
47,42,235
47,43,503
47,44,281
47,45,483
47,49,335
47,50,100
47,52,406
47,56,453
47,59,588
47,64,433
47,68,461
47,69,399
47,70,84
47,71,493
47,75,73
47,80,11
47,81,274
47,84,335
47,92,560
47,93,137
47,96,244
47,105,17
47,106,294
47,109,235
47,117,401
47,123,532
47,124,145
47,130,505
47,134,166
47,136,240
47,143,199
47,148,64
47,166,284
47,174,113
47,179,554
47,184,514
47,190,359
47,197,41
47,200,493
47,218,156
47,223,423
47,225,351
47,227,274
47,231,464
47,233,580
47,235,178
47,244,217
47,250,190
47,256,400
47,259,73
47,273,256
47,278,544
47,283,12
48,2,251
48,5,573
48,7,27
48,8,307
48,14,157
48,15,146
48,21,585
48,23,396
48,24,240
48,25,231
48,26,333
48,28,466
48,29,553
48,31,527
48,32,342
48,33,512
48,37,420
48,39,235
48,41,600
48,44,454
48,45,64
48,52,539
48,56,286
48,57,525
48,60,558
48,65,22
48,70,520
48,72,257
48,73,470
48,78,321
48,79,556
48,80,298
48,83,413
48,84,2
48,90,482
48,91,425
48,93,25
48,94,188
48,101,190
48,102,10
48,121,20
48,133,180
48,134,127
48,136,187
48,141,552
48,144,49
48,145,556
48,146,599
48,151,277
48,162,553
48,164,48
48,166,314
48,172,233
48,176,33
48,181,564
48,183,316
48,185,231
48,195,327
48,201,34
48,203,303
48,206,57
48,219,512
48,226,512
48,231,497
48,240,569
48,244,159
48,245,516
48,250,458
48,293,327
49,1,388
49,2,292
49,5,170
49,6,454
49,8,385
49,10,450
49,12,128
49,15,159
49,17,460
49,19,242
49,20,589
49,21,72
49,23,173
49,25,473
49,29,208
49,30,8
49,31,428
49,33,373
49,38,53
49,42,321
49,44,463
49,45,559
49,47,335
49,51,194
49,54,90
49,58,40
49,59,530
49,61,339
49,62,463
49,67,585
49,69,284
49,74,518
49,76,84
49,86,571
49,90,480
49,94,278
49,96,354
49,103,218
49,105,244
49,109,451
49,112,479
49,115,271
49,119,600
49,125,75
49,137,260
49,140,366
49,144,504
49,146,48
49,148,133
49,149,100
49,157,572
49,170,41
49,173,197
49,183,338
49,196,478
49,207,424
49,208,314
49,210,598
49,211,279
49,212,223
49,215,20
49,223,460
49,226,141
49,234,232
49,241,103
49,258,318
49,270,270
49,280,121
49,283,73
49,298,90
50,1,293
50,2,71
50,3,250
50,5,442
50,9,218
50,10,110
50,13,200
50,14,507
50,15,167
50,18,100
50,20,135
50,26,426
50,27,429
50,28,156
50,38,534
50,41,236
50,42,36
50,43,166
50,47,100
50,54,192
50,63,163
50,68,452
50,70,447
50,73,507
50,74,483
50,78,175
50,81,350
50,85,104
50,86,26
50,88,585
50,89,94
50,93,163
50,99,154
50,101,123
50,104,307
50,112,376
50,114,291
50,116,150
50,119,109
50,121,133
50,124,105
50,127,287
50,133,261
50,139,539
50,152,245
50,155,76
50,167,443
50,168,49
50,171,568
50,172,345
50,174,422
50,176,473
50,184,329
50,191,55
50,198,147
50,200,362
50,209,384
50,212,312
50,221,128
50,222,348
50,229,295
50,240,37
50,242,498
50,245,206
50,258,348
50,263,192
50,277,153
50,285,81
51,1,151
51,3,367
51,4,332
51,5,89
51,6,46
51,8,270
51,10,130
51,12,183
51,13,407
51,14,358
51,15,317
51,21,266
51,28,515
51,29,339
51,31,429
51,33,486
51,35,6
51,36,515
51,37,145
51,43,349
51,49,194
51,53,300
51,54,192
51,56,339
51,59,524
51,66,433
51,72,352
51,73,148
51,74,414
51,76,53
51,82,347
51,84,76
51,85,29
51,87,584
51,89,64
51,92,303
51,94,152
51,97,515
51,102,438
51,104,381
51,106,280
51,108,175
51,110,251
51,112,560
51,113,392
51,116,65
51,119,83
51,120,325
51,123,62
51,127,73
51,133,20
51,135,363
51,138,214
51,142,507
51,156,370
51,165,31
51,174,246
51,179,247
51,189,381
51,195,156
51,197,127
51,198,425
51,201,26
51,206,501
51,212,312
51,213,168
51,214,439
51,261,530
51,273,378
51,275,464
51,285,208
52,3,412
52,4,142
52,5,242
52,8,163
52,10,339
52,11,531
52,12,23
52,16,2
52,17,484
52,18,551
52,19,344
52,21,448
52,23,162
52,25,284
52,31,573
52,33,337
52,34,406
52,35,356
52,38,170
52,39,302
52,44,169
52,45,380
52,47,406
52,48,539
52,54,6
52,55,79
52,59,474
52,64,243
52,65,202
52,66,210
52,67,251
52,69,291
52,71,357
52,78,492
52,82,514
52,87,35
52,93,591
52,96,323
52,97,126
52,98,530
52,100,375
52,102,568
52,104,392
52,106,188
52,108,162
52,119,453
52,122,384
52,126,191
52,129,95
52,130,91
52,135,445
52,143,502
52,147,444
52,155,28
52,158,515
52,165,366
52,166,285
52,167,3
