source,target,weight
1,2,331
1,3,153
1,4,182
1,5,412
1,6,502
1,7,7
1,8,61
1,10,383
1,11,449
1,12,549
1,13,183
1,14,474
1,16,472
1,18,511
1,19,180
1,20,330
1,21,475
1,22,127
1,23,48
1,24,537
1,25,485
1,26,419
1,27,194
1,28,209
1,30,501
1,32,436
1,33,335
1,34,239
1,40,261
1,42,207
1,44,275
1,46,225
1,48,339
1,50,175
1,64,186
1,72,227
1,74,271
1,75,279
1,79,323
1,85,10
1,100,50
1,102,348
1,103,148
1,105,398
1,107,243
1,110,583
1,111,20
1,114,101
1,116,312
1,129,563
1,135,352
1,161,487
1,171,532
1,172,373
1,174,141
1,178,374
1,189,435
1,190,390
1,203,364
1,216,230
1,238,150
1,252,17
1,299,594
2,1,331
2,3,528
2,4,496
2,5,155
2,6,205
2,10,252
2,12,257
2,13,569
2,14,278
2,15,135
2,16,535
2,17,436
2,18,427
2,23,115
2,25,430
2,26,521
2,27,276
2,29,116
2,33,343
2,34,121
2,35,328
2,37,549
2,42,287
2,43,577
2,45,132
2,47,369
2,48,117
2,49,190
2,51,257
2,52,88
2,56,51
2,57,6
2,62,267
2,69,52
2,70,463
2,74,183
2,77,116
2,80,399
2,85,341
2,86,11
2,87,576
2,88,2
2,98,171
2,100,60
2,102,175
2,109,2
2,122,278
2,123,382
2,133,431
2,144,591
2,146,6
2,147,184
2,154,130
2,179,229
2,188,559
2,209,421
2,214,358
2,230,254
2,234,236
2,239,430
2,244,503
2,252,414
2,277,518
2,282,11
2,287,260
3,1,153
3,2,528
3,4,43
3,5,407
3,7,333
3,8,146
3,9,52
3,11,34
3,15,137
3,18,95
3,19,341
3,20,156
3,21,258
3,22,546
3,24,102
3,25,94
3,26,67
3,28,575
3,29,99
3,30,233
3,31,240
3,32,271
3,33,187
3,34,190
3,35,244
3,37,543
3,39,29
3,46,296
3,49,404
3,51,590
3,53,127
3,57,519
3,64,242
3,65,436
3,67,487
3,89,273
3,90,503
3,94,233
3,99,539
3,103,381
3,107,199
3,111,138
3,125,598
3,130,206
3,131,209
3,133,549
3,141,126
3,143,516
3,146,470
3,153,147
3,156,339
3,159,361
3,160,418
3,166,173
3,168,526
3,176,590
3,201,228
3,218,281
3,222,572
3,227,318
3,250,110
3,251,567
3,258,226
3,264,448
3,279,50
4,1,182
4,2,496
4,3,43
4,6,17
4,8,530
4,9,172
4,10,468
4,11,248
4,12,313
4,14,287
4,15,126
4,16,406
4,17,196
4,18,331
4,20,69
4,21,53
4,23,439
4,24,3
4,26,338
4,27,399
4,28,218
4,29,25
4,30,566
4,31,183
4,32,76
4,33,572
4,34,33
4,37,69
4,41,535
4,45,358
4,46,402
4,49,552
4,57,314
4,58,359
4,60,527
4,66,239
4,72,282
4,73,50
4,76,350
4,77,27
4,87,265
4,88,247
4,92,7
4,94,219
4,98,394
4,102,447
4,105,278
4,115,520
4,138,128
4,143,391
4,152,463
4,153,217
4,156,349
4,158,598
4,185,466
4,186,555
4,201,389
4,202,475
4,208,538
4,230,146
4,288,359
4,289,14
5,1,412
5,2,155
5,3,407
5,6,536
5,7,214
5,10,506
5,11,25
5,12,255
5,13,288
5,16,535
5,17,113
5,18,18
5,20,288
5,22,3
5,24,492
5,25,152
5,27,493
5,29,170
5,30,68
5,35,229
5,36,564
5,37,297
5,38,511
5,39,280
5,41,587
5,44,175
5,45,92
5,46,529
5,50,183
5,51,235
5,57,16
5,58,186
5,63,330
5,67,386
5,72,231
5,74,193
5,75,563
5,78,451
5,90,21
5,102,195
5,103,491
5,118,382
5,119,330
5,131,337
5,139,74
5,141,325
5,150,17
5,154,223
5,156,44
5,164,478
5,174,144
5,181,432
5,186,306
5,190,212
5,197,537
5,199,306
5,204,256
5,205,569
5,218,108
5,228,186
5,232,531
5,250,139
5,260,433
5,265,259
5,268,175
5,269,391
5,273,339
5,297,219
6,1,502
6,2,205
6,4,17
6,5,536
6,7,157
6,8,237
6,9,385
6,10,14
6,11,343
6,12,183
6,13,401
6,15,566
6,18,301
6,20,326
6,22,175
6,23,495
6,25,54
6,26,128
6,27,206
6,28,481
6,30,54
6,33,112
6,35,287
6,36,297
6,39,8
6,41,578
6,43,243
6,45,109
6,50,270
6,63,214
6,65,240
6,66,425
6,71,403
6,73,553
6,86,456
6,87,38
6,92,504
6,103,560
6,107,501
6,114,570
6,116,235
6,119,264
6,120,68
6,122,355
6,151,62
6,181,15
6,187,265
6,208,591
6,209,87
6,245,330
6,253,564
6,255,234
6,294,429
7,1,7
7,3,333
7,5,214
7,6,157
7,9,325
7,10,18
7,11,250
7,19,323
7,21,398
7,22,11
7,23,292
7,29,88
7,37,284
7,38,434
7,39,367
7,40,273
7,44,454
7,46,297
7,57,587
7,59,139
7,65,121
7,66,133
7,69,280
7,81,57
7,89,190
7,93,179
7,97,29
7,98,547
7,104,255
7,109,32
7,113,548
7,114,159
7,115,401
7,116,353
7,121,84
7,122,473
7,127,420
7,147,571
7,151,560
7,171,250
7,193,177
7,223,574
7,230,91
7,232,598
7,241,286
7,246,280
7,248,453
8,1,61
8,3,146
8,4,530
8,6,237
8,9,339
8,11,295
8,12,150
8,13,558
8,15,588
8,16,18
8,17,230
8,18,531
8,19,197
8,20,368
8,21,313
8,22,177
8,23,182
8,24,35
8,25,179
8,27,537
8,29,597
8,35,432
8,37,34
8,38,220
8,39,359
8,49,196
8,50,137
8,55,137
8,58,397
8,63,457
8,64,542
8,67,533
8,76,65
8,78,265
8,80,313
8,87,363
8,88,70
8,98,574
8,106,418
8,114,358
8,117,170
8,121,553
8,124,517
8,125,314
8,126,125
8,140,538
8,145,413
8,146,200
8,148,546
8,154,68
8,171,516
8,172,512
8,187,377
8,192,577
8,199,167
8,211,462
8,212,137
8,214,104
8,218,208
8,229,30
8,232,74
8,239,73
8,240,57
8,259,52
8,261,121
8,273,498
8,276,215
8,289,343
8,293,244
9,3,52
9,4,172
9,6,385
9,7,325
9,8,339
9,13,315
9,14,329
9,15,150
9,18,302
9,19,212
9,20,475
9,21,78
9,22,308
9,23,368
9,25,457
9,26,326
9,27,439
9,28,311
9,29,75
9,30,393
9,31,13
9,32,125
9,33,151
9,37,34
9,42,460
9,43,43
9,44,289
9,48,268
9,53,92
9,54,521
9,57,93
9,60,377
9,61,184
9,63,150
9,71,567
9,79,465
9,80,264
9,87,63
9,89,430
9,99,426
9,102,560
9,107,388
9,120,74
9,121,242
9,125,358
9,139,474
9,140,582
9,142,294
9,150,576
9,160,4
9,162,401
9,170,450
9,171,500
9,175,267
9,184,136
9,202,347
9,204,384
9,225,274
9,231,397
9,249,404
9,257,62
9,261,360
9,264,130
9,265,42
9,286,592
9,295,209
10,1,383
10,2,252
10,4,468
10,5,506
10,6,14
10,7,18
10,11,329
10,13,513
10,14,68
10,15,323
10,16,115
10,17,401
10,21,333
10,22,167
10,23,349
10,25,553
10,27,206
10,29,226
10,30,233
10,31,157
10,33,393
10,34,37
10,36,237
10,41,452
10,42,238
10,43,468
10,44,592
10,50,285
10,54,152
10,56,43
10,57,85
10,61,342
10,66,180
10,70,353
10,72,537
10,76,238
10,80,316
10,87,403
10,90,439
10,97,485
10,104,476
10,109,17
10,110,56
10,111,107
10,121,365
10,126,406
10,128,598
10,140,472
10,145,468
10,149,40
10,154,295
10,167,100
10,178,195
10,187,587
10,202,286
10,213,314
10,217,557
10,219,510
10,237,39
10,258,329
10,297,328
11,1,449
11,3,34
11,4,248
11,5,25
11,6,343
11,7,250
11,8,295
11,10,329
11,12,354
11,13,295
11,14,87
11,15,68
11,16,4
11,18,461
11,19,354
11,20,11
11,21,74
11,23,41
11,25,259
11,26,291
11,28,312
11,29,224
11,31,157
11,34,272
11,39,154
11,41,285
11,42,324
11,45,230
11,52,62
11,66,434
11,67,573
11,68,321
11,75,205
11,77,96
11,84,393
11,88,446
11,89,247
11,90,283
11,94,580
11,98,501
11,108,74
11,124,576
11,128,10
11,135,371
11,156,323
11,157,174
11,162,213
11,191,395
11,192,505
11,258,376
11,277,118
11,286,23
11,287,376
12,1,549
12,2,257
12,4,313
12,5,255
12,6,183
12,8,150
12,11,354
12,13,259
12,15,301
12,16,81
12,17,189
12,18,527
12,20,329
12,21,505
12,23,297
12,27,388
12,35,227
12,36,485
12,41,481
12,43,134
12,44,139
12,45,88
12,47,435
12,48,247
12,54,582
12,56,371
12,60,170
12,61,190
12,62,208
12,66,153
12,69,84
12,76,267
12,80,498
12,84,78
12,89,290
12,96,331
12,100,186
12,101,82
12,104,592
12,113,572
12,120,20
12,135,222
12,154,72
12,166,357
12,169,362
12,175,533
12,179,201
12,199,369
12,206,466
12,221,249
12,232,229
12,294,381
13,1,183
13,2,569
13,5,288
13,6,401
13,8,558
13,9,315
13,10,513
13,11,295
13,12,259
13,14,526
13,16,113
13,17,389
13,18,174
13,19,258
13,22,220
13,23,242
13,24,386
13,26,317
13,27,563
13,32,504
13,36,300
13,37,32
13,40,157
13,42,523
13,44,289
13,51,114
13,52,147
13,56,548
13,59,585
13,62,441
13,70,160
13,72,208
13,74,5
13,77,156
13,80,80
13,86,106
13,88,440
13,99,563
13,101,331
13,118,368
13,129,140
13,132,428
13,133,363
13,135,472
13,152,117
13,162,561
13,172,264
13,177,345
13,192,212
13,196,120
13,198,462
13,199,42
13,203,57
13,206,416
13,208,403
13,217,560
13,232,94
13,251,255
13,263,448
13,276,85
13,291,386
14,1,474
14,2,278
14,4,287
14,9,329
14,10,68
14,11,87
14,13,526
14,16,364
14,18,361
14,19,511
14,20,121
14,21,198
14,22,160
14,24,22
14,25,407
14,26,420
14,27,149
14,30,55
14,31,521
14,32,106
14,33,298
14,35,431
14,38,489
14,39,368
14,40,539
14,43,15
14,46,240
14,48,133
14,49,140
14,50,405
14,57,79
14,58,519
14,61,70
14,62,576
14,64,235
14,69,236
14,82,502
14,85,53
14,86,426
14,89,124
14,95,65
14,97,124
14,98,530
14,99,415
14,105,221
14,109,496
14,113,277
14,114,3
14,133,126
14,136,539
14,147,14
14,148,187
14,154,504
14,157,520
14,159,261
14,172,82
14,173,321
14,185,434
14,186,403
14,221,279
14,233,454
14,234,189
14,235,342
14,267,250
14,269,174
14,285,496
14,295,195
15,2,135
15,3,137
15,4,126
15,6,566
15,8,588
15,9,150
15,10,323
15,11,68
15,12,301
15,19,313
15,20,267
15,21,292
15,24,600
15,25,107
15,26,75
15,27,43
15,28,451
15,29,274
15,30,241
15,31,129
15,34,174
15,36,106
15,38,329
15,41,579
15,42,542
15,46,125
15,48,363
15,51,529
15,53,199
15,58,284
15,60,426
15,61,211
15,64,29
15,68,51
15,74,537
15,76,475
15,82,531
15,84,356
15,86,548
15,87,346
15,96,567
15,112,485
15,119,534
15,137,171
15,148,213
15,149,496
15,154,251
15,157,205
15,167,241
15,177,365
15,181,306
15,187,52
15,194,474
15,216,214
15,241,228
15,247,504
15,266,147
15,279,278
15,285,503
15,294,197
16,1,472
16,2,535
16,4,406
16,5,535
16,8,18
16,10,115
16,11,4
16,12,81
16,13,113
16,14,364
16,17,572
16,23,347
16,24,327
16,25,589
16,26,113
16,28,131
16,31,93
16,32,574
16,33,346
16,34,199
16,40,346
16,41,327
16,43,237
16,46,171
16,47,215
16,49,330
16,51,334
16,54,311
16,55,144
16,59,236
16,61,83
16,74,171
16,89,396
16,90,79
16,93,107
16,97,214
16,98,137
16,99,25
16,100,54
16,107,48
16,108,385
16,117,327
16,119,173
16,122,57
16,123,436
16,124,528
16,130,311
16,135,246
16,145,594
16,167,266
16,182,304
16,183,336
16,193,199
16,199,188
16,208,307
16,212,9
16,231,280
16,240,166
16,254,586
16,256,232
17,2,436
17,4,196
17,5,113
17,8,230
17,10,401
17,12,189
17,13,389
17,16,572
17,19,196
17,21,121
17,22,479
17,26,242
17,27,178
17,32,15
17,33,389
17,34,560
17,35,9
17,37,203
17,38,342
17,41,102
17,44,307
17,47,467
17,54,481
17,55,160
17,64,200
17,68,173
17,72,405
17,76,448
17,79,220
17,80,31
17,82,298
17,89,8
17,97,35
17,101,364
17,102,410
17,106,351
17,107,441
17,130,394
17,131,97
17,134,277
17,150,46
17,157,557
17,159,547
17,167,510
17,171,80
17,177,249
17,180,517
17,185,63
17,207,349
17,219,417
17,224,234
17,236,11
17,243,416
17,261,96
17,274,104
17,294,348
17,296,262
17,299,380
18,1,511
18,2,427
18,3,95
18,4,331
18,5,18
18,6,301
18,8,531
18,9,302
18,11,461
18,12,527
18,13,174
18,14,361
18,19,26
18,20,599
18,21,293
18,24,231
18,26,400
18,27,555
18,29,242
18,31,344
18,32,434
18,34,409
18,35,154
18,36,550
18,37,178
18,40,378
18,41,192
18,46,38
18,47,272
18,50,66
18,52,147
18,60,46
18,61,398
18,65,46
18,69,444
18,74,280
18,75,436
18,83,207
18,84,103
18,89,303
18,91,424
18,95,392
18,96,48
18,101,482
18,102,27
18,124,232
18,136,308
18,138,255
18,154,353
18,168,167
18,174,335
18,175,85
18,180,388
18,205,390
18,245,145
18,256,176
18,277,445
18,296,178
19,1,180
19,3,341
19,7,323
19,8,197
19,9,212
19,11,354
19,13,258
19,14,511
19,15,313
19,17,196
19,18,26
19,20,459
19,21,77
19,22,479
19,28,251
19,29,303
19,30,453
19,32,124
19,33,178
19,35,529
19,40,263
19,42,324
19,45,576
19,49,322
19,52,398
19,53,415
19,64,536
19,65,166
19,66,418
19,67,300
19,79,593
19,92,308
19,95,358
19,97,29
19,101,457
19,105,478
19,110,503
19,114,475
19,117,537
19,119,438
19,122,374
19,138,195
19,145,392
19,155,414
19,158,10
19,163,339
19,177,443
19,185,374
19,193,96
19,197,373
19,198,324
19,200,214
19,203,244
19,223,348
19,232,219
19,235,450
19,248,228
19,259,374
19,263,541
19,264,110
19,297,248
19,299,563
19,300,535
20,1,330
20,3,156
20,4,69
20,5,288
20,6,326
20,8,368
20,9,475
20,11,11
20,12,329
20,14,121
20,15,267
20,18,599
20,19,459
20,21,209
20,22,458
20,23,90
20,24,442
20,26,291
20,27,291
20,28,353
20,29,205
20,36,343
20,38,327
20,42,374
20,43,103
20,50,128
20,55,99
20,56,347
20,59,152
20,62,564
20,63,591
20,65,162
20,72,434
20,73,402
20,78,326
20,81,114
20,84,518
20,90,181
20,94,195
20,97,567
20,98,190
20,99,240
20,106,343
20,111,402
20,115,522
20,119,182
20,120,37
20,123,68
20,139,31
20,149,186
20,161,371
20,162,411
20,163,350
20,168,496
20,175,419
20,178,290
20,189,327
20,195,102
20,208,41
20,244,424
20,248,216
20,252,322
20,282,374
20,300,66
21,1,475
21,3,258
21,4,53
21,7,398
21,8,313
21,9,78
21,10,333
21,11,74
21,12,505
21,14,198
21,15,292
21,17,121
21,18,293
21,19,77
21,20,209
21,22,378
21,25,130
21,26,512
21,28,335
21,31,266
21,32,387
21,34,35
21,35,136
21,36,40
21,37,361
21,39,152
21,41,29
21,43,104
21,47,521
21,49,496
21,53,561
21,55,201
21,58,499
21,61,314
21,62,510
21,64,54
21,66,233
21,67,493
21,71,244
21,77,192
21,78,277
21,81,592
21,82,405
21,87,307
21,94,246
21,98,295
21,99,512
21,101,416
21,102,292
21,103,20
21,104,261
21,107,161
21,108,306
21,109,586
21,118,34
21,121,337
21,126,583
21,143,379
21,150,124
21,163,194
21,177,215
21,188,340
21,210,216
21,227,58
21,229,190
21,233,94
21,242,41
21,262,244
21,264,149
21,272,582
21,279,477
21,282,524
21,287,77
22,1,127
22,3,546
22,5,3
22,6,175
22,7,11
22,8,177
22,9,308
22,10,167
22,13,220
22,14,160
22,17,479
22,19,479
22,20,458
22,21,378
22,23,33
22,24,151
22,30,468
22,31,405
22,32,312
22,34,490
22,36,153
22,37,372
22,38,387
22,39,284
22,41,526
22,42,327
22,44,571
22,45,344
22,46,432
22,47,585
22,50,462
22,52,87
22,53,344
22,54,222
22,62,223
22,63,169
22,66,580
22,70,123
22,71,534
22,72,392
22,76,300
22,81,230
22,82,543
22,83,162
22,86,504
22,87,420
22,90,204
22,91,324
22,99,1
22,106,306
22,108,138
22,111,63
22,117,447
22,126,322
22,137,123
22,154,223
22,157,117
22,172,29
22,186,320
22,200,274
22,219,367
22,227,578
22,234,437
22,261,167
22,264,421
22,265,489
22,283,519
22,294,167
23,1,48
23,2,115
23,4,439
23,6,495
23,7,292
23,8,182
23,9,368
23,10,349
23,11,41
23,12,297
23,13,242
23,16,347
23,20,90
23,22,33
23,24,19
23,25,573
23,27,201
23,28,85
23,29,126
23,31,53
23,33,183
23,34,297
23,35,120
23,38,123
23,42,172
23,43,165
23,46,178
23,47,215
23,54,406
23,60,513
23,63,134
23,69,555
23,80,283
23,82,411
23,84,113
23,86,593
23,96,437
23,115,504
23,117,267
23,122,89
23,130,452
23,132,210
23,134,105
23,135,451
23,136,414
23,137,584
23,143,464
23,144,568
23,149,195
23,186,185
23,188,545
23,203,464
23,219,230
23,220,293
23,223,253
23,237,434
23,244,153
23,254,198
23,255,146
23,266,548
23,277,53
23,290,345
23,298,596
23,299,588
24,1,537
24,3,102
24,4,3
24,5,492
24,8,35
24,13,386
24,14,22
24,15,600
24,16,327
24,18,231
24,20,442
24,22,151
24,23,19
24,26,221
24,27,43
24,28,571
24,30,253
24,32,69
24,33,559
24,36,53
24,37,380
24,40,24
24,42,152
24,47,11
24,49,112
24,52,593
24,53,348
24,54,162
24,55,133
24,67,566
24,70,324
24,73,289
24,77,136
24,79,473
24,83,360
24,85,445
24,92,409
24,93,313
24,106,346
24,107,309
24,119,453
24,121,114
24,122,191
24,125,280
24,127,241
24,128,465
24,147,33
24,155,109
24,167,274
24,179,481
24,182,334
24,187,321
24,192,230
24,208,45
24,210,457
24,215,330
24,224,381
24,230,111
24,236,170
24,242,599
24,244,437
24,266,370
24,270,524
24,295,332
25,1,485
25,2,430
25,3,94
25,5,152
25,6,54
25,8,179
25,9,457
25,10,553
25,11,259
25,14,407
25,15,107
25,16,589
25,21,130
25,23,573
25,27,460
25,29,21
25,31,51
25,32,419
25,34,232
25,35,461
25,36,344
25,37,444
25,38,139
25,40,450
25,41,236
25,42,390
25,44,138
25,46,3
25,47,55
25,48,473
25,52,95
25,53,536
25,54,562
25,55,500
25,63,98
25,76,11
25,94,294
25,95,176
25,106,455
25,108,502
25,125,180
25,128,180
25,140,450
25,146,488
25,152,404
25,162,484
25,165,429
25,176,419
25,192,560
25,198,74
25,204,162
25,208,107
25,233,297
25,234,400
25,260,39
25,267,218
25,268,17
26,1,419
26,2,521
26,3,67
26,4,338
26,6,128
26,9,326
26,11,291
26,13,317
26,14,420
26,15,75
26,16,113
26,17,242
26,18,400
26,20,291
26,21,512
26,24,221
26,28,84
26,36,85
26,39,42
26,41,449
26,44,560
26,45,247
26,48,42
26,49,19
26,50,138
26,51,352
26,52,491
26,55,564
26,57,446
26,58,52
26,60,128
26,63,238
26,65,70
26,71,222
26,73,233
26,78,43
26,79,347
26,81,275
26,90,101
26,97,478
26,115,304
26,122,458
26,127,171
26,133,518
26,136,19
26,137,219
26,143,557
26,148,507
26,149,4
26,152,340
26,159,197
26,167,93
26,174,62
26,185,40
26,193,296
26,195,533
26,202,559
26,229,272
26,243,545
26,244,360
26,247,528
26,267,329
26,293,570
27,1,194
27,2,276
27,4,399
27,5,493
27,6,206
27,8,537
27,9,439
27,10,206
27,12,388
27,13,563
27,14,149
27,15,43
27,17,178
27,18,555
27,20,291
27,23,201
27,24,43
27,25,460
27,28,594
27,29,370
27,30,63
27,31,571
27,33,229
27,35,454
27,36,388
27,38,426
27,40,430
27,45,319
27,47,518
27,48,207
27,50,448
27,51,404
27,58,350
27,60,6
27,69,551
27,72,452
27,80,452
27,81,547
27,86,200
27,92,317
27,95,496
27,96,115
27,104,108
27,115,454
27,121,140
27,130,327
27,132,443
27,138,161
27,153,87
27,161,267
27,165,162
27,170,84
27,180,79
27,182,218
27,183,510
27,188,91
27,192,225
27,193,515
27,194,507
27,195,13
27,199,63
27,213,470
27,225,202
27,234,309
27,250,12
27,258,130
27,284,222
27,292,495
28,1,209
28,3,575
28,4,218
28,6,481
28,9,311
28,11,312
28,15,451
28,16,131
28,19,251
28,20,353
28,21,335
28,23,85
28,24,571
28,26,84
28,27,594
28,29,203
28,30,3
28,31,528
28,34,224
28,38,159
28,39,139
28,40,548
28,41,250
28,42,265
28,43,458
28,44,379
28,46,534
28,50,382
28,56,454
28,62,524
28,64,201
28,65,252
28,68,48
28,70,376
28,72,471
28,78,156
28,84,292
28,88,410
28,91,366
28,94,52
28,104,426
28,105,317
28,109,555
28,112,83
28,117,216
28,129,123
28,138,381
28,139,545
28,146,591
28,155,216
28,161,45
28,162,542
28,164,387
28,166,310
28,171,167
28,181,285
28,189,394
28,192,545
28,197,517
28,207,120
28,211,503
28,216,192
28,219,57
28,235,280
28,242,564
28,248,292
28,253,318
28,263,396
28,269,553
28,271,354
29,2,116
29,3,99
29,4,25
29,5,170
29,7,88
29,8,597
29,9,75
29,10,226
29,11,224
29,15,274
29,18,242
29,19,303
29,20,205
29,23,126
29,25,21
29,27,370
29,28,203
29,31,247
29,32,174
29,33,411
29,34,8
29,40,405
29,43,81
29,46,515
29,47,70
29,48,134
29,53,30
29,54,360
29,56,417
29,58,216
29,59,496
29,64,184
29,66,225
29,71,391
29,73,355
29,74,590
29,75,30
29,76,577
29,77,190
29,78,338
29,82,535
29,88,242
29,92,555
29,99,369
29,108,385
29,119,7
29,120,185
29,127,8
29,128,50
29,132,199
29,133,582
29,135,474
29,146,63
29,149,65
29,152,404
29,162,196
29,167,59
29,172,399
29,173,51
29,189,408
29,190,98
29,200,264
29,209,414
29,211,457
29,222,43
29,240,39
29,270,91
29,274,149
30,1,501
30,3,233
30,4,566
30,5,68
30,6,54
30,9,393
30,10,233
30,14,55
30,15,241
30,19,453
30,22,468
30,24,253
30,27,63
30,28,3
30,33,431
30,35,84
30,38,580
30,44,96
30,48,93
30,51,366
30,53,518
30,54,531
30,56,595
30,57,269
30,59,274
30,60,31
30,63,284
30,64,257
30,68,451
30,69,434
30,70,177
30,71,95
30,75,340
30,78,185
30,83,284
30,85,364
30,86,125
30,89,473
30,94,416
30,95,243
30,103,360
30,109,589
30,124,314
30,127,577
30,131,66
30,133,391
30,135,336
30,136,179
30,150,13
30,153,345
30,167,516
30,179,280
30,183,518
30,185,274
30,192,496
30,194,498
30,196,53
30,205,469
30,235,335
30,284,590
30,298,297
31,3,240
31,4,183
31,9,13
31,10,157
31,11,157
31,14,521
31,15,129
31,16,93
31,18,344
31,21,266
31,22,405
31,23,53
31,25,51
31,27,571
31,28,528
31,29,247
31,32,58
31,36,403
31,37,8
31,38,192
31,39,312
31,40,11
31,45,451
31,50,387
31,56,328
31,57,116
31,66,180
31,69,129
31,75,475
31,80,113
31,81,482
31,85,442
31,90,361
31,94,58
31,99,178
31,114,87
31,122,446
31,126,386
31,127,544
31,130,362
31,140,406
31,142,505
31,143,184
31,152,124
31,156,293
31,163,59
31,173,326
31,177,559
31,187,412
31,201,53
31,213,593
31,223,555
31,231,269
31,261,21
31,266,100
31,277,584
32,1,436
32,3,271
32,4,76
32,9,125
32,13,504
32,14,106
32,16,574
32,17,15
32,18,434
32,19,124
32,21,387
32,22,312
32,24,69
32,25,419
32,29,174
32,31,58
32,33,472
32,34,502
32,35,282
32,37,66
32,40,534
32,42,208
32,43,395
32,44,215
32,45,42
32,46,56
32,49,264
32,50,562
32,51,403
32,52,73
32,55,18
32,56,346
32,68,192
32,69,180
32,72,376
32,76,158
32,89,152
32,91,52
32,96,136
32,105,116
32,109,143
32,111,548
32,112,456
32,116,52
32,118,42
32,121,8
32,132,561
32,135,487
32,138,461
32,142,435
32,147,502
32,153,568
32,158,413
32,172,133
32,173,153
32,210,23
32,235,212
32,253,315
32,270,431
32,287,303
33,1,335
33,2,343
33,3,187
33,4,572
33,6,112
33,9,151
33,10,393
33,14,298
33,16,346
33,17,389
33,19,178
33,23,183
33,24,559
33,27,229
33,29,411
33,30,431
33,32,472
33,34,213
33,36,339
33,39,183
33,43,574
33,45,485
33,51,75
33,52,64
33,54,5
33,55,75
33,61,572
33,62,425
33,67,553
33,68,586
33,72,54
33,75,322
33,77,7
33,81,283
33,82,335
33,83,33
33,84,268
33,85,280
33,94,467
33,100,18
33,105,191
33,106,201
33,111,452
33,115,289
33,118,400
33,121,435
33,126,469
33,143,147
33,145,242
33,149,598
33,161,69
33,169,120
33,188,138
33,189,324
33,237,245
33,243,563
33,248,296
33,251,528
33,270,554
33,294,160
33,295,192
34,1,239
34,2,121
34,3,190
34,4,33
34,10,37
34,11,272
34,15,174
34,16,199
34,17,560
34,18,409
34,21,35
34,22,490
34,23,297
34,25,232
34,28,224
34,29,8
34,32,502
34,33,213
34,38,232
34,39,537
34,42,101
34,44,22
34,45,264
34,46,271
34,47,342
34,48,15
34,51,149
34,54,227
34,55,407
34,56,599
34,57,491
34,62,254
34,66,56
34,69,398
34,74,478
34,75,510
34,78,84
34,80,377
34,87,393
34,96,277
34,102,246
34,103,29
34,105,289
34,107,194
34,110,17
34,113,194
34,115,46
34,116,438
34,120,258
34,126,36
34,134,440
34,135,465
34,141,219
34,150,567
34,157,222
34,166,97
34,168,385
34,181,564
34,182,273
34,197,79
34,203,235
34,211,393
34,225,134
34,234,355
34,270,226
34,286,588
35,2,328
35,3,244
35,5,229
35,6,287
35,8,432
35,12,227
35,14,431
35,17,9
35,18,154
35,19,529
35,21,136
35,23,120
35,25,461
35,27,454
35,30,84
35,32,282
35,36,168
35,38,231
35,39,85
35,44,357
35,46,195
35,48,599
35,49,302
35,53,116
35,59,153
35,61,125
35,62,328
35,63,87
35,64,520
35,67,52
35,68,119
35,72,475
35,79,94
35,83,539
35,85,473
35,86,407
35,88,301
35,90,278
35,92,263
35,95,502
35,97,300
35,98,432
35,99,527
35,102,479
35,103,168
35,105,565
35,106,445
35,114,439
35,117,470
35,118,288
35,119,161
35,122,257
35,128,225
35,133,179
35,138,151
35,139,184
35,140,60
35,144,129
35,148,369
35,156,551
35,166,427
35,169,377
35,175,294
35,185,582
35,189,211
35,193,154
35,219,576
35,233,46
35,236,375
35,255,578
35,257,318
36,5,564
36,6,297
36,10,237
36,12,485
36,13,300
36,15,106
36,18,550
36,20,343
36,21,40
36,22,153
36,24,53
36,25,344
36,26,85
36,27,388
36,31,403
36,33,339
36,35,168
36,37,117
36,40,579
36,42,296
36,45,137
36,46,174
36,47,121
36,49,382
36,50,135
36,53,212
36,54,28
36,57,446
36,58,366
36,63,521
36,64,310
36,73,88
36,76,537
36,77,287
36,79,212
36,82,494
36,86,270
36,90,193
36,92,458
36,93,82
36,100,378
36,108,163
36,111,236
36,115,359
36,116,157
36,122,356
36,127,337
36,129,169
36,133,278
36,147,523
36,169,480
36,185,236
36,188,445
36,190,365
36,200,77
36,210,406
36,217,413
36,223,190
36,234,421
36,242,301
36,284,484
36,286,109
36,290,574
37,2,549
37,3,543
37,4,69
37,5,297
37,7,284
37,8,34
37,9,34
37,13,32
37,17,203
37,18,178
37,21,361
37,22,372
37,24,380
37,25,444
37,31,8
37,32,66
37,36,117
37,39,88
37,41,574
37,48,35
37,51,378
37,53,483
37,59,123
37,61,361
37,63,452
37,78,217
37,84,84
37,85,435
37,89,212
37,92,165
37,98,463
37,100,210
37,103,429
37,121,336
37,124,516
37,131,595
37,141,595
37,147,323
37,151,437
37,161,209
37,180,209
37,182,219
37,195,62
37,201,46
37,211,468
37,237,70
37,240,65
37,253,444
37,257,25
37,266,124
37,269,395
37,273,270
37,274,179
37,300,215
38,5,511
38,7,434
38,8,220
38,14,489
38,15,329
38,17,342
38,20,327
38,22,387
38,23,123
38,25,139
38,27,426
38,28,159
38,30,580
38,31,192
38,34,232
38,35,231
38,39,257
38,40,336
38,41,262
38,42,264
38,43,296
38,44,29
38,45,591
38,47,118
38,51,408
38,55,65
38,56,458
38,57,246
38,60,467
38,64,34
38,67,44
38,70,339
38,76,241
38,77,26
38,81,341
38,83,339
38,86,534
38,89,457
38,96,433
38,103,449
38,106,176
38,113,571
38,123,564
38,130,150
38,137,21
38,147,438
38,156,401
38,160,532
38,169,340
38,189,340
38,190,269
38,194,362
38,207,50
38,228,83
38,235,37
38,238,182
38,253,553
38,276,280
38,278,281
38,281,598
39,3,29
39,5,280
39,6,8
39,7,367
39,8,359
39,11,154
39,14,368
39,21,152
39,22,284
39,26,42
39,28,139
39,31,312
39,33,183
39,34,537
39,35,85
39,37,88
39,38,257
39,41,471
39,42,462
39,44,465
39,46,200
39,47,473
39,51,190
39,52,488
39,54,54
39,55,396
39,57,36
39,60,167
39,62,489
39,63,68
39,64,97
39,66,335
39,68,558
39,69,19
39,72,597
39,77,240
39,85,116
39,87,14
39,93,210
39,94,469
39,99,121
39,102,310
39,107,156
39,110,554
39,116,295
39,124,379
39,143,312
39,151,467
39,155,546
39,158,293
39,176,146
39,179,81
39,183,18
39,193,487
39,200,38
39,203,395
39,206,42
39,212,160
39,216,22
39,227,85
39,228,47
39,232,416
39,239,201
39,258,567
39,277,44
39,278,570
39,281,308
40,1,261
40,7,273
40,13,157
40,14,539
40,16,346
40,18,378
40,19,263
40,24,24
40,25,450
40,27,430
40,28,548
40,29,405
40,31,11
40,32,534
40,36,579
40,38,336
40,43,106
40,44,387
40,48,419
40,49,561
40,58,584
40,61,553
40,63,115
40,67,473
40,74,564
40,77,232
40,78,538
40,81,385
40,85,277
40,86,515
40,87,382
40,91,477
40,93,494
40,101,460
40,104,457
40,107,190
40,115,492
40,124,16
40,127,205
40,129,242
40,136,565
40,137,96
40,139,465
40,152,218
40,153,175
40,160,509
40,162,110
40,172,42
40,181,177
40,186,551
40,194,79
40,198,398
40,239,263
40,242,494
40,276,336
40,289,415
41,4,535
41,5,587
41,6,578
41,10,452
41,11,285
41,12,481
41,15,579
41,16,327
41,17,102
41,18,192
41,21,29
41,22,526
41,25,236
41,26,449
41,28,250
41,37,574
41,38,262
41,39,471
41,45,214
41,47,408
41,48,435
41,49,285
41,50,543
41,53,400
41,54,405
41,55,498
41,56,214
41,61,312
41,64,159
41,65,419
41,68,187
41,73,115
41,75,78
41,79,412
41,86,463
41,89,460
41,90,359
41,91,452
41,93,465
41,96,419
41,101,297
41,125,317
41,128,67
41,130,329
41,134,22
41,136,176
41,153,48
41,155,453
41,190,200
41,196,41
41,204,148
41,218,301
41,221,539
41,222,231
41,223,241
41,238,155
41,254,6
41,256,476
41,259,170
41,263,358
41,269,475
41,275,55
42,1,207
42,2,287
42,9,460
42,10,238
42,11,324
42,13,523
42,15,542
42,19,324
42,20,374
42,22,327
42,23,172
42,24,152
42,25,390
42,28,265
42,32,208
42,34,101
42,36,296
42,38,264
42,39,462
42,47,36
42,51,388
42,59,184
42,64,34
42,65,541
42,77,312
42,80,89
42,84,303
42,88,509
42,90,83
42,97,296
42,110,166
42,122,384
42,125,303
42,137,92
42,141,310
42,142,118
42,144,382
42,160,501
42,171,54
42,172,51
42,173,111
42,182,360
42,198,230
42,209,571
42,212,154
42,238,217
42,240,309
42,246,307
42,260,429
42,271,533
42,294,504
42,296,401
43,2,577
43,6,243
43,9,43
43,10,468
43,12,134
43,14,15
43,16,237
43,20,103
43,21,104
43,23,165
43,28,458
43,29,81
43,32,395
43,33,574
43,38,296
43,40,106
43,44,25
43,51,138
43,52,456
43,59,132
43,61,266
43,62,123
43,63,512
43,67,174
43,68,420
43,70,30
43,71,326
43,73,245
43,77,592
43,78,195
43,79,122
43,93,20
43,95,552
43,97,56
43,104,278
43,110,250
43,117,561
43,118,421
43,128,288
43,129,16
43,141,378
43,142,39
43,156,209
43,158,556
43,164,178
43,167,519
43,187,597
43,193,173
43,194,289
43,198,365
43,201,415
43,209,10
43,210,91
43,212,200
43,218,413
43,227,69
43,235,115
43,245,312
43,256,205
44,1,275
44,5,175
44,7,454
44,9,289
44,10,592
44,12,139
44,13,289
44,17,307
44,22,571
44,25,138
44,26,560
44,28,379
44,30,96
44,32,215
44,34,22
44,35,357
44,38,29
44,39,465
44,40,387
44,43,25
44,47,471
44,48,521
44,49,256
44,52,118
44,57,252
44,59,61
44,68,225
44,69,179
44,71,189
44,81,581
44,85,68
44,86,311
44,92,520
44,95,127
44,97,67
44,106,80
44,110,542
44,114,224
44,125,506
44,130,52
44,141,226
44,143,44
44,145,49
44,147,73
44,175,440
44,181,84
44,196,99
44,198,378
44,210,135
44,214,298
44,218,301
44,232,84
44,233,136
44,234,356
44,238,398
44,243,570
44,244,288
45,2,132
45,4,358
45,5,92
45,6,109
45,11,230
45,12,88
45,19,576
45,22,344
45,26,247
45,27,319
45,31,451
45,32,42
45,33,485
45,34,264
45,36,137
45,38,591
45,41,214
45,46,39
45,48,439
45,49,21
45,53,568
45,54,270
45,55,458
45,56,131
45,66,313
45,70,583
45,77,338
45,80,388
45,87,115
45,90,145
45,91,367
45,93,464
45,98,541
45,102,436
45,104,158
45,113,541
45,114,20
45,116,246
45,122,506
45,123,222
45,125,284
45,139,486
45,161,321
45,163,221
45,168,19
45,172,139
45,182,240
45,183,324
45,186,241
45,188,542
45,202,182
45,213,103
45,234,579
45,249,349
45,279,282
45,291,591
45,298,16
46,1,225
46,3,296
46,4,402
46,5,529
46,7,297
46,14,240
46,15,125
46,16,171
46,18,38
46,22,432
46,23,178
46,25,3
46,28,534
46,29,515
46,32,56
46,34,271
46,35,195
46,36,174
46,39,200
46,45,39
46,48,233
46,51,136
46,55,429
46,57,339
46,58,577
46,59,544
46,67,110
46,70,502
46,71,416
46,74,10
46,76,524
46,78,46
46,80,39
46,81,88
46,83,561
46,90,430
46,92,83
46,94,61
46,108,16
46,110,184
46,111,67
46,118,473
46,134,384
46,140,537
46,141,227
46,143,180
46,151,539
46,166,361
46,180,379
46,185,404
46,202,474
46,205,591
46,226,447
46,233,34
46,236,462
46,237,599
46,258,61
46,261,372
46,267,572
46,283,224
46,295,26
46,297,573
46,298,425
47,2,369
47,12,435
47,16,215
47,17,467
47,18,272
47,21,521
47,22,585
47,23,215
47,24,11
47,25,55
47,27,518
47,29,70
47,34,342
47,36,121
47,38,118
47,39,473
47,41,408
47,42,36
47,44,471
47,50,241
47,56,322
47,60,447
47,65,418
47,78,269
47,79,469
47,80,225
47,82,82
47,88,99
47,94,269
47,95,154
47,114,264
47,119,210
47,121,133
47,125,480
47,129,90
47,131,528
47,135,349
47,157,17
47,161,71
47,165,426
47,172,194
47,191,31
47,206,278
47,213,373
47,218,277
47,220,517
47,227,105
47,230,252
47,240,345
47,255,73
47,274,418
47,284,363
47,285,156
47,292,378
48,1,339
48,2,117
48,9,268
48,12,247
48,14,133
48,15,363
48,25,473
48,26,42
48,27,207
48,29,134
48,30,93
48,34,15
48,35,599
48,37,35
48,40,419
48,41,435
48,44,521
48,45,439
48,46,233
48,49,566
48,52,195
48,58,577
48,59,426
48,61,193
48,62,44
48,65,529
48,67,569
48,70,273
48,71,382
48,72,425
48,75,506
48,77,276
48,80,323
48,82,122
48,83,249
48,88,25
48,96,442
48,103,524
48,107,138
48,109,468
48,110,7
48,113,145
48,116,229
48,117,324
48,136,354
48,137,182
48,139,297
48,144,382
48,147,540
48,148,433
48,156,374
48,163,289
48,169,225
48,171,519
48,181,228
48,182,111
48,183,67
48,185,462
48,211,87
48,242,377
48,263,581
48,273,374
48,279,346
48,296,402
49,2,190
49,3,404
49,4,552
49,8,196
49,14,140
49,16,330
49,19,322
49,21,496
49,24,112
49,26,19
49,32,264
49,35,302
49,36,382
49,40,561
49,41,285
49,44,256
49,45,21
49,48,566
49,54,211
49,56,78
49,57,593
49,58,598
49,59,221
49,60,16
49,61,108
49,64,34
49,65,482
49,70,352
49,79,87
49,81,373
49,83,20
49,95,490
49,101,340
49,109,24
49,110,92
49,124,248
49,125,226
49,137,475
49,145,465
49,147,99
49,150,9
49,161,479
49,165,437
49,181,435
49,191,353
49,192,502
49,205,226
49,209,512
49,219,455
49,245,505
49,250,542
49,264,270
49,279,39
50,1,175
50,5,183
50,6,270
50,8,137
50,10,285
50,14,405
50,18,66
50,20,128
50,22,462
50,26,138
50,27,448
50,28,382
50,31,387
50,32,562
50,36,135
50,41,543
50,47,241
50,52,338
50,53,436
50,57,79
50,58,337
50,62,57
50,63,252
50,68,580
50,73,594
50,94,239
50,98,330
50,99,441
50,100,131
50,114,121
50,115,220
50,119,254
50,127,101
50,136,330
50,157,492
50,165,3
50,168,27
50,169,313
50,182,474
50,183,395
50,210,404
50,231,307
50,281,464
50,289,162
50,296,309
51,2,257
51,3,590
51,5,235
51,13,114
51,15,529
51,16,334
51,26,352
51,27,404
51,30,366
51,32,403
51,33,75
51,34,149
51,37,378
51,38,408
51,39,190
51,42,388
51,43,138
51,46,136
51,53,366
51,60,590
51,68,93
51,75,407
51,78,143
51,81,30
51,85,258
51,90,456
51,97,130
51,109,441
51,112,597
51,115,429
51,120,322
51,136,287
51,153,161
51,163,178
51,173,62
51,179,268
51,182,307
51,195,137
51,198,178
51,208,270
51,219,209
51,228,311
51,241,230
51,260,417
51,270,596
51,281,94
51,294,419
52,2,88
52,11,62
52,13,147
52,18,147
52,19,398
52,22,87
52,24,593
52,25,95
52,26,491
52,32,73
52,33,64
52,39,488
52,43,456
52,44,118
52,48,195
52,50,338
52,54,429
52,58,463
52,59,559
52,61,71
52,64,600
52,68,81
52,70,514
52,71,247
52,72,221
52,73,584
52,74,241
52,76,250
52,82,213
52,92,107
52,94,330
52,98,524
52,100,358
52,105,452
52,107,370
52,108,21
52,118,176
52,119,337
52,125,79
52,134,225
52,137,352
52,139,108
52,142,16
52,146,527
52,155,289
52,161,71
52,169,178
52,170,500
52,174,597
52,179,198
52,180,244
52,187,370
52,188,494
52,207,506
52,248,149
52,253,11
52,273,431
52,277,111
52,289,317
52,293,567
53,3,127
53,9,92
53,15,199
53,19,415
53,21,561
53,22,344
53,24,348
53,25,536
53,29,30
53,30,518
53,35,116
53,36,212
53,37,483
53,41,400
53,45,568
53,50,436
53,51,366
53,54,5
53,55,327
53,60,449
53,65,439
53,66,401
53,67,349
53,74,439
53,78,313
53,79,300
53,80,342
53,93,432
53,95,435
53,98,441
53,104,20
53,108,85
53,116,61
53,118,234
53,120,511
53,121,425
53,122,418
53,126,50
53,141,114
53,143,124
53,144,118
53,155,294
53,156,275
53,159,359
53,163,344
53,191,282
53,214,572
53,225,57
53,234,472
53,237,577
53,276,354
53,288,99
53,292,101
53,294,122
54,9,521
54,10,152
54,12,582
54,16,311
54,17,481
54,22,222
54,23,406
54,24,162
54,25,562
54,29,360
54,30,531
54,33,5
54,34,227
54,36,28
54,39,54
54,41,405
54,45,270
54,49,211
54,52,429
54,53,5
54,59,407
54,61,443
54,66,107
54,67,178
54,68,283
54,70,351
54,72,109
54,82,111
54,83,427
54,85,472
54,87,81
54,99,251
54,108,503
54,112,253
54,113,571
54,117,508
54,158,336
54,164,330
54,171,545
54,175,587
54,177,383
54,189,330
54,194,52
54,200,595
54,202,330
54,203,9
54,221,288
54,225,46
54,227,184
54,230,563
54,235,479
54,248,266
54,260,151
54,263,564
54,266,139
54,273,327
54,277,140
54,282,354
55,8,137
55,16,144
55,17,160
55,20,99
55,21,201
55,24,133
55,25,500
55,26,564
55,32,18
55,33,75
55,34,407
55,38,65
55,39,396
55,41,498
55,45,458
55,46,429
55,53,327
55,60,406
55,80,107
55,82,198
55,83,269
55,89,287
55,91,159
55,95,111
55,108,534
55,119,510
55,127,513
55,131,48
55,132,295
55,137,253
55,146,574
55,163,18
55,164,130
55,178,88
55,190,560
55,202,116
55,212,248
55,237,287
55,245,360
55,296,488
56,2,51
56,10,43
56,12,371
56,13,548
56,20,347
56,28,454
56,29,417
56,30,595
56,31,328
56,32,346
56,34,599
56,38,458
56,41,214
56,45,131
56,47,322
56,49,78
56,60,307
56,63,572
56,65,214
56,67,531
56,68,312
56,71,457
56,75,172
56,77,493
56,79,284
56,85,267
56,93,227
56,97,552
56,103,228
56,108,552
56,109,211
56,112,264
56,134,14
56,140,313
56,143,372
56,144,294
56,147,393
56,158,593
56,160,461
56,200,277
56,231,408
56,238,138
56,247,544
56,249,556
56,261,346
56,268,435
56,272,2
57,2,6
57,3,519
57,4,314
57,5,16
57,7,587
57,9,93
57,10,85
57,14,79
57,26,446
57,30,269
57,31,116
57,34,491
57,36,446
57,38,246
57,39,36
57,44,252
57,46,339
57,49,593
57,50,79
57,58,159
57,62,89
57,64,534
57,66,497
57,68,348
57,69,496
57,74,105
57,82,497
57,94,585
57,102,203
57,104,146
57,107,146
57,112,383
57,119,409
57,126,226
57,134,479
57,139,424
57,152,89
57,168,417
57,173,349
57,190,241
57,210,435
57,238,221
57,254,279
57,278,33
57,280,199
58,4,359
58,5,186
58,8,397
58,14,519
58,15,284
58,21,499
58,26,52
58,27,350
58,29,216
58,36,366
58,40,584
58,46,577
58,48,577
58,49,598
58,50,337
58,52,463
58,57,159
58,62,363
58,64,542
58,66,236
58,71,281
58,74,431
58,76,279
58,77,63
58,80,451
58,83,452
58,84,358
58,85,329
58,87,267
58,88,564
58,108,194
58,116,194
58,124,400
58,126,368
58,131,389
58,132,177
58,138,353
58,139,548
58,151,183
58,158,585
58,173,498
58,189,133
58,199,101
58,220,102
58,230,183
58,236,120
58,282,527
59,7,139
59,13,585
59,16,236
59,20,152
59,29,496
59,30,274
59,35,153
59,37,123
59,42,184
59,43,132
59,44,61
59,46,544
59,48,426
59,49,221
59,52,559
59,54,407
59,60,362
59,66,83
59,68,63
59,74,205
59,85,352
59,90,181
59,91,560
59,92,513
59,103,75
59,107,469
59,113,213
59,116,573
59,122,97
59,123,151
59,131,451
59,135,302
59,136,3
59,156,91
59,161,532
59,163,389
59,164,583
59,177,191
59,181,153
59,183,516
59,184,165
59,188,404
59,195,336
59,215,384
59,216,375
59,220,225
59,249,184
59,253,469
59,260,65
59,266,551
59,268,414
59,284,516
59,288,553
60,4,527
60,9,377
60,12,170
60,15,426
60,18,46
60,23,513
60,26,128
60,27,6
60,30,31
60,38,467
60,39,167
60,47,447
60,49,16
60,51,590
60,53,449
60,55,406
60,56,307
60,59,362
60,70,258
60,71,354
60,73,277
60,74,338
60,79,386
60,88,303
60,96,431
60,100,492
60,104,467
60,105,399
60,106,428
60,108,18
60,111,290
60,114,309
60,119,136
60,121,316
60,123,330
60,133,226
60,138,440
60,150,285
60,160,565
60,163,357
60,172,307
60,175,76
60,181,91
60,199,538
60,205,188
60,207,344
60,208,460
60,215,183
60,236,595
60,284,586
60,286,247
60,288,372
60,289,168
61,9,184
61,10,342
61,12,190
61,14,70
61,15,211
61,16,83
61,18,398
61,21,314
61,33,572
61,35,125
61,37,361
61,40,553
61,41,312
61,43,266
61,48,193
61,49,108
61,52,71
61,54,443
61,63,1
61,65,327
61,88,234
61,92,345
61,94,5
61,95,161
61,111,454
61,128,597
61,130,120
61,132,194
61,136,302
61,138,460
61,150,183
61,159,248
61,175,472
61,184,287
61,192,107
61,194,554
61,208,504
61,222,131
61,226,324
61,228,476
61,258,210
61,259,305
61,287,234
62,2,267
62,12,208
62,13,441
62,14,576
62,20,564
62,21,510
62,22,223
62,28,524
62,33,425
62,34,254
62,35,328
62,39,489
62,43,123
62,48,44
62,50,57
62,57,89
62,58,363
62,73,359
62,75,156
62,78,384
62,79,18
62,86,298
62,92,42
62,93,492
62,103,454
62,104,583
62,117,549
62,123,546
62,125,385
62,130,23
62,131,114
62,140,60
62,141,403
62,164,460
62,166,159
62,178,312
62,185,312
62,192,220
62,203,81
62,218,207
62,222,166
62,224,100
62,230,567
62,232,168
62,233,145
62,252,169
62,261,31
62,278,367
62,280,456
63,5,330
63,6,214
63,8,457
63,9,150
63,20,591
63,22,169
63,23,134
63,25,98
63,26,238
63,30,284
63,35,87
63,36,521
63,37,452
63,39,68
63,40,115
63,43,512
63,50,252
63,56,572
63,61,1
63,70,314
63,71,303
63,73,252
63,76,529
63,77,524
63,82,560
63,89,392
63,95,23
63,97,413
63,98,290
63,103,323
63,108,308
63,110,149
63,113,420
63,121,286
63,128,496
63,136,544
63,143,151
63,146,318
63,147,470
63,163,448
63,168,595
63,172,481
63,178,31
63,186,297
63,198,37
63,201,434
63,212,587
63,215,462
63,221,230
63,243,64
63,245,272
63,248,426
63,262,278
63,276,420
63,295,578
64,1,186
64,3,242
64,8,542
64,14,235
64,15,29
64,17,200
64,19,536
64,21,54
64,28,201
64,29,184
64,30,257
64,35,520
64,36,310
64,38,34
64,39,97
64,41,159
64,42,34
64,49,34
64,52,600
64,57,534
64,58,542
64,65,1
64,66,171
64,67,290
64,72,35
64,75,576
64,78,256
64,83,515
64,86,397
64,89,553
64,91,371
64,93,600
64,100,324
64,106,167
64,107,505
64,109,433
64,111,176
64,121,77
64,131,283
64,138,31
64,144,389
64,157,523
64,159,339
64,166,528
64,167,259
64,172,455
64,176,85
64,177,194
64,178,589
64,180,545
64,188,329
64,192,444
64,194,437
64,208,574
64,209,417
64,224,146
64,225,187
64,232,54
64,245,588
64,246,105
64,269,54
64,270,468
65,3,436
65,6,240
65,7,121
65,18,46
65,19,166
65,20,162
65,26,70
65,28,252
65,41,419
65,42,541
65,47,418
65,48,529
65,49,482
65,53,439
65,56,214
65,61,327
65,64,1
65,68,489
65,73,207
65,74,367
65,84,417
65,101,354
65,105,438
65,106,173
65,111,509
65,118,162
65,137,580
65,140,573
65,205,43
65,216,25
65,241,303
65,252,541
65,282,598
66,4,239
66,6,425
66,7,133
66,10,180
66,11,434
66,12,153
66,19,418
66,21,233
66,22,580
66,29,225
66,31,180
66,34,56
66,39,335
66,45,313
66,53,401
66,54,107
66,57,497
66,58,236
66,59,83
66,64,171
66,67,183
66,69,239
66,71,89
66,72,86
66,75,529
66,76,226
66,79,581
66,82,199
66,87,209
66,96,302
66,99,295
66,100,119
66,101,362
66,102,13
66,103,514
66,104,571
66,108,587
66,110,199
66,112,472
66,113,365
66,123,348
66,126,226
66,127,94
66,132,272
66,139,517
66,142,557
66,149,79
66,155,304
66,156,417
66,165,213
66,173,517
66,180,413
66,183,135
66,184,407
66,194,62
66,195,595
66,201,353
66,216,303
66,217,250
66,221,7
66,226,24
66,227,241
66,231,73
66,233,34
66,238,9
66,251,177
66,255,135
66,269,86
66,271,394
66,275,381
67,3,487
67,5,386
67,8,533
67,11,573
67,19,300
67,21,493
67,24,566
67,33,553
67,35,52
67,38,44
67,40,473
67,43,174
67,46,110
67,48,569
67,53,349
67,54,178
67,56,531
67,64,290
67,66,183
67,68,188
67,69,53
67,72,189
67,84,205
67,85,312
67,86,152
67,89,523
67,95,299
67,97,132
67,103,502
67,105,522
67,109,189
67,116,481
67,129,537
67,136,284
67,139,305
67,141,376
67,144,299
67,145,338
67,146,180
67,149,586
67,153,9
67,177,280
67,179,153
67,182,410
67,186,136
67,198,379
67,208,63
67,215,129
67,217,570
67,221,541
67,223,453
67,224,336
67,228,284
67,247,298
67,249,468
67,251,361
67,254,99
67,269,171
67,270,35
67,283,93
67,288,376
68,11,321
68,15,51
68,17,173
68,28,48
68,30,451
68,32,192
68,33,586
68,35,119
68,39,558
68,41,187
68,43,420
68,44,225
68,50,580
68,51,93
68,52,81
68,54,283
68,56,312
68,57,348
68,59,63
68,65,489
68,67,188
68,69,228
68,70,92
68,71,248
68,75,89
68,76,392
68,78,384
68,80,390
68,81,247
68,86,115
68,110,227
68,122,47
68,127,30
68,133,356
68,135,571
68,142,527
68,154,548
68,159,372
68,164,36
68,165,113
68,170,499
68,171,340
68,188,194
68,194,326
68,227,113
68,231,521
68,233,285
68,236,433
68,300,199
69,2,52
69,7,280
69,12,84
69,14,236
69,18,444
69,23,555
69,27,551
69,30,434
69,31,129
69,32,180
69,34,398
69,39,19
69,44,179
69,57,496
69,66,239
69,67,53
69,68,228
69,70,332
69,81,168
69,87,371
69,106,253
69,111,520
