source,target,weight
1,2,204
1,3,435
1,4,205
1,5,112
1,6,14
1,7,25
1,8,160
1,9,130
1,10,266
1,12,320
1,13,431
1,14,70
1,15,125
1,17,474
1,19,94
1,21,187
1,22,358
1,25,85
1,26,126
1,33,187
1,34,492
1,38,464
1,42,489
1,44,8
1,51,91
1,67,355
1,83,353
1,86,13
1,94,172
1,104,383
1,112,335
1,132,168
1,134,142
1,140,560
1,148,365
1,150,263
1,151,461
1,152,56
1,222,501
1,229,91
1,285,523
2,1,204
2,3,66
2,4,58
2,5,536
2,7,353
2,8,314
2,9,83
2,10,17
2,11,563
2,12,35
2,14,302
2,15,442
2,20,377
2,23,558
2,25,186
2,27,251
2,28,61
2,29,280
2,30,218
2,33,311
2,44,205
2,46,4
2,51,438
2,60,201
2,61,87
2,67,147
2,71,133
2,82,181
2,89,560
2,113,20
2,121,13
2,124,460
2,130,57
2,132,375
2,139,35
2,151,393
2,170,448
2,178,481
2,199,126
2,219,282
2,255,265
2,285,255
2,292,516
3,1,435
3,2,66
3,6,95
3,7,370
3,8,585
3,11,463
3,12,94
3,13,366
3,14,266
3,16,259
3,19,259
3,21,451
3,23,115
3,25,56
3,26,350
3,27,469
3,28,354
3,32,197
3,39,71
3,40,584
3,51,28
3,60,233
3,69,93
3,71,236
3,82,181
3,98,461
3,108,45
3,115,350
3,121,4
3,123,332
3,125,81
3,131,393
3,134,447
3,146,69
3,153,489
3,161,471
3,188,245
3,209,183
3,210,2
3,211,13
3,214,290
3,236,443
3,278,86
4,1,205
4,2,58
4,5,35
4,6,59
4,7,485
4,8,190
4,9,246
4,10,411
4,11,311
4,12,388
4,13,9
4,16,441
4,17,261
4,19,170
4,20,537
4,21,587
4,22,355
4,26,359
4,27,126
4,30,169
4,35,154
4,36,100
4,38,17
4,40,350
4,47,265
4,56,313
4,57,260
4,71,398
4,72,207
4,73,500
4,78,260
4,86,79
4,96,53
4,98,190
4,99,249
4,106,177
4,113,548
4,128,228
4,129,195
4,135,29
4,169,293
4,191,576
4,201,34
4,221,150
4,253,240
4,265,258
5,1,112
5,2,536
5,4,35
5,15,446
5,20,558
5,21,481
5,24,300
5,26,77
5,27,453
5,31,266
5,32,589
5,36,425
5,39,216
5,46,598
5,55,561
5,62,400
5,64,596
5,69,23
5,72,56
5,74,524
5,75,95
5,84,562
5,106,220
5,112,99
5,113,420
5,122,484
5,131,218
5,133,445
5,145,151
5,149,546
5,239,593
6,1,14
6,3,95
6,4,59
6,12,521
6,15,586
6,16,473
6,17,535
6,22,148
6,24,281
6,25,241
6,27,58
6,28,475
6,30,297
6,31,434
6,32,13
6,33,594
6,37,594
6,45,356
6,46,452
6,56,455
6,62,97
6,70,498
6,84,193
6,89,72
6,94,33
6,179,16
6,184,456
6,195,267
6,199,168
6,202,313
6,211,519
6,212,600
6,231,361
6,243,67
6,268,426
7,1,25
7,2,353
7,3,370
7,4,485
7,9,414
7,10,373
7,12,203
7,13,447
7,15,448
7,17,288
7,19,215
7,20,201
7,26,400
7,34,145
7,42,257
7,43,52
7,45,531
7,53,479
7,57,494
7,59,426
7,61,178
7,87,475
7,105,68
7,108,194
7,116,64
7,121,325
7,124,436
7,146,355
7,158,483
7,172,399
7,173,371
7,189,437
7,203,559
7,236,575
7,243,560
7,246,556
7,281,582
8,1,160
8,2,314
8,3,585
8,4,190
8,9,374
8,10,268
8,13,248
8,14,74
8,17,324
8,18,120
8,20,323
8,22,476
8,24,360
8,31,496
8,37,108
8,39,212
8,45,551
8,54,215
8,56,130
8,65,203
8,80,99
8,83,479
8,92,527
8,123,208
8,125,461
8,144,259
8,145,68
8,154,499
8,181,522
8,185,135
8,186,201
8,196,549
8,255,327
8,256,331
8,259,464
9,1,130
9,2,83
9,4,246
9,7,414
9,8,374
9,10,79
9,12,36
9,13,85
9,14,219
9,15,420
9,18,346
9,28,132
9,30,248
9,32,35
9,33,36
9,35,168
9,37,539
9,40,57
9,41,262
9,42,338
9,51,105
9,54,72
9,65,394
9,85,159
9,93,419
9,100,444
9,119,232
9,132,122
9,154,70
9,174,36
9,181,38
9,235,351
9,257,31
9,263,538
9,287,333
9,300,155
10,1,266
10,2,17
10,4,411
10,7,373
10,8,268
10,9,79
10,11,355
10,12,238
10,13,289
10,14,271
10,16,148
10,17,89
10,20,388
10,22,414
10,23,348
10,25,577
10,30,533
10,31,175
10,36,278
10,38,567
10,40,558
10,43,503
10,62,1
10,64,187
10,65,160
10,70,246
10,71,306
10,80,201
10,91,594
10,99,43
10,100,27
10,122,319
10,132,334
10,137,236
10,223,346
10,231,595
10,240,1
11,2,563
11,3,463
11,4,311
11,10,355
11,14,59
11,15,294
11,16,65
11,17,35
11,18,332
11,19,8
11,20,549
11,30,193
11,35,294
11,36,167
11,37,88
11,42,333
11,43,352
11,55,6
11,56,149
11,58,490
11,61,268
11,65,181
11,66,118
11,73,233
11,75,249
11,79,84
11,89,498
11,95,453
11,97,401
11,102,63
11,103,68
11,108,572
11,115,430
11,117,183
11,123,341
11,128,25
11,137,133
11,147,128
11,179,297
11,221,222
11,265,345
12,1,320
12,2,35
12,3,94
12,4,388
12,6,521
12,7,203
12,9,36
12,10,238
12,13,159
12,14,462
12,17,279
12,18,523
12,21,276
12,27,252
12,28,470
12,33,23
12,34,545
12,44,272
12,47,267
12,48,491
12,73,521
12,77,422
12,89,55
12,104,388
12,110,486
12,127,34
12,142,177
12,169,239
12,179,90
12,190,485
12,194,441
12,208,53
12,238,291
12,274,153
13,1,431
13,3,366
13,4,9
13,7,447
13,8,248
13,9,85
13,10,289
13,12,159
13,14,328
13,17,39
13,24,400
13,25,316
13,41,341
13,44,97
13,51,438
13,58,593
13,59,585
13,60,307
13,67,467
13,69,470
13,79,6
13,96,493
13,100,232
13,101,14
13,103,484
13,106,593
13,114,282
13,122,156
13,129,63
13,133,369
13,165,533
13,170,490
13,171,600
13,186,556
13,220,161
13,252,365
13,263,283
13,280,127
14,1,70
14,2,302
14,3,266
14,8,74
14,9,219
14,10,271
14,11,59
14,12,462
14,13,328
14,15,260
14,16,139
14,19,125
14,23,405
14,24,436
14,28,184
14,31,61
14,34,228
14,48,385
14,56,264
14,58,405
14,59,206
14,66,101
14,78,292
14,104,574
14,115,566
14,124,62
14,142,588
14,148,389
14,155,136
14,164,255
14,166,379
14,170,558
14,179,244
14,191,96
14,217,432
14,229,181
14,249,274
14,287,367
15,1,125
15,2,442
15,5,446
15,6,586
15,7,448
15,9,420
15,11,294
15,14,260
15,16,324
15,19,389
15,21,584
15,27,552
15,32,528
15,39,28
15,45,147
15,46,416
15,51,110
15,52,239
15,54,568
15,59,377
15,76,335
15,85,162
15,86,292
15,90,155
15,91,217
15,92,167
15,98,295
15,107,498
15,125,9
15,127,315
15,138,207
15,143,389
15,147,152
15,149,446
15,153,493
15,169,370
15,176,319
15,177,7
15,186,527
15,218,70
15,253,263
15,262,491
15,272,389
16,3,259
16,4,441
16,6,473
16,10,148
16,11,65
16,14,139
16,15,324
16,17,519
16,18,82
16,19,29
16,20,298
16,22,93
16,23,482
16,25,411
16,28,472
16,29,88
16,41,485
16,42,388
16,43,406
16,45,251
16,47,274
16,57,295
16,62,547
16,74,584
16,75,223
16,82,166
16,88,46
16,101,182
16,115,91
16,201,292
16,215,22
16,262,465
16,273,96
16,296,242
17,1,474
17,4,261
17,6,535
17,7,288
17,8,324
17,10,89
17,11,35
17,12,279
17,13,39
17,16,519
17,20,309
17,21,449
17,22,310
17,41,277
17,48,171
17,49,247
17,50,340
17,54,565
17,65,531
17,66,408
17,88,236
17,89,538
17,117,461
17,119,184
17,138,574
17,144,354
17,145,341
17,149,236
17,170,231
17,193,42
17,239,30
17,240,340
17,262,120
17,280,23
18,8,120
18,9,346
18,11,332
18,12,523
18,16,82
18,20,154
18,25,187
18,28,90
18,29,461
18,32,505
18,36,560
18,50,23
18,58,470
18,76,305
18,81,565
18,83,529
18,109,225
18,113,241
18,127,547
18,145,213
18,200,344
18,203,317
18,204,240
18,215,282
18,218,493
18,225,401
18,228,357
18,256,593
19,1,94
19,3,259
19,4,170
19,7,215
19,11,8
19,14,125
19,15,389
19,16,29
19,22,17
19,36,411
19,38,340
19,40,41
19,43,338
19,44,91
19,64,480
19,82,298
19,83,391
19,91,402
19,93,32
19,119,82
19,155,214
19,160,555
19,198,198
19,240,97
19,241,106
19,249,533
19,287,364
19,290,344
20,2,377
20,4,537
20,5,558
20,7,201
20,8,323
20,10,388
20,11,549
20,16,298
20,17,309
20,18,154
20,22,58
20,23,565
20,31,336
20,32,220
20,33,367
20,42,386
20,46,147
20,48,297
20,53,197
20,55,584
20,62,481
20,76,277
20,81,336
20,90,384
20,92,426
20,104,124
20,128,545
20,130,454
20,140,318
20,167,136
20,187,417
20,218,100
20,256,274
20,274,569
20,275,516
21,1,187
21,3,451
21,4,587
21,5,481
21,12,276
21,15,584
21,17,449
21,23,197
21,25,84
21,29,47
21,35,555
21,37,175
21,40,531
21,43,62
21,44,19
21,45,452
21,46,138
21,47,101
21,50,263
21,52,554
21,57,100
21,61,493
21,62,137
21,77,246
21,85,419
21,86,499
21,103,497
21,124,587
21,127,2
21,160,200
21,166,259
21,171,571
21,196,516
21,202,502
21,204,482
21,206,88
21,256,49
21,278,56
21,287,370
22,1,358
22,4,355
22,6,148
22,8,476
22,10,414
22,16,93
22,17,310
22,19,17
22,20,58
22,23,443
22,26,136
22,27,478
22,31,425
22,37,131
22,43,312
22,48,508
22,57,353
22,60,205
22,71,501
22,75,409
22,76,33
22,79,482
22,80,139
22,87,335
22,88,67
22,95,142
22,111,203
22,124,93
22,136,217
22,144,175
22,149,197
22,158,250
22,163,467
22,181,393
22,187,537
22,207,124
22,211,266
22,217,2
22,232,595
22,278,164
22,293,393
23,2,558
23,3,115
23,10,348
23,14,405
23,16,482
23,20,565
23,21,197
23,22,443
23,24,573
23,26,406
23,29,45
23,34,253
23,39,481
23,46,290
23,47,321
23,49,278
23,76,281
23,87,360
23,93,473
23,102,196
23,176,444
23,184,296
23,191,409
23,220,280
23,223,121
24,5,300
24,6,281
24,8,360
24,13,400
24,14,436
24,23,573
24,29,589
24,30,6
24,31,244
24,32,408
24,34,136
24,37,332
24,38,317
24,42,61
24,43,552
24,45,425
24,47,533
24,49,533
24,50,113
24,63,586
24,66,477
24,70,266
24,77,153
24,78,148
24,80,94
24,86,522
24,91,509
24,92,77
24,94,436
24,107,153
24,116,241
24,219,147
24,227,458
24,229,198
24,247,220
24,253,305
25,1,85
25,2,186
25,3,56
25,6,241
25,10,577
25,13,316
25,16,411
25,18,187
25,21,84
25,28,246
25,33,369
25,39,230
25,41,55
25,50,346
25,63,254
25,64,295
25,65,425
25,66,419
25,74,170
25,76,223
25,79,246
25,124,185
25,138,476
25,152,193
25,154,66
25,173,590
25,197,104
25,204,245
25,233,358
25,296,537
26,1,126
26,3,350
26,4,359
26,5,77
26,7,400
26,22,136
26,23,406
26,30,336
26,34,9
26,38,329
26,40,386
26,43,337
26,44,546
26,48,108
26,49,434
26,53,347
26,55,431
26,58,431
26,72,518
26,73,318
26,77,77
26,82,328
26,86,414
26,91,270
26,96,558
26,115,339
26,118,341
26,130,375
26,132,358
26,149,89
26,168,390
26,171,485
26,203,213
26,215,394
26,217,417
27,2,251
27,3,469
27,4,126
27,5,453
27,6,58
27,12,252
27,15,552
27,22,478
27,29,456
27,33,159
27,34,126
27,35,306
27,37,168
27,38,452
27,41,584
27,46,550
27,52,152
27,53,112
27,59,276
27,70,496
27,81,556
27,91,484
27,95,218
27,111,487
27,122,569
27,123,432
27,128,538
27,142,445
27,164,526
27,169,60
27,191,335
27,214,198
27,219,230
27,223,560
27,248,30
27,266,372
27,276,148
27,286,105
28,2,61
28,3,354
28,6,475
28,9,132
28,12,470
28,14,184
28,16,472
28,18,90
28,25,246
28,34,579
28,36,575
28,38,25
28,40,289
28,41,417
28,49,360
28,54,349
28,58,553
28,63,547
28,74,75
28,78,43
28,97,503
28,105,577
28,108,383
28,109,40
28,118,488
28,126,409
28,143,559
28,147,457
28,168,44
28,173,35
28,181,279
28,210,427
28,224,505
28,258,102
28,270,44
28,273,236
29,2,280
29,16,88
29,18,461
29,21,47
29,23,45
29,24,589
29,27,456
29,31,115
29,33,242
29,35,241
29,36,326
29,39,176
29,45,362
29,49,199
29,53,376
29,57,95
29,58,71
29,64,263
29,68,412
29,73,547
29,74,347
29,96,573
29,97,130
29,121,214
29,133,102
29,149,382
29,164,411
29,165,157
29,180,164
29,228,91
29,262,354
29,298,356
30,2,218
30,4,169
30,6,297
30,9,248
30,10,533
30,11,193
30,24,6
30,26,336
30,35,515
30,50,425
30,51,51
30,52,366
30,83,236
30,84,216
30,104,398
30,106,93
30,119,442
30,134,50
30,147,534
30,167,209
30,178,188
30,211,130
30,228,552
30,242,454
30,248,333
30,281,177
30,289,234
30,291,576
31,5,266
31,6,434
31,8,496
31,10,175
31,14,61
31,20,336
31,22,425
31,24,244
31,29,115
31,35,72
31,53,142
31,54,575
31,55,553
31,62,493
31,76,312
31,77,289
31,79,139
31,135,128
31,145,377
31,150,334
31,173,266
31,177,49
31,188,514
31,190,113
31,195,532
31,228,203
31,249,199
31,260,290
31,266,473
31,298,93
32,3,197
32,5,589
32,6,13
32,9,35
32,15,528
32,18,505
32,20,220
32,24,408
32,34,321
32,53,577
32,57,40
32,58,71
32,63,334
32,85,433
32,90,3
32,105,121
32,110,487
32,115,394
32,118,134
32,131,557
32,137,36
32,182,183
32,192,463
32,204,311
32,209,550
32,246,89
32,288,447
33,1,187
33,2,311
33,6,594
33,9,36
33,12,23
33,20,367
33,25,369
33,27,159
33,29,242
33,35,31
33,36,147
33,39,189
33,42,274
33,43,294
33,44,196
33,50,127
33,52,589
33,54,85
33,69,341
33,70,291
33,81,468
33,89,124
33,133,346
33,148,60
33,173,376
33,217,180
33,249,275
33,292,144
34,1,492
34,7,145
34,12,545
34,14,228
34,23,253
34,24,136
34,26,9
34,27,126
34,28,579
34,32,321
34,38,81
34,39,307
34,45,302
34,55,242
34,57,509
34,66,161
34,71,571
34,106,243
34,112,50
34,113,554
34,124,549
34,132,8
34,136,322
34,212,91
34,213,126
34,219,182
34,256,191
35,4,154
35,9,168
35,11,294
35,21,555
35,27,306
35,29,241
35,30,515
35,31,72
35,33,31
35,37,147
35,41,47
35,42,473
35,47,508
35,48,267
35,49,10
35,50,325
35,56,178
35,57,559
35,58,299
35,66,111
35,77,600
35,84,484
35,87,288
35,93,160
35,94,304
35,97,565
35,100,209
35,104,108
35,119,478
35,146,515
35,147,557
35,157,474
35,162,159
35,175,580
35,179,468
35,187,571
35,199,587
35,211,493
35,227,586
35,236,588
36,4,100
36,5,425
36,10,278
36,11,167
36,18,560
36,19,411
36,28,575
36,29,326
36,33,147
36,38,201
36,44,239
36,50,528
36,51,246
36,54,569
36,55,326
36,56,355
36,73,72
36,94,300
36,135,289
36,151,190
36,163,52
36,166,546
36,189,321
36,210,34
36,215,339
36,224,260
36,230,554
36,236,303
36,252,74
36,268,89
36,280,24
36,300,14
37,6,594
37,8,108
37,9,539
37,11,88
37,21,175
37,22,131
37,24,332
37,27,168
37,35,147
37,39,129
37,41,396
37,45,164
37,46,110
37,47,58
37,48,151
37,49,304
37,61,400
37,67,77
37,69,472
37,71,253
37,73,326
37,83,76
37,108,495
37,111,267
37,118,50
37,123,37
37,127,357
37,130,121
37,157,122
37,165,284
37,167,144
37,183,3
37,245,344
37,282,231
37,291,593
38,1,464
38,4,17
38,10,567
38,19,340
38,24,317
38,26,329
38,27,452
38,28,25
38,34,81
38,36,201
38,40,288
38,52,236
38,54,203
38,55,72
38,60,572
38,68,538
38,70,493
38,75,247
38,83,559
38,111,211
38,112,70
38,115,157
38,132,57
38,133,361
38,138,356
38,142,173
38,148,474
38,151,111
38,162,306
38,165,263
38,172,521
38,193,543
38,204,317
38,214,220
38,231,313
38,236,145
38,266,50
39,3,71
39,5,216
39,8,212
39,15,28
39,23,481
39,25,230
39,29,176
39,33,189
39,34,307
39,37,129
39,40,238
39,42,97
39,47,534
39,51,539
39,73,123
39,77,108
39,92,191
39,173,227
39,180,145
39,192,223
39,205,376
39,208,264
39,211,112
39,216,579
39,249,81
39,281,528
39,294,86
39,299,156
39,300,463
40,3,584
40,4,350
40,9,57
40,10,558
40,19,41
40,21,531
40,26,386
40,28,289
40,38,288
40,39,238
40,41,421
40,47,498
40,50,333
40,52,298
40,64,297
40,67,478
40,76,540
40,80,405
40,86,138
40,121,274
40,135,74
40,159,441
40,168,50
40,176,218
40,180,324
40,185,474
40,202,337
40,291,247
41,9,262
41,13,341
41,16,485
41,17,277
41,25,55
41,27,584
41,28,417
41,35,47
41,37,396
41,40,421
41,45,351
41,48,288
41,50,354
41,52,534
41,62,92
41,71,132
41,74,536
41,84,229
41,90,115
41,95,506
41,108,443
41,123,574
41,135,121
41,139,175
41,141,111
41,149,584
41,175,536
41,200,56
41,223,420
41,258,240
41,280,341
41,286,327
42,1,489
42,7,257
42,9,338
42,11,333
42,16,388
42,20,386
42,24,61
42,33,274
42,35,473
42,39,97
42,44,406
42,49,595
42,55,222
42,61,400
42,62,47
42,63,198
42,66,415
42,72,269
42,92,373
42,101,204
42,128,63
42,136,154
42,160,282
42,164,580
42,166,272
42,176,355
42,208,127
42,237,439
42,250,12
42,254,328
42,255,357
43,7,52
43,10,503
43,11,352
43,16,406
43,19,338
43,21,62
43,22,312
43,24,552
43,26,337
43,33,294
43,65,575
43,68,253
43,78,270
43,83,374
43,87,408
43,92,488
43,106,40
43,109,52
43,118,123
43,128,73
43,131,506
43,139,79
43,191,234
43,254,313
44,1,8
44,2,205
44,12,272
44,13,97
44,19,91
44,21,19
44,26,546
44,33,196
44,36,239
44,42,406
44,56,393
44,59,438
44,60,153
44,61,21
44,65,208
44,66,187
44,69,460
44,80,59
44,81,60
44,83,201
44,89,506
44,90,7
44,120,191
44,134,309
44,139,42
44,146,391
44,174,545
44,187,555
44,203,419
44,207,78
44,227,299
44,236,349
45,6,356
45,7,531
45,8,551
45,15,147
45,16,251
45,21,452
45,24,425
45,29,362
45,34,302
45,37,164
45,41,351
45,51,401
45,53,582
45,60,63
45,64,107
45,65,551
45,69,221
45,73,280
45,74,487
45,81,30
45,86,217
45,88,342
45,94,341
45,98,419
45,99,430
45,106,461
45,117,535
45,125,173
45,137,85
45,174,151
45,198,487
45,241,380
45,252,403
45,257,598
45,262,566
46,2,4
46,5,598
46,6,452
46,15,416
46,20,147
46,21,138
46,23,290
46,27,550
46,37,110
46,49,579
46,53,46
46,55,159
46,59,119
46,73,558
46,75,104
46,87,10
46,93,509
46,108,53
46,112,84
46,114,396
46,126,327
46,128,22
46,137,268
46,141,313
46,144,362
46,145,60
46,149,249
46,156,405
46,157,376
46,159,426
46,184,512
46,227,563
46,270,153
46,280,118
46,297,6
47,4,265
47,12,267
47,16,274
47,21,101
47,23,321
47,24,533
47,35,508
47,37,58
47,39,534
47,40,498
47,56,501
47,57,257
47,61,370
47,67,461
47,69,208
47,94,426
47,96,577
47,99,506
47,127,600
47,147,31
47,180,266
47,186,508
47,222,564
47,232,53
47,236,177
47,249,478
47,263,598
47,268,229
48,12,491
48,14,385
48,17,171
48,20,297
48,22,508
48,26,108
48,35,267
48,37,151
48,41,288
48,53,555
48,60,137
48,63,349
48,67,234
48,68,168
48,79,176
48,87,241
48,89,309
48,95,403
48,102,497
48,103,534
48,108,148
48,131,490
48,155,534
48,160,4
48,163,110
48,164,249
48,174,233
48,194,367
48,195,379
48,226,3
49,17,247
49,23,278
49,24,533
49,26,434
49,28,360
49,29,199
49,35,10
49,37,304
49,42,595
49,46,579
49,52,71
49,54,3
49,57,72
49,65,58
49,70,239
49,72,597
49,73,165
49,84,58
49,86,478
49,105,303
49,107,84
49,114,383
49,122,155
49,140,436
49,143,226
49,144,28
49,150,502
49,158,159
49,172,348
49,201,542
49,205,438
49,212,132
49,242,107
49,245,469
49,247,357
49,274,431
49,283,530
50,17,340
50,18,23
50,21,263
50,24,113
50,25,346
50,30,425
50,33,127
50,35,325
50,36,528
50,40,333
50,41,354
50,71,576
50,72,155
50,78,378
50,96,388
50,97,275
50,104,527
50,117,135
50,129,413
50,135,505
50,152,168
50,166,481
50,167,260
50,178,78
50,254,169
50,279,194
50,284,58
50,298,9
51,1,91
51,2,438
51,3,28
51,9,105
51,13,438
51,15,110
51,30,51
51,36,246
51,39,539
51,45,401
51,52,42
51,54,148
51,56,584
51,58,570
51,60,145
51,68,380
51,75,94
51,79,477
51,84,11
51,134,49
51,142,511
51,150,271
51,153,463
51,155,538
51,174,583
51,181,473
51,188,548
51,209,36
51,231,427
51,246,353
51,271,273
51,281,327
52,15,239
52,21,554
52,27,152
52,30,366
52,33,589
52,38,236
52,40,298
52,41,534
52,49,71
52,51,42
52,56,377
52,78,539
52,80,18
52,97,524
52,103,132
52,110,509
52,112,293
52,120,17
52,151,363
52,168,193
52,172,505
52,177,296
52,190,59
52,192,12
52,199,86
52,206,62
52,237,270
52,238,445
53,7,479
53,20,197
53,26,347
53,27,112
53,29,376
53,31,142
53,32,577
53,45,582
53,46,46
53,48,555
53,61,376
53,64,549
53,67,520
53,82,451
53,85,176
53,90,400
53,95,393
53,119,348
53,160,70
53,166,281
53,230,555
53,237,454
53,252,527
53,258,563
53,272,595
53,289,420
54,8,215
54,9,72
54,15,568
54,17,565
54,28,349
54,31,575
54,33,85
54,36,569
54,38,203
54,49,3
54,51,148
54,55,63
54,59,203
54,60,542
54,63,130
54,68,216
54,70,396
54,72,124
54,77,88
54,84,173
54,88,196
54,95,127
54,100,153
54,106,381
54,111,42
54,112,218
54,139,261
54,143,215
54,159,483
54,188,88
54,194,518
54,196,399
54,218,273
54,222,298
54,234,341
54,257,215
54,294,225
54,295,341
55,5,561
55,11,6
55,20,584
55,26,431
55,31,553
55,34,242
55,36,326
55,38,72
55,42,222
55,46,159
55,54,63
55,72,167
55,99,274
55,100,516
55,105,261
55,112,131
55,114,443
55,133,331
55,138,306
55,159,51
55,171,181
55,179,427
55,184,76
55,194,484
55,200,199
55,204,274
55,209,28
55,253,30
55,269,331
55,278,585
56,4,313
56,6,455
56,8,130
56,11,149
56,14,264
56,35,178
56,36,355
56,44,393
56,47,501
56,51,584
56,52,377
56,62,35
56,68,7
56,70,176
56,81,406
56,88,4
56,95,558
56,109,109
56,130,274
56,150,585
56,162,76
56,167,84
56,220,276
56,235,541
56,245,388
56,285,303
57,4,260
57,7,494
57,16,295
57,21,100
57,22,353
57,29,95
57,32,40
57,34,509
57,35,559
57,47,257
57,49,72
57,58,165
57,67,432
57,71,303
57,82,486
57,110,427
57,112,373
57,125,412
57,139,505
57,147,567
57,148,56
57,161,594
57,163,549
57,210,385
57,226,196
57,264,329
58,11,490
58,13,593
58,14,405
58,18,470
58,26,431
58,28,553
58,29,71
58,32,71
58,35,299
58,51,570
58,57,165
58,62,390
58,64,431
58,68,102
58,84,483
58,95,558
58,139,578
58,140,266
58,197,272
58,214,293
58,215,287
58,225,399
58,278,4
58,290,409
59,7,426
59,13,585
59,14,206
59,15,377
59,27,276
59,44,438
59,46,119
59,54,203
59,69,50
59,83,490
59,87,524
59,88,593
59,109,79
59,110,227
59,114,39
59,117,378
59,118,340
59,120,273
59,121,388
59,149,142
59,152,473
59,154,463
59,162,423
59,184,242
59,260,502
59,266,101
59,271,15
59,290,296
59,293,332
59,299,312
60,2,201
60,3,233
60,13,307
60,22,205
60,38,572
60,44,153
60,45,63
60,48,137
60,51,145
60,54,542
60,72,154
60,78,87
60,80,171
60,93,369
60,97,426
60,104,572
60,113,496
60,119,406
60,122,218
60,139,160
60,154,330
60,241,195
60,275,578
60,289,575
61,2,87
61,7,178
61,11,268
61,21,493
61,37,400
61,42,400
61,44,21
61,47,370
61,53,376
61,63,217
61,70,393
61,98,354
61,100,272
61,105,121
61,126,241
61,158,287
61,162,394
61,189,178
61,194,516
61,198,166
61,215,436
61,229,71
61,245,275
62,5,400
62,6,97
62,10,1
62,16,547
62,20,481
62,21,137
62,31,493
62,41,92
62,42,47
62,56,35
62,58,390
62,70,586
62,80,298
62,89,73
62,170,80
62,192,422
62,193,256
62,209,250
62,211,202
62,212,571
62,265,65
62,275,569
62,288,465
62,293,98
63,24,586
63,25,254
63,28,547
63,32,334
63,42,198
63,48,349
63,54,130
63,61,217
63,67,106
63,72,139
63,77,85
63,82,324
63,83,516
63,85,221
63,86,561
63,88,310
63,91,491
63,95,555
63,99,288
63,129,281
63,140,438
63,148,593
63,153,127
63,251,167
63,254,500
64,5,596
64,10,187
64,19,480
64,25,295
64,29,263
64,40,297
64,45,107
64,53,549
64,58,431
64,68,331
64,72,571
64,74,247
64,80,473
64,81,228
64,92,281
64,107,557
64,126,380
64,162,83
64,180,357
64,197,556
64,199,205
64,213,267
64,260,211
64,274,291
65,8,203
65,9,394
65,10,160
65,11,181
65,17,531
65,25,425
65,43,575
65,44,208
65,45,551
65,49,58
65,67,31
65,75,171
65,81,326
65,85,107
65,92,482
65,99,208
65,109,330
65,118,533
65,128,245
65,131,313
65,157,504
65,160,566
65,161,452
65,172,312
65,190,62
65,215,126
65,219,582
65,266,585
65,280,233
66,11,118
66,14,101
66,17,408
66,24,477
66,25,419
66,34,161
66,35,111
66,42,415
66,44,187
66,68,308
66,74,495
66,77,225
66,91,503
66,94,100
66,115,294
66,126,187
66,136,577
66,158,395
66,177,423
66,179,87
66,186,61
66,192,370
66,199,382
66,206,209
66,209,350
66,241,208
66,259,312
66,265,129
66,276,226
67,1,355
67,2,147
67,13,467
67,37,77
67,40,478
67,47,461
67,48,234
67,53,520
67,57,432
67,63,106
67,65,31
67,103,219
67,116,462
67,120,377
67,121,107
67,124,554
67,162,394
67,168,380
67,183,139
67,217,515
67,277,111
67,300,561
68,29,412
68,38,538
68,43,253
68,48,168
68,51,380
68,54,216
68,56,7
68,58,102
68,64,331
68,66,308
68,76,73
68,85,160
68,87,58
68,88,566
68,94,84
68,97,427
68,101,539
68,105,354
68,128,446
68,129,494
68,132,600
68,134,237
68,161,522
68,184,67
68,185,211
68,231,444
68,239,288
68,243,464
68,249,293
68,250,497
68,284,298
69,3,93
69,5,23
69,13,470
69,33,341
69,37,472
69,44,460
69,45,221
69,47,208
69,59,50
69,82,103
69,84,552
69,107,360
69,114,362
69,145,329
69,220,275
69,259,397
69,265,212
69,274,446
69,294,110
70,6,498
70,10,246
70,24,266
70,27,496
70,33,291
70,38,493
70,49,239
70,54,396
70,56,176
70,61,393
70,62,586
70,74,467
70,78,91
70,85,412
70,91,336
70,106,183
70,110,392
70,120,475
70,150,600
70,153,228
70,187,117
70,213,9
70,238,586
70,243,283
70,262,185
70,285,276
71,2,133
71,3,236
71,4,398
71,10,306
71,22,501
71,34,571
71,37,253
71,41,132
71,50,576
71,57,303
71,75,495
71,76,43
71,78,430
71,79,391
71,120,110
71,135,467
71,140,479
71,144,341
71,207,26
71,217,543
71,241,296
71,296,215
72,4,207
72,5,56
72,26,518
72,42,269
72,49,597
72,50,155
72,54,124
72,55,167
72,60,154
72,63,139
72,64,571
72,107,486
72,110,571
72,118,599
72,144,71
72,157,24
72,194,146
72,212,199
72,238,175
72,257,32
72,267,429
72,288,470
72,297,147
73,4,500
73,11,233
73,12,521
73,26,318
73,29,547
73,36,72
73,37,326
73,39,123
73,45,280
73,46,558
73,49,165
73,75,49
73,79,98
73,97,216
73,98,521
73,102,207
73,137,48
73,139,502
73,142,459
73,152,232
73,196,257
73,210,296
73,214,330
73,272,431
74,5,524
74,16,584
74,25,170
74,28,75
74,29,347
74,41,536
74,45,487
74,64,247
74,66,495
74,70,467
74,81,35
74,89,33
74,96,285
74,101,288
74,105,495
74,108,48
74,116,32
74,119,316
74,153,148
74,157,588
74,178,111
74,183,212
74,196,160
74,229,275
74,234,253
74,266,575
74,289,47
75,5,95
75,11,249
75,16,223
75,22,409
75,38,247
75,46,104
75,51,94
75,65,171
75,71,495
75,73,49
75,77,6
75,88,442
75,90,470
75,95,363
75,98,50
75,101,22
75,102,387
75,122,246
75,141,200
75,158,369
75,160,35
75,165,540
75,167,367
75,193,465
75,270,371
75,286,316
76,15,335
76,18,305
76,20,277
76,22,33
76,23,281
76,25,223
76,31,312
76,40,540
76,68,73
76,71,43
76,80,591
76,93,240
76,97,124
76,101,488
76,113,108
76,144,597
76,201,247
76,211,506
76,227,373
76,244,19
76,252,126
76,253,583
76,275,337
76,291,328
77,12,422
77,21,246
77,24,153
77,26,77
77,31,289
77,35,600
77,39,108
77,54,88
77,63,85
77,66,225
77,75,6
77,79,269
77,81,534
77,109,127
77,116,266
77,121,428
77,123,345
77,128,495
77,174,499
77,237,527
77,300,464
78,4,260
78,14,292
78,24,148
78,28,43
78,43,270
78,50,378
78,52,539
78,60,87
78,70,91
78,71,430
78,96,292
78,99,28
78,100,416
78,113,476
78,156,45
78,171,405
78,191,106
78,233,167
78,283,357
78,300,116
79,11,84
79,13,6
79,22,482
79,25,246
79,31,139
79,48,176
79,51,477
79,71,391
79,73,98
79,77,269
79,85,559
79,94,155
79,129,158
79,138,135
79,188,148
79,200,269
79,212,3
79,218,492
79,221,125
79,229,396
79,244,332
79,250,152
79,274,135
79,290,173
80,8,99
80,10,201
80,22,139
80,24,94
80,40,405
80,44,59
80,52,18
80,60,171
80,62,298
80,64,473
80,76,591
80,87,211
80,89,352
80,93,55
80,96,435
80,99,507
80,102,588
80,116,242
80,125,533
80,137,73
80,148,117
80,150,580
80,154,362
80,179,583
80,183,520
80,241,485
80,244,224
81,18,565
81,20,336
81,27,556
81,33,468
81,44,60
81,45,30
81,56,406
81,64,228
81,65,326
81,74,35
81,77,534
81,82,326
81,92,383
81,100,585
81,101,111
81,102,94
81,112,94
81,136,471
81,141,475
81,216,87
81,223,189
81,232,247
81,275,65
81,276,418
82,2,181
82,3,181
82,16,166
82,19,298
82,26,328
82,53,451
82,57,486
82,63,324
82,69,103
82,81,326
82,90,215
82,101,211
82,129,289
82,138,231
82,149,434
82,185,288
82,187,344
82,188,228
82,193,302
82,215,338
82,255,426
82,286,433
82,296,343
83,1,353
83,8,479
83,18,529
83,19,391
83,30,236
83,37,76
83,38,559
83,43,374
83,44,201
83,59,490
83,63,516
83,84,346
83,110,292
83,125,195
83,184,469
83,189,392
83,195,508
83,205,68
83,207,120
83,225,455
83,230,550
83,234,491
83,253,106
83,258,16
83,267,33
83,268,132
83,293,523
84,5,562
84,6,193
84,30,216
84,35,484
84,41,229
84,49,58
84,51,11
84,54,173
84,58,483
84,69,552
84,83,346
84,90,160
84,109,282
84,115,560
84,122,145
84,131,425
84,156,170
84,159,437
84,167,194
84,182,201
84,188,589
84,206,335
84,225,55
84,226,347
84,233,445
84,271,581
84,292,359
85,9,159
85,15,162
85,21,419
85,32,433
85,53,176
85,63,221
85,65,107
85,68,160
85,70,412
85,79,559
85,91,295
85,93,508
85,96,136
85,103,21
85,105,201
85,111,190
85,113,183
85,132,275
85,147,169
85,156,488
85,160,69
85,182,563
85,199,521
85,202,383
85,206,278
85,208,39
85,216,389
85,258,145
85,262,117
85,284,495
86,1,13
86,4,79
86,15,292
86,21,499
86,24,522
86,26,414
86,40,138
86,45,217
86,49,478
86,63,561
86,87,129
86,92,41
86,96,311
86,103,285
86,104,252
86,116,178
86,121,144
86,129,333
86,153,410
86,178,555
86,195,136
86,201,154
86,202,563
86,209,230
86,216,490
86,246,564
86,279,176
87,7,475
87,22,335
87,23,360
87,35,288
87,43,408
87,46,10
87,48,241
87,59,524
87,68,58
87,80,211
87,86,129
87,88,497
87,127,518
87,130,175
87,136,486
87,143,196
87,166,404
87,175,67
87,205,102
87,262,501
87,269,57
87,284,105
87,295,47
88,16,46
88,17,236
88,22,67
88,45,342
88,54,196
88,56,4
88,59,593
88,63,310
88,68,566
88,75,442
88,87,497
88,107,150
88,109,153
88,123,319
88,174,128
88,228,358
88,251,413
88,269,302
89,2,560
89,6,72
89,11,498
89,12,55
89,17,538
89,33,124
89,44,506
89,48,309
89,62,73
89,74,33
89,80,352
89,98,253
89,102,440
89,106,309
89,111,46
89,133,47
89,146,451
89,155,271
89,179,130
89,182,253
89,183,79
89,186,504
89,194,237
89,235,450
90,15,155
90,20,384
90,32,3
90,41,115
90,44,7
90,53,400
90,75,470
90,82,215
90,84,160
90,105,457
90,128,234
90,144,327
90,146,280
90,195,330
90,202,285
90,212,304
90,226,589
90,229,20
90,233,467
90,234,524
90,284,550
91,10,594
91,15,217
91,19,402
91,24,509
91,26,270
91,27,484
91,63,491
91,66,503
91,70,336
91,85,295
91,100,415
91,104,23
91,105,286
91,115,45
91,122,548
91,144,102
91,148,230
91,222,13
91,258,599
91,288,310
92,8,527
92,15,167
92,20,426
92,24,77
92,39,191
92,42,373
92,43,488
92,64,281
92,65,482
92,81,383
92,86,41
92,98,182
92,99,184
92,110,89
92,117,315
92,136,557
92,151,138
92,161,268
92,186,468
92,197,50
92,204,168
92,214,292
92,223,306
92,234,67
92,240,119
92,249,546
92,281,562
92,283,542
92,295,597
92,300,236
93,9,419
93,19,32
93,23,473
93,35,160
93,46,509
93,60,369
93,76,240
93,80,55
93,85,508
93,94,37
93,109,548
93,112,341
93,120,403
93,127,486
93,129,97
93,138,538
93,148,257
93,157,542
93,167,422
93,183,402
93,213,538
93,223,362
93,275,428
94,1,172
94,6,33
94,24,436
94,35,304
94,36,300
94,45,341
94,47,426
94,66,100
94,68,84
94,79,155
94,93,37
94,111,58
94,124,130
94,135,388
94,148,8
94,156,81
94,164,437
94,184,573
94,194,422
94,202,9
94,209,19
94,216,578
95,11,453
95,22,142
95,27,218
95,41,506
95,48,403
95,53,393
95,54,127
95,56,558
95,58,558
95,63,555
95,75,363
95,98,352
95,102,120
95,109,549
95,123,8
95,136,34
95,151,25
95,152,211
95,182,533
95,188,86
95,212,377
95,221,559
95,243,203
95,248,169
95,261,301
95,275,194
95,278,286
95,285,152
96,4,53
96,13,493
96,26,558
96,29,573
96,47,577
96,50,388
96,74,285
96,78,292
96,80,435
96,85,136
96,86,311
96,97,565
96,102,592
96,103,267
96,107,465
96,111,328
96,114,249
96,117,515
96,130,75
96,136,86
96,142,507
96,153,87
96,167,259
96,174,543
96,183,294
96,226,427
96,242,104
96,255,444
96,273,1
96,296,154
97,11,401
97,28,503
97,29,130
97,35,565
97,50,275
97,52,524
97,60,426
97,68,427
97,73,216
97,76,124
97,96,565
97,98,52
97,113,118
97,117,318
97,169,76
97,174,155
97,185,401
97,187,304
97,190,106
97,217,342
97,264,235
97,277,309
97,278,108
97,293,475
98,3,461
98,4,190
98,15,295
98,45,419
98,61,354
98,73,521
98,75,50
98,89,253
98,92,182
98,95,352
98,97,52
98,103,334
98,135,157
98,189,346
98,206,470
98,207,396
98,240,388
98,248,398
98,256,265
98,280,362
98,289,61
99,4,249
99,10,43
99,45,430
99,47,506
99,55,274
99,63,288
99,65,208
99,78,28
99,80,507
99,92,184
99,120,356
99,126,134
99,147,473
99,160,115
99,177,82
99,191,104
99,200,113
99,202,262
99,212,546
99,216,534
99,235,551
99,238,184
100,9,444
100,10,27
100,13,232
100,35,209
100,54,153
100,55,516
100,61,272
100,78,416
100,81,585
100,91,415
100,101,188
100,113,118
100,120,599
100,126,252
100,131,245
100,145,221
100,152,21
100,154,37
100,155,126
100,159,214
100,163,450
100,165,127
100,172,424
100,180,404
100,194,175
100,224,565
100,228,34
100,247,525
100,249,309
100,274,7
100,291,555
101,13,14
101,16,182
101,42,204
101,68,539
101,74,288
101,75,22
101,76,488
101,81,111
101,82,211
101,100,188
101,102,385
101,106,26
101,116,32
101,141,348
101,170,346
101,177,429
101,198,403
101,221,466
101,229,21
101,281,284
102,11,63
102,23,196
102,48,497
102,73,207
102,75,387
102,80,588
102,81,94
102,89,440
102,95,120
102,96,592
102,101,385
102,103,279
102,107,479
102,108,565
102,133,539
102,143,141
102,152,119
102,172,23
102,269,462
102,286,108
102,297,290
103,11,68
103,13,484
103,21,497
103,48,534
103,52,132
103,67,219
103,85,21
103,86,285
103,96,267
103,98,334
103,102,279
103,111,220
103,131,47
103,133,361
103,134,252
103,149,333
103,164,122
103,170,93
103,173,332
103,176,327
103,218,222
103,237,147
103,250,554
103,260,557
104,1,383
104,12,388
104,14,574
104,20,124
104,30,398
104,35,108
104,50,527
104,60,572
104,86,252
104,91,23
104,116,16
104,138,371
104,143,227
104,182,378
104,222,124
104,278,10
104,295,337
105,7,68
105,28,577
105,32,121
105,49,303
105,55,261
105,61,121
105,68,354
105,74,495
105,85,201
105,90,457
105,91,286
105,107,292
105,110,474
105,114,168
105,118,67
105,121,508
105,129,260
105,140,381
105,141,99
105,150,128
105,189,176
105,200,541
105,216,389
105,250,51
105,297,517
106,4,177
106,5,220
106,13,593
106,30,93
106,34,243
106,43,40
106,45,461
106,54,381
106,70,183
106,89,309
106,101,26
106,119,322
106,125,282
106,133,92
106,145,503
106,156,503
106,157,385
106,168,543
106,239,88
107,15,498
107,24,153
107,49,84
107,64,557
107,69,360
107,72,486
107,88,150
107,96,465
107,102,479
107,105,292
107,111,359
107,119,264
107,121,527
107,126,312
107,137,177
107,138,154
107,147,68
107,148,196
107,159,449
107,168,383
107,169,579
107,206,164
107,224,240
107,261,301
107,262,529
108,3,45
108,7,194
108,11,572
108,28,383
108,37,495
108,41,443
108,46,53
108,48,148
108,74,48
108,102,565
108,115,182
108,116,246
108,117,363
108,124,498
108,181,132
108,182,381
108,210,443
108,222,387
108,224,153
108,243,407
108,261,52
109,18,225
109,28,40
109,43,52
109,56,109
109,59,79
109,65,330
109,77,127
109,84,282
109,88,153
109,93,548
109,95,549
109,114,16
109,127,267
109,143,95
109,153,264
109,163,518
109,168,524
109,177,158
109,185,184
109,219,455
109,235,502
109,261,227
110,12,486
110,32,487
110,52,509
110,57,427
110,59,227
110,70,392
110,72,571
110,83,292
110,92,89
110,105,474
110,129,251
110,134,362
110,142,342
110,162,217
110,197,141
110,223,37
110,253,252
110,254,204
110,268,193
110,270,302
110,271,338
110,291,374
111,22,203
111,27,487
111,37,267
111,38,211
111,54,42
111,85,190
111,89,46
111,94,58
111,96,328
111,103,220
111,107,359
111,120,532
111,125,281
111,151,173
111,160,63
111,170,467
111,174,439
111,178,545
111,190,183
111,200,216
111,205,25
111,224,197
111,229,67
111,235,435
111,257,315
111,272,427
111,273,111
111,284,589
111,293,312
111,294,313
112,1,335
112,5,99
112,34,50
112,38,70
112,46,84
112,52,293
112,54,218
112,55,131
112,57,373
112,81,94
112,93,341
112,114,184
112,139,80
112,146,296
112,155,381
112,161,479
112,192,304
112,203,328
112,208,78
112,234,512
112,247,209
112,273,286
113,2,20
113,4,548
113,5,420
113,18,241
113,34,554
113,60,496
113,76,108
113,78,476
113,85,183
113,97,118
113,100,118
113,126,497
113,130,292
113,139,511
113,140,568
113,143,148
113,157,45
113,176,293
113,196,187
113,211,235
113,219,527
113,230,232
113,233,74
113,281,219
113,300,36
114,13,282
114,46,396
114,49,383
114,55,443
114,59,39
114,69,362
114,96,249
114,105,168
114,109,16
114,112,184
114,122,536
114,123,98
114,161,241
114,182,387
114,197,462
114,255,432
114,263,189
115,3,350
115,11,430
115,14,566
115,16,91
115,26,339
115,32,394
115,38,157
115,66,294
115,84,560
115,91,45
115,108,182
115,123,148
115,135,424
115,137,487
115,175,463
115,198,82
115,219,103
115,246,118
116,7,64
116,24,241
116,67,462
116,74,32
116,77,266
116,80,242
116,86,178
116,101,32
116,104,16
116,108,246
116,117,444
116,142,22
116,154,440
116,159,287
116,171,325
116,176,321
116,192,539
116,195,353
116,201,409
116,217,336
116,226,124
116,246,575
116,253,44
116,285,571
116,289,259
116,290,238
116,297,214
117,11,183
117,17,461
117,45,535
117,50,135
117,59,378
117,92,315
117,96,515
117,97,318
117,108,363
117,116,444
117,119,580
117,124,50
117,145,186
117,156,283
117,158,249
117,177,492
117,181,78
117,202,6
117,210,85
117,260,436
117,297,346
117,298,93
118,26,341
118,28,488
118,32,134
118,37,50
118,43,123
118,59,340
118,65,533
118,72,599
118,105,67
118,120,228
118,156,405
118,168,169
118,175,261
118,180,112
118,184,231
118,186,489
118,198,593
118,218,286
118,219,345
118,222,11
118,245,181
119,9,232
119,17,184
119,19,82
119,30,442
119,35,478
119,53,348
119,60,406
119,74,316
119,106,322
119,107,264
119,117,580
119,141,482
119,178,258
119,216,455
119,230,435
119,231,566
119,235,220
119,241,193
119,245,252
119,285,495
120,44,191
120,52,17
120,59,273
120,67,377
120,70,475
120,71,110
120,93,403
120,99,356
120,100,599
120,111,532
120,118,228
120,140,88
120,159,217
120,162,80
120,191,212
120,242,107
120,251,105
120,267,124
120,277,40
121,2,13
121,3,4
121,7,325
121,29,214
121,40,274
121,59,388
121,67,107
121,77,428
121,86,144
121,105,508
121,107,527
121,134,498
121,141,371
121,143,352
121,160,412
121,165,323
121,227,102
121,238,151
121,272,40
121,286,247
121,297,394
122,5,484
122,10,319
122,13,156
122,27,569
122,49,155
122,60,218
122,75,246
122,84,145
122,91,548
122,114,536
122,127,267
122,130,278
122,172,19
122,175,131
122,185,538
122,186,533
122,225,12
122,284,11
122,285,163
122,294,27
123,3,332
123,8,208
123,11,341
123,27,432
123,37,37
123,41,574
123,77,345
123,88,319
123,95,8
123,114,98
123,115,148
123,125,457
123,154,69
123,155,486
123,156,488
123,171,518
123,175,298
123,181,306
123,268,77
123,272,403
123,280,417
123,286,600
123,290,94
124,2,460
124,7,436
124,14,62
124,21,587
124,22,93
124,25,185
124,34,549
124,67,554
124,94,130
124,108,498
124,117,50
124,135,186
124,142,91
124,153,233
124,163,530
124,165,31
124,205,175
124,282,445
125,3,81
125,8,461
125,15,9
125,45,173
125,57,412
125,80,533
125,83,195
125,106,282
125,111,281
125,123,457
125,133,446
125,157,107
125,166,44
125,179,242
125,196,160
125,234,194
125,239,130
125,267,458
125,273,440
125,279,119
125,281,461
125,294,328
126,28,409
126,46,327
126,61,241
126,64,380
126,66,187
126,99,134
126,100,252
126,107,312
126,113,497
126,134,92
126,144,318
126,152,16
126,155,291
126,206,378
126,257,129
126,298,286
127,12,34
127,15,315
127,18,547
127,21,2
127,37,357
127,47,600
127,87,518
127,93,486
127,109,267
127,122,267
127,140,103
127,155,534
127,177,583
127,188,531
127,205,443
127,210,60
127,231,566
127,232,484
127,244,148
127,264,455
127,290,93
128,4,228
128,11,25
128,20,545
128,27,538
128,42,63
128,43,73
128,46,22
128,65,245
128,68,446
128,77,495
128,90,234
128,136,594
128,145,85
128,146,425
128,164,520
128,197,417
128,200,431
128,205,356
128,230,570
128,278,578
129,4,195
129,13,63
129,50,413
129,63,281
129,68,494
129,79,158
129,82,289
129,86,333
129,93,97
129,105,260
129,110,251
129,140,44
129,158,437
129,161,252
129,165,411
129,202,571
129,208,124
129,241,147
129,246,401
129,248,105
129,296,487
130,2,57
130,20,454
130,26,375
130,37,121
130,56,274
130,87,175
130,96,75
130,113,292
130,122,278
130,134,203
130,136,356
130,166,264
130,171,349
130,186,197
130,205,352
130,207,45
130,213,259
130,219,262
130,220,356
130,227,249
130,264,543
131,3,393
131,5,218
131,32,557
131,43,506
131,48,490
131,65,313
131,84,425
131,100,245
131,103,47
131,161,515
131,211,156
131,218,6
131,220,259
131,227,389
131,253,45
132,1,168
132,2,375
132,9,122
132,10,334
132,26,358
132,34,8
132,38,57
132,68,600
132,85,275
132,137,363
132,161,182
132,204,488
132,225,391
132,248,133
132,264,137
132,267,218
132,273,392
132,288,520
132,298,540
133,5,445
133,13,369
133,29,102
133,33,346
133,38,361
133,55,331
133,89,47
133,102,539
133,103,361
133,106,92
133,125,446
133,146,351
133,147,460
133,155,457
133,169,430
133,170,359
133,171,531
133,173,509
133,189,269
133,197,162
133,218,350
133,224,266
133,250,120
134,1,142
134,3,447
134,30,50
134,44,309
134,51,49
134,68,237
134,103,252
134,110,362
134,121,498
134,126,92
134,130,203
134,164,524
134,187,218
134,201,4
134,244,481
134,250,309
134,271,527
134,298,393
135,4,29
135,31,128
135,36,289
135,40,74
135,41,121
135,50,505
135,71,467
135,94,388
135,98,157
135,115,424
135,124,186
135,154,3
135,179,214
135,187,47
135,213,510
135,257,461
135,283,346
136,22,217
136,34,322
136,42,154
136,66,577
136,81,471
136,87,486
136,92,557
136,95,34
136,96,86
136,128,594
136,130,356
136,170,490
136,214,245
136,221,291
136,222,129
136,225,594
136,226,68
136,241,306
136,270,575
136,274,323
137,10,236
137,11,133
137,32,36
137,45,85
137,46,268
137,73,48
137,80,73
137,107,177
137,115,487
137,132,363
137,150,399
137,222,279
137,261,54
137,295,18
138,15,207
138,17,574
138,25,476
138,38,356
138,55,306
138,79,135
138,82,231
138,93,538
138,104,371
138,107,154
138,165,540
138,176,140
138,178,315
138,208,67
138,210,79
138,216,86
138,235,5
138,254,548
138,261,349
138,283,278
138,292,241
139,2,35
139,41,175
139,43,79
139,44,42
139,54,261
139,57,505
139,58,578
139,60,160
139,73,502
139,112,80
139,113,511
139,151,325
139,163,158
139,164,358
139,191,332
139,279,134
140,1,560
140,20,318
140,49,436
140,58,266
140,63,438
140,71,479
140,105,381
140,113,568
140,120,88
140,127,103
140,129,44
140,142,471
140,173,507
140,177,399
140,190,552
140,228,294
140,255,283
140,260,333
140,269,40
140,272,157
141,41,111
141,46,313
141,75,200
141,81,475
141,101,348
141,105,99
141,119,482
141,121,371
141,223,165
141,233,228
141,279,167
142,12,177
142,14,588
142,27,445
142,38,173
142,51,511
142,73,459
142,96,507
142,110,342
142,116,22
142,124,91
142,140,471
142,156,233
142,185,584
142,199,444
142,213,302
142,215,127
142,221,74
142,291,340
143,15,389
143,28,559
143,49,226
143,54,215
143,87,196
143,102,141
143,104,227
143,109,95
143,113,148
143,121,352
143,146,82
143,158,463
143,178,135
143,192,504
143,193,413
143,197,541
143,204,540
143,211,213
143,242,537
143,259,154
143,265,331
144,8,259
144,17,354
144,22,175
144,46,362
144,49,28
144,71,341
144,72,71
144,76,597
144,90,327
144,91,102
144,126,318
144,150,537
144,152,467
144,153,328
144,169,566
144,172,123
144,176,148
144,183,323
144,188,23
144,191,414
144,195,232
144,277,193
145,5,151
145,8,68
145,17,341
