source,target,weight
1,2,474
1,3,312
1,4,511
1,6,270
1,7,107
1,8,206
1,9,259
1,10,156
1,11,351
1,12,516
1,14,354
1,16,151
1,17,52
1,18,5
1,20,185
1,22,10
1,23,157
1,26,479
1,27,564
1,28,532
1,29,324
1,30,10
1,31,69
1,32,191
1,33,438
1,34,227
1,36,307
1,38,581
1,39,14
1,40,413
1,44,544
1,45,43
1,46,226
1,47,204
1,49,165
1,51,20
1,54,185
1,55,580
1,57,371
1,61,497
1,62,110
1,64,99
1,65,460
1,70,19
1,72,178
1,73,312
1,75,293
1,78,196
1,79,409
1,80,64
1,81,58
1,82,251
1,83,342
1,87,254
1,88,554
1,90,231
1,98,313
1,100,156
1,102,73
1,103,546
1,109,408
1,112,117
1,113,533
1,115,128
1,116,150
1,118,473
1,120,482
1,125,471
1,128,531
1,129,193
1,130,245
1,131,23
1,144,80
1,146,171
1,153,590
1,159,484
1,161,182
1,162,310
1,169,289
1,170,235
1,171,341
1,176,6
1,177,47
1,179,484
1,182,87
1,184,436
1,185,244
1,190,354
1,194,392
1,198,93
1,199,234
1,201,418
1,211,186
1,220,334
1,231,484
1,241,25
1,264,414
1,268,376
1,283,45
1,295,463
1,296,458
2,1,474
2,3,582
2,4,368
2,5,435
2,6,211
2,9,304
2,10,258
2,11,24
2,12,66
2,13,242
2,16,425
2,17,144
2,18,282
2,19,115
2,20,97
2,21,593
2,22,278
2,24,381
2,25,211
2,27,259
2,28,350
2,31,145
2,32,80
2,33,529
2,34,191
2,35,503
2,36,366
2,37,414
2,39,26
2,40,187
2,41,67
2,42,525
2,43,346
2,44,223
2,46,38
2,48,464
2,49,187
2,50,151
2,52,570
2,53,348
2,54,236
2,55,386
2,56,41
2,58,465
2,59,32
2,62,213
2,63,482
2,65,579
2,66,311
2,67,590
2,69,402
2,71,563
2,72,287
2,74,87
2,75,309
2,76,225
2,79,368
2,80,287
2,82,295
2,83,23
2,84,166
2,85,569
2,86,568
2,87,103
2,91,469
2,94,278
2,97,376
2,99,209
2,100,57
2,103,523
2,104,535
2,112,17
2,114,284
2,123,158
2,124,48
2,129,163
2,132,300
2,141,325
2,144,473
2,147,399
2,148,51
2,149,228
2,150,341
2,151,563
2,154,69
2,155,224
2,156,532
2,157,133
2,159,44
2,161,436
2,162,132
2,163,435
2,164,127
2,167,500
2,170,83
2,173,523
2,175,211
2,179,322
2,188,89
2,197,189
2,199,269
2,201,239
2,202,457
2,204,338
2,211,228
2,217,308
2,224,168
2,225,194
2,231,494
2,234,157
2,240,277
2,241,85
2,244,272
2,245,57
2,246,522
2,259,278
2,260,139
2,261,314
2,262,303
2,267,224
2,274,178
2,279,103
2,293,177
2,298,576
3,1,312
3,2,582
3,5,367
3,7,199
3,8,455
3,9,473
3,10,83
3,11,437
3,12,441
3,13,412
3,14,195
3,15,71
3,16,244
3,17,255
3,20,567
3,22,542
3,25,366
3,26,261
3,27,536
3,28,563
3,32,518
3,35,86
3,37,557
3,38,541
3,41,166
3,43,38
3,44,371
3,45,394
3,46,241
3,47,367
3,48,304
3,50,330
3,51,258
3,52,339
3,55,296
3,56,368
3,57,356
3,58,508
3,60,88
3,61,157
3,65,579
3,67,2
3,69,370
3,71,39
3,72,581
3,73,424
3,76,131
3,83,39
3,85,559
3,87,269
3,89,472
3,91,46
3,93,525
3,97,543
3,100,156
3,101,176
3,102,531
3,105,401
3,106,456
3,107,198
3,108,430
3,110,38
3,115,75
3,122,514
3,126,451
3,130,144
3,133,412
3,135,77
3,136,1
3,142,86
3,146,384
3,147,236
3,149,505
3,157,201
3,158,569
3,160,415
3,162,309
3,167,584
3,175,491
3,177,177
3,182,463
3,188,592
3,201,266
3,204,184
3,205,145
3,207,160
3,209,405
3,215,487
3,226,515
3,229,543
3,230,464
3,238,13
3,241,299
3,251,190
3,258,315
3,262,374
3,268,396
3,274,221
3,282,420
3,284,24
3,287,283
3,291,418
3,296,319
3,299,289
4,1,511
4,2,368
4,5,211
4,8,105
4,9,560
4,10,60
4,11,525
4,13,600
4,15,8
4,16,286
4,17,517
4,18,122
4,19,162
4,21,510
4,23,292
4,24,574
4,25,192
4,26,88
4,29,6
4,30,103
4,31,47
4,34,576
4,35,211
4,36,268
4,37,220
4,38,554
4,40,331
4,41,584
4,42,19
4,44,401
4,46,497
4,47,371
4,48,381
4,49,284
4,50,583
4,52,277
4,53,38
4,54,123
4,56,392
4,57,91
4,58,2
4,59,47
4,61,444
4,62,572
4,63,192
4,66,271
4,67,308
4,69,183
4,70,70
4,71,245
4,73,391
4,75,326
4,76,178
4,77,563
4,78,175
4,79,557
4,80,477
4,81,89
4,82,563
4,83,437
4,86,273
4,87,353
4,88,391
4,89,436
4,92,476
4,95,17
4,96,244
4,97,538
4,98,260
4,105,290
4,108,498
4,110,158
4,116,356
4,118,7
4,120,131
4,124,118
4,125,502
4,131,13
4,136,369
4,137,204
4,138,123
4,142,365
4,145,137
4,154,300
4,155,197
4,163,549
4,164,528
4,168,229
4,177,531
4,178,546
4,181,171
4,185,180
4,191,427
4,195,204
4,196,420
4,198,176
4,201,486
4,205,484
4,206,110
4,209,581
4,217,73
4,223,534
4,224,396
4,228,281
4,230,61
4,232,197
4,237,196
4,238,401
4,244,74
4,250,448
4,264,422
4,271,93
4,275,207
4,284,282
4,286,33
5,2,435
5,3,367
5,4,211
5,7,554
5,8,401
5,10,352
5,11,270
5,12,283
5,13,348
5,15,553
5,16,385
5,18,393
5,21,32
5,23,167
5,24,218
5,27,505
5,28,151
5,30,390
5,31,473
5,32,592
5,33,49
5,34,481
5,36,383
5,38,427
5,40,54
5,41,166
5,43,399
5,44,176
5,45,461
5,47,7
5,48,403
5,49,183
5,53,458
5,54,537
5,55,585
5,56,539
5,58,361
5,59,246
5,60,457
5,65,317
5,66,459
5,69,350
5,71,488
5,74,160
5,75,410
5,78,582
5,79,524
5,82,158
5,84,534
5,85,528
5,87,465
5,89,216
5,92,180
5,98,447
5,99,242
5,100,9
5,103,360
5,106,191
5,107,105
5,108,343
5,110,5
5,117,591
5,121,154
5,122,210
5,123,325
5,129,64
5,130,578
5,131,181
5,132,390
5,142,269
5,147,578
5,150,15
5,152,208
5,153,143
5,160,506
5,162,303
5,163,61
5,166,565
5,168,547
5,172,135
5,176,159
5,180,160
5,181,360
5,186,454
5,193,295
5,194,10
5,196,588
5,200,302
5,205,240
5,219,88
5,223,363
5,227,24
5,231,312
5,233,49
5,234,99
5,237,254
5,244,113
5,251,203
5,260,228
5,267,450
5,281,147
5,286,193
5,291,556
5,292,572
5,297,182
5,298,290
5,300,92
6,1,270
6,2,211
6,7,47
6,8,478
6,10,223
6,12,336
6,13,118
6,14,517
6,15,456
6,16,86
6,17,461
6,18,322
6,22,334
6,23,138
6,24,136
6,25,522
6,28,182
6,29,443
6,32,374
6,35,398
6,36,499
6,38,142
6,39,343
6,40,351
6,41,159
6,42,421
6,43,444
6,45,20
6,47,157
6,48,351
6,51,287
6,53,141
6,54,247
6,57,155
6,59,53
6,60,232
6,61,199
6,62,85
6,65,236
6,69,370
6,72,393
6,73,161
6,77,107
6,78,60
6,83,317
6,85,304
6,86,572
6,88,83
6,91,79
6,93,103
6,94,542
6,96,262
6,98,70
6,105,234
6,109,269
6,110,327
6,112,221
6,113,66
6,116,270
6,117,431
6,119,97
6,121,505
6,123,339
6,129,252
6,131,558
6,132,127
6,134,32
6,136,83
6,143,469
6,151,179
6,158,182
6,160,37
6,165,457
6,170,20
6,171,457
6,184,114
6,185,519
6,193,301
6,195,292
6,196,514
6,202,322
6,204,294
6,212,404
6,220,598
6,225,404
6,227,41
6,232,539
6,235,173
6,247,362
6,254,472
6,257,307
6,263,236
6,273,373
6,275,375
6,277,391
6,279,489
6,287,31
6,294,541
6,298,441
7,1,107
7,3,199
7,5,554
7,6,47
7,9,417
7,10,208
7,11,519
7,12,476
7,14,16
7,16,276
7,18,470
7,19,443
7,20,367
7,21,182
7,22,299
7,23,396
7,24,373
7,25,213
7,26,291
7,29,501
7,30,585
7,33,466
7,35,341
7,37,275
7,38,306
7,40,77
7,41,225
7,42,527
7,43,142
7,44,118
7,45,76
7,46,510
7,47,247
7,48,597
7,49,309
7,50,435
7,51,424
7,53,527
7,54,148
7,56,403
7,57,193
7,58,139
7,59,69
7,60,148
7,66,73
7,68,63
7,71,249
7,76,159
7,79,24
7,80,396
7,81,37
7,82,265
7,84,452
7,86,455
7,89,90
7,90,589
7,93,542
7,95,290
7,97,211
7,99,211
7,105,46
7,106,75
7,107,376
7,108,265
7,111,303
7,112,336
7,115,185
7,120,470
7,122,415
7,126,555
7,127,533
7,129,395
7,130,519
7,131,82
7,132,370
7,133,373
7,134,542
7,136,132
7,139,532
7,140,317
7,141,66
7,143,309
7,144,596
7,146,8
7,147,5
7,150,342
7,155,101
7,163,189
7,166,211
7,169,193
7,172,211
7,181,122
7,182,60
7,195,101
7,198,340
7,200,85
7,201,552
7,208,341
7,214,445
7,224,321
7,234,244
7,237,398
7,239,342
7,242,39
7,244,165
7,246,419
7,253,420
7,255,355
7,257,159
7,266,284
7,277,161
7,279,156
7,284,81
7,286,189
7,288,202
7,294,265
7,296,45
7,297,61
8,1,206
8,3,455
8,4,105
8,5,401
8,6,478
8,11,429
8,12,558
8,13,359
8,14,436
8,15,442
8,16,105
8,18,11
8,22,313
8,23,561
8,24,205
8,25,425
8,26,503
8,27,598
8,30,239
8,31,531
8,33,369
8,35,579
8,38,98
8,39,250
8,40,32
8,41,475
8,43,550
8,44,350
8,47,513
8,48,304
8,50,324
8,51,488
8,52,469
8,55,90
8,57,339
8,58,355
8,59,134
8,60,579
8,64,53
8,68,227
8,70,471
8,72,507
8,73,261
8,74,330
8,76,555
8,79,402
8,81,474
8,83,503
8,84,510
8,87,516
8,88,276
8,95,445
8,100,196
8,101,201
8,102,277
8,105,198
8,108,189
8,113,139
8,115,436
8,117,498
8,118,86
8,123,27
8,126,537
8,131,43
8,134,514
8,135,38
8,136,230
8,138,133
8,139,380
8,140,525
8,142,91
8,153,262
8,157,147
8,162,184
8,166,562
8,167,103
8,168,344
8,175,30
8,177,229
8,179,224
8,185,533
8,191,93
8,193,305
8,205,453
8,206,292
8,209,292
8,210,299
8,215,420
8,220,476
8,227,314
8,237,185
8,243,349
8,248,346
8,266,562
8,277,322
8,279,180
8,286,45
8,288,99
8,294,562
8,300,593
9,1,259
9,2,304
9,3,473
9,4,560
9,7,417
9,10,559
9,13,123
9,14,58
9,16,73
9,18,389
9,19,224
9,21,14
9,23,359
9,28,503
9,30,120
9,31,583
9,32,439
9,34,342
9,36,103
9,37,538
9,40,179
9,41,468
9,44,564
9,45,514
9,47,254
9,48,362
9,49,306
9,50,232
9,51,222
9,52,19
9,53,340
9,54,543
9,56,321
9,59,599
9,60,550
9,63,479
9,66,183
9,69,172
9,73,224
9,77,8
9,78,127
9,81,152
9,85,188
9,86,567
9,92,92
9,93,485
9,95,434
9,96,346
9,100,312
9,101,227
9,102,256
9,103,456
9,104,112
9,114,92
9,116,268
9,120,63
9,122,344
9,123,470
9,126,375
9,127,83
9,128,448
9,132,465
9,136,440
9,139,503
9,140,278
9,141,573
9,142,184
9,145,258
9,156,436
9,157,517
9,166,565
9,168,590
9,169,407
9,171,563
9,174,173
9,175,126
9,182,550
9,184,111
9,202,476
9,203,455
9,204,360
9,207,377
9,224,372
9,226,93
9,229,41
9,231,185
9,233,8
9,246,176
9,247,362
9,250,593
9,251,503
9,253,88
9,256,431
9,257,77
9,261,19
9,265,476
9,273,368
9,274,412
9,278,378
9,285,449
9,296,171
9,297,563
9,299,409
10,1,156
10,2,258
10,3,83
10,4,60
10,5,352
10,6,223
10,7,208
10,9,559
10,12,545
10,13,250
10,14,95
10,15,426
10,16,560
10,18,525
10,20,216
10,23,400
10,24,55
10,25,214
10,28,197
10,30,537
10,31,523
10,33,72
10,35,24
10,36,481
10,38,88
10,39,419
10,40,28
10,41,242
10,49,237
10,50,247
10,51,2
10,52,212
10,53,520
10,55,88
10,56,280
10,62,196
10,63,210
10,65,529
10,67,307
10,68,426
10,72,433
10,73,404
10,75,64
10,76,560
10,77,299
10,81,249
10,87,319
10,91,44
10,95,40
10,97,129
10,98,452
10,101,320
10,104,355
10,105,230
10,108,579
10,111,130
10,118,280
10,121,187
10,123,99
10,125,473
10,126,533
10,128,483
10,133,40
10,141,564
10,148,17
10,149,161
10,150,452
10,161,261
10,162,113
10,169,485
10,170,15
10,173,544
10,177,106
10,180,189
10,183,114
10,187,354
10,189,409
10,192,440
10,193,204
10,215,407
10,219,286
10,220,376
10,223,25
10,228,599
10,235,576
10,245,331
10,251,214
10,252,502
10,254,557
10,260,348
10,261,26
10,271,546
10,274,132
10,275,492
10,279,118
10,285,474
10,293,582
10,299,202
11,1,351
11,2,24
11,3,437
11,4,525
11,5,270
11,7,519
11,8,429
11,13,519
11,14,146
11,15,307
11,16,212
11,17,116
11,20,395
11,21,216
11,25,287
11,26,132
11,27,360
11,28,368
11,29,222
11,30,170
11,32,180
11,34,526
11,35,33
11,37,224
11,41,65
11,42,581
11,44,194
11,45,69
11,46,113
11,47,433
11,48,385
11,49,53
11,50,566
11,51,225
11,52,199
11,53,444
11,54,150
11,56,148
11,57,16
11,58,442
11,59,433
11,61,477
11,62,134
11,63,74
11,64,445
11,67,176
11,68,191
11,69,285
11,70,388
11,71,161
11,73,485
11,74,589
11,75,79
11,76,43
11,79,270
11,80,71
11,82,125
11,84,430
11,86,338
11,90,596
11,91,220
11,93,199
11,96,537
11,98,514
11,99,303
11,104,510
11,107,250
11,109,332
11,111,339
11,112,448
11,114,148
11,115,574
11,120,385
11,121,468
11,123,429
11,124,406
11,126,474
11,129,296
11,131,563
11,138,504
11,144,238
11,147,295
11,148,77
11,152,195
11,153,306
11,155,341
11,158,41
11,159,511
11,161,92
11,164,205
11,167,333
11,170,458
11,173,115
11,178,347
11,179,416
11,191,572
11,193,53
11,197,531
11,201,278
11,202,209
11,204,329
11,212,549
11,214,306
11,240,32
11,242,427
11,261,199
11,264,456
11,271,192
11,272,316
11,280,169
11,287,209
11,294,163
11,297,440
11,300,165
12,1,516
12,2,66
12,3,441
12,5,283
12,6,336
12,7,476
12,8,558
12,10,545
12,13,279
12,17,280
12,18,124
12,19,341
12,20,546
12,21,6
12,22,520
12,24,533
12,25,229
12,26,440
12,27,546
12,28,427
12,30,362
12,32,327
12,34,181
12,35,239
12,36,25
12,37,170
12,39,490
12,43,423
12,44,443
12,45,1
12,46,359
12,48,564
12,49,191
12,50,589
12,51,561
12,52,440
12,54,546
12,55,302
12,56,351
12,57,221
12,58,21
12,59,88
12,62,113
12,63,487
12,67,392
12,68,578
12,71,400
12,72,218
12,73,399
12,74,25
12,75,1
12,78,246
12,79,398
12,81,389
12,83,233
12,84,18
12,88,573
12,91,238
12,97,514
12,98,15
12,99,448
12,103,569
12,106,316
12,111,581
12,114,449
12,115,581
12,117,80
12,118,34
12,122,195
12,130,455
12,131,143
12,136,17
12,137,316
12,139,416
12,140,356
12,142,15
12,144,472
12,145,332
12,146,596
12,150,217
12,151,227
12,155,561
12,158,303
12,160,335
12,161,210
12,162,367
12,165,205
12,166,414
12,167,228
12,169,332
12,172,75
12,175,344
12,178,530
12,190,455
12,192,67
12,196,165
12,198,237
12,204,289
12,215,239
12,216,409
12,220,295
12,222,267
12,225,343
12,227,424
12,230,365
12,237,5
12,239,589
12,251,79
12,265,330
12,277,71
12,278,290
12,279,41
12,288,345
12,293,476
12,296,321
13,2,242
13,3,412
13,4,600
13,5,348
13,6,118
13,8,359
13,9,123
13,10,250
13,11,519
13,12,279
13,15,583
13,17,239
13,18,421
13,19,519
13,20,399
13,23,254
13,24,524
13,25,493
13,29,424
13,30,598
13,31,199
13,32,403
13,34,333
13,35,438
13,36,245
13,37,167
13,42,175
13,45,22
13,47,444
13,49,65
13,51,193
13,52,315
13,53,546
13,54,250
13,55,141
13,58,181
13,61,31
13,63,26
13,67,211
13,69,398
13,70,436
13,71,410
13,72,517
13,77,388
13,78,459
13,79,395
13,82,547
13,83,512
13,85,126
13,86,585
13,87,279
13,88,388
13,89,350
13,90,529
13,92,340
13,93,268
13,94,594
13,99,459
13,102,319
13,104,219
13,105,65
13,108,46
13,109,543
13,111,323
13,113,538
13,114,144
13,116,388
13,117,463
13,118,85
13,119,541
13,121,22
13,125,563
13,126,420
13,131,385
13,132,512
13,133,59
13,134,97
13,135,398
13,139,48
13,143,362
13,144,556
13,151,219
13,152,392
13,155,190
13,156,200
13,161,83
13,165,337
13,170,521
13,178,196
13,179,486
13,181,7
13,188,492
13,196,216
13,202,269
13,207,217
13,221,29
13,224,362
13,227,293
13,231,114
13,235,337
13,236,361
13,244,436
13,254,450
13,263,80
13,265,45
13,268,132
13,270,486
13,272,572
13,280,136
13,281,281
13,285,133
13,290,4
14,1,354
14,3,195
14,6,517
14,7,16
14,8,436
14,9,58
14,10,95
14,11,146
14,15,277
14,16,505
14,19,574
14,21,64
14,24,573
14,25,15
14,27,348
14,28,216
14,30,285
14,31,203
14,35,52
14,36,467
14,37,288
14,38,596
14,39,400
14,40,7
14,41,228
14,42,223
14,43,450
14,44,301
14,45,77
14,46,297
14,47,308
14,49,52
14,51,600
14,53,329
14,54,241
14,55,311
14,56,304
14,57,565
14,59,152
14,61,115
14,63,98
14,66,555
14,67,129
14,69,342
14,75,374
14,77,384
14,78,78
14,89,478
14,90,217
14,91,549
14,94,325
14,98,73
14,99,32
14,102,164
14,104,193
14,107,217
14,113,403
14,114,86
14,115,251
14,116,534
14,117,472
14,124,150
14,130,429
14,133,310
14,142,511
14,145,486
14,147,346
14,148,551
14,151,475
14,154,142
14,160,255
14,163,360
14,170,84
14,171,50
14,174,453
14,180,364
14,187,41
14,188,419
14,194,153
14,201,72
14,209,494
14,215,221
14,225,48
14,239,149
14,250,383
14,258,334
14,264,346
14,266,42
14,269,460
14,278,214
14,283,50
14,298,575
14,300,572
15,3,71
15,4,8
15,5,553
15,6,456
15,8,442
15,10,426
15,11,307
15,13,583
15,14,277
15,17,234
15,19,149
15,20,369
15,21,381
15,23,587
15,26,276
15,27,116
15,28,252
15,29,592
15,31,595
15,33,384
15,35,343
15,36,52
15,38,174
15,39,389
15,40,134
15,41,525
15,43,345
15,45,176
15,48,437
15,50,170
15,51,276
15,52,354
15,54,419
15,55,160
15,56,416
15,58,34
15,59,78
15,62,247
15,63,60
15,64,518
15,65,246
15,66,226
15,69,152
15,71,493
15,72,589
15,74,395
15,75,19
15,79,119
15,81,82
15,83,182
15,84,30
15,85,504
15,86,599
15,96,490
15,98,517
15,99,291
15,105,513
15,106,449
15,108,405
15,111,214
15,115,352
15,118,520
15,119,280
15,120,179
15,122,45
15,123,117
15,124,90
15,125,215
15,127,178
15,128,408
15,129,96
15,130,555
15,140,286
15,141,247
15,159,298
15,166,72
15,168,328
15,169,67
15,179,463
15,184,346
15,194,8
15,199,519
15,200,27
15,201,63
15,202,3
15,210,421
15,213,209
15,217,496
15,222,406
15,226,18
15,232,3
15,237,299
15,249,503
15,250,39
15,251,21
15,260,491
15,262,521
15,274,518
15,275,225
15,283,434
15,284,100
15,287,398
16,1,151
16,2,425
16,3,244
16,4,286
16,5,385
16,6,86
16,7,276
16,8,105
16,9,73
16,10,560
16,11,212
16,14,505
16,19,213
16,24,425
16,25,580
16,26,201
16,28,66
16,30,597
16,31,403
16,33,216
16,34,473
16,35,519
16,39,327
16,40,493
16,42,400
16,43,352
16,45,487
16,46,317
16,47,352
16,49,577
16,50,322
16,51,545
16,52,138
16,53,18
16,55,407
16,56,290
16,60,236
16,61,398
16,65,298
16,66,401
16,67,51
16,69,371
16,70,372
16,72,597
16,74,370
16,75,314
16,76,64
16,77,554
16,80,172
16,81,456
16,82,285
16,83,413
16,85,566
16,88,485
16,91,42
16,92,369
16,94,5
16,95,521
16,100,38
16,101,99
16,102,566
16,103,149
16,104,583
16,108,520
16,109,583
16,114,291
16,115,453
16,118,581
16,120,403
16,121,584
16,124,185
16,128,524
16,129,188
16,132,154
16,136,153
16,137,388
16,138,366
16,142,298
16,143,386
16,144,316
16,145,292
16,153,62
16,156,562
16,160,9
16,164,384
16,166,196
16,172,546
16,173,344
16,175,344
16,180,395
16,182,423
16,184,235
16,189,373
16,193,136
16,199,94
16,202,594
16,204,225
16,212,498
16,213,287
16,215,531
16,216,184
16,219,173
16,223,21
16,226,216
16,232,513
16,234,19
16,238,122
16,239,13
16,253,491
16,261,502
16,271,256
16,284,75
16,286,512
16,292,482
17,1,52
17,2,144
17,3,255
17,4,517
17,6,461
17,11,116
17,12,280
17,13,239
17,15,234
17,18,479
17,22,448
17,24,453
17,25,553
17,26,563
17,30,326
17,32,17
17,33,337
17,34,11
17,36,345
17,38,101
17,41,37
17,42,422
17,43,506
17,44,339
17,45,53
17,46,421
17,48,96
17,52,268
17,53,21
17,54,391
17,55,176
17,56,293
17,59,366
17,60,461
17,62,459
17,63,381
17,65,523
17,67,147
17,68,87
17,70,545
17,72,122
17,73,541
17,77,566
17,78,235
17,79,51
17,83,569
17,86,398
17,87,361
17,88,219
17,89,437
17,90,534
17,91,67
17,100,585
17,101,585
17,102,268
17,103,291
17,106,272
17,107,538
17,113,474
17,120,480
17,123,418
17,128,66
17,131,593
17,133,544
17,135,187
17,143,359
17,145,360
17,153,15
17,154,79
17,157,424
17,159,520
17,169,26
17,171,267
17,172,373
17,173,178
17,182,397
17,192,267
17,201,228
17,217,599
17,225,49
17,226,198
17,232,508
17,233,245
17,236,473
17,237,21
17,241,542
17,243,348
17,248,176
17,252,218
17,254,435
17,262,277
17,267,195
17,269,537
17,273,283
17,276,162
17,278,446
17,282,190
17,298,340
18,1,5
18,2,282
18,4,122
18,5,393
18,6,322
18,7,470
18,8,11
18,9,389
18,10,525
18,12,124
18,13,421
18,17,479
18,19,270
18,20,471
18,21,363
18,22,553
18,23,509
18,24,242
18,26,368
18,28,301
18,29,132
18,30,271
18,31,423
18,33,118
18,36,253
18,37,218
18,38,86
18,41,558
18,42,237
18,45,277
18,47,52
18,48,296
18,50,417
18,52,528
18,53,92
18,54,540
18,55,414
18,56,184
18,57,528
18,58,310
18,59,118
18,60,362
18,62,20
18,63,38
18,64,418
18,66,482
18,68,139
18,73,289
18,75,433
18,76,30
18,77,180
18,81,437
18,83,288
18,84,98
18,85,417
18,86,553
18,87,454
18,88,91
18,90,322
18,92,521
18,95,108
18,96,578
18,99,172
18,100,236
18,101,304
18,103,159
18,109,297
18,112,196
18,119,420
18,124,236
18,133,296
18,141,145
18,142,538
18,144,439
18,154,109
18,155,67
18,164,254
18,165,352
18,166,214
18,168,570
18,171,592
18,172,139
18,179,152
18,180,221
18,185,3
18,187,186
18,191,226
18,192,545
18,196,441
18,200,111
18,204,354
18,214,466
18,219,212
18,222,22
18,227,166
18,230,86
18,231,565
18,237,265
18,249,8
18,254,97
18,256,509
18,274,467
18,276,547
19,2,115
19,4,162
19,7,443
19,9,224
19,12,341
19,13,519
19,14,574
19,15,149
19,16,213
19,18,270
19,20,175
19,21,26
19,22,347
19,24,113
19,27,272
19,31,336
19,32,145
19,33,439
19,34,328
19,37,363
19,38,146
19,40,131
19,41,396
19,43,171
19,50,593
19,52,519
19,57,450
19,59,492
19,62,28
19,64,475
19,65,356
19,66,424
19,67,204
19,68,373
19,71,234
19,72,449
19,75,129
19,76,457
19,78,421
19,80,30
19,82,178
19,88,358
19,92,29
19,93,178
19,95,160
19,96,9
19,97,36
19,101,422
19,102,97
19,108,294
19,110,512
19,111,594
19,122,454
19,127,209
19,131,333
19,137,472
19,139,40
19,140,406
19,143,52
19,145,523
19,149,55
19,157,275
19,161,380
19,162,194
19,163,578
19,167,460
19,172,231
19,174,494
19,176,202
19,190,203
19,196,550
19,200,482
19,208,452
19,217,291
19,227,122
19,238,435
19,239,366
19,241,352
19,252,221
19,254,255
19,259,422
19,264,508
19,268,311
19,287,59
19,294,545
19,298,80
20,1,185
20,2,97
20,3,567
20,7,367
20,10,216
20,11,395
20,12,546
20,13,399
20,15,369
20,18,471
20,19,175
20,21,337
20,23,418
20,24,183
20,25,572
20,26,465
20,27,111
20,28,297
20,33,275
20,34,484
20,36,456
20,37,254
20,39,299
20,40,546
20,42,280
20,43,218
20,45,511
20,46,265
20,48,585
20,51,344
20,52,300
20,54,558
20,56,445
20,59,272
20,61,258
20,62,365
20,64,42
20,65,115
20,66,111
20,72,497
20,76,19
20,79,557
20,81,339
20,86,12
20,88,17
20,91,10
20,94,105
20,96,546
20,101,295
20,104,432
20,106,166
20,107,183
20,108,166
20,119,494
20,121,269
20,122,80
20,125,319
20,126,431
20,127,193
20,130,459
20,134,165
20,137,191
20,138,277
20,145,334
20,148,320
20,149,175
20,154,294
20,161,253
20,174,12
20,184,95
20,188,558
20,192,265
20,197,49
20,207,501
20,214,289
20,215,42
20,224,536
20,232,325
20,234,428
20,245,6
20,285,48
20,288,193
20,292,246
20,297,57
21,2,593
21,4,510
21,5,32
21,7,182
21,9,14
21,11,216
21,12,6
21,14,64
21,15,381
21,18,363
21,19,26
21,20,337
21,22,82
21,23,469
21,25,321
21,30,378
21,31,385
21,32,69
21,33,10
21,34,586
21,36,368
21,37,158
21,38,305
21,39,509
21,40,409
21,41,266
21,43,521
21,44,182
21,45,34
21,47,218
21,48,227
21,50,43
21,51,382
21,55,339
21,56,172
21,58,287
21,59,373
21,60,285
21,61,286
21,62,539
21,63,275
21,64,306
21,65,299
21,66,251
21,69,213
21,70,564
21,72,509
21,73,531
21,76,537
21,78,588
21,80,106
21,81,345
21,87,492
21,89,99
21,90,384
21,91,104
21,92,514
21,93,471
21,94,202
21,95,208
21,97,531
21,99,355
21,102,13
21,103,474
21,105,516
21,106,584
21,109,17
21,110,131
21,111,442
21,112,159
21,117,324
21,118,361
21,124,47
21,125,384
21,126,530
21,127,126
21,136,86
21,140,200
21,143,481
21,144,50
21,147,488
21,153,29
21,156,578
21,158,435
21,159,116
21,161,99
21,165,500
21,169,533
21,172,145
21,174,579
21,175,484
21,179,458
21,184,564
21,186,63
21,193,165
21,198,568
21,200,152
21,201,117
21,202,225
21,207,70
21,210,529
21,211,160
21,218,360
21,223,234
21,226,64
21,227,107
21,237,107
21,240,94
21,245,579
21,246,530
21,248,360
21,252,29
21,260,40
21,265,105
21,267,422
21,273,319
21,287,332
21,290,87
21,291,407
21,296,218
22,1,10
22,2,278
22,3,542
22,6,334
22,7,299
22,8,313
22,12,520
22,17,448
22,18,553
22,19,347
22,21,82
22,23,29
22,24,118
22,26,580
22,27,199
22,29,180
22,31,54
22,32,221
22,33,340
22,34,20
22,35,378
22,36,270
22,37,585
22,38,335
22,40,506
22,41,424
22,42,460
22,43,209
22,44,348
22,45,410
22,46,449
22,51,597
22,52,308
22,53,247
22,54,48
22,57,115
22,58,447
22,60,517
22,64,213
22,65,353
22,67,439
22,68,45
22,70,547
22,72,427
22,73,347
22,74,474
22,75,216
22,76,133
22,77,116
22,79,575
22,80,482
22,81,34
22,85,289
22,87,450
22,89,328
22,90,475
22,92,96
22,94,51
22,97,290
22,98,11
22,106,331
22,110,18
22,113,228
22,115,382
22,117,203
22,120,259
22,121,30
22,128,304
22,133,349
22,138,522
22,141,456
22,144,65
22,145,45
22,148,556
22,150,431
22,151,558
22,153,277
22,155,422
22,156,421
22,157,599
22,161,393
22,169,326
22,171,260
22,173,411
22,176,344
22,181,393
22,185,18
22,186,350
22,187,18
22,196,9
22,197,71
22,203,42
22,204,209
22,209,410
22,210,36
22,212,148
22,214,581
22,223,229
22,225,144
22,226,386
22,228,109
22,236,265
22,238,106
22,243,398
22,249,500
22,253,53
22,256,181
22,269,169
22,271,547
22,286,137
22,290,133
22,298,379
23,1,157
23,4,292
23,5,167
23,6,138
23,7,396
23,8,561
23,9,359
23,10,400
23,13,254
23,15,587
23,18,509
23,20,418
23,21,469
23,22,29
23,25,274
23,26,310
23,27,594
23,28,251
23,31,575
23,32,154
23,33,299
23,34,488
23,35,515
23,37,356
23,39,596
23,40,106
23,42,73
23,43,387
23,44,63
23,47,356
23,48,89
23,49,200
23,50,311
23,51,369
23,52,433
23,53,575
23,54,473
23,56,212
23,61,213
23,62,353
23,63,10
23,65,318
23,66,141
23,67,233
23,68,60
23,71,197
23,72,414
23,76,408
23,77,164
23,81,393
23,83,156
23,86,515
23,92,598
23,94,240
23,98,276
23,99,128
23,111,188
23,113,507
23,116,431
23,121,150
23,122,311
23,123,555
23,124,34
23,125,580
23,130,380
23,134,14
23,136,450
23,149,495
23,150,468
23,157,549
23,158,301
23,160,519
23,166,139
23,171,445
23,173,260
23,179,566
23,183,573
23,186,331
23,192,255
23,194,526
23,197,52
23,199,527
23,200,287
23,201,175
23,210,220
23,212,455
23,219,7
23,223,382
23,232,291
23,235,485
23,236,28
23,238,241
23,239,19
23,240,72
23,244,463
23,249,550
23,250,335
23,260,266
23,261,482
23,262,54
23,270,181
23,272,308
23,276,106
23,288,175
23,294,522
23,296,193
24,2,381
24,4,574
24,5,218
24,6,136
24,7,373
24,8,205
24,10,55
24,12,533
24,13,524
24,14,573
24,16,425
24,17,453
24,18,242
24,19,113
24,20,183
24,22,118
24,26,21
24,28,407
24,29,436
24,30,375
24,32,528
24,33,381
24,34,373
24,35,486
24,36,167
24,39,1
24,41,390
24,42,577
24,43,228
24,48,293
24,49,307
24,50,389
24,51,331
24,53,365
24,55,313
24,58,94
24,59,72
24,60,574
24,62,151
24,64,259
24,65,391
24,66,14
24,67,474
24,68,135
24,71,423
24,72,167
24,73,287
24,77,367
24,78,363
24,79,532
24,80,412
24,81,424
24,89,193
24,91,247
24,92,571
24,93,277
24,94,444
24,96,556
24,99,394
24,100,453
24,102,266
24,104,352
24,105,80
24,106,94
24,107,521
24,111,381
24,112,372
24,113,380
24,114,392
24,116,459
24,127,73
24,130,368
24,133,242
24,135,339
24,136,530
24,138,453
24,141,141
24,142,140
24,143,124
24,145,593
24,148,545
24,149,573
24,152,387
24,156,407
24,162,560
24,163,458
24,172,75
24,175,401
24,179,582
24,180,312
24,181,344
24,184,1
24,185,235
24,190,532
24,200,437
24,201,2
24,206,586
24,211,197
24,217,352
24,221,299
24,224,138
24,231,455
24,235,139
24,237,526
24,267,555
24,268,545
24,269,15
24,275,79
24,277,244
24,280,290
24,297,508
24,298,301
25,2,211
25,3,366
25,4,192
25,6,522
25,7,213
25,8,425
25,10,214
25,11,287
25,12,229
25,13,493
25,14,15
25,16,580
25,17,553
25,20,572
25,21,321
25,23,274
25,26,490
25,27,206
25,29,337
25,30,181
25,31,470
25,32,306
25,33,368
25,34,559
25,35,329
25,36,587
25,37,129
25,40,451
25,41,438
25,42,303
25,43,153
25,44,179
25,46,108
25,48,387
25,49,414
25,50,196
25,51,272
25,52,245
25,53,241
25,54,76
25,64,590
25,65,269
25,66,346
25,68,52
25,69,363
25,70,217
25,73,98
25,74,560
25,78,586
25,84,243
25,85,142
25,90,351
25,92,546
25,95,257
25,96,588
25,98,497
25,101,18
25,103,38
25,105,570
25,109,141
25,110,21
25,111,110
25,115,151
25,116,456
25,118,8
25,121,531
25,124,282
25,128,351
25,130,97
25,136,161
25,137,391
25,139,207
25,142,597
25,143,388
25,153,285
25,154,572
25,155,263
25,156,260
25,158,172
25,163,151
25,164,400
25,165,438
25,167,380
25,175,134
25,178,506
25,180,31
25,188,185
25,189,412
25,195,7
25,199,240
25,203,121
25,208,182
25,221,95
25,222,311
25,227,347
25,230,452
25,234,165
25,241,308
25,242,105
25,253,599
25,259,198
25,266,97
25,268,273
25,271,446
25,276,134
25,279,243
25,280,181
25,284,155
25,285,289
25,286,243
25,297,325
26,1,479
26,3,261
26,4,88
26,7,291
26,8,503
26,11,132
26,12,440
26,15,276
26,16,201
26,17,563
26,18,368
26,20,465
26,22,580
26,23,310
26,24,21
26,25,490
26,27,258
26,28,122
26,29,245
26,32,405
26,33,151
26,36,534
26,37,187
26,42,161
26,43,240
26,46,70
26,48,364
26,49,584
26,51,487
26,53,191
26,55,488
26,60,415
26,61,186
26,63,51
26,64,357
26,68,319
26,71,113
26,73,49
26,74,128
26,79,92
26,83,43
26,86,199
26,88,255
26,89,284
26,90,280
26,91,531
26,94,514
26,97,308
26,98,95
26,99,91
26,100,230
26,102,372
26,106,128
26,109,149
26,112,366
26,113,1
26,114,496
26,122,39
26,126,26
26,135,304
26,136,324
26,141,415
26,142,238
26,145,255
26,147,511
26,150,261
26,152,75
26,155,4
26,159,575
26,163,564
26,164,114
26,167,386
26,168,462
26,171,414
26,182,124
26,183,545
26,184,116
26,196,404
26,198,485
26,202,375
26,205,456
26,212,261
26,228,595
26,229,123
26,231,422
26,233,414
26,235,41
26,242,331
26,253,152
26,254,591
26,256,161
26,258,269
26,260,271
26,263,222
26,266,380
26,268,579
26,270,157
26,277,126
26,280,32
26,282,81
26,283,118
26,292,53
26,295,190
27,1,564
27,2,259
27,3,536
27,5,505
27,8,598
27,11,360
27,12,546
27,14,348
27,15,116
27,19,272
27,20,111
27,22,199
27,23,594
27,25,206
27,26,258
27,29,588
27,30,212
27,31,270
27,34,65
27,35,313
27,38,60
27,39,524
27,40,520
27,41,115
27,42,95
27,43,106
27,47,160
27,49,530
27,51,585
27,52,322
27,53,54
27,54,311
27,56,531
27,58,113
27,60,280
27,62,428
27,63,588
27,65,498
27,66,557
27,68,388
27,69,32
27,71,495
27,72,91
27,73,364
27,75,216
27,77,130
27,78,168
27,79,82
27,81,206
27,82,323
27,86,329
27,95,528
27,97,76
27,99,195
27,101,232
27,106,357
27,107,25
27,108,460
27,114,34
27,115,400
27,123,361
27,124,150
27,127,155
27,128,256
27,131,569
27,132,376
27,133,373
27,139,108
27,140,417
27,141,238
27,142,23
27,145,448
27,154,230
27,155,47
27,158,408
27,164,471
27,165,166
27,170,151
27,171,67
27,178,373
27,182,550
27,188,26
27,189,67
27,217,313
27,220,75
27,232,466
27,235,157
27,239,466
27,247,404
27,252,397
27,257,198
27,258,228
27,260,563
27,261,359
27,280,300
27,282,79
27,283,568
27,284,491
27,288,414
27,289,499
28,1,532
28,2,350
28,3,563
28,5,151
28,6,182
28,9,503
28,10,197
28,11,368
28,12,427
28,14,216
28,15,252
28,16,66
28,18,301
28,20,297
28,23,251
28,24,407
28,26,122
28,29,534
28,31,180
28,32,321
28,34,315
28,35,193
28,36,441
28,38,115
28,39,495
28,41,516
28,42,355
28,43,564
28,44,502
28,45,55
28,47,252
28,48,135
28,49,428
28,50,509
28,51,28
28,52,381
28,53,316
28,54,372
28,56,528
28,57,274
28,58,141
28,59,498
28,60,134
28,61,208
28,63,453
28,66,433
28,68,314
28,70,325
28,72,174
28,73,205
28,74,54
28,75,118
28,76,566
28,79,473
28,81,171
28,84,351
28,85,588
28,86,176
28,93,197
28,95,363
28,97,241
28,99,80
28,105,390
28,114,191
28,116,412
28,118,375
28,127,401
28,129,227
28,134,197
28,139,150
28,144,470
28,149,423
28,151,447
28,155,30
28,157,416
28,159,480
28,162,179
28,163,253
28,167,114
28,169,271
28,170,311
28,172,398
28,173,77
28,177,289
28,182,202
28,188,75
28,190,558
28,191,361
28,196,37
28,198,32
28,201,584
28,205,526
28,210,72
28,211,333
28,212,457
28,214,570
28,217,439
28,219,89
28,232,221
28,241,34
28,256,66
28,257,444
28,265,247
28,279,125
28,285,580
28,292,477
28,295,25
29,1,324
29,4,6
29,6,443
29,7,501
29,11,222
29,13,424
29,15,592
29,18,132
29,22,180
29,24,436
29,25,337
29,26,245
29,27,588
29,28,534
29,31,120
29,33,329
29,35,207
29,36,539
29,37,123
29,38,336
29,40,195
29,41,324
29,42,375
29,44,107
29,45,238
29,47,217
29,49,568
29,50,27
29,51,417
29,52,321
29,53,359
29,54,406
29,56,556
29,57,402
29,58,383
29,59,310
29,60,409
29,62,354
29,64,17
29,67,21
29,68,221
29,70,422
29,73,517
29,74,42
29,75,384
29,76,523
29,77,118
29,81,336
29,85,446
29,86,32
29,87,114
29,88,104
29,97,548
29,98,266
29,100,553
29,101,98
29,106,69
29,114,131
29,118,62
29,119,418
29,120,165
29,122,279
29,124,151
29,125,31
29,127,504
29,131,120
29,135,590
29,138,515
29,139,37
29,149,554
29,150,16
29,151,60
29,152,477
29,155,174
29,159,298
29,161,220
29,162,265
29,175,405
29,177,572
29,179,219
29,183,569
29,187,282
29,192,475
29,195,457
29,198,482
29,200,323
29,202,422
29,209,221
29,215,348
29,218,146
29,226,592
29,229,460
29,235,551
29,241,248
29,246,584
29,248,86
29,253,340
29,255,167
29,262,536
29,265,19
29,270,24
29,271,464
29,273,434
29,274,306
29,277,447
29,278,50
29,288,187
29,292,401
29,294,591
30,1,10
30,4,103
30,5,390
30,7,585
30,8,239
30,9,120
30,10,537
30,11,170
30,12,362
30,13,598
30,14,285
30,16,597
30,17,326
30,18,271
30,21,378
30,24,375
30,25,181
30,27,212
30,31,595
30,32,203
30,33,254
30,36,496
30,39,139
30,40,108
30,41,82
30,42,324
30,45,94
30,46,336
30,47,429
30,49,102
30,50,565
30,53,423
30,55,146
30,57,498
30,58,457
30,60,551
30,61,519
30,65,89
30,68,329
30,69,24
30,72,332
30,73,291
30,74,584
30,75,400
30,76,373
30,80,335
30,82,43
30,84,564
30,86,266
30,90,84
30,92,181
30,93,589
30,95,579
30,97,121
30,98,163
30,100,116
30,101,140
30,104,262
30,112,174
30,114,268
30,115,56
30,117,539
30,125,196
30,126,68
30,134,59
30,135,293
30,139,301
30,141,390
30,143,54
30,145,339
30,146,224
30,149,576
30,150,485
30,152,77
30,156,109
30,158,42
30,163,266
30,164,476
30,165,437
30,172,560
30,176,336
30,177,277
30,187,87
30,192,466
30,193,364
30,196,184
30,202,80
30,204,220
30,205,30
30,206,24
30,208,1
30,209,320
30,210,14
30,211,202
30,212,389
30,217,291
30,220,386
30,224,126
30,229,130
30,235,538
30,248,134
30,249,351
30,253,352
30,254,251
30,255,552
30,256,396
30,259,549
30,265,284
30,266,270
30,271,108
30,283,590
30,290,167
31,1,69
31,2,145
31,4,47
31,5,473
31,8,531
31,9,583
31,10,523
31,13,199
31,14,203
31,15,595
31,16,403
31,18,423
31,19,336
31,21,385
31,22,54
31,23,575
31,25,470
31,27,270
31,28,180
31,29,120
31,30,595
31,32,121
31,34,549
31,36,132
31,37,8
31,38,119
31,39,360
31,40,535
31,43,489
31,44,572
31,45,52
31,48,210
31,49,385
31,50,531
31,52,217
31,53,289
31,54,274
31,55,467
31,59,104
31,60,289
31,61,424
31,62,489
31,64,600
31,65,259
31,66,143
31,68,23
31,69,222
31,74,130
31,81,31
31,84,186
31,85,402
31,90,457
31,91,302
31,93,400
31,96,298
31,97,453
31,101,139
31,102,428
31,106,246
31,108,286
31,117,14
31,122,209
31,125,331
31,128,104
31,139,97
31,143,183
31,146,216
31,148,567
31,150,285
31,153,104
31,159,255
31,161,507
31,167,54
31,172,4
31,173,375
31,184,67
31,196,87
31,197,174
31,199,186
31,203,59
31,204,119
31,208,351
31,216,225
31,222,52
31,224,228
31,229,456
31,235,480
31,238,386
31,240,524
31,249,118
31,254,354
31,257,363
31,265,363
31,277,107
31,278,595
31,286,401
31,292,533
31,297,498
32,1,191
32,2,80
32,3,518
32,5,592
32,6,374
32,9,439
32,11,180
32,12,327
32,13,403
32,17,17
32,19,145
32,21,69
32,22,221
32,23,154
32,24,528
32,25,306
32,26,405
32,28,321
32,30,203
32,31,121
32,34,595
32,35,82
32,36,447
32,37,32
32,38,161
32,40,44
32,41,511
32,42,460
32,43,284
32,44,211
32,45,211
32,46,371
32,47,565
32,48,596
32,50,420
32,52,360
32,54,391
32,55,107
32,56,509
32,57,272
32,58,460
32,59,360
32,61,412
32,62,373
32,66,521
32,68,283
32,70,52
32,72,483
32,75,113
32,76,295
32,77,482
32,78,430
32,79,142
32,80,440
32,86,599
32,88,301
32,90,268
32,91,328
32,92,266
32,93,486
32,94,17
32,95,180
32,98,127
32,100,117
32,105,93
32,107,377
32,108,37
32,109,279
32,113,227
32,115,215
32,116,301
32,119,83
32,120,378
32,121,443
32,123,223
32,125,47
32,128,59
32,132,236
32,134,166
32,135,38
32,139,532
32,141,466
32,143,337
32,145,307
32,147,251
32,151,122
32,153,72
32,156,258
32,160,269
32,167,215
32,168,67
32,174,585
32,180,402
32,181,519
32,182,302
32,194,141
32,196,412
32,197,238
32,198,492
32,204,168
32,212,427
32,216,266
32,223,226
32,225,325
32,229,574
32,232,189
32,236,406
32,245,171
32,246,48
32,250,62
32,256,359
32,263,409
32,265,52
32,280,147
32,281,221
32,292,24
32,298,361
32,299,366
33,1,438
33,2,529
33,5,49
33,7,466
33,8,369
33,10,72
33,15,384
33,16,216
33,17,337
33,18,118
33,19,439
33,20,275
33,21,10
33,22,340
33,23,299
33,24,381
33,25,368
33,26,151
33,29,329
33,30,254
33,35,52
33,36,179
33,39,107
33,40,558
33,41,580
33,44,565
33,45,471
33,46,41
33,47,21
33,48,583
33,49,114
33,50,480
33,51,312
33,52,450
33,53,57
33,56,550
33,57,464
33,60,104
33,61,540
33,62,399
33,63,195
33,64,82
33,65,231
33,67,333
33,69,112
33,70,177
33,73,163
33,75,132
33,76,16
33,77,231
33,78,176
33,79,2
33,80,575
33,83,358
33,84,326
33,85,532
33,89,543
33,91,19
33,92,521
33,93,77
33,94,357
33,95,18
33,96,203
33,97,115
33,101,240
33,102,303
33,103,401
33,106,295
33,110,67
33,112,285
33,113,593
33,115,460
33,116,493
33,117,112
33,119,49
33,120,379
33,121,172
33,124,487
33,125,423
33,129,472
33,130,314
33,133,288
33,136,153
33,137,445
33,141,524
33,149,114
33,152,254
33,154,20
33,156,103
33,157,179
33,160,578
33,163,253
33,164,283
33,168,394
33,169,449
33,176,18
33,178,392
33,180,577
33,185,77
33,186,349
33,187,8
33,195,251
33,198,244
33,200,43
33,201,173
33,205,445
33,212,288
33,215,484
33,241,357
33,244,326
33,247,414
33,255,491
33,256,304
33,257,460
33,261,504
33,269,577
33,273,13
33,275,152
33,278,320
33,279,379
33,281,419
33,284,133
33,287,181
34,1,227
34,2,191
34,4,576
34,5,481
34,9,342
34,11,526
34,12,181
34,13,333
34,16,473
34,17,11
34,19,328
34,20,484
34,21,586
34,22,20
34,23,488
34,24,373
34,25,559
34,27,65
34,28,315
34,31,549
34,32,595
34,36,125
34,37,589
34,38,294
34,40,296
34,44,39
34,45,255
34,46,338
34,47,214
34,49,366
34,51,7
34,52,283
34,53,557
34,55,157
34,57,479
34,58,165
34,60,392
34,61,98
34,62,148
34,63,380
34,66,252
34,68,168
34,70,395
34,71,454
34,72,503
34,74,567
34,75,399
34,76,365
34,78,315
34,79,136
34,80,73
34,81,550
34,82,387
34,85,264
34,86,455
34,87,448
34,88,338
34,89,144
34,90,469
34,91,427
34,94,72
34,96,520
34,98,448
34,101,245
34,104,214
34,106,18
34,108,207
34,111,526
34,113,517
34,114,136
34,127,571
34,128,587
34,131,344
34,136,228
34,140,84
34,153,401
34,154,163
34,160,36
34,162,415
34,169,548
34,172,281
34,177,44
34,179,425
34,180,36
34,186,341
34,189,150
34,194,386
34,199,282
34,204,38
34,207,555
34,218,527
34,223,481
34,228,598
34,229,362
34,238,576
34,239,367
34,244,271
34,245,23
34,250,364
34,252,221
34,268,81
34,271,394
34,274,453
34,275,443
34,277,204
34,285,536
34,291,57
34,292,300
35,2,503
35,3,86
35,4,211
35,6,398
35,7,341
35,8,579
35,10,24
35,11,33
35,12,239
35,13,438
35,14,52
35,15,343
35,16,519
35,22,378
35,23,515
35,24,486
35,25,329
35,27,313
35,28,193
35,29,207
35,32,82
35,33,52
35,37,144
35,38,456
35,39,589
35,40,597
35,41,409
35,42,157
35,44,489
35,45,141
35,46,8
35,47,121
35,48,213
35,50,432
35,53,285
35,54,288
35,55,424
35,57,443
35,58,454
35,60,366
35,62,275
35,63,230
35,65,169
35,68,552
35,70,323
35,73,262
35,74,56
35,82,443
35,83,452
35,84,155
35,85,414
35,88,73
35,90,198
35,95,200
35,96,72
35,98,586
35,101,192
35,104,184
35,105,165
35,106,131
35,107,565
35,113,120
35,114,270
35,117,364
35,121,506
35,122,455
35,124,266
35,127,326
35,128,429
35,130,556
35,132,311
35,133,354
35,143,294
35,145,127
35,151,561
35,155,261
35,161,130
35,162,22
35,171,430
35,179,459
35,183,443
35,185,541
35,187,240
35,188,291
35,189,367
35,195,376
35,201,568
35,212,172
35,219,40
35,223,249
35,226,326
35,227,218
35,228,522
35,230,410
35,234,442
35,238,572
35,241,138
35,248,297
35,251,112
35,253,271
35,265,458
35,269,475
35,271,410
35,274,345
35,275,528
35,276,64
35,289,489
35,290,452
36,1,307
36,2,366
36,4,268
36,5,383
36,6,499
36,9,103
36,10,481
36,12,25
36,13,245
36,14,467
36,15,52
36,17,345
36,18,253
36,20,456
36,21,368
36,22,270
36,24,167
36,25,587
36,26,534
36,28,441
36,29,539
36,30,496
36,31,132
36,32,447
36,33,179
36,34,125
36,38,416
36,40,140
36,42,475
36,43,282
36,44,200
36,46,600
36,48,465
36,52,344
36,54,174
36,55,510
36,56,413
36,57,574
36,58,394
36,60,176
36,61,322
36,62,104
36,63,535
36,64,123
36,67,233
36,68,86
36,71,574
36,72,524
36,73,83
36,77,403
36,80,9
36,82,595
36,83,148
36,84,126
36,86,282
36,87,251
36,88,273
36,93,363
36,94,248
36,96,133
36,97,27
36,105,24
36,111,91
36,114,21
36,115,155
36,117,183
36,120,350
36,121,59
36,122,244
36,125,314
36,126,396
36,129,412
36,132,210
36,134,219
36,135,598
36,138,288
36,143,526
36,145,435
36,148,480
36,149,194
36,153,443
36,169,14
36,170,556
36,178,234
36,179,272
36,186,44
36,189,502
36,193,10
36,199,131
36,200,276
36,202,61
36,203,355
36,206,22
36,207,598
36,209,403
36,211,403
36,219,509
36,228,6
36,233,544
36,236,107
36,240,383
36,246,583
36,258,337
36,259,432
36,264,261
36,267,474
36,268,272
36,270,387
36,272,240
36,273,465
36,276,430
36,280,231
36,290,454
36,291,283
36,293,241
37,2,414
37,3,557
37,4,220
37,7,275
37,9,538
37,11,224
37,12,170
37,13,167
37,14,288
37,18,218
37,19,363
37,20,254
37,21,158
37,22,585
37,23,356
37,25,129
37,26,187
37,29,123
37,31,8
37,32,32
37,34,589
37,35,144
37,40,102
37,41,272
37,42,284
37,44,82
37,46,60
37,47,344
37,49,154
37,50,105
37,51,132
37,53,554
37,54,127
37,55,137
37,56,207
37,59,500
37,61,255
37,63,4
37,64,266
37,66,302
37,67,511
37,68,457
37,69,53
37,70,324
37,71,275
37,72,573
37,73,244
37,74,325
37,75,303
37,76,380
37,79,412
37,80,286
37,81,475
37,84,154
37,85,521
37,86,414
37,87,399
37,88,574
37,89,236
37,90,121
37,94,500
37,95,388
37,97,139
37,101,377
37,103,79
37,104,363
37,110,128
37,112,354
37,115,85
37,117,309
37,126,140
37,130,7
37,132,120
37,133,174
37,134,382
37,135,223
37,138,244
37,140,215
37,148,142
37,151,247
37,152,103
37,156,296
37,159,505
37,160,269
37,162,90
37,165,232
37,169,230
37,173,163
37,174,106
37,177,546
37,183,280
37,190,18
37,191,359
37,197,315
37,201,374
37,203,208
37,204,127
37,205,110
37,208,229
37,211,98
37,213,192
37,219,331
37,225,142
37,272,530
37,286,176
37,292,8
37,294,280
38,1,581
38,3,541
38,4,554
38,5,427
38,6,142
38,7,306
38,8,98
38,10,88
38,14,596
38,15,174
38,17,101
38,18,86
38,19,146
38,21,305
38,22,335
38,27,60
38,28,115
38,29,336
38,31,119
38,32,161
38,34,294
38,35,456
38,36,416
38,40,571
38,41,77
38,42,101
38,43,232
38,44,587
38,45,496
38,46,78
38,48,415
38,52,342
38,53,88
38,54,66
38,56,86
38,58,565
38,59,118
38,61,374
38,65,145
38,66,248
38,68,560
38,69,176
38,70,230
38,71,358
