source,target,weight
1,2,451
1,3,237
1,4,319
1,5,462
1,6,99
1,8,138
1,9,239
1,10,351
1,11,294
1,13,407
1,15,424
1,17,160
1,18,109
1,19,341
1,20,56
1,22,233
1,24,573
1,26,300
1,28,371
1,30,320
1,34,372
1,40,23
1,50,465
1,53,255
1,54,518
1,69,93
1,80,289
1,89,240
1,105,482
1,112,584
1,118,217
1,119,435
1,123,573
1,130,153
1,131,110
1,141,15
1,158,188
1,180,15
1,200,357
1,205,493
1,217,491
1,218,147
1,239,87
1,253,552
1,256,76
1,270,523
1,297,508
2,1,451
2,3,413
2,4,529
2,5,13
2,6,379
2,7,545
2,11,126
2,13,133
2,17,15
2,21,142
2,29,591
2,32,546
2,39,97
2,43,26
2,47,566
2,48,225
2,52,1
2,57,217
2,71,388
2,77,212
2,91,10
2,92,118
2,114,560
2,125,151
2,140,400
2,153,175
2,185,164
2,282,541
2,296,111
3,1,237
3,2,413
3,4,567
3,6,131
3,8,437
3,9,141
3,10,546
3,11,470
3,12,591
3,16,330
3,18,44
3,25,272
3,32,365
3,37,318
3,39,450
3,44,7
3,49,395
3,52,230
3,56,230
3,60,101
3,65,469
3,71,389
3,73,360
3,82,56
3,85,410
3,106,154
3,115,591
3,131,408
3,169,435
3,190,590
3,202,20
3,215,150
3,219,177
3,248,109
3,280,418
4,1,319
4,2,529
4,3,567
4,5,380
4,6,429
4,8,296
4,10,109
4,12,208
4,13,206
4,14,586
4,17,534
4,18,280
4,22,488
4,23,586
4,26,370
4,29,157
4,45,345
4,46,565
4,56,178
4,66,303
4,77,368
4,102,495
4,107,219
4,110,384
4,112,130
4,126,92
4,145,11
4,157,452
4,168,35
4,201,326
4,260,269
4,271,195
4,274,286
4,286,13
5,1,462
5,2,13
5,4,380
5,6,34
5,8,560
5,9,568
5,10,405
5,11,112
5,12,304
5,13,194
5,14,382
5,19,297
5,22,389
5,24,596
5,31,56
5,33,198
5,34,518
5,35,576
5,37,584
5,41,77
5,42,390
5,47,188
5,48,308
5,50,431
5,53,586
5,58,102
5,60,131
5,62,177
5,69,305
5,72,281
5,84,333
5,87,118
5,97,88
5,98,549
5,99,188
5,100,587
5,103,71
5,108,395
5,113,56
5,157,279
5,176,455
5,184,214
5,195,17
5,207,579
5,262,402
5,278,417
6,1,99
6,2,379
6,3,131
6,4,429
6,5,34
6,7,364
6,8,285
6,9,220
6,10,375
6,12,554
6,13,475
6,18,488
6,19,261
6,21,148
6,23,577
6,27,502
6,29,391
6,40,576
6,44,418
6,57,202
6,61,316
6,65,353
6,79,524
6,82,494
6,86,185
6,96,225
6,102,372
6,110,406
6,114,121
6,125,268
6,128,348
6,133,26
6,151,131
6,188,189
6,248,507
6,250,450
6,266,388
6,279,258
7,2,545
7,6,364
7,8,422
7,9,34
7,11,76
7,12,536
7,16,248
7,18,311
7,19,545
7,21,69
7,22,557
7,31,220
7,34,577
7,39,339
7,45,377
7,46,591
7,51,599
7,52,599
7,77,293
7,78,136
7,86,181
7,90,363
7,94,105
7,97,538
7,103,58
7,104,128
7,113,298
7,156,92
7,231,322
7,251,508
7,259,223
7,264,145
7,266,208
7,269,363
7,283,140
7,291,35
7,299,28
8,1,138
8,3,437
8,4,296
8,5,560
8,6,285
8,7,422
8,14,442
8,15,136
8,25,359
8,26,401
8,29,177
8,35,536
8,38,400
8,40,17
8,41,91
8,44,497
8,55,59
8,59,60
8,61,461
8,62,330
8,66,393
8,67,107
8,75,280
8,90,450
8,109,12
8,123,458
8,130,139
8,162,179
8,168,69
8,172,195
8,186,87
8,215,349
8,264,97
8,267,578
8,285,541
8,293,193
9,1,239
9,3,141
9,5,568
9,6,220
9,7,34
9,10,173
9,11,503
9,12,280
9,13,355
9,14,553
9,17,324
9,20,423
9,35,85
9,36,367
9,39,14
9,42,579
9,43,424
9,56,216
9,58,5
9,82,160
9,85,251
9,88,420
9,96,21
9,104,490
9,122,429
9,126,71
9,127,389
9,138,404
9,147,306
9,152,229
9,164,33
9,172,60
9,173,66
9,209,113
9,230,297
9,292,481
10,1,351
10,3,546
10,4,109
10,5,405
10,6,375
10,9,173
10,11,14
10,12,497
10,14,54
10,16,123
10,17,529
10,19,109
10,21,326
10,27,225
10,29,127
10,32,57
10,38,316
10,42,258
10,61,241
10,66,392
10,85,310
10,92,442
10,95,359
10,103,303
10,113,167
10,115,497
10,117,346
10,145,477
10,162,365
10,180,94
10,201,151
10,219,247
10,241,325
10,244,339
10,255,37
11,1,294
11,2,126
11,3,470
11,5,112
11,7,76
11,9,503
11,10,14
11,12,11
11,15,298
11,16,535
11,19,142
11,20,166
11,21,280
11,22,13
11,24,207
11,29,225
11,33,209
11,39,186
11,55,327
11,60,43
11,63,77
11,68,84
11,73,11
11,75,67
11,80,549
11,90,422
11,133,485
11,135,374
11,148,400
11,151,38
11,196,529
12,3,591
12,4,208
12,5,304
12,6,554
12,7,536
12,9,280
12,10,497
12,11,11
12,14,228
12,15,531
12,16,532
12,20,195
12,22,479
12,23,544
12,28,595
12,30,227
12,34,449
12,35,177
12,37,593
12,38,185
12,45,447
12,52,336
12,57,197
12,69,220
12,70,526
12,81,237
12,89,86
12,103,120
12,147,164
12,151,425
12,164,136
12,172,424
12,220,211
12,233,503
12,263,8
12,276,599
13,1,407
13,2,133
13,4,206
13,5,194
13,6,475
13,9,355
13,15,578
13,16,319
13,17,284
13,25,186
13,26,446
13,27,460
13,29,475
13,31,400
13,41,494
13,42,138
13,44,198
13,45,391
13,54,521
13,60,236
13,73,105
13,93,108
13,113,462
13,136,569
13,160,437
13,206,496
13,219,257
13,223,543
13,295,305
14,4,586
14,5,382
14,8,442
14,9,553
14,10,54
14,12,228
14,15,382
14,19,204
14,21,261
14,22,153
14,25,180
14,43,29
14,48,83
14,49,259
14,58,28
14,65,33
14,73,570
14,81,44
14,88,20
14,94,145
14,95,286
14,97,120
14,99,66
14,118,441
14,126,133
14,138,164
14,144,483
14,145,47
14,147,260
14,149,598
14,150,207
14,160,131
14,161,265
14,174,266
14,176,501
14,197,342
14,241,218
14,298,324
15,1,424
15,8,136
15,11,298
15,12,531
15,13,578
15,14,382
15,16,185
15,17,321
15,18,38
15,28,529
15,35,76
15,57,80
15,63,6
15,64,396
15,70,423
15,78,473
15,84,420
15,89,467
15,93,163
15,119,323
15,124,255
15,129,548
15,160,238
15,168,399
15,169,408
15,247,329
15,295,324
16,3,330
16,7,248
16,10,123
16,11,535
16,12,532
16,13,319
16,15,185
16,17,83
16,18,316
16,19,376
16,24,122
16,25,483
16,26,51
16,35,254
16,43,371
16,46,228
16,48,151
16,51,235
16,59,26
16,95,46
16,152,600
16,153,328
16,175,20
16,210,63
16,270,542
16,300,507
17,1,160
17,2,15
17,4,534
17,9,324
17,10,529
17,13,284
17,15,321
17,16,83
17,20,377
17,24,21
17,26,258
17,32,336
17,34,568
17,36,511
17,71,465
17,76,305
17,86,157
17,97,456
17,106,71
17,109,156
17,119,497
17,122,453
17,128,463
17,135,154
17,186,246
17,187,170
17,199,316
17,229,420
17,260,554
17,278,424
17,285,55
17,298,500
18,1,109
18,3,44
18,4,280
18,6,488
18,7,311
18,15,38
18,16,316
18,20,381
18,23,64
18,24,71
18,25,238
18,27,189
18,28,541
18,31,257
18,32,240
18,36,235
18,47,317
18,49,72
18,55,274
18,70,192
18,72,534
18,105,583
18,110,35
18,115,493
18,121,197
18,155,46
18,164,445
18,166,434
18,223,542
18,239,550
18,249,198
19,1,341
19,5,297
19,6,261
19,7,545
19,10,109
19,11,142
19,14,204
19,16,376
19,20,459
19,24,208
19,26,290
19,31,559
19,33,491
19,41,585
19,44,409
19,46,260
19,51,276
19,52,583
19,59,63
19,64,501
19,65,414
19,95,308
19,98,454
19,105,266
19,108,344
19,122,465
19,125,572
19,135,345
19,139,474
19,153,422
19,168,309
19,170,525
19,192,39
19,212,381
19,281,419
19,296,165
20,1,56
20,9,423
20,11,166
20,12,195
20,17,377
20,18,381
20,19,459
20,21,555
20,23,258
20,24,339
20,25,573
20,28,317
20,30,406
20,35,550
20,36,499
20,42,302
20,50,129
20,56,400
20,74,253
20,89,97
20,155,344
20,162,503
20,169,236
20,171,98
20,172,533
20,180,385
20,201,69
20,250,457
20,273,86
20,275,68
20,300,135
21,2,142
21,6,148
21,7,69
21,10,326
21,11,280
21,14,261
21,20,555
21,22,87
21,23,19
21,26,488
21,27,38
21,31,37
21,38,516
21,52,530
21,64,115
21,96,226
21,116,390
21,140,116
21,170,190
21,209,448
21,220,170
21,227,340
21,230,64
21,234,162
21,241,445
21,284,180
22,1,233
22,4,488
22,5,389
22,7,557
22,11,13
22,12,479
22,14,153
22,21,87
22,23,467
22,26,138
22,27,371
22,32,378
22,35,546
22,36,446
22,39,301
22,62,501
22,69,504
22,74,263
22,82,584
22,88,327
22,90,66
22,96,92
22,100,481
22,108,147
22,128,26
22,137,285
22,164,483
22,165,318
22,177,352
22,191,206
22,206,62
22,210,308
22,240,176
22,258,389
22,276,280
22,295,404
23,4,586
23,6,577
23,12,544
23,18,64
23,20,258
23,21,19
23,22,467
23,24,4
23,29,62
23,30,331
23,31,119
23,32,543
23,36,264
23,38,169
23,46,451
23,52,359
23,53,319
23,74,69
23,83,203
23,89,235
23,106,582
23,112,255
23,116,527
23,121,355
23,124,531
23,136,317
23,142,390
23,144,271
23,145,214
23,166,567
23,190,112
23,215,519
23,252,68
23,272,599
24,1,573
24,5,596
24,11,207
24,16,122
24,17,21
24,18,71
24,19,208
24,20,339
24,23,4
24,28,571
24,30,447
24,32,287
24,33,180
24,37,59
24,38,13
24,39,364
24,40,496
24,48,521
24,54,574
24,56,230
24,58,553
24,59,248
24,72,228
24,76,22
24,95,382
24,118,157
24,120,110
24,124,5
24,130,20
24,133,38
24,168,335
24,178,412
24,183,395
24,194,12
24,225,595
25,3,272
25,8,359
25,13,186
25,14,180
25,16,483
25,18,238
25,20,573
25,27,566
25,28,490
25,34,485
25,43,275
25,52,237
25,56,428
25,93,162
25,164,227
25,225,309
25,245,421
25,249,165
25,253,212
25,258,200
25,292,40
26,1,300
26,4,370
26,8,401
26,13,446
26,16,51
26,17,258
26,19,290
26,21,488
26,22,138
26,28,71
26,39,63
26,61,487
26,83,222
26,93,234
26,105,75
26,107,599
26,111,252
26,133,549
26,134,226
26,155,476
26,173,84
26,223,313
26,233,233
26,250,377
27,6,502
27,10,225
27,13,460
27,18,189
27,21,38
27,22,371
27,25,566
27,30,500
27,34,278
27,37,164
27,40,366
27,43,376
27,45,355
27,47,215
27,55,449
27,58,351
27,59,162
27,111,18
27,138,444
27,146,529
27,171,563
27,183,454
27,223,545
27,246,387
27,293,71
28,1,371
28,12,595
28,15,529
28,18,541
28,20,317
28,24,571
28,25,490
28,26,71
28,30,468
28,31,480
28,32,301
28,36,213
28,37,303
28,40,273
28,41,512
28,45,559
28,49,506
28,55,276
28,57,577
28,58,443
28,63,371
28,67,397
28,70,222
28,71,188
28,83,266
28,91,279
28,105,20
28,111,222
28,127,159
28,141,410
28,143,117
28,146,386
28,149,94
28,163,253
28,182,210
28,210,526
28,216,315
28,254,49
29,2,591
29,4,157
29,6,391
29,8,177
29,10,127
29,11,225
29,13,475
29,23,62
29,38,128
29,40,67
29,44,28
29,49,497
29,50,546
29,54,391
29,59,128
29,61,133
29,75,269
29,79,422
29,81,482
29,83,376
29,87,540
29,88,167
29,101,38
29,151,552
29,157,513
29,161,223
29,198,289
29,199,501
30,1,320
30,12,227
30,20,406
30,23,331
30,24,447
30,27,500
30,28,468
30,33,413
30,37,566
30,40,460
30,41,56
30,42,296
30,43,294
30,44,502
30,46,10
30,50,69
30,60,504
30,78,382
30,97,408
30,110,333
30,127,416
30,129,435
30,131,345
30,165,191
30,188,188
30,192,15
30,227,194
30,231,295
31,5,56
31,7,220
31,13,400
31,18,257
31,19,559
31,21,37
31,23,119
31,28,480
31,33,500
31,38,270
31,44,428
31,48,157
31,56,274
31,60,318
31,63,494
31,78,167
31,94,267
31,108,93
31,132,355
31,170,404
31,193,154
31,200,221
31,201,223
31,203,234
31,215,52
31,228,560
31,236,584
31,241,251
32,2,546
32,3,365
32,10,57
32,17,336
32,18,240
32,22,378
32,23,543
32,24,287
32,28,301
32,33,313
32,34,339
32,39,425
32,40,89
32,41,424
32,43,58
32,50,18
32,60,133
32,66,472
32,94,133
32,123,93
32,125,586
32,134,419
32,135,530
32,141,193
32,142,202
32,144,398
32,183,517
32,190,79
32,202,165
32,211,361
32,212,585
32,245,305
32,251,374
32,260,562
32,274,396
33,5,198
33,11,209
33,19,491
33,24,180
33,30,413
33,31,500
33,32,313
33,38,578
33,46,114
33,47,490
33,56,380
33,60,271
33,61,555
33,67,384
33,83,349
33,113,210
33,120,318
33,131,395
33,179,507
33,186,397
33,200,67
33,284,474
33,294,84
33,297,303
34,1,372
34,5,518
34,7,577
34,12,449
34,17,568
34,25,485
34,27,278
34,32,339
34,37,255
34,41,46
34,51,53
34,63,357
34,70,280
34,90,536
34,124,172
34,133,249
34,135,376
34,148,335
34,153,25
34,172,430
34,178,42
34,186,456
34,188,17
34,268,100
34,277,497
35,5,576
35,8,536
35,9,85
35,12,177
35,15,76
35,16,254
35,20,550
35,22,546
35,41,423
35,42,379
35,46,570
35,50,8
35,58,165
35,62,253
35,64,363
35,87,434
35,97,583
35,106,228
35,110,180
35,118,310
35,122,401
35,129,70
35,152,396
35,184,3
35,234,179
35,299,4
36,9,367
36,17,511
36,18,235
36,20,499
36,22,446
36,23,264
36,28,213
36,47,326
36,49,592
36,51,561
36,69,218
36,80,376
36,91,62
36,101,174
36,107,554
36,167,410
36,199,532
36,218,195
36,227,547
36,228,344
36,239,380
36,250,13
37,3,318
37,5,584
37,12,593
37,24,59
37,27,164
37,28,303
37,30,566
37,34,255
37,42,124
37,61,34
37,72,128
37,83,335
37,102,256
37,118,422
37,135,575
37,150,526
37,197,382
37,220,521
37,276,381
37,292,509
38,8,400
38,10,316
38,12,185
38,21,516
38,23,169
38,24,13
38,29,128
38,31,270
38,33,578
38,45,115
38,63,597
38,64,263
38,71,433
38,74,516
38,81,462
38,94,165
38,112,233
38,115,308
38,125,247
38,150,86
38,154,472
38,161,362
38,162,265
38,196,294
38,210,246
38,245,245
38,259,53
38,275,245
38,295,10
39,2,97
39,3,450
39,7,339
39,9,14
39,11,186
39,22,301
39,24,364
39,26,63
39,32,425
39,51,165
39,55,35
39,72,397
39,90,335
39,93,114
39,104,28
39,105,25
39,134,424
39,139,168
39,160,306
39,181,286
39,182,303
39,193,185
39,228,182
39,232,28
39,246,462
39,263,86
39,266,297
39,290,165
39,296,327
40,1,23
40,6,576
40,8,17
40,24,496
40,27,366
40,28,273
40,29,67
40,30,460
40,32,89
40,45,22
40,47,372
40,48,173
40,51,117
40,54,128
40,57,94
40,62,35
40,65,270
40,68,457
40,70,149
40,88,179
40,93,42
40,109,440
40,118,506
40,120,191
40,142,393
40,161,173
40,181,379
40,188,141
41,5,77
41,8,91
41,13,494
41,19,585
41,28,512
41,30,56
41,32,424
41,34,46
41,35,423
41,57,442
41,63,67
41,66,100
41,67,439
41,69,597
41,77,441
41,91,392
41,108,501
41,109,91
41,116,422
41,149,70
41,155,107
41,169,543
41,205,188
41,229,547
41,235,321
41,237,410
41,263,449
42,5,390
42,9,579
42,10,258
42,13,138
42,20,302
42,30,296
42,35,379
42,37,124
42,48,6
42,50,477
42,53,125
42,54,261
42,60,90
42,75,343
42,76,205
42,84,163
42,94,40
42,121,409
42,125,401
42,157,540
42,160,529
42,174,431
42,179,124
42,184,482
42,209,350
42,223,576
42,224,224
43,2,26
43,9,424
43,14,29
43,16,371
43,25,275
43,27,376
43,30,294
43,32,58
43,45,570
43,47,190
43,53,540
43,59,218
43,73,304
43,80,486
43,98,83
43,104,106
43,105,388
43,111,173
43,113,70
43,124,543
43,131,1
43,159,41
43,161,204
43,227,461
43,245,277
43,256,108
43,265,51
43,271,527
43,285,89
44,3,7
44,6,418
44,8,497
44,13,198
44,19,409
44,29,28
44,30,502
44,31,428
44,49,512
44,54,89
44,68,219
44,69,35
44,72,206
44,105,550
44,117,260
44,121,266
44,123,167
44,159,480
44,176,247
44,179,564
44,180,162
44,207,376
44,255,31
44,281,134
44,289,66
45,4,345
45,7,377
45,12,447
45,13,391
45,27,355
45,28,559
45,38,115
45,40,22
45,43,570
45,51,127
45,55,376
45,58,484
45,65,396
45,66,125
45,73,500
45,79,297
45,80,421
45,81,209
45,104,431
45,142,538
45,157,248
45,182,395
45,229,40
45,238,461
46,4,565
46,7,591
46,16,228
46,19,260
46,23,451
46,30,10
46,33,114
46,35,570
46,47,162
46,48,173
46,53,39
46,69,43
46,81,71
46,85,409
46,88,509
46,105,596
46,136,473
46,148,182
46,177,547
46,181,409
46,210,29
46,227,542
46,243,557
46,253,327
46,267,285
46,286,333
47,2,566
47,5,188
47,18,317
47,27,215
47,33,490
47,36,326
47,40,372
47,43,190
47,46,162
47,56,382
47,59,142
47,72,260
47,76,206
47,85,237
47,87,183
47,90,254
47,92,341
47,95,85
47,147,485
47,268,495
47,300,129
48,2,225
48,5,308
48,14,83
48,16,151
48,24,521
48,31,157
48,40,173
48,42,6
48,46,173
48,76,493
48,77,181
48,82,206
48,112,525
48,117,467
48,119,161
48,146,397
48,192,194
48,211,113
48,219,25
49,3,395
49,14,259
49,18,72
49,28,506
49,29,497
49,36,592
49,44,512
49,53,526
49,65,428
49,75,29
49,82,58
49,93,115
49,141,164
49,150,329
49,154,320
49,182,391
49,212,368
49,253,125
49,291,38
49,293,174
50,1,465
50,5,431
50,20,129
50,29,546
50,30,69
50,32,18
50,35,8
50,42,477
50,84,382
50,132,146
50,154,191
50,164,235
50,195,224
50,197,21
50,199,209
50,236,189
50,260,241
51,7,599
51,16,235
51,19,276
51,34,53
51,36,561
51,39,165
51,40,117
51,45,127
51,55,54
51,64,434
51,68,125
51,71,75
51,84,90
51,85,79
51,97,475
51,127,264
51,132,421
51,152,507
51,155,194
51,177,125
51,179,173
51,183,360
51,199,422
51,295,221
52,2,1
52,3,230
52,7,599
52,12,336
52,19,583
52,21,530
52,23,359
52,25,237
52,57,585
52,58,233
52,59,34
52,62,440
52,64,325
52,78,367
52,83,594
52,87,371
52,91,131
52,96,50
52,102,351
52,114,336
52,154,34
52,185,178
52,208,246
52,214,78
52,217,63
52,230,138
52,231,333
52,232,362
52,253,183
52,256,583
52,273,16
52,278,222
53,1,255
53,5,586
53,23,319
53,42,125
53,43,540
53,46,39
53,49,526
53,57,336
53,61,515
53,66,568
53,67,395
53,68,216
53,72,332
53,74,479
53,77,199
53,79,178
53,86,490
53,113,390
53,143,197
53,156,49
53,173,536
53,192,280
53,195,189
53,199,84
53,214,331
53,237,203
53,263,438
53,277,18
53,284,371
54,1,518
54,13,521
54,24,574
54,29,391
54,40,128
54,42,261
54,44,89
54,67,223
54,79,446
54,86,234
54,99,104
54,100,158
54,114,291
54,116,561
54,123,164
54,126,165
54,128,188
54,133,162
54,135,298
54,137,106
54,147,185
54,161,281
54,188,533
54,212,291
54,213,220
54,298,591
55,8,59
55,11,327
55,18,274
55,27,449
55,28,276
55,39,35
55,45,376
55,51,54
55,64,227
55,65,332
55,68,474
55,89,564
55,99,341
55,153,48
55,183,10
55,204,208
55,234,63
55,282,98
56,3,230
56,4,178
56,9,216
56,20,400
56,24,230
56,25,428
56,31,274
56,33,380
56,47,382
56,62,389
56,64,328
56,67,400
56,70,472
56,73,214
56,75,440
56,84,543
56,109,571
56,120,277
56,133,103
56,149,584
56,168,297
56,176,186
56,178,25
56,201,102
56,205,174
56,212,585
56,227,537
56,237,316
57,2,217
57,6,202
57,12,197
57,15,80
57,28,577
57,40,94
57,41,442
57,52,585
57,53,336
57,63,578
57,70,180
57,71,391
57,81,397
57,84,351
57,109,377
57,127,498
57,165,20
57,190,280
57,195,578
57,272,453
57,275,287
57,277,90
58,5,102
58,9,5
58,14,28
58,24,553
58,27,351
58,28,443
58,35,165
58,45,484
58,52,233
58,62,92
58,65,296
58,72,141
58,80,34
58,88,569
58,96,184
58,107,261
58,116,275
58,119,56
58,120,34
58,146,14
58,179,252
58,181,296
58,202,292
58,203,471
58,226,334
58,263,142
58,288,469
59,8,60
59,16,26
59,19,63
59,24,248
59,27,162
59,29,128
59,43,218
59,47,142
59,52,34
59,66,474
59,76,352
59,78,359
59,80,398
59,86,291
59,127,485
59,143,98
59,161,324
59,197,55
59,291,100
60,3,101
60,5,131
60,11,43
60,13,236
60,30,504
60,31,318
60,32,133
60,33,271
60,42,90
60,63,308
60,83,191
60,112,446
60,196,489
60,201,154
60,225,325
60,240,128
60,293,439
61,6,316
61,8,461
61,10,241
61,26,487
61,29,133
61,33,555
61,37,34
61,53,515
61,62,326
61,71,553
61,74,14
61,90,81
61,103,317
61,107,593
61,108,87
61,117,109
61,128,85
61,131,76
61,138,546
61,158,307
61,162,185
61,184,541
61,187,485
61,226,553
61,247,413
62,5,177
62,8,330
62,22,501
62,35,253
62,40,35
62,52,440
62,56,389
62,58,92
62,61,326
62,67,73
62,69,62
62,79,297
62,84,532
62,91,535
62,94,315
62,95,369
62,113,522
62,118,118
62,145,85
62,151,336
62,168,432
62,199,315
62,215,346
62,221,185
62,245,131
63,11,77
63,15,6
63,28,371
63,31,494
63,34,357
63,38,597
63,41,67
63,57,578
63,60,308
63,68,532
63,77,313
63,78,573
63,209,344
63,220,240
63,232,32
63,235,364
63,246,460
63,248,159
63,293,436
64,15,396
64,19,501
64,21,115
64,35,363
64,38,263
64,51,434
64,52,325
64,55,227
64,56,328
64,74,314
64,75,450
64,96,37
64,99,590
64,104,5
64,107,280
64,138,288
64,142,598
64,149,323
64,205,60
64,268,45
65,3,469
65,6,353
65,14,33
65,19,414
65,40,270
65,45,396
65,49,428
65,55,332
65,58,296
65,68,144
65,79,243
65,104,283
65,145,446
65,157,594
65,183,558
65,218,453
65,288,309
66,4,303
66,8,393
66,10,392
66,32,472
66,41,100
66,45,125
66,53,568
66,59,474
66,75,573
66,79,19
66,137,563
66,138,455
66,145,208
66,185,44
66,192,584
66,223,532
66,245,74
66,267,527
66,269,86
67,8,107
67,28,397
67,33,384
67,41,439
67,53,395
67,54,223
67,56,400
67,62,73
67,76,115
67,92,567
67,102,492
67,156,557
67,162,102
67,165,137
67,171,478
67,172,185
67,173,317
67,177,44
67,231,48
67,258,408
67,287,333
68,11,84
68,40,457
68,44,219
68,51,125
68,53,216
68,55,474
68,63,532
68,65,144
68,73,256
68,77,255
68,80,184
68,87,353
68,91,113
68,97,19
68,111,286
68,118,26
68,124,461
68,136,470
68,140,292
68,150,191
68,159,202
68,167,283
68,171,268
68,174,588
68,200,308
68,228,86
68,235,460
68,271,464
68,286,228
69,1,93
69,5,305
69,12,220
69,22,504
69,36,218
69,41,597
69,44,35
69,46,43
69,62,62
69,74,149
69,89,189
69,111,393
69,126,300
69,130,23
69,135,200
69,169,26
69,184,364
69,201,443
69,246,557
69,248,314
70,12,526
70,15,423
70,18,192
70,28,222
70,34,280
70,40,149
70,56,472
70,57,180
70,82,422
70,100,297
70,103,110
70,108,260
70,134,267
70,151,61
70,221,533
70,232,364
70,263,151
70,297,487
71,2,388
71,3,389
71,17,465
71,28,188
71,38,433
71,51,75
71,57,391
71,61,553
71,78,540
71,81,8
71,82,500
71,93,507
71,100,476
71,104,509
71,109,466
71,159,205
71,163,341
71,182,586
71,236,176
71,257,128
71,280,465
72,5,281
72,18,534
72,24,228
72,37,128
72,39,397
72,44,206
72,47,260
72,53,332
72,58,141
72,77,597
72,80,481
72,83,290
72,92,162
72,102,188
72,103,198
72,112,19
72,122,352
72,124,146
72,215,208
72,234,397
72,243,1
72,284,26
73,3,360
73,11,11
73,13,105
73,14,570
73,43,304
73,45,500
73,56,214
73,68,256
73,78,428
73,98,217
73,99,239
73,144,493
73,162,512
73,175,142
73,178,538
73,185,410
73,191,110
73,221,423
73,240,387
73,257,407
73,280,156
73,295,590
74,20,253
74,22,263
74,23,69
74,38,516
74,53,479
74,61,14
74,64,314
74,69,149
74,76,150
74,85,553
74,134,490
74,158,323
74,159,487
74,160,316
74,167,420
74,176,190
74,178,325
74,203,493
74,218,494
74,262,498
75,8,280
75,11,67
75,29,269
75,42,343
75,49,29
75,56,440
75,64,450
75,66,573
75,76,303
75,97,31
75,100,54
75,137,338
75,175,460
75,201,449
75,230,227
75,254,163
75,281,517
75,289,96
76,17,305
76,24,22
76,42,205
76,47,206
76,48,493
76,59,352
76,67,115
76,74,150
76,75,303
76,85,103
76,102,325
76,112,435
76,121,223
76,129,333
76,142,75
76,143,102
76,153,279
76,163,10
76,206,229
76,213,515
76,234,227
76,262,411
77,2,212
77,4,368
77,7,293
77,41,441
77,48,181
77,53,199
77,63,313
77,68,255
77,72,597
77,86,508
77,87,136
77,92,237
77,102,444
77,106,79
77,184,460
77,204,350
77,235,320
78,7,136
78,15,473
78,30,382
78,31,167
78,52,367
78,59,359
78,63,573
78,71,540
78,73,428
78,82,497
78,85,453
78,90,545
78,107,184
78,117,402
78,159,36
78,226,476
78,261,105
78,267,191
79,6,524
79,29,422
79,45,297
79,53,178
79,54,446
79,62,297
79,65,243
79,66,19
79,81,9
79,86,302
79,88,191
79,96,421
79,117,582
79,124,233
79,138,475
79,139,189
79,153,514
79,155,243
79,158,47
79,174,211
79,187,409
79,195,215
79,202,82
79,250,298
80,1,289
80,11,549
80,36,376
80,43,486
80,45,421
80,58,34
80,59,398
80,68,184
80,72,481
80,86,381
80,89,135
80,91,157
80,99,197
80,106,343
80,114,184
80,122,402
80,141,280
80,146,123
80,157,112
80,163,132
80,183,72
80,222,294
80,224,449
80,292,402
81,12,237
81,14,44
81,29,482
81,38,462
81,45,209
81,46,71
81,57,397
81,71,8
81,79,9
81,87,449
81,93,358
81,101,298
81,111,336
81,113,296
81,173,476
81,176,159
81,200,98
81,224,299
81,230,462
81,243,511
81,257,397
82,3,56
82,6,494
82,9,160
82,22,584
82,48,206
82,49,58
82,70,422
82,71,500
82,78,497
82,84,367
82,128,41
82,129,546
82,137,213
82,141,161
82,142,37
82,154,322
82,158,176
82,167,91
82,186,339
82,194,60
82,196,415
82,206,1
82,240,315
82,272,473
82,273,47
82,275,554
83,23,203
83,26,222
83,28,266
83,29,376
83,33,349
83,37,335
83,52,594
83,60,191
83,72,290
83,174,248
83,175,331
83,204,146
83,267,372
83,287,295
83,294,407
84,5,333
84,15,420
84,42,163
84,50,382
84,51,90
84,56,543
84,57,351
84,62,532
84,82,367
84,111,438
84,128,372
84,149,178
84,174,546
85,3,410
85,9,251
85,10,310
85,46,409
85,47,237
85,51,79
85,74,553
85,76,103
85,78,453
85,92,44
85,100,561
85,121,10
85,149,459
85,205,482
85,208,210
85,212,134
85,221,224
85,228,188
86,6,185
86,7,181
86,17,157
86,53,490
86,54,234
86,59,291
86,77,508
86,79,302
86,80,381
86,87,260
86,88,89
86,106,98
86,108,265
86,131,265
86,136,511
86,156,271
86,221,392
86,225,13
87,5,118
87,29,540
87,35,434
87,47,183
87,52,371
87,68,353
87,77,136
87,81,449
87,86,260
87,98,297
87,106,581
87,112,565
87,114,233
87,117,411
87,125,56
87,145,50
87,146,332
87,148,203
87,245,102
88,9,420
88,14,20
88,22,327
88,29,167
88,40,179
88,46,509
88,58,569
88,79,191
88,86,89
88,94,570
88,110,509
88,129,62
88,132,126
88,147,448
88,150,22
88,274,514
89,1,240
89,12,86
89,15,467
89,20,97
89,23,235
89,55,564
89,69,189
89,80,135
89,92,163
89,98,250
89,100,41
89,108,514
89,140,67
89,153,256
89,164,320
89,182,380
89,194,255
89,198,341
89,227,370
89,233,220
89,262,519
89,298,403
90,7,363
90,8,450
90,11,422
90,22,66
90,34,536
90,39,335
90,47,254
90,61,81
90,78,545
90,92,264
90,101,334
90,115,298
90,119,246
90,138,159
90,149,340
90,155,225
90,164,551
90,205,229
90,211,27
90,221,527
90,240,90
90,269,264
90,289,430
91,2,10
91,28,279
91,36,62
91,41,392
91,52,131
91,62,535
91,68,113
91,80,157
91,95,206
91,100,296
91,111,164
91,134,487
91,200,60
91,278,427
91,279,516
92,2,118
92,10,442
92,47,341
92,67,567
92,72,162
92,77,237
92,85,44
92,89,163
92,90,264
92,98,545
92,115,396
92,120,218
92,121,25
92,137,257
92,158,388
92,160,305
92,166,426
92,193,489
92,211,385
92,219,574
92,276,419
92,281,410
93,13,108
93,15,163
93,25,162
93,26,234
93,39,114
93,40,42
93,49,115
93,71,507
93,81,358
93,104,566
93,122,584
93,131,423
93,137,530
93,247,376
94,7,105
94,14,145
94,31,267
94,32,133
94,38,165
94,42,40
94,62,315
94,88,570
94,95,431
94,99,121
94,101,339
94,110,70
94,144,377
94,153,294
94,160,321
94,182,471
94,207,42
94,209,240
94,222,141
94,223,142
94,249,216
95,10,359
95,14,286
95,16,46
95,19,308
95,24,382
95,47,85
95,62,369
95,91,206
95,94,431
95,101,285
95,103,207
95,110,137
95,172,305
95,173,259
95,194,330
95,224,544
95,239,249
96,6,225
96,9,21
96,21,226
96,22,92
96,52,50
96,58,184
96,64,37
96,79,421
96,102,264
96,117,450
96,123,80
96,126,104
96,139,373
96,144,431
96,180,260
96,231,370
96,247,101
97,5,88
97,7,538
97,14,120
97,17,456
97,30,408
97,35,583
97,51,475
97,68,19
97,75,31
97,98,501
97,136,422
97,158,278
97,202,246
97,213,558
97,226,593
97,279,281
97,290,539
97,292,119
98,5,549
98,19,454
98,43,83
98,73,217
98,87,297
98,89,250
98,92,545
98,97,501
98,109,234
98,122,497
98,132,289
98,139,77
98,151,289
98,170,351
98,179,589
98,203,226
98,220,201
98,257,157
98,294,134
99,5,188
99,14,66
99,54,104
99,55,341
99,64,590
99,73,239
99,80,197
99,94,121
99,120,568
99,130,251
99,131,66
99,143,86
99,189,102
100,5,587
100,22,481
100,54,158
100,70,297
100,71,476
100,75,54
100,85,561
100,89,41
100,91,296
100,106,565
100,109,429
100,132,225
100,187,242
100,229,335
100,242,20
100,259,227
101,29,38
101,36,174
101,81,298
101,90,334
101,94,339
101,95,285
101,103,214
101,127,430
101,139,395
101,202,393
101,211,343
101,243,584
101,255,418
101,262,302
101,268,275
101,296,115
101,297,261
102,4,495
102,6,372
102,37,256
102,52,351
102,67,492
102,72,188
102,76,325
102,77,444
102,96,264
102,114,210
102,116,225
102,143,354
102,152,571
102,170,268
102,217,5
102,223,377
102,299,154
103,5,71
103,7,58
103,10,303
103,12,120
103,61,317
103,70,110
103,72,198
103,95,207
103,101,214
103,119,77
103,122,396
103,123,81
103,130,454
103,159,138
103,175,403
103,181,427
103,210,123
103,230,73
103,267,414
104,7,128
104,9,490
104,39,28
104,43,106
104,45,431
104,64,5
104,65,283
104,71,509
104,93,566
104,121,334
104,125,521
104,128,504
104,142,188
104,147,550
104,155,568
104,158,237
104,163,352
104,165,163
104,174,425
104,211,56
104,242,396
104,279,98
105,1,482
105,18,583
105,19,266
105,26,75
105,28,20
105,39,25
105,43,388
105,44,550
105,46,596
105,115,574
105,116,92
105,129,427
105,138,205
105,161,487
105,163,39
105,177,137
105,180,201
105,185,219
105,191,249
105,192,305
105,227,596
105,237,178
105,252,136
105,274,63
105,291,499
106,3,154
106,17,71
106,23,582
106,35,228
106,77,79
106,80,343
106,86,98
106,87,581
106,100,565
106,115,453
106,128,207
106,141,433
106,165,469
106,184,208
106,187,241
106,208,596
106,217,100
106,238,248
106,261,214
106,279,258
106,283,424
107,4,219
107,26,599
107,36,554
107,58,261
107,61,593
107,64,280
107,78,184
107,116,530
107,127,356
107,160,389
107,165,391
107,166,443
107,181,483
107,229,477
107,244,317
108,5,395
108,19,344
108,22,147
108,31,93
108,41,501
108,61,87
108,70,260
108,86,265
108,89,514
108,114,557
108,118,187
108,119,497
108,164,363
108,215,246
108,216,444
108,225,18
108,256,350
108,276,383
109,8,12
109,17,156
109,40,440
109,41,91
109,56,571
109,57,377
109,71,466
109,98,234
109,100,429
109,116,159
109,132,142
109,142,143
109,148,48
109,152,230
109,171,355
109,204,299
109,231,367
109,244,595
110,4,384
110,6,406
110,18,35
110,30,333
110,35,180
110,88,509
110,94,70
110,95,137
110,114,49
110,117,132
110,126,202
110,146,133
110,155,383
110,158,150
110,206,404
110,252,187
110,276,572
110,285,167
110,286,228
111,26,252
111,27,18
111,28,222
111,43,173
111,68,286
111,69,393
111,81,336
111,84,438
111,91,164
111,115,494
111,154,533
111,186,573
111,220,44
111,272,356
111,284,85
111,300,45
112,1,584
112,4,130
112,23,255
112,38,233
112,48,525
112,60,446
112,72,19
112,76,435
112,87,565
112,167,204
112,211,380
112,254,37
112,272,168
112,275,235
113,5,56
113,7,298
113,10,167
113,13,462
113,33,210
113,43,70
113,53,390
113,62,522
113,81,296
113,120,124
113,140,296
113,143,473
113,156,511
113,175,175
113,189,225
113,208,405
113,232,37
113,246,565
113,254,556
113,259,304
113,275,243
113,290,264
114,2,560
114,6,121
114,52,336
114,54,291
114,80,184
114,87,233
114,102,210
114,108,557
114,110,49
114,123,392
114,188,475
114,204,245
114,208,86
114,266,270
114,275,20
115,3,591
115,10,497
115,18,493
115,38,308
115,90,298
115,92,396
115,105,574
115,106,453
115,111,494
115,119,186
115,126,330
115,130,86
115,136,142
115,140,218
115,197,288
115,237,145
115,285,266
116,21,390
116,23,527
116,41,422
116,54,561
116,58,275
116,102,225
116,105,92
116,107,530
116,109,159
116,124,63
116,135,471
116,175,557
116,198,257
116,215,152
116,236,13
116,239,559
116,283,403
116,294,80
117,10,346
117,44,260
117,48,467
117,61,109
117,78,402
117,79,582
117,87,411
117,96,450
117,110,132
117,120,120
117,137,395
117,145,447
117,171,200
117,172,175
117,185,18
117,198,401
117,288,197
117,296,132
118,1,217
118,14,441
118,24,157
118,35,310
118,37,422
118,40,506
118,62,118
118,68,26
118,108,187
118,121,239
118,127,438
118,133,245
118,134,23
118,166,38
118,170,10
118,206,256
118,208,116
118,228,41
118,244,351
118,251,369
118,253,542
118,265,249
118,273,517
119,1,435
119,15,323
119,17,497
119,48,161
119,58,56
119,90,246
119,103,77
119,108,497
119,115,186
119,125,23
119,136,279
119,147,527
119,169,320
119,197,440
119,198,585
119,214,21
119,226,161
119,239,253
119,258,563
119,269,258
119,288,512
120,24,110
120,33,318
120,40,191
120,56,277
120,58,34
120,92,218
120,99,568
120,113,124
120,117,120
120,141,224
120,151,423
120,156,118
120,166,449
120,169,371
120,240,369
120,271,174
121,18,197
121,23,355
121,42,409
121,44,266
121,76,223
121,85,10
121,92,25
121,104,334
121,118,239
121,123,482
121,134,134
121,208,132
121,225,302
121,266,50
121,270,399
122,9,429
122,17,453
122,19,465
122,35,401
122,72,352
122,80,402
122,93,584
122,98,497
122,103,396
122,162,27
122,163,56
122,184,22
122,247,403
122,249,273
122,255,392
122,275,309
122,289,202
123,1,573
123,8,458
123,32,93
123,44,167
123,54,164
123,96,80
123,103,81
123,114,392
123,121,482
123,134,463
123,176,94
123,204,577
124,15,255
124,23,531
124,24,5
124,34,172
124,43,543
124,68,461
124,72,146
124,79,233
124,116,63
124,146,19
124,148,41
124,152,195
124,170,85
124,175,310
124,180,598
124,219,558
124,224,598
124,280,331
125,2,151
125,6,268
125,19,572
125,32,586
125,38,247
125,42,401
125,87,56
125,104,521
125,119,23
125,129,103
125,140,125
125,156,385
125,188,255
125,220,494
125,258,272
126,4,92
126,9,71
126,14,133
126,54,165
126,69,300
126,96,104
126,110,202
126,115,330
126,129,25
126,132,130
126,188,266
126,232,76
126,233,461
126,237,315
127,9,389
127,28,159
127,30,416
127,51,264
127,57,498
127,59,485
127,101,430
127,107,356
127,118,438
127,132,77
127,147,360
127,152,543
127,170,530
127,181,571
127,196,138
127,248,38
127,263,370
127,269,271
128,6,348
128,17,463
128,22,26
128,54,188
128,61,85
128,82,41
128,84,372
128,104,504
128,106,207
128,130,396
128,150,554
128,157,521
128,200,252
128,213,388
128,260,146
128,273,306
129,15,548
129,30,435
129,35,70
129,76,333
129,82,546
129,88,62
129,105,427
129,125,103
129,126,25
129,186,381
129,205,63
129,263,138
130,1,153
130,8,139
130,24,20
130,69,23
130,99,251
130,103,454
130,115,86
130,128,396
130,137,217
130,178,258
130,207,176
130,230,22
130,255,170
130,287,592
130,288,16
131,1,110
131,3,408
131,30,345
131,33,395
131,43,1
131,61,76
131,86,265
131,93,423
131,99,66
131,133,114
131,140,416
131,144,21
131,177,397
131,188,424
131,249,567
131,252,563
131,270,249
131,297,569
132,31,355
132,50,146
132,51,421
132,88,126
132,98,289
132,100,225
132,109,142
132,126,130
132,127,77
132,143,1
132,163,150
132,168,570
132,187,185
132,189,472
132,242,201
132,280,516
133,6,26
133,11,485
133,24,38
133,26,549
133,34,249
133,54,162
133,56,103
133,118,245
133,131,114
133,139,221
133,152,444
133,163,111
133,193,320
133,213,459
133,236,479
133,282,130
133,284,114
134,26,226
134,32,419
134,39,424
134,70,267
134,74,490
134,91,487
134,118,23
134,121,134
134,123,463
134,141,311
134,148,117
134,156,377
134,167,59
134,186,14
134,247,102
134,289,557
135,11,374
135,17,154
135,19,345
135,32,530
135,34,376
135,37,575
135,54,298
135,69,200
135,116,471
135,139,275
135,151,94
135,174,64
135,186,255
135,192,501
135,198,382
135,213,126
135,279,510
135,300,362
136,13,569
136,23,317
136,46,473
136,68,470
136,86,511
136,97,422
136,115,142
136,119,279
136,156,202
136,210,335
136,222,532
136,233,411
136,266,516
137,22,285
137,54,106
137,66,563
137,75,338
137,82,213
137,92,257
137,93,530
137,117,395
137,130,217
137,140,548
137,146,569
137,148,471
137,191,228
137,194,231
137,245,351
138,9,404
138,14,164
138,27,444
138,61,546
138,64,288
138,66,455
138,79,475
138,90,159
138,105,205
138,139,560
138,144,152
138,154,89
138,166,584
138,175,258
138,180,563
138,183,283
138,190,2
138,216,88
138,231,574
138,246,124
139,19,474
139,39,168
139,79,189
139,96,373
139,98,77
139,101,395
139,133,221
139,135,275
139,138,560
139,171,280
139,202,324
139,204,320
139,210,497
139,211,223
139,251,244
140,2,400
140,21,116
140,68,292
140,89,67
140,113,296
140,115,218
140,125,125
140,131,416
140,137,548
140,206,75
140,229,35
140,242,494
140,252,526
140,265,584
141,1,15
141,28,410
141,32,193
141,49,164
141,80,280
141,82,161
141,106,433
141,120,224
141,134,311
141,149,69
141,154,263
141,159,547
141,226,320
141,232,563
141,279,504
142,23,390
142,32,202
142,40,393
142,45,538
142,64,598
142,76,75
142,82,37
142,104,188
142,109,143
142,173,373
142,189,248
142,242,129
142,259,417
143,28,117
143,53,197
143,59,98
143,76,102
143,99,86
143,102,354
143,113,473
143,132,1
143,150,94
143,168,567
143,185,519
143,257,21
143,273,342
143,278,101
144,14,483
144,23,271
144,32,398
144,73,493
144,94,377
144,96,431
144,131,21
144,138,152
144,183,340
144,214,503
144,242,299
144,253,585
145,4,11
145,10,477
145,14,47
145,23,214
145,62,85
145,65,446
145,66,208
145,87,50
145,117,447
145,176,330
145,190,233
146,27,529
146,28,386
146,48,397
146,58,14
146,80,123
146,87,332
146,110,133
146,124,19
146,137,569
146,166,286
146,214,64
146,216,402
146,248,325
147,9,306
147,12,164
147,14,260
147,47,485
147,54,185
147,88,448
147,104,550
147,119,527
147,127,360
147,181,67
147,216,410
147,221,332
147,277,178
147,292,392
148,11,400
148,34,335
148,46,182
148,87,203
148,109,48
148,124,41
148,134,117
148,137,471
148,162,200
148,194,447
148,209,457
148,266,358
149,14,598
149,28,94
149,41,70
149,56,584
149,64,323
149,84,178
149,85,459
149,90,340
149,141,69
149,167,492
149,178,564
149,203,195
149,216,136
149,218,360
149,230,551
149,231,100
149,236,146
149,300,415
150,14,207
150,37,526
150,38,86
150,49,329
150,68,191
150,88,22
150,128,554
150,143,94
150,166,430
150,201,483
150,229,329
150,241,579
150,282,6
150,295,337
151,6,131
151,11,38
151,12,425
151,29,552
151,62,336
151,70,61
151,98,289
151,120,423
151,135,94
151,169,328
151,179,70
151,180,474
151,187,337
151,191,240
151,194,245
151,258,144
152,9,229
152,16,600
152,35,396
152,51,507
152,102,571
152,109,230
152,124,195
152,127,543
152,133,444
152,177,298
152,203,380
152,206,46
152,234,170
153,2,175
153,16,328
153,19,422
153,34,25
153,55,48
153,76,279
153,79,514
153,89,256
153,94,294
153,174,425
153,209,354
153,213,594
153,218,13
153,232,594
153,244,245
153,270,46
154,38,472
154,49,320
154,50,191
154,52,34
154,82,322
154,111,533
154,138,89
154,141,263
154,182,507
154,213,460
154,270,462
155,18,46
155,20,344
155,26,476
155,41,107
155,51,194
155,79,243
155,90,225
155,104,568
155,110,383
155,157,133
155,161,373
155,167,146
155,170,151
155,193,163
155,196,455
155,246,585
155,279,423
155,291,482
156,7,92
156,53,49
156,67,557
156,86,271
156,113,511
156,120,118
156,125,385
156,134,377
156,136,202
156,165,453
156,190,240
156,196,373
156,208,418
156,217,433
156,239,38
156,249,150
157,4,452
157,5,279
157,29,513
157,42,540
157,45,248
157,65,594
157,80,112
157,128,521
157,155,133
157,172,275
157,181,13
157,185,382
157,203,361
157,207,370
157,229,331
157,271,216
157,283,510
158,1,188
158,61,307
158,74,323
158,79,47
158,82,176
158,92,388
158,97,278
158,104,237
158,110,150
158,215,314
158,238,373
158,252,68
158,288,475
159,43,41
159,44,480
159,68,202
159,71,205
159,74,487
159,78,36
159,103,138
159,141,547
159,165,464
159,190,147
159,209,34
159,214,480
159,270,516
159,287,305
159,297,269
159,298,203
160,13,437
160,14,131
160,15,238
160,39,306
160,42,529
160,74,316
160,92,305
160,94,321
160,107,389
160,178,200
160,189,286
160,212,573
160,217,335
160,251,341
160,261,100
161,14,265
161,29,223
161,38,362
161,40,173
161,43,204
161,54,281
161,59,324
161,105,487
161,155,373
161,167,476
161,214,423
161,225,4
161,244,105
161,258,170
162,8,179
162,10,365
162,20,503
162,38,265
162,61,185
162,67,102
162,73,512
162,122,27
162,148,200
162,270,382
163,28,253
163,71,341
163,76,10
163,80,132
163,104,352
163,105,39
163,122,56
163,132,150
163,133,111
163,243,203
163,251,155
164,9,33
164,12,136
164,18,445
164,22,483
164,25,227
164,50,235
164,89,320
164,90,551
164,108,363
164,169,490
164,171,135
164,189,49
164,200,578
164,281,355
165,22,318
165,30,191
165,57,20
165,67,137
165,104,163
165,106,469
165,107,391
165,156,453
165,159,464
165,173,338
165,177,266
165,178,232
165,187,96
165,200,151
165,207,223
165,219,414
165,228,206
165,233,523
165,271,285
165,294,476
166,18,434
166,23,567
166,92,426
166,107,443
166,118,38
166,120,449
166,138,584
166,146,286
166,150,430
166,189,550
166,210,439
166,218,41
166,265,46
166,283,225
166,286,80
167,36,410
167,68,283
167,74,420
167,82,91
167,112,204
167,134,59
167,149,492
167,155,146
167,161,476
167,187,29
167,189,480
167,191,502
167,220,362
167,241,122
167,277,491
168,4,35
168,8,69
168,15,399
168,19,309
168,24,335
168,56,297
168,62,432
168,132,570
168,143,567
169,3,435
169,15,408
169,20,236
169,41,543
169,69,26
169,119,320
169,120,371
169,151,328
169,164,490
169,191,560
169,206,231
169,211,590
169,214,87
169,241,324
169,254,293
170,19,525
170,21,190
170,31,404
170,98,351
170,102,268
170,118,10
170,124,85
170,127,530
170,155,151
170,173,134
170,191,209
170,234,164
170,268,528
170,280,483
171,20,98
171,27,563
171,67,478
171,68,268
171,109,355
171,117,200
171,139,280
171,164,135
171,191,463
171,196,497
171,219,550
171,235,472
171,237,480
171,242,458
171,299,59
172,8,195
172,9,60
172,12,424
172,20,533
172,34,430
172,67,185
172,95,305
172,117,175
172,157,275
172,199,315
172,225,207
172,253,455
172,290,209
173,9,66
173,26,84
173,53,536
173,67,317
173,81,476
173,95,259
173,142,373
173,165,338
173,170,134
173,177,488
173,193,437
173,202,107
173,261,236
173,268,201
174,14,266
174,42,431
174,68,588
174,79,211
174,83,248
174,84,546
174,104,425
174,135,64
174,153,425
174,176,138
174,179,257
174,192,492
174,278,538
174,294,236
174,297,417
175,16,20
175,73,142
175,75,460
175,83,331
175,103,403
175,113,175
175,116,557
175,124,310
175,138,258
175,243,410
176,5,455
176,14,501
176,44,247
176,56,186
176,74,190
176,81,159
176,123,94
176,145,330
176,174,138
176,193,194
176,197,578
176,224,536
176,255,548
176,292,187
177,22,352
177,46,547
177,51,125
177,67,44
177,105,137
177,131,397
177,152,298
177,165,266
177,173,488
177,233,563
177,236,231
177,257,256
177,294,89
178,24,412
178,34,42
178,56,25
178,73,538
178,74,325
178,130,258
178,149,564
178,160,200
178,165,232
178,179,5
178,185,357
178,190,373
178,193,449
178,207,466
178,235,150
178,252,62
178,264,438
178,265,242
179,33,507
179,42,124
179,44,564
179,51,173
179,58,252
179,98,589
179,151,70
179,174,257
179,178,5
179,204,561
179,226,293
179,231,136
179,253,443
179,300,78
180,1,15
180,10,94
180,20,385
180,44,162
180,96,260
180,105,201
180,124,598
180,138,563
180,151,474
180,196,236
180,199,274
180,203,405
180,205,229
180,207,313
180,217,460
180,280,437
181,39,286
181,40,379
181,46,409
181,58,296
181,103,427
181,107,483
181,127,571
181,147,67
181,157,13
181,189,429
181,192,509
181,195,72
181,225,69
181,238,146
181,241,76
181,282,495
181,288,542
181,293,460
182,28,210
182,39,303
182,45,395
182,49,391
182,71,586
182,89,380
182,94,471
182,154,507
182,184,504
182,227,1
182,249,272
183,24,395
183,27,454
183,32,517
183,51,360
183,55,10
183,65,558
183,80,72
183,138,283
183,144,340
183,266,348
183,299,319
184,5,214
184,35,3
184,42,482
184,61,541
184,69,364
184,77,460
184,106,208
184,122,22
184,182,504
184,195,452
184,216,583
184,217,448
184,270,453
185,2,164
185,52,178
185,66,44
185,73,410
185,105,219
