source,target,weight
1,2,229
1,3,533
1,4,454
1,5,221
1,6,332
1,7,225
1,8,425
1,9,555
1,12,457
1,13,308
1,14,209
1,15,168
1,17,241
1,18,339
1,20,294
1,22,324
1,23,392
1,24,98
1,25,263
1,28,108
1,31,327
1,32,279
1,33,25
1,34,283
1,36,331
1,38,67
1,40,248
1,41,583
1,42,531
1,43,520
1,45,589
1,46,96
1,47,562
1,52,7
1,54,241
1,56,355
1,62,170
1,64,390
1,66,119
1,68,431
1,70,597
1,73,130
1,75,252
1,80,219
1,83,149
1,86,590
1,88,598
1,93,464
1,97,151
1,99,57
1,101,398
1,107,327
1,108,187
1,110,214
1,113,310
1,114,365
1,118,164
1,120,393
1,122,398
1,125,570
1,127,329
1,128,231
1,136,221
1,137,89
1,141,250
1,146,420
1,151,239
1,163,449
1,165,9
1,167,137
1,168,414
1,176,160
1,178,584
1,179,255
1,181,306
1,186,40
1,192,117
1,204,373
1,205,554
1,213,75
1,227,510
1,230,463
1,231,527
1,240,154
1,251,2
1,263,213
1,265,45
1,276,550
1,277,127
1,283,255
1,285,322
1,293,569
1,297,373
2,1,229
2,3,303
2,5,407
2,6,521
2,9,466
2,10,384
2,11,561
2,12,118
2,13,149
2,15,326
2,17,41
2,18,126
2,19,110
2,20,58
2,21,406
2,22,405
2,23,113
2,24,149
2,25,210
2,26,229
2,28,563
2,29,47
2,30,358
2,32,234
2,33,401
2,35,236
2,36,95
2,37,535
2,39,290
2,40,40
2,44,324
2,45,361
2,46,106
2,48,469
2,49,231
2,50,418
2,54,429
2,56,464
2,57,57
2,62,198
2,63,182
2,64,436
2,69,245
2,72,565
2,76,19
2,77,66
2,80,290
2,84,551
2,85,269
2,88,307
2,90,429
2,92,53
2,96,206
2,97,575
2,99,269
2,102,413
2,103,367
2,106,78
2,108,334
2,111,211
2,114,255
2,115,552
2,117,396
2,120,149
2,123,342
2,124,476
2,126,341
2,127,30
2,130,81
2,131,321
2,134,476
2,135,167
2,136,256
2,137,539
2,141,468
2,142,541
2,145,415
2,146,415
2,148,343
2,150,4
2,153,38
2,156,51
2,159,531
2,160,216
2,164,311
2,165,51
2,174,368
2,175,191
2,183,396
2,184,393
2,188,356
2,193,324
2,194,286
2,196,105
2,208,16
2,212,294
2,215,110
2,228,415
2,233,359
2,238,328
2,239,59
2,240,61
2,242,413
2,243,563
2,259,167
2,264,360
2,266,320
2,269,554
2,282,142
2,287,596
2,288,245
2,289,337
2,297,291
3,1,533
3,2,303
3,4,128
3,7,348
3,8,98
3,10,497
3,11,95
3,14,2
3,15,395
3,16,269
3,17,115
3,18,550
3,21,89
3,22,404
3,23,497
3,25,579
3,26,352
3,28,110
3,30,548
3,31,416
3,32,134
3,34,565
3,36,151
3,37,350
3,38,517
3,39,72
3,40,541
3,42,421
3,43,163
3,44,140
3,47,13
3,50,570
3,52,197
3,53,142
3,58,244
3,59,27
3,61,420
3,62,213
3,63,475
3,65,239
3,66,497
3,67,272
3,68,143
3,70,502
3,73,410
3,74,197
3,75,320
3,76,199
3,80,433
3,92,48
3,93,555
3,95,336
3,96,343
3,99,301
3,100,435
3,101,5
3,111,192
3,112,455
3,113,137
3,114,214
3,116,573
3,118,515
3,120,43
3,123,151
3,124,541
3,127,53
3,128,535
3,132,600
3,136,434
3,137,544
3,139,464
3,140,153
3,150,142
3,152,471
3,153,281
3,154,558
3,159,14
3,162,287
3,165,19
3,168,173
3,173,545
3,180,572
3,189,313
3,195,98
3,200,4
3,203,441
3,212,596
3,215,133
3,226,94
3,229,173
3,239,526
3,260,112
3,264,572
3,265,427
3,269,20
3,277,306
4,1,454
4,3,128
4,5,132
4,7,330
4,8,500
4,9,550
4,10,537
4,11,275
4,13,215
4,16,417
4,17,556
4,19,105
4,22,575
4,25,410
4,27,88
4,30,96
4,31,384
4,32,469
4,33,192
4,34,529
4,36,382
4,38,453
4,39,57
4,40,1
4,41,436
4,44,499
4,45,566
4,46,43
4,48,162
4,49,482
4,52,574
4,55,347
4,57,206
4,58,482
4,59,171
4,61,174
4,63,186
4,65,61
4,66,302
4,68,254
4,72,434
4,74,167
4,76,486
4,78,72
4,80,379
4,85,390
4,94,533
4,98,295
4,101,413
4,103,168
4,114,109
4,115,325
4,117,439
4,119,27
4,122,18
4,123,156
4,140,246
4,148,399
4,152,7
4,153,498
4,157,299
4,158,32
4,161,326
4,165,360
4,168,418
4,169,36
4,172,71
4,177,407
4,182,224
4,183,324
4,184,574
4,185,561
4,194,365
4,208,456
4,217,104
4,219,360
4,231,305
4,239,477
4,240,124
4,248,61
4,255,217
4,256,66
4,265,436
4,269,371
4,280,477
4,285,222
4,287,296
4,291,347
4,292,239
4,298,449
5,1,221
5,2,407
5,4,132
5,6,137
5,7,335
5,8,127
5,9,120
5,10,127
5,11,219
5,12,504
5,14,558
5,16,429
5,17,52
5,18,257
5,19,464
5,20,227
5,21,524
5,22,330
5,24,35
5,26,202
5,27,233
5,31,120
5,34,239
5,35,153
5,36,548
5,37,86
5,38,72
5,41,221
5,43,215
5,44,504
5,47,332
5,52,204
5,53,497
5,54,519
5,57,27
5,58,409
5,59,149
5,61,530
5,62,91
5,63,180
5,64,39
5,65,459
5,68,500
5,69,155
5,70,375
5,74,65
5,75,520
5,76,573
5,77,587
5,78,484
5,79,79
5,80,113
5,83,247
5,84,189
5,85,224
5,87,75
5,90,207
5,93,139
5,95,4
5,98,230
5,102,180
5,103,299
5,109,181
5,119,145
5,122,164
5,126,361
5,129,365
5,130,363
5,139,275
5,144,376
5,148,424
5,154,24
5,161,325
5,164,121
5,166,408
5,167,350
5,173,404
5,176,581
5,195,380
5,206,367
5,213,250
5,214,109
5,217,18
5,228,287
5,246,384
5,254,281
5,263,171
5,267,443
5,274,449
5,278,472
5,281,180
5,283,94
5,290,226
5,298,162
6,1,332
6,2,521
6,5,137
6,7,504
6,8,262
6,9,519
6,10,10
6,11,519
6,12,118
6,13,322
6,14,499
6,15,553
6,16,428
6,17,281
6,18,260
6,21,312
6,22,138
6,23,66
6,25,72
6,26,309
6,27,34
6,29,554
6,30,500
6,31,445
6,34,475
6,35,474
6,37,249
6,38,428
6,41,24
6,42,571
6,44,172
6,45,576
6,46,182
6,48,589
6,51,346
6,52,376
6,54,477
6,57,448
6,58,584
6,59,144
6,60,411
6,61,214
6,66,336
6,71,118
6,73,382
6,76,408
6,78,104
6,80,202
6,82,574
6,84,574
6,86,202
6,88,358
6,90,333
6,91,402
6,93,355
6,97,421
6,99,549
6,100,99
6,103,543
6,109,61
6,111,459
6,113,485
6,132,405
6,133,19
6,134,409
6,138,530
6,139,114
6,148,257
6,150,484
6,151,206
6,159,183
6,164,118
6,169,256
6,175,390
6,179,277
6,180,326
6,181,188
6,188,512
6,189,338
6,193,292
6,196,218
6,197,512
6,213,2
6,214,473
6,220,600
6,226,29
6,237,572
6,253,31
6,265,487
6,271,203
6,274,291
6,275,499
6,278,138
6,293,298
6,295,458
6,297,380
6,298,313
7,1,225
7,3,348
7,4,330
7,5,335
7,6,504
7,9,345
7,12,404
7,15,447
7,16,375
7,19,342
7,20,21
7,23,45
7,25,65
7,27,306
7,28,515
7,30,172
7,33,397
7,36,124
7,37,40
7,38,590
7,39,457
7,41,191
7,42,407
7,45,418
7,46,512
7,47,185
7,49,322
7,50,135
7,52,582
7,53,93
7,55,524
7,56,232
7,57,368
7,61,560
7,64,562
7,65,361
7,67,435
7,68,367
7,70,518
7,72,186
7,77,172
7,84,181
7,87,68
7,89,238
7,90,394
7,92,448
7,94,445
7,98,25
7,100,568
7,102,175
7,107,290
7,108,409
7,111,68
7,115,299
7,116,51
7,118,326
7,119,576
7,125,419
7,126,467
7,130,126
7,143,124
7,144,20
7,145,403
7,146,4
7,147,122
7,148,120
7,153,433
7,155,313
7,157,310
7,159,466
7,160,409
7,161,520
7,165,53
7,173,305
7,177,436
7,186,29
7,191,146
7,193,452
7,197,588
7,198,586
7,204,72
7,209,210
7,214,111
7,215,36
7,235,160
7,247,36
7,257,187
7,258,348
7,275,84
7,284,595
7,286,209
7,289,473
7,293,386
8,1,425
8,3,98
8,4,500
8,5,127
8,6,262
8,12,307
8,13,27
8,15,77
8,18,23
8,21,498
8,24,174
8,25,579
8,28,337
8,29,78
8,30,273
8,31,208
8,33,444
8,35,565
8,36,291
8,37,553
8,43,275
8,44,139
8,45,586
8,47,593
8,49,586
8,51,246
8,55,250
8,56,29
8,61,556
8,62,457
8,64,344
8,65,301
8,66,122
8,67,454
8,79,305
8,80,29
8,83,379
8,85,193
8,86,19
8,87,566
8,90,52
8,91,348
8,94,90
8,95,503
8,96,565
8,100,95
8,101,247
8,102,588
8,104,589
8,108,62
8,110,545
8,112,103
8,123,338
8,126,45
8,128,206
8,132,345
8,134,25
8,154,598
8,159,459
8,160,74
8,164,248
8,169,263
8,171,352
8,173,219
8,181,208
8,184,374
8,189,478
8,195,10
8,202,328
8,206,258
8,222,558
8,223,132
8,232,184
8,234,137
8,253,25
8,263,187
8,277,398
8,278,253
8,288,557
9,1,555
9,2,466
9,4,550
9,5,120
9,6,519
9,7,345
9,11,547
9,12,141
9,13,150
9,14,454
9,17,5
9,18,191
9,19,373
9,23,557
9,24,307
9,25,327
9,27,579
9,28,404
9,29,110
9,32,350
9,33,200
9,34,543
9,37,520
9,39,282
9,40,373
9,41,263
9,42,11
9,45,55
9,46,361
9,47,308
9,49,160
9,50,216
9,51,600
9,52,22
9,53,288
9,56,181
9,58,280
9,61,133
9,63,66
9,69,136
9,70,442
9,72,582
9,73,174
9,74,247
9,75,436
9,77,295
9,80,146
9,85,417
9,87,196
9,90,303
9,91,506
9,94,96
9,97,534
9,100,266
9,101,343
9,103,373
9,104,235
9,107,103
9,108,327
9,110,112
9,115,59
9,117,230
9,119,569
9,121,530
9,124,374
9,126,505
9,127,44
9,128,459
9,132,252
9,134,219
9,135,246
9,137,109
9,140,290
9,146,292
9,147,36
9,153,189
9,158,264
9,166,484
9,172,139
9,180,383
9,185,1
9,197,181
9,204,552
9,208,490
9,214,242
9,223,457
9,224,266
9,227,154
9,229,211
9,230,597
9,233,160
9,236,1
9,240,276
9,242,397
9,246,414
9,247,549
9,268,370
9,272,10
9,280,598
9,284,365
9,290,276
9,294,371
9,299,518
10,2,384
10,3,497
10,4,537
10,5,127
10,6,10
10,11,244
10,14,82
10,16,376
10,17,383
10,18,219
10,19,164
10,21,364
10,23,142
10,26,263
10,27,126
10,28,408
10,29,342
10,31,502
10,35,248
10,36,187
10,37,379
10,38,346
10,39,40
10,40,569
10,43,519
10,44,424
10,47,252
10,50,265
10,52,427
10,53,436
10,55,590
10,56,281
10,57,91
10,58,575
10,60,587
10,61,533
10,62,16
10,63,314
10,64,281
10,65,579
10,68,212
10,70,552
10,71,358
10,74,448
10,77,533
10,78,283
10,80,434
10,81,314
10,86,260
10,88,392
10,89,198
10,95,18
10,98,529
10,99,238
10,104,69
10,106,264
10,109,253
10,110,310
10,111,432
10,119,363
10,122,496
10,124,394
10,127,238
10,132,11
10,134,323
10,138,403
10,143,186
10,146,275
10,149,431
10,150,497
10,151,169
10,152,438
10,156,53
10,163,491
10,167,553
10,169,322
10,172,583
10,173,570
10,175,195
10,176,313
10,179,25
10,180,19
10,182,309
10,184,439
10,188,65
10,200,196
10,201,14
10,205,192
10,206,335
10,220,162
10,244,64
10,247,219
10,249,164
10,255,221
10,257,396
10,263,10
10,279,304
10,283,6
10,290,380
10,294,521
11,2,561
11,3,95
11,4,275
11,5,219
11,6,519
11,9,547
11,10,244
11,13,334
11,14,538
11,15,228
11,16,87
11,17,236
11,18,403
11,19,96
11,20,34
11,21,347
11,22,545
11,23,287
11,24,490
11,25,83
11,26,481
11,28,401
11,29,98
11,33,252
11,34,185
11,37,61
11,38,528
11,39,44
11,40,400
11,41,442
11,42,175
11,43,173
11,44,64
11,47,216
11,49,540
11,51,529
11,52,281
11,53,374
11,55,327
11,57,139
11,60,293
11,63,557
11,67,311
11,69,452
11,72,93
11,73,530
11,74,318
11,76,547
11,79,598
11,83,297
11,96,350
11,100,284
11,103,136
11,105,431
11,107,459
11,108,390
11,109,281
11,124,26
11,125,196
11,127,453
11,132,407
11,133,54
11,136,458
11,138,383
11,141,489
11,144,522
11,145,203
11,146,574
11,150,290
11,151,513
11,157,371
11,158,198
11,165,365
11,168,322
11,178,462
11,181,362
11,182,299
11,189,567
11,193,62
11,199,322
11,200,383
11,217,266
11,218,235
11,225,532
11,239,448
11,240,405
11,249,474
11,250,407
11,251,429
11,267,107
11,268,356
11,273,473
11,275,165
11,276,546
11,291,323
11,300,230
12,1,457
12,2,118
12,5,504
12,6,118
12,7,404
12,8,307
12,9,141
12,13,338
12,14,513
12,15,523
12,16,51
12,17,292
12,18,225
12,19,552
12,20,380
12,21,12
12,23,423
12,24,61
12,26,200
12,27,57
12,29,280
12,30,266
12,32,500
12,33,548
12,34,72
12,35,243
12,37,271
12,39,9
12,40,598
12,41,23
12,42,154
12,43,278
12,44,325
12,45,585
12,46,351
12,48,379
12,52,23
12,53,376
12,54,216
12,55,325
12,56,241
12,57,531
12,58,258
12,59,153
12,60,529
12,64,522
12,68,189
12,71,116
12,72,227
12,75,297
12,76,82
12,77,500
12,84,212
12,87,154
12,91,492
12,96,355
12,98,534
12,102,232
12,104,174
12,106,457
12,108,150
12,109,244
12,110,154
12,112,32
12,117,137
12,119,489
12,124,479
12,125,245
12,129,62
12,130,459
12,134,318
12,138,267
12,140,152
12,143,518
12,147,80
12,149,333
12,155,70
12,156,426
12,162,21
12,168,39
12,170,483
12,187,551
12,194,28
12,197,143
12,200,562
12,202,523
12,209,513
12,232,4
12,234,9
12,235,43
12,239,454
12,240,451
12,241,155
12,243,529
12,250,178
12,262,325
12,270,389
12,275,440
12,278,331
12,281,247
12,285,500
12,291,417
13,1,308
13,2,149
13,4,215
13,6,322
13,8,27
13,9,150
13,11,334
13,12,338
13,15,590
13,17,566
13,18,268
13,20,359
13,22,130
13,24,253
13,25,151
13,26,11
13,28,226
13,30,446
13,33,351
13,34,351
13,37,554
13,38,516
13,39,394
13,40,466
13,41,481
13,42,338
13,43,251
13,44,519
13,45,560
13,46,292
13,47,477
13,49,251
13,50,69
13,52,199
13,55,560
13,56,492
13,57,563
13,59,342
13,60,428
13,62,428
13,63,195
13,64,577
13,67,95
13,69,418
13,71,89
13,74,2
13,75,415
13,76,255
13,79,390
13,84,424
13,90,379
13,92,310
13,102,15
13,103,532
13,104,138
13,105,246
13,109,147
13,110,183
13,113,168
13,115,146
13,117,117
13,118,28
13,123,526
13,124,57
13,131,172
13,132,29
13,133,239
13,137,497
13,145,257
13,147,125
13,149,468
13,150,367
13,155,214
13,157,420
13,161,517
13,165,338
13,171,275
13,174,115
13,177,235
13,178,596
13,185,81
13,192,118
13,195,117
13,203,229
13,208,216
13,217,105
13,221,2
13,227,229
13,249,205
13,250,415
13,253,446
13,261,445
13,265,325
13,268,82
13,270,368
13,277,325
13,283,44
13,289,588
14,1,209
14,3,2
14,5,558
14,6,499
14,9,454
14,10,82
14,11,538
14,12,513
14,16,563
14,19,177
14,21,83
14,22,396
14,23,255
14,24,25
14,25,128
14,26,397
14,27,503
14,28,239
14,29,126
14,30,235
14,32,309
14,33,381
14,35,118
14,36,47
14,37,311
14,38,248
14,39,352
14,40,213
14,41,106
14,42,96
14,44,110
14,45,238
14,46,300
14,50,278
14,51,351
14,52,446
14,53,82
14,54,348
14,55,247
14,56,351
14,59,539
14,60,291
14,61,222
14,62,89
14,63,540
14,65,497
14,68,237
14,72,324
14,73,171
14,76,59
14,82,330
14,85,446
14,87,372
14,89,80
14,90,355
14,97,84
14,98,203
14,99,145
14,102,335
14,104,168
14,108,575
14,114,153
14,121,424
14,122,561
14,137,556
14,152,27
14,154,449
14,155,205
14,157,350
14,161,10
14,162,454
14,163,527
14,168,120
14,170,41
14,175,526
14,186,384
14,194,198
14,202,90
14,211,515
14,220,341
14,221,89
14,224,52
14,225,206
14,236,147
14,238,268
14,245,36
14,252,400
14,253,198
14,255,210
14,256,467
14,259,37
14,263,392
14,280,566
14,287,434
14,289,211
15,1,168
15,2,326
15,3,395
15,6,553
15,7,447
15,8,77
15,11,228
15,12,523
15,13,590
15,17,148
15,18,25
15,19,600
15,20,497
15,21,99
15,23,153
15,27,241
15,28,245
15,30,377
15,31,582
15,32,378
15,33,416
15,34,139
15,35,173
15,38,562
15,39,90
15,43,349
15,45,589
15,46,473
15,47,443
15,49,600
15,51,118
15,53,534
15,54,131
15,55,322
15,56,6
15,57,51
15,59,163
15,60,61
15,65,224
15,66,181
15,67,525
15,69,442
15,72,522
15,75,89
15,77,192
15,78,267
15,82,198
15,84,104
15,87,49
15,88,215
15,90,345
15,91,318
15,94,469
15,95,329
15,98,182
15,104,568
15,107,432
15,108,402
15,116,542
15,117,293
15,119,264
15,121,336
15,132,504
15,133,193
15,134,241
15,135,466
15,138,519
15,139,139
15,145,392
15,148,543
15,154,194
15,156,231
15,160,156
15,163,338
15,171,337
15,179,48
15,185,322
15,187,77
15,190,532
15,191,217
15,193,205
15,194,42
15,213,215
15,216,367
15,217,179
15,225,226
15,230,248
15,235,133
15,262,512
15,266,481
15,283,102
15,286,567
15,292,598
15,297,32
16,3,269
16,4,417
16,5,429
16,6,428
16,7,375
16,10,376
16,11,87
16,12,51
16,14,563
16,17,534
16,19,492
16,21,119
16,22,400
16,25,98
16,27,294
16,28,46
16,30,558
16,31,92
16,32,587
16,33,197
16,34,521
16,37,215
16,38,71
16,39,410
16,40,345
16,42,216
16,44,456
16,45,289
16,47,419
16,48,20
16,49,156
16,51,341
16,52,586
16,53,12
16,54,586
16,58,148
16,60,330
16,61,256
16,62,423
16,63,267
16,64,433
16,66,282
16,67,566
16,73,199
16,81,307
16,82,39
16,83,82
16,86,364
16,87,443
16,91,355
16,93,586
16,96,538
16,97,38
16,102,360
16,104,580
16,105,442
16,114,351
16,115,55
16,116,532
16,119,391
16,124,86
16,126,319
16,131,213
16,142,436
16,144,407
16,152,240
16,154,594
16,161,311
16,168,546
16,171,215
16,179,160
16,192,377
16,200,327
16,203,377
16,220,481
16,233,389
16,251,525
16,278,85
16,282,123
16,284,253
16,285,439
16,286,58
16,287,595
16,299,439
16,300,545
17,1,241
17,2,41
17,3,115
17,4,556
17,5,52
17,6,281
17,9,5
17,10,383
17,11,236
17,12,292
17,13,566
17,15,148
17,16,534
17,18,106
17,19,252
17,20,127
17,21,454
17,22,319
17,23,501
17,24,174
17,25,134
17,27,329
17,31,330
17,33,38
17,34,174
17,35,249
17,36,366
17,38,406
17,40,217
17,42,283
17,43,297
17,44,378
17,48,579
17,49,121
17,50,103
17,52,364
17,54,475
17,55,110
17,58,489
17,61,197
17,63,23
17,66,124
17,70,598
17,71,124
17,74,325
17,76,263
17,79,202
17,80,588
17,83,467
17,84,357
17,85,270
17,89,55
17,94,61
17,95,435
17,97,145
17,98,503
17,99,510
17,101,194
17,104,544
17,110,263
17,112,32
17,115,506
17,121,251
17,122,6
17,129,358
17,132,241
17,135,356
17,136,525
17,141,227
17,145,498
17,146,125
17,147,54
17,149,402
17,155,480
17,169,428
17,170,504
17,172,57
17,176,375
17,179,207
17,186,18
17,192,528
17,196,347
17,204,43
17,210,319
17,214,416
17,215,481
17,226,554
17,228,75
17,229,507
17,245,448
17,250,540
17,261,220
17,265,20
17,277,194
17,283,350
17,288,103
17,295,578
17,298,232
18,1,339
18,2,126
18,3,550
18,5,257
18,6,260
18,8,23
18,9,191
18,10,219
18,11,403
18,12,225
18,13,268
18,15,25
18,17,106
18,19,360
18,20,452
18,21,246
18,22,179
18,23,392
18,24,438
18,26,233
18,27,551
18,28,572
18,29,53
18,30,241
18,31,347
18,32,47
18,33,51
18,35,395
18,38,170
18,40,369
18,42,49
18,43,286
18,45,91
18,46,517
18,47,167
18,48,25
18,50,125
18,51,153
18,52,31
18,55,579
18,57,174
18,58,344
18,59,586
18,60,320
18,66,271
18,67,42
18,69,357
18,71,176
18,72,151
18,73,176
18,78,122
18,79,387
18,80,13
18,85,295
18,86,100
18,92,345
18,93,146
18,95,502
18,98,262
18,101,400
18,102,419
18,103,52
18,107,161
18,108,18
18,109,489
18,110,574
18,112,103
18,113,280
18,116,474
18,122,511
18,124,501
18,125,434
18,126,303
18,132,544
18,133,331
18,138,518
18,142,572
18,145,572
18,147,487
18,150,480
18,152,185
18,154,596
18,163,226
18,168,345
18,169,585
18,170,215
18,172,444
18,185,99
18,189,223
18,190,45
18,197,411
18,200,514
18,203,282
18,206,563
18,211,259
18,216,499
18,229,434
18,233,334
18,239,12
18,241,268
18,243,166
18,244,57
18,249,7
18,256,117
18,263,376
18,266,573
18,270,255
18,271,571
18,275,375
18,286,297
18,291,132
18,300,231
19,2,110
19,4,105
19,5,464
19,7,342
19,9,373
19,10,164
19,11,96
19,12,552
19,14,177
19,15,600
19,16,492
19,17,252
19,18,360
19,21,502
19,24,105
19,25,457
19,26,81
19,28,473
19,29,501
19,30,125
19,32,263
19,35,13
19,36,426
19,37,173
19,38,202
19,39,121
19,40,550
19,42,161
19,43,11
19,44,150
19,45,582
19,47,100
19,48,16
19,49,13
19,53,148
19,54,156
19,55,291
19,56,513
19,57,440
19,58,510
19,60,75
19,61,251
19,64,217
19,65,212
19,66,576
19,67,316
19,68,542
19,70,246
19,72,385
19,73,324
19,75,202
19,76,452
19,77,515
19,78,367
19,83,65
19,85,435
19,86,157
19,87,585
19,88,20
19,89,516
19,90,337
19,91,12
19,92,473
19,93,234
19,95,584
19,99,547
19,100,44
19,103,208
19,105,435
19,106,529
19,108,170
19,117,216
19,124,151
19,129,311
19,132,334
19,139,534
19,142,546
19,144,133
19,146,73
19,156,198
19,157,304
19,165,200
19,166,10
19,171,510
19,174,408
19,180,230
19,185,119
19,187,73
19,192,180
19,197,572
19,198,252
19,201,504
19,202,392
19,207,367
19,209,110
19,210,453
19,217,219
19,222,120
19,233,505
19,242,353
19,244,152
19,271,204
19,273,468
19,295,276
19,297,585
19,298,506
20,1,294
20,2,58
20,5,227
20,7,21
20,11,34
20,12,380
20,13,359
20,15,497
20,17,127
20,18,452
20,21,271
20,22,416
20,23,368
20,24,322
20,26,352
20,29,121
20,30,393
20,31,98
20,32,3
20,34,243
20,35,502
20,36,82
20,37,407
20,38,527
20,39,61
20,40,237
20,41,77
20,42,30
20,44,101
20,45,78
20,47,512
20,48,191
20,51,544
20,52,590
20,55,520
20,56,347
20,58,353
20,59,432
20,60,597
20,63,371
20,65,76
20,66,503
20,67,109
20,68,221
20,74,355
20,77,363
20,79,13
20,88,478
20,90,183
20,93,295
20,95,286
20,100,424
20,101,325
20,103,202
20,104,9
20,105,565
20,109,405
20,110,275
20,112,66
20,113,34
20,114,454
20,116,388
20,135,62
20,147,165
20,151,2
20,152,429
20,154,217
20,157,376
20,160,575
20,165,320
20,166,400
20,168,116
20,169,525
20,170,124
20,173,423
20,176,504
20,185,117
20,187,31
20,192,244
20,194,53
20,195,374
20,205,574
20,208,108
20,211,579
20,216,166
20,217,578
20,218,538
20,221,549
20,222,12
20,226,356
20,231,103
20,234,388
20,240,119
20,248,268
20,249,541
20,258,172
20,269,572
20,275,129
20,281,220
20,283,365
20,289,197
20,290,428
21,2,406
21,3,89
21,5,524
21,6,312
21,8,498
21,10,364
21,11,347
21,12,12
21,14,83
21,15,99
21,16,119
21,17,454
21,18,246
21,19,502
21,20,271
21,22,79
21,23,261
21,24,58
21,26,525
21,27,143
21,28,485
21,31,305
21,32,79
21,34,89
21,35,341
21,36,39
21,37,495
21,41,512
21,42,312
21,43,254
21,46,484
21,47,254
21,50,381
21,52,596
21,53,308
21,54,472
21,55,264
21,59,65
21,60,72
21,63,445
21,64,583
21,68,132
21,69,224
21,74,487
21,78,147
21,82,342
21,84,33
21,85,60
21,86,334
21,90,45
21,91,16
21,92,289
21,96,217
21,98,197
21,101,301
21,102,116
21,104,104
21,105,27
21,106,106
21,108,79
21,109,136
21,114,351
21,117,237
21,121,14
21,125,465
21,131,265
21,132,275
21,137,243
21,138,442
21,144,484
21,148,19
21,153,315
21,155,417
21,157,472
21,159,262
21,162,553
21,165,598
21,168,496
21,170,400
21,174,380
21,181,483
21,190,222
21,192,195
21,198,554
21,203,110
21,230,50
21,238,162
21,247,559
21,249,366
21,252,196
21,276,220
21,277,534
21,287,164
21,292,576
21,297,273
21,300,535
22,1,324
22,2,405
22,3,404
22,4,575
22,5,330
22,6,138
22,11,545
22,13,130
22,14,396
22,16,400
22,17,319
22,18,179
22,20,416
22,21,79
22,23,479
22,24,6
22,25,370
22,27,184
22,28,23
22,29,408
22,32,162
22,33,579
22,34,499
22,35,183
22,36,487
22,37,37
22,38,18
22,39,321
22,40,60
22,41,293
22,42,460
22,44,466
22,45,218
22,46,399
22,49,498
22,51,8
22,52,416
22,53,114
22,54,251
22,55,569
22,56,126
22,57,138
22,62,353
22,64,231
22,66,364
22,67,474
22,73,116
22,75,533
22,76,150
22,78,8
22,80,341
22,82,134
22,87,172
22,88,182
22,89,211
22,91,176
22,96,508
22,97,180
22,100,537
22,106,461
22,107,352
22,112,562
22,116,538
22,122,374
22,123,327
22,127,281
22,129,37
22,130,302
22,149,496
22,152,205
22,160,4
22,168,427
22,169,325
22,174,376
22,176,460
22,190,369
22,191,430
22,192,450
22,194,338
22,200,7
22,207,118
22,209,181
22,223,186
22,232,565
22,233,561
22,239,100
22,248,273
22,250,593
22,253,222
22,256,482
22,259,137
22,260,596
22,262,549
22,269,323
22,272,16
22,276,137
22,281,362
22,285,545
22,296,325
22,297,87
23,1,392
23,2,113
23,3,497
23,6,66
23,7,45
23,9,557
23,10,142
23,11,287
23,12,423
23,14,255
23,15,153
23,17,501
23,18,392
23,20,368
23,21,261
23,22,479
23,24,323
23,26,362
23,28,81
23,29,247
23,30,501
23,31,340
23,33,98
23,36,198
23,37,298
23,38,490
23,40,227
23,42,12
23,44,78
23,45,425
23,46,18
23,47,492
23,50,373
23,51,177
23,53,325
23,55,496
23,56,365
23,58,69
23,69,194
23,77,193
23,78,455
23,79,45
23,84,543
23,85,579
23,88,469
23,89,50
23,91,182
23,92,329
23,95,555
23,96,454
23,101,259
23,102,590
23,105,20
23,106,287
23,113,400
23,116,389
23,119,250
23,123,485
23,125,266
23,128,316
23,135,567
23,136,299
23,138,70
23,145,292
23,150,555
23,151,577
23,153,212
23,159,448
23,162,424
23,165,84
23,166,385
23,168,75
23,170,205
23,173,227
23,174,95
23,186,575
23,187,546
23,192,381
23,196,68
23,206,269
23,207,582
23,229,264
23,243,481
23,262,81
23,264,522
23,268,576
23,271,221
23,277,565
23,280,53
23,281,13
23,282,425
23,283,74
23,284,9
23,288,335
23,294,153
23,299,184
24,1,98
24,2,149
24,5,35
24,8,174
24,9,307
24,11,490
24,12,61
24,13,253
24,14,25
24,17,174
24,18,438
24,19,105
24,20,322
24,21,58
24,22,6
24,23,323
24,25,159
24,26,111
24,27,468
24,29,474
24,30,211
24,31,256
24,32,391
24,34,305
24,35,336
24,36,463
24,37,372
24,38,162
24,39,28
24,41,514
24,43,83
24,44,163
24,45,320
24,46,552
24,47,185
24,49,355
24,51,143
24,52,324
24,54,244
24,57,314
24,58,122
24,60,366
24,61,374
24,63,178
24,65,142
24,67,139
24,68,358
24,71,176
24,74,268
24,76,467
24,77,248
24,80,90
24,82,406
24,83,577
24,87,225
24,92,430
24,95,447
24,96,188
24,97,295
24,101,236
24,102,282
24,104,385
24,105,350
24,110,58
24,113,22
24,118,481
24,119,3
24,126,165
24,127,80
24,131,572
24,132,354
24,135,597
24,141,494
24,142,347
24,143,432
24,147,338
24,155,492
24,158,434
24,163,129
24,172,9
24,175,528
24,176,394
24,180,454
24,181,87
24,182,106
24,192,27
24,195,203
24,202,360
24,203,176
24,205,575
24,206,188
24,208,19
24,210,154
24,215,100
24,220,541
24,224,594
24,230,351
24,236,302
24,245,303
24,246,185
24,256,196
24,280,526
24,284,281
24,286,408
24,289,566
24,298,55
24,299,2
25,1,263
25,2,210
25,3,579
25,4,410
25,6,72
25,7,65
25,8,579
25,9,327
25,11,83
25,13,151
25,14,128
25,16,98
25,17,134
25,19,457
25,22,370
25,24,159
25,26,494
25,27,181
25,30,85
25,31,185
25,33,74
25,34,39
25,35,385
25,37,90
25,39,359
25,40,161
25,43,565
25,45,553
25,46,300
25,47,461
25,48,125
25,49,181
25,50,316
25,51,250
25,52,419
25,55,53
25,56,473
25,57,563
25,58,253
25,60,324
25,61,240
25,62,582
25,64,390
25,65,200
25,66,567
25,69,52
25,70,207
25,75,196
25,76,54
25,77,213
25,78,96
25,81,152
25,82,421
25,83,210
25,84,459
25,85,259
25,86,455
25,89,334
25,92,280
25,93,248
25,96,73
25,97,33
25,100,149
25,101,547
25,102,399
25,104,39
25,105,518
25,107,298
25,110,323
25,118,546
25,120,197
25,126,228
25,130,189
25,131,488
25,133,98
25,136,387
25,140,288
25,142,134
25,146,371
25,149,339
25,160,136
25,165,127
25,167,573
25,172,226
25,178,433
25,180,372
25,187,49
25,190,138
25,192,583
25,195,313
25,209,26
25,218,482
25,222,63
25,229,277
25,232,20
25,242,249
25,246,288
25,248,270
25,256,42
25,274,208
25,277,214
25,282,85
25,297,75
25,298,5
26,2,229
26,3,352
26,5,202
26,6,309
26,10,263
26,11,481
26,12,200
26,13,11
26,14,397
26,18,233
26,19,81
26,20,352
26,21,525
26,23,362
26,24,111
26,25,494
26,27,235
26,29,25
26,31,366
26,32,580
26,33,182
26,34,348
26,38,307
26,39,256
26,41,156
26,42,565
26,44,533
26,45,164
26,46,323
26,47,306
26,49,150
26,50,545
26,51,91
26,53,37
26,54,373
26,58,350
26,59,155
26,60,237
26,61,475
26,62,459
26,65,281
26,68,509
26,70,24
26,72,446
26,73,107
26,76,142
26,78,374
26,79,138
26,81,322
26,83,578
26,84,125
26,87,33
26,89,318
26,93,137
26,94,224
26,95,534
26,96,66
26,99,528
26,102,31
26,105,125
26,106,548
26,107,206
26,109,24
26,111,465
26,115,582
26,121,37
26,123,180
26,124,258
26,126,429
26,128,29
26,130,298
26,135,154
26,139,302
26,141,542
26,145,450
26,152,600
26,153,359
26,159,349
26,177,201
26,180,214
26,181,336
26,184,296
26,189,176
26,195,435
26,197,370
26,198,261
26,199,168
26,208,569
26,211,534
26,219,36
26,221,442
26,222,273
26,223,409
26,227,272
26,230,2
26,241,377
26,261,305
26,272,540
26,278,141
26,294,39
26,296,295
26,297,323
27,4,88
27,5,233
27,6,34
27,7,306
27,9,579
27,10,126
27,12,57
27,14,503
27,15,241
27,16,294
27,17,329
27,18,551
27,21,143
27,22,184
27,24,468
27,25,181
27,26,235
27,28,134
27,31,277
27,32,529
27,33,130
27,34,49
27,35,110
27,36,246
27,37,322
27,38,187
27,40,321
27,42,532
27,43,542
27,48,325
27,49,22
27,50,292
27,51,179
27,52,175
27,54,224
27,55,584
27,56,9
27,57,256
27,58,489
27,59,334
27,60,514
27,61,200
27,62,31
27,64,231
27,66,191
27,68,66
27,69,236
27,70,369
27,71,345
27,72,130
27,73,597
27,75,559
27,77,226
27,83,242
27,85,374
27,87,101
27,90,446
27,94,281
27,95,500
27,96,531
27,97,226
27,98,406
27,100,348
27,102,30
27,104,440
27,105,23
27,108,520
27,112,241
27,113,482
27,115,596
27,117,474
27,120,565
27,121,241
27,124,155
27,127,528
27,129,121
27,131,469
27,135,103
27,139,88
27,145,98
27,150,313
27,154,573
27,158,220
27,160,4
27,163,207
27,164,183
27,170,111
27,188,353
27,204,501
27,207,449
27,209,407
27,210,68
27,216,273
27,226,86
27,230,522
27,235,422
27,240,348
27,252,373
27,257,266
27,271,221
27,276,161
27,289,320
27,290,32
28,1,108
28,2,563
28,3,110
28,7,515
28,8,337
28,9,404
28,10,408
28,11,401
28,13,226
28,14,239
28,15,245
28,16,46
28,18,572
28,19,473
28,21,485
28,22,23
28,23,81
28,27,134
28,29,530
28,31,483
28,32,175
28,33,47
28,34,302
28,36,205
28,38,131
28,39,539
28,41,564
28,44,484
28,46,365
28,48,15
28,49,415
28,50,326
28,57,591
28,61,489
28,64,234
28,66,147
28,67,42
28,68,332
28,69,227
28,70,293
28,71,145
28,72,548
28,73,411
28,74,33
28,76,17
28,77,550
28,80,84
28,82,407
28,83,283
28,84,444
28,89,316
28,90,139
28,91,367
28,95,139
28,96,482
28,102,315
28,103,276
28,105,50
28,108,8
28,109,50
28,114,36
28,118,406
28,120,270
28,122,517
28,123,357
28,127,493
28,129,370
28,140,461
28,141,450
28,144,370
28,148,414
28,150,13
28,151,25
28,153,84
28,155,446
28,158,214
28,161,525
28,168,86
28,169,194
28,183,338
28,184,592
28,187,490
28,188,166
28,191,574
28,197,147
28,198,487
28,202,474
28,203,16
28,205,11
28,208,273
28,211,539
28,217,581
28,222,437
28,229,408
28,230,24
28,234,100
28,236,398
28,242,126
28,243,476
28,252,296
28,255,219
28,260,78
28,271,468
28,274,492
28,281,10
28,284,335
28,294,492
28,299,66
29,2,47
29,6,554
29,8,78
29,9,110
29,10,342
29,11,98
29,12,280
29,14,126
29,18,53
29,19,501
29,20,121
29,22,408
29,23,247
29,24,474
29,26,25
29,28,530
29,30,237
29,31,88
29,34,56
29,36,287
29,37,181
29,39,477
29,41,289
29,42,369
29,43,288
29,44,122
29,45,450
29,46,243
29,48,594
29,49,364
29,54,128
29,55,31
29,57,571
29,62,475
29,71,578
29,72,348
29,73,246
29,79,1
29,80,88
29,81,244
29,83,386
29,85,550
29,86,77
29,88,500
29,91,18
29,93,171
29,94,398
29,96,464
29,99,141
29,100,317
29,102,387
29,103,344
29,105,20
29,108,60
29,109,200
29,111,174
29,112,201
29,114,452
29,118,150
29,119,317
29,120,526
29,123,174
29,124,380
29,128,368
29,130,416
29,132,490
29,134,108
29,143,576
29,149,303
29,150,424
29,152,524
29,154,106
29,158,200
29,160,331
29,161,543
29,162,519
29,164,248
29,165,275
29,170,323
29,177,45
29,178,60
29,179,599
29,181,366
29,186,268
29,189,403
29,195,291
29,197,199
29,200,229
29,209,322
29,224,431
29,242,344
29,251,461
29,258,540
29,265,451
29,268,118
29,272,523
29,274,11
29,298,279
30,2,358
30,3,548
30,4,96
30,6,500
30,7,172
30,8,273
30,12,266
30,13,446
30,14,235
30,15,377
30,16,558
30,18,241
30,19,125
30,20,393
30,23,501
30,24,211
30,25,85
30,29,237
30,31,293
30,32,229
30,33,300
30,34,525
30,35,314
30,36,18
30,37,336
30,38,546
30,39,313
30,41,483
30,42,296
30,44,480
30,47,225
30,48,24
30,49,207
30,50,156
30,53,241
30,55,129
30,56,290
30,57,134
30,59,536
30,61,388
30,62,547
30,63,315
30,64,86
30,66,594
30,67,347
30,68,391
30,71,464
30,72,11
30,73,338
30,74,548
30,77,400
30,79,461
30,80,344
30,84,569
30,85,222
30,87,239
30,89,438
30,90,78
30,91,223
30,92,502
30,93,210
30,94,321
30,96,403
30,97,354
30,98,521
30,110,478
30,111,140
30,118,16
30,125,27
30,130,271
30,131,552
30,132,269
30,134,36
30,135,249
30,138,197
30,141,565
30,149,158
30,150,102
30,161,386
30,162,488
30,165,412
30,169,282
30,170,77
30,174,481
30,176,351
30,177,142
30,178,501
30,183,278
30,184,70
30,186,254
30,187,233
30,197,133
30,198,527
30,201,469
30,206,498
30,211,558
30,215,201
30,228,516
30,229,130
30,238,109
30,239,248
30,253,175
30,256,233
30,258,450
30,259,44
30,262,84
30,266,447
30,273,575
30,290,286
30,293,581
31,1,327
31,3,416
31,4,384
31,5,120
31,6,445
31,8,208
31,10,502
31,15,582
31,16,92
31,17,330
31,18,347
31,20,98
31,21,305
31,23,340
31,24,256
31,25,185
31,26,366
31,27,277
31,28,483
31,29,88
31,30,293
31,32,329
31,34,557
31,35,345
31,36,467
31,37,482
31,38,465
31,40,417
31,41,83
31,42,40
31,43,393
31,44,409
31,45,556
31,47,440
31,48,275
31,50,540
31,52,508
31,53,502
31,54,570
31,55,221
31,56,593
31,57,525
31,58,124
31,59,221
31,63,75
31,65,202
31,66,149
31,67,133
31,68,547
31,70,582
31,71,356
31,74,145
31,75,321
31,77,478
31,78,299
31,79,546
31,82,23
31,83,520
31,84,288
31,85,489
31,86,589
31,89,236
31,102,14
31,105,342
31,106,415
31,109,555
31,110,599
31,117,526
31,119,415
31,123,354
31,127,164
31,128,91
31,131,453
31,133,241
31,136,166
31,138,427
31,142,504
31,143,180
31,152,526
31,157,558
31,163,521
31,167,83
31,171,130
31,176,232
31,197,239
31,198,80
31,200,202
31,204,527
31,208,386
31,214,242
31,218,192
31,220,181
31,222,386
31,224,43
31,225,25
31,236,2
31,238,566
31,243,412
31,245,282
31,266,69
31,269,331
31,284,88
31,299,307
32,1,279
32,2,234
32,3,134
32,4,469
32,9,350
32,12,500
32,14,309
32,15,378
32,16,587
32,18,47
32,19,263
32,20,3
32,21,79
32,22,162
32,24,391
32,26,580
32,27,529
32,28,175
32,30,229
32,31,329
32,33,161
32,35,260
32,36,4
32,37,317
32,39,544
32,40,142
32,41,518
32,43,416
32,44,178
32,46,487
32,48,103
32,49,151
32,51,581
32,52,134
32,53,108
32,54,117
32,55,531
32,57,337
32,60,440
32,61,35
32,62,218
32,64,515
32,65,529
32,66,218
32,67,368
32,68,360
32,69,239
32,70,237
32,71,79
32,72,286
32,75,587
32,78,283
32,79,388
32,80,285
32,81,442
32,82,174
32,83,574
32,84,587
32,86,436
32,88,149
32,93,144
32,98,36
32,99,564
32,100,450
32,101,34
32,102,11
32,103,560
32,107,564
32,108,272
32,111,153
32,116,91
32,118,237
32,121,511
32,124,282
32,125,367
32,129,494
32,133,33
32,145,291
32,148,352
32,149,586
32,157,332
32,158,364
32,166,451
32,168,216
32,180,17
32,184,112
32,185,441
32,187,188
32,188,512
32,194,584
32,198,168
32,206,51
32,208,577
32,222,565
32,225,142
32,229,206
32,247,462
32,252,503
32,257,262
32,258,120
32,263,540
32,290,596
32,291,198
33,1,25
33,2,401
33,4,192
33,7,397
33,8,444
33,9,200
33,11,252
33,12,548
33,13,351
33,14,381
33,15,416
33,16,197
33,17,38
33,18,51
33,22,579
33,23,98
33,25,74
33,26,182
33,27,130
33,28,47
33,30,300
33,32,161
33,34,454
33,36,273
33,40,492
33,41,336
33,42,461
33,43,574
33,44,406
33,46,588
33,47,11
33,48,364
33,49,114
33,50,15
33,51,482
33,52,336
33,54,283
33,55,595
33,56,56
33,58,485
33,59,585
33,60,507
33,66,276
33,68,316
33,69,344
33,70,269
33,72,360
33,73,8
33,74,361
33,77,424
33,78,49
33,79,265
33,81,177
33,82,398
33,86,460
33,89,338
33,90,446
33,91,112
33,93,269
33,94,422
33,98,429
33,99,467
33,100,134
33,101,353
33,103,550
33,105,34
33,106,172
33,107,72
33,109,124
33,112,531
33,119,15
33,122,365
33,127,169
33,128,21
33,132,460
33,133,355
33,137,244
33,147,20
33,150,499
33,151,12
33,154,75
33,157,327
33,158,580
33,159,567
33,162,457
33,168,247
33,172,250
33,182,498
33,185,67
33,186,386
33,190,598
33,199,265
33,210,434
33,212,588
33,214,321
33,216,172
33,222,500
33,226,189
33,227,556
33,228,520
33,231,532
33,234,474
33,242,22
33,243,378
33,253,344
33,259,138
33,262,568
33,267,86
33,268,528
33,285,227
34,1,283
34,3,565
34,4,529
34,5,239
34,6,475
34,9,543
34,11,185
34,12,72
34,13,351
34,15,139
34,16,521
34,17,174
34,20,243
34,21,89
34,22,499
34,24,305
34,25,39
34,26,348
34,27,49
34,28,302
34,29,56
34,30,525
34,31,557
34,33,454
34,36,400
34,40,162
34,41,585
34,44,56
34,51,530
34,53,540
34,54,107
34,55,325
34,58,127
34,60,201
34,62,546
34,63,261
34,64,446
34,67,142
34,68,67
34,70,246
34,75,22
34,77,62
34,83,521
34,87,41
34,92,452
34,94,65
34,96,447
34,97,551
34,101,235
34,103,304
34,105,366
34,106,148
34,114,350
34,115,281
34,117,574
34,118,392
34,121,373
34,124,180
34,138,243
34,140,394
34,143,137
34,148,341
34,150,113
34,153,427
34,155,98
34,160,500
34,169,189
34,175,57
34,188,178
34,190,215
34,195,204
34,201,485
34,209,479
34,210,82
34,215,225
34,217,235
34,221,222
34,229,23
34,240,64
34,242,73
34,248,479
34,249,444
34,252,558
34,265,434
34,274,360
34,278,52
34,279,314
34,281,133
34,293,129
34,294,540
35,2,236
35,5,153
35,6,474
35,8,565
35,10,248
35,12,243
35,14,118
35,15,173
35,17,249
35,18,395
35,19,13
35,20,502
35,21,341
35,22,183
35,24,336
35,25,385
35,27,110
35,30,314
35,31,345
35,32,260
35,36,541
35,39,429
35,40,42
35,41,401
35,42,392
35,43,332
35,48,552
35,49,406
35,50,271
35,53,280
35,54,543
35,55,350
35,56,247
35,58,483
35,60,425
35,65,88
35,66,457
35,69,475
35,70,177
35,72,308
35,74,563
35,76,467
35,77,435
35,78,514
35,79,133
35,82,460
35,83,7
35,85,123
35,91,84
35,93,139
35,95,12
35,97,413
35,99,455
35,105,113
35,108,66
35,111,402
35,114,372
35,117,6
35,120,20
35,121,434
35,123,248
35,124,501
35,125,236
35,128,316
35,133,269
35,134,164
35,142,172
35,143,236
35,144,154
35,146,125
35,147,246
35,151,4
35,152,446
35,158,477
35,159,326
35,171,212
35,174,182
35,178,426
35,179,419
35,185,103
35,186,113
35,189,35
35,199,403
35,205,594
35,209,223
35,211,446
35,212,538
35,227,127
35,233,222
35,246,192
35,262,349
35,268,596
35,273,353
35,274,379
35,278,359
35,281,515
35,286,464
35,288,21
35,290,212
35,300,114
36,1,331
36,2,95
36,3,151
36,4,382
36,5,548
36,7,124
36,8,291
36,10,187
36,14,47
36,17,366
36,19,426
36,20,82
36,21,39
36,22,487
36,23,198
36,24,463
36,27,246
36,28,205
36,29,287
36,30,18
36,31,467
36,32,4
36,33,273
36,34,400
36,35,541
36,37,477
36,38,298
36,39,220
36,41,569
36,43,454
36,44,571
36,46,187
36,48,81
36,49,405
36,50,36
36,51,394
36,52,238
36,56,152
36,58,170
36,59,464
36,60,398
36,61,202
36,63,252
36,69,288
36,70,465
36,71,94
36,72,333
36,73,139
36,74,599
36,75,563
36,78,65
36,83,553
36,86,582
36,87,542
36,93,111
36,94,232
36,96,370
36,100,141
36,106,546
36,110,17
36,113,66
36,115,259
36,116,571
36,117,531
36,120,364
36,122,372
36,126,90
36,132,589
36,135,36
36,138,97
36,140,349
36,142,348
36,145,151
36,154,6
36,163,105
36,166,524
36,169,424
36,173,438
36,179,363
36,181,162
36,184,579
36,191,324
36,199,126
36,202,414
36,204,251
36,211,247
36,229,123
36,230,279
36,231,88
36,234,517
36,236,161
36,238,569
36,240,280
36,243,474
36,252,258
36,254,153
36,255,109
36,260,224
36,274,459
36,281,482
36,288,109
36,296,89
37,2,535
37,3,350
37,5,86
37,6,249
37,7,40
37,8,553
37,9,520
37,10,379
37,11,61
37,12,271
37,13,554
37,14,311
37,16,215
37,19,173
37,20,407
37,21,495
37,22,37
37,23,298
37,24,372
37,25,90
37,27,322
37,29,181
37,30,336
37,31,482
37,32,317
37,36,477
37,39,300
37,41,167
37,47,141
37,48,345
37,49,569
37,50,524
37,51,89
37,53,77
37,54,38
37,55,68
37,56,115
37,57,142
37,58,349
37,59,340
37,61,558
37,62,37
37,64,521
37,66,8
37,68,192
37,69,353
37,79,259
37,80,533
37,81,507
37,83,441
37,84,555
37,88,98
37,89,168
37,91,135
37,92,458
37,95,597
37,99,313
37,101,64
37,104,301
37,106,455
37,107,583
37,108,514
37,110,392
37,117,5
37,118,406
37,125,172
37,126,309
37,136,71
37,139,206
37,148,304
37,150,570
37,151,107
37,152,216
37,160,160
37,162,575
37,168,21
37,175,428
37,178,225
37,179,337
37,180,340
37,184,415
37,185,284
37,189,536
37,190,507
37,193,208
37,203,115
37,207,76
37,213,462
37,218,330
37,221,392
37,223,182
37,225,66
37,226,140
37,228,393
37,232,425
37,266,446
37,267,299
37,275,345
37,292,527
38,1,67
38,3,517
38,4,453
38,5,72
38,6,428
38,7,590
38,10,346
38,11,528
38,13,516
38,14,248
38,15,562
38,16,71
38,17,406
38,18,170
38,19,202
38,20,527
38,22,18
38,23,490
38,24,162
38,26,307
38,27,187
38,28,131
38,30,546
38,31,465
38,36,298
38,39,310
38,40,188
38,42,528
38,43,244
38,44,345
38,45,241
38,46,471
38,47,340
38,49,303
38,50,144
38,51,502
38,52,48
38,53,502
38,56,117
38,58,104
38,60,11
38,61,281
38,62,214
38,64,183
38,67,404
38,68,153
38,69,556
38,71,67
38,72,472
38,74,553
38,75,359
38,81,451
38,82,442
38,83,529
38,84,551
38,87,473
38,88,577
38,89,395
38,95,434
38,97,288
38,99,168
38,100,37
38,103,29
38,106,422
38,107,385
38,108,479
38,109,234
38,112,428
38,119,194
38,120,397
38,121,497
38,122,191
38,123,305
38,124,104
38,126,373
38,135,389
38,142,84
38,145,283
38,150,483
38,151,26
38,154,523
38,156,90
38,157,518
38,160,460
38,162,15
38,170,67
38,178,123
38,185,198
38,200,515
38,201,588
38,205,364
38,206,528
38,208,158
38,220,589
38,221,248
38,222,455
38,234,56
38,235,1
38,243,146
38,275,455
38,281,294
38,283,406
38,288,422
39,2,290
39,3,72
39,4,57
39,7,457
39,9,282
39,10,40
39,11,44
39,12,9
39,13,394
39,14,352
39,15,90
39,16,410
39,19,121
39,20,61
39,22,321
39,24,28
39,25,359
39,26,256
39,28,539
39,29,477
39,30,313
39,32,544
39,35,429
39,36,220
39,37,300
39,38,310
39,41,208
39,48,502
39,51,478
39,53,178
39,56,165
39,57,350
39,59,112
39,60,510
39,62,105
39,64,203
39,65,22
39,67,140
39,69,535
39,70,508
39,78,323
39,79,324
39,80,25
39,81,4
39,84,245
39,94,136
39,96,334
39,99,415
39,101,221
39,103,556
39,108,303
39,109,207
39,114,555
39,115,542
39,117,398
39,119,197
39,130,125
39,132,12
39,133,429
39,135,545
39,137,526
39,143,294
39,148,446
39,151,348
39,153,406
39,159,548
39,161,46
39,164,224
39,181,473
39,183,546
39,188,286
39,200,500
39,201,7
39,202,577
39,203,392
39,204,354
39,205,100
39,206,238
39,210,336
39,212,210
39,224,184
39,225,32
39,228,238
39,256,85
39,274,265
39,278,526
39,284,196
39,297,3
40,1,248
40,2,40
40,3,541
40,4,1
40,9,373
40,10,569
40,11,400
40,12,598
40,13,466
40,14,213
40,16,345
40,17,217
40,18,369
40,19,550
40,20,237
40,22,60
40,23,227
40,25,161
40,27,321
40,31,417
40,32,142
40,33,492
40,34,162
40,35,42
40,38,188
40,41,11
40,43,440
40,44,136
40,45,416
40,46,37
40,47,95
40,48,265
40,49,369
40,50,252
40,51,135
40,52,387
40,53,134
40,54,340
40,55,298
40,56,568
40,63,231
40,65,219
40,70,506
40,73,405
40,74,535
40,77,432
40,78,523
40,80,541
40,81,480
40,85,163
40,86,173
40,87,240
40,88,39
40,89,68
40,90,254
40,97,273
40,98,213
40,99,514
40,101,419
40,106,115
40,107,206
40,108,566
40,110,553
40,113,37
40,119,599
40,124,400
40,133,47
40,136,45
40,137,257
40,138,219
40,145,552
40,152,36
40,153,76
40,166,158
40,170,510
40,171,77
40,174,441
40,178,142
40,183,143
40,192,533
40,193,80
40,194,497
40,201,521
40,202,208
40,206,99
40,207,143
40,222,153
40,224,311
40,237,440
40,248,545
40,249,295
40,250,52
40,261,403
40,262,261
40,264,231
40,270,538
40,271,522
40,284,490
40,285,505
40,286,166
40,288,54
40,294,240
40,297,70
40,300,599
41,1,583
41,4,436
41,5,221
41,6,24
41,7,191
41,9,263
41,11,442
41,12,23
41,13,481
41,14,106
41,20,77
41,21,512
41,22,293
41,24,514
41,26,156
41,28,564
41,29,289
41,30,483
41,31,83
41,32,518
41,33,336
41,34,585
41,35,401
41,36,569
41,37,167
41,39,208
41,40,11
41,43,103
41,44,275
41,46,148
41,47,530
41,48,166
41,55,64
