source,target,weight
1,2,449
1,3,557
1,4,366
1,5,272
1,7,251
1,8,1
1,9,100
1,10,475
1,11,166
1,13,412
1,14,221
1,17,14
1,18,140
1,22,141
1,23,375
1,25,372
1,27,429
1,28,453
1,29,25
1,30,443
1,32,510
1,33,273
1,35,321
1,36,404
1,41,180
1,47,497
1,54,204
1,55,540
1,58,328
1,59,146
1,75,164
1,80,343
1,92,555
1,99,342
1,100,141
1,103,263
1,124,164
1,128,503
1,150,558
1,167,78
1,173,231
1,194,429
1,197,369
1,235,282
1,252,552
1,267,257
1,293,49
2,1,449
2,3,300
2,5,283
2,6,475
2,9,359
2,11,227
2,13,243
2,14,202
2,15,39
2,16,130
2,17,302
2,18,164
2,20,95
2,21,46
2,26,580
2,30,7
2,33,25
2,36,170
2,38,430
2,39,334
2,43,62
2,44,24
2,46,395
2,52,87
2,54,305
2,64,290
2,77,345
2,86,335
2,89,437
2,108,277
2,134,427
2,138,460
2,161,227
2,165,7
2,183,347
2,205,276
2,207,599
2,218,324
2,234,411
2,252,497
2,255,442
2,268,360
2,293,473
3,1,557
3,2,300
3,4,499
3,5,424
3,6,259
3,7,94
3,8,512
3,10,548
3,12,323
3,13,335
3,16,486
3,17,518
3,19,352
3,20,345
3,21,385
3,22,180
3,25,549
3,27,562
3,28,479
3,29,494
3,37,436
3,44,178
3,47,161
3,53,391
3,63,528
3,68,513
3,75,275
3,77,114
3,81,556
3,86,564
3,93,199
3,96,86
3,98,23
3,103,438
3,121,461
3,122,12
3,127,198
3,145,255
3,152,533
3,155,113
3,157,82
3,159,483
3,191,288
3,237,352
3,279,558
4,1,366
4,3,499
4,5,368
4,6,346
4,9,581
4,10,429
4,11,301
4,12,503
4,14,179
4,15,396
4,16,411
4,17,168
4,18,12
4,19,360
4,21,61
4,22,418
4,23,143
4,24,489
4,26,487
4,30,490
4,38,315
4,42,528
4,46,73
4,48,382
4,53,208
4,58,88
4,61,282
4,63,357
4,65,404
4,69,493
4,70,330
4,85,1
4,87,135
4,93,266
4,100,491
4,104,421
4,108,466
4,113,23
4,114,368
4,116,78
4,121,512
4,122,570
4,127,169
4,150,479
4,153,595
4,155,173
4,170,145
4,172,112
4,187,179
4,197,497
4,233,84
4,237,47
4,239,167
4,265,478
4,286,39
5,1,272
5,2,283
5,3,424
5,4,368
5,6,306
5,7,519
5,8,197
5,9,482
5,12,362
5,14,24
5,15,326
5,16,370
5,18,240
5,19,155
5,26,474
5,28,36
5,32,214
5,33,393
5,34,569
5,38,392
5,40,195
5,43,545
5,45,450
5,46,83
5,47,343
5,54,367
5,55,117
5,56,393
5,68,210
5,70,326
5,72,351
5,73,158
5,75,60
5,81,164
5,110,394
5,120,521
5,121,576
5,147,261
5,161,294
5,171,346
5,181,441
5,186,351
5,197,142
5,207,467
5,225,106
5,230,522
5,238,578
5,255,564
5,262,364
5,275,71
5,284,295
5,294,157
6,2,475
6,3,259
6,4,346
6,5,306
6,7,230
6,8,428
6,9,415
6,10,253
6,12,459
6,13,199
6,14,74
6,15,546
6,16,414
6,17,141
6,18,372
6,19,25
6,20,70
6,21,463
6,25,460
6,30,212
6,31,598
6,32,578
6,33,348
6,35,154
6,39,150
6,40,94
6,46,253
6,48,594
6,49,310
6,56,34
6,58,209
6,59,21
6,64,441
6,65,315
6,67,428
6,76,455
6,81,319
6,83,456
6,84,460
6,94,176
6,102,102
6,114,444
6,120,139
6,130,226
6,138,557
6,142,115
6,146,167
6,159,410
6,178,370
6,186,85
6,200,365
6,209,376
6,210,252
6,218,21
6,244,77
6,287,221
6,289,303
7,1,251
7,3,94
7,5,519
7,6,230
7,8,334
7,9,258
7,10,91
7,11,545
7,13,346
7,17,525
7,18,330
7,19,113
7,20,416
7,21,187
7,22,292
7,24,424
7,25,296
7,26,27
7,27,106
7,28,44
7,30,46
7,32,232
7,35,67
7,36,575
7,39,101
7,40,28
7,48,120
7,49,515
7,50,87
7,53,485
7,58,206
7,66,490
7,70,122
7,71,204
7,72,147
7,78,455
7,79,76
7,83,424
7,85,396
7,86,31
7,87,579
7,89,417
7,90,8
7,99,451
7,100,132
7,101,313
7,108,244
7,119,278
7,120,230
7,121,42
7,128,470
7,143,584
7,145,333
7,154,443
7,155,218
7,156,142
7,169,598
7,171,304
7,206,174
7,215,22
7,232,430
7,254,199
7,282,90
7,296,506
8,1,1
8,3,512
8,5,197
8,6,428
8,7,334
8,10,339
8,11,302
8,12,296
8,13,539
8,14,196
8,15,555
8,16,353
8,17,551
8,19,293
8,20,442
8,24,16
8,25,503
8,26,188
8,27,399
8,30,141
8,31,454
8,32,287
8,33,479
8,34,189
8,35,274
8,41,52
8,42,479
8,43,320
8,44,124
8,45,420
8,46,182
8,47,144
8,48,250
8,49,490
8,50,209
8,54,344
8,56,345
8,60,377
8,61,22
8,63,539
8,66,522
8,71,26
8,74,29
8,75,173
8,77,483
8,81,498
8,82,199
8,88,355
8,99,1
8,100,109
8,110,135
8,112,142
8,115,453
8,118,205
8,144,188
8,149,423
8,150,48
8,153,361
8,161,66
8,166,192
8,171,529
8,178,229
8,185,62
8,192,352
8,205,342
8,227,576
8,231,193
8,246,201
8,266,560
8,270,514
8,275,394
8,289,599
9,1,100
9,2,359
9,4,581
9,5,482
9,6,415
9,7,258
9,10,295
9,12,376
9,13,156
9,15,261
9,16,568
9,19,349
9,20,316
9,21,510
9,22,445
9,23,37
9,25,461
9,31,153
9,32,57
9,33,248
9,34,336
9,35,347
9,36,7
9,37,379
9,38,564
9,43,231
9,46,213
9,48,59
9,49,67
9,51,450
9,58,538
9,60,347
9,62,298
9,64,148
9,67,105
9,70,200
9,76,297
9,92,317
9,101,359
9,120,355
9,121,420
9,129,191
9,131,129
9,133,148
9,138,408
9,142,201
9,146,292
9,188,469
9,190,536
9,194,578
9,198,380
9,205,173
9,279,437
9,285,45
9,287,185
9,293,100
10,1,475
10,3,548
10,4,429
10,6,253
10,7,91
10,8,339
10,9,295
10,11,286
10,12,454
10,13,582
10,15,97
10,22,68
10,23,357
10,25,273
10,27,258
10,29,571
10,31,314
10,34,455
10,35,590
10,39,296
10,42,58
10,43,411
10,48,34
10,51,192
10,53,146
10,63,28
10,76,140
10,78,109
10,82,379
10,83,295
10,91,270
10,108,41
10,111,476
10,124,35
10,126,322
10,128,410
10,142,182
10,145,132
10,151,169
10,159,413
10,160,585
10,182,272
10,190,81
10,211,56
10,212,515
10,219,121
10,233,587
10,277,590
10,288,295
11,1,166
11,2,227
11,4,301
11,7,545
11,8,302
11,10,286
11,14,239
11,15,476
11,17,106
11,19,470
11,20,130
11,21,520
11,24,557
11,25,44
11,27,343
11,30,109
11,34,510
11,37,459
11,38,550
11,45,113
11,58,509
11,63,350
11,73,542
11,74,352
11,84,69
11,114,138
11,116,53
11,120,597
11,122,566
11,134,584
11,142,450
11,144,421
11,150,258
11,154,243
11,165,404
11,188,530
11,202,333
11,210,555
11,218,530
11,234,179
11,252,406
11,258,274
11,267,519
11,269,466
11,275,130
11,280,422
11,283,316
11,287,119
12,3,323
12,4,503
12,5,362
12,6,459
12,8,296
12,9,376
12,10,454
12,13,244
12,14,366
12,16,121
12,18,532
12,20,310
12,23,36
12,26,113
12,27,215
12,28,340
12,29,325
12,30,273
12,35,405
12,37,84
12,38,370
12,47,226
12,48,70
12,53,41
12,55,544
12,64,524
12,71,424
12,73,115
12,76,469
12,81,137
12,86,502
12,88,362
12,97,128
12,99,226
12,102,507
12,104,469
12,106,136
12,107,233
12,117,19
12,119,292
12,120,193
12,123,54
12,126,338
12,157,417
12,163,504
12,168,227
12,175,384
12,179,51
12,185,537
12,198,241
12,213,89
12,223,166
12,239,25
12,288,293
13,1,412
13,2,243
13,3,335
13,6,199
13,7,346
13,8,539
13,9,156
13,10,582
13,12,244
13,14,28
13,16,322
13,17,212
13,18,403
13,20,301
13,21,545
13,22,154
13,24,474
13,27,136
13,28,157
13,30,135
13,37,549
13,41,119
13,44,210
13,62,407
13,70,154
13,72,176
13,74,341
13,79,185
13,86,43
13,87,373
13,102,571
13,106,567
13,107,533
13,114,139
13,130,321
13,133,159
13,141,592
13,149,264
13,170,237
13,175,350
13,183,547
13,218,202
13,227,24
13,267,219
14,1,221
14,2,202
14,4,179
14,5,24
14,6,74
14,8,196
14,11,239
14,12,366
14,13,28
14,17,522
14,18,581
14,21,357
14,23,209
14,24,76
14,25,164
14,27,93
14,31,72
14,32,72
14,34,243
14,36,394
14,37,496
14,38,567
14,40,206
14,45,499
14,47,305
14,53,370
14,57,325
14,59,457
14,67,103
14,69,520
14,76,562
14,85,499
14,88,217
14,89,445
14,92,21
14,93,123
14,96,349
14,103,35
14,107,598
14,111,459
14,112,371
14,124,89
14,150,443
14,155,175
14,157,84
14,177,419
14,214,235
14,274,479
14,280,528
14,296,80
15,2,39
15,4,396
15,5,326
15,6,546
15,8,555
15,9,261
15,10,97
15,11,476
15,18,301
15,19,510
15,21,420
15,22,45
15,23,290
15,25,504
15,34,345
15,38,87
15,41,597
15,45,261
15,47,474
15,50,275
15,53,253
15,56,469
15,58,384
15,69,392
15,71,20
15,74,111
15,75,572
15,77,52
15,83,300
15,95,281
15,104,216
15,111,157
15,117,404
15,124,312
15,126,264
15,127,559
15,134,430
15,138,133
15,142,8
15,147,223
15,171,93
15,188,456
15,191,299
15,208,428
15,219,150
15,230,534
15,232,138
15,236,431
15,238,550
15,256,253
15,281,238
15,286,198
16,2,130
16,3,486
16,4,411
16,5,370
16,6,414
16,8,353
16,9,568
16,12,121
16,13,322
16,17,145
16,18,87
16,20,298
16,22,268
16,24,38
16,26,290
16,29,584
16,31,233
16,38,560
16,43,417
16,45,249
16,46,416
16,50,371
16,52,301
16,57,478
16,66,270
16,81,20
16,90,477
16,104,419
16,114,286
16,119,489
16,121,56
16,144,134
16,146,366
16,172,345
16,176,129
16,252,568
16,269,119
16,290,391
16,298,314
16,299,155
17,1,14
17,2,302
17,3,518
17,4,168
17,6,141
17,7,525
17,8,551
17,11,106
17,13,212
17,14,522
17,16,145
17,19,68
17,21,95
17,22,298
17,23,387
17,32,444
17,36,234
17,38,49
17,42,423
17,45,375
17,46,16
17,48,581
17,51,552
17,59,241
17,67,456
17,71,289
17,72,360
17,74,119
17,80,529
17,89,443
17,90,70
17,94,475
17,100,356
17,112,381
17,117,227
17,118,525
17,133,536
17,143,108
17,152,60
17,159,505
17,163,357
17,175,54
17,183,545
17,207,307
17,209,461
17,222,408
17,234,454
17,236,503
17,261,579
17,291,259
17,294,269
18,1,140
18,2,164
18,4,12
18,5,240
18,6,372
18,7,330
18,12,532
18,13,403
18,14,581
18,15,301
18,16,87
18,19,77
18,20,511
18,21,475
18,22,152
18,23,11
18,26,109
18,27,293
18,28,6
18,29,68
18,32,105
18,34,27
18,36,234
18,39,186
18,40,464
18,41,66
18,44,398
18,47,344
18,48,266
18,49,21
18,52,219
18,53,524
18,65,121
18,67,466
18,77,331
18,78,583
18,80,272
18,90,514
18,94,100
18,97,224
18,101,365
18,123,325
18,129,468
18,134,39
18,146,308
18,147,599
18,174,524
18,183,307
18,188,306
18,197,486
18,206,298
18,230,521
18,231,70
18,233,124
18,241,64
18,248,429
18,254,555
18,267,59
18,274,40
18,280,191
18,282,512
18,285,443
18,297,553
19,3,352
19,4,360
19,5,155
19,6,25
19,7,113
19,8,293
19,9,349
19,11,470
19,15,510
19,17,68
19,18,77
19,20,361
19,22,227
19,23,537
19,24,410
19,25,282
19,26,301
19,27,591
19,30,323
19,32,498
19,39,187
19,40,131
19,43,349
19,44,75
19,56,475
19,62,122
19,67,518
19,68,225
19,81,300
19,82,593
19,84,262
19,87,552
19,91,378
19,107,106
19,125,204
19,133,105
19,142,101
19,153,296
19,158,418
19,171,43
19,182,104
19,189,247
19,205,68
19,218,177
19,220,103
19,225,125
19,231,517
19,236,517
19,255,325
19,280,175
20,2,95
20,3,345
20,6,70
20,7,416
20,8,442
20,9,316
20,11,130
20,12,310
20,13,301
20,16,298
20,18,511
20,19,361
20,21,252
20,22,400
20,26,587
20,28,5
20,29,225
20,31,287
20,32,167
20,35,489
20,36,561
20,41,431
20,42,427
20,44,280
20,45,582
20,46,338
20,57,313
20,60,421
20,65,69
20,71,434
20,77,189
20,78,231
20,79,479
20,82,496
20,83,86
20,95,233
20,103,432
20,111,535
20,116,161
20,129,502
20,135,92
20,148,256
20,160,64
20,163,481
20,181,165
20,187,448
20,195,422
20,198,243
20,202,334
20,206,243
20,211,251
20,234,460
20,247,341
20,250,366
20,256,295
20,268,223
21,2,46
21,3,385
21,4,61
21,6,463
21,7,187
21,9,510
21,11,520
21,13,545
21,14,357
21,15,420
21,17,95
21,18,475
21,20,252
21,23,142
21,27,311
21,28,8
21,29,192
21,30,576
21,31,248
21,33,253
21,35,308
21,36,294
21,39,535
21,41,222
21,42,215
21,51,209
21,55,59
21,59,331
21,60,563
21,64,506
21,67,369
21,72,555
21,73,150
21,76,342
21,90,308
21,91,377
21,92,506
21,93,15
21,103,327
21,105,203
21,120,393
21,140,119
21,141,345
21,147,73
21,156,203
21,161,235
21,174,238
21,184,549
21,203,470
21,209,170
21,227,37
21,253,398
21,264,220
22,1,141
22,3,180
22,4,418
22,7,292
22,9,445
22,10,68
22,13,154
22,15,45
22,16,268
22,17,298
22,18,152
22,19,227
22,20,400
22,23,144
22,27,202
22,28,329
22,30,220
22,35,597
22,36,236
22,37,321
22,39,40
22,40,246
22,42,237
22,43,381
22,47,531
22,49,420
22,52,88
22,56,373
22,57,417
22,64,61
22,66,102
22,68,3
22,76,74
22,85,311
22,111,264
22,113,521
22,118,503
22,123,51
22,130,246
22,132,4
22,134,117
22,136,310
22,144,56
22,151,441
22,167,440
22,171,256
22,173,175
22,175,181
22,196,437
22,204,367
22,219,49
22,236,235
22,248,22
22,252,19
22,263,49
22,264,257
22,270,130
22,278,556
22,279,237
23,1,375
23,4,143
23,9,37
23,10,357
23,12,36
23,14,209
23,15,290
23,17,387
23,18,11
23,19,537
23,21,142
23,22,144
23,24,76
23,26,246
23,27,276
23,29,451
23,33,492
23,34,398
23,36,256
23,40,378
23,42,301
23,44,445
23,45,21
23,46,529
23,47,528
23,65,511
23,68,88
23,72,307
23,84,293
23,92,568
23,99,393
23,113,123
23,125,554
23,130,132
23,132,224
23,160,372
23,165,227
23,176,85
23,179,185
23,195,440
23,198,485
23,205,535
23,217,439
23,221,428
23,222,380
23,231,186
23,244,84
23,247,563
23,261,490
23,278,359
24,4,489
24,7,424
24,8,16
24,11,557
24,13,474
24,14,76
24,16,38
24,19,410
24,23,76
24,25,333
24,30,226
24,37,107
24,38,415
24,39,79
24,40,193
24,43,356
24,46,201
24,48,338
24,51,279
24,52,428
24,58,567
24,69,101
24,77,475
24,80,218
24,84,73
24,88,445
24,98,445
24,106,435
24,109,173
24,123,57
24,130,312
24,136,29
24,137,564
24,139,317
24,144,329
24,146,545
24,152,3
24,158,294
24,166,465
24,185,212
24,191,300
24,195,273
24,207,178
24,228,39
24,243,419
24,258,105
24,263,466
24,268,558
24,269,57
24,270,572
24,273,254
24,274,208
24,286,491
25,1,372
25,3,549
25,6,460
25,7,296
25,8,503
25,9,461
25,10,273
25,11,44
25,14,164
25,15,504
25,19,282
25,24,333
25,26,29
25,27,137
25,30,466
25,31,388
25,35,534
25,37,298
25,39,532
25,41,232
25,45,561
25,46,358
25,47,414
25,53,456
25,56,514
25,57,225
25,60,109
25,61,309
25,63,311
25,67,562
25,68,548
25,69,201
25,73,484
25,76,279
25,82,388
25,83,281
25,86,279
25,87,361
25,91,505
25,94,438
25,105,236
25,119,230
25,130,16
25,135,507
25,136,25
25,138,173
25,140,255
25,153,334
25,161,541
25,165,131
25,166,333
25,169,238
25,174,478
25,194,98
25,219,503
25,224,192
25,237,388
25,240,267
25,277,292
25,280,569
25,286,499
26,2,580
26,4,487
26,5,474
26,7,27
26,8,188
26,12,113
26,16,290
26,18,109
26,19,301
26,20,587
26,23,246
26,25,29
26,29,12
26,31,539
26,33,116
26,34,388
26,35,294
26,37,422
26,40,598
26,41,401
26,43,216
26,44,593
26,49,474
26,52,170
26,56,121
26,57,200
26,58,338
26,60,254
26,61,458
26,64,580
26,70,512
26,77,414
26,85,370
26,91,326
26,100,278
26,117,417
26,133,480
26,138,462
26,147,510
26,162,501
26,222,500
26,224,218
26,236,284
26,251,521
26,259,20
26,266,377
26,279,577
27,1,429
27,3,562
27,7,106
27,8,399
27,10,258
27,11,343
27,12,215
27,13,136
27,14,93
27,18,293
27,19,591
27,21,311
27,22,202
27,23,276
27,25,137
27,29,123
27,30,252
27,31,202
27,33,63
27,34,579
27,35,293
27,36,455
27,37,190
27,43,597
27,46,595
27,50,481
27,57,449
27,60,521
27,61,463
27,64,475
27,65,114
27,66,402
27,70,201
27,74,103
27,87,73
27,90,419
27,102,58
27,105,494
27,116,418
27,163,585
27,171,16
27,188,106
27,190,495
27,196,273
27,217,422
27,220,154
27,251,522
27,258,568
27,270,338
27,285,454
27,291,300
28,1,453
28,3,479
28,5,36
28,7,44
28,12,340
28,13,157
28,18,6
28,20,5
28,21,8
28,22,329
28,32,585
28,33,506
28,35,238
28,37,237
28,38,339
28,40,86
28,42,410
28,44,292
28,49,141
28,50,567
28,52,298
28,54,485
28,57,82
28,60,582
28,63,443
28,65,60
28,71,99
28,74,545
28,76,554
28,82,276
28,89,106
28,92,468
28,94,389
28,96,197
28,97,580
28,101,365
28,112,600
28,114,119
28,132,417
28,133,304
28,150,564
28,154,384
28,163,281
28,166,83
28,180,544
28,184,352
28,190,5
28,192,337
28,196,575
28,210,131
28,231,375
28,235,551
28,268,501
28,276,564
28,286,364
28,293,425
29,1,25
29,3,494
29,10,571
29,12,325
29,16,584
29,18,68
29,20,225
29,21,192
29,23,451
29,26,12
29,27,123
29,34,21
29,38,178
29,40,312
29,48,75
29,49,543
29,55,217
29,65,222
29,75,55
29,84,503
29,89,75
29,91,548
29,92,199
29,93,555
29,98,555
29,104,323
29,130,87
29,131,455
29,134,588
29,149,330
29,170,309
29,175,368
29,239,325
29,244,332
29,248,214
29,249,404
29,260,375
29,270,582
29,282,243
29,293,11
30,1,443
30,2,7
30,4,490
30,6,212
30,7,46
30,8,141
30,11,109
30,12,273
30,13,135
30,19,323
30,21,576
30,22,220
30,24,226
30,25,466
30,27,252
30,32,584
30,33,76
30,36,165
30,37,509
30,39,529
30,42,129
30,44,269
30,48,105
30,52,485
30,54,103
30,55,299
30,56,366
30,59,233
30,61,471
30,63,315
30,76,160
30,79,133
30,81,144
30,92,542
30,96,431
30,109,546
30,111,389
30,115,161
30,134,300
30,141,465
30,145,73
30,152,354
30,162,224
30,167,153
30,178,529
30,179,100
30,222,302
30,227,108
30,237,568
30,242,91
30,264,24
30,267,214
30,298,276
31,6,598
31,8,454
31,9,153
31,10,314
31,14,72
31,16,233
31,20,287
31,21,248
31,25,388
31,26,539
31,27,202
31,33,375
31,34,250
31,39,25
31,41,590
31,48,192
31,49,509
31,52,2
31,54,312
31,61,479
31,66,364
31,71,205
31,73,301
31,80,391
31,85,364
31,93,21
31,94,303
31,96,538
31,98,184
31,105,454
31,113,467
31,116,65
31,117,483
31,131,541
31,132,90
31,142,282
31,147,423
31,152,317
31,187,98
31,191,249
31,221,572
31,224,312
31,225,59
31,236,31
31,279,226
32,1,510
32,5,214
32,6,578
32,7,232
32,8,287
32,9,57
32,14,72
32,17,444
32,18,105
32,19,498
32,20,167
32,28,585
32,30,584
32,33,591
32,35,381
32,38,567
32,40,360
32,41,599
32,47,537
32,50,373
32,53,545
32,58,579
32,59,253
32,61,312
32,62,404
32,64,555
32,69,11
32,70,465
32,74,389
32,81,482
32,92,93
32,106,133
32,113,17
32,115,150
32,128,241
32,129,28
32,149,361
32,150,285
32,154,531
32,169,542
32,178,455
32,184,441
32,219,432
32,249,401
33,1,273
33,2,25
33,5,393
33,6,348
33,8,479
33,9,248
33,21,253
33,23,492
33,26,116
33,27,63
33,28,506
33,30,76
33,31,375
33,32,591
33,34,496
33,37,495
33,48,514
33,49,365
33,51,161
33,53,3
33,55,384
33,60,113
33,61,573
33,65,488
33,67,311
33,79,113
33,84,118
33,94,468
33,101,491
33,106,13
33,109,115
33,124,472
33,127,144
33,135,354
33,137,466
33,144,513
33,145,418
33,146,424
33,158,550
33,159,157
33,175,492
33,182,555
33,196,272
33,209,541
33,227,3
33,243,153
33,256,333
33,286,589
33,287,446
33,291,145
33,294,124
34,5,569
34,8,189
34,9,336
34,10,455
34,11,510
34,14,243
34,15,345
34,18,27
34,23,398
34,26,388
34,27,579
34,29,21
34,31,250
34,33,496
34,39,446
34,41,518
34,42,278
34,46,413
34,47,173
34,51,264
34,55,80
34,59,105
34,66,195
34,69,505
34,70,322
34,88,504
34,99,87
34,101,537
34,102,248
34,117,29
34,135,201
34,149,346
34,152,333
34,155,225
34,164,532
34,179,81
34,180,218
34,185,261
34,207,302
34,233,179
34,249,325
34,251,222
34,254,49
34,278,223
34,288,258
34,295,324
35,1,321
35,6,154
35,7,67
35,8,274
35,9,347
35,10,590
35,12,405
35,20,489
35,21,308
35,22,597
35,25,534
35,26,294
35,27,293
35,28,238
35,32,381
35,38,252
35,39,454
35,42,346
35,57,433
35,62,75
35,65,456
35,66,566
35,86,594
35,88,453
35,103,220
35,107,596
35,115,32
35,120,60
35,124,177
35,125,22
35,135,288
35,141,271
35,152,154
35,165,49
35,176,34
35,189,555
35,216,138
35,232,42
35,235,438
35,242,105
35,268,75
35,292,193
36,1,404
36,2,170
36,7,575
36,9,7
36,14,394
36,17,234
36,18,234
36,20,561
36,21,294
36,22,236
36,23,256
36,27,455
36,30,165
36,40,459
36,48,494
36,50,90
36,51,172
36,52,233
36,54,16
36,55,553
36,57,39
36,60,41
36,69,109
36,75,196
36,80,419
36,81,522
36,82,377
36,85,270
36,90,15
36,97,517
36,108,513
36,116,110
36,126,126
36,143,166
36,157,358
36,163,274
36,177,13
36,194,105
36,272,362
36,273,171
37,3,436
37,9,379
37,11,459
37,12,84
37,13,549
37,14,496
37,22,321
37,24,107
37,25,298
37,26,422
37,27,190
37,28,237
37,30,509
37,33,495
37,39,112
37,40,124
37,41,13
37,42,592
37,51,121
37,58,78
37,59,599
37,60,363
37,65,545
37,71,370
37,73,143
37,76,211
37,93,425
37,95,89
37,97,62
37,103,96
37,105,450
37,120,156
37,122,501
37,129,309
37,135,203
37,140,288
37,141,259
37,144,568
37,148,365
37,150,13
37,163,565
37,170,187
37,173,174
37,202,439
37,225,406
37,226,478
37,259,7
37,260,580
38,2,430
38,4,315
38,5,392
38,9,564
38,11,550
38,12,370
38,14,567
38,15,87
38,16,560
38,17,49
38,24,415
38,28,339
38,29,178
38,32,567
38,35,252
38,43,410
38,46,470
38,47,434
38,49,338
38,50,119
38,53,338
38,54,48
38,56,64
38,57,154
38,58,359
38,62,551
38,63,520
38,73,332
38,75,19
38,77,34
38,80,576
38,88,70
38,99,195
38,103,10
38,112,533
38,113,220
38,126,144
38,135,530
38,154,349
38,156,117
38,167,486
38,170,441
38,241,94
38,244,224
38,249,292
38,250,36
38,282,74
38,292,579
38,297,221
39,2,334
39,6,150
39,7,101
39,10,296
39,18,186
39,19,187
39,21,535
39,22,40
39,24,79
39,25,532
39,30,529
39,31,25
39,34,446
39,35,454
39,37,112
39,45,530
39,49,138
39,50,400
39,51,480
39,59,389
39,61,22
39,66,194
39,79,460
39,89,550
39,91,349
39,93,463
39,96,135
39,97,520
39,98,496
39,102,380
39,104,487
39,108,466
39,116,274
39,121,442
39,135,359
39,148,325
39,152,421
39,154,119
39,161,439
39,164,527
39,169,57
39,182,63
39,202,225
39,213,107
39,226,61
39,267,95
39,276,60
40,5,195
40,6,94
40,7,28
40,14,206
40,18,464
40,19,131
40,22,246
40,23,378
40,24,193
40,26,598
40,28,86
40,29,312
40,32,360
40,36,459
40,37,124
40,43,501
40,45,305
40,51,135
40,52,124
40,54,187
40,60,341
40,64,384
40,65,2
40,68,551
40,69,88
40,71,384
40,73,390
40,74,339
40,76,365
40,91,133
40,96,435
40,98,202
40,106,369
40,110,120
40,114,89
40,127,580
40,128,450
40,153,377
40,162,558
40,166,49
40,185,200
40,192,369
40,196,341
40,200,262
40,201,471
40,208,251
40,225,385
40,228,101
40,271,345
41,1,180
41,8,52
41,13,119
41,15,597
41,18,66
41,20,431
41,21,222
41,25,232
41,26,401
41,31,590
41,32,599
41,34,518
41,37,13
41,50,57
41,51,6
41,56,191
41,57,395
41,58,220
41,60,195
41,63,159
41,64,530
41,66,522
41,67,527
41,70,166
41,71,484
41,74,31
41,90,98
41,92,60
41,116,197
41,117,177
41,139,436
41,141,396
41,143,251
41,172,64
41,180,111
41,184,459
41,188,143
41,190,482
41,200,405
41,225,580
41,226,577
41,246,66
41,252,224
41,263,485
41,288,86
41,295,123
42,4,528
42,8,479
42,10,58
42,17,423
42,20,427
42,21,215
42,22,237
42,23,301
42,28,410
42,30,129
42,34,278
42,35,346
42,37,592
42,44,183
42,45,222
42,49,540
42,50,353
42,54,279
42,57,311
42,58,495
42,62,43
42,67,511
42,68,80
42,73,453
42,77,352
42,83,498
42,84,453
42,88,258
42,89,584
42,90,311
42,91,189
42,97,77
42,100,345
42,111,563
42,127,34
42,145,8
42,146,504
42,161,18
42,207,551
42,223,85
42,240,234
42,247,310
42,257,438
42,268,597
42,274,366
42,296,368
42,297,254
43,2,62
43,5,545
43,8,320
43,9,231
43,10,411
43,16,417
43,19,349
43,22,381
43,24,356
43,26,216
43,27,597
43,38,410
43,40,501
43,44,486
43,45,84
43,50,565
43,52,552
43,59,533
43,62,482
43,66,182
43,72,360
43,75,32
43,78,36
43,83,419
43,86,106
43,119,576
43,130,65
43,136,573
43,160,326
43,164,553
43,191,265
43,193,100
43,202,177
43,212,162
43,217,46
43,260,283
43,262,258
43,271,550
43,300,383
44,2,24
44,3,178
44,8,124
44,13,210
44,18,398
44,19,75
44,20,280
44,23,445
44,26,593
44,28,292
44,30,269
44,42,183
44,43,486
44,50,161
44,51,114
44,53,501
44,55,70
44,61,294
44,62,355
44,69,242
44,78,554
44,79,345
44,82,214
44,85,272
44,86,512
44,87,15
44,88,392
44,94,480
44,95,183
44,107,551
44,117,264
44,148,550
44,158,484
44,163,171
44,172,121
44,182,325
44,203,145
44,209,31
44,229,112
44,239,401
44,293,374
44,300,410
45,5,450
45,8,420
45,11,113
45,14,499
45,15,261
45,16,249
45,17,375
45,20,582
45,23,21
45,25,561
45,39,530
45,40,305
45,42,222
45,43,84
45,47,275
45,59,37
45,61,226
45,65,174
45,67,322
45,68,401
45,69,339
45,71,104
45,72,183
45,73,170
45,75,325
45,78,29
45,79,260
45,90,153
45,95,115
45,112,271
45,113,419
45,122,429
45,136,389
45,139,166
45,154,218
45,168,469
45,174,481
45,176,234
45,179,133
45,205,354
45,219,50
45,236,56
45,238,59
45,240,261
45,249,583
45,262,183
45,290,378
46,2,395
46,4,73
46,5,83
46,6,253
46,8,182
46,9,213
46,16,416
46,17,16
46,20,338
46,23,529
46,24,201
46,25,358
46,27,595
46,34,413
46,38,470
46,47,443
46,48,10
46,52,460
46,61,506
46,63,477
46,79,326
46,82,197
46,85,250
46,86,70
46,95,228
46,100,484
46,105,342
46,109,311
46,111,46
46,121,521
46,140,484
46,153,347
46,157,381
46,169,390
46,173,95
46,179,273
46,195,509
46,218,506
46,244,23
46,251,25
46,270,333
46,295,570
47,1,497
47,3,161
47,5,343
47,8,144
47,12,226
47,14,305
47,15,474
47,18,344
47,22,531
47,23,528
47,25,414
47,32,537
47,34,173
47,38,434
47,45,275
47,46,443
47,52,161
47,55,426
47,60,360
47,61,418
47,68,42
47,72,573
47,75,183
47,85,194
47,88,314
47,91,234
47,95,254
47,104,306
47,105,62
47,108,567
47,111,177
47,117,17
47,126,241
47,137,178
47,142,395
47,149,283
47,156,94
47,163,252
47,167,498
47,171,335
47,173,526
47,181,286
47,189,374
47,208,319
47,218,321
47,220,354
47,236,84
47,283,473
48,4,382
48,6,594
48,7,120
48,8,250
48,9,59
48,10,34
48,12,70
48,17,581
48,18,266
48,24,338
48,29,75
48,30,105
48,31,192
48,33,514
48,36,494
48,46,10
48,51,211
48,54,483
48,55,543
48,60,451
48,61,598
48,67,211
48,68,564
48,75,36
48,78,311
48,84,232
48,87,37
48,93,174
48,97,265
48,99,144
48,101,574
48,102,480
48,103,11
48,106,254
48,107,431
48,117,274
48,131,558
48,147,431
48,148,240
48,150,461
48,151,200
48,162,96
48,189,288
48,192,284
48,195,429
48,199,46
48,211,140
48,233,145
48,245,218
48,258,278
48,277,180
49,6,310
49,7,515
49,8,490
49,9,67
49,18,21
49,22,420
49,26,474
49,28,141
49,29,543
49,31,509
49,33,365
49,38,338
49,39,138
49,42,540
49,54,387
49,57,351
49,63,172
49,66,473
49,73,592
49,76,151
49,79,407
49,80,517
49,87,143
49,93,418
49,95,374
49,107,69
49,112,344
49,114,43
49,143,350
49,145,53
49,146,355
49,165,22
49,167,410
49,174,366
49,186,257
49,190,493
49,207,49
49,249,63
49,253,83
49,257,138
49,271,305
49,292,128
50,7,87
50,8,209
50,15,275
50,16,371
50,27,481
50,28,567
50,32,373
50,36,90
50,38,119
50,39,400
50,41,57
50,42,353
50,43,565
50,44,161
50,52,540
50,53,488
50,55,518
50,56,305
50,58,319
50,64,496
50,75,442
50,83,516
50,86,527
50,87,6
50,90,415
50,102,46
50,105,162
50,113,294
50,115,578
50,116,368
50,121,153
50,126,216
50,128,260
50,133,343
50,134,301
50,140,440
50,157,128
50,175,432
50,186,155
50,201,143
50,229,81
50,257,476
50,272,449
50,297,328
51,9,450
51,10,192
51,17,552
51,21,209
51,24,279
51,33,161
51,34,264
51,36,172
51,37,121
51,39,480
51,40,135
51,41,6
51,44,114
51,48,211
51,52,463
51,53,190
51,56,512
51,59,351
51,62,216
51,66,35
51,72,336
51,78,367
51,82,551
51,88,210
51,100,252
51,109,33
51,110,485
51,111,204
51,120,483
51,121,75
51,124,176
51,128,571
51,136,600
51,151,462
51,167,418
51,171,321
51,193,330
51,197,465
51,201,469
51,230,363
51,254,259
52,2,87
52,16,301
52,18,219
52,22,88
52,24,428
52,26,170
52,28,298
52,30,485
52,31,2
52,36,233
52,40,124
52,43,552
52,46,460
52,47,161
52,50,540
52,51,463
52,56,520
52,59,367
52,62,146
52,63,133
52,66,277
52,67,16
52,68,569
52,70,176
52,72,48
52,75,183
52,77,346
52,79,173
52,100,504
52,108,70
52,109,518
52,111,118
52,113,303
52,138,289
52,153,115
52,164,497
52,170,204
52,173,96
52,180,300
52,184,95
52,212,280
52,266,315
53,3,391
53,4,208
53,7,485
53,10,146
53,12,41
53,14,370
53,15,253
53,18,524
53,25,456
53,32,545
53,33,3
53,38,338
53,44,501
53,50,488
53,51,190
53,54,534
53,55,168
53,58,120
53,59,134
53,63,189
53,66,474
53,72,582
53,73,59
53,83,459
53,96,426
53,112,26
53,118,208
53,123,248
53,148,592
53,156,183
53,166,480
53,172,457
53,177,238
53,208,98
53,239,92
53,240,510
53,241,542
53,253,308
53,262,381
53,273,362
53,276,271
53,277,581
53,285,352
53,292,165
54,1,204
54,2,305
54,5,367
54,8,344
54,28,485
54,30,103
54,31,312
54,36,16
54,38,48
54,40,187
54,42,279
54,48,483
54,49,387
54,53,534
54,61,55
54,62,490
54,64,464
54,69,448
54,79,408
54,82,430
54,92,152
54,97,102
54,101,182
54,108,387
54,122,498
54,124,28
54,129,31
54,132,507
54,137,182
54,145,321
54,147,355
54,148,215
54,194,70
54,196,50
54,197,109
54,207,575
54,214,593
54,219,395
54,222,473
54,223,126
54,234,202
54,246,29
54,253,575
54,255,487
54,258,258
54,270,95
54,281,315
54,291,584
54,296,484
55,1,540
55,5,117
55,12,544
55,21,59
55,29,217
55,30,299
55,33,384
55,34,80
55,36,553
55,44,70
55,47,426
55,48,543
55,50,518
55,53,168
55,56,541
55,68,394
55,76,205
55,78,128
55,81,298
55,87,500
55,88,210
55,94,279
55,98,29
55,126,423
55,136,134
55,139,332
55,145,356
55,162,243
55,173,32
55,180,168
55,183,18
55,191,465
55,194,136
55,208,15
55,215,138
55,225,59
55,241,170
55,244,50
55,260,128
55,266,343
55,267,16
55,287,499
56,5,393
56,6,34
56,8,345
56,15,469
56,19,475
56,22,373
56,25,514
56,26,121
56,30,366
56,38,64
56,41,191
56,50,305
56,51,512
56,52,520
56,55,541
56,62,420
56,67,410
56,70,390
56,72,476
56,79,225
56,83,599
56,84,593
56,86,556
56,88,163
56,94,561
56,98,498
56,99,186
56,104,452
56,114,53
56,115,152
56,126,409
56,146,596
56,155,19
56,159,495
56,165,531
56,174,309
56,175,319
56,179,37
56,184,586
56,191,531
56,209,555
56,218,444
56,243,150
56,282,60
57,14,325
57,16,478
57,20,313
57,22,417
57,25,225
57,26,200
57,27,449
57,28,82
57,35,433
57,36,39
57,38,154
57,41,395
57,42,311
57,49,351
57,59,98
57,64,252
57,87,486
57,100,69
57,102,17
57,115,77
57,116,131
57,118,85
57,137,90
57,140,475
57,150,77
57,155,392
57,178,470
57,196,277
57,203,525
57,210,538
57,220,134
57,241,117
57,277,491
57,293,371
58,1,328
58,4,88
58,6,209
58,7,206
58,9,538
58,11,509
58,15,384
58,24,567
58,26,338
58,32,579
58,37,78
58,38,359
58,41,220
58,42,495
58,50,319
58,53,120
58,74,549
58,76,545
58,79,388
58,88,52
58,98,490
58,99,372
58,101,472
58,106,66
58,114,206
58,115,51
58,137,312
58,162,377
58,180,128
58,182,396
58,184,276
58,190,379
58,198,543
58,200,11
58,213,551
58,225,310
58,226,212
58,233,471
58,238,514
58,248,410
58,250,34
58,258,334
58,289,137
58,298,583
59,1,146
59,6,21
59,14,457
59,17,241
59,21,331
59,30,233
59,32,253
59,34,105
59,37,599
59,39,389
59,43,533
59,45,37
59,51,351
59,52,367
59,53,134
59,57,98
59,63,550
59,69,449
59,78,525
59,80,298
59,81,459
59,83,184
59,91,532
59,96,360
59,100,278
59,101,242
59,102,121
59,104,257
59,105,292
59,111,241
59,119,161
59,121,471
59,138,159
59,143,277
59,146,3
59,155,410
59,162,434
59,200,411
59,201,400
59,209,89
59,218,107
59,243,546
59,247,377
59,280,292
59,298,323
60,8,377
60,9,347
60,20,421
60,21,563
60,25,109
60,26,254
60,27,521
60,28,582
60,33,113
60,36,41
60,37,363
60,40,341
60,41,195
60,47,360
60,48,451
60,61,207
60,62,9
60,65,11
60,68,303
60,69,408
60,73,506
60,75,520
60,77,120
60,78,136
60,80,360
60,84,587
60,86,518
60,118,372
60,131,551
60,136,337
60,137,528
60,143,376
60,151,187
60,153,71
60,154,415
60,155,23
60,160,530
60,192,383
60,193,29
60,228,379
60,234,17
60,271,260
60,299,287
60,300,130
61,4,282
61,8,22
61,25,309
61,26,458
61,27,463
61,30,471
61,31,479
61,32,312
61,33,573
61,39,22
61,44,294
61,45,226
61,46,506
61,47,418
61,48,598
61,54,55
61,60,207
61,65,36
61,70,400
61,81,216
61,91,347
61,94,47
61,107,565
61,109,546
61,125,155
61,134,162
61,137,553
61,139,42
61,144,96
61,151,33
61,154,276
61,159,77
61,165,274
61,169,558
61,183,31
61,185,461
61,204,355
61,211,565
61,222,228
61,231,101
61,238,43
61,240,157
61,258,326
61,261,348
61,270,71
61,275,187
62,9,298
62,13,407
62,19,122
62,32,404
62,35,75
62,38,551
62,42,43
62,43,482
62,44,355
62,51,216
62,52,146
62,54,490
62,56,420
62,60,9
62,74,19
62,79,375
62,83,460
62,87,451
62,90,514
62,91,576
62,110,438
62,113,279
62,123,90
62,125,71
62,133,501
62,135,296
62,151,152
62,152,565
62,168,507
62,172,458
62,174,179
62,175,162
62,185,514
62,188,451
62,189,346
62,202,556
62,206,42
62,213,511
62,254,200
62,272,119
62,280,61
63,3,528
63,4,357
63,8,539
63,10,28
63,11,350
63,25,311
63,28,443
63,30,315
63,38,520
63,41,159
63,46,477
63,49,172
63,52,133
63,53,189
63,59,550
63,64,589
63,65,22
63,67,45
63,69,136
63,73,241
63,77,503
63,80,343
63,81,576
63,82,583
63,84,279
63,85,264
63,87,135
63,108,525
63,109,60
63,118,376
63,119,359
63,123,13
63,141,50
63,158,318
63,201,469
63,204,379
63,216,10
63,232,292
63,233,234
63,239,528
63,245,18
63,262,112
63,265,152
63,266,364
63,298,251
64,2,290
64,6,441
64,9,148
64,12,524
64,21,506
64,22,61
64,26,580
64,27,475
64,32,555
64,40,384
64,41,530
64,50,496
64,54,464
64,57,252
64,63,589
64,69,233
64,71,369
64,72,43
64,94,428
64,96,368
64,104,313
64,126,2
64,149,578
64,150,61
64,167,366
64,178,288
64,184,350
64,194,591
64,203,518
64,212,64
64,285,437
65,4,404
65,6,315
65,18,121
65,20,69
65,23,511
65,27,114
65,28,60
65,29,222
65,33,488
65,35,456
65,37,545
65,40,2
65,45,174
65,60,11
65,61,36
65,63,22
65,66,19
65,67,459
65,74,352
65,80,293
65,83,63
65,85,119
65,93,579
65,94,583
65,115,132
65,124,334
65,144,511
65,153,153
65,172,244
65,179,440
65,192,398
65,204,331
65,208,424
65,230,113
65,241,399
65,249,409
65,267,566
65,282,186
65,293,519
66,7,490
66,8,522
66,16,270
66,22,102
66,27,402
66,31,364
66,34,195
66,35,566
66,39,194
66,41,522
66,43,182
66,49,473
66,51,35
66,52,277
66,53,474
66,65,19
66,68,316
66,76,288
66,85,189
66,88,568
66,90,267
66,94,403
66,97,333
66,114,110
66,124,409
66,132,117
66,149,241
66,155,161
66,159,556
66,168,273
66,171,110
66,175,224
66,181,351
66,194,466
66,198,455
66,209,341
66,232,420
66,242,57
66,253,326
66,262,289
66,281,457
66,286,161
67,6,428
67,9,105
67,14,103
67,17,456
67,18,466
67,19,518
67,21,369
67,25,562
67,33,311
67,41,527
67,42,511
67,45,322
67,48,211
67,52,16
67,56,410
67,63,45
67,65,459
67,68,51
67,82,234
67,95,399
67,101,316
67,105,259
67,106,510
67,112,383
67,128,264
67,135,248
67,142,592
67,152,329
67,164,397
67,165,413
67,168,429
67,185,391
67,194,376
67,211,267
67,213,384
67,248,59
67,275,167
68,3,513
68,5,210
68,19,225
68,22,3
68,23,88
68,25,548
68,40,551
68,42,80
68,45,401
68,47,42
68,48,564
68,52,569
68,55,394
68,60,303
68,66,316
68,67,51
68,70,536
68,71,51
68,72,530
68,74,123
68,75,289
68,77,469
68,83,41
68,95,415
68,101,199
68,104,368
68,141,101
68,154,21
68,158,102
68,202,315
68,221,100
68,231,34
68,255,46
68,256,113
68,271,287
68,290,290
69,4,493
69,14,520
69,15,392
69,24,101
69,25,201
69,32,11
69,34,505
69,36,109
69,40,88
69,44,242
69,45,339
69,54,448
69,59,449
69,60,408
69,63,136
69,64,233
69,71,570
69,74,450
69,78,259
69,80,392
69,87,122
69,93,25
69,101,82
69,104,375
69,110,257
69,113,52
69,118,272
69,120,255
69,127,542
69,133,313
69,155,105
69,168,48
69,188,45
69,197,136
69,204,453
69,206,334
69,209,145
69,220,132
69,221,459
69,245,292
69,256,560
69,266,273
69,271,196
69,287,365
70,4,330
70,5,326
70,7,122
70,9,200
70,13,154
70,26,512
70,27,201
70,32,465
70,34,322
70,41,166
70,52,176
70,56,390
70,61,400
70,68,536
70,84,74
70,88,35
70,90,472
70,110,552
70,114,176
70,115,549
70,123,382
70,127,44
70,134,120
70,141,440
70,151,462
70,176,543
70,177,133
70,179,360
70,193,483
70,220,524
70,221,109
70,245,550
70,251,308
70,265,213
70,286,365
70,290,239
70,294,157
70,299,49
70,300,558
71,7,204
71,8,26
71,12,424
71,15,20
71,17,289
71,20,434
71,28,99
71,31,205
71,37,370
71,40,384
71,41,484
71,45,104
71,64,369
71,68,51
71,69,570
71,72,333
71,87,335
71,99,362
71,127,330
71,140,300
71,143,463
71,149,437
71,182,539
71,187,377
71,207,500
71,210,1
71,226,390
71,282,578
71,291,182
72,5,351
72,7,147
72,13,176
72,17,360
72,21,555
72,23,307
72,43,360
72,45,183
72,47,573
72,51,336
72,52,48
72,53,582
72,56,476
72,64,43
72,68,530
72,71,333
72,79,231
72,95,202
72,98,149
72,102,431
72,103,76
72,119,509
72,121,437
72,138,171
72,140,375
72,156,377
72,196,449
72,201,194
72,205,259
72,221,41
72,231,118
72,247,374
72,281,242
72,295,413
73,5,158
73,11,542
73,12,115
73,21,150
73,25,484
73,31,301
73,37,143
73,38,332
73,40,390
73,42,453
73,45,170
73,49,592
73,53,59
73,60,506
73,63,241
73,77,531
73,78,457
73,80,138
73,81,379
73,84,520
73,87,57
73,98,293
73,100,399
73,106,382
73,107,234
73,115,207
73,117,156
73,118,334
73,124,115
73,129,506
73,132,94
73,134,514
73,137,1
73,139,255
73,142,249
73,145,353
73,153,366
73,160,239
73,163,523
73,181,142
73,191,298
73,212,356
73,229,359
73,252,574
73,259,9
73,276,176
73,290,470
73,294,436
74,8,29
74,11,352
74,13,341
74,15,111
74,17,119
74,27,103
74,28,545
74,32,389
74,40,339
74,41,31
74,58,549
74,62,19
74,65,352
74,68,123
74,69,450
74,83,243
74,86,201
74,93,350
74,107,240
74,109,591
74,118,531
74,122,415
74,123,175
74,129,26
74,143,39
74,145,180
74,147,352
74,148,466
74,149,589
74,158,377
74,160,394
74,201,390
74,205,512
74,209,362
74,220,531
74,233,215
74,243,557
74,300,337
75,1,164
75,3,275
75,5,60
75,8,173
75,15,572
75,29,55
75,36,196
75,38,19
75,43,32
75,45,325
75,47,183
75,48,36
75,50,442
75,52,183
75,60,520
75,68,289
75,79,376
75,80,410
75,82,314
75,89,114
75,100,258
75,104,475
75,107,38
75,108,179
75,111,392
75,115,408
75,122,152
75,125,72
75,127,561
75,129,477
75,136,565
75,138,310
75,151,404
75,158,26
75,160,329
75,162,402
75,164,155
75,172,249
75,177,459
75,178,62
75,191,386
75,193,129
75,236,65
75,242,299
75,255,244
75,270,502
75,289,591
75,291,157
75,296,308
76,6,455
76,9,297
76,10,140
76,12,469
76,14,562
76,21,342
76,22,74
76,25,279
76,28,554
76,30,160
76,37,211
76,40,365
76,49,151
76,55,205
76,58,545
76,66,288
76,84,207
76,90,530
76,97,470
76,100,398
76,102,253
76,103,195
76,106,191
76,109,524
76,115,527
76,121,8
76,122,563
76,125,160
76,131,60
76,132,332
76,144,178
76,161,531
76,173,451
76,183,187
76,189,351
76,250,346
76,272,466
76,280,481
76,294,586
77,2,345
77,3,114
77,8,483
77,15,52
77,18,331
77,20,189
77,24,475
77,26,414
77,38,34
77,42,352
77,52,346
77,60,120
77,63,503
77,68,469
77,73,531
77,85,586
77,94,406
77,96,164
77,106,9
77,110,5
77,119,297
77,129,316
77,138,369
77,156,118
77,157,102
77,192,219
77,208,320
77,210,26
77,230,356
77,234,238
77,242,512
77,248,327
77,250,339
77,257,391
77,264,358
77,291,274
78,7,455
78,10,109
78,18,583
78,20,231
78,43,36
78,44,554
78,45,29
78,48,311
78,51,367
78,55,128
78,59,525
78,60,136
78,69,259
78,73,457
78,81,185
78,82,299
78,84,196
78,89,123
78,94,561
78,103,223
78,110,437
78,113,335
78,114,283
78,119,167
78,127,22
78,132,492
78,137,136
78,138,27
78,146,9
78,156,347
78,164,361
78,177,363
78,178,284
78,195,506
78,200,134
78,209,85
78,214,505
78,233,126
78,263,464
78,271,105
78,280,3
78,295,159
79,7,76
79,13,185
79,20,479
79,30,133
79,33,113
79,39,460
79,44,345
79,45,260
79,46,326
79,49,407
79,52,173
79,54,408
79,56,225
79,58,388
79,62,375
79,72,231
79,75,376
79,86,119
79,92,124
79,95,276
79,96,322
79,108,148
79,110,151
79,112,375
79,118,283
79,123,199
79,143,25
79,147,364
79,157,324
79,166,260
79,174,259
79,178,560
79,182,369
79,200,546
79,201,39
79,210,282
79,224,125
79,227,192
79,244,75
79,271,444
79,272,370
79,278,409
79,286,396
80,1,343
80,17,529
80,18,272
80,24,218
80,31,391
80,36,419
80,38,576
80,49,517
80,59,298
80,60,360
80,63,343
80,65,293
80,69,392
80,73,138
80,75,410
80,89,209
80,107,62
80,126,376
80,134,521
80,135,326
80,149,234
80,170,515
80,174,66
80,178,343
80,185,312
80,192,396
80,226,205
80,256,406
80,265,366
80,277,182
80,287,24
80,296,301
81,3,556
81,5,164
81,6,319
81,8,498
81,12,137
81,16,20
81,19,300
81,30,144
81,32,482
81,36,522
81,55,298
81,59,459
81,61,216
81,63,576
81,73,379
81,78,185
81,86,128
81,92,278
81,95,244
81,96,437
81,98,398
81,101,258
81,102,551
81,106,350
81,110,530
81,117,588
81,123,32
81,125,68
81,126,548
81,133,202
81,137,494
81,144,277
81,159,33
81,163,346
81,193,429
81,197,496
81,203,268
81,233,475
81,256,18
81,269,87
81,272,169
81,291,270
82,8,199
82,10,379
82,19,593
82,20,496
82,25,388
82,28,276
82,36,377
82,44,214
82,46,197
82,51,551
82,54,430
82,63,583
82,67,234
82,75,314
82,78,299
82,88,453
82,91,39
82,99,335
82,105,117
82,107,314
82,121,434
82,122,287
82,133,558
82,135,491
82,145,2
82,159,142
82,160,116
82,164,483
82,177,39
82,182,441
82,202,424
82,203,24
82,204,180
82,223,94
82,231,380
82,232,29
82,237,370
83,6,456
83,7,424
83,10,295
83,15,300
83,20,86
83,25,281
83,42,498
83,43,419
83,50,516
83,53,459
83,56,599
83,59,184
83,62,460
83,65,63
83,68,41
83,74,243
83,85,393
83,92,325
83,95,368
83,96,90
83,101,392
83,112,137
83,113,282
83,119,130
83,130,25
83,136,224
83,139,131
83,146,560
83,155,269
83,158,523
83,160,242
83,162,437
83,165,49
83,177,590
83,189,494
83,196,541
83,201,475
83,206,418
83,220,419
83,225,348
83,257,404
83,281,26
83,283,255
84,6,460
84,11,69
84,19,262
84,23,293
84,24,73
84,29,503
84,33,118
84,42,453
84,48,232
84,56,593
84,60,587
84,63,279
84,70,74
84,73,520
84,76,207
84,78,196
84,91,139
84,98,259
84,125,11
84,129,62
84,131,457
84,137,436
84,140,203
84,141,293
84,142,541
84,143,10
84,151,589
84,161,407
84,166,566
84,186,412
84,193,229
84,213,21
84,265,251
84,285,237
85,4,1
85,7,396
85,14,499
85,22,311
85,26,370
85,31,364
85,36,270
85,44,272
85,46,250
85,47,194
85,63,264
85,65,119
85,66,189
85,77,586
85,83,393
85,98,48
85,99,167
85,103,29
85,107,90
85,108,398
85,129,336
85,130,185
85,137,107
85,154,227
85,168,344
85,176,400
85,180,376
85,181,519
85,184,288
85,215,321
85,217,438
85,218,344
85,238,281
85,264,147
85,285,372
85,289,275
85,292,336
86,2,335
86,3,564
86,7,31
86,12,502
86,13,43
86,25,279
86,35,594
86,43,106
86,44,512
86,46,70
86,50,527
86,56,556
86,60,518
86,74,201
86,79,119
86,81,128
86,89,4
86,90,255
86,92,174
86,99,204
86,103,120
86,120,48
86,150,190
86,157,405
86,166,367
86,192,377
86,210,103
86,211,369
86,212,32
86,217,64
86,229,220
86,264,517
86,268,288
86,292,146
87,4,135
87,7,579
87,13,373
87,19,552
87,25,361
87,27,73
87,44,15
87,48,37
87,49,143
87,50,6
87,55,500
87,57,486
87,62,451
87,63,135
87,69,122
87,71,335
87,73,57
87,93,247
87,98,223
87,110,179
87,115,345
87,122,556
87,128,425
87,164,432
87,172,537
87,200,551
87,203,129
87,217,215
87,245,592
87,288,588
88,8,355
88,12,362
88,14,217
88,24,445
88,34,504
88,35,453
88,38,70
88,42,258
88,44,392
88,47,314
88,51,210
88,55,210
88,56,163
88,58,52
88,66,568
88,70,35
88,82,453
88,89,481
88,95,336
88,103,69
88,105,561
88,106,339
88,112,90
88,115,136
88,126,352
88,131,259
88,136,548
88,145,387
88,147,417
88,161,575
88,165,251
