source,target,weight
1,2,316
1,3,215
1,4,334
1,5,208
1,6,11
1,7,183
1,9,569
1,10,518
1,13,156
1,14,375
1,15,318
1,16,289
1,18,444
1,19,344
1,20,8
1,21,575
1,23,544
1,24,521
1,26,467
1,27,546
1,28,461
1,29,150
1,30,258
1,31,46
1,32,456
1,33,370
1,35,555
1,36,34
1,37,158
1,38,27
1,39,29
1,40,75
1,41,192
1,45,61
1,46,37
1,47,552
1,52,161
1,53,67
1,54,159
1,58,578
1,59,290
1,61,486
1,62,506
1,64,384
1,66,144
1,70,226
1,72,22
1,77,144
1,78,241
1,79,225
1,82,83
1,84,277
1,90,513
1,93,344
1,95,594
1,96,350
1,97,400
1,109,490
1,110,161
1,115,126
1,120,559
1,121,37
1,126,286
1,130,383
1,139,51
1,146,304
1,149,322
1,155,225
1,156,130
1,159,367
1,165,382
1,173,447
1,174,183
1,179,326
1,200,216
1,208,343
1,220,233
1,228,472
1,235,90
1,239,486
1,240,69
1,245,468
1,249,369
1,265,491
1,280,426
1,281,556
2,1,316
2,3,252
2,4,537
2,7,257
2,8,147
2,9,312
2,12,165
2,13,580
2,14,29
2,15,121
2,18,78
2,19,400
2,21,377
2,22,193
2,23,334
2,24,418
2,26,349
2,28,316
2,29,417
2,30,591
2,31,515
2,33,205
2,34,409
2,35,488
2,37,227
2,39,571
2,41,152
2,46,299
2,54,573
2,57,228
2,59,297
2,68,141
2,70,498
2,71,169
2,74,96
2,75,406
2,77,155
2,78,137
2,87,68
2,95,353
2,104,101
2,113,30
2,119,294
2,123,251
2,124,169
2,126,95
2,133,148
2,134,424
2,152,547
2,156,55
2,160,410
2,173,147
2,176,114
2,186,476
2,192,598
2,217,251
2,219,315
2,221,369
2,232,262
2,239,328
2,248,211
2,261,51
2,262,457
2,263,97
2,275,314
2,276,303
2,287,139
2,293,476
3,1,215
3,2,252
3,5,550
3,7,329
3,9,479
3,10,160
3,11,181
3,12,557
3,14,565
3,15,399
3,17,43
3,19,145
3,20,152
3,21,451
3,23,147
3,25,527
3,27,544
3,28,74
3,29,75
3,31,105
3,32,139
3,35,447
3,38,147
3,39,345
3,40,25
3,41,465
3,43,119
3,44,245
3,48,280
3,49,468
3,51,213
3,52,355
3,55,334
3,58,4
3,60,535
3,61,157
3,62,551
3,64,254
3,66,184
3,67,183
3,72,167
3,84,219
3,87,512
3,92,279
3,94,588
3,95,42
3,97,135
3,98,254
3,99,154
3,102,573
3,123,86
3,125,207
3,136,33
3,140,571
3,143,508
3,148,172
3,170,421
3,173,328
3,176,430
3,178,515
3,190,383
3,197,451
3,202,96
3,213,363
3,220,402
3,247,465
3,267,356
3,273,260
3,285,496
3,289,358
4,1,334
4,2,537
4,5,555
4,6,31
4,7,233
4,8,553
4,9,308
4,10,331
4,11,558
4,12,419
4,14,574
4,16,136
4,18,22
4,19,237
4,20,420
4,22,189
4,23,207
4,24,183
4,26,561
4,29,452
4,31,32
4,32,331
4,35,53
4,36,155
4,37,361
4,39,600
4,40,368
4,41,188
4,43,198
4,44,558
4,45,311
4,46,27
4,47,527
4,48,170
4,51,231
4,54,124
4,57,332
4,64,166
4,67,421
4,68,446
4,71,263
4,72,449
4,80,154
4,84,434
4,91,529
4,93,271
4,97,289
4,100,552
4,102,430
4,104,371
4,107,495
4,108,366
4,109,204
4,113,120
4,116,464
4,118,312
4,126,94
4,129,109
4,133,485
4,134,560
4,135,220
4,140,562
4,145,253
4,156,212
4,161,510
4,163,252
4,177,472
4,178,544
4,183,17
4,191,556
4,200,161
4,201,78
4,203,190
4,216,393
4,219,367
4,233,137
4,240,127
4,258,229
4,269,557
4,290,394
4,294,309
5,1,208
5,3,550
5,4,555
5,6,240
5,7,185
5,8,374
5,10,140
5,11,72
5,12,336
5,13,217
5,16,575
5,17,455
5,18,98
5,20,69
5,21,233
5,24,390
5,25,325
5,26,16
5,27,12
5,28,73
5,29,489
5,31,286
5,32,472
5,34,534
5,35,223
5,37,267
5,39,592
5,40,307
5,42,91
5,45,259
5,46,529
5,47,428
5,51,508
5,55,339
5,56,77
5,60,318
5,64,285
5,65,371
5,66,478
5,67,325
5,68,191
5,73,555
5,76,387
5,81,397
5,86,395
5,87,360
5,88,503
5,89,336
5,92,340
5,93,237
5,94,291
5,95,125
5,97,77
5,98,253
5,104,506
5,113,309
5,114,462
5,115,11
5,117,475
5,119,412
5,120,473
5,135,498
5,146,233
5,153,375
5,158,208
5,162,184
5,164,19
5,168,361
5,169,85
5,173,357
5,177,584
5,184,464
5,191,399
5,207,78
5,208,264
5,211,310
5,213,408
5,218,541
5,224,357
5,232,179
5,253,11
5,264,541
5,268,432
5,275,30
5,283,422
5,284,324
5,289,525
5,297,234
6,1,11
6,4,31
6,5,240
6,8,436
6,10,290
6,11,520
6,12,600
6,13,396
6,15,200
6,16,451
6,17,116
6,18,243
6,19,532
6,20,546
6,22,474
6,23,452
6,24,248
6,28,566
6,31,303
6,33,426
6,34,408
6,37,376
6,39,177
6,40,551
6,41,277
6,42,379
6,46,364
6,47,96
6,49,234
6,50,1
6,56,101
6,61,120
6,62,109
6,63,185
6,64,543
6,66,549
6,67,124
6,72,374
6,73,543
6,77,74
6,80,213
6,83,351
6,84,479
6,85,142
6,89,458
6,94,206
6,97,168
6,102,565
6,109,49
6,116,136
6,119,379
6,130,467
6,144,39
6,146,454
6,149,417
6,167,69
6,174,40
6,184,409
6,187,235
6,190,448
6,193,597
6,194,323
6,197,409
6,199,310
6,215,376
6,228,113
6,231,449
6,251,29
6,261,247
6,262,283
6,265,300
6,267,46
6,269,557
6,285,396
6,294,69
7,1,183
7,2,257
7,3,329
7,4,233
7,5,185
7,9,102
7,10,302
7,11,420
7,13,154
7,14,358
7,15,357
7,17,555
7,18,152
7,20,357
7,21,239
7,22,520
7,23,53
7,26,341
7,27,126
7,28,202
7,29,414
7,30,418
7,32,156
7,34,301
7,35,101
7,37,344
7,38,232
7,39,379
7,41,83
7,42,366
7,43,275
7,45,565
7,47,520
7,49,590
7,50,39
7,52,122
7,53,512
7,54,572
7,57,207
7,58,293
7,60,219
7,61,349
7,67,258
7,68,344
7,73,63
7,74,551
7,77,29
7,81,478
7,86,479
7,88,425
7,89,401
7,90,463
7,91,356
7,97,160
7,102,123
7,103,167
7,106,69
7,107,228
7,116,125
7,120,586
7,121,381
7,126,52
7,130,452
7,133,547
7,142,119
7,147,432
7,153,119
7,158,59
7,160,477
7,164,590
7,165,581
7,174,300
7,179,466
7,180,314
7,181,304
7,196,136
7,206,357
7,219,317
7,230,369
7,242,67
7,255,91
7,257,97
7,261,61
7,268,588
7,281,40
7,284,175
7,285,122
7,296,15
7,300,557
8,2,147
8,4,553
8,5,374
8,6,436
8,9,395
8,10,373
8,11,509
8,15,358
8,18,566
8,22,589
8,24,288
8,28,556
8,31,332
8,33,225
8,36,540
8,38,357
8,40,344
8,41,371
8,42,310
8,44,306
8,45,470
8,48,13
8,49,558
8,50,144
8,51,162
8,52,333
8,53,526
8,55,483
8,56,444
8,58,15
8,59,45
8,70,574
8,73,69
8,81,544
8,92,176
8,94,599
8,105,599
8,117,343
8,118,488
8,121,427
8,124,456
8,125,512
8,126,454
8,128,337
8,131,544
8,135,407
8,139,596
8,140,37
8,143,150
8,147,261
8,148,439
8,151,67
8,157,208
8,168,452
8,177,289
8,182,312
8,189,290
8,196,399
8,200,52
8,203,76
8,213,37
8,218,450
8,220,377
8,221,573
8,229,537
8,233,536
8,235,263
8,247,383
8,251,339
8,259,141
8,262,428
8,267,466
8,270,19
8,272,112
8,275,359
8,278,311
8,287,481
9,1,569
9,2,312
9,3,479
9,4,308
9,7,102
9,8,395
9,10,321
9,11,19
9,13,536
9,14,265
9,16,462
9,17,164
9,19,13
9,20,390
9,21,444
9,22,253
9,23,30
9,24,151
9,27,345
9,28,189
9,29,453
9,30,158
9,31,249
9,32,164
9,33,58
9,34,238
9,35,581
9,36,443
9,37,379
9,39,242
9,42,305
9,45,583
9,48,514
9,52,102
9,53,84
9,55,137
9,60,310
9,61,314
9,64,121
9,65,393
9,66,178
9,71,562
9,76,414
9,77,550
9,80,472
9,84,457
9,87,356
9,88,3
9,91,357
9,92,201
9,93,508
9,95,24
9,96,598
9,103,1
9,107,39
9,110,110
9,115,551
9,126,412
9,127,339
9,137,399
9,141,555
9,152,555
9,157,121
9,168,378
9,170,163
9,179,363
9,180,411
9,187,7
9,193,88
9,195,258
9,196,15
9,203,359
9,214,187
9,225,182
9,228,568
9,239,206
9,250,212
9,259,335
9,279,553
9,286,46
9,299,251
10,1,518
10,3,160
10,4,331
10,5,140
10,6,290
10,7,302
10,8,373
10,9,321
10,12,362
10,14,193
10,15,13
10,17,526
10,19,211
10,20,106
10,21,533
10,22,470
10,23,351
10,26,388
10,28,562
10,30,227
10,31,585
10,32,337
10,37,452
10,42,351
10,43,501
10,44,238
10,47,443
10,49,57
10,51,144
10,54,491
10,57,15
10,58,249
10,62,470
10,70,391
10,71,141
10,73,111
10,74,172
10,75,506
10,77,393
10,78,439
10,80,161
10,81,410
10,82,311
10,85,203
10,86,130
10,90,116
10,96,391
10,97,108
10,98,454
10,100,467
10,103,100
10,104,399
10,105,507
10,109,191
10,110,350
10,113,397
10,114,399
10,118,146
10,119,231
10,124,158
10,127,388
10,155,35
10,159,600
10,163,397
10,176,477
10,188,212
10,191,47
10,192,234
10,223,116
10,258,140
10,263,334
10,295,462
10,299,356
10,300,310
11,3,181
11,4,558
11,5,72
11,6,520
11,7,420
11,8,509
11,9,19
11,13,236
11,15,511
11,19,462
11,20,340
11,21,175
11,22,36
11,24,588
11,25,264
11,29,203
11,31,391
11,32,274
11,33,155
11,34,437
11,36,293
11,39,347
11,40,101
11,41,215
11,43,195
11,45,404
11,46,525
11,47,504
11,48,48
11,52,495
11,53,109
11,55,347
11,57,499
11,60,584
11,63,262
11,65,565
11,70,139
11,77,129
11,78,533
11,79,498
11,80,254
11,83,285
11,91,470
11,92,87
11,94,244
11,95,9
11,100,264
11,104,93
11,105,125
11,106,260
11,107,44
11,112,338
11,114,266
11,115,233
11,120,321
11,125,471
11,129,287
11,148,274
11,149,499
11,150,92
11,161,250
11,166,503
11,180,205
11,189,448
11,193,228
11,198,184
11,203,422
11,210,100
11,212,225
11,216,568
11,220,376
11,230,227
11,231,438
11,253,564
11,254,141
11,260,229
11,279,97
11,282,438
11,287,301
11,289,483
11,294,219
12,2,165
12,3,557
12,4,419
12,5,336
12,6,600
12,10,362
12,13,481
12,14,58
12,16,401
12,18,591
12,21,294
12,22,365
12,24,327
12,25,52
12,27,122
12,32,325
12,33,29
12,35,260
12,37,235
12,39,162
12,42,479
12,43,373
12,44,255
12,49,347
12,50,228
12,55,29
12,56,3
12,63,513
12,65,201
12,72,282
12,75,209
12,76,385
12,77,263
12,79,372
12,80,583
12,84,411
12,85,148
12,91,361
12,96,286
12,98,366
12,101,71
12,106,544
12,124,7
12,143,246
12,144,90
12,151,104
12,159,55
12,163,6
12,164,289
12,168,294
12,169,284
12,178,504
12,181,481
12,190,40
12,195,449
12,200,391
12,201,447
12,205,194
12,206,387
12,208,564
12,209,81
12,213,265
12,217,299
12,222,424
12,227,209
12,252,15
12,282,428
12,290,582
13,1,156
13,2,580
13,5,217
13,6,396
13,7,154
13,9,536
13,11,236
13,12,481
13,14,530
13,16,249
13,17,31
13,18,147
13,19,101
13,20,459
13,21,133
13,22,165
13,23,511
13,25,539
13,27,524
13,28,191
13,31,313
13,32,202
13,35,16
13,36,167
13,38,303
13,39,122
13,40,138
13,42,85
13,43,563
13,49,425
13,50,575
13,51,310
13,52,169
13,53,42
13,56,201
13,59,296
13,61,561
13,67,248
13,69,94
13,72,330
13,79,13
13,80,236
13,81,9
13,95,70
13,99,99
13,101,353
13,103,435
13,105,461
13,109,107
13,112,254
13,127,99
13,131,596
13,140,450
13,142,521
13,143,53
13,144,289
13,155,194
13,158,41
13,172,23
13,192,187
13,194,522
13,196,274
13,200,498
13,202,268
13,203,391
13,229,420
13,232,455
13,234,412
13,236,209
13,244,521
13,253,299
13,265,594
13,275,488
13,298,325
13,299,366
14,1,375
14,2,29
14,3,565
14,4,574
14,7,358
14,9,265
14,10,193
14,12,58
14,13,530
14,15,348
14,17,375
14,18,466
14,21,426
14,24,203
14,25,508
14,26,35
14,27,586
14,28,206
14,29,246
14,33,470
14,34,172
14,36,216
14,37,142
14,40,37
14,42,24
14,46,204
14,48,217
14,50,148
14,51,12
14,52,264
14,53,411
14,54,290
14,60,310
14,61,218
14,62,108
14,63,33
14,68,519
14,69,573
14,70,96
14,71,258
14,79,560
14,81,448
14,82,83
14,89,250
14,96,244
14,99,588
14,100,4
14,101,150
14,108,379
14,112,128
14,113,36
14,117,101
14,122,535
14,127,317
14,138,359
14,140,393
14,148,348
14,158,71
14,163,399
14,165,482
14,170,1
14,185,373
14,186,401
14,187,41
14,193,491
14,198,541
14,200,423
14,205,517
14,222,481
14,224,16
14,226,384
14,227,420
14,241,576
14,250,245
14,254,412
14,265,403
14,272,468
14,276,64
15,1,318
15,2,121
15,3,399
15,6,200
15,7,357
15,8,358
15,10,13
15,11,511
15,14,348
15,16,570
15,18,49
15,19,497
15,23,397
15,25,287
15,26,518
15,28,195
15,33,450
15,35,28
15,36,150
15,37,257
15,38,305
15,43,84
15,45,203
15,46,77
15,48,365
15,50,190
15,52,273
15,54,220
15,56,445
15,60,105
15,61,211
15,64,393
15,68,100
15,71,494
15,73,150
15,74,581
15,77,150
15,78,78
15,83,36
15,84,330
15,87,360
15,92,165
15,95,84
15,98,541
15,99,141
15,104,12
15,107,8
15,125,350
15,127,443
15,128,53
15,131,154
15,136,368
15,139,160
15,140,538
15,149,73
15,152,515
15,154,333
15,161,600
15,165,460
15,180,290
15,195,222
15,200,151
15,208,222
15,213,122
15,216,47
15,217,372
15,222,267
15,224,228
15,230,424
15,236,156
15,240,443
15,241,17
15,250,158
15,252,205
15,254,352
15,255,380
15,272,48
15,284,590
16,1,289
16,4,136
16,5,575
16,6,451
16,9,462
16,12,401
16,13,249
16,15,570
16,17,284
16,18,31
16,20,269
16,21,334
16,22,125
16,23,391
16,24,138
16,25,374
16,27,539
16,29,34
16,32,177
16,33,286
16,35,76
16,36,560
16,37,398
16,38,109
16,40,308
16,42,80
16,43,183
16,45,16
16,47,44
16,49,362
16,50,342
16,53,584
16,59,447
16,61,62
16,62,213
16,63,171
16,64,436
16,67,276
16,68,502
16,73,590
16,75,361
16,82,183
16,83,130
16,84,278
16,89,159
16,90,149
16,91,585
16,92,173
16,99,193
16,102,41
16,103,46
16,104,52
16,111,213
16,112,187
16,126,408
16,140,380
16,146,372
16,161,505
16,162,377
16,164,331
16,166,447
16,167,337
16,170,247
16,173,452
16,174,178
16,177,105
16,185,56
16,201,34
16,214,379
16,220,554
16,224,288
16,235,449
16,238,311
16,245,45
16,253,589
16,266,106
16,268,206
16,274,522
16,288,152
16,292,507
16,294,569
16,295,404
17,3,43
17,5,455
17,6,116
17,7,555
17,9,164
17,10,526
17,13,31
17,14,375
17,16,284
17,18,433
17,20,279
17,21,48
17,23,195
17,24,275
17,25,358
17,26,292
17,28,250
17,29,288
17,32,412
17,34,519
17,35,353
17,38,288
17,40,108
17,46,288
17,48,183
17,49,388
17,51,115
17,53,252
17,54,408
17,55,160
17,59,527
17,61,325
17,66,295
17,75,589
17,76,50
17,81,296
17,82,523
17,84,474
17,85,145
17,88,285
17,98,293
17,103,80
17,109,26
17,111,34
17,124,55
17,126,316
17,136,408
17,139,352
17,152,552
17,168,351
17,174,6
17,193,164
17,215,102
17,216,107
17,218,170
17,224,61
17,233,136
17,265,479
17,273,447
17,275,448
17,281,548
17,300,260
18,1,444
18,2,78
18,4,22
18,5,98
18,6,243
18,7,152
18,8,566
18,12,591
18,13,147
18,14,466
18,15,49
18,16,31
18,17,433
18,19,122
18,21,168
18,22,205
18,25,440
18,29,207
18,31,386
18,32,439
18,36,484
18,37,32
18,38,496
18,41,394
18,42,42
18,43,2
18,47,531
18,49,569
18,50,565
18,53,153
18,56,22
18,57,260
18,62,112
18,64,32
18,69,156
18,70,168
18,74,527
18,75,128
18,76,87
18,77,336
18,78,186
18,79,276
18,82,133
18,85,471
18,87,203
18,89,209
18,91,4
18,94,311
18,95,333
18,97,451
18,98,297
18,102,52
18,105,583
18,107,123
18,122,65
18,129,60
18,136,47
18,137,304
18,143,100
18,144,144
18,145,317
18,169,503
18,178,561
18,181,363
18,184,235
18,194,577
18,220,229
18,233,206
18,243,318
18,249,148
18,252,1
18,257,474
18,270,162
18,271,565
18,274,138
18,290,135
19,1,344
19,2,400
19,3,145
19,4,237
19,6,532
19,9,13
19,10,211
19,11,462
19,13,101
19,15,497
19,18,122
19,20,572
19,21,278
19,23,166
19,24,584
19,25,418
19,26,330
19,28,7
19,29,594
19,30,459
19,31,263
19,32,585
19,33,82
19,34,39
19,38,580
19,39,68
19,40,138
19,41,412
19,44,15
19,47,530
19,49,341
19,52,472
19,57,559
19,59,221
19,61,87
19,67,291
19,68,116
19,69,288
19,70,564
19,72,545
19,78,160
19,84,570
19,86,10
19,96,89
19,106,167
19,108,374
19,113,356
19,114,144
19,123,19
19,128,105
19,133,2
19,149,597
19,167,493
19,176,327
19,178,441
19,179,24
19,193,178
19,194,442
19,197,92
19,198,584
19,205,345
19,212,546
19,213,578
19,218,138
19,220,26
19,221,48
19,243,180
19,245,577
19,251,419
19,258,161
19,266,162
19,284,96
19,285,129
19,287,590
20,1,8
20,3,152
20,4,420
20,5,69
20,6,546
20,7,357
20,9,390
20,10,106
20,11,340
20,13,459
20,16,269
20,17,279
20,19,572
20,21,122
20,22,383
20,24,249
20,27,36
20,28,275
20,29,202
20,30,113
20,31,554
20,32,110
20,33,241
20,34,188
20,35,73
20,37,87
20,40,221
20,41,298
20,47,476
20,49,595
20,51,578
20,55,364
20,57,414
20,59,497
20,61,165
20,62,445
20,68,104
20,69,301
20,73,71
20,74,456
20,79,43
20,81,359
20,85,242
20,87,517
20,90,70
20,93,19
20,96,37
20,98,582
20,106,297
20,111,348
20,115,477
20,116,3
20,123,61
20,132,326
20,138,520
20,140,256
20,141,90
20,146,468
20,151,502
20,167,437
20,172,574
20,187,506
20,196,199
20,197,552
20,198,585
20,210,68
20,227,480
20,233,35
20,235,550
20,242,524
20,243,27
20,246,126
20,248,230
20,252,278
20,268,295
20,279,85
20,296,597
21,1,575
21,2,377
21,3,451
21,5,233
21,7,239
21,9,444
21,10,533
21,11,175
21,12,294
21,13,133
21,14,426
21,16,334
21,17,48
21,18,168
21,19,278
21,20,122
21,24,209
21,25,401
21,26,343
21,27,386
21,28,542
21,29,25
21,32,3
21,33,310
21,34,436
21,35,72
21,36,351
21,40,299
21,44,418
21,45,70
21,51,190
21,53,433
21,55,16
21,56,410
21,57,508
21,58,473
21,59,458
21,61,157
21,62,420
21,63,163
21,65,254
21,71,316
21,73,144
21,74,532
21,75,70
21,76,64
21,78,157
21,88,114
21,89,559
21,98,380
21,115,582
21,117,394
21,118,469
21,125,268
21,126,460
21,127,102
21,128,587
21,134,438
21,135,230
21,136,314
21,138,113
21,142,594
21,144,161
21,150,328
21,152,94
21,158,565
21,162,495
21,164,331
21,166,476
21,171,362
21,188,512
21,189,496
21,212,49
21,225,296
21,227,577
21,250,499
21,261,216
21,272,482
21,289,593
22,2,193
22,4,189
22,6,474
22,7,520
22,8,589
22,9,253
22,10,470
22,11,36
22,12,365
22,13,165
22,16,125
22,18,205
22,20,383
22,23,226
22,24,161
22,25,592
22,26,512
22,27,544
22,28,48
22,29,537
22,31,278
22,32,593
22,33,266
22,34,148
22,36,85
22,37,455
22,38,68
22,39,564
22,41,49
22,50,313
22,51,561
22,56,89
22,62,124
22,63,417
22,65,521
22,66,329
22,67,298
22,70,416
22,74,98
22,78,52
22,79,57
22,85,589
22,89,479
22,95,95
22,105,132
22,106,57
22,108,256
22,110,431
22,111,80
22,112,171
22,117,298
22,131,251
22,133,156
22,148,186
22,159,3
22,161,169
22,174,281
22,176,360
22,185,575
22,187,368
22,204,541
22,210,130
22,211,182
22,216,564
22,220,407
22,231,389
22,241,115
22,253,16
22,256,588
22,275,18
22,277,27
22,286,586
22,292,563
23,1,544
23,2,334
23,3,147
23,4,207
23,6,452
23,7,53
23,9,30
23,10,351
23,13,511
23,15,397
23,16,391
23,17,195
23,19,166
23,22,226
23,24,358
23,25,284
23,27,503
23,28,270
23,30,55
23,31,324
23,32,343
23,34,309
23,35,223
23,38,167
23,39,101
23,40,372
23,44,131
23,47,544
23,48,213
23,50,222
23,54,444
23,58,290
23,59,68
23,65,199
23,68,172
23,71,168
23,72,431
23,76,544
23,80,379
23,82,365
23,84,583
23,86,517
23,96,538
23,99,319
23,100,513
23,102,366
23,111,110
23,114,28
23,122,184
23,144,335
23,152,60
23,160,162
23,168,447
23,175,47
23,176,217
23,181,194
23,187,496
23,200,459
23,201,547
23,206,570
23,210,32
23,249,33
23,259,399
23,261,397
23,262,236
23,297,587
24,1,521
24,2,418
24,4,183
24,5,390
24,6,248
24,8,288
24,9,151
24,11,588
24,12,327
24,14,203
24,16,138
24,17,275
24,19,584
24,20,249
24,21,209
24,22,161
24,23,358
24,25,441
24,26,107
24,27,303
24,30,54
24,32,452
24,33,15
24,36,505
24,42,472
24,44,489
24,45,162
24,46,442
24,50,478
24,52,156
24,53,592
24,54,266
24,55,70
24,56,195
24,58,570
24,59,451
24,60,57
24,61,256
24,66,287
24,71,412
24,77,229
24,83,431
24,86,504
24,93,152
24,94,358
24,96,525
24,99,502
24,102,537
24,109,274
24,114,480
24,115,377
24,116,250
24,122,284
24,130,591
24,132,428
24,133,573
24,149,487
24,153,195
24,154,590
24,162,95
24,164,309
24,166,422
24,178,6
24,185,261
24,188,399
24,190,83
24,202,202
24,203,113
24,207,348
24,223,564
24,232,123
24,234,328
24,240,137
24,291,387
25,3,527
25,5,325
25,11,264
25,12,52
25,13,539
25,14,508
25,15,287
25,16,374
25,17,358
25,18,440
25,19,418
25,21,401
25,22,592
25,23,284
25,24,441
25,27,108
25,28,585
25,30,328
25,31,49
25,36,504
25,37,50
25,39,113
25,44,175
25,46,448
25,47,423
25,50,417
25,53,186
25,55,573
25,56,296
25,59,149
25,62,262
25,63,25
25,64,505
25,65,544
25,69,469
25,80,60
25,82,71
25,88,455
25,89,220
25,96,269
25,102,547
25,113,56
25,122,305
25,129,257
25,137,33
25,142,311
25,147,104
25,149,586
25,156,488
25,163,143
25,168,426
25,169,115
25,187,354
25,191,512
25,192,5
25,200,292
25,201,366
25,207,451
25,222,185
25,238,248
25,242,358
25,248,594
25,265,40
25,270,487
25,277,439
25,290,115
25,293,160
25,296,218
25,298,595
26,1,467
26,2,349
26,4,561
26,5,16
26,7,341
26,10,388
26,14,35
26,15,518
26,17,292
26,19,330
26,21,343
26,22,512
26,24,107
26,27,591
26,28,130
26,29,591
26,31,245
26,35,540
26,36,238
26,40,452
26,41,581
26,42,54
26,43,121
26,46,120
26,47,277
26,48,483
26,52,584
26,55,256
26,57,22
26,59,126
26,60,29
26,62,23
26,63,230
26,64,515
26,66,5
26,69,384
26,71,374
26,80,600
26,81,439
26,82,76
26,87,242
26,100,142
26,104,529
26,107,403
26,109,67
26,112,370
26,119,193
26,120,355
26,123,72
26,125,359
26,132,496
26,134,231
26,146,257
26,169,464
26,177,293
26,181,59
26,185,471
26,196,321
26,204,184
26,223,476
26,226,376
26,228,29
26,229,186
26,253,472
26,255,275
26,269,207
26,278,251
26,280,77
27,1,546
27,3,544
27,5,12
27,7,126
27,9,345
27,12,122
27,13,524
27,14,586
27,16,539
27,20,36
27,21,386
27,22,544
27,23,503
27,24,303
27,25,108
27,26,591
27,29,587
27,30,363
27,31,581
27,34,416
27,38,374
27,42,118
27,44,420
27,45,385
27,47,400
27,49,476
27,51,398
27,52,571
27,54,271
27,57,145
27,58,289
27,62,231
27,63,68
27,66,247
27,67,576
27,71,387
27,72,172
27,77,335
27,78,185
27,87,373
27,94,573
27,98,389
27,100,435
27,105,474
27,107,431
27,116,301
27,125,218
27,133,538
27,135,72
27,138,476
27,146,372
27,150,76
27,153,172
27,165,481
27,170,371
27,180,285
27,182,529
27,183,120
27,194,280
27,197,335
27,217,192
27,223,20
27,229,27
27,231,13
27,246,408
27,253,157
27,276,334
27,277,239
28,1,461
28,2,316
28,3,74
28,5,73
28,6,566
28,7,202
28,8,556
28,9,189
28,10,562
28,13,191
28,14,206
28,15,195
28,17,250
28,19,7
28,20,275
28,21,542
28,22,48
28,23,270
28,25,585
28,26,130
28,29,343
28,30,336
28,32,192
28,34,508
28,35,508
28,36,551
28,37,245
28,39,206
28,42,431
28,46,599
28,48,536
28,49,362
28,50,286
28,53,502
28,55,218
28,57,19
28,58,297
28,60,134
28,70,16
28,72,244
28,73,498
28,75,194
28,78,292
28,79,526
28,89,335
28,94,180
28,95,67
28,101,123
28,102,525
28,104,185
28,111,282
28,114,183
28,116,88
28,120,515
28,141,278
28,148,56
28,162,383
28,164,581
28,169,84
28,172,219
28,174,155
28,176,483
28,179,29
28,180,283
28,190,516
28,193,306
28,195,63
28,196,334
28,206,187
28,213,201
28,222,271
28,228,289
28,231,401
28,236,364
28,239,254
28,250,315
28,270,290
28,272,497
28,293,489
28,296,346
28,298,180
29,1,150
29,2,417
29,3,75
29,4,452
29,5,489
29,7,414
29,9,453
29,11,203
29,14,246
29,16,34
29,17,288
29,18,207
29,19,594
29,20,202
29,21,25
29,22,537
29,26,591
29,27,587
29,28,343
29,30,313
29,34,458
29,37,464
29,38,8
29,41,57
29,42,142
29,43,319
29,44,381
29,47,107
29,48,340
29,49,555
29,50,538
29,55,482
29,62,147
29,63,106
29,64,57
29,67,266
29,69,24
29,70,338
29,71,552
29,75,61
29,76,64
29,77,252
29,83,575
29,86,13
29,87,591
29,93,110
29,94,363
29,95,453
29,96,525
29,98,598
29,101,366
29,103,129
29,105,586
29,113,2
29,114,419
29,118,480
29,119,346
29,120,554
29,121,328
29,130,252
29,132,85
29,140,295
29,145,172
29,149,350
29,158,40
29,163,106
29,166,133
29,168,581
29,171,576
29,175,356
29,179,481
29,180,179
29,193,570
29,199,542
29,229,180
29,231,354
29,241,101
29,259,38
29,262,338
29,266,340
29,267,115
29,278,578
29,285,549
29,292,107
30,1,258
30,2,591
30,7,418
30,9,158
30,10,227
30,19,459
30,20,113
30,23,55
30,24,54
30,25,328
30,27,363
30,28,336
30,29,313
30,31,380
30,32,10
30,33,125
30,34,481
30,38,119
30,39,17
30,40,523
30,41,337
30,43,141
30,44,307
30,45,22
30,46,125
30,48,21
30,49,559
30,51,596
30,52,283
30,55,283
30,56,439
30,58,73
30,59,405
30,65,369
30,66,242
30,69,408
30,70,46
30,72,495
30,74,296
30,75,531
30,76,481
30,78,22
30,82,509
30,83,85
30,84,244
30,91,573
30,100,461
30,102,145
30,104,232
30,117,211
30,127,264
30,129,425
30,131,292
30,133,553
30,134,237
30,135,574
30,137,405
30,139,570
30,155,197
30,162,356
30,165,442
30,166,57
30,172,352
30,176,265
30,182,547
30,184,130
30,188,218
30,189,367
30,193,521
30,195,383
30,197,349
30,213,491
30,216,207
30,241,270
30,248,534
30,271,99
30,277,348
30,280,496
30,284,545
31,1,46
31,2,515
31,3,105
31,4,32
31,5,286
31,6,303
31,8,332
31,9,249
31,10,585
31,11,391
31,13,313
31,18,386
31,19,263
31,20,554
31,22,278
31,23,324
31,25,49
31,26,245
31,27,581
31,30,380
31,33,579
31,36,248
31,37,295
31,38,564
31,42,421
31,44,172
31,47,270
31,48,161
31,49,126
31,51,307
31,52,457
31,56,270
31,58,502
31,64,527
31,65,513
31,71,238
31,72,364
31,75,460
31,80,569
31,87,311
31,96,356
31,100,545
31,101,318
31,109,109
31,110,419
31,111,228
31,116,182
31,118,577
31,120,25
31,127,520
31,129,145
31,135,61
31,138,290
31,151,489
31,161,395
31,183,63
31,186,440
31,192,234
31,194,453
31,221,573
31,228,91
31,247,191
31,259,568
31,276,372
31,281,344
31,292,116
32,1,456
32,3,139
32,4,331
32,5,472
32,7,156
32,9,164
32,10,337
32,11,274
32,12,325
32,13,202
32,16,177
32,17,412
32,18,439
32,19,585
32,20,110
32,21,3
32,22,593
32,23,343
32,24,452
32,28,192
32,30,10
32,34,387
32,35,409
32,39,51
32,40,286
32,42,434
32,46,470
32,47,293
32,48,545
32,53,140
32,62,298
32,66,489
32,68,559
32,69,155
32,70,486
32,73,283
32,81,279
32,82,581
32,85,562
32,90,402
32,93,152
32,97,23
32,101,596
32,105,253
32,107,204
32,110,585
32,119,160
32,132,185
32,133,264
32,138,22
32,145,45
32,151,447
32,156,19
32,162,19
32,172,262
32,205,402
32,208,157
32,224,477
32,235,576
32,237,261
32,245,390
32,249,73
32,250,39
32,253,220
32,255,290
32,273,483
32,279,578
32,293,555
33,1,370
33,2,205
33,6,426
33,8,225
33,9,58
33,11,155
33,12,29
33,14,470
33,15,450
33,16,286
33,19,82
33,20,241
33,21,310
33,22,266
33,24,15
33,30,125
33,31,579
33,35,417
33,36,80
33,38,1
33,42,567
33,43,349
33,46,20
33,48,471
33,49,60
33,50,323
33,51,64
33,52,315
33,57,459
33,60,167
33,61,370
33,63,410
33,66,153
33,68,434
33,74,206
33,76,342
33,77,456
33,79,400
33,86,271
33,89,211
33,90,146
33,91,78
33,92,101
33,97,44
33,98,557
33,100,269
33,101,521
33,102,252
33,109,377
33,110,513
33,112,437
33,113,433
33,116,293
33,123,176
33,129,340
33,130,513
33,134,277
33,140,25
33,152,328
33,155,476
33,156,339
33,157,54
33,171,90
33,181,105
33,186,593
33,214,591
33,215,457
33,219,112
33,222,540
33,229,531
33,236,296
33,249,405
33,254,565
33,256,596
33,267,5
33,300,95
34,2,409
34,5,534
34,6,408
34,7,301
34,9,238
34,11,437
34,14,172
34,17,519
34,19,39
34,20,188
34,21,436
34,22,148
34,23,309
34,27,416
34,28,508
34,29,458
34,30,481
34,32,387
34,35,60
34,36,112
34,37,334
34,40,76
34,43,284
34,44,553
34,45,547
34,46,549
34,50,497
34,52,503
34,53,61
34,58,403
34,62,25
34,65,550
34,66,407
34,67,277
34,76,430
34,82,275
34,87,146
34,88,87
34,90,427
34,94,529
34,95,59
34,113,302
34,117,13
34,118,409
34,130,120
34,134,49
34,139,384
34,154,390
34,158,141
34,159,86
34,162,132
34,165,591
34,175,439
34,189,258
34,193,464
34,194,70
34,197,51
34,203,47
34,207,419
34,213,9
34,216,489
34,254,155
34,257,254
34,260,86
34,268,338
34,273,193
34,299,344
34,300,128
35,1,555
35,2,488
35,3,447
35,4,53
35,5,223
35,7,101
35,9,581
35,12,260
35,13,16
35,15,28
35,16,76
35,17,353
35,20,73
35,21,72
35,23,223
35,26,540
35,28,508
35,32,409
35,33,417
35,34,60
35,37,502
35,38,333
35,40,272
35,41,232
35,42,544
35,44,167
35,48,64
35,57,442
35,58,176
35,59,241
35,63,391
35,65,464
35,69,214
35,75,314
35,78,267
35,81,532
35,82,253
35,83,68
35,92,188
35,95,577
35,99,496
35,104,272
35,113,448
35,122,239
35,131,37
35,133,456
35,138,596
35,142,311
35,147,580
35,148,510
35,154,328
35,155,521
35,160,244
35,162,165
35,185,14
35,195,28
35,213,458
35,250,188
35,252,524
35,253,177
35,258,54
35,265,363
35,266,110
35,268,41
35,273,525
35,279,204
35,282,592
35,284,248
35,295,543
36,1,34
36,4,155
36,8,540
36,9,443
36,11,293
36,13,167
36,14,216
36,15,150
36,16,560
36,18,484
36,21,351
36,22,85
36,24,505
36,25,504
36,26,238
36,28,551
36,31,248
36,33,80
36,34,112
36,37,472
36,39,102
36,41,307
36,42,197
36,45,341
36,46,360
36,47,395
36,51,312
36,54,559
36,56,590
36,57,137
36,59,25
36,60,2
36,64,4
36,71,457
36,73,39
36,74,18
36,75,110
36,77,364
36,78,483
36,79,55
36,84,556
36,86,98
36,98,598
36,100,206
36,106,405
36,108,250
36,110,288
36,111,525
36,119,577
36,121,318
36,123,415
36,129,442
36,135,55
36,139,444
36,161,199
36,163,149
36,169,311
36,172,189
36,182,145
36,187,478
36,188,197
36,191,494
36,200,292
36,204,386
36,216,136
36,235,128
36,239,52
36,243,110
36,246,217
36,248,327
36,271,274
36,284,288
37,1,158
37,2,227
37,4,361
37,5,267
37,6,376
37,7,344
37,9,379
37,10,452
37,12,235
37,14,142
37,15,257
37,16,398
37,18,32
37,20,87
37,22,455
37,25,50
37,28,245
37,29,464
37,31,295
37,34,334
37,35,502
37,36,472
37,38,220
37,39,507
37,40,185
37,49,240
37,50,63
37,51,402
37,56,340
37,58,459
37,74,38
37,77,253
37,79,571
37,82,398
37,83,43
37,84,322
37,85,172
37,86,257
37,89,462
37,110,175
37,118,51
37,123,246
37,125,549
37,129,340
37,138,438
37,142,255
37,146,101
37,151,417
37,156,388
37,158,225
37,159,291
37,169,495
37,170,134
37,179,291
37,180,313
37,183,417
37,190,81
37,199,185
37,225,60
37,228,286
37,237,204
37,240,366
37,243,571
37,247,279
37,253,149
37,279,506
38,1,27
38,3,147
38,7,232
38,8,357
38,13,303
38,15,305
38,16,109
38,17,288
38,18,496
38,19,580
38,22,68
38,23,167
38,27,374
38,29,8
38,30,119
38,31,564
38,33,1
38,35,333
38,37,220
38,40,334
38,43,387
38,45,272
38,46,199
38,50,263
38,53,324
38,54,557
38,60,315
38,65,18
38,67,130
38,70,46
38,71,427
38,77,335
38,78,28
38,83,70
38,93,162
38,100,88
38,102,482
38,105,318
38,108,332
38,111,92
38,114,487
38,121,337
38,126,510
38,130,368
38,134,236
38,137,399
38,138,180
38,140,473
38,141,359
38,150,520
38,177,569
38,178,230
38,186,109
38,199,319
38,205,420
38,214,451
38,236,550
38,238,597
38,239,279
38,244,366
38,251,334
38,253,106
38,258,376
38,259,562
39,1,29
39,2,571
39,3,345
39,4,600
39,5,592
39,6,177
39,7,379
39,9,242
39,11,347
39,12,162
39,13,122
39,19,68
39,22,564
39,23,101
39,25,113
39,28,206
39,30,17
39,32,51
39,36,102
39,37,507
39,40,260
39,41,229
39,43,536
39,45,406
39,47,2
39,48,398
39,50,595
39,52,344
39,56,66
39,60,494
39,62,153
39,64,492
39,65,16
39,66,241
39,68,360
39,69,585
39,71,509
39,76,580
39,83,134
39,84,574
39,86,72
39,87,548
39,93,541
39,99,562
39,102,257
39,103,151
39,105,583
39,110,237
39,117,548
39,120,517
39,121,91
39,128,411
39,147,152
39,149,29
39,150,284
39,152,296
39,155,8
39,157,519
39,168,534
39,184,204
39,189,501
39,209,510
39,221,76
39,244,564
39,247,15
39,255,531
39,259,241
39,260,179
39,263,347
39,271,272
39,273,528
39,275,359
39,282,440
39,284,345
39,291,488
39,293,312
39,295,541
39,298,64
39,299,61
40,1,75
40,3,25
40,4,368
40,5,307
40,6,551
40,8,344
40,11,101
40,13,138
40,14,37
40,16,308
40,17,108
40,19,138
40,20,221
40,21,299
40,23,372
40,26,452
40,30,523
40,32,286
40,34,76
40,35,272
40,37,185
40,38,334
40,39,260
40,42,264
40,44,403
40,45,192
40,46,90
40,51,78
40,52,436
40,54,413
40,57,596
40,58,591
40,62,162
40,69,137
40,73,393
40,75,568
40,81,592
40,90,8
40,95,455
40,96,292
40,97,473
40,98,28
40,106,10
40,108,265
40,115,320
40,121,123
40,122,549
40,129,201
40,131,310
40,133,454
40,141,415
40,156,136
40,159,480
40,164,500
40,174,118
40,179,358
40,181,276
40,184,367
40,193,377
40,194,554
40,205,454
40,223,547
40,228,123
40,229,390
40,230,53
40,239,539
40,246,120
40,247,324
40,270,499
40,277,3
40,300,150
41,1,192
41,2,152
41,3,465
41,4,188
41,6,277
41,7,83
41,8,371
41,11,215
41,18,394
41,19,412
41,20,298
41,22,49
41,26,581
41,29,57
41,30,337
41,35,232
41,36,307
41,39,229
41,42,25
41,43,75
41,44,163
41,45,105
41,46,511
41,51,365
41,54,175
41,55,489
41,57,457
41,58,111
41,62,326
41,63,100
41,69,269
41,81,33
41,92,414
41,95,549
41,96,425
41,97,84
41,99,365
41,107,534
41,119,403
41,126,12
41,128,112
41,132,148
41,134,125
41,136,288
41,137,231
41,139,255
41,160,431
41,164,342
41,166,458
41,183,324
41,192,352
41,194,212
41,203,338
41,212,333
41,215,96
41,226,317
41,231,572
41,246,84
41,247,164
41,259,113
41,272,412
41,274,19
41,278,189
41,288,206
42,5,91
42,6,379
42,7,366
42,8,310
42,9,305
42,10,351
42,12,479
42,13,85
42,14,24
42,16,80
42,18,42
42,24,472
42,26,54
42,27,118
42,28,431
42,29,142
42,31,421
42,32,434
42,33,567
42,35,544
42,36,197
42,40,264
42,41,25
42,44,303
42,48,359
42,51,542
42,55,578
42,56,591
42,57,103
42,58,387
42,60,76
42,61,456
42,64,377
42,67,302
42,68,446
42,70,146
42,71,102
42,72,132
42,74,134
42,79,26
42,80,197
42,81,3
42,86,308
42,92,591
42,102,71
42,104,253
42,106,590
42,112,426
42,115,197
42,120,97
42,128,191
42,144,304
42,150,557
42,155,73
42,156,82
42,163,83
42,166,264
42,168,504
42,181,520
42,183,34
42,184,13
42,185,481
42,187,386
42,193,240
42,202,162
42,209,429
42,212,3
42,224,502
42,230,42
42,237,351
42,245,163
42,260,325
42,276,104
42,281,152
42,283,387
42,290,32
42,293,285
42,296,78
43,3,119
43,4,198
43,7,275
43,10,501
43,11,195
43,12,373
43,13,563
43,15,84
43,16,183
43,18,2
43,26,121
43,29,319
43,30,141
43,33,349
43,34,284
43,38,387
43,39,536
43,41,75
43,44,545
43,45,573
43,46,256
43,47,564
43,49,226
43,50,189
43,51,418
43,54,334
43,56,146
43,57,168
43,60,475
43,63,156
43,68,466
43,69,308
43,72,43
43,75,446
43,76,384
43,81,120
43,82,483
43,87,476
43,88,330
43,89,313
43,90,241
43,91,521
43,94,135
43,96,530
43,97,377
43,101,445
43,103,240
43,105,477
43,106,520
43,107,142
43,113,529
43,119,236
43,126,48
43,127,273
43,128,339
43,134,317
43,138,202
43,155,8
43,159,144
43,163,323
43,168,276
43,169,590
43,170,310
43,176,593
43,187,46
43,196,573
43,208,543
43,215,477
43,217,343
43,239,289
43,241,169
43,262,42
43,271,131
43,275,529
43,278,394
43,292,525
44,3,245
44,4,558
44,8,306
44,10,238
44,12,255
44,19,15
44,21,418
44,23,131
44,24,489
44,25,175
44,27,420
44,29,381
44,30,307
44,31,172
44,34,553
44,35,167
44,40,403
44,41,163
44,42,303
44,43,545
44,48,164
44,53,370
44,54,431
44,55,579
44,58,249
44,65,341
44,71,11
44,74,407
44,80,202
44,83,236
44,86,223
44,92,329
44,116,566
44,118,427
44,121,236
44,130,427
44,133,42
44,137,102
44,147,105
44,150,338
44,182,1
44,187,66
44,198,525
44,207,190
44,220,517
44,227,469
44,232,334
44,235,405
44,244,328
44,268,115
44,270,4
44,284,219
44,288,325
44,292,304
44,296,273
44,298,21
45,1,61
45,4,311
45,5,259
45,7,565
45,8,470
45,9,583
45,11,404
45,15,203
45,16,16
45,21,70
45,24,162
45,27,385
45,30,22
45,34,547
45,36,341
45,38,272
45,39,406
45,40,192
45,41,105
45,43,573
45,46,219
45,49,134
45,50,379
45,53,228
45,54,516
45,59,575
45,61,303
45,62,204
45,63,250
45,64,274
45,71,434
45,72,181
45,76,185
45,78,259
45,80,505
45,83,133
45,85,576
45,91,348
45,93,539
45,94,270
45,105,520
45,107,593
45,109,260
45,112,86
45,113,160
45,124,150
45,125,417
45,129,514
45,131,181
45,152,278
45,163,156
45,181,244
45,183,163
45,187,216
45,205,461
45,211,380
45,216,558
45,220,433
45,226,105
45,239,41
45,241,386
45,242,370
45,246,313
45,263,20
45,264,46
45,273,260
45,300,145
46,1,37
46,2,299
46,4,27
46,5,529
46,6,364
46,11,525
46,14,204
46,15,77
46,17,288
46,24,442
46,25,448
46,26,120
46,28,599
46,30,125
46,32,470
46,33,20
46,34,549
46,36,360
46,38,199
46,40,90
46,41,511
46,43,256
46,45,219
46,47,583
46,48,13
46,54,228
46,55,427
46,60,118
46,62,532
46,65,268
46,66,123
46,68,261
46,69,307
46,75,375
46,80,305
46,81,178
46,83,161
46,87,145
46,88,62
46,93,403
46,100,209
46,103,393
46,110,286
46,112,54
46,114,310
46,115,318
46,120,333
46,130,346
46,133,585
46,145,182
46,149,268
46,151,25
46,153,18
46,156,582
46,166,372
46,174,341
46,175,18
46,178,375
46,186,279
46,189,10
46,204,55
46,209,557
46,212,488
46,213,524
46,245,473
46,261,576
46,264,508
46,272,364
46,275,34
46,289,41
47,1,552
47,4,527
47,5,428
47,6,96
47,7,520
47,10,443
47,11,504
47,16,44
47,18,531
47,19,530
47,20,476
47,23,544
47,25,423
47,26,277
47,27,400
47,29,107
47,31,270
47,32,293
47,36,395
47,39,2
47,43,564
47,46,583
47,48,98
47,52,522
47,53,198
47,55,396
47,57,101
47,60,107
47,67,321
47,68,272
47,69,254
47,72,574
47,74,514
47,78,388
47,83,177
47,88,302
47,90,507
47,94,224
47,99,23
47,103,287
47,106,20
47,111,40
47,120,410
47,128,457
47,130,43
47,131,439
47,133,559
47,134,445
47,143,414
47,152,278
47,160,33
47,166,159
47,177,485
47,181,440
47,191,128
47,207,294
47,212,284
47,231,388
47,241,292
47,251,545
47,255,22
47,262,380
47,276,553
47,282,472
47,290,489
47,291,80
48,3,280
48,4,170
48,8,13
48,9,514
48,11,48
48,14,217
48,15,365
48,17,183
48,23,213
48,26,483
48,28,536
48,29,340
48,30,21
48,31,161
48,32,545
48,33,471
48,35,64
48,39,398
48,42,359
48,44,164
48,46,13
48,47,98
48,52,145
48,54,317
48,58,181
48,59,264
48,61,513
48,63,17
48,65,246
48,66,276
48,67,566
48,68,59
48,69,355
48,75,224
48,76,149
48,81,495
48,82,327
48,85,520
48,89,349
48,92,206
48,99,526
48,103,177
48,109,85
48,111,407
48,115,173
48,131,302
48,136,395
48,143,8
48,145,397
48,151,55
48,154,449
48,160,128
48,163,26
48,169,280
48,171,439
48,177,443
48,182,285
48,189,191
48,194,318
48,208,204
48,218,559
48,221,191
48,234,254
48,236,102
48,242,192
48,275,412
48,281,396
48,282,521
48,283,115
48,299,473
49,3,468
49,6,234
49,7,590
49,8,558
49,10,57
49,12,347
49,13,425
49,16,362
49,17,388
49,18,569
49,19,341
49,20,595
49,27,476
49,28,362
49,29,555
49,30,559
49,31,126
49,33,60
49,37,240
49,43,226
49,45,134
49,50,265
49,51,598
49,52,373
49,56,36
49,58,447
49,63,512
49,67,575
49,72,51
49,73,57
49,74,432
49,75,327
49,77,459
49,79,563
49,92,51
49,98,223
49,104,146
49,110,300
49,118,40
49,124,589
49,129,55
49,130,31
49,137,566
49,144,430
49,151,399
49,156,460
49,161,469
49,171,265
49,172,118
49,173,281
49,185,595
49,187,155
49,188,552
49,197,246
49,198,574
49,206,67
49,207,453
49,220,588
49,222,314
49,234,158
49,257,452
49,263,554
49,271,469
49,288,148
49,292,472
50,6,1
50,7,39
50,8,144
50,12,228
50,13,575
50,14,148
50,15,190
50,16,342
50,18,565
50,22,313
50,23,222
50,24,478
50,25,417
50,28,286
50,29,538
50,33,323
50,34,497
50,37,63
50,38,263
50,39,595
50,43,189
50,45,379
50,49,265
50,52,463
50,53,582
50,54,437
50,60,136
50,61,54
50,62,349
50,64,275
50,70,390
50,76,65
50,78,329
50,90,354
50,91,474
50,96,193
50,101,111
50,103,364
50,109,536
50,110,576
50,112,382
50,119,341
50,133,100
50,141,541
50,144,97
50,154,528
50,155,233
50,157,562
50,162,475
50,163,82
50,170,27
50,171,210
50,172,14
50,174,358
50,175,532
50,178,418
50,198,501
50,227,440
50,232,156
50,257,343
50,261,69
50,298,220
51,3,213
51,4,231
51,5,508
51,8,162
51,10,144
51,13,310
51,14,12
51,17,115
51,20,578
51,21,190
51,22,561
51,27,398
51,30,596
51,31,307
51,33,64
51,36,312
51,37,402
51,40,78
51,41,365
51,42,542
51,43,418
51,49,598
51,52,249
51,53,6
51,55,433
51,56,326
51,63,475
51,65,552
51,66,558
51,67,300
51,68,25
51,75,400
51,77,105
51,79,406
51,82,132
51,85,51
51,97,169
51,98,366
51,102,314
51,104,464
51,109,32
51,115,169
51,117,87
51,132,60
51,134,387
51,140,521
51,144,208
51,148,276
51,151,55
51,156,470
51,158,579
51,176,530
51,177,191
51,188,226
51,191,156
51,194,258
51,196,124
51,199,157
51,208,593
51,221,194
51,243,428
51,248,156
51,254,122
51,269,26
51,270,394
51,273,266
51,275,216
52,1,161
52,3,355
52,7,122
52,8,333
52,9,102
52,11,495
52,13,169
52,14,264
52,15,273
52,19,472
52,24,156
52,26,584
52,27,571
52,30,283
52,31,457
52,33,315
52,34,503
52,39,344
52,40,436
52,47,522
52,48,145
52,49,373
52,50,463
52,51,249
52,53,500
52,54,551
52,55,370
52,57,23
52,60,188
52,63,234
52,67,135
52,70,212
52,74,571
52,76,484
52,84,386
52,88,106
52,89,366
52,90,536
52,91,250
52,95,480
52,96,99
52,111,214
52,114,280
52,115,122
52,118,159
52,119,201
52,120,39
52,121,292
52,127,375
52,128,106
52,130,142
52,150,213
52,153,201
52,157,542
52,162,240
52,165,191
52,186,504
52,205,555
52,206,315
52,212,259
52,225,467
52,235,48
52,238,426
52,243,160
52,252,209
52,257,352
52,264,442
52,267,341
52,290,412
53,1,67
53,7,512
53,8,526
53,9,84
53,11,109
53,13,42
53,14,411
53,16,584
53,17,252
53,18,153
53,21,433
53,24,592
53,25,186
53,28,502
53,32,140
53,34,61
53,38,324
53,44,370
53,45,228
53,47,198
53,50,582
53,51,6
53,52,500
53,56,506
53,58,267
53,59,350
53,62,261
53,64,501
53,69,75
53,70,243
53,71,265
53,73,568
53,79,563
53,83,486
53,86,65
53,89,448
53,98,495
53,100,478
53,106,15
53,111,557
53,113,358
53,114,197
53,121,517
53,127,61
53,132,550
53,137,436
53,139,500
53,142,324
53,149,116
53,157,468
53,160,340
53,162,322
53,166,42
53,169,87
53,177,72
53,180,423
53,181,554
53,182,169
53,200,159
53,202,436
53,207,272
53,209,363
53,228,229
53,242,131
53,254,300
53,258,456
53,286,282
54,1,159
54,2,573
54,4,124
54,7,572
54,10,491
54,14,290
54,15,220
54,17,408
54,23,444
54,24,266
54,27,271
54,36,559
54,38,557
54,40,413
54,41,175
54,43,334
54,44,431
54,45,516
54,46,228
54,48,317
54,50,437
54,52,551
54,58,352
54,60,413
54,61,69
54,74,137
54,77,3
54,79,518
54,81,139
54,83,286
54,86,105
54,97,243
54,98,447
54,100,581
54,103,437
54,116,323
54,124,413
54,126,295
54,131,508
54,138,460
54,148,131
54,158,179
54,171,154
54,175,158
54,178,429
54,180,401
54,182,513
54,197,70
54,198,66
54,209,367
54,210,369
54,214,563
54,234,182
54,244,161
54,252,595
54,257,201
54,279,138
55,3,334
55,5,339
55,8,483
55,9,137
55,11,347
55,12,29
55,17,160
55,20,364
55,21,16
55,24,70
55,25,573
55,26,256
55,28,218
55,29,482
55,30,283
55,41,489
55,42,578
55,44,579
55,46,427
55,47,396
55,51,433
55,52,370
55,58,500
55,63,491
55,65,473
55,67,300
55,70,595
55,73,306
55,76,212
55,80,230
55,82,581
55,86,381
55,90,124
55,92,315
55,93,182
55,111,137
55,113,426
55,122,161
55,132,331
55,134,597
55,152,345
55,155,502
55,157,33
55,162,2
55,170,175
55,177,65
55,179,442
55,183,357
55,194,141
55,195,226
55,199,65
55,204,128
55,212,14
55,221,329
55,238,171
55,244,296
55,250,334
55,294,23
55,300,496
56,5,77
56,6,101
56,8,444
56,12,3
56,13,201
56,15,445
56,18,22
56,21,410
56,22,89
56,24,195
56,25,296
56,30,439
56,31,270
56,36,590
56,37,340
56,39,66
56,42,591
56,43,146
56,49,36
56,51,326
56,53,506
56,57,293
56,58,227
56,59,307
56,60,448
56,66,208
56,67,107
56,75,274
56,80,69
56,81,426
56,83,136
56,86,551
56,90,220
56,96,45
56,97,208
56,100,397
56,105,446
