source,target,weight
1,2,432
1,3,277
1,4,572
1,5,597
1,6,428
1,7,203
1,8,84
1,9,178
1,10,568
1,12,286
1,13,404
1,15,171
1,16,179
1,17,179
1,19,195
1,20,517
1,21,538
1,22,211
1,23,128
1,24,264
1,25,2
1,27,126
1,29,296
1,36,70
1,38,559
1,39,51
1,42,324
1,43,222
1,46,571
1,47,146
1,51,6
1,54,301
1,55,354
1,60,190
1,61,343
1,71,226
1,76,141
1,77,28
1,78,92
1,85,289
1,93,486
1,94,537
1,96,427
1,98,22
1,107,141
1,108,352
1,114,122
1,118,189
1,122,391
1,124,124
1,126,414
1,130,532
1,171,553
1,178,98
1,179,421
1,194,297
1,199,11
1,200,230
1,218,546
1,219,243
1,220,29
1,221,476
1,228,318
1,234,557
1,240,95
1,248,421
1,252,327
1,265,41
1,270,591
1,283,350
1,287,569
1,292,486
2,1,432
2,3,539
2,5,95
2,8,451
2,9,434
2,12,508
2,13,289
2,14,426
2,15,340
2,16,413
2,17,496
2,18,274
2,19,167
2,20,527
2,21,271
2,22,243
2,26,423
2,27,545
2,28,476
2,29,447
2,30,461
2,31,41
2,33,360
2,36,28
2,40,359
2,41,361
2,47,125
2,52,71
2,53,305
2,54,544
2,56,455
2,57,100
2,59,519
2,60,251
2,61,574
2,64,256
2,66,557
2,75,268
2,77,198
2,84,415
2,85,595
2,86,232
2,88,453
2,89,507
2,91,397
2,98,80
2,99,557
2,100,586
2,105,170
2,106,300
2,107,128
2,116,315
2,140,212
2,141,294
2,145,461
2,153,49
2,158,160
2,160,439
2,161,35
2,170,398
2,171,566
2,176,528
2,181,208
2,186,76
2,203,322
2,215,222
2,221,457
2,227,522
2,254,452
2,261,340
2,277,435
3,1,277
3,2,539
3,4,22
3,5,572
3,7,212
3,8,131
3,10,575
3,11,426
3,12,383
3,13,130
3,15,322
3,16,71
3,21,374
3,22,382
3,23,123
3,24,475
3,25,426
3,26,378
3,27,594
3,28,537
3,29,432
3,30,549
3,31,528
3,32,84
3,34,226
3,37,71
3,40,131
3,41,330
3,47,408
3,48,129
3,52,42
3,53,497
3,57,268
3,67,59
3,70,80
3,81,168
3,82,538
3,85,312
3,90,335
3,93,436
3,95,221
3,98,103
3,106,196
3,108,449
3,111,192
3,113,567
3,115,33
3,119,562
3,122,264
3,128,496
3,133,546
3,136,480
3,141,130
3,146,460
3,148,177
3,150,406
3,159,75
3,172,173
3,179,174
3,185,128
3,190,137
3,193,232
3,195,283
3,205,168
3,239,393
3,259,595
3,263,7
3,265,475
3,266,128
3,269,499
3,271,235
3,282,292
4,1,572
4,3,22
4,5,300
4,6,293
4,7,534
4,9,358
4,11,283
4,13,424
4,14,301
4,16,118
4,20,35
4,23,275
4,24,172
4,25,436
4,26,587
4,27,184
4,28,173
4,31,524
4,32,1
4,33,45
4,34,361
4,36,190
4,37,238
4,38,456
4,39,302
4,41,48
4,43,506
4,45,136
4,50,179
4,53,78
4,58,463
4,59,69
4,61,566
4,68,277
4,72,72
4,74,461
4,78,77
4,79,83
4,80,308
4,81,81
4,92,205
4,93,320
4,97,529
4,104,396
4,108,166
4,109,234
4,111,139
4,112,589
4,122,522
4,123,412
4,126,530
4,129,387
4,131,131
4,132,301
4,133,513
4,146,431
4,154,275
4,155,202
4,161,303
4,162,425
4,164,289
4,165,408
4,177,528
4,188,591
4,197,345
4,205,529
4,238,112
4,249,55
4,260,284
4,275,453
4,279,312
5,1,597
5,2,95
5,3,572
5,4,300
5,6,357
5,9,49
5,10,72
5,12,53
5,13,168
5,16,162
5,17,151
5,18,267
5,20,237
5,23,230
5,24,341
5,25,80
5,27,332
5,32,40
5,35,483
5,37,534
5,38,77
5,39,344
5,40,542
5,43,455
5,44,112
5,45,333
5,47,288
5,49,196
5,50,137
5,54,249
5,55,346
5,56,427
5,58,187
5,60,364
5,70,134
5,73,473
5,78,164
5,82,96
5,83,255
5,84,326
5,85,484
5,110,170
5,111,403
5,120,99
5,128,328
5,133,430
5,136,592
5,138,59
5,140,511
5,153,23
5,154,169
5,167,544
5,170,319
5,177,274
5,178,184
5,181,68
5,198,544
5,199,519
5,201,240
5,223,291
5,227,81
5,239,149
5,258,125
5,277,69
6,1,428
6,4,293
6,5,357
6,7,21
6,8,38
6,9,76
6,10,236
6,13,388
6,14,546
6,15,177
6,16,50
6,17,54
6,23,446
6,24,526
6,28,136
6,30,105
6,31,116
6,34,406
6,35,449
6,36,85
6,39,479
6,41,342
6,44,375
6,47,199
6,50,394
6,55,474
6,60,246
6,62,393
6,63,400
6,69,81
6,70,146
6,71,408
6,75,239
6,78,479
6,83,504
6,85,329
6,86,23
6,88,426
6,98,77
6,101,407
6,102,347
6,107,483
6,110,486
6,116,476
6,118,38
6,121,212
6,126,494
6,127,344
6,129,203
6,131,531
6,132,329
6,148,508
6,152,434
6,153,337
6,154,366
6,155,587
6,157,205
6,173,357
6,174,587
6,185,42
6,186,186
6,192,347
6,197,51
6,201,297
6,206,335
6,212,356
6,220,486
6,236,107
6,240,277
6,247,285
6,255,406
6,269,438
6,280,98
6,297,156
7,1,203
7,3,212
7,4,534
7,6,21
7,8,219
7,9,365
7,10,540
7,11,270
7,12,63
7,15,378
7,16,544
7,17,577
7,18,242
7,21,357
7,22,183
7,23,531
7,29,581
7,31,460
7,33,201
7,36,143
7,37,470
7,41,53
7,42,266
7,46,321
7,47,436
7,55,525
7,65,438
7,71,506
7,73,169
7,74,460
7,78,333
7,85,219
7,90,241
7,92,321
7,93,147
7,94,437
7,99,137
7,101,364
7,107,517
7,110,506
7,118,547
7,124,179
7,134,254
7,137,405
7,139,584
7,140,318
7,143,396
7,150,35
7,159,383
7,163,28
7,200,535
7,203,33
7,204,158
7,215,61
7,228,240
7,236,578
7,241,435
7,248,530
7,250,503
7,257,301
7,258,507
7,269,394
7,270,219
7,285,357
8,1,84
8,2,451
8,3,131
8,6,38
8,7,219
8,10,145
8,12,148
8,14,15
8,15,309
8,17,517
8,18,495
8,20,368
8,21,276
8,23,122
8,24,335
8,25,103
8,26,543
8,27,456
8,29,529
8,30,195
8,31,363
8,33,161
8,34,192
8,35,577
8,36,291
8,38,538
8,39,291
8,40,291
8,41,565
8,42,347
8,43,127
8,45,219
8,46,333
8,47,349
8,49,558
8,52,115
8,53,566
8,54,193
8,57,263
8,61,591
8,62,246
8,63,115
8,69,389
8,85,301
8,90,101
8,96,318
8,97,586
8,98,139
8,102,227
8,103,548
8,104,228
8,105,502
8,112,578
8,116,27
8,124,32
8,138,541
8,141,507
8,146,134
8,147,313
8,156,411
8,172,111
8,184,246
8,189,193
8,210,100
8,232,321
8,243,435
8,251,94
8,270,17
8,282,538
9,1,178
9,2,434
9,4,358
9,5,49
9,6,76
9,7,365
9,11,79
9,12,396
9,14,517
9,17,316
9,18,503
9,22,362
9,24,212
9,26,238
9,27,275
9,29,494
9,30,554
9,32,274
9,34,301
9,35,170
9,37,597
9,38,81
9,40,442
9,44,527
9,46,551
9,48,295
9,49,82
9,51,581
9,52,345
9,54,543
9,56,165
9,57,561
9,62,42
9,64,450
9,65,247
9,67,492
9,69,473
9,79,216
9,82,423
9,86,432
9,89,600
9,93,445
9,94,558
9,95,250
9,96,240
9,102,188
9,103,338
9,107,503
9,109,342
9,120,128
9,121,449
9,123,158
9,124,523
9,128,133
9,144,561
9,149,472
9,152,108
9,158,462
9,164,158
9,166,184
9,175,197
9,186,174
9,207,105
9,227,387
9,229,70
9,247,25
9,264,254
9,268,335
9,285,339
9,286,476
9,293,573
10,1,568
10,3,575
10,5,72
10,6,236
10,7,540
10,8,145
10,11,368
10,13,211
10,14,561
10,17,321
10,19,464
10,20,570
10,22,34
10,23,140
10,27,60
10,30,161
10,31,505
10,32,403
10,34,61
10,35,99
10,44,199
10,46,38
10,47,75
10,48,538
10,50,338
10,51,127
10,54,128
10,56,103
10,58,386
10,59,247
10,61,485
10,63,106
10,64,143
10,67,190
10,72,423
10,75,18
10,85,49
10,90,548
10,91,518
10,93,188
10,99,119
10,103,399
10,110,463
10,127,147
10,130,598
10,131,71
10,132,250
10,133,164
10,136,133
10,137,184
10,141,22
10,162,45
10,163,425
10,176,578
10,189,145
10,200,2
10,206,176
10,209,42
10,230,336
10,231,250
10,236,44
10,271,535
10,292,50
11,3,426
11,4,283
11,7,270
11,9,79
11,10,368
11,12,95
11,13,244
11,15,468
11,19,159
11,21,444
11,22,576
11,26,544
11,27,528
11,28,108
11,29,17
11,30,314
11,31,365
11,32,22
11,35,431
11,36,267
11,39,256
11,43,196
11,51,262
11,52,569
11,54,512
11,59,599
11,60,151
11,69,48
11,70,273
11,71,530
11,72,451
11,74,331
11,75,260
11,79,388
11,81,249
11,86,16
11,88,333
11,90,180
11,91,172
11,97,177
11,101,373
11,103,348
11,106,33
11,123,261
11,125,416
11,130,122
11,138,574
11,149,457
11,153,167
11,161,259
11,162,431
11,163,58
11,169,539
11,170,467
11,175,185
11,178,337
11,187,381
11,189,223
11,190,590
11,201,331
11,205,429
11,214,163
11,225,303
11,248,539
11,250,476
11,254,141
11,261,231
11,262,71
11,264,320
11,280,170
11,287,281
12,1,286
12,2,508
12,3,383
12,5,53
12,7,63
12,8,148
12,9,396
12,11,95
12,14,126
12,15,15
12,16,234
12,17,462
12,18,337
12,19,476
12,20,202
12,21,278
12,22,577
12,23,126
12,24,93
12,28,73
12,29,268
12,32,545
12,33,102
12,35,293
12,37,146
12,39,325
12,41,265
12,42,183
12,43,103
12,45,486
12,47,375
12,48,576
12,49,182
12,52,522
12,53,173
12,55,243
12,56,277
12,65,515
12,67,168
12,68,211
12,69,456
12,70,383
12,71,105
12,72,45
12,77,90
12,81,287
12,86,506
12,87,418
12,91,524
12,102,360
12,109,266
12,113,121
12,121,448
12,123,309
12,138,135
12,139,529
12,145,292
12,154,217
12,159,298
12,162,451
12,165,450
12,174,504
12,183,289
12,185,243
12,188,446
12,195,206
12,199,300
12,207,254
12,208,150
12,211,139
12,221,554
12,234,561
12,237,80
12,252,208
12,258,200
12,260,416
12,263,421
12,271,350
12,274,141
13,1,404
13,2,289
13,3,130
13,4,424
13,5,168
13,6,388
13,10,211
13,11,244
13,15,475
13,17,596
13,18,37
13,19,494
13,21,511
13,22,95
13,23,6
13,24,159
13,25,464
13,27,321
13,28,220
13,29,547
13,32,26
13,33,170
13,35,310
13,41,75
13,42,180
13,43,343
13,44,517
13,47,219
13,49,527
13,51,585
13,52,560
13,53,415
13,54,147
13,55,456
13,67,382
13,70,586
13,71,245
13,74,447
13,76,573
13,80,537
13,81,13
13,83,558
13,91,412
13,101,490
13,104,490
13,105,486
13,107,302
13,109,483
13,112,12
13,113,277
13,114,112
13,125,520
13,134,345
13,144,45
13,145,140
13,146,5
13,154,289
13,156,211
13,161,558
13,165,71
13,166,270
13,175,323
13,177,18
13,178,426
13,181,106
13,188,48
13,190,119
13,195,409
13,224,576
13,225,571
13,233,583
13,245,386
13,251,285
13,263,428
13,279,427
13,285,498
13,297,147
14,2,426
14,4,301
14,6,546
14,8,15
14,9,517
14,10,561
14,12,126
14,15,420
14,18,247
14,19,133
14,20,258
14,22,513
14,25,333
14,26,529
14,28,542
14,29,542
14,31,395
14,32,45
14,33,39
14,36,436
14,38,443
14,39,207
14,40,462
14,42,20
14,44,540
14,46,188
14,58,537
14,59,179
14,62,363
14,64,91
14,67,221
14,80,70
14,83,55
14,88,474
14,89,349
14,90,14
14,94,155
14,100,43
14,103,94
14,112,238
14,122,300
14,123,343
14,127,325
14,132,29
14,138,260
14,182,135
14,191,432
14,194,401
14,202,315
14,211,343
14,220,555
14,227,413
14,241,197
14,248,508
14,260,292
14,268,3
14,278,326
14,292,550
14,294,518
14,300,220
15,1,171
15,2,340
15,3,322
15,6,177
15,7,378
15,8,309
15,11,468
15,12,15
15,13,475
15,14,420
15,16,421
15,18,100
15,20,22
15,21,102
15,22,289
15,23,578
15,25,289
15,26,390
15,32,186
15,34,62
15,35,101
15,36,329
15,37,538
15,38,191
15,41,173
15,43,542
15,44,357
15,45,403
15,46,537
15,48,548
15,51,158
15,52,600
15,55,213
15,60,147
15,62,382
15,64,130
15,65,519
15,66,360
15,71,333
15,74,596
15,76,112
15,77,114
15,83,154
15,84,306
15,86,282
15,88,391
15,90,162
15,93,388
15,95,51
15,96,597
15,102,406
15,110,242
15,114,107
15,122,95
15,131,284
15,142,521
15,153,304
15,166,467
15,175,282
15,190,437
15,192,460
15,211,566
15,215,569
15,218,588
15,226,394
15,227,538
15,228,537
15,251,194
15,256,371
15,259,51
15,281,211
15,283,486
15,285,398
15,296,53
16,1,179
16,2,413
16,3,71
16,4,118
16,5,162
16,6,50
16,7,544
16,12,234
16,15,421
16,19,257
16,20,362
16,21,130
16,23,186
16,25,521
16,26,567
16,27,502
16,28,173
16,29,318
16,30,310
16,31,197
16,41,105
16,44,252
16,46,451
16,51,194
16,52,571
16,54,429
16,57,267
16,65,156
16,69,62
16,71,556
16,72,195
16,77,491
16,82,417
16,83,229
16,86,172
16,87,69
16,88,566
16,90,18
16,91,469
16,92,330
16,100,157
16,104,147
16,105,403
16,108,119
16,112,354
16,115,229
16,116,19
16,122,99
16,132,264
16,133,65
16,134,122
16,160,521
16,178,307
16,180,53
16,184,488
16,188,162
16,192,435
16,202,482
16,209,266
16,221,319
16,223,197
16,237,233
16,244,452
16,246,107
16,267,537
17,1,179
17,2,496
17,5,151
17,6,54
17,7,577
17,8,517
17,9,316
17,10,321
17,12,462
17,13,596
17,19,500
17,21,563
17,22,214
17,24,510
17,26,229
17,27,108
17,28,6
17,32,507
17,34,209
17,36,313
17,38,215
17,40,434
17,41,209
17,42,448
17,45,483
17,50,232
17,52,501
17,53,150
17,57,462
17,59,446
17,60,414
17,61,500
17,63,179
17,67,484
17,70,237
17,75,70
17,79,119
17,80,578
17,83,23
17,86,60
17,94,468
17,96,551
17,98,134
17,105,94
17,109,283
17,112,327
17,113,568
17,116,391
17,120,351
17,124,509
17,125,580
17,127,200
17,133,310
17,134,153
17,136,532
17,139,594
17,140,97
17,141,294
17,149,459
17,156,559
17,159,165
17,164,468
17,166,297
17,178,425
17,181,171
17,184,300
17,188,21
17,197,67
17,198,149
17,204,20
17,213,493
17,222,426
17,235,228
17,236,434
17,266,595
17,274,99
17,283,113
17,295,93
18,2,274
18,5,267
18,7,242
18,8,495
18,9,503
18,12,337
18,13,37
18,14,247
18,15,100
18,19,303
18,20,69
18,21,71
18,24,52
18,25,97
18,26,56
18,27,148
18,29,293
18,30,157
18,31,574
18,32,382
18,33,73
18,35,130
18,37,169
18,41,224
18,42,55
18,43,251
18,48,589
18,51,469
18,52,325
18,55,237
18,57,218
18,58,472
18,59,241
18,60,514
18,61,46
18,65,508
18,67,271
18,68,339
18,69,528
18,71,41
18,75,35
18,78,31
18,83,595
18,87,216
18,88,258
18,89,489
18,91,455
18,101,514
18,102,58
18,104,554
18,106,457
18,112,413
18,126,434
18,136,171
18,146,593
18,149,129
18,156,542
18,161,217
18,165,328
18,172,236
18,181,264
18,188,6
18,203,75
18,206,470
18,248,477
18,254,28
18,255,460
18,256,417
18,268,212
18,273,379
18,284,327
19,1,195
19,2,167
19,10,464
19,11,159
19,12,476
19,13,494
19,14,133
19,16,257
19,17,500
19,18,303
19,20,357
19,22,535
19,26,365
19,27,99
19,30,546
19,31,442
19,32,169
19,39,17
19,42,351
19,46,331
19,48,119
19,49,222
19,50,516
19,57,492
19,63,31
19,66,323
19,68,224
19,69,439
19,70,482
19,73,114
19,78,397
19,79,80
19,83,199
19,84,169
19,89,456
19,96,55
19,111,293
19,119,454
19,123,85
19,125,61
19,129,90
19,134,387
19,145,443
19,148,92
19,152,10
19,170,53
19,176,54
19,180,299
19,203,292
19,205,249
19,217,55
19,221,416
19,236,83
19,251,576
19,259,411
20,1,517
20,2,527
20,4,35
20,5,237
20,8,368
20,10,570
20,12,202
20,14,258
20,15,22
20,16,362
20,18,69
20,19,357
20,21,284
20,22,46
20,24,354
20,26,296
20,29,548
20,30,300
20,32,334
20,37,249
20,45,597
20,47,488
20,49,176
20,50,148
20,51,8
20,52,271
20,55,318
20,63,545
20,68,441
20,71,280
20,79,514
20,80,569
20,87,452
20,88,63
20,92,202
20,96,598
20,100,457
20,110,280
20,115,154
20,117,43
20,121,457
20,128,522
20,136,515
20,146,246
20,161,226
20,176,389
20,186,151
20,188,363
20,202,349
20,206,546
20,218,233
20,251,286
20,266,107
20,268,279
20,283,491
20,289,573
20,295,350
21,1,538
21,2,271
21,3,374
21,7,357
21,8,276
21,11,444
21,12,278
21,13,511
21,15,102
21,16,130
21,17,563
21,18,71
21,20,284
21,22,276
21,24,46
21,25,485
21,26,166
21,27,527
21,28,74
21,32,251
21,33,478
21,37,565
21,39,8
21,40,209
21,42,326
21,43,360
21,44,175
21,47,142
21,48,309
21,49,31
21,56,462
21,62,342
21,65,456
21,72,382
21,81,500
21,96,520
21,99,40
21,104,30
21,111,240
21,120,251
21,122,525
21,124,476
21,131,532
21,132,122
21,136,292
21,174,328
21,180,378
21,184,458
21,195,63
21,209,264
21,219,386
21,227,451
21,237,342
21,263,81
21,271,460
22,1,211
22,2,243
22,3,382
22,7,183
22,9,362
22,10,34
22,11,576
22,12,577
22,13,95
22,14,513
22,15,289
22,17,214
22,19,535
22,20,46
22,21,276
22,23,182
22,24,532
22,25,307
22,27,85
22,29,16
22,30,170
22,31,227
22,33,534
22,34,216
22,36,136
22,37,317
22,39,110
22,40,45
22,44,82
22,45,271
22,49,15
22,51,384
22,60,414
22,62,368
22,63,485
22,67,575
22,70,22
22,72,219
22,75,542
22,79,448
22,81,518
22,82,63
22,85,594
22,87,216
22,89,43
22,98,44
22,99,168
22,100,152
22,101,377
22,102,214
22,103,30
22,105,311
22,108,290
22,113,339
22,116,206
22,118,511
22,125,475
22,126,115
22,129,563
22,160,48
22,162,231
22,164,236
22,173,473
22,180,26
22,200,176
22,212,420
22,213,537
22,214,390
22,220,119
22,228,580
22,230,24
22,231,16
22,234,427
22,275,266
22,278,59
22,287,472
23,1,128
23,3,123
23,4,275
23,5,230
23,6,446
23,7,531
23,8,122
23,10,140
23,12,126
23,13,6
23,15,578
23,16,186
23,22,182
23,24,279
23,25,174
23,26,556
23,27,68
23,28,224
23,32,557
23,36,586
23,38,154
23,40,249
23,41,368
23,44,81
23,45,327
23,46,522
23,47,548
23,48,415
23,49,585
23,53,600
23,55,326
23,56,392
23,57,191
23,59,576
23,62,517
23,65,577
23,66,406
23,70,81
23,71,236
23,72,217
23,74,143
23,89,214
23,92,99
23,95,16
23,96,570
23,100,194
23,102,557
23,108,324
23,109,324
23,113,314
23,117,535
23,120,525
23,122,553
23,137,81
23,142,424
23,143,319
23,145,286
23,151,325
23,156,301
23,165,467
23,173,80
23,174,377
23,179,595
23,189,537
23,199,589
23,202,427
23,210,95
23,226,458
23,229,176
23,237,558
23,252,258
23,255,68
23,275,35
23,294,478
23,299,184
24,1,264
24,3,475
24,4,172
24,5,341
24,6,526
24,8,335
24,9,212
24,12,93
24,13,159
24,17,510
24,18,52
24,20,354
24,21,46
24,22,532
24,23,279
24,25,120
24,27,376
24,28,472
24,29,355
24,30,558
24,31,128
24,33,46
24,34,554
24,40,598
24,41,150
24,42,210
24,44,209
24,45,106
24,50,472
24,52,429
24,53,126
24,54,459
24,60,482
24,63,105
24,67,468
24,68,273
24,73,595
24,76,356
24,82,445
24,84,115
24,88,129
24,90,283
24,95,68
24,96,419
24,99,441
24,106,518
24,107,63
24,115,590
24,117,525
24,121,565
24,122,62
24,128,57
24,130,289
24,132,75
24,133,437
24,136,286
24,158,200
24,159,414
24,166,511
24,193,406
24,194,154
24,196,11
24,204,593
24,208,143
24,213,318
24,215,448
24,217,459
24,218,589
24,221,338
24,229,567
24,232,422
24,236,502
24,238,401
24,245,377
24,246,486
24,253,71
24,254,336
24,260,564
24,263,420
24,282,53
24,289,142
25,1,2
25,3,426
25,4,436
25,5,80
25,8,103
25,13,464
25,14,333
25,15,289
25,16,521
25,18,97
25,21,485
25,22,307
25,23,174
25,24,120
25,26,177
25,28,580
25,29,352
25,30,357
25,33,539
25,36,482
25,37,437
25,40,407
25,42,64
25,44,421
25,45,376
25,48,115
25,49,592
25,50,441
25,58,343
25,60,435
25,61,266
25,62,84
25,64,470
25,66,377
25,67,557
25,68,197
25,69,303
25,72,228
25,73,35
25,74,512
25,75,509
25,79,347
25,82,398
25,85,327
25,89,182
25,93,310
25,98,323
25,100,520
25,102,516
25,109,560
25,113,237
25,119,7
25,135,526
25,139,479
25,147,472
25,149,14
25,152,119
25,164,228
25,166,411
25,170,283
25,172,229
25,192,565
25,209,119
25,226,443
25,230,8
25,231,328
25,235,278
25,236,554
25,238,315
25,242,35
25,251,528
25,262,96
25,279,100
25,281,239
25,290,139
25,299,311
26,2,423
26,3,378
26,4,587
26,8,543
26,9,238
26,11,544
26,14,529
26,15,390
26,16,567
26,17,229
26,18,56
26,19,365
26,20,296
26,21,166
26,23,556
26,25,177
26,28,224
26,29,94
26,35,525
26,37,238
26,38,44
26,39,170
26,40,256
26,41,386
26,47,328
26,48,396
26,50,272
26,53,381
26,57,391
26,58,535
26,59,210
26,61,175
26,63,202
26,65,111
26,66,246
26,68,388
26,69,233
26,72,93
26,77,252
26,80,128
26,81,424
26,85,283
26,87,441
26,91,3
26,94,169
26,95,70
26,97,330
26,98,308
26,99,308
26,100,574
26,103,260
26,108,232
26,109,583
26,111,91
26,115,361
26,116,545
26,125,36
26,129,587
26,130,286
26,131,276
26,142,297
26,149,306
26,150,465
26,166,33
26,172,556
26,175,111
26,176,530
26,177,195
26,203,92
26,204,68
26,208,282
26,213,454
26,217,404
26,220,212
26,224,66
26,240,415
26,251,473
26,259,534
26,273,301
26,283,23
26,299,111
27,1,126
27,2,545
27,3,594
27,4,184
27,5,332
27,8,456
27,9,275
27,10,60
27,11,528
27,13,321
27,16,502
27,17,108
27,18,148
27,19,99
27,21,527
27,22,85
27,23,68
27,24,376
27,29,308
27,31,69
27,33,495
27,34,412
27,36,69
27,38,76
27,39,306
27,42,444
27,46,22
27,47,402
27,50,178
27,52,232
27,53,420
27,54,227
27,59,231
27,63,87
27,64,334
27,68,559
27,69,453
27,70,82
27,78,379
27,79,462
27,80,70
27,82,302
27,83,228
27,92,143
27,97,406
27,99,600
27,101,589
27,103,45
27,108,410
27,114,563
27,115,221
27,117,10
27,120,127
27,124,211
27,127,341
27,134,454
27,136,467
27,139,486
27,155,450
27,156,410
27,158,240
27,172,222
27,181,430
27,182,340
27,183,4
27,198,365
27,203,217
27,205,232
27,254,374
27,268,299
27,277,547
27,291,551
28,2,476
28,3,537
28,4,173
28,6,136
28,11,108
28,12,73
28,13,220
28,14,542
28,16,173
28,17,6
28,21,74
28,23,224
28,24,472
28,25,580
28,26,224
28,29,133
28,31,411
28,33,439
28,34,50
28,35,508
28,36,402
28,38,261
28,42,550
28,43,316
28,45,122
28,46,90
28,47,510
28,50,506
28,53,422
28,56,541
28,59,343
28,61,268
28,66,182
28,69,175
28,77,542
28,80,294
28,82,392
28,86,414
28,88,576
28,92,386
28,96,422
28,97,539
28,99,142
28,108,246
28,115,46
28,117,198
28,131,61
28,135,411
28,139,95
28,146,469
28,150,227
28,182,126
28,185,425
28,187,124
28,198,201
28,202,515
28,203,69
28,208,207
28,213,369
28,246,66
28,253,153
28,278,377
28,281,6
28,285,350
28,287,393
28,290,576
29,1,296
29,2,447
29,3,432
29,7,581
29,8,529
29,9,494
29,11,17
29,12,268
29,13,547
29,14,542
29,16,318
29,18,293
29,20,548
29,22,16
29,24,355
29,25,352
29,26,94
29,27,308
29,28,133
29,30,388
29,32,160
29,34,17
29,35,244
29,46,161
29,47,438
29,48,424
29,49,282
29,58,449
29,62,336
29,64,302
29,67,190
29,68,516
29,70,30
29,72,473
29,74,183
29,75,123
29,76,387
29,95,43
29,98,187
29,103,138
29,113,133
29,116,423
29,121,529
29,129,182
29,130,142
29,152,328
29,161,233
29,163,481
29,193,224
29,195,252
29,211,496
29,227,526
29,228,121
29,236,502
29,238,128
29,245,382
29,254,474
29,274,415
29,278,237
29,295,572
29,297,27
29,299,272
30,2,461
30,3,549
30,6,105
30,8,195
30,9,554
30,10,161
30,11,314
30,16,310
30,18,157
30,19,546
30,20,300
30,22,170
30,24,558
30,25,357
30,29,388
30,32,569
30,33,399
30,34,290
30,39,250
30,40,215
30,42,494
30,45,288
30,46,534
30,48,107
30,50,570
30,51,471
30,53,7
30,56,87
30,57,185
30,58,533
30,67,527
30,72,534
30,74,523
30,75,26
30,77,116
30,83,358
30,84,518
30,89,285
30,90,302
30,92,259
30,93,213
30,96,292
30,102,580
30,108,591
30,113,443
30,115,236
30,117,176
30,122,370
30,123,395
30,126,286
30,127,131
30,130,230
30,140,508
30,152,15
30,157,428
30,164,106
30,165,458
30,175,48
30,178,227
30,180,132
30,187,241
30,190,415
30,195,179
30,199,405
30,201,188
30,205,475
30,210,62
30,215,385
30,219,104
30,231,282
30,241,211
30,245,2
30,246,206
30,250,541
30,254,416
30,258,256
30,289,21
31,2,41
31,3,528
31,4,524
31,6,116
31,7,460
31,8,363
31,10,505
31,11,365
31,14,395
31,16,197
31,18,574
31,19,442
31,22,227
31,24,128
31,27,69
31,28,411
31,32,398
31,33,465
31,34,268
31,35,3
31,36,424
31,37,287
31,38,576
31,40,358
31,41,497
31,45,440
31,46,591
31,47,525
31,49,346
31,54,468
31,56,466
31,58,165
31,61,370
31,62,100
31,65,414
31,67,592
31,77,239
31,79,187
31,81,590
31,85,242
31,88,514
31,92,446
31,97,136
31,103,427
31,106,77
31,113,589
31,116,196
31,118,23
31,124,9
31,128,51
31,130,588
31,136,152
31,138,312
31,140,578
31,144,358
31,147,422
31,149,585
31,156,12
31,159,85
31,165,224
31,187,146
31,189,429
31,212,574
31,224,73
31,229,237
31,236,496
31,239,277
31,252,417
31,279,281
31,281,115
32,3,84
32,4,1
32,5,40
32,9,274
32,10,403
32,11,22
32,12,545
32,13,26
32,14,45
32,15,186
32,17,507
32,18,382
32,19,169
32,20,334
32,21,251
32,23,557
32,29,160
32,30,569
32,31,398
32,33,15
32,39,187
32,40,517
32,41,445
32,43,83
32,46,423
32,47,147
32,49,566
32,54,569
32,56,447
32,59,519
32,61,323
32,62,510
32,71,274
32,85,207
32,86,177
32,89,465
32,103,370
32,106,49
32,125,303
32,130,141
32,132,281
32,136,132
32,141,242
32,161,176
32,166,436
32,167,250
32,170,544
32,177,479
32,180,485
32,189,334
32,203,490
32,216,235
32,220,125
32,228,588
32,231,593
32,239,342
32,245,162
32,247,360
32,258,116
32,265,571
32,282,147
32,286,131
32,296,99
33,2,360
33,4,45
33,7,201
33,8,161
33,12,102
33,13,170
33,14,39
33,18,73
33,21,478
33,22,534
33,24,46
33,25,539
33,27,495
33,28,439
33,30,399
33,31,465
33,32,15
33,34,330
33,35,135
33,36,225
33,39,523
33,44,590
33,45,314
33,46,401
33,48,48
33,49,145
33,50,36
33,53,257
33,56,540
33,57,343
33,64,347
33,65,122
33,66,103
33,72,81
33,78,360
33,79,7
33,80,453
33,81,222
33,91,319
33,95,24
33,96,553
33,106,559
33,116,145
33,126,484
33,128,81
33,129,48
33,136,473
33,137,320
33,147,386
33,148,454
33,154,470
33,156,557
33,158,270
33,160,378
33,163,393
33,189,215
33,200,128
33,201,520
33,239,572
33,242,417
33,244,281
33,251,477
33,258,413
33,263,277
33,267,63
33,275,119
33,278,189
34,3,226
34,4,361
34,6,406
34,8,192
34,9,301
34,10,61
34,15,62
34,17,209
34,22,216
34,24,554
34,27,412
34,28,50
34,29,17
34,30,290
34,31,268
34,33,330
34,37,391
34,38,292
34,40,421
34,42,519
34,43,465
34,44,294
34,50,174
34,52,580
34,55,509
34,56,518
34,57,111
34,58,499
34,59,182
34,61,43
34,62,369
34,64,12
34,66,348
34,70,397
34,74,108
34,82,91
34,85,454
34,91,589
34,92,439
34,98,118
34,99,400
34,101,154
34,105,96
34,106,245
34,107,115
34,108,277
34,109,108
34,110,523
34,113,84
34,114,263
34,117,551
34,121,22
34,129,114
34,131,10
34,135,238
34,138,153
34,142,98
34,152,162
34,157,364
34,163,593
34,166,450
34,169,225
34,182,334
34,183,582
34,193,134
34,198,221
34,200,89
34,201,511
34,202,404
34,207,542
34,213,422
34,217,514
34,222,36
34,223,208
34,232,303
34,233,260
34,236,254
34,237,201
34,239,385
34,248,388
34,250,244
34,254,2
34,258,256
34,292,230
35,5,483
35,6,449
35,8,577
35,9,170
35,10,99
35,11,431
35,12,293
35,13,310
35,15,101
35,18,130
35,26,525
35,28,508
35,29,244
35,31,3
35,33,135
35,37,543
35,39,183
35,40,82
35,47,508
35,48,549
35,52,104
35,53,52
35,56,174
35,58,582
35,66,588
35,69,96
35,70,518
35,71,306
35,72,246
35,74,63
35,78,196
35,81,23
35,83,50
35,87,184
35,88,88
35,90,560
35,91,596
35,92,487
35,100,454
35,110,459
35,117,381
35,124,317
35,126,259
35,128,183
35,136,457
35,140,443
35,153,175
35,157,114
35,167,106
35,183,542
35,186,234
35,188,105
35,192,367
35,207,351
35,209,325
35,211,171
35,215,546
35,216,416
35,217,78
35,219,234
35,230,455
35,234,101
35,240,507
35,257,193
35,263,491
35,280,277
36,1,70
36,2,28
36,4,190
36,6,85
36,7,143
36,8,291
36,11,267
36,14,436
36,15,329
36,17,313
36,22,136
36,23,586
36,25,482
36,27,69
36,28,402
36,31,424
36,33,225
36,37,119
36,42,17
36,44,503
36,46,569
36,47,499
36,48,491
36,52,331
36,53,569
36,54,545
36,56,114
36,57,366
36,59,206
36,63,475
36,64,319
36,71,91
36,73,338
36,74,28
36,76,578
36,86,24
36,88,115
36,97,28
36,98,212
36,116,179
36,117,48
36,125,424
36,136,554
36,137,7
36,140,400
36,143,562
36,145,322
36,156,424
36,164,592
36,174,216
36,180,584
36,182,160
36,183,538
36,187,451
36,190,215
36,193,298
36,198,96
36,199,62
36,203,61
36,208,283
36,210,483
36,226,203
36,230,443
36,232,258
36,235,174
36,236,240
36,242,258
36,270,135
36,273,451
36,276,458
36,279,408
36,287,126
36,293,88
37,3,71
37,4,238
37,5,534
37,7,470
37,9,597
37,12,146
37,15,538
37,18,169
37,20,249
37,21,565
37,22,317
37,25,437
37,26,238
37,31,287
37,34,391
37,35,543
37,36,119
37,41,26
37,42,299
37,43,307
37,45,169
37,47,45
37,48,31
37,49,43
37,51,151
37,57,77
37,60,307
37,61,307
37,65,545
37,66,204
37,72,92
37,73,351
37,75,410
37,76,443
37,78,262
37,96,560
37,102,536
37,104,531
37,107,434
37,109,70
37,110,455
37,112,587
37,115,375
37,122,72
37,123,185
37,124,479
37,129,95
37,130,285
37,133,497
37,136,200
37,139,187
37,155,556
37,159,101
37,164,525
37,167,57
37,168,545
37,172,285
37,175,330
37,183,516
37,188,291
37,190,178
37,215,451
37,221,208
37,225,174
37,231,413
37,233,599
37,242,511
37,260,213
37,264,461
37,279,184
37,299,342
38,1,559
38,4,456
38,5,77
38,8,538
38,9,81
38,14,443
38,15,191
38,17,215
38,23,154
38,26,44
38,27,76
38,28,261
38,31,576
38,34,292
38,39,28
38,40,26
38,41,132
38,43,299
38,45,538
38,58,397
38,60,544
38,65,442
38,66,153
38,68,429
38,69,440
38,79,549
38,81,538
38,84,486
38,92,463
38,97,584
38,105,332
38,115,589
38,125,516
38,128,329
38,130,542
38,134,252
38,147,261
38,150,10
38,194,136
38,208,82
38,210,44
38,212,522
38,220,125
38,226,205
38,238,295
38,244,544
38,258,128
38,267,173
38,271,443
38,275,447
38,281,1
38,296,384
39,1,51
39,4,302
39,5,344
39,6,479
39,8,291
39,11,256
39,12,325
39,14,207
39,19,17
39,21,8
39,22,110
39,26,170
39,27,306
39,30,250
39,32,187
39,33,523
39,35,183
39,38,28
39,42,192
39,45,355
39,46,295
39,51,499
39,53,15
39,55,81
39,59,76
39,64,93
39,65,399
39,72,527
39,73,560
39,76,206
39,82,503
39,83,358
39,86,1
39,89,402
39,92,223
39,101,598
39,103,230
39,105,98
39,108,234
39,109,336
39,114,6
39,117,328
39,130,420
39,132,291
39,133,407
39,134,366
39,136,84
39,137,554
39,147,400
39,151,554
39,165,68
39,180,597
39,181,50
39,189,72
39,197,147
39,202,377
39,221,130
39,224,115
39,226,332
39,233,199
39,252,207
39,274,125
39,277,292
39,284,105
39,292,558
40,2,359
40,3,131
40,5,542
40,8,291
40,9,442
40,14,462
40,17,434
40,21,209
40,22,45
40,23,249
40,24,598
40,25,407
40,26,256
40,30,215
40,31,358
40,32,517
40,34,421
40,35,82
40,38,26
40,41,12
40,42,95
40,43,111
40,44,113
40,47,422
40,49,265
40,50,595
40,51,550
40,57,241
40,59,520
40,61,447
40,63,297
40,66,552
40,68,536
40,73,316
40,77,71
40,81,212
40,82,314
40,87,175
40,91,458
40,92,430
40,95,532
40,98,450
40,103,237
40,112,161
40,113,107
40,119,491
40,129,137
40,133,43
40,135,93
40,137,191
40,139,438
40,149,429
40,152,373
40,153,259
40,160,448
40,163,277
40,166,573
40,167,35
40,171,1
40,173,277
40,175,194
40,177,265
40,179,312
40,180,359
40,188,118
40,189,409
40,200,207
40,202,190
40,249,459
40,257,542
40,258,478
40,271,99
40,288,457
40,296,560
41,2,361
41,3,330
41,4,48
41,6,342
41,7,53
41,8,565
41,12,265
41,13,75
41,15,173
41,16,105
41,17,209
41,18,224
41,23,368
41,24,150
41,26,386
41,31,497
41,32,445
41,37,26
41,38,132
41,40,12
41,43,50
41,45,165
41,48,547
41,56,214
41,62,552
41,63,331
41,65,290
41,66,440
41,77,323
41,83,433
41,93,192
41,94,473
41,97,357
41,105,373
41,111,23
41,118,517
41,119,459
41,120,157
41,128,55
41,132,556
41,138,5
41,140,148
41,141,333
41,146,402
41,153,458
41,154,539
41,167,418
41,170,225
41,182,344
41,190,308
41,192,458
41,200,373
41,209,167
41,212,139
41,221,362
41,222,465
41,235,225
41,243,563
41,244,391
41,246,74
41,251,433
41,252,55
41,268,171
41,269,257
41,281,101
41,287,297
41,288,262
42,1,324
42,7,266
42,8,347
42,12,183
42,13,180
42,14,20
42,17,448
42,18,55
42,19,351
42,21,326
42,24,210
42,25,64
42,27,444
42,28,550
42,30,494
42,34,519
42,36,17
42,37,299
42,39,192
42,40,95
42,43,111
42,46,441
42,49,147
42,54,4
42,61,582
42,62,34
42,63,555
42,69,574
42,73,23
42,74,429
42,76,227
42,80,383
42,82,545
42,87,395
42,93,351
42,98,463
42,102,51
42,105,526
42,108,292
42,109,338
42,110,313
42,112,478
42,129,237
42,139,595
42,142,205
42,143,591
42,146,62
42,155,387
42,157,69
42,158,578
42,163,277
42,164,463
42,172,176
42,176,334
42,192,21
42,202,35
42,204,455
42,214,73
42,221,370
42,223,415
42,237,406
42,238,454
42,244,496
42,263,510
42,271,240
43,1,222
43,4,506
43,5,455
43,8,127
43,11,196
43,12,103
43,13,343
43,15,542
43,18,251
43,21,360
43,28,316
43,32,83
43,34,465
43,37,307
43,38,299
43,40,111
43,41,50
43,42,111
43,48,22
43,49,308
43,50,78
43,51,207
43,52,401
43,54,278
43,57,378
43,60,517
43,61,375
43,62,52
43,64,406
43,67,309
43,68,356
43,70,221
43,73,587
43,79,329
43,83,414
43,84,244
43,96,505
43,101,342
43,110,342
43,114,65
43,115,88
43,117,558
43,118,441
43,120,170
43,127,13
43,130,385
43,136,161
43,142,269
43,145,459
43,156,280
43,160,115
43,163,283
43,178,494
43,196,47
43,198,116
43,211,355
43,214,520
43,223,296
43,233,295
43,259,589
43,262,355
43,269,344
43,281,94
43,290,595
43,295,386
43,298,261
44,5,112
44,6,375
44,9,527
44,10,199
44,13,517
44,14,540
44,15,357
44,16,252
44,21,175
44,22,82
44,23,81
44,24,209
44,25,421
44,33,590
44,34,294
44,36,503
44,40,113
44,46,319
44,48,538
44,50,357
44,51,156
44,53,579
44,54,537
44,55,460
44,56,151
44,58,556
44,60,387
44,66,329
44,67,326
44,73,252
44,74,281
44,79,10
44,87,570
44,88,574
44,90,393
44,91,66
44,94,217
44,104,526
44,106,287
44,108,139
44,110,392
44,111,205
44,114,485
44,118,299
44,122,361
44,123,379
44,130,73
44,137,224
44,142,433
44,143,177
44,154,404
44,168,294
44,183,578
44,184,84
44,188,363
44,198,585
44,201,88
44,204,1
44,206,172
44,213,538
44,264,534
44,270,369
45,4,136
45,5,333
45,8,219
45,12,486
45,15,403
45,17,483
45,20,597
45,22,271
45,23,327
45,24,106
45,25,376
45,28,122
45,30,288
45,31,440
45,33,314
45,37,169
45,38,538
45,39,355
45,41,165
45,48,182
45,51,574
45,52,368
45,61,252
45,62,444
45,64,12
45,65,94
45,67,26
45,68,271
45,69,436
45,71,600
45,72,346
45,73,174
45,74,47
45,76,400
45,77,386
45,80,161
45,82,2
45,83,173
45,89,47
45,93,397
45,96,285
45,100,294
45,105,430
45,108,149
45,116,177
45,121,385
45,132,497
45,140,550
45,143,228
45,152,220
45,169,414
45,172,245
45,173,525
45,185,430
45,186,510
45,187,375
45,191,592
45,196,471
45,197,96
45,202,495
45,211,561
45,216,564
45,217,441
45,219,460
45,226,257
45,230,341
45,247,1
45,249,34
45,250,24
45,253,570
45,272,262
45,273,54
45,287,316
45,300,234
46,1,571
46,7,321
46,8,333
46,9,551
46,10,38
46,14,188
46,15,537
46,16,451
46,19,331
46,23,522
46,27,22
46,28,90
46,29,161
46,30,534
46,31,591
46,32,423
46,33,401
46,36,569
46,39,295
46,42,441
46,44,319
46,53,226
46,55,441
46,56,291
46,58,493
46,64,171
46,66,473
46,67,119
46,68,4
46,69,524
46,71,543
46,73,146
46,74,63
46,78,134
46,86,236
46,87,379
46,89,222
46,90,467
46,92,457
46,94,336
46,95,77
46,104,527
46,111,144
46,116,571
46,120,498
46,125,236
46,131,513
46,143,527
46,150,379
46,154,329
46,165,167
46,166,516
46,167,434
46,182,153
46,184,415
46,210,160
46,217,596
46,221,520
46,224,563
46,229,92
46,248,363
46,249,290
46,267,378
46,268,85
46,297,140
47,1,146
47,2,125
47,3,408
47,5,288
47,6,199
47,7,436
47,8,349
47,10,75
47,12,375
47,13,219
47,20,488
47,21,142
47,23,548
47,26,328
47,27,402
47,28,510
47,29,438
47,31,525
47,32,147
47,35,508
47,36,499
47,37,45
47,40,422
47,49,317
47,55,264
47,56,188
47,60,552
47,66,438
47,67,483
47,73,330
47,75,322
47,76,200
47,78,105
47,92,196
47,104,279
47,108,312
47,110,302
47,115,148
47,118,440
47,120,598
47,123,545
47,124,473
47,126,422
47,129,166
47,139,536
47,140,399
47,141,508
47,143,375
47,159,368
47,161,572
47,186,392
47,191,228
47,199,366
47,203,128
47,221,281
47,231,78
47,233,390
47,234,537
47,241,539
47,267,202
47,270,407
47,274,390
47,279,369
47,289,299
47,290,290
47,295,484
48,3,129
48,9,295
48,10,538
48,12,576
48,15,548
48,18,589
48,19,119
48,21,309
48,23,415
48,25,115
48,26,396
48,29,424
48,30,107
48,33,48
48,35,549
48,36,491
48,37,31
48,41,547
48,43,22
48,44,538
48,45,182
48,51,49
48,52,590
48,53,18
48,55,241
48,57,282
48,61,69
48,63,256
48,64,553
48,65,124
48,73,593
48,76,51
48,77,25
48,79,349
48,89,294
48,93,441
48,100,287
48,112,574
48,139,159
48,143,486
48,149,499
48,152,77
48,155,182
48,162,431
48,163,319
48,169,479
48,181,128
48,182,270
48,185,88
48,192,248
48,198,580
48,199,210
48,209,37
48,212,189
48,217,76
48,234,6
48,249,140
48,253,427
48,254,333
48,257,380
48,262,481
48,283,460
48,295,501
49,5,196
49,8,558
49,9,82
49,12,182
49,13,527
49,19,222
49,20,176
49,21,31
49,22,15
49,23,585
49,25,592
49,29,282
49,31,346
49,32,566
49,33,145
49,37,43
49,40,265
49,42,147
49,43,308
49,47,317
49,50,416
49,52,553
49,54,2
49,55,590
49,56,64
49,57,208
49,68,140
49,73,408
49,74,60
49,76,367
49,77,230
49,79,412
49,85,599
49,87,262
49,97,214
49,98,443
49,101,315
49,103,46
49,109,484
49,111,522
49,112,106
49,118,542
49,121,379
49,128,336
49,132,279
49,143,75
49,148,310
49,150,556
49,151,149
49,154,257
49,162,513
49,173,186
49,176,525
49,182,399
49,192,50
49,194,308
49,210,461
49,212,196
49,216,221
49,221,585
49,225,199
49,229,350
49,230,416
49,234,454
49,240,273
49,243,414
49,248,469
49,258,515
50,4,179
50,5,137
50,6,394
50,10,338
50,17,232
50,19,516
50,20,148
50,24,472
50,25,441
50,26,272
50,27,178
50,28,506
50,30,570
50,33,36
50,34,174
50,40,595
50,43,78
50,44,357
50,49,416
50,51,22
50,52,384
50,54,444
50,55,207
50,56,571
50,58,588
50,59,171
50,60,47
50,62,83
50,63,301
50,65,187
50,66,198
50,67,369
50,70,434
50,71,321
50,73,436
50,76,160
50,77,413
50,79,87
50,80,369
50,85,75
50,87,197
50,88,78
50,89,595
50,107,126
50,108,48
50,119,550
50,140,109
50,144,500
50,154,201
50,158,118
50,162,227
50,163,105
50,164,171
50,176,387
50,188,239
50,202,55
50,217,35
50,240,523
50,250,239
50,265,381
50,278,577
51,1,6
51,9,581
51,10,127
51,11,262
51,13,585
51,15,158
51,16,194
51,18,469
51,20,8
51,22,384
51,30,471
51,37,151
51,39,499
51,40,550
51,43,207
51,44,156
51,45,574
51,48,49
51,50,22
51,53,342
51,57,55
51,68,545
51,69,569
51,71,37
51,75,537
51,81,333
51,82,431
51,87,225
51,89,493
51,91,187
51,99,272
51,100,14
51,108,362
51,109,383
51,110,464
51,111,564
51,114,472
51,126,272
51,127,148
51,138,217
51,139,128
51,140,142
51,144,297
51,148,353
51,156,552
51,157,465
51,159,35
51,163,392
51,165,565
51,168,308
51,198,298
51,215,155
51,216,60
51,262,427
51,274,320
51,277,71
51,282,298
51,293,405
52,2,71
52,3,42
52,8,115
52,9,345
52,11,569
52,12,522
52,13,560
52,15,600
52,16,571
52,17,501
52,18,325
52,20,271
52,24,429
52,27,232
52,34,580
52,35,104
52,36,331
52,43,401
52,45,368
52,48,590
52,49,553
52,50,384
52,54,359
52,68,278
52,71,484
52,80,20
52,81,32
52,91,444
52,95,522
52,100,112
52,107,573
52,116,182
52,122,416
52,123,168
52,127,134
52,128,87
52,135,50
52,140,177
52,143,570
52,147,507
52,151,249
52,155,174
52,164,50
52,191,312
52,196,265
52,197,66
52,204,322
52,208,523
52,216,269
52,220,143
52,228,375
52,243,319
52,253,304
52,268,196
52,280,357
52,282,158
52,288,238
52,289,139
52,297,116
53,2,305
53,3,497
53,4,78
53,8,566
53,12,173
53,13,415
53,17,150
53,23,600
53,24,126
53,26,381
53,27,420
53,28,422
53,30,7
53,33,257
53,35,52
53,36,569
53,39,15
53,44,579
53,46,226
53,48,18
53,51,342
53,55,292
53,62,234
53,63,575
53,65,198
53,68,536
53,71,43
53,72,57
53,76,89
53,77,147
53,78,12
53,80,400
53,81,243
53,82,137
53,95,323
53,102,468
53,104,338
53,105,316
53,110,189
53,123,45
53,125,469
53,130,376
53,132,204
53,133,228
53,135,369
53,142,516
53,143,23
53,150,63
53,160,366
53,166,289
53,167,356
53,173,225
53,188,218
53,189,333
53,214,169
53,222,353
53,241,427
53,249,102
53,252,182
53,273,583
53,277,581
53,291,89
53,300,537
54,1,301
54,2,544
54,5,249
54,8,193
54,9,543
54,10,128
54,11,512
54,13,147
54,16,429
54,24,459
54,27,227
54,31,468
54,32,569
54,36,545
54,42,4
54,43,278
54,44,537
54,49,2
54,50,444
54,52,359
54,55,280
54,57,187
54,59,114
54,63,565
54,66,108
54,70,92
54,72,431
54,73,137
54,74,465
54,78,264
54,84,518
54,92,86
54,98,406
54,105,168
54,113,518
54,114,163
54,126,562
54,127,354
54,130,101
54,133,315
54,135,114
54,149,555
54,153,365
54,155,547
54,160,252
54,164,301
54,168,452
54,169,81
54,171,239
54,175,56
54,193,169
54,207,125
54,240,545
54,254,279
54,259,38
54,272,17
54,295,567
54,297,381
55,1,354
55,5,346
55,6,474
55,7,525
55,12,243
55,13,456
55,15,213
55,18,237
55,20,318
55,23,326
55,34,509
55,39,81
55,44,460
55,46,441
55,47,264
55,48,241
55,49,590
55,50,207
55,53,292
55,54,280
55,61,96
55,65,426
55,66,362
55,68,163
55,75,166
55,80,524
55,82,396
55,84,413
55,97,421
55,101,372
55,102,497
55,104,477
55,109,56
55,115,69
55,132,333
55,134,562
55,146,355
55,149,173
55,154,318
55,160,334
55,169,393
55,175,420
55,186,479
55,205,29
55,208,279
55,221,538
55,233,239
55,238,584
55,284,179
55,294,93
55,295,343
55,298,465
56,2,455
56,5,427
56,9,165
56,10,103
56,12,277
56,21,462
56,23,392
56,28,541
56,30,87
56,31,466
56,32,447
56,33,540
56,34,518
56,35,174
56,36,114
56,41,214
56,44,151
56,46,291
56,47,188
56,49,64
56,50,571
56,62,472
56,67,207
56,69,327
56,73,120
56,75,546
56,84,266
56,99,290
56,100,214
56,104,81
56,118,384
56,120,153
56,142,590
56,146,441
56,147,463
56,151,183
56,165,335
56,182,219
56,187,252
56,196,103
56,197,271
56,198,98
56,208,290
56,213,121
56,214,200
56,216,226
56,220,205
56,230,531
56,257,507
56,261,336
56,263,433
56,265,56
56,271,479
56,276,454
56,286,71
57,2,100
57,3,268
57,8,263
57,9,561
57,16,267
57,17,462
57,18,218
57,19,492
57,23,191
57,26,391
57,30,185
57,33,343
57,34,111
57,36,366
57,37,77
57,40,241
57,43,378
57,48,282
57,49,208
57,51,55
57,54,187
57,58,13
57,64,488
57,66,495
57,69,119
57,74,464
57,76,329
57,78,261
57,80,117
57,84,218
57,93,522
57,94,412
57,106,369
57,110,26
57,114,519
57,119,85
57,134,23
57,135,266
57,136,365
57,143,441
57,162,503
57,172,251
57,177,259
57,178,438
57,179,507
57,193,95
57,196,218
57,197,500
57,202,139
57,203,508
57,234,180
57,243,40
57,273,425
57,282,464
58,4,463
58,5,187
58,10,386
58,14,537
58,18,472
58,25,343
58,26,535
58,29,449
58,30,533
58,31,165
58,34,499
58,35,582
58,38,397
58,44,556
58,46,493
58,50,588
58,57,13
58,59,510
58,60,302
58,61,402
58,63,448
58,71,265
58,75,310
58,77,212
58,79,19
58,81,415
58,84,472
58,86,371
58,111,477
58,115,129
58,117,352
58,119,378
58,125,430
58,127,287
58,128,9
58,135,265
58,137,239
58,138,393
58,139,327
58,140,111
58,141,225
58,151,509
58,152,550
58,164,517
58,168,296
58,172,151
58,179,566
58,182,257
58,184,548
58,186,516
58,193,507
58,206,387
58,216,439
58,220,209
58,226,243
58,236,116
58,249,313
58,254,239
58,300,365
59,2,519
59,4,69
59,10,247
59,11,599
59,14,179
59,17,446
59,18,241
59,23,576
59,26,210
59,27,231
59,28,343
59,32,519
59,34,182
59,36,206
59,39,76
59,40,520
59,50,171
59,54,114
59,58,510
59,62,334
59,75,13
59,76,554
59,79,464
59,80,124
59,83,37
59,84,82
59,87,220
59,88,406
59,90,474
59,92,257
59,93,96
59,95,9
59,97,570
59,100,521
59,120,446
59,123,509
59,131,56
59,135,108
59,148,5
59,151,115
59,194,265
59,212,131
59,218,532
59,243,304
59,274,222
59,294,443
59,296,340
59,297,186
60,1,190
60,2,251
60,5,364
60,6,246
60,11,151
60,15,147
60,17,414
60,18,514
60,22,414
60,24,482
60,25,435
60,37,307
60,38,544
60,43,517
60,44,387
60,47,552
60,50,47
60,58,302
60,61,99
60,64,512
60,65,370
60,69,401
60,72,240
60,73,365
60,77,122
60,78,333
60,80,263
60,81,198
60,83,446
60,85,178
60,86,81
60,89,190
60,92,264
60,93,300
60,105,249
60,107,219
60,118,108
60,119,364
60,144,245
60,149,594
60,159,438
60,162,494
60,164,425
60,167,469
60,184,360
60,189,57
