source,target,weight
1,2,207
1,3,359
1,4,581
1,5,6
1,6,161
1,7,343
1,11,200
1,13,470
1,14,117
1,15,82
1,16,216
1,18,122
1,19,481
1,20,478
1,21,596
1,22,17
1,25,103
1,26,460
1,27,528
1,28,11
1,29,37
1,31,66
1,34,54
1,38,264
1,39,192
1,40,543
1,41,96
1,42,189
1,45,100
1,48,515
1,50,572
1,51,28
1,53,95
1,54,288
1,55,500
1,56,340
1,59,75
1,61,337
1,62,414
1,63,357
1,64,537
1,65,40
1,66,306
1,69,437
1,70,65
1,74,531
1,76,462
1,77,358
1,78,43
1,81,379
1,83,260
1,84,328
1,91,224
1,93,66
1,94,31
1,98,357
1,100,373
1,104,228
1,105,546
1,108,325
1,110,414
1,114,320
1,115,227
1,116,459
1,117,541
1,119,128
1,121,450
1,123,574
1,127,142
1,134,277
1,136,534
1,137,273
1,139,304
1,142,212
1,145,460
1,153,323
1,157,504
1,160,584
1,165,198
1,168,257
1,170,368
1,171,388
1,173,243
1,174,32
1,181,228
1,190,582
1,213,223
1,225,96
1,227,507
1,228,27
1,234,571
1,236,95
1,238,529
1,241,439
1,249,278
1,251,513
1,252,269
1,255,250
1,256,150
1,260,585
1,264,70
1,270,364
2,1,207
2,3,317
2,4,566
2,6,225
2,7,130
2,8,90
2,9,497
2,10,288
2,12,146
2,18,486
2,19,339
2,20,105
2,21,565
2,25,169
2,27,470
2,29,99
2,32,452
2,35,334
2,38,363
2,44,19
2,47,8
2,49,74
2,50,303
2,52,291
2,53,130
2,54,369
2,55,216
2,62,421
2,65,459
2,66,55
2,68,154
2,69,291
2,70,501
2,71,524
2,73,87
2,77,414
2,79,35
2,80,283
2,81,190
2,82,206
2,84,69
2,85,475
2,87,308
2,88,412
2,92,531
2,93,20
2,96,171
2,97,229
2,99,28
2,100,514
2,101,517
2,102,407
2,106,398
2,108,429
2,110,530
2,112,278
2,118,44
2,121,363
2,125,446
2,128,159
2,131,174
2,132,489
2,135,170
2,136,50
2,142,549
2,143,20
2,144,10
2,145,200
2,148,300
2,149,186
2,151,569
2,153,262
2,155,192
2,161,394
2,170,199
2,172,483
2,180,443
2,194,270
2,197,6
2,201,66
2,209,558
2,210,308
2,211,38
2,213,78
2,222,559
2,228,389
2,233,225
2,235,43
2,237,369
2,238,512
2,245,456
2,253,283
2,255,588
2,260,574
2,269,331
2,270,227
2,271,152
2,272,234
2,280,260
2,286,597
2,287,335
2,290,510
2,296,104
2,299,336
3,1,359
3,2,317
3,4,490
3,5,389
3,9,152
3,10,387
3,11,454
3,12,185
3,14,473
3,15,195
3,20,123
3,21,418
3,22,318
3,23,396
3,24,125
3,26,262
3,27,547
3,28,382
3,29,105
3,30,13
3,32,16
3,33,368
3,34,509
3,35,283
3,37,50
3,38,389
3,39,255
3,41,257
3,42,44
3,43,96
3,46,445
3,47,13
3,48,68
3,49,572
3,51,254
3,52,314
3,53,190
3,56,460
3,59,393
3,60,43
3,63,235
3,66,168
3,67,482
3,68,68
3,72,71
3,73,249
3,75,567
3,76,30
3,79,360
3,80,123
3,82,21
3,83,412
3,85,396
3,87,70
3,88,575
3,89,74
3,93,600
3,94,23
3,95,329
3,98,548
3,100,524
3,106,34
3,110,565
3,114,516
3,121,304
3,122,153
3,124,373
3,125,82
3,126,226
3,134,315
3,138,471
3,145,240
3,147,41
3,149,469
3,150,442
3,152,440
3,160,291
3,164,127
3,168,462
3,177,320
3,178,24
3,179,501
3,181,350
3,182,420
3,187,282
3,188,264
3,189,172
3,192,443
3,202,203
3,211,286
3,216,492
3,220,486
3,224,376
3,229,24
3,237,108
3,239,130
3,243,162
3,245,557
3,251,503
3,263,85
3,265,374
3,269,305
3,277,227
3,279,181
3,289,29
4,1,581
4,2,566
4,3,490
4,5,277
4,6,33
4,7,588
4,8,210
4,9,163
4,12,518
4,13,350
4,14,552
4,15,89
4,17,35
4,18,31
4,19,188
4,20,479
4,21,229
4,22,209
4,23,394
4,24,370
4,27,82
4,28,21
4,29,477
4,32,110
4,33,565
4,34,587
4,35,100
4,36,290
4,37,327
4,41,8
4,45,589
4,46,559
4,48,319
4,49,308
4,50,379
4,52,64
4,53,196
4,54,271
4,57,203
4,58,300
4,60,167
4,62,548
4,63,466
4,64,488
4,65,546
4,66,526
4,67,152
4,68,415
4,70,542
4,72,348
4,75,514
4,79,66
4,81,271
4,83,550
4,84,115
4,85,136
4,87,357
4,91,256
4,92,123
4,94,370
4,95,105
4,96,263
4,98,360
4,100,485
4,101,326
4,103,311
4,104,382
4,109,275
4,111,71
4,118,69
4,124,162
4,125,298
4,126,132
4,132,559
4,134,11
4,136,388
4,138,115
4,140,350
4,143,492
4,144,285
4,146,194
4,148,4
4,153,245
4,154,23
4,156,231
4,159,596
4,160,597
4,164,434
4,168,49
4,172,130
4,173,4
4,174,225
4,175,483
4,177,325
4,178,102
4,186,156
4,193,152
4,194,269
4,200,472
4,206,318
4,209,495
4,211,356
4,216,153
4,219,438
4,220,513
4,227,508
4,236,234
4,243,367
4,244,262
4,246,564
4,263,219
4,266,528
4,268,215
4,269,497
4,275,125
4,281,349
4,290,479
4,293,331
4,295,218
5,1,6
5,3,389
5,4,277
5,8,69
5,9,426
5,10,534
5,11,518
5,13,283
5,14,268
5,15,205
5,16,164
5,17,308
5,19,430
5,20,8
5,22,222
5,24,128
5,25,243
5,26,271
5,27,42
5,29,124
5,31,203
5,34,407
5,35,83
5,36,531
5,40,345
5,42,180
5,43,178
5,44,508
5,47,496
5,50,518
5,51,106
5,52,525
5,54,53
5,56,115
5,57,417
5,58,408
5,60,284
5,61,109
5,62,84
5,67,127
5,70,4
5,71,29
5,72,69
5,75,121
5,78,387
5,79,185
5,82,383
5,84,416
5,91,361
5,92,334
5,96,598
5,98,526
5,99,406
5,101,55
5,103,301
5,107,314
5,109,181
5,110,308
5,117,445
5,118,132
5,120,83
5,128,159
5,131,576
5,133,517
5,137,527
5,144,297
5,146,252
5,160,464
5,162,290
5,165,586
5,167,448
5,169,99
5,173,321
5,177,307
5,179,126
5,183,372
5,196,204
5,199,374
5,203,242
5,225,30
5,232,155
5,236,589
5,240,363
5,254,193
5,255,156
5,261,144
5,262,437
5,264,99
5,268,246
5,269,240
5,271,347
5,287,585
5,300,502
6,1,161
6,2,225
6,4,33
6,7,259
6,8,249
6,9,80
6,10,185
6,11,333
6,13,482
6,14,196
6,15,203
6,16,328
6,17,388
6,18,559
6,19,287
6,23,110
6,24,125
6,25,406
6,27,356
6,29,38
6,30,442
6,33,113
6,35,123
6,36,81
6,37,101
6,38,223
6,39,580
6,40,379
6,44,202
6,45,403
6,47,318
6,48,33
6,49,66
6,51,164
6,52,90
6,53,260
6,54,150
6,55,373
6,56,139
6,58,22
6,59,160
6,60,379
6,62,570
6,63,19
6,64,415
6,66,338
6,68,245
6,69,366
6,70,561
6,71,189
6,72,363
6,73,89
6,76,210
6,78,26
6,79,353
6,80,95
6,82,315
6,85,17
6,86,379
6,89,435
6,90,581
6,92,139
6,100,136
6,103,309
6,107,219
6,108,418
6,112,146
6,113,569
6,114,99
6,116,476
6,117,471
6,120,157
6,127,207
6,128,27
6,130,405
6,132,500
6,133,122
6,135,424
6,136,22
6,140,38
6,141,311
6,143,456
6,147,72
6,149,121
6,151,125
6,152,149
6,157,165
6,159,150
6,166,552
6,167,205
6,172,546
6,193,111
6,195,294
6,201,49
6,205,172
6,216,69
6,226,532
6,231,286
6,249,507
6,255,24
6,256,579
6,261,251
6,262,41
6,265,148
6,272,376
6,276,253
6,279,43
6,281,112
6,283,600
6,284,502
6,287,19
7,1,343
7,2,130
7,4,588
7,6,259
7,8,462
7,10,492
7,11,244
7,12,424
7,13,22
7,14,358
7,15,437
7,18,146
7,20,344
7,21,487
7,22,221
7,24,473
7,26,395
7,27,300
7,28,289
7,31,35
7,35,49
7,36,387
7,38,65
7,41,539
7,42,547
7,43,39
7,45,153
7,46,505
7,48,439
7,49,233
7,50,355
7,55,131
7,56,46
7,57,137
7,58,531
7,59,390
7,61,278
7,62,2
7,65,192
7,69,374
7,70,583
7,73,401
7,74,88
7,76,50
7,79,256
7,81,220
7,82,301
7,86,545
7,88,186
7,89,374
7,91,304
7,92,486
7,97,474
7,98,283
7,99,431
7,101,321
7,104,126
7,105,495
7,107,146
7,111,330
7,112,237
7,119,192
7,124,294
7,125,426
7,128,410
7,133,453
7,138,161
7,141,295
7,142,367
7,147,225
7,148,27
7,154,548
7,159,22
7,161,81
7,163,424
7,173,357
7,175,93
7,176,173
7,180,202
7,185,330
7,187,184
7,191,41
7,194,424
7,197,23
7,210,4
7,212,475
7,243,76
7,244,440
7,246,402
7,252,427
7,257,135
7,259,6
7,260,333
7,264,178
7,267,332
7,269,122
7,281,312
7,283,62
7,284,265
7,289,368
7,290,381
7,300,524
8,2,90
8,4,210
8,5,69
8,6,249
8,7,462
8,11,453
8,12,115
8,13,346
8,17,15
8,19,474
8,21,48
8,22,200
8,23,10
8,25,258
8,26,438
8,27,247
8,28,126
8,29,119
8,32,99
8,33,91
8,36,329
8,39,191
8,41,432
8,42,595
8,43,155
8,44,112
8,45,259
8,46,13
8,47,578
8,48,463
8,50,592
8,51,109
8,53,369
8,54,108
8,56,486
8,57,546
8,58,291
8,60,274
8,61,315
8,62,512
8,66,440
8,67,290
8,69,109
8,70,255
8,71,520
8,72,13
8,76,452
8,79,80
8,80,247
8,82,543
8,85,314
8,87,199
8,88,223
8,89,438
8,90,488
8,93,237
8,95,246
8,98,485
8,99,130
8,104,476
8,106,22
8,111,297
8,119,528
8,124,124
8,126,588
8,127,194
8,128,507
8,138,525
8,140,104
8,141,361
8,142,371
8,144,44
8,145,77
8,152,175
8,153,567
8,154,355
8,166,415
8,172,538
8,177,278
8,182,448
8,190,196
8,195,352
8,197,516
8,204,46
8,205,445
8,211,131
8,212,300
8,214,382
8,216,223
8,222,290
8,235,179
8,240,489
8,242,438
8,243,370
8,257,197
8,260,127
8,275,436
8,276,548
8,284,293
8,286,144
8,288,437
8,291,320
8,292,128
8,294,301
9,2,497
9,3,152
9,4,163
9,5,426
9,6,80
9,11,545
9,13,98
9,14,442
9,16,309
9,17,474
9,18,598
9,19,500
9,20,340
9,22,169
9,23,131
9,25,138
9,26,535
9,27,126
9,28,399
9,29,100
9,30,423
9,31,547
9,32,261
9,33,310
9,35,135
9,38,237
9,39,49
9,40,155
9,41,334
9,47,1
9,48,153
9,50,508
9,51,467
9,52,251
9,53,378
9,54,20
9,55,488
9,56,232
9,57,186
9,58,192
9,59,225
9,61,34
9,62,330
9,63,170
9,64,33
9,66,466
9,67,494
9,69,258
9,70,210
9,78,54
9,81,194
9,82,142
9,84,522
9,85,123
9,88,512
9,90,512
9,92,419
9,94,242
9,102,124
9,104,581
9,105,396
9,106,376
9,110,490
9,111,293
9,112,406
9,113,23
9,118,428
9,119,109
9,120,29
9,123,540
9,124,467
9,129,504
9,133,3
9,134,187
9,139,434
9,142,393
9,150,245
9,152,43
9,157,78
9,167,569
9,172,532
9,175,508
9,177,452
9,178,297
9,184,57
9,185,92
9,192,449
9,207,28
9,209,374
9,214,103
9,216,521
9,218,332
9,220,141
9,227,593
9,230,577
9,231,504
9,240,384
9,243,133
9,257,486
9,260,317
9,267,36
9,268,550
9,270,391
9,271,401
9,295,545
10,2,288
10,3,387
10,5,534
10,6,185
10,7,492
10,11,284
10,12,232
10,13,212
10,16,529
10,18,433
10,21,21
10,22,252
10,23,276
10,24,581
10,28,52
10,30,124
10,32,312
10,33,359
10,34,53
10,36,184
10,37,386
10,38,141
10,39,244
10,42,42
10,43,111
10,44,35
10,45,142
10,46,517
10,50,531
10,52,362
10,53,212
10,54,31
10,57,453
10,58,392
10,60,187
10,61,264
10,62,377
10,64,565
10,65,67
10,66,97
10,69,293
10,70,280
10,72,184
10,73,344
10,76,456
10,78,486
10,80,97
10,83,332
10,84,341
10,85,47
10,88,140
10,89,41
10,90,425
10,100,392
10,104,232
10,105,22
10,106,65
10,109,588
10,112,545
10,115,132
10,117,233
10,120,362
10,121,215
10,128,132
10,131,498
10,135,412
10,144,333
10,155,414
10,156,65
10,157,589
10,162,95
10,163,132
10,166,144
10,171,297
10,172,283
10,177,500
10,179,561
10,184,583
10,186,327
10,187,97
10,193,541
10,195,447
10,197,247
10,202,39
10,210,577
10,211,205
10,217,68
10,222,235
10,227,503
10,234,86
10,236,323
10,243,35
10,245,462
10,246,61
10,250,43
10,251,426
10,254,1
10,256,451
10,262,524
10,270,269
10,281,264
10,289,236
10,291,142
10,292,337
11,1,200
11,3,454
11,5,518
11,6,333
11,7,244
11,8,453
11,9,545
11,10,284
11,12,371
11,15,367
11,16,237
11,17,76
11,18,366
11,19,568
11,21,317
11,22,113
11,24,211
11,25,296
11,26,340
11,27,375
11,28,526
11,30,348
11,31,164
11,33,468
11,36,572
11,39,171
11,40,314
11,41,348
11,43,260
11,44,256
11,45,234
11,46,533
11,47,521
11,49,583
11,50,408
11,51,387
11,52,53
11,54,75
11,55,113
11,56,242
11,61,400
11,62,256
11,63,287
11,65,375
11,66,524
11,67,528
11,70,395
11,71,189
11,73,548
11,74,356
11,75,563
11,76,455
11,78,557
11,81,106
11,91,549
11,93,51
11,94,444
11,95,536
11,101,523
11,103,166
11,104,317
11,108,507
11,112,401
11,115,367
11,118,238
11,119,365
11,120,496
11,121,199
11,122,443
11,124,298
11,137,158
11,138,17
11,139,224
11,142,565
11,153,198
11,155,258
11,167,109
11,168,436
11,171,329
11,176,14
11,177,188
11,187,257
11,189,481
11,190,468
11,196,179
11,198,542
11,199,258
11,202,55
11,230,222
11,234,68
11,253,150
11,255,188
11,269,210
11,278,225
11,286,46
11,291,201
11,296,136
12,2,146
12,3,185
12,4,518
12,7,424
12,8,115
12,10,232
12,11,371
12,13,393
12,14,319
12,16,406
12,17,29
12,19,166
12,22,386
12,23,534
12,28,166
12,29,347
12,30,542
12,32,544
12,33,407
12,34,119
12,38,193
12,39,547
12,45,402
12,47,44
12,48,262
12,49,287
12,51,45
12,53,450
12,55,98
12,58,518
12,59,249
12,61,446
12,62,414
12,63,385
12,64,402
12,65,258
12,67,301
12,68,269
12,69,486
12,72,434
12,74,437
12,76,584
12,78,236
12,79,274
12,81,248
12,83,213
12,86,163
12,90,319
12,91,134
12,92,395
12,93,286
12,94,116
12,96,297
12,105,314
12,106,462
12,109,535
12,110,406
12,111,477
12,117,393
12,118,166
12,120,209
12,123,526
12,125,7
12,126,528
12,129,530
12,130,204
12,131,419
12,133,265
12,146,514
12,149,230
12,150,299
12,155,356
12,156,76
12,157,562
12,158,425
12,162,461
12,166,284
12,167,139
12,176,304
12,185,390
12,186,132
12,193,245
12,196,328
12,205,517
12,209,29
12,220,294
12,223,252
12,225,225
12,231,308
12,241,506
12,243,375
12,254,480
12,256,52
12,258,364
12,260,77
12,262,77
12,266,31
12,268,526
12,269,584
12,272,102
12,275,574
12,285,193
12,289,64
12,292,319
12,294,161
12,300,397
13,1,470
13,4,350
13,5,283
13,6,482
13,7,22
13,8,346
13,9,98
13,10,212
13,12,393
13,18,392
13,19,341
13,20,210
13,21,172
13,22,250
13,23,133
13,25,408
13,26,210
13,29,451
13,30,264
13,31,96
13,32,421
13,33,445
13,34,480
13,35,222
13,37,116
13,41,13
13,42,210
13,43,409
13,44,302
13,46,256
13,47,317
13,48,530
13,49,260
13,50,594
13,51,104
13,52,119
13,53,72
13,54,163
13,55,294
13,57,594
13,58,125
13,60,482
13,61,171
13,62,376
13,67,497
13,68,300
13,72,302
13,79,49
13,80,102
13,81,425
13,82,413
13,84,497
13,89,227
13,91,302
13,92,163
13,93,86
13,95,372
13,97,352
13,99,16
13,100,269
13,101,257
13,102,11
13,108,386
13,109,230
13,116,23
13,117,532
13,120,229
13,131,155
13,138,105
13,142,590
13,143,469
13,150,199
13,151,359
13,152,158
13,155,134
13,157,167
13,158,27
13,161,536
13,166,442
13,168,295
13,170,517
13,173,524
13,176,584
13,184,201
13,187,489
13,193,387
13,195,161
13,196,469
13,205,259
13,207,557
13,208,215
13,209,349
13,212,296
13,222,424
13,225,230
13,227,582
13,229,297
13,239,169
13,255,220
13,256,301
13,257,444
13,263,144
13,267,46
13,274,135
13,276,566
13,278,499
13,284,385
13,293,535
13,298,585
14,1,117
14,3,473
14,4,552
14,5,268
14,6,196
14,7,358
14,9,442
14,12,319
14,15,370
14,16,18
14,17,60
14,20,398
14,21,389
14,22,530
14,24,150
14,25,468
14,27,212
14,28,496
14,29,126
14,30,50
14,31,153
14,32,21
14,33,506
14,34,101
14,37,206
14,39,370
14,41,361
14,43,490
14,44,126
14,45,445
14,46,279
14,48,47
14,50,74
14,51,98
14,52,207
14,55,398
14,57,331
14,58,565
14,60,67
14,63,19
14,65,401
14,67,497
14,68,358
14,69,136
14,70,561
14,71,557
14,72,153
14,73,438
14,74,416
14,76,229
14,80,357
14,82,475
14,85,543
14,86,212
14,92,425
14,93,213
14,94,35
14,96,504
14,97,499
14,99,141
14,101,284
14,103,477
14,104,91
14,105,384
14,115,95
14,118,139
14,121,585
14,126,26
14,127,308
14,132,597
14,133,11
14,136,301
14,141,304
14,142,358
14,143,20
14,150,85
14,152,592
14,154,117
14,158,286
14,160,422
14,162,517
14,163,430
14,168,517
14,169,419
14,171,89
14,172,534
14,177,481
14,178,103
14,180,537
14,183,123
14,187,290
14,215,433
14,220,61
14,226,186
14,229,245
14,241,41
14,249,310
14,252,569
14,253,165
14,264,429
14,265,388
14,271,379
14,281,461
14,283,197
14,285,551
14,286,497
14,287,448
14,288,511
14,291,305
14,292,117
14,296,64
14,297,266
14,300,92
15,1,82
15,3,195
15,4,89
15,5,205
15,6,203
15,7,437
15,11,367
15,14,370
15,16,312
15,17,458
15,18,10
15,19,556
15,20,299
15,22,135
15,23,98
15,24,352
15,27,109
15,29,330
15,30,69
15,31,310
15,32,87
15,40,290
15,41,558
15,42,141
15,43,354
15,44,295
15,47,240
15,49,62
15,51,25
15,54,134
15,55,214
15,59,144
15,60,537
15,62,120
15,63,416
15,65,117
15,66,445
15,68,592
15,71,281
15,78,336
15,79,404
15,80,272
15,87,547
15,88,264
15,89,38
15,90,496
15,94,50
15,95,17
15,96,176
15,97,399
15,100,231
15,101,493
15,103,568
15,104,493
15,107,358
15,111,146
15,116,600
15,119,63
15,124,239
15,126,16
15,128,480
15,131,371
15,133,213
15,137,147
15,141,534
15,142,70
15,143,115
15,145,591
15,148,250
15,153,264
15,155,146
15,163,475
15,165,99
15,166,242
15,175,257
15,187,469
15,191,560
15,196,124
15,200,569
15,203,145
15,208,578
15,214,79
15,224,398
15,225,128
15,236,222
15,246,386
15,247,144
15,254,35
15,256,379
15,263,397
15,264,361
15,267,408
15,284,210
16,1,216
16,5,164
16,6,328
16,9,309
16,10,529
16,11,237
16,12,406
16,14,18
16,15,312
16,17,552
16,19,320
16,21,121
16,22,299
16,23,161
16,26,525
16,27,422
16,30,36
16,31,28
16,32,5
16,33,156
16,34,516
16,35,475
16,36,198
16,37,32
16,38,101
16,39,143
16,41,233
16,42,593
16,43,30
16,44,451
16,45,54
16,46,578
16,48,1
16,49,282
16,50,546
16,51,237
16,52,216
16,53,560
16,54,13
16,56,403
16,57,448
16,58,330
16,61,546
16,64,383
16,66,485
16,68,267
16,69,467
16,70,497
16,71,344
16,77,443
16,78,531
16,79,239
16,85,459
16,87,178
16,89,321
16,91,144
16,94,446
16,100,390
16,101,104
16,103,198
16,107,254
16,111,190
16,114,326
16,116,434
16,123,403
16,125,296
16,133,555
16,143,243
16,145,144
16,147,390
16,158,454
16,159,105
16,161,39
16,162,286
16,163,430
16,168,383
16,169,178
16,178,387
16,182,533
16,183,398
16,198,151
16,199,205
16,224,586
16,228,122
16,230,191
16,235,298
16,241,106
16,243,173
16,252,48
16,255,321
16,256,262
16,275,591
16,279,367
16,295,84
16,300,541
17,4,35
17,5,308
17,6,388
17,8,15
17,9,474
17,11,76
17,12,29
17,14,60
17,15,458
17,16,552
17,19,416
17,20,394
17,21,476
17,22,178
17,23,126
17,24,55
17,25,534
17,26,163
17,27,105
17,28,246
17,29,218
17,30,503
17,32,529
17,33,92
17,34,443
17,36,342
17,38,322
17,39,193
17,40,280
17,41,559
17,42,524
17,43,506
17,44,297
17,45,351
17,47,393
17,48,242
17,50,530
17,51,283
17,52,325
17,53,599
17,54,546
17,55,244
17,56,407
17,57,550
17,58,161
17,59,195
17,60,253
17,62,440
17,65,266
17,71,358
17,72,586
17,75,105
17,76,519
17,77,316
17,78,585
17,80,352
17,82,580
17,84,43
17,87,7
17,89,373
17,90,136
17,91,215
17,94,172
17,96,168
17,97,202
17,98,278
17,100,9
17,102,515
17,103,297
17,104,381
17,106,285
17,110,506
17,117,489
17,120,184
17,122,101
17,126,286
17,140,119
17,146,533
17,149,445
17,153,425
17,160,556
17,163,517
17,166,512
17,175,129
17,180,379
17,181,438
17,192,180
17,200,198
17,202,27
17,205,153
17,206,261
17,209,323
17,213,289
17,224,120
17,228,460
17,231,405
17,233,504
17,234,30
17,239,385
17,241,344
17,276,497
17,277,123
17,281,101
17,289,193
17,290,265
18,1,122
18,2,486
18,4,31
18,6,559
18,7,146
18,9,598
18,10,433
18,11,366
18,13,392
18,15,10
18,19,58
18,20,149
18,21,431
18,22,546
18,24,487
18,27,37
18,28,188
18,29,44
18,31,164
18,32,535
18,33,501
18,34,182
18,36,190
18,39,321
18,40,419
18,41,534
18,42,599
18,43,412
18,47,566
18,49,179
18,53,11
18,55,349
18,57,250
18,59,556
18,61,240
18,62,401
18,63,20
18,67,479
18,68,155
18,71,80
18,72,89
18,74,119
18,76,213
18,77,559
18,78,444
18,80,44
18,82,377
18,84,116
18,85,80
18,89,285
18,90,453
18,91,281
18,93,455
18,95,546
18,96,484
18,97,239
18,106,29
18,107,577
18,108,30
18,109,154
18,112,320
18,113,74
18,115,495
18,116,536
18,119,115
18,123,561
18,135,164
18,139,323
18,140,420
18,141,397
18,142,584
18,144,465
18,151,83
18,156,330
18,165,415
18,167,71
18,168,389
18,170,133
18,178,362
18,179,444
18,186,568
18,189,24
18,194,509
18,197,474
18,199,438
18,200,14
18,204,316
18,205,302
18,215,535
18,226,227
18,228,467
18,232,250
18,233,487
18,235,315
18,241,127
18,251,95
18,252,301
18,263,325
18,277,116
18,283,33
18,296,139
19,1,481
19,2,339
19,4,188
19,5,430
19,6,287
19,8,474
19,9,500
19,11,568
19,12,166
19,13,341
19,15,556
19,16,320
19,17,416
19,18,58
19,20,454
19,22,375
19,23,592
19,24,68
19,28,497
19,30,391
19,31,146
19,33,416
19,35,437
19,36,29
19,38,7
19,39,20
19,40,537
19,44,320
19,45,443
19,48,469
19,49,199
19,51,449
19,52,97
19,53,35
19,55,479
19,56,4
19,57,452
19,58,76
19,60,271
19,63,388
19,67,378
19,71,479
19,73,74
19,75,400
19,77,156
19,81,268
19,83,162
19,85,267
19,86,567
19,87,66
19,88,493
19,89,255
19,90,349
19,91,358
19,94,300
19,96,430
19,99,314
19,100,339
19,101,136
19,102,340
19,104,445
19,107,56
19,108,438
19,114,233
19,123,446
19,129,162
19,130,23
19,135,423
19,138,437
19,139,20
19,143,515
19,145,157
19,146,148
19,148,93
19,149,267
19,154,296
19,156,359
19,164,107
19,178,436
19,180,432
19,188,455
19,189,507
19,192,128
19,193,45
19,202,64
19,204,349
19,208,548
19,212,304
19,221,331
19,230,122
19,231,14
19,251,370
19,253,324
19,254,207
19,261,155
19,278,16
19,283,53
19,284,152
19,289,318
19,299,589
20,1,478
20,2,105
20,3,123
20,4,479
20,5,8
20,7,344
20,9,340
20,13,210
20,14,398
20,15,299
20,17,394
20,18,149
20,19,454
20,21,511
20,23,305
20,24,503
20,25,75
20,27,388
20,28,384
20,31,390
20,32,517
20,35,490
20,36,332
20,37,234
20,38,87
20,39,440
20,40,539
20,43,327
20,44,529
20,48,596
20,49,185
20,50,536
20,53,150
20,54,69
20,55,223
20,56,587
20,58,112
20,59,246
20,60,223
20,61,237
20,62,177
20,67,59
20,68,178
20,69,281
20,71,264
20,75,317
20,76,196
20,78,582
20,80,153
20,84,531
20,85,505
20,86,563
20,87,188
20,88,299
20,91,390
20,93,429
20,94,314
20,96,404
20,98,563
20,104,253
20,109,520
20,113,565
20,114,520
20,118,355
20,122,23
20,124,199
20,127,377
20,128,317
20,131,24
20,132,563
20,133,37
20,134,531
20,148,568
20,149,84
20,150,232
20,155,167
20,157,112
20,165,510
20,168,102
20,169,123
20,171,191
20,173,327
20,174,327
20,176,417
20,186,471
20,194,12
20,197,495
20,199,191
20,202,456
20,205,190
20,214,158
20,216,268
20,218,546
20,221,279
20,223,39
20,233,126
20,234,287
20,240,439
20,246,162
20,249,427
20,259,266
20,264,499
20,269,395
20,274,489
20,276,594
20,278,332
20,280,65
20,292,417
21,1,596
21,2,565
21,3,418
21,4,229
21,7,487
21,8,48
21,10,21
21,11,317
21,13,172
21,14,389
21,16,121
21,17,476
21,18,431
21,20,511
21,25,204
21,26,3
21,27,568
21,28,44
21,29,186
21,30,581
21,31,382
21,32,249
21,34,345
21,35,38
21,37,193
21,41,207
21,42,446
21,45,211
21,46,427
21,47,480
21,48,257
21,49,97
21,51,307
21,53,156
21,54,439
21,55,452
21,56,520
21,57,532
21,59,214
21,60,517
21,63,574
21,65,448
21,66,221
21,67,389
21,68,440
21,75,374
21,76,484
21,82,12
21,83,68
21,88,137
21,89,233
21,93,387
21,94,366
21,96,417
21,97,422
21,99,343
21,100,438
21,102,487
21,104,108
21,106,154
21,108,300
21,110,205
21,111,530
21,113,504
21,115,369
21,120,579
21,123,99
21,124,12
21,126,516
21,129,488
21,131,487
21,132,531
21,133,546
21,134,206
21,136,485
21,138,275
21,139,334
21,149,244
21,157,224
21,159,239
21,164,351
21,170,573
21,174,308
21,179,45
21,184,207
21,190,509
21,193,300
21,201,318
21,204,525
21,207,190
21,208,137
21,209,37
21,213,535
21,216,504
21,220,473
21,230,508
21,247,396
21,250,213
21,268,8
21,273,579
21,282,134
22,1,17
22,3,318
22,4,209
22,5,222
22,7,221
22,8,200
22,9,169
22,10,252
22,11,113
22,12,386
22,13,250
22,14,530
22,15,135
22,16,299
22,17,178
22,18,546
22,19,375
22,23,70
22,24,168
22,25,233
22,26,291
22,27,571
22,28,371
22,29,356
22,31,467
22,32,291
22,33,403
22,34,509
22,35,104
22,36,423
22,37,105
22,39,266
22,40,339
22,41,300
22,43,600
22,47,279
22,49,260
22,50,555
22,51,331
22,52,476
22,55,600
22,56,505
22,58,516
22,59,428
22,60,576
22,64,67
22,66,5
22,67,484
22,68,113
22,69,547
22,70,87
22,73,44
22,75,383
22,77,487
22,79,433
22,81,372
22,82,313
22,83,236
22,89,372
22,90,576
22,92,527
22,95,39
22,97,538
22,101,408
22,102,135
22,105,590
22,109,141
22,111,450
22,112,151
22,121,421
22,132,154
22,134,316
22,144,521
22,146,103
22,152,317
22,155,397
22,160,40
22,165,297
22,166,127
22,167,188
22,172,278
22,175,189
22,178,280
22,179,354
22,184,199
22,186,578
22,187,118
22,191,543
22,197,235
22,201,216
22,209,18
22,219,69
22,221,583
22,226,89
22,232,501
22,234,376
22,239,190
22,245,47
22,247,41
22,248,563
22,253,11
22,254,415
22,256,342
22,261,356
22,290,566
22,293,538
23,3,396
23,4,394
23,6,110
23,8,10
23,9,131
23,10,276
23,12,534
23,13,133
23,15,98
23,16,161
23,17,126
23,19,592
23,20,305
23,22,70
23,26,48
23,28,159
23,29,251
23,30,442
23,32,289
23,34,118
23,35,139
23,36,490
23,37,571
23,38,291
23,39,417
23,40,579
23,42,105
23,45,184
23,46,233
23,47,97
23,49,306
23,50,201
23,51,337
23,53,379
23,54,481
23,56,438
23,57,338
23,60,356
23,61,138
23,63,560
23,65,397
23,67,368
23,70,588
23,73,85
23,74,109
23,76,177
23,77,388
23,78,566
23,79,544
23,81,155
23,82,115
23,83,559
23,84,506
23,85,515
23,88,413
23,92,399
23,95,592
23,96,392
23,101,297
23,102,78
23,104,96
23,105,184
23,106,113
23,107,548
23,108,284
23,109,483
23,111,366
23,112,528
23,120,371
23,122,362
23,123,523
23,125,3
23,127,542
23,131,143
23,132,212
23,133,5
23,143,492
23,144,28
23,145,211
23,147,336
23,149,210
23,153,406
23,154,66
23,158,103
23,160,108
23,163,548
23,179,431
23,180,571
23,183,190
23,186,189
23,190,154
23,198,295
23,199,49
23,203,284
23,204,138
23,214,123
23,226,411
23,238,46
23,240,85
23,248,202
23,255,511
23,256,532
23,258,462
23,278,93
23,283,227
23,284,324
23,285,112
23,290,131
23,291,151
23,293,580
23,298,400
24,3,125
24,4,370
24,5,128
24,6,125
24,7,473
24,10,581
24,11,211
24,14,150
24,15,352
24,17,55
24,18,487
24,19,68
24,20,503
24,22,168
24,25,198
24,31,257
24,32,425
24,33,507
24,34,357
24,35,83
24,36,366
24,37,364
24,39,540
24,40,234
24,42,232
24,44,417
24,45,335
24,47,355
24,48,120
24,49,293
24,54,413
24,57,302
24,59,454
24,61,386
24,64,53
24,65,536
24,67,581
24,68,162
24,70,22
24,71,321
24,75,405
24,78,469
24,86,111
24,87,133
24,89,572
24,92,90
24,93,284
24,94,554
24,105,2
24,106,384
24,107,240
24,111,84
24,113,489
24,114,184
24,118,150
24,122,16
24,128,90
24,130,268
24,131,139
24,139,306
24,143,166
24,149,392
24,150,488
24,151,372
24,154,584
24,167,300
24,168,549
24,169,159
24,170,422
24,185,256
24,197,172
24,198,204
24,211,474
24,213,42
24,216,161
24,229,310
24,230,214
24,231,221
24,233,422
24,240,298
24,252,11
24,258,131
24,259,82
24,266,24
24,267,484
24,268,470
24,270,390
24,282,585
24,288,459
25,1,103
25,2,169
25,5,243
25,6,406
25,8,258
25,9,138
25,11,296
25,13,408
25,14,468
25,17,534
25,20,75
25,21,204
25,22,233
25,24,198
25,28,506
25,29,203
25,30,336
25,33,212
25,34,502
25,35,122
25,36,153
25,37,317
25,38,101
25,39,516
25,40,481
25,42,86
25,44,306
25,45,287
25,47,25
25,48,142
25,49,58
25,50,236
25,51,71
25,53,475
25,54,298
25,55,119
25,56,193
25,57,23
25,60,597
25,63,158
25,65,168
25,66,574
25,67,383
25,68,583
25,72,328
25,73,129
25,75,351
25,76,566
25,77,283
25,79,14
25,81,107
25,82,382
25,84,83
25,86,478
25,87,36
25,95,112
25,96,249
25,97,104
25,101,244
25,104,472
25,106,41
25,107,138
25,111,295
25,112,79
25,114,51
25,119,120
25,120,363
25,121,131
25,122,103
25,124,124
25,125,422
25,126,541
25,127,225
25,129,368
25,136,470
25,143,14
25,147,224
25,149,388
25,150,364
25,155,381
25,161,104
25,162,381
25,163,236
25,170,414
25,174,509
25,190,599
25,195,411
25,198,444
25,201,13
25,205,39
25,209,181
25,211,403
25,220,494
25,228,438
25,237,352
25,240,164
25,252,138
25,255,236
25,258,31
25,262,121
25,278,21
25,279,519
26,1,460
26,3,262
26,5,271
26,7,395
26,8,438
26,9,535
26,11,340
26,13,210
26,16,525
26,17,163
26,21,3
26,22,291
26,23,48
26,28,537
26,30,272
26,31,328
26,32,598
26,33,313
26,35,533
26,37,95
26,41,219
26,45,358
26,46,71
26,47,17
26,48,556
26,49,75
26,51,153
26,53,82
26,55,67
26,56,96
26,57,73
26,58,158
26,63,65
26,65,108
26,66,73
26,70,51
26,73,151
26,74,278
26,75,293
26,79,498
26,83,154
26,86,92
26,87,299
26,88,510
26,90,5
26,94,269
26,96,36
26,98,480
26,100,382
26,101,6
26,103,271
26,105,357
26,107,474
26,110,555
26,111,408
26,113,491
26,116,545
26,121,466
26,122,192
26,127,296
26,130,59
26,131,353
26,137,425
26,140,436
26,146,391
26,147,222
26,149,525
26,155,24
26,158,366
26,160,157
26,166,353
26,167,531
26,169,425
26,180,199
26,181,118
26,189,260
26,190,49
26,193,275
26,196,501
26,199,293
26,200,594
26,201,492
26,202,62
26,207,107
26,216,306
26,219,297
26,222,407
26,244,238
26,245,58
26,247,97
26,258,453
26,263,494
26,268,279
26,278,594
26,283,387
26,294,154
26,298,231
27,1,528
27,2,470
27,3,547
27,4,82
27,5,42
27,6,356
27,7,300
27,8,247
27,9,126
27,11,375
27,14,212
27,15,109
27,16,422
27,17,105
27,18,37
27,20,388
27,21,568
27,22,571
27,28,310
27,29,518
27,30,257
27,33,176
27,34,325
27,36,82
27,37,233
27,39,291
27,40,319
27,42,519
27,43,488
27,44,279
27,45,578
27,46,522
27,47,145
27,48,36
27,49,503
27,51,274
27,52,302
27,54,260
27,56,549
27,58,544
27,59,534
27,60,154
27,61,263
27,63,245
27,64,368
27,67,205
27,68,81
27,72,546
27,74,374
27,75,490
27,76,430
27,77,24
27,78,63
27,79,330
27,87,426
27,89,435
27,90,51
27,91,358
27,92,384
27,93,238
27,98,310
27,99,272
27,100,165
27,102,141
27,104,54
27,105,297
27,106,505
27,107,273
27,109,14
27,111,212
27,114,290
27,119,583
27,120,158
27,123,296
27,124,528
27,129,195
27,133,328
27,139,200
27,143,310
27,146,593
27,149,117
27,151,573
27,152,73
27,154,256
27,160,451
27,163,543
27,169,150
27,172,377
27,180,41
27,181,580
27,187,401
27,198,90
27,203,248
27,205,248
27,214,475
27,215,541
27,216,140
27,226,163
27,229,86
27,233,92
27,242,542
27,243,420
27,247,136
27,266,103
27,269,113
27,278,543
27,287,25
27,289,138
27,300,115
28,1,11
28,3,382
28,4,21
28,7,289
28,8,126
28,9,399
28,10,52
28,11,526
28,12,166
28,14,496
28,17,246
28,18,188
28,19,497
28,20,384
28,21,44
28,22,371
28,23,159
28,25,506
28,26,537
28,27,310
28,29,408
28,30,110
28,31,571
28,32,417
28,33,71
28,34,43
28,35,368
28,36,192
28,37,358
28,38,208
28,40,119
28,41,94
28,44,469
28,45,336
28,46,422
28,47,127
28,51,355
28,52,2
28,53,496
28,54,359
28,55,463
28,56,570
28,57,574
28,60,158
28,61,60
28,62,292
28,63,527
28,64,332
28,66,307
28,67,354
28,68,373
28,70,565
28,72,431
28,77,106
28,78,296
28,79,36
28,82,426
28,84,214
28,85,216
28,86,38
28,88,65
28,93,78
28,96,144
28,98,330
28,101,330
28,102,312
28,108,92
28,112,548
28,113,370
28,115,11
28,116,131
28,117,44
28,119,228
28,123,308
28,124,136
28,127,593
28,129,281
28,135,487
28,141,256
28,142,68
28,152,340
28,154,109
28,155,436
28,163,164
28,182,360
28,187,518
28,192,491
28,193,422
28,194,481
28,196,439
28,198,113
28,199,417
28,200,51
28,204,388
28,213,206
28,223,360
28,224,402
28,237,20
28,242,130
28,246,274
28,248,130
28,250,586
28,261,505
28,262,371
28,266,8
28,268,446
28,277,380
28,279,593
28,283,283
28,284,225
29,1,37
29,2,99
29,3,105
29,4,477
29,5,124
29,6,38
29,8,119
29,9,100
29,12,347
29,13,451
29,14,126
29,15,330
29,17,218
29,18,44
29,21,186
29,22,356
29,23,251
29,25,203
29,27,518
29,28,408
29,31,249
29,32,301
29,33,104
29,35,589
29,36,181
29,38,409
29,40,521
29,41,497
29,42,287
29,44,489
29,45,452
29,47,565
29,49,500
29,50,452
29,51,461
29,52,222
29,53,304
29,55,434
29,56,208
29,57,47
29,58,364
29,60,49
29,62,61
29,63,122
29,64,227
29,71,425
29,73,493
29,79,176
29,81,310
29,82,408
29,86,54
29,88,257
29,90,476
29,94,356
29,104,403
29,109,342
29,113,345
29,116,489
29,120,406
29,130,444
29,133,146
29,136,299
29,141,372
29,143,1
29,146,304
29,149,110
29,156,467
29,158,377
29,162,450
29,163,563
29,164,388
29,166,189
29,171,386
29,173,113
29,175,75
29,176,478
29,182,222
29,186,121
29,190,280
29,204,430
29,206,132
29,208,394
29,209,150
29,216,401
29,217,593
29,223,75
29,227,45
29,228,140
29,230,301
29,234,82
29,247,517
29,252,404
29,253,67
29,260,47
29,262,569
29,265,414
29,272,226
29,273,468
29,279,336
29,283,109
29,287,333
30,3,13
30,6,442
30,9,423
30,10,124
30,11,348
30,12,542
30,13,264
30,14,50
30,15,69
30,16,36
30,17,503
30,19,391
30,21,581
30,23,442
30,25,336
30,26,272
30,27,257
30,28,110
30,33,274
30,34,477
30,36,530
30,38,354
30,39,150
30,41,268
30,42,479
30,44,239
30,45,209
30,46,393
30,47,583
30,48,308
30,49,446
30,51,194
30,53,421
30,55,517
30,56,477
30,57,141
30,58,160
30,59,466
30,60,384
30,62,287
30,63,591
30,65,360
30,70,251
30,71,366
30,74,302
30,76,464
30,83,65
30,86,516
30,91,544
30,95,298
30,97,491
30,102,271
30,108,124
30,114,116
30,116,302
30,120,200
30,122,517
30,123,598
30,125,281
30,126,318
30,128,375
30,130,593
30,139,548
30,142,143
30,144,288
30,148,217
30,153,41
30,157,513
30,164,221
30,169,268
30,171,66
30,173,322
30,179,47
30,182,600
30,185,265
30,201,22
30,215,191
30,218,476
30,221,333
30,222,124
30,231,173
30,236,107
30,237,200
30,260,331
30,262,347
30,271,129
30,273,208
30,274,439
30,280,85
30,289,107
30,298,64
31,1,66
31,5,203
31,7,35
31,9,547
31,11,164
31,13,96
31,14,153
31,15,310
31,16,28
31,18,164
31,19,146
31,20,390
31,21,382
31,22,467
31,24,257
31,26,328
31,28,571
31,29,249
31,32,590
31,33,371
31,34,391
31,35,121
31,37,438
31,38,425
31,39,192
31,40,204
31,41,217
31,43,425
31,44,237
31,47,321
31,48,86
31,52,33
31,53,154
31,54,350
31,57,211
31,58,190
31,60,234
31,61,383
31,62,293
31,63,385
31,65,45
31,66,102
31,68,442
31,70,393
31,73,406
31,75,448
31,76,138
31,79,557
31,80,529
31,81,273
31,85,327
31,87,446
31,89,439
31,90,209
31,91,510
31,93,567
31,94,206
31,97,520
31,102,548
31,105,377
31,107,554
31,108,76
31,110,545
31,112,587
31,113,568
31,115,270
31,119,255
31,122,283
31,125,579
31,127,400
31,129,379
31,130,293
31,131,153
31,132,263
31,135,79
31,136,444
31,145,323
31,151,56
31,155,373
31,156,358
31,158,259
31,165,197
31,167,218
31,172,216
31,178,220
31,181,415
31,183,578
31,188,419
31,199,57
31,203,489
31,205,538
31,206,424
31,209,435
31,212,373
31,213,225
31,218,309
31,223,172
31,225,112
31,239,428
31,241,552
31,243,178
31,252,83
31,253,591
31,257,463
31,259,384
31,263,461
31,266,62
31,268,477
31,269,466
31,270,21
31,271,401
31,272,241
31,273,274
31,277,428
31,299,174
32,2,452
32,3,16
32,4,110
32,8,99
32,9,261
32,10,312
32,12,544
32,13,421
32,14,21
32,15,87
32,16,5
32,17,529
32,18,535
32,20,517
32,21,249
32,22,291
32,23,289
32,24,425
32,26,598
32,28,417
32,29,301
32,31,590
32,34,152
32,35,118
32,36,168
32,37,289
32,38,574
32,40,535
32,41,188
32,43,106
32,45,69
32,46,533
32,47,146
32,48,521
32,49,147
32,51,348
32,52,232
32,53,539
32,55,319
32,57,363
32,58,188
32,59,507
32,60,405
32,61,14
32,63,575
32,64,407
32,65,452
32,66,243
32,67,299
32,69,8
32,73,512
32,74,213
32,76,124
32,78,547
32,80,1
32,83,30
32,84,507
32,85,118
32,88,15
32,91,34
32,93,482
32,95,556
32,97,403
32,98,578
32,99,413
32,100,348
32,108,89
32,111,556
32,112,519
32,114,306
32,118,443
32,121,359
32,124,54
32,126,430
32,128,552
32,129,593
32,131,403
32,132,427
32,133,118
32,141,72
32,146,531
32,152,290
32,153,325
32,154,253
32,155,265
32,159,357
32,160,397
32,162,51
32,164,547
32,165,482
32,169,384
32,171,388
32,174,163
32,181,205
32,184,292
32,194,252
32,195,328
32,197,562
32,204,291
32,206,501
32,209,324
32,210,432
32,211,498
32,217,100
32,218,409
32,222,80
32,223,61
32,239,399
32,240,209
32,242,19
32,247,82
32,249,587
32,263,336
32,271,583
32,287,213
32,294,488
33,3,368
33,4,565
33,6,113
33,8,91
33,9,310
33,10,359
33,11,468
33,12,407
33,13,445
33,14,506
33,16,156
33,17,92
33,18,501
33,19,416
33,22,403
33,24,507
33,25,212
33,26,313
33,27,176
33,28,71
33,29,104
33,30,274
33,31,371
33,34,154
33,37,47
33,38,293
33,40,511
33,42,200
33,43,347
33,45,452
33,46,407
33,47,451
33,48,187
33,50,35
33,53,134
33,54,538
33,55,136
33,57,67
33,59,398
33,61,294
33,62,91
33,63,247
33,64,445
33,65,335
33,66,347
33,68,436
33,69,458
33,70,463
33,71,506
33,75,388
33,78,579
33,79,415
33,81,118
33,82,48
33,83,507
33,87,486
33,88,201
33,89,349
33,96,264
33,99,207
33,101,63
33,102,539
33,104,465
33,107,199
33,108,304
33,109,553
33,110,236
33,114,228
33,115,43
33,121,525
33,123,387
33,124,380
33,128,356
33,133,575
33,134,344
33,136,52
33,137,243
33,138,365
33,140,372
33,145,27
33,146,253
33,149,355
33,152,369
33,153,148
33,157,202
33,158,224
33,169,455
33,174,173
33,176,529
33,181,48
33,188,129
33,189,119
33,192,495
33,194,588
33,210,78
33,219,32
33,228,314
33,231,112
33,234,352
33,244,340
33,250,535
33,257,511
33,258,176
33,259,490
33,261,419
33,262,210
33,265,471
33,266,513
33,268,150
33,271,162
33,272,530
33,274,399
33,275,542
33,282,409
33,283,5
33,285,201
33,295,267
33,299,31
34,1,54
34,3,509
34,4,587
34,5,407
34,10,53
34,12,119
34,13,480
34,14,101
34,16,516
34,17,443
34,18,182
34,21,345
34,22,509
34,23,118
34,24,357
34,25,502
34,27,325
34,28,43
34,30,477
34,31,391
34,32,152
34,33,154
34,35,6
34,36,205
34,38,202
34,39,524
34,41,421
34,42,466
34,43,556
34,44,463
34,46,411
34,47,253
34,48,412
34,51,506
34,52,19
34,54,456
34,55,219
34,58,403
34,59,99
34,61,428
34,63,597
34,64,9
34,67,463
34,68,496
34,69,154
34,71,476
34,73,537
34,75,166
34,77,24
34,86,27
34,91,411
34,93,377
34,97,337
34,98,221
34,100,217
34,105,503
34,106,392
34,108,231
34,111,46
34,113,359
34,115,339
34,122,178
34,126,341
34,128,329
34,129,464
34,131,53
34,133,404
34,134,246
34,137,494
34,140,328
34,148,108
34,150,86
34,152,391
34,153,229
34,157,443
34,159,553
34,160,49
34,161,36
34,164,279
34,166,53
34,167,105
34,170,346
34,172,130
34,180,267
34,185,587
34,193,498
34,195,329
34,207,363
34,214,391
34,216,122
34,223,236
34,232,229
34,243,468
34,247,598
34,250,101
34,251,525
34,257,150
34,275,278
34,276,406
34,280,59
34,282,108
34,287,225
34,288,119
34,289,203
34,299,597
35,2,334
35,3,283
35,4,100
35,5,83
35,6,123
35,7,49
35,9,135
35,13,222
35,16,475
35,19,437
35,20,490
35,21,38
35,22,104
35,23,139
35,24,83
35,25,122
35,26,533
35,28,368
35,29,589
35,31,121
35,32,118
35,34,6
35,36,461
35,37,313
35,39,581
35,40,295
35,41,245
35,42,435
35,43,462
35,44,427
35,45,538
35,46,299
35,47,456
35,48,555
35,52,27
35,54,368
35,55,277
35,57,229
35,58,434
35,59,379
35,60,255
35,61,16
35,63,190
35,68,92
35,70,75
35,72,319
35,74,577
35,76,472
35,77,532
35,78,14
35,79,124
35,81,529
35,83,93
35,85,131
35,89,555
35,92,22
35,93,342
35,99,421
35,103,217
35,104,466
35,105,219
35,108,411
35,112,53
35,113,327
35,115,122
35,117,583
35,119,248
35,120,538
35,122,394
35,125,259
35,128,230
35,131,409
35,134,119
35,139,111
35,144,8
35,147,489
35,148,194
35,151,423
35,152,509
35,153,232
35,158,290
35,166,193
35,168,315
35,171,208
35,173,303
35,174,418
35,175,255
35,180,104
35,189,431
35,204,21
35,213,549
35,216,136
35,219,144
35,229,419
35,255,259
35,262,215
35,263,157
35,265,190
35,267,82
35,272,220
35,273,248
35,278,466
35,284,558
35,285,315
35,287,30
35,294,224
35,299,439
35,300,211
36,4,290
36,5,531
36,6,81
36,7,387
36,8,329
36,10,184
36,11,572
36,16,198
36,17,342
36,18,190
36,19,29
36,20,332
36,22,423
36,23,490
36,24,366
36,25,153
36,27,82
36,28,192
36,29,181
36,30,530
36,32,168
36,34,205
36,35,461
36,37,262
36,38,34
36,39,264
36,42,232
36,43,493
36,44,229
36,45,63
36,46,28
36,47,263
36,48,547
36,49,212
36,50,68
36,53,442
36,54,152
36,58,574
36,59,346
36,61,559
36,62,94
36,67,26
36,72,362
36,73,441
36,74,522
36,77,182
36,78,534
36,80,349
36,82,185
36,85,477
36,90,199
36,92,14
36,94,63
36,98,219
36,101,396
36,103,268
36,107,96
36,109,349
36,113,548
36,114,285
36,120,244
36,122,590
36,123,517
36,124,422
36,125,310
36,131,214
36,133,48
36,144,52
36,152,263
36,153,48
36,154,111
36,157,109
36,160,399
36,162,147
36,163,287
36,166,241
36,176,119
36,179,121
36,185,318
36,187,566
36,190,434
36,192,97
36,193,38
36,194,307
36,195,290
36,202,29
36,215,437
36,217,529
36,220,115
36,222,437
36,223,445
36,224,253
36,225,130
36,228,294
36,236,408
36,237,503
36,245,374
36,270,475
36,272,108
36,276,89
36,285,10
37,3,50
37,4,327
37,6,101
37,10,386
37,13,116
37,14,206
37,16,32
37,20,234
37,21,193
37,22,105
37,23,571
37,24,364
37,25,317
37,26,95
37,27,233
37,28,358
37,31,438
37,32,289
37,33,47
37,35,313
37,36,262
37,38,93
37,40,501
37,41,212
37,42,64
37,46,157
37,49,219
37,53,520
37,54,199
37,55,301
37,56,526
37,58,287
37,60,154
37,62,192
37,65,42
37,66,548
37,69,30
37,72,165
37,73,554
37,74,508
37,76,539
37,77,420
37,83,344
37,84,24
37,85,212
37,88,481
37,90,139
37,92,479
37,93,549
37,96,482
37,97,251
37,101,217
37,103,369
37,108,242
37,109,385
37,113,341
37,115,176
37,118,182
37,125,160
37,128,350
37,131,303
37,132,183
37,136,347
37,137,381
37,149,206
37,150,314
37,155,597
37,156,215
37,159,46
37,165,459
37,169,492
37,171,405
37,174,90
37,187,64
37,188,335
37,193,508
37,198,549
37,199,148
37,201,402
37,204,73
37,210,111
37,214,68
37,243,213
37,245,184
37,251,537
37,253,214
37,256,335
37,261,301
37,287,547
37,288,162
37,295,469
37,300,67
38,1,264
38,2,363
38,3,389
38,6,223
38,7,65
38,9,237
38,10,141
38,12,193
38,16,101
38,17,322
38,19,7
38,20,87
38,23,291
38,25,101
38,28,208
38,29,409
38,30,354
38,31,425
38,32,574
38,33,293
38,34,202
38,36,34
38,37,93
38,39,428
38,41,416
38,42,384
38,44,578
38,45,206
38,46,244
38,47,114
38,49,80
38,50,310
38,51,198
38,52,436
38,55,188
38,57,70
38,58,209
38,59,374
38,60,36
38,61,7
38,62,351
38,63,103
38,65,56
38,69,26
38,70,174
38,71,352
38,73,227
38,74,355
38,76,109
38,77,294
38,80,585
38,81,536
38,83,554
38,86,231
38,88,302
38,91,133
38,93,61
38,95,462
38,100,478
38,103,564
38,104,37
38,105,324
38,106,309
38,107,587
38,109,204
38,110,26
38,111,561
38,115,538
38,117,538
38,118,533
38,120,366
38,125,273
38,126,587
38,127,138
38,128,479
38,130,565
38,134,518
38,137,19
38,143,419
38,145,18
38,152,405
38,154,73
38,163,207
38,164,482
38,166,591
38,175,103
38,178,59
38,180,285
38,183,157
38,185,546
38,189,7
38,192,327
38,194,237
38,200,30
38,201,114
38,203,469
38,206,185
38,229,459
38,230,70
38,237,200
38,242,296
38,248,456
38,253,229
38,256,78
38,259,136
38,270,598
38,272,198
38,274,275
38,277,448
38,279,246
38,281,266
38,284,473
38,290,187
38,294,184
39,1,192
39,3,255
39,6,580
39,8,191
39,9,49
39,10,244
39,11,171
39,12,547
39,14,370
39,16,143
39,17,193
39,18,321
39,19,20
39,20,440
39,22,266
39,23,417
39,24,540
39,25,516
39,27,291
39,30,150
39,31,192
39,34,524
39,35,581
39,36,264
39,38,428
39,43,335
39,44,540
39,45,588
39,47,380
39,48,599
39,49,95
39,50,447
39,53,464
39,56,327
39,57,305
39,59,183
39,60,380
39,61,331
39,62,398
39,64,370
39,65,108
