source,target,weight
1,2,182
1,4,296
1,5,315
1,6,472
1,7,1
1,8,47
1,9,79
1,10,540
1,11,273
1,12,135
1,13,350
1,14,596
1,21,244
1,30,111
1,34,94
1,42,64
1,45,584
1,55,265
1,70,18
1,84,10
1,87,130
1,111,308
1,131,367
1,134,273
1,165,591
1,186,298
1,250,393
1,252,25
1,275,60
2,1,182
2,3,60
2,5,176
2,6,420
2,8,3
2,10,301
2,11,526
2,13,584
2,24,241
2,26,58
2,30,375
2,34,420
2,41,313
2,54,260
2,57,104
2,62,153
2,74,73
2,96,429
2,154,571
2,178,67
2,237,295
2,280,491
3,2,60
3,4,399
3,5,159
3,6,387
3,7,382
3,11,252
3,13,300
3,16,516
3,19,340
3,25,211
3,38,63
3,40,34
3,45,244
3,49,398
3,63,543
3,85,97
3,87,483
3,122,463
3,191,231
3,204,237
3,211,332
3,213,466
3,239,108
3,241,436
4,1,296
4,3,399
4,5,267
4,7,94
4,8,388
4,11,53
4,14,334
4,15,299
4,16,390
4,22,254
4,23,135
4,31,508
4,38,421
4,40,476
4,60,550
4,67,460
4,81,395
4,85,563
4,99,361
4,114,442
4,122,176
4,166,590
4,220,179
4,239,329
4,247,484
4,262,30
4,263,505
4,289,233
5,1,315
5,2,176
5,3,159
5,4,267
5,6,255
5,10,415
5,14,424
5,23,592
5,25,218
5,27,478
5,32,338
5,36,148
5,38,438
5,40,266
5,71,272
5,100,573
5,101,468
5,118,28
5,123,193
5,168,343
5,238,299
6,1,472
6,2,420
6,3,387
6,5,255
6,7,494
6,9,360
6,11,554
6,12,31
6,13,192
6,14,27
6,16,467
6,24,375
6,27,484
6,35,244
6,40,178
6,43,504
6,45,103
6,49,548
6,107,298
6,153,559
6,155,221
6,168,62
6,170,491
6,235,81
6,291,279
7,1,1
7,3,382
7,4,94
7,6,494
7,8,498
7,9,516
7,12,411
7,19,52
7,28,476
7,29,101
7,31,219
7,48,183
7,49,250
7,59,261
7,83,582
7,87,26
7,88,293
7,111,148
7,115,238
7,157,398
7,180,566
7,256,231
8,1,47
8,2,3
8,4,388
8,7,498
8,10,204
8,13,330
8,15,512
8,16,75
8,20,24
8,22,16
8,31,290
8,35,550
8,45,379
8,52,319
8,101,154
8,133,546
8,162,132
8,165,563
8,254,347
8,292,82
9,1,79
9,6,360
9,7,516
9,10,517
9,12,362
9,18,55
9,19,149
9,21,304
9,27,339
9,63,413
9,71,122
9,73,412
9,87,358
9,92,535
9,112,585
9,140,294
9,159,4
9,199,583
9,202,120
9,207,546
9,218,46
9,241,272
9,254,219
9,297,6
10,1,540
10,2,301
10,5,415
10,8,204
10,9,517
10,12,498
10,14,392
10,16,62
10,17,86
10,22,245
10,30,258
10,33,261
10,34,143
10,41,166
10,42,507
10,43,123
10,45,499
10,65,133
10,149,187
10,169,99
10,175,314
10,245,318
10,256,459
11,1,273
11,2,526
11,3,252
11,4,53
11,6,554
11,15,542
11,18,564
11,20,332
11,21,68
11,23,530
11,33,403
11,58,356
11,64,208
11,82,568
11,90,62
11,91,71
11,147,268
11,162,444
11,176,220
11,184,288
11,197,434
11,242,119
12,1,135
12,6,31
12,7,411
12,9,362
12,10,498
12,13,406
12,17,371
12,21,400
12,23,304
12,27,357
12,28,80
12,31,286
12,36,390
12,37,88
12,42,292
12,43,204
12,48,351
12,52,219
12,83,52
12,93,312
12,132,426
12,154,291
12,161,226
12,205,160
12,217,69
13,1,350
13,2,584
13,3,300
13,6,192
13,8,330
13,12,406
13,17,551
13,19,172
13,22,586
13,29,252
13,43,536
13,60,551
13,94,422
13,123,438
13,138,252
13,141,386
13,142,30
13,152,353
13,172,41
13,253,184
13,263,113
14,1,596
14,4,334
14,5,424
14,6,27
14,10,392
14,15,435
14,17,443
14,18,148
14,19,522
14,24,76
14,25,199
14,28,568
14,30,588
14,34,22
14,63,465
14,79,353
14,105,214
14,112,282
14,151,194
14,153,71
14,154,536
14,200,480
14,233,392
14,262,407
15,4,299
15,8,512
15,11,542
15,14,435
15,16,401
15,17,520
15,26,145
15,28,448
15,31,589
15,37,140
15,49,141
15,52,149
15,55,110
15,66,77
15,74,109
15,102,562
15,146,597
16,3,516
16,4,390
16,6,467
16,8,75
16,10,62
16,15,401
16,17,331
16,18,111
16,20,293
16,21,598
16,30,485
16,35,519
16,51,88
16,52,292
16,56,298
16,59,57
16,71,50
16,83,275
16,86,224
16,103,258
16,209,324
16,249,495
17,10,86
17,12,371
17,13,551
17,14,443
17,15,520
17,16,331
17,18,540
17,22,58
17,27,436
17,29,328
17,33,21
17,36,130
17,60,306
17,67,240
17,84,168
17,86,413
17,128,507
17,130,253
17,164,281
17,210,372
17,221,453
17,231,53
17,244,62
17,298,163
18,9,55
18,11,564
18,14,148
18,16,111
18,17,540
18,20,504
18,21,27
18,23,339
18,26,562
18,28,183
18,32,264
18,41,445
18,52,304
18,54,279
18,62,463
18,66,39
18,70,424
18,136,514
18,173,77
18,193,393
18,206,394
18,230,573
18,235,309
18,252,242
18,263,516
18,273,534
19,3,340
19,7,52
19,9,149
19,13,172
19,14,522
19,31,7
19,44,84
19,46,309
19,47,51
19,50,105
19,65,219
19,94,132
19,106,233
19,201,63
19,296,105
20,8,24
20,11,332
20,16,293
20,18,504
20,24,31
20,30,165
20,33,565
20,37,214
20,39,236
20,73,431
20,82,105
20,103,323
20,129,446
20,130,398
21,1,244
21,9,304
21,11,68
21,12,400
21,16,598
21,18,27
21,23,399
21,25,234
21,29,390
21,43,394
21,51,440
21,70,44
21,100,300
21,122,143
21,133,542
21,150,244
21,161,399
21,171,287
21,180,363
21,197,189
21,207,478
21,210,590
21,246,570
21,253,100
22,4,254
22,8,16
22,10,245
22,13,586
22,17,58
22,25,30
22,43,307
22,44,166
22,58,66
22,59,578
22,90,352
22,97,574
22,108,443
22,129,360
22,142,420
22,149,289
23,4,135
23,5,592
23,11,530
23,12,304
23,18,339
23,21,399
23,24,273
23,26,288
23,29,91
23,41,180
23,46,298
23,56,557
23,62,417
23,68,183
23,70,193
23,72,38
23,78,65
23,82,102
23,84,446
23,95,182
23,104,498
23,116,24
23,127,328
23,155,103
23,248,408
24,2,241
24,6,375
24,14,76
24,20,31
24,23,273
24,27,407
24,32,553
24,33,98
24,37,294
24,38,208
24,42,505
24,48,423
24,59,534
24,62,231
24,72,327
24,73,19
24,92,344
24,98,205
24,100,558
24,102,71
24,106,181
24,135,113
24,159,6
24,161,256
24,231,47
24,273,522
25,3,211
25,5,218
25,14,199
25,21,234
25,22,30
25,26,43
25,36,379
25,50,129
25,67,108
25,71,160
25,97,467
25,98,416
25,114,480
25,130,310
25,131,300
25,160,358
25,165,329
25,194,235
25,207,178
25,214,321
25,242,396
25,259,436
26,2,58
26,15,145
26,18,562
26,23,288
26,25,43
26,28,593
26,32,197
26,44,564
26,46,173
26,56,160
26,62,446
26,66,435
26,67,66
26,72,211
26,76,484
26,122,276
26,138,82
26,146,368
26,150,412
26,169,433
26,174,176
26,220,393
26,291,243
27,5,478
27,6,484
27,9,339
27,12,357
27,17,436
27,24,407
27,38,105
27,41,40
27,42,468
27,47,511
27,48,81
27,54,214
27,61,574
27,64,181
27,89,355
27,97,528
27,227,263
27,260,462
27,277,155
28,7,476
28,12,80
28,14,568
28,15,448
28,18,183
28,26,593
28,41,5
28,47,92
28,56,177
28,147,290
28,207,234
29,7,101
29,13,252
29,17,328
29,21,390
29,23,91
29,48,326
29,58,164
29,78,84
29,85,121
29,89,318
29,92,69
29,119,385
29,137,169
29,160,171
29,172,117
29,185,283
29,192,4
29,205,491
30,1,111
30,2,375
30,10,258
30,14,588
30,16,485
30,20,165
30,47,326
30,50,519
30,51,303
30,90,255
30,104,310
30,110,219
30,128,143
30,137,306
30,201,197
30,247,103
30,257,389
31,4,508
31,7,219
31,8,290
31,12,286
31,15,589
31,19,7
31,35,256
31,37,133
31,44,325
31,60,133
31,68,319
31,78,232
31,128,498
31,183,487
31,216,329
31,226,289
31,245,594
31,272,217
31,295,233
32,5,338
32,18,264
32,24,553
32,26,197
32,33,288
32,47,244
32,53,545
32,64,251
32,105,478
32,133,173
32,166,439
32,176,68
32,202,494
32,234,107
32,276,28
32,282,142
32,290,423
33,10,261
33,11,403
33,17,21
33,20,565
33,24,98
33,32,288
33,35,214
33,36,17
33,37,456
33,56,571
33,59,87
33,68,355
33,70,433
33,75,232
33,148,40
33,161,545
33,163,258
33,210,279
33,229,454
33,286,236
34,1,94
34,2,420
34,10,143
34,14,22
34,51,427
34,53,395
34,61,500
34,65,126
34,83,454
34,92,125
34,103,309
34,155,163
34,173,219
34,176,429
34,290,573
35,6,244
35,8,550
35,16,519
35,31,256
35,33,214
35,39,483
35,40,41
35,50,486
35,53,494
35,63,519
35,100,558
35,101,115
35,116,309
35,117,533
35,168,483
35,194,420
35,251,530
35,253,455
36,5,148
36,12,390
36,17,130
36,25,379
36,33,17
36,38,134
36,58,285
36,69,581
36,89,159
36,151,158
36,152,396
36,153,289
36,159,547
36,172,207
36,189,235
36,208,576
36,255,548
37,12,88
37,15,140
37,20,214
37,24,294
37,31,133
37,33,456
37,44,141
37,49,58
37,51,279
37,53,454
37,55,384
37,59,383
37,61,497
37,66,6
37,84,145
37,88,545
37,114,215
37,152,461
37,287,361
38,3,63
38,4,421
38,5,438
38,24,208
38,27,105
38,36,134
38,40,184
38,57,165
38,63,521
38,99,37
38,133,431
38,222,123
38,230,349
38,288,443
39,20,236
39,35,483
39,45,248
39,75,356
39,86,136
39,89,73
39,104,445
39,186,352
39,192,361
39,236,550
40,3,34
40,4,476
40,5,266
40,6,178
40,35,41
40,38,184
40,46,80
40,47,571
40,49,366
40,51,321
40,74,555
40,80,147
40,94,89
40,108,506
40,110,359
40,158,45
40,188,425
40,267,508
41,2,313
41,10,166
41,18,445
41,23,180
41,27,40
41,28,5
41,42,34
41,53,455
41,54,503
41,60,415
41,62,323
41,65,555
41,68,12
41,75,147
41,76,363
41,77,369
41,81,82
41,93,435
41,96,23
41,106,435
41,148,551
41,160,495
41,163,132
41,171,99
41,179,544
41,205,367
41,241,103
41,294,56
42,1,64
42,10,507
42,12,292
42,24,505
42,27,468
42,41,34
42,60,153
42,68,406
42,78,454
42,97,368
42,102,549
42,124,430
42,143,311
42,232,371
42,269,257
43,6,504
43,10,123
43,12,204
43,13,536
43,21,394
43,22,307
43,50,516
43,56,236
43,81,339
43,99,383
43,185,578
43,253,135
43,277,160
44,19,84
44,22,166
44,26,564
44,31,325
44,37,141
44,50,594
44,57,227
44,63,472
44,68,473
44,90,410
44,95,396
44,97,148
44,111,309
44,147,40
44,156,519
44,182,261
44,194,8
44,229,229
44,241,211
45,1,584
45,3,244
45,6,103
45,8,379
45,10,499
45,39,248
45,46,475
45,54,351
45,67,32
45,77,166
45,79,595
45,110,326
45,111,264
45,141,47
45,285,487
45,299,227
46,19,309
46,23,298
46,26,173
46,40,80
46,45,475
46,52,400
46,53,280
46,69,557
46,70,492
46,80,536
46,90,28
46,101,68
46,115,159
46,120,388
46,141,77
46,164,72
46,178,291
46,179,177
47,19,51
47,27,511
47,28,92
47,30,326
47,32,244
47,40,571
47,48,262
47,93,267
47,96,274
47,101,291
47,110,390
47,117,125
47,164,285
47,190,361
47,237,295
47,239,559
47,246,74
48,7,183
48,12,351
48,24,423
48,27,81
48,29,326
48,47,262
48,64,325
48,69,180
48,80,190
48,101,509
48,107,584
48,125,288
48,146,419
48,149,286
48,199,556
48,204,410
48,248,529
49,3,398
49,6,548
49,7,250
49,15,141
49,37,58
49,40,366
49,54,210
49,55,444
49,65,50
49,66,477
49,71,215
49,146,336
49,150,89
49,170,355
49,189,20
49,192,484
49,193,528
49,201,261
49,227,167
49,268,338
49,292,557
49,297,126
50,19,105
50,25,129
50,30,519
50,35,486
50,43,516
50,44,594
50,58,184
50,92,406
50,96,223
50,108,508
50,151,503
50,195,442
50,287,471
51,16,88
51,21,440
51,30,303
51,34,427
51,37,279
51,40,321
51,55,506
51,61,287
51,78,234
51,109,339
51,128,579
51,132,370
51,136,336
51,150,20
51,153,497
51,159,244
51,208,469
51,243,274
51,276,430
52,8,319
52,12,219
52,15,149
52,16,292
52,18,304
52,46,400
52,55,504
52,57,242
52,102,148
52,109,500
52,163,587
52,214,221
52,236,414
52,253,90
52,270,403
53,32,545
53,34,395
53,35,494
53,37,454
53,41,455
53,46,280
53,80,316
53,98,585
53,122,52
53,132,389
53,142,456
53,157,372
53,189,78
53,225,227
53,238,375
53,296,380
54,2,260
54,18,279
54,27,214
54,41,503
54,45,351
54,49,210
54,61,296
54,64,193
54,81,406
54,91,426
54,97,120
54,162,310
54,166,301
54,169,503
54,175,376
54,291,398
55,1,265
55,15,110
55,37,384
55,49,444
55,51,506
55,52,504
55,58,145
55,65,186
55,67,554
55,86,53
55,88,62
55,93,25
55,95,154
55,129,527
55,172,106
55,194,68
55,232,590
55,249,430
56,16,298
56,23,557
56,26,160
56,28,177
56,33,571
56,43,236
56,57,249
56,72,71
56,75,472
56,89,594
56,102,276
56,108,44
56,129,237
56,202,543
56,236,322
56,242,274
57,2,104
57,38,165
57,44,227
57,52,242
57,56,249
57,77,144
57,83,48
57,116,174
57,118,107
57,120,569
57,124,421
58,11,356
58,22,66
58,29,164
58,36,285
58,50,184
58,55,145
58,66,133
58,78,517
58,88,39
58,145,462
58,187,505
58,192,128
58,220,54
59,7,261
59,16,57
59,22,578
59,24,534
59,33,87
59,37,383
59,80,8
59,88,258
59,91,430
59,96,477
59,143,135
59,145,561
59,167,236
59,245,249
59,263,534
60,4,550
60,13,551
60,17,306
60,31,133
60,41,415
60,42,153
60,61,118
60,64,295
60,76,192
60,82,462
60,92,142
60,98,393
60,119,367
60,144,298
60,145,479
60,157,470
60,209,37
60,223,380
60,268,195
61,27,574
61,34,500
61,37,497
61,51,287
61,54,296
61,60,118
61,148,187
61,151,279
61,163,478
61,184,204
61,265,37
62,2,153
62,18,463
62,23,417
62,24,231
62,26,446
62,41,323
62,79,21
62,98,584
62,107,361
62,114,552
62,118,105
62,137,541
62,154,417
62,158,211
62,165,338
62,174,415
62,233,582
62,296,180
63,3,543
63,9,413
63,14,465
63,35,519
63,38,521
63,44,472
63,69,385
63,90,64
63,99,531
63,113,24
63,212,290
64,11,208
64,27,181
64,32,251
64,48,325
64,54,193
64,60,295
64,74,502
64,85,378
64,116,13
64,188,187
64,191,329
64,219,60
64,256,369
64,278,30
64,283,594
65,10,133
65,19,219
65,34,126
65,41,555
65,49,50
65,55,186
65,76,543
65,91,264
65,93,418
65,118,87
65,121,12
65,134,91
65,139,364
65,169,523
65,170,388
66,15,77
66,18,39
66,26,435
66,37,6
66,49,477
66,58,133
66,73,18
66,174,54
66,180,150
66,195,219
66,199,100
66,245,426
67,4,460
67,17,240
67,25,108
67,26,66
67,45,32
67,55,554
67,69,198
67,72,509
67,73,283
67,77,331
67,84,253
67,95,24
67,104,259
67,127,329
67,173,218
67,204,142
67,230,327
67,267,441
68,23,183
68,31,319
68,33,355
68,41,12
68,42,406
68,44,473
68,73,156
68,76,259
68,77,357
68,133,134
68,183,252
68,191,179
68,198,343
68,204,68
68,219,124
68,255,509
69,36,581
69,46,557
69,48,180
69,63,385
69,67,198
69,75,513
69,79,49
69,80,156
69,99,54
69,113,362
69,121,209
69,135,406
69,138,168
69,196,158
69,265,306
70,1,18
70,18,424
70,21,44
70,23,193
70,33,433
70,46,492
70,89,19
70,94,442
70,98,522
70,125,91
70,126,200
70,151,457
70,169,33
70,211,187
70,298,232
71,5,272
71,9,122
71,16,50
71,25,160
71,49,215
71,83,219
71,87,367
71,88,202
71,144,463
71,191,136
71,208,32
71,292,457
72,23,38
72,24,327
72,26,211
72,56,71
72,67,509
72,74,69
72,86,179
72,103,28
72,120,450
72,134,425
72,137,554
72,176,340
72,182,426
72,294,207
73,9,412
73,20,431
73,24,19
73,66,18
73,67,283
73,68,156
73,79,156
73,85,587
73,142,288
73,147,270
73,155,180
73,266,231
73,283,512
74,2,73
74,15,109
74,40,555
74,64,502
74,72,69
74,79,87
74,112,411
74,129,319
74,132,25
74,221,99
74,224,253
74,225,130
74,233,444
75,33,232
75,39,356
75,41,147
75,56,472
75,69,513
75,100,419
75,168,554
75,183,161
75,201,575
75,213,443
75,244,318
75,250,535
76,26,484
76,41,363
76,60,192
76,65,543
76,68,259
76,81,361
76,82,504
76,117,534
76,118,84
76,173,399
76,232,538
76,244,383
76,284,552
77,41,369
77,45,166
77,57,144
77,67,331
77,68,357
77,84,255
77,147,431
77,154,47
77,164,431
77,188,535
77,261,264
77,277,594
77,286,564
77,293,585
78,23,65
78,29,84
78,31,232
78,42,454
78,51,234
78,58,517
78,100,420
78,190,163
78,223,9
78,251,442
79,14,353
79,45,595
79,62,21
79,69,49
79,73,156
79,74,87
79,107,486
79,113,183
79,121,257
79,200,311
79,211,141
79,233,276
80,40,147
80,46,536
80,48,190
80,53,316
80,59,8
80,69,156
80,86,80
80,114,257
80,115,170
80,132,593
80,223,370
80,254,328
81,4,395
81,41,82
81,43,339
81,54,406
81,76,361
81,104,70
81,105,306
81,124,326
81,143,470
81,149,128
82,11,568
82,20,105
82,23,102
82,60,462
82,76,504
82,104,333
82,119,599
82,135,269
82,174,497
83,7,582
83,12,52
83,16,275
83,34,454
83,57,48
83,71,219
83,85,554
83,96,179
83,142,507
83,183,49
83,216,164
83,241,106
84,1,10
84,17,168
84,23,446
84,37,145
84,67,253
84,77,255
84,91,559
84,135,253
84,138,583
84,160,98
84,267,534
85,3,97
85,4,563
85,29,121
85,64,378
85,73,587
85,83,554
85,114,263
85,116,124
85,150,190
85,170,289
85,178,121
85,199,168
85,201,10
85,209,329
85,259,469
85,288,315
86,16,224
86,17,413
86,39,136
86,55,53
86,72,179
86,80,80
86,131,396
86,132,309
86,145,418
86,199,479
86,208,122
86,281,15
86,286,389
86,290,567
87,1,130
87,3,483
87,7,26
87,9,358
87,71,367
87,94,363
87,126,154
87,140,141
87,225,305
87,246,31
87,270,508
87,283,57
87,287,234
88,7,293
88,37,545
88,55,62
88,58,39
88,59,258
88,71,202
88,91,42
88,109,158
88,120,449
88,125,479
88,159,78
88,162,446
88,197,17
88,271,223
89,27,355
89,29,318
89,36,159
89,39,73
89,56,594
89,70,19
89,93,178
89,102,23
89,107,380
89,108,28
89,181,73
89,185,371
89,225,483
89,226,271
89,277,553
89,300,22
90,11,62
90,22,352
90,30,255
90,44,410
90,46,28
90,63,64
90,94,82
90,103,515
90,105,545
90,121,327
90,125,187
90,180,460
90,209,226
90,224,266
91,11,71
91,54,426
91,59,430
91,65,264
91,84,559
91,88,42
91,99,25
91,144,242
91,177,159
91,187,368
91,211,140
91,274,434
91,285,473
92,9,535
92,24,344
92,29,69
92,34,125
92,50,406
92,60,142
92,95,495
92,105,226
92,106,234
92,111,178
92,119,526
92,139,8
92,190,245
92,215,487
92,235,157
93,12,312
93,41,435
93,47,267
93,55,25
93,65,418
93,89,178
93,123,316
93,129,321
94,13,422
94,19,132
94,40,89
94,70,442
94,87,363
94,90,82
94,119,244
94,134,151
94,140,274
94,165,482
94,167,267
94,195,318
95,23,182
95,44,396
95,55,154
95,67,24
95,92,495
95,103,9
95,105,245
95,110,457
95,135,129
95,145,575
95,174,308
95,182,500
95,203,166
95,215,5
95,265,461
95,281,412
96,2,429
96,41,23
96,47,274
96,50,223
96,59,477
96,83,179
96,139,393
96,158,540
96,181,376
96,236,111
97,22,574
97,25,467
97,27,528
97,42,368
97,44,148
97,54,120
97,113,488
97,117,365
97,173,560
97,179,146
97,191,512
97,197,127
97,199,348
97,242,562
98,24,205
98,25,416
98,53,585
98,60,393
98,62,584
98,70,522
98,117,116
98,121,121
98,160,217
98,181,180
98,198,237
98,226,522
98,279,387
99,4,361
99,38,37
99,43,383
99,63,531
99,69,54
99,91,25
99,112,344
99,126,398
99,156,350
99,178,115
99,237,361
99,285,514
100,5,573
100,21,300
100,24,558
100,35,558
100,75,419
100,78,420
100,112,434
100,126,315
100,134,406
100,136,32
100,155,219
100,156,407
100,192,129
100,206,226
100,215,208
101,5,468
101,8,154
101,35,115
101,46,68
101,47,291
101,48,509
101,106,266
101,108,482
101,109,284
101,115,540
101,130,236
101,131,256
101,147,37
101,220,53
101,256,480
101,268,519
102,15,562
102,24,71
102,42,549
102,52,148
102,56,276
102,89,23
102,137,15
102,143,416
102,163,270
102,185,377
102,188,579
102,222,34
102,255,174
102,290,464
103,16,258
103,20,323
103,34,309
103,72,28
103,90,515
103,95,9
103,113,460
103,127,118
103,143,262
103,218,263
104,23,498
104,30,310
104,39,445
104,67,259
104,81,70
104,82,333
104,117,132
104,119,52
104,124,545
104,127,182
104,167,128
104,202,486
104,238,375
104,276,580
105,14,214
105,32,478
105,81,306
105,90,545
105,92,226
105,95,245
105,109,453
105,180,112
105,215,131
105,288,418
106,19,233
106,24,181
106,41,435
106,92,234
106,101,266
106,130,403
106,143,575
106,150,446
106,161,36
106,181,174
106,195,208
106,198,77
106,203,419
107,6,298
107,48,584
107,62,361
107,79,486
107,89,380
107,113,228
107,115,420
107,149,259
107,197,378
107,252,436
108,22,443
108,40,506
108,50,508
108,56,44
108,89,28
108,101,482
108,109,539
108,115,506
108,126,544
108,140,288
108,243,485
108,276,113
108,298,443
109,51,339
109,52,500
109,88,158
109,101,284
109,105,453
109,108,539
109,128,212
109,138,73
109,151,225
109,167,578
109,236,193
109,258,584
109,285,385
110,30,219
110,40,359
110,45,326
110,47,390
110,95,457
110,131,107
110,145,302
110,292,328
111,1,308
111,7,148
111,44,309
111,45,264
111,92,178
111,130,270
111,209,414
111,213,117
111,260,150
111,287,50
112,9,585
112,14,282
112,74,411
112,99,344
112,100,434
112,118,554
112,123,515
112,158,442
112,186,240
112,227,117
113,63,24
113,69,362
113,79,183
113,97,488
113,103,460
113,107,228
113,121,151
113,124,297
113,127,238
113,134,409
113,189,582
113,217,416
113,228,535
113,229,238
113,239,234
114,4,442
114,25,480
114,37,215
114,62,552
114,80,257
114,85,263
114,123,419
114,125,92
114,135,260
114,141,397
114,157,145
114,196,159
115,7,238
115,46,159
115,80,170
115,101,540
115,107,420
115,108,506
115,116,286
115,120,116
115,136,219
115,164,180
115,171,141
115,196,284
115,200,123
116,23,24
116,35,309
116,57,174
116,64,13
116,85,124
116,115,286
116,136,86
116,148,309
116,227,99
116,251,174
116,275,272
117,35,533
117,47,125
117,76,534
117,97,365
117,98,116
117,104,132
117,148,442
117,158,100
117,175,12
117,186,272
118,5,28
118,57,107
118,62,105
118,65,87
118,76,84
118,112,554
118,123,273
118,124,47
118,127,286
118,162,89
118,179,200
118,189,236
118,193,214
118,248,144
118,275,360
118,284,247
119,29,385
119,60,367
119,82,599
119,92,526
119,94,244
119,104,52
119,152,55
119,222,41
119,231,263
119,238,318
120,46,388
120,57,569
120,72,450
120,88,449
120,115,116
120,141,213
120,205,159
120,207,172
120,211,443
120,212,592
120,232,437
120,249,176
121,65,12
121,69,209
121,79,257
121,90,327
121,98,121
121,113,151
121,139,496
122,3,463
122,4,176
122,21,143
122,26,276
122,53,52
122,137,154
122,166,116
122,215,72
122,239,73
123,5,193
123,13,438
123,93,316
123,112,515
123,114,419
123,118,273
123,125,397
123,156,240
123,178,519
123,195,418
123,212,392
123,297,372
124,42,430
124,57,421
124,81,326
124,104,545
124,113,297
124,118,47
124,172,147
124,190,323
124,210,206
124,212,432
124,284,447
124,298,469
125,48,288
125,70,91
125,88,479
125,90,187
125,114,92
125,123,397
125,131,127
125,163,483
125,223,173
125,235,94
125,297,417
126,70,200
126,87,154
126,99,398
126,100,315
126,108,544
126,173,487
126,184,425
126,188,194
126,238,311
126,257,302
126,273,504
126,293,525
127,23,328
127,67,329
127,103,118
127,104,182
127,113,238
127,118,286
127,139,250
127,144,529
127,167,8
127,175,152
127,187,43
127,249,464
127,262,151
128,17,507
128,30,143
128,31,498
128,51,579
128,109,212
128,140,314
128,294,252
129,20,446
129,22,360
129,55,527
129,56,237
129,74,319
129,93,321
129,133,437
129,140,545
129,181,249
129,215,388
129,216,28
129,217,447
129,224,174
129,252,385
129,262,270
129,268,408
130,17,253
130,20,398
130,25,310
130,101,236
130,106,403
130,111,270
130,196,578
130,256,241
130,293,533
130,300,231
131,1,367
131,25,300
131,86,396
131,101,256
131,110,107
131,125,127
131,144,17
131,149,354
131,269,373
132,12,426
132,51,370
132,53,389
132,74,25
132,80,593
132,86,309
132,153,213
132,183,539
132,200,135
132,242,58
132,274,171
132,278,231
132,281,232
133,8,546
133,21,542
133,32,173
133,38,431
133,68,134
133,129,437
133,154,385
133,203,512
133,221,217
133,239,493
134,1,273
134,65,91
134,72,425
134,94,151
134,100,406
134,113,409
134,171,89
134,269,408
135,24,113
135,69,406
135,82,269
135,84,253
135,95,129
135,114,260
135,146,273
135,152,50
135,259,132
136,18,514
136,51,336
136,100,32
136,115,219
136,116,86
136,155,523
136,185,185
136,187,172
136,209,87
136,262,217
136,272,307
137,29,169
137,30,306
137,62,541
137,72,554
137,102,15
137,122,154
137,138,163
137,139,183
137,153,179
137,156,565
137,181,409
137,184,442
137,205,211
137,217,323
138,13,252
138,26,82
138,69,168
138,84,583
138,109,73
138,137,163
138,142,221
138,169,231
138,228,400
139,65,364
139,92,8
139,96,393
139,121,496
139,127,250
139,137,183
139,146,493
139,148,69
139,162,55
139,166,97
139,194,63
139,261,422
139,271,249
139,272,7
140,9,294
140,87,141
140,94,274
140,108,288
140,128,314
140,129,545
140,193,440
140,224,94
140,291,340
141,13,386
141,45,47
141,46,77
141,114,397
141,120,213
141,158,436
141,165,591
141,212,111
141,251,538
141,257,511
141,287,310
142,13,30
142,22,420
142,53,456
142,73,288
142,83,507
142,138,221
142,161,456
143,42,311
143,59,135
143,81,470
143,102,416
143,103,262
143,106,575
143,160,314
143,182,411
143,268,125
143,296,157
144,60,298
144,71,463
144,91,242
144,127,529
144,131,17
144,174,42
144,204,236
145,58,462
145,59,561
145,60,479
145,86,418
145,95,575
145,110,302
145,157,397
145,188,271
145,222,497
145,243,295
146,15,597
146,26,368
146,48,419
146,49,336
146,135,273
146,139,493
146,240,189
146,244,249
146,293,392
147,11,268
147,28,290
147,44,40
147,73,270
147,77,431
147,101,37
147,186,507
147,193,141
147,214,409
147,234,149
147,235,9
147,289,80
148,33,40
148,41,551
148,61,187
148,116,309
148,117,442
148,139,69
148,179,116
148,260,230
149,10,187
149,22,289
149,48,286
149,81,128
149,107,259
149,131,354
149,159,215
149,229,197
149,283,337
149,290,45
150,21,244
150,26,412
150,49,89
150,51,20
150,85,190
150,106,446
150,164,234
150,175,540
150,190,375
150,240,36
150,285,255
151,14,194
151,36,158
151,50,503
151,61,279
151,70,457
151,109,225
151,170,596
151,216,177
151,254,239
152,13,353
152,36,396
152,37,461
152,119,55
152,135,50
152,156,379
152,176,379
152,195,122
152,214,527
152,243,437
152,271,410
152,299,166
153,6,559
153,14,71
153,36,289
153,51,497
153,132,213
153,137,179
153,166,57
153,175,481
153,227,34
153,279,507
154,2,571
154,12,291
154,14,536
154,62,417
154,77,47
154,133,385
154,177,101
154,183,114
154,198,491
154,200,536
155,6,221
155,23,103
155,34,163
155,73,180
155,100,219
155,136,523
155,168,153
155,255,339
156,44,519
156,99,350
156,100,407
156,123,240
156,137,565
156,152,379
156,182,72
156,198,134
157,7,398
157,53,372
157,60,470
157,114,145
157,145,397
157,171,292
157,191,276
157,202,578
157,216,265
157,244,264
158,40,45
158,62,211
158,96,540
158,112,442
158,117,100
158,141,436
158,178,185
158,184,250
158,186,87
158,187,207
158,220,450
158,259,299
158,271,521
158,291,43
159,9,4
159,24,6
159,36,547
159,51,244
159,88,78
159,149,215
159,168,470
159,171,530
159,202,27
159,270,340
160,25,358
160,29,171
160,41,495
160,84,98
160,98,217
160,143,314
160,230,421
160,253,493
160,293,340
161,12,226
161,21,399
161,24,256
161,33,545
161,106,36
161,142,456
161,170,69
161,229,225
161,233,277
162,8,132
162,11,444
162,54,310
162,88,446
162,118,89
162,139,55
162,180,510
162,213,30
162,224,555
163,33,258
163,41,132
163,52,587
163,61,478
163,102,270
163,125,483
163,177,534
163,221,577
164,17,281
164,46,72
164,47,285
164,77,431
164,115,180
164,150,234
164,258,398
164,264,40
165,1,591
165,8,563
165,25,329
165,62,338
165,94,482
165,141,591
165,172,7
165,177,442
165,182,248
165,203,598
166,4,590
166,32,439
166,54,301
166,122,116
166,139,97
166,153,57
166,203,474
166,214,351
166,234,564
166,249,589
166,257,344
166,258,85
167,59,236
167,94,267
167,104,128
167,109,578
167,127,8
167,185,289
168,5,343
168,6,62
168,35,483
168,75,554
168,155,153
168,159,470
168,266,135
168,281,461
168,286,190
169,10,99
169,26,433
169,54,503
169,65,523
169,70,33
169,138,231
169,198,465
169,222,435
169,225,138
169,265,503
170,6,491
170,49,355
170,65,388
170,85,289
170,151,596
170,161,69
170,206,234
170,228,164
170,257,537
170,283,346
170,295,366
171,21,287
171,41,99
171,115,141
171,134,89
171,157,292
171,159,530
171,177,209
171,243,170
171,251,234
171,258,104
171,269,25
172,13,41
172,29,117
172,36,207
172,55,106
172,124,147
172,165,7
172,176,97
172,282,109
173,18,77
173,34,219
173,67,218
173,76,399
173,97,560
173,126,487
173,179,248
173,237,325
173,241,223
173,276,357
173,278,562
173,280,541
174,26,176
174,62,415
174,66,54
174,82,497
174,95,308
174,144,42
174,207,299
174,208,98
174,294,384
174,297,385
175,10,314
175,54,376
175,117,12
175,127,152
175,150,540
175,153,481
175,177,554
175,205,393
175,247,374
175,272,9
176,11,220
176,32,68
176,34,429
176,72,340
176,152,379
176,172,97
176,184,57
176,194,246
176,218,309
176,219,508
176,230,311
176,240,457
176,267,7
176,273,462
177,91,159
177,154,101
177,163,534
177,165,442
177,171,209
177,175,554
177,196,497
177,206,191
177,259,553
177,272,536
178,2,67
178,46,291
178,85,121
178,99,115
178,123,519
178,158,185
178,237,412
179,41,544
179,46,177
179,97,146
179,118,200
179,148,116
179,173,248
179,226,382
180,7,566
180,21,363
180,66,150
180,90,460
180,105,112
180,162,510
180,187,232
180,222,82
180,252,528
180,289,582
180,295,446
181,89,73
181,96,376
181,98,180
181,106,174
181,129,249
181,137,409
182,44,261
182,72,426
182,95,500
182,143,411
182,156,72
182,165,248
182,245,49
182,255,552
183,31,487
183,68,252
183,75,161
183,83,49
183,132,539
183,154,114
183,218,206
183,221,57
183,228,66
183,236,412
183,266,214
184,11,288
184,61,204
184,126,425
184,137,442
184,158,250
184,176,57
184,226,236
184,250,45
185,29,283
185,43,578
185,89,371
185,102,377
185,136,185
185,167,289
185,237,96
186,1,298
186,39,352
186,112,240
186,117,272
186,147,507
186,158,87
186,196,585
186,200,73
186,203,576
186,248,319
186,261,4
187,58,505
187,91,368
187,127,43
187,136,172
187,158,207
187,180,232
188,40,425
188,64,187
188,77,535
188,102,579
188,126,194
188,145,271
188,197,123
188,234,449
189,36,235
189,49,20
189,53,78
189,113,582
189,118,236
189,221,524
189,299,289
190,47,361
190,78,163
190,92,245
190,124,323
190,150,375
190,248,597
191,3,231
191,64,329
191,68,179
191,71,136
191,97,512
191,157,276
191,192,277
191,235,27
191,268,221
191,274,65
191,290,260
192,29,4
192,39,361
192,49,484
192,58,128
192,100,129
192,191,277
192,279,565
193,18,393
193,49,528
193,118,214
193,140,440
193,147,141
193,201,589
193,223,420
193,234,56
193,256,14
194,25,235
194,35,420
194,44,8
194,55,68
194,139,63
194,176,246
194,240,63
194,258,82
194,271,90
194,299,150
195,50,442
195,66,219
195,94,318
195,106,208
195,123,418
195,152,122
195,206,268
195,260,236
196,69,158
196,114,159
196,115,284
196,130,578
196,177,497
196,186,585
196,232,1
196,264,308
196,288,229
196,292,479
197,11,434
197,21,189
197,88,17
197,97,127
197,107,378
197,188,123
197,210,316
197,213,441
197,275,375
198,68,343
198,98,237
198,106,77
198,154,491
198,156,134
198,169,465
198,204,309
198,211,408
198,228,438
198,240,524
198,262,200
199,9,583
199,48,556
199,66,100
199,85,168
199,86,479
199,97,348
199,208,453
199,217,600
199,278,136
199,289,343
200,14,480
200,79,311
200,115,123
200,132,135
200,154,536
200,186,73
200,249,199
200,273,41
200,282,129
201,19,63
201,30,197
201,49,261
201,75,575
201,85,10
201,193,589
201,206,534
201,272,419
201,299,44
202,9,120
202,32,494
202,56,543
202,104,486
202,157,578
202,159,27
202,216,111
202,219,352
203,95,166
203,106,419
203,133,512
203,165,598
203,166,474
203,186,576
203,227,58
203,263,183
204,3,237
204,48,410
204,67,142
204,68,68
204,144,236
204,198,309
204,224,417
204,246,67
204,260,300
204,286,44
204,295,181
205,12,160
205,29,491
205,41,367
205,120,159
205,137,211
205,175,393
205,213,313
205,217,444
205,218,179
205,225,580
205,232,279
206,18,394
206,100,226
206,170,234
206,177,191
206,195,268
206,201,534
206,210,330
207,9,546
207,21,478
207,25,178
207,28,234
207,120,172
207,174,299
207,231,193
207,267,251
207,274,298
207,280,448
208,36,576
208,51,469
208,71,32
208,86,122
208,174,98
208,199,453
208,266,132
208,293,449
209,16,324
209,60,37
209,85,329
209,90,226
209,111,414
209,136,87
210,17,372
210,21,590
210,33,279
210,124,206
210,197,316
210,206,330
210,255,549
210,277,574
211,3,332
211,70,187
211,79,141
211,91,140
211,120,443
211,198,408
211,223,536
212,63,290
212,120,592
212,123,392
212,124,432
212,141,111
212,246,347
212,250,190
213,3,466
213,75,443
213,111,117
213,162,30
213,197,441
213,205,313
213,233,524
213,258,251
213,284,431
214,25,321
214,52,221
214,147,409
214,152,527
214,166,351
215,92,487
215,95,5
215,100,208
215,105,131
215,122,72
215,129,388
215,260,238
216,31,329
216,83,164
216,129,28
216,151,177
216,157,265
216,202,111
216,219,293
216,261,275
216,275,448
216,281,364
216,284,250
217,12,69
217,113,416
217,129,447
217,137,323
217,199,600
217,205,444
217,219,235
217,234,347
217,288,595
218,9,46
218,103,263
218,176,309
218,183,206
218,205,179
218,261,528
219,64,60
219,68,124
219,176,508
219,202,352
219,216,293
219,217,235
219,220,205
219,264,95
219,266,299
219,278,547
220,4,179
220,26,393
220,58,54
220,101,53
220,158,450
220,219,205
220,285,439
221,17,453
221,74,99
221,133,217
221,163,577
221,183,57
221,189,524
221,261,74
221,265,51
222,38,123
222,102,34
222,119,41
222,145,497
222,169,435
222,180,82
222,230,64
222,231,478
223,60,380
223,78,9
223,80,370
223,125,173
223,193,420
223,211,536
223,244,562
223,254,223
223,282,192
224,74,253
224,90,266
224,129,174
224,140,94
224,162,555
224,204,417
224,243,42
224,247,502
224,264,449
224,279,524
225,53,227
225,74,130
225,87,305
225,89,483
225,169,138
225,205,580
225,274,142
225,280,567
225,282,584
226,31,289
226,89,271
226,98,522
226,179,382
226,184,236
226,238,186
226,245,208
226,283,593
227,27,263
227,49,167
227,112,117
227,116,99
227,153,34
227,203,58
227,228,17
227,300,345
228,113,535
228,138,400
228,170,164
228,183,66
228,198,438
228,227,17
228,229,272
228,251,25
229,33,454
229,44,229
229,113,238
229,149,197
229,161,225
229,228,272
229,231,512
229,247,373
229,276,69
230,18,573
230,38,349
230,67,327
230,160,421
230,176,311
230,222,64
230,242,443
230,266,172
231,17,53
231,24,47
231,119,263
231,207,193
231,222,478
231,229,512
232,42,371
232,55,590
232,76,538
232,120,437
232,196,1
232,205,279
232,296,39
233,14,392
233,62,582
233,74,444
233,79,276
233,161,277
233,213,524
233,240,318
233,299,409
234,32,107
234,147,149
234,166,564
234,188,449
234,193,56
234,217,347
235,6,81
235,18,309
235,92,157
235,125,94
235,147,9
235,191,27
235,250,324
235,270,557
236,39,550
236,52,414
236,56,322
236,96,111
236,109,193
236,183,412
236,246,287
236,300,599
237,2,295
237,47,295
237,99,361
237,173,325
237,178,412
237,185,96
237,288,542
238,5,299
238,53,375
238,104,375
238,119,318
238,126,311
238,226,186
238,248,227
238,271,76
238,289,459
239,3,108
239,4,329
239,47,559
239,113,234
239,122,73
239,133,493
239,250,565
239,257,451
239,265,588
240,146,189
240,150,36
240,176,457
240,194,63
240,198,524
240,233,318
240,286,202
241,3,436
241,9,272
241,41,103
241,44,211
241,83,106
241,173,223
241,247,452
241,277,568
241,296,140
242,11,119
242,25,396
242,56,274
242,97,562
242,132,58
242,230,443
243,51,274
243,108,485
243,145,295
243,152,437
243,171,170
243,224,42
243,295,444
244,17,62
244,75,318
244,76,383
244,146,249
244,157,264
244,223,562
244,259,386
244,264,517
245,10,318
245,31,594
245,59,249
245,66,426
245,182,49
245,226,208
245,252,426
245,280,429
246,21,570
246,47,74
246,87,31
246,204,67
246,212,347
246,236,287
246,282,551
247,4,484
247,30,103
247,175,374
247,224,502
247,229,373
247,241,452
247,275,564
248,23,408
248,48,529
248,118,144
248,186,319
248,190,597
248,238,227
248,278,540
249,16,495
249,55,430
249,120,176
249,127,464
249,166,589
249,200,199
249,270,455
249,294,60
250,1,393
250,75,535
250,184,45
250,212,190
250,235,324
250,239,565
250,295,76
251,35,530
251,78,442
251,116,174
251,141,538
251,171,234
251,228,25
252,1,25
252,18,242
252,107,436
252,129,385
252,180,528
252,245,426
253,13,184
253,21,100
253,35,455
253,43,135
253,52,90
253,160,493
253,264,53
254,8,347
254,9,219
254,80,328
254,151,239
254,223,223
255,36,548
255,68,509
255,102,174
255,155,339
255,182,552
255,210,549
256,7,231
256,10,459
256,64,369
256,101,480
256,130,241
256,193,14
256,269,220
256,270,560
257,30,389
257,126,302
257,141,511
257,166,344
257,170,537
257,239,451
258,109,584
258,164,398
258,166,85
258,171,104
258,194,82
258,213,251
259,25,436
259,85,469
259,135,132
259,158,299
259,177,553
259,244,386
259,263,341
259,292,293
260,27,462
260,111,150
260,148,230
260,195,236
260,204,300
260,215,238
260,287,81
260,294,592
260,298,523
261,77,264
261,139,422
261,186,4
261,216,275
261,218,528
261,221,74
262,4,30
262,14,407
262,127,151
262,129,270
262,136,217
262,198,200
263,4,505
263,13,113
263,18,516
263,59,534
263,203,183
263,259,341
264,164,40
264,196,308
264,219,95
264,224,449
264,244,517
264,253,53
265,61,37
265,69,306
265,95,461
265,169,503
265,221,51
265,239,588
265,279,450
266,73,231
266,168,135
266,183,214
266,208,132
266,219,299
266,230,172
266,281,561
267,40,508
267,67,441
267,84,534
267,176,7
267,207,251
268,49,338
268,60,195
268,101,519
268,129,408
268,143,125
268,191,221
268,279,124
268,298,230
269,42,257
269,131,373
269,134,408
269,171,25
269,256,220
269,274,380
270,52,403
270,87,508
270,159,340
270,235,557
270,249,455
270,256,560
270,280,87
271,88,223
271,139,249
271,152,410
271,158,521
271,194,90
271,238,76
272,31,217
272,136,307
272,139,7
272,175,9
272,177,536
272,201,419
273,18,534
273,24,522
273,126,504
273,176,462
273,200,41
273,289,272
274,91,434
274,132,171
274,191,65
274,207,298
274,225,142
274,269,380
275,1,60
275,116,272
275,118,360
275,197,375
275,216,448
275,247,564
275,300,153
276,32,28
276,51,430
276,104,580
276,108,113
276,173,357
276,229,69
276,291,132
277,27,155
277,43,160
277,77,594
277,89,553
277,210,574
277,241,568
278,64,30
278,132,231
278,173,562
278,199,136
278,219,547
278,248,540
279,98,387
279,153,507
279,192,565
279,224,524
279,265,450
279,268,124
280,2,491
280,173,541
280,207,448
280,225,567
280,245,429
280,270,87
280,284,536
281,86,15
281,95,412
281,132,232
281,168,461
281,216,364
281,266,561
281,297,348
282,32,142
282,172,109
282,200,129
282,223,192
282,225,584
282,246,551
282,300,146
283,64,594
283,73,512
283,87,57
283,149,337
283,170,346
283,226,593
284,76,552
284,118,247
284,124,447
284,213,431
284,216,250
284,280,536
285,45,487
285,91,473
285,99,514
285,109,385
285,150,255
285,220,439
286,33,236
286,77,564
286,86,389
286,168,190
286,204,44
286,240,202
287,37,361
287,50,471
287,87,234
287,111,50
287,141,310
287,260,81
288,38,443
288,85,315
288,105,418
288,196,229
288,217,595
288,237,542
289,4,233
289,147,80
289,180,582
289,199,343
289,238,459
289,273,272
290,32,423
290,34,573
290,86,567
290,102,464
290,149,45
290,191,260
291,6,279
291,26,243
291,54,398
291,140,340
291,158,43
291,276,132
292,8,82
292,49,557
292,71,457
292,110,328
292,196,479
292,259,293
293,77,585
293,126,525
293,130,533
293,146,392
293,160,340
293,208,449
294,41,56
294,72,207
294,128,252
294,174,384
294,249,60
294,260,592
295,31,233
295,170,366
295,180,446
295,204,181
295,243,444
295,250,76
296,19,105
296,53,380
296,62,180
296,143,157
296,232,39
296,241,140
297,9,6
297,49,126
297,123,372
297,125,417
297,174,385
297,281,348
298,17,163
298,70,232
298,108,443
298,124,469
298,260,523
298,268,230
299,45,227
299,152,166
299,189,289
299,194,150
299,201,44
299,233,409
300,89,22
300,130,231
300,227,345
300,236,599
300,275,153
300,282,146
