source,target,weight
1,2,596
1,4,547
1,5,527
1,12,314
1,13,141
1,15,143
1,16,245
1,17,9
1,19,146
1,20,260
1,23,126
1,29,515
1,31,88
1,34,59
1,35,401
1,38,596
1,39,253
1,43,157
1,46,50
1,48,58
1,52,257
1,63,319
1,65,403
1,82,566
1,83,496
1,89,403
1,99,538
1,101,474
1,107,154
1,111,208
1,116,139
1,118,42
1,131,595
1,149,24
1,151,59
1,165,48
1,168,157
1,170,383
1,176,476
1,196,513
1,203,541
1,240,343
1,241,31
1,253,441
1,254,565
1,260,119
1,268,570
1,271,309
1,276,464
1,291,9
1,299,209
2,1,596
2,3,394
2,4,448
2,5,156
2,6,45
2,8,410
2,9,287
2,10,456
2,11,262
2,12,93
2,14,555
2,15,303
2,16,209
2,17,123
2,18,14
2,20,486
2,21,108
2,24,25
2,25,559
2,27,352
2,29,30
2,30,41
2,31,333
2,33,41
2,37,562
2,38,71
2,41,336
2,42,299
2,45,465
2,54,474
2,60,110
2,61,117
2,66,398
2,71,162
2,82,106
2,89,240
2,91,321
2,106,209
2,110,207
2,114,340
2,118,195
2,120,463
2,131,530
2,132,135
2,148,360
2,160,509
2,187,379
2,211,527
2,250,247
2,259,243
2,261,507
3,2,394
3,5,252
3,7,512
3,9,362
3,13,93
3,14,28
3,15,15
3,17,139
3,18,570
3,21,366
3,22,359
3,24,122
3,27,337
3,28,235
3,30,253
3,35,337
3,36,33
3,37,540
3,41,146
3,42,290
3,43,270
3,47,135
3,51,79
3,53,43
3,54,426
3,57,448
3,58,157
3,66,479
3,69,142
3,70,190
3,74,277
3,78,469
3,80,444
3,81,36
3,114,147
3,123,379
3,126,312
3,149,494
3,152,264
3,158,335
3,166,356
3,170,589
3,175,13
3,177,287
3,183,437
3,203,98
3,228,105
3,237,222
3,245,472
3,261,148
3,279,479
3,287,66
3,297,377
4,1,547
4,2,448
4,6,480
4,7,59
4,11,493
4,12,563
4,15,546
4,16,289
4,17,218
4,18,104
4,19,304
4,21,368
4,26,257
4,30,315
4,32,34
4,35,477
4,36,443
4,38,484
4,41,328
4,43,546
4,55,234
4,57,264
4,59,40
4,61,561
4,67,440
4,71,240
4,87,484
4,93,184
4,96,92
4,100,129
4,105,493
4,109,137
4,124,185
4,128,117
4,136,353
4,137,588
4,139,596
4,141,371
4,152,501
4,160,546
4,186,238
4,190,379
4,210,181
4,216,576
4,219,184
4,232,143
4,248,317
4,257,25
4,262,190
4,266,298
4,270,368
4,277,579
4,278,178
4,290,521
5,1,527
5,2,156
5,3,252
5,6,328
5,7,368
5,8,57
5,9,399
5,10,322
5,11,246
5,12,290
5,13,27
5,14,491
5,15,54
5,16,383
5,17,263
5,19,162
5,26,557
5,28,384
5,30,289
5,33,526
5,35,426
5,41,100
5,43,533
5,44,177
5,48,413
5,50,456
5,58,527
5,60,206
5,63,414
5,69,70
5,74,581
5,76,103
5,81,260
5,87,427
5,100,595
5,113,97
5,115,163
5,121,481
5,127,155
5,133,188
5,134,43
5,142,560
5,161,385
5,164,52
5,166,200
5,183,468
5,219,523
5,247,207
5,258,483
5,263,109
5,264,110
5,290,365
6,2,45
6,4,480
6,5,328
6,7,267
6,8,40
6,9,327
6,10,322
6,11,426
6,12,107
6,13,244
6,14,378
6,15,460
6,16,114
6,19,58
6,20,382
6,22,490
6,26,589
6,28,26
6,31,199
6,34,111
6,35,31
6,47,555
6,48,463
6,49,133
6,51,270
6,52,435
6,55,386
6,57,269
6,58,598
6,59,510
6,62,433
6,69,101
6,75,310
6,84,144
6,86,257
6,91,241
6,93,360
6,96,64
6,106,294
6,109,288
6,112,351
6,120,414
6,122,360
6,127,49
6,142,382
6,167,393
6,169,242
6,174,124
6,177,262
6,178,30
6,185,440
6,189,144
6,192,124
6,194,432
6,196,53
6,206,589
6,218,279
6,221,114
6,225,410
6,245,194
6,251,398
6,261,144
6,262,187
6,268,557
7,3,512
7,4,59
7,5,368
7,6,267
7,8,431
7,10,252
7,11,79
7,13,317
7,14,353
7,15,381
7,17,119
7,20,155
7,21,322
7,22,274
7,24,96
7,25,414
7,27,44
7,28,542
7,29,471
7,31,437
7,32,190
7,35,282
7,46,372
7,51,445
7,52,175
7,64,154
7,71,154
7,74,382
7,87,212
7,101,45
7,113,299
7,117,226
7,145,282
7,146,64
7,160,210
7,182,148
7,187,398
7,191,432
7,210,151
7,217,389
7,230,261
7,248,154
7,254,118
7,290,27
7,294,78
8,2,410
8,5,57
8,6,40
8,7,431
8,9,124
8,10,77
8,11,244
8,12,42
8,14,357
8,18,505
8,21,176
8,22,507
8,23,378
8,24,313
8,25,211
8,26,137
8,27,196
8,28,1
8,29,339
8,31,389
8,33,586
8,36,392
8,37,92
8,38,563
8,39,183
8,40,378
8,46,513
8,47,221
8,61,577
8,64,160
8,77,195
8,80,436
8,83,211
8,84,556
8,85,392
8,87,469
8,103,327
8,106,392
8,123,319
8,125,189
8,129,230
8,132,156
8,134,93
8,139,518
8,143,51
8,147,457
8,149,26
8,156,1
8,170,390
8,174,234
8,178,489
8,182,202
8,207,372
8,226,288
8,231,341
8,260,166
8,275,40
8,288,395
9,2,287
9,3,362
9,5,399
9,6,327
9,8,124
9,10,467
9,11,414
9,12,390
9,16,382
9,18,201
9,19,203
9,20,364
9,21,51
9,22,30
9,25,73
9,32,86
9,33,540
9,35,186
9,38,90
9,42,211
9,44,27
9,45,475
9,46,370
9,48,143
9,50,65
9,51,534
9,56,89
9,57,61
9,58,470
9,62,560
9,70,60
9,71,203
9,74,178
9,75,260
9,82,359
9,89,484
9,90,517
9,102,146
9,114,169
9,121,317
9,125,285
9,130,564
9,134,43
9,149,137
9,158,327
9,169,191
9,204,461
9,212,294
9,235,496
9,240,511
9,274,563
9,295,281
10,2,456
10,5,322
10,6,322
10,7,252
10,8,77
10,9,467
10,11,286
10,12,233
10,13,552
10,15,120
10,17,491
10,20,7
10,22,111
10,24,398
10,25,283
10,26,123
10,30,596
10,33,426
10,34,396
10,37,417
10,38,342
10,40,433
10,41,532
10,43,442
10,44,558
10,51,204
10,53,532
10,54,144
10,56,392
10,57,135
10,63,579
10,68,256
10,69,538
10,73,228
10,76,366
10,78,504
10,79,493
10,84,155
10,96,355
10,100,450
10,101,143
10,102,590
10,103,241
10,104,89
10,108,424
10,124,129
10,133,453
10,146,483
10,149,326
10,157,24
10,159,201
10,173,117
10,176,477
10,177,377
10,183,528
10,199,9
10,205,133
10,211,397
10,215,412
10,222,98
10,250,575
10,254,246
10,261,312
10,294,475
11,2,262
11,4,493
11,5,246
11,6,426
11,7,79
11,8,244
11,9,414
11,10,286
11,13,538
11,16,172
11,18,205
11,19,512
11,20,275
11,21,399
11,22,233
11,24,286
11,26,215
11,27,273
11,28,111
11,29,342
11,31,82
11,33,33
11,36,413
11,37,212
11,39,259
11,42,569
11,44,57
11,46,357
11,47,107
11,48,597
11,49,406
11,52,92
11,53,277
11,55,35
11,59,182
11,62,413
11,79,167
11,80,63
11,90,304
11,93,443
11,99,282
11,101,529
11,107,559
11,108,212
11,120,227
11,138,333
11,141,249
11,149,479
11,152,51
11,158,54
11,175,82
11,198,259
11,213,20
11,214,91
11,215,204
11,235,473
11,239,571
11,265,67
11,278,258
11,293,59
12,1,314
12,2,93
12,4,563
12,5,290
12,6,107
12,8,42
12,9,390
12,10,233
12,13,365
12,14,190
12,15,197
12,16,145
12,17,293
12,18,94
12,19,222
12,21,230
12,22,478
12,23,573
12,26,580
12,30,115
12,32,153
12,35,96
12,38,154
12,39,96
12,42,437
12,46,54
12,55,573
12,56,367
12,57,535
12,60,192
12,61,551
12,62,449
12,66,318
12,68,206
12,72,31
12,75,303
12,78,59
12,79,535
12,80,187
12,94,528
12,105,296
12,107,498
12,110,294
12,112,511
12,114,318
12,149,487
12,152,404
12,166,59
12,167,105
12,169,513
12,173,392
12,179,253
12,188,170
12,190,571
12,226,491
12,237,49
12,250,334
12,257,136
12,261,238
13,1,141
13,3,93
13,5,27
13,6,244
13,7,317
13,10,552
13,11,538
13,12,365
13,16,586
13,17,46
13,18,39
13,19,155
13,20,17
13,21,265
13,23,505
13,24,539
13,25,544
13,38,211
13,41,374
13,44,47
13,45,316
13,46,481
13,47,441
13,50,231
13,55,591
13,59,513
13,61,278
13,64,309
13,65,290
13,66,186
13,69,480
13,71,249
13,74,265
13,75,267
13,80,34
13,81,161
13,95,489
13,96,255
13,105,388
13,113,303
13,119,142
13,129,419
13,133,329
13,135,255
13,153,39
13,154,591
13,156,269
13,161,219
13,176,383
13,187,360
13,226,100
13,258,311
13,290,344
14,2,555
14,3,28
14,5,491
14,6,378
14,7,353
14,8,357
14,12,190
14,15,588
14,16,87
14,17,122
14,18,278
14,21,279
14,22,101
14,23,254
14,24,188
14,28,138
14,30,478
14,31,482
14,34,150
14,35,145
14,37,533
14,40,396
14,45,597
14,46,87
14,48,314
14,55,75
14,57,593
14,66,380
14,68,484
14,81,513
14,83,358
14,85,357
14,88,339
14,89,185
14,90,210
14,91,379
14,101,78
14,103,43
14,119,538
14,124,562
14,129,85
14,132,180
14,136,45
14,141,105
14,145,197
14,147,543
14,151,229
14,160,234
14,167,575
14,171,189
14,174,574
14,176,88
14,179,449
14,234,468
14,238,19
14,251,286
14,285,333
15,1,143
15,2,303
15,3,15
15,4,546
15,5,54
15,6,460
15,7,381
15,10,120
15,12,197
15,14,588
15,16,588
15,18,41
15,19,580
15,20,63
15,21,583
15,22,52
15,23,599
15,25,74
15,27,223
15,31,392
15,32,382
15,34,276
15,41,72
15,42,266
15,43,71
15,54,43
15,57,240
15,61,436
15,62,93
15,72,452
15,78,133
15,82,26
15,87,509
15,88,211
15,104,508
15,106,453
15,107,479
15,108,426
15,110,582
15,111,307
15,116,430
15,125,185
15,128,112
15,132,315
15,133,475
15,134,356
15,142,386
15,148,246
15,152,481
15,160,488
15,190,245
15,202,220
15,213,347
15,229,421
15,235,479
15,255,342
15,256,196
16,1,245
16,2,209
16,4,289
16,5,383
16,6,114
16,9,382
16,11,172
16,12,145
16,13,586
16,14,87
16,15,588
16,22,408
16,23,579
16,28,454
16,29,81
16,36,89
16,40,385
16,41,499
16,43,112
16,46,192
16,50,223
16,53,574
16,57,332
16,61,598
16,63,216
16,64,95
16,68,365
16,77,59
16,80,513
16,84,571
16,94,470
16,103,274
16,104,338
16,121,574
16,126,210
16,158,143
16,160,387
16,170,220
16,185,594
16,198,35
16,212,392
16,213,102
16,245,202
16,258,266
16,265,576
16,266,246
16,269,112
16,271,557
16,283,85
16,288,490
17,1,9
17,2,123
17,3,139
17,4,218
17,5,263
17,7,119
17,10,491
17,12,293
17,13,46
17,14,122
17,18,323
17,19,103
17,20,233
17,24,276
17,25,485
17,28,114
17,31,574
17,32,488
17,33,219
17,35,532
17,36,488
17,43,540
17,46,423
17,47,67
17,49,546
17,51,539
17,52,570
17,55,364
17,58,187
17,59,190
17,62,68
17,64,196
17,70,455
17,77,204
17,85,198
17,92,295
17,93,333
17,94,550
17,96,475
17,103,386
17,107,346
17,115,56
17,117,465
17,120,454
17,126,172
17,130,313
17,132,229
17,140,42
17,141,493
17,143,534
17,177,149
17,181,574
17,189,222
17,193,37
17,195,292
17,200,238
17,203,415
17,207,343
17,216,3
17,219,510
17,224,478
17,232,566
17,249,22
17,256,435
17,264,230
17,285,325
17,294,278
18,2,14
18,3,570
18,4,104
18,8,505
18,9,201
18,11,205
18,12,94
18,13,39
18,14,278
18,15,41
18,17,323
18,19,292
18,20,138
18,21,25
18,22,304
18,23,377
18,24,598
18,25,462
18,26,386
18,28,558
18,29,53
18,32,545
18,33,400
18,37,583
18,38,530
18,41,492
18,42,162
18,45,560
18,52,238
18,56,495
18,59,210
18,62,586
18,65,87
18,71,376
18,73,541
18,79,438
18,80,583
18,87,459
18,93,135
18,100,63
18,105,452
18,109,574
18,124,309
18,128,90
18,132,35
18,145,277
18,152,506
18,153,410
18,158,39
18,167,339
18,187,164
18,191,265
18,209,461
18,213,524
18,221,473
18,271,378
18,277,233
19,1,146
19,4,304
19,5,162
19,6,58
19,9,203
19,11,512
19,12,222
19,13,155
19,15,580
19,17,103
19,18,292
19,20,369
19,22,556
19,23,27
19,25,576
19,27,134
19,28,363
19,29,361
19,30,129
19,31,424
19,34,412
19,36,331
19,37,575
19,40,440
19,41,240
19,42,310
19,49,363
19,50,104
19,54,215
19,63,462
19,65,4
19,66,154
19,77,318
19,80,315
19,83,228
19,85,438
19,90,347
19,91,98
19,99,591
19,110,404
19,115,444
19,128,342
19,146,530
19,152,502
19,153,39
19,164,273
19,177,483
19,183,435
19,200,248
19,214,548
19,216,234
19,259,158
19,268,411
19,290,349
20,1,260
20,2,486
20,6,382
20,7,155
20,9,364
20,10,7
20,11,275
20,13,17
20,15,63
20,17,233
20,18,138
20,19,369
20,22,119
20,23,206
20,24,60
20,25,451
20,26,584
20,30,281
20,33,493
20,36,324
20,38,197
20,43,495
20,47,98
20,49,577
20,50,13
20,56,52
20,67,339
20,76,126
20,82,149
20,85,153
20,97,576
20,102,273
20,120,81
20,125,409
20,126,346
20,149,7
20,150,84
20,164,389
20,166,498
20,172,161
20,184,446
20,196,15
20,203,8
20,206,583
20,224,105
20,239,159
20,246,387
20,270,170
20,293,102
21,2,108
21,3,366
21,4,368
21,7,322
21,8,176
21,9,51
21,11,399
21,12,230
21,13,265
21,14,279
21,15,583
21,18,25
21,24,596
21,29,415
21,30,516
21,31,342
21,32,171
21,38,541
21,39,543
21,41,540
21,42,400
21,43,491
21,45,542
21,48,600
21,49,335
21,50,340
21,55,565
21,62,121
21,64,506
21,69,163
21,70,253
21,71,423
21,74,490
21,76,152
21,78,115
21,80,576
21,83,232
21,86,493
21,90,221
21,100,407
21,108,179
21,109,286
21,111,217
21,112,86
21,120,555
21,129,477
21,135,572
21,143,519
21,155,507
21,156,51
21,164,192
21,174,74
21,178,310
21,180,266
21,183,105
21,184,108
21,207,417
21,224,511
21,233,343
21,239,59
21,300,501
22,3,359
22,6,490
22,7,274
22,8,507
22,9,30
22,10,111
22,11,233
22,12,478
22,14,101
22,15,52
22,16,408
22,18,304
22,19,556
22,20,119
22,24,358
22,26,547
22,27,53
22,28,436
22,30,526
22,33,552
22,34,67
22,35,376
22,36,519
22,38,528
22,39,108
22,40,222
22,41,130
22,43,491
22,44,343
22,47,586
22,48,48
22,53,311
22,56,306
22,62,7
22,67,360
22,70,579
22,71,447
22,73,235
22,76,346
22,81,434
22,94,242
22,106,276
22,127,317
22,140,123
22,149,546
22,161,437
22,174,475
22,179,243
22,184,11
22,202,537
22,213,586
22,217,287
22,226,492
22,248,62
23,1,126
23,8,378
23,12,573
23,13,505
23,14,254
23,15,599
23,16,579
23,18,377
23,19,27
23,20,206
23,24,349
23,25,217
23,27,33
23,29,347
23,37,268
23,42,541
23,44,113
23,45,120
23,52,138
23,53,183
23,57,466
23,74,388
23,83,230
23,84,213
23,92,226
23,106,494
23,107,367
23,120,220
23,122,596
23,128,318
23,146,354
23,159,450
23,177,447
23,196,22
23,197,213
23,202,246
23,223,577
23,286,464
24,2,25
24,3,122
24,7,96
24,8,313
24,10,398
24,11,286
24,13,539
24,14,188
24,17,276
24,18,598
24,20,60
24,21,596
24,22,358
24,23,349
24,26,331
24,27,351
24,28,461
24,29,436
24,37,301
24,39,583
24,42,251
24,45,344
24,46,354
24,48,116
24,54,531
24,57,495
24,72,72
24,83,581
24,87,586
24,88,283
24,94,430
24,95,254
24,122,492
24,146,154
24,149,134
24,150,429
24,151,11
24,161,353
24,165,194
24,171,110
24,173,292
24,175,528
24,202,212
24,211,97
24,214,80
24,233,62
24,243,541
24,265,143
24,268,270
24,269,345
24,291,374
25,2,559
25,7,414
25,8,211
25,9,73
25,10,283
25,13,544
25,15,74
25,17,485
25,18,462
25,19,576
25,20,451
25,23,217
25,26,338
25,27,33
25,32,142
25,34,423
25,37,49
25,49,343
25,54,564
25,58,175
25,60,12
25,69,99
25,73,491
25,77,582
25,79,211
25,80,167
25,83,507
25,86,509
25,100,511
25,102,143
25,103,203
25,106,101
25,110,146
25,111,332
25,119,221
25,122,33
25,125,343
25,130,248
25,131,164
25,134,145
25,135,174
25,142,7
25,144,463
25,150,18
25,159,490
25,161,247
25,181,495
25,194,134
25,198,168
25,205,458
25,210,240
25,214,3
25,220,291
25,226,213
25,227,396
25,228,10
25,229,325
25,239,200
25,240,258
25,252,157
25,253,526
25,277,167
25,282,16
25,288,179
26,4,257
26,5,557
26,6,589
26,8,137
26,10,123
26,11,215
26,12,580
26,18,386
26,20,584
26,22,547
26,24,331
26,25,338
26,28,300
26,29,72
26,31,139
26,33,547
26,36,17
26,41,50
26,42,110
26,45,265
26,48,261
26,49,569
26,52,67
26,56,176
26,59,208
26,62,530
26,64,16
26,66,344
26,67,148
26,68,322
26,71,82
26,75,89
26,96,157
26,99,49
26,105,359
26,110,34
26,114,187
26,126,570
26,128,182
26,131,160
26,138,331
26,141,440
26,146,439
26,147,355
26,167,190
26,178,595
26,199,508
26,201,308
26,207,44
26,236,474
26,251,427
26,274,75
26,278,24
26,289,127
27,2,352
27,3,337
27,7,44
27,8,196
27,11,273
27,15,223
27,19,134
27,22,53
27,23,33
27,24,351
27,25,33
27,28,539
27,30,186
27,31,242
27,34,309
27,35,358
27,36,512
27,45,595
27,48,344
27,57,145
27,69,58
27,72,76
27,74,351
27,75,268
27,78,32
27,84,96
27,99,42
27,105,418
27,112,484
27,122,296
27,124,173
27,127,66
27,138,219
27,139,104
27,154,231
27,159,538
27,162,290
27,166,235
27,172,316
27,173,289
27,179,259
27,200,397
27,204,104
27,206,17
27,207,477
27,209,361
27,220,143
27,250,390
27,262,372
27,272,147
27,285,555
27,289,549
27,291,419
28,3,235
28,5,384
28,6,26
28,7,542
28,8,1
28,11,111
28,14,138
28,16,454
28,17,114
28,18,558
28,19,363
28,22,436
28,24,461
28,26,300
28,27,539
28,29,102
28,31,59
28,39,257
28,41,170
28,44,174
28,46,581
28,49,24
28,50,135
28,52,117
28,53,447
28,54,315
28,55,86
28,56,56
28,58,224
28,60,147
28,65,420
28,67,485
28,70,394
28,72,403
28,75,158
28,78,292
28,79,359
28,87,370
28,92,517
28,100,72
28,111,573
28,112,10
28,116,173
28,125,42
28,138,122
28,143,506
28,144,55
28,160,24
28,166,476
28,180,493
28,189,221
28,195,409
28,204,76
28,205,129
29,1,515
29,2,30
29,7,471
29,8,339
29,11,342
29,16,81
29,18,53
29,19,361
29,21,415
29,23,347
29,24,436
29,26,72
29,28,102
29,30,562
29,31,428
29,32,246
29,33,472
29,34,219
29,36,462
29,37,253
29,38,343
29,44,330
29,50,513
29,54,355
29,57,306
29,58,341
29,60,45
29,65,245
29,66,369
29,81,390
29,90,572
29,124,73
29,141,254
29,150,472
29,151,502
29,167,60
29,169,6
29,183,157
29,185,562
29,199,375
29,202,366
29,229,519
29,252,598
29,257,72
29,259,553
29,261,115
29,282,395
29,299,307
30,2,41
30,3,253
30,4,315
30,5,289
30,10,596
30,12,115
30,14,478
30,19,129
30,20,281
30,21,516
30,22,526
30,27,186
30,29,562
30,36,330
30,38,433
30,40,180
30,41,310
30,42,389
30,43,18
30,48,525
30,53,117
30,55,260
30,57,271
30,63,424
30,72,125
30,78,18
30,81,253
30,82,149
30,86,305
30,89,597
30,92,108
30,106,364
30,109,495
30,121,356
30,140,185
30,144,346
30,145,285
30,150,116
30,157,212
30,166,105
30,169,105
30,182,548
30,192,182
30,231,331
30,233,141
30,258,479
30,282,550
30,284,437
30,287,465
30,293,89
31,1,88
31,2,333
31,6,199
31,7,437
31,8,389
31,11,82
31,14,482
31,15,392
31,17,574
31,19,424
31,21,342
31,26,139
31,27,242
31,28,59
31,29,428
31,32,62
31,35,215
31,36,192
31,40,118
31,47,457
31,58,387
31,63,595
31,76,3
31,81,488
31,82,180
31,83,396
31,88,207
31,89,160
31,101,379
31,105,28
31,116,380
31,124,556
31,148,111
31,151,471
31,152,324
31,157,192
31,161,14
31,170,14
31,195,495
31,200,12
31,201,541
31,206,512
31,214,182
31,215,183
31,217,293
31,247,354
31,249,413
31,277,86
31,286,172
31,290,142
32,4,34
32,7,190
32,9,86
32,12,153
32,15,382
32,17,488
32,18,545
32,21,171
32,25,142
32,29,246
32,31,62
32,33,219
32,34,77
32,36,420
32,38,470
32,39,441
32,40,477
32,43,242
32,45,592
32,50,499
32,54,587
32,65,595
32,67,449
32,70,437
32,71,266
32,73,507
32,75,551
32,77,511
32,80,217
32,85,62
32,89,549
32,130,272
32,136,36
32,143,194
32,146,265
32,148,196
32,164,15
32,166,341
32,182,129
32,184,195
32,199,164
32,202,355
32,212,363
32,218,507
32,260,140
33,2,41
33,5,526
33,8,586
33,9,540
33,10,426
33,11,33
33,17,219
33,18,400
33,20,493
33,22,552
33,26,547
33,29,472
33,32,219
33,34,246
33,37,581
33,39,184
33,40,315
33,42,85
33,44,223
33,46,482
33,49,181
33,50,395
33,51,99
33,52,361
33,54,376
33,56,595
33,58,575
33,59,82
33,61,501
33,63,296
33,64,353
33,66,278
33,74,35
33,76,566
33,79,46
33,81,185
33,90,20
33,99,153
33,104,555
33,107,427
33,123,507
33,130,122
33,131,229
33,135,198
33,136,317
33,140,574
33,148,226
33,153,242
33,162,499
33,172,379
33,177,534
33,181,104
33,189,370
33,198,550
33,207,372
33,210,25
33,234,63
33,235,311
33,255,30
33,263,274
33,267,162
33,276,285
33,289,18
34,1,59
34,6,111
34,10,396
34,14,150
34,15,276
34,19,412
34,22,67
34,25,423
34,27,309
34,29,219
34,32,77
34,33,246
34,37,112
34,50,459
34,52,312
34,55,67
34,68,149
34,76,229
34,77,243
34,84,389
34,85,113
34,86,577
34,87,524
34,89,342
34,92,211
34,103,437
34,104,570
34,105,199
34,108,287
34,111,518
34,113,26
34,115,573
34,118,355
34,122,393
34,124,454
34,126,61
34,135,206
34,137,180
34,159,195
34,166,103
34,177,6
34,179,350
34,183,78
34,197,401
34,212,261
34,243,312
35,1,401
35,3,337
35,4,477
35,5,426
35,6,31
35,7,282
35,9,186
35,12,96
35,14,145
35,17,532
35,22,376
35,27,358
35,31,215
35,36,514
35,37,344
35,39,512
35,41,10
35,44,514
35,47,517
35,53,384
35,55,171
35,56,305
35,57,317
35,59,175
35,70,140
35,74,494
35,75,121
35,86,475
35,89,503
35,97,91
35,100,307
35,102,120
35,109,479
35,114,12
35,119,253
35,127,335
35,150,386
35,180,360
35,187,525
35,191,344
35,201,211
35,217,481
35,218,194
35,229,115
35,232,310
35,236,560
35,252,230
35,253,158
35,263,288
35,269,292
36,3,33
36,4,443
36,8,392
36,11,413
36,16,89
36,17,488
36,19,331
36,20,324
36,22,519
36,26,17
36,27,512
36,29,462
36,30,330
36,31,192
36,32,420
36,35,514
36,39,360
36,40,58
36,43,179
36,45,437
36,48,397
36,52,543
36,53,417
36,56,262
36,66,353
36,72,226
36,73,13
36,86,306
36,90,288
36,91,469
36,93,254
36,95,207
36,103,53
36,109,593
36,110,525
36,113,28
36,117,586
36,132,484
36,138,411
36,143,391
36,149,502
36,176,223
36,184,131
36,186,128
36,197,152
36,209,30
36,211,369
36,219,90
36,220,334
36,246,406
36,289,334
36,295,263
36,298,570
37,2,562
37,3,540
37,8,92
37,10,417
37,11,212
37,14,533
37,18,583
37,19,575
37,23,268
37,24,301
37,25,49
37,29,253
37,33,581
37,34,112
37,35,344
37,39,559
37,40,169
37,49,319
37,58,444
37,59,431
37,60,375
37,65,196
37,66,569
37,76,113
37,87,20
37,94,62
37,96,360
37,97,293
37,101,417
37,104,157
37,106,564
37,112,43
37,117,19
37,127,440
37,130,228
37,131,66
37,132,588
37,138,470
37,143,516
37,146,92
37,151,186
37,159,426
37,160,169
37,164,2
37,182,392
37,199,189
37,210,444
37,218,15
37,256,211
37,293,361
37,297,61
38,1,596
38,2,71
38,4,484
38,8,563
38,9,90
38,10,342
38,12,154
38,13,211
38,18,530
38,20,197
38,21,541
38,22,528
38,29,343
38,30,433
38,32,470
38,40,163
38,42,104
38,44,171
38,49,549
38,50,148
38,51,264
38,52,396
38,55,9
38,56,271
38,64,369
38,69,547
38,72,78
38,75,410
38,76,580
38,77,407
38,79,313
38,89,566
38,95,508
38,103,48
38,108,12
38,136,296
38,158,567
38,183,198
38,199,238
38,200,419
38,211,397
38,300,563
39,1,253
39,8,183
39,11,259
39,12,96
39,21,543
39,22,108
39,24,583
39,28,257
39,32,441
39,33,184
39,35,512
39,36,360
39,37,559
39,41,439
39,45,572
39,55,588
39,63,490
39,64,487
39,67,532
39,72,544
39,78,125
39,82,44
39,86,595
39,88,483
39,96,48
39,123,130
39,136,476
39,137,182
39,140,421
39,146,400
39,147,283
39,156,591
39,157,377
39,164,86
39,173,242
39,184,34
39,189,149
39,209,301
39,218,37
39,257,183
40,8,378
40,10,433
40,14,396
40,16,385
40,19,440
40,22,222
40,30,180
40,31,118
40,32,477
40,33,315
40,36,58
40,37,169
40,38,163
40,44,80
40,47,201
40,48,361
40,49,303
40,51,262
40,59,564
40,61,323
40,63,146
40,65,590
40,73,342
40,74,300
40,75,166
40,77,12
40,79,311
40,82,265
40,83,499
40,84,259
40,85,72
40,91,313
40,93,423
40,108,83
40,115,384
40,122,43
40,127,562
40,133,325
40,154,107
40,164,343
40,180,69
40,197,96
40,200,478
40,222,142
40,227,63
40,246,255
40,248,526
40,250,101
40,262,346
40,283,229
40,287,510
41,2,336
41,3,146
41,4,328
41,5,100
41,10,532
41,13,374
41,15,72
41,16,499
41,18,492
41,19,240
41,21,540
41,22,130
41,26,50
41,28,170
41,30,310
41,35,10
41,39,439
41,42,104
41,44,14
41,45,561
41,51,381
41,54,91
41,63,133
41,65,578
41,68,138
41,72,453
41,77,582
41,81,433
41,86,566
41,96,483
41,99,276
41,111,465
41,123,95
41,129,175
41,139,169
41,147,339
41,153,286
41,161,133
41,186,179
41,192,146
41,210,207
41,240,508
41,248,141
41,281,240
42,2,299
42,3,290
42,9,211
42,11,569
42,12,437
42,15,266
42,18,162
42,19,310
42,21,400
42,23,541
42,24,251
42,26,110
42,30,389
42,33,85
42,38,104
42,41,104
42,47,490
42,52,100
42,57,104
42,60,111
42,62,508
42,64,142
42,67,86
42,70,68
42,75,206
42,77,54
42,80,250
42,86,58
42,97,140
42,98,224
42,113,454
42,131,248
42,132,53
42,134,7
42,135,322
42,155,203
42,175,7
42,182,135
42,185,243
42,194,79
42,219,202
42,227,547
42,231,110
42,238,320
42,239,323
42,243,94
42,244,430
42,254,142
42,258,249
42,275,390
42,285,120
42,299,167
43,1,157
43,3,270
43,4,546
43,5,533
43,10,442
43,15,71
43,16,112
43,17,540
43,20,495
43,21,491
43,22,491
43,30,18
43,32,242
43,36,179
43,45,587
43,47,474
43,48,518
43,51,111
43,53,228
43,57,274
43,61,267
43,65,392
43,73,494
43,80,177
43,84,303
43,87,225
43,91,344
43,94,592
43,95,156
43,97,469
43,116,41
43,121,326
43,126,39
43,139,126
43,162,552
43,163,363
43,182,406
43,193,431
43,202,184
43,218,498
43,254,13
43,258,392
43,296,562
43,299,509
44,5,177
44,9,27
44,10,558
44,11,57
44,13,47
44,22,343
44,23,113
44,28,174
44,29,330
44,33,223
44,35,514
44,38,171
44,40,80
44,41,14
44,46,543
44,53,588
44,54,477
44,75,56
44,77,240
44,95,312
44,101,219
44,121,471
44,126,268
44,132,518
44,136,351
44,143,196
44,144,142
44,165,419
44,167,8
44,175,366
44,176,331
44,190,257
44,192,212
44,216,370
44,217,293
44,242,455
44,244,315
44,260,490
44,263,62
44,264,71
44,273,248
45,2,465
45,9,475
45,13,316
45,14,597
45,18,560
45,21,542
45,23,120
45,24,344
45,26,265
45,27,595
45,32,592
45,36,437
45,39,572
45,41,561
45,43,587
45,46,271
45,47,537
45,48,125
45,51,298
45,53,4
45,56,455
45,62,529
45,63,306
45,68,545
45,73,132
45,79,366
45,80,205
45,86,418
45,92,225
45,107,168
45,112,245
45,126,185
45,133,238
45,137,325
45,138,143
45,157,21
45,172,307
45,181,564
45,187,502
45,208,16
45,218,158
45,236,314
45,246,436
45,261,188
45,263,386
45,298,93
46,1,50
46,7,372
46,8,513
46,9,370
46,11,357
46,12,54
46,13,481
46,14,87
46,16,192
46,17,423
46,24,354
46,28,581
46,33,482
46,44,543
46,45,271
46,47,596
46,50,195
46,52,9
46,59,392
46,61,328
46,65,433
46,66,323
46,69,180
46,75,176
46,80,10
46,81,184
46,82,247
46,84,285
46,89,11
46,95,247
46,98,487
46,108,275
46,117,277
46,150,558
46,156,243
46,158,289
46,168,509
46,194,329
46,207,65
46,251,237
46,298,98
47,3,135
47,6,555
47,8,221
47,11,107
47,13,441
47,17,67
47,20,98
47,22,586
47,31,457
47,35,517
47,40,201
47,42,490
47,43,474
47,45,537
47,46,596
47,49,75
47,60,583
47,66,145
47,67,198
47,68,191
47,71,316
47,74,18
47,76,316
47,82,86
47,83,551
47,85,361
47,88,501
47,94,372
47,96,331
47,97,402
47,98,142
47,100,50
47,104,384
47,118,179
47,138,52
47,140,513
47,141,181
47,145,116
47,146,136
47,158,8
47,179,303
47,218,529
47,224,559
47,240,540
47,256,105
47,270,197
47,273,378
47,286,230
47,292,296
48,1,58
48,5,413
48,6,463
48,9,143
48,11,597
48,14,314
48,21,600
48,22,48
48,24,116
48,26,261
48,27,344
48,30,525
48,36,397
48,40,361
48,43,518
48,45,125
48,49,81
48,53,338
48,54,377
48,55,37
48,58,383
48,59,475
48,64,353
48,68,528
48,69,111
48,78,582
48,87,521
48,89,320
48,93,231
48,97,275
48,99,403
48,100,358
48,102,261
48,114,428
48,117,129
48,130,599
48,139,94
48,158,523
48,161,324
48,193,8
48,196,471
48,211,359
48,216,181
48,220,582
48,225,546
48,244,509
48,287,421
49,6,133
49,11,406
49,17,546
49,19,363
49,20,577
49,21,335
49,25,343
49,26,569
49,28,24
49,33,181
49,37,319
49,38,549
49,40,303
49,47,75
49,48,81
49,50,476
49,52,443
49,53,217
49,55,162
49,56,484
49,58,346
49,60,383
49,61,544
49,62,315
49,79,112
49,85,122
49,88,205
49,89,133
49,98,210
49,101,503
49,110,117
49,113,40
49,115,412
49,118,483
49,136,14
49,141,466
49,142,119
49,153,224
49,154,406
49,165,510
49,187,182
49,188,558
49,195,516
49,201,575
49,209,219
49,218,42
49,233,552
49,234,436
49,248,442
49,251,386
49,284,446
50,5,456
50,9,65
50,13,231
50,16,223
50,19,104
50,20,13
50,21,340
50,28,135
50,29,513
50,32,499
50,33,395
50,34,459
50,38,148
50,46,195
50,49,476
50,57,300
50,58,343
50,66,121
50,72,349
50,73,568
50,78,109
50,91,220
50,107,380
50,119,599
50,134,338
50,139,179
50,140,420
50,143,227
50,156,177
50,163,132
50,173,30
50,177,8
50,179,273
50,189,372
50,193,373
50,198,579
50,214,479
50,222,112
50,239,149
50,240,208
50,268,459
51,3,79
51,6,270
51,7,445
51,9,534
51,10,204
51,17,539
51,33,99
51,38,264
51,40,262
51,41,381
51,43,111
51,45,298
51,52,337
51,54,61
51,56,49
51,60,359
51,63,392
51,65,286
51,67,380
51,69,532
51,70,109
51,73,19
51,76,183
51,77,532
51,79,305
51,85,512
51,90,280
51,96,50
51,105,113
51,112,575
51,114,555
51,131,590
51,141,249
51,142,125
51,146,10
51,176,473
51,177,357
51,184,102
51,186,385
51,225,400
51,229,501
51,231,389
51,233,129
51,261,7
51,273,178
51,292,105
52,1,257
52,6,435
52,7,175
52,11,92
52,17,570
52,18,238
52,23,138
52,26,67
52,28,117
52,33,361
52,34,312
52,36,543
52,38,396
52,42,100
52,46,9
52,49,443
52,51,337
52,53,444
52,54,592
52,60,349
52,63,139
52,81,419
52,86,299
52,88,490
52,92,277
52,96,193
52,98,189
52,100,434
52,117,88
52,134,344
52,146,397
52,166,96
52,185,53
52,213,186
52,229,30
52,230,2
52,235,251
52,240,169
52,244,229
52,258,105
52,273,346
52,296,185
53,3,43
53,10,532
53,11,277
53,16,574
53,22,311
53,23,183
53,28,447
53,30,117
53,35,384
53,36,417
53,43,228
53,44,588
53,45,4
53,48,338
53,49,217
53,52,444
53,56,212
53,59,105
53,61,282
53,64,420
53,68,124
53,70,337
53,72,479
53,78,545
53,79,53
53,83,65
53,92,174
53,95,312
53,98,599
53,103,366
53,104,137
53,109,347
53,112,88
53,114,367
53,117,203
53,121,27
53,125,221
53,132,99
53,137,485
53,150,413
53,159,50
53,215,164
53,234,61
53,245,440
53,246,3
53,247,167
53,249,268
53,261,339
53,269,328
53,271,58
54,2,474
54,3,426
54,10,144
54,15,43
54,19,215
54,24,531
54,25,564
54,28,315
54,29,355
54,32,587
54,33,376
54,41,91
54,44,477
54,48,377
54,51,61
54,52,592
54,55,566
54,59,90
54,61,100
54,67,318
54,68,272
54,89,24
54,95,513
54,101,506
54,102,250
54,135,528
54,172,348
54,177,498
54,204,207
54,215,469
54,218,91
54,230,55
54,249,374
54,250,86
54,286,100
55,4,234
55,6,386
55,11,35
55,12,573
55,13,591
55,14,75
55,17,364
55,21,565
55,28,86
55,30,260
55,34,67
55,35,171
55,38,9
55,39,588
55,48,37
55,49,162
55,54,566
55,59,356
55,62,93
55,64,109
55,67,395
55,70,252
55,73,158
55,83,83
55,85,71
55,86,265
55,99,131
55,103,212
55,118,247
55,136,78
55,150,595
55,151,564
55,154,516
55,156,171
55,171,464
55,173,372
55,180,380
55,204,245
55,215,193
55,221,308
55,234,151
55,252,132
55,268,69
55,288,504
55,290,466
55,298,211
56,9,89
56,10,392
56,12,367
56,18,495
56,20,52
56,22,306
56,26,176
56,28,56
56,33,595
56,35,305
56,36,262
56,38,271
56,45,455
56,49,484
56,51,49
56,53,212
56,60,131
56,62,63
56,80,202
56,88,476
56,90,110
56,94,109
56,96,447
56,104,70
56,105,499
56,106,10
56,112,403
56,123,471
56,124,468
56,125,424
56,144,433
56,145,560
56,148,497
56,156,375
56,165,79
56,173,227
56,181,327
56,210,40
56,221,373
56,222,205
56,236,59
56,244,145
56,262,203
56,295,551
56,300,517
57,3,448
57,4,264
57,6,269
57,9,61
57,10,135
57,12,535
57,14,593
57,15,240
57,16,332
57,23,466
57,24,495
57,27,145
57,29,306
57,30,271
57,35,317
57,42,104
57,43,274
57,50,300
57,58,156
57,59,507
57,60,224
57,61,558
57,65,70
57,74,472
57,84,538
57,86,405
57,87,340
57,106,439
57,109,420
57,119,46
57,120,128
57,122,533
57,125,13
57,141,156
57,146,166
57,162,558
57,165,37
57,167,566
57,184,282
57,193,196
57,196,130
57,206,136
57,230,12
57,236,176
57,247,16
57,291,445
57,295,386
57,298,51
58,3,157
58,5,527
58,6,598
58,9,470
58,17,187
58,25,175
58,28,224
58,29,341
58,31,387
58,33,575
58,37,444
58,48,383
58,49,346
58,50,343
58,57,156
58,62,355
58,65,139
58,66,269
58,70,96
58,72,142
58,73,510
58,74,32
58,78,503
58,81,116
58,82,196
58,84,311
58,99,476
58,104,409
58,106,465
58,133,590
58,139,209
58,170,483
58,187,527
58,211,350
58,215,66
58,225,485
58,253,281
58,283,305
58,296,112
59,4,40
59,6,510
59,11,182
59,13,513
59,17,190
59,18,210
59,26,208
59,33,82
59,35,175
59,37,431
59,40,564
59,46,392
59,48,475
59,53,105
59,54,90
59,55,356
59,57,507
59,62,378
59,63,510
59,74,421
59,87,530
59,105,523
59,110,179
59,111,506
59,117,154
59,120,476
59,132,374
59,140,192
59,149,134
59,186,351
59,191,485
59,198,78
59,201,329
59,210,147
59,227,321
59,234,86
59,245,322
59,262,19
60,2,110
60,5,206
60,12,192
60,25,12
60,28,147
60,29,45
60,37,375
60,42,111
60,47,583
60,49,383
60,51,359
60,52,349
60,56,131
60,57,224
60,67,290
60,69,593
60,71,410
60,72,5
60,77,157
60,81,494
60,91,158
60,92,503
60,96,45
60,109,425
60,110,503
60,111,349
60,129,377
60,139,100
60,140,538
60,173,94
60,184,48
60,212,422
60,243,138
60,266,14
60,300,595
61,2,117
61,4,561
61,8,577
61,12,551
61,13,278
61,15,436
61,16,598
61,33,501
61,40,323
61,43,267
61,46,328
61,49,544
61,53,282
61,54,100
61,57,558
61,68,224
61,88,422
61,93,314
61,99,505
61,112,52
61,135,370
61,138,572
61,149,147
61,153,600
61,160,474
61,162,445
61,204,503
61,206,432
61,217,110
61,236,273
61,238,561
61,264,350
61,268,280
62,6,433
62,9,560
62,11,413
62,12,449
62,15,93
62,17,68
62,18,586
62,21,121
62,22,7
62,26,530
62,42,508
62,45,529
62,49,315
62,55,93
62,56,63
62,58,355
62,59,378
62,67,372
62,69,337
62,70,528
62,73,49
62,75,188
62,78,407
62,79,4
62,84,581
62,90,324
62,91,104
62,95,549
62,101,164
62,113,390
62,119,151
62,125,384
62,130,21
62,132,263
62,140,481
62,156,364
62,160,78
62,164,13
62,167,131
62,180,210
62,183,334
62,189,99
62,215,393
62,239,445
62,251,356
63,1,319
63,5,414
63,10,579
63,16,216
63,19,462
63,30,424
63,31,595
63,33,296
63,39,490
63,40,146
63,41,133
63,45,306
63,51,392
63,52,139
63,59,510
63,64,304
63,65,199
63,71,479
63,72,10
63,91,554
63,97,521
63,104,117
63,110,460
63,112,435
63,128,107
63,135,464
63,137,28
63,148,234
63,153,179
63,159,253
63,162,128
63,168,284
63,198,527
63,222,428
63,223,101
63,228,153
63,232,397
63,235,566
63,240,480
63,254,107
63,291,217
63,294,311
63,300,63
64,7,154
64,8,160
64,13,309
64,16,95
64,17,196
64,21,506
64,26,16
64,33,353
64,38,369
64,39,487
64,42,142
64,48,353
64,53,420
64,55,109
64,63,304
64,65,84
64,69,159
64,76,506
64,89,216
64,102,35
64,110,242
64,116,380
64,118,474
64,121,560
64,126,481
64,130,550
64,144,37
64,159,39
64,163,25
64,166,298
64,191,111
64,221,43
64,230,93
64,235,45
64,292,342
65,1,403
65,13,290
65,18,87
65,19,4
65,28,420
65,29,245
65,32,595
65,37,196
65,40,590
65,41,578
65,43,392
65,46,433
65,51,286
65,57,70
65,58,139
65,63,199
65,64,84
65,67,441
65,68,504
65,83,127
65,87,485
65,89,417
65,90,480
65,93,125
65,94,18
65,95,527
65,99,240
65,103,308
65,104,132
65,105,269
65,106,27
65,116,36
65,120,448
65,126,6
65,127,286
65,136,45
65,137,477
65,156,290
65,164,64
65,165,134
65,167,414
65,194,475
65,197,446
65,198,147
65,214,107
65,219,79
65,231,22
65,242,79
65,255,530
65,296,166
66,2,398
66,3,479
66,12,318
66,13,186
66,14,380
66,19,154
66,26,344
66,29,369
66,33,278
66,36,353
66,37,569
66,46,323
66,47,145
66,50,121
66,58,269
66,68,68
66,71,323
66,76,242
66,77,404
66,78,180
66,81,263
66,85,118
66,94,561
66,95,160
66,99,232
66,114,6
66,116,538
66,123,385
66,128,7
66,143,35
66,165,269
66,173,166
66,184,216
66,188,473
66,191,512
66,203,591
66,207,78
66,215,440
66,233,123
66,249,453
66,250,424
66,257,388
66,288,470
66,293,576
67,4,440
67,20,339
67,22,360
67,26,148
67,28,485
67,32,449
67,39,532
67,42,86
67,47,198
67,51,380
67,54,318
67,55,395
67,60,290
67,62,372
67,65,441
67,69,576
67,71,573
67,85,85
67,88,478
67,94,136
67,97,118
67,98,251
67,100,391
67,111,266
67,116,454
67,119,359
67,132,33
67,133,190
67,134,515
67,137,544
67,149,492
67,154,205
67,157,562
67,165,551
67,196,239
67,204,43
67,212,370
67,222,145
67,270,18
67,272,559
68,10,256
68,12,206
68,14,484
68,16,365
68,26,322
68,34,149
68,41,138
68,45,545
68,47,191
68,48,528
68,53,124
68,54,272
68,61,224
68,65,504
68,66,68
68,69,457
68,79,134
68,88,468
68,92,464
68,96,3
68,102,379
68,108,313
68,112,40
68,114,283
68,115,237
68,117,223
68,122,333
68,129,558
68,140,428
68,148,406
68,156,504
68,178,393
68,185,108
68,194,309
68,208,26
68,213,521
68,214,246
68,217,159
68,242,513
68,252,184
68,277,370
68,278,424
68,280,427
69,3,142
69,5,70
69,6,101
69,10,538
69,13,480
69,21,163
69,25,99
69,27,58
69,38,547
69,46,180
69,48,111
69,51,532
69,60,593
69,62,337
69,64,159
69,67,576
69,68,457
69,71,529
69,73,573
69,82,456
69,83,474
69,88,407
69,90,17
69,94,323
69,108,2
69,124,252
69,125,522
69,126,76
69,141,125
69,147,159
69,151,40
69,157,530
69,159,55
69,173,495
69,190,227
69,194,197
69,195,345
69,206,265
69,235,582
69,236,72
69,251,72
69,259,104
69,268,528
69,289,168
69,290,72
70,3,190
70,9,60
70,17,455
70,21,253
70,22,579
70,28,394
70,32,437
70,35,140
70,42,68
70,51,109
70,53,337
70,55,252
70,58,96
70,62,528
70,73,419
70,76,566
70,80,297
70,93,303
70,99,22
70,103,401
70,104,417
70,108,207
70,113,217
70,115,119
70,119,32
70,121,16
70,137,69
70,144,563
70,173,154
70,174,408
70,185,458
70,190,139
70,203,200
70,204,260
70,208,550
70,220,50
70,228,105
70,237,550
70,275,393
70,296,22
71,2,162
71,4,240
71,7,154
71,9,203
71,13,249
71,18,376
71,21,423
71,22,447
71,26,82
71,32,266
71,47,316
71,60,410
71,63,479
71,66,323
71,67,573
71,69,529
71,73,464
71,94,441
71,101,459
71,102,309
71,105,185
71,109,176
71,113,159
71,114,19
71,116,81
71,121,263
71,131,276
71,143,486
71,170,564
71,175,137
71,191,338
71,198,246
71,205,133
71,211,300
71,212,274
71,256,326
71,257,395
71,258,327
71,262,549
71,263,235
71,294,185
71,295,587
71,296,247
72,12,31
72,15,452
72,24,72
72,27,76
72,28,403
72,30,125
72,36,226
72,38,78
72,39,544
72,41,453
72,50,349
72,53,479
72,58,142
72,60,5
72,63,10
72,75,174
72,92,387
72,93,83
72,94,532
72,97,408
72,101,482
72,102,181
72,112,57
72,118,307
72,123,346
72,143,569
72,146,178
72,147,154
72,154,163
72,163,228
72,171,336
72,176,212
72,178,302
72,181,353
72,187,526
72,190,599
72,191,359
72,193,365
72,198,128
72,211,518
72,222,377
72,239,370
72,255,343
72,259,22
72,269,261
73,10,228
73,18,541
73,22,235
73,25,491
73,32,507
73,36,13
73,40,342
73,43,494
73,45,132
73,50,568
73,51,19
73,55,158
73,58,510
73,62,49
73,69,573
73,70,419
73,71,464
73,79,234
73,81,210
73,84,400
73,98,143
73,99,581
73,115,82
73,119,134
73,141,528
73,148,366
73,157,225
73,172,23
73,177,374
73,181,360
73,182,160
73,194,373
73,204,323
73,223,27
73,227,317
73,228,242
73,259,148
73,261,120
73,265,324
73,293,244
73,294,108
74,3,277
74,5,581
74,7,382
74,9,178
74,13,265
74,21,490
74,23,388
74,27,351
74,33,35
74,35,494
74,40,300
74,47,18
74,57,472
74,58,32
74,59,421
74,76,209
74,93,440
74,108,514
74,111,116
74,124,480
74,133,81
74,146,194
74,150,306
74,154,35
74,155,555
74,165,382
74,181,2
74,183,315
74,232,367
74,242,190
74,265,476
75,6,310
75,9,260
75,12,303
75,13,267
75,26,89
75,27,268
75,28,158
75,32,551
75,35,121
75,38,410
75,40,166
75,42,206
75,44,56
75,46,176
75,62,188
75,72,174
75,77,117
75,78,422
75,81,304
75,82,541
75,83,188
75,87,69
75,89,67
75,91,311
75,97,286
75,98,597
75,99,48
75,111,600
75,119,422
75,135,479
75,171,431
75,200,56
75,218,21
75,225,425
75,226,234
75,238,116
75,249,574
75,254,43
76,5,103
76,10,366
76,20,126
76,21,152
76,22,346
76,31,3
76,33,566
76,34,229
76,37,113
76,38,580
76,47,316
76,51,183
76,64,506
76,66,242
76,70,566
76,74,209
76,82,267
76,85,529
76,94,570
76,101,468
76,107,25
76,110,11
76,111,464
76,117,432
76,119,332
76,121,90
76,133,409
76,157,224
76,169,357
76,182,334
76,217,568
76,222,111
76,226,540
76,231,386
76,238,58
76,241,144
77,8,195
77,16,59
77,17,204
77,19,318
77,25,582
77,32,511
77,34,243
77,38,407
77,40,12
77,41,582
77,42,54
77,44,240
77,51,532
77,60,157
77,66,404
77,75,117
77,84,154
77,85,60
77,88,43
77,92,83
77,96,214
77,107,587
77,108,191
77,112,464
77,119,182
77,129,203
77,135,235
77,139,439
77,140,293
77,145,24
77,147,537
77,153,341
77,156,111
77,160,109
77,169,521
77,188,66
77,196,245
77,205,186
77,217,230
77,221,250
77,224,148
77,227,445
77,230,301
77,238,331
77,247,395
77,284,269
77,285,12
77,289,89
78,3,469
78,10,504
78,12,59
78,15,133
78,21,115
78,27,32
78,28,292
78,30,18
78,39,125
78,48,582
78,50,109
78,53,545
78,58,503
78,62,407
78,66,180
78,75,422
78,84,330
78,85,342
78,91,417
78,95,387
78,97,325
78,98,449
78,104,100
78,107,93
78,121,77
78,138,30
78,165,440
78,167,184
78,168,60
78,191,102
78,195,537
78,214,225
78,236,204
78,244,342
78,253,475
78,257,383
78,278,212
78,285,129
79,10,493
79,11,167
79,12,535
79,18,438
79,25,211
79,28,359
79,33,46
79,38,313
79,40,311
79,45,366
79,49,112
79,51,305
79,53,53
79,62,4
79,68,134
79,73,234
79,83,479
79,92,543
79,97,452
79,102,384
79,108,540
79,113,563
79,114,182
79,115,407
79,116,290
79,118,346
79,121,206
79,124,273
79,126,297
79,138,391
79,149,95
79,153,118
79,157,508
79,162,153
79,175,574
79,183,339
79,205,425
79,215,179
79,224,599
79,239,383
79,243,482
79,248,15
79,255,194
79,263,599
79,265,492
80,3,444
80,8,436
80,11,63
80,12,187
80,13,34
80,16,513
80,18,583
80,19,315
80,21,576
80,25,167
80,32,217
80,42,250
80,43,177
80,45,205
80,46,10
80,56,202
80,70,297
80,82,52
80,86,452
80,95,33
80,98,342
80,100,449
80,109,240
80,116,256
80,122,267
80,125,361
80,128,169
80,157,80
80,162,342
80,171,206
80,174,588
80,213,54
80,220,128
80,232,490
80,234,232
80,240,283
80,243,99
80,255,383
80,260,520
81,3,36
81,5,260
81,13,161
81,14,513
81,22,434
81,29,390
81,30,253
81,31,488
81,33,185
81,41,433
81,46,184
81,52,419
81,58,116
81,60,494
81,66,263
81,73,210
81,75,304
81,93,341
81,98,310
81,106,107
81,110,86
81,115,352
81,127,583
81,128,216
81,131,38
81,134,259
81,143,17
81,152,167
81,153,86
81,162,185
81,184,11
81,226,137
81,237,59
81,269,269
81,290,263
81,296,181
82,1,566
82,2,106
82,9,359
82,15,26
82,20,149
82,30,149
82,31,180
82,39,44
82,40,265
82,46,247
82,47,86
82,58,196
82,69,456
82,75,541
82,76,267
82,80,52
82,90,193
82,95,45
82,107,391
82,109,311
82,117,287
82,131,595
82,150,559
82,156,399
82,164,44
82,172,31
82,178,201
82,237,35
82,280,340
82,282,376
82,285,352
82,297,200
83,1,496
83,8,211
83,14,358
83,19,228
83,21,232
83,23,230
83,24,581
83,25,507
83,31,396
83,40,499
83,47,551
83,53,65
83,55,83
83,65,127
83,69,474
83,75,188
83,79,479
83,84,335
83,86,25
83,88,535
83,93,443
83,95,60
83,100,386
83,108,490
83,110,110
83,129,522
83,130,473
83,134,118
83,136,61
83,141,217
83,142,243
83,147,55
83,148,545
83,208,455
83,224,191
83,229,229
83,241,7
83,258,446
83,266,304
83,272,334
83,284,215
83,286,373
84,6,144
84,8,556
84,10,155
84,16,571
84,23,213
84,27,96
84,34,389
84,40,259
84,43,303
84,46,285
84,57,538
84,58,311
84,62,581
84,73,400
84,77,154
84,78,330
84,83,335
84,87,471
84,91,31
84,92,425
84,97,125
84,105,98
84,140,20
84,150,340
84,155,381
84,168,160
84,242,419
84,281,383
84,282,124
84,288,224
85,8,392
85,14,357
85,17,198
85,19,438
85,20,153
85,32,62
85,34,113
85,40,72
85,47,361
85,49,122
85,51,512
85,55,71
85,66,118
85,67,85
85,76,529
85,77,60
85,78,342
85,90,573
85,95,245
85,97,119
85,99,145
