source,target,weight
1,2,387
1,3,325
1,5,493
1,6,551
1,7,193
1,9,333
1,12,395
1,13,330
1,14,534
1,15,427
1,16,230
1,18,253
1,19,494
1,20,92
1,22,435
1,23,404
1,24,341
1,25,576
1,27,26
1,28,265
1,29,585
1,31,105
1,32,470
1,33,267
1,35,394
1,36,489
1,37,304
1,38,557
1,39,395
1,42,373
1,51,10
1,54,416
1,55,405
1,56,317
1,59,420
1,64,372
1,68,98
1,69,414
1,70,130
1,72,5
1,73,412
1,75,145
1,77,454
1,82,55
1,85,447
1,89,329
1,91,580
1,94,337
1,104,11
1,117,283
1,130,272
1,132,130
1,137,223
1,143,70
1,146,27
1,172,359
1,174,182
1,182,99
1,192,65
1,197,277
1,208,550
1,222,348
1,269,217
1,297,118
2,1,387
2,3,496
2,4,373
2,5,351
2,6,253
2,7,448
2,8,60
2,9,354
2,10,364
2,11,522
2,13,17
2,14,351
2,15,197
2,17,67
2,19,344
2,20,399
2,21,358
2,22,270
2,23,384
2,25,533
2,28,490
2,29,312
2,30,86
2,32,458
2,33,286
2,34,248
2,37,468
2,38,548
2,39,89
2,41,493
2,42,223
2,43,88
2,44,408
2,45,378
2,46,67
2,48,263
2,50,522
2,52,517
2,56,524
2,59,28
2,60,103
2,62,336
2,64,107
2,66,45
2,70,113
2,71,338
2,73,287
2,75,22
2,85,204
2,88,218
2,91,320
2,96,488
2,100,315
2,106,434
2,109,49
2,113,561
2,117,420
2,124,278
2,125,322
2,128,407
2,131,182
2,135,570
2,137,230
2,140,327
2,147,529
2,148,125
2,168,309
2,170,191
2,171,467
2,175,291
2,181,222
2,184,16
2,185,8
2,192,245
2,205,228
2,206,371
2,236,69
2,240,206
2,246,395
2,252,29
2,256,357
2,278,312
2,280,251
2,283,378
3,1,325
3,2,496
3,4,425
3,5,419
3,6,157
3,7,46
3,11,595
3,12,222
3,15,322
3,16,164
3,17,145
3,20,391
3,21,148
3,23,450
3,24,321
3,26,155
3,27,434
3,29,209
3,30,463
3,31,209
3,32,236
3,36,263
3,37,446
3,40,30
3,44,544
3,46,461
3,48,267
3,49,490
3,52,392
3,53,116
3,54,471
3,55,164
3,60,281
3,61,357
3,63,327
3,64,299
3,67,276
3,68,477
3,72,251
3,74,411
3,77,418
3,78,339
3,84,184
3,95,351
3,108,550
3,119,413
3,123,441
3,126,465
3,130,305
3,132,2
3,134,309
3,142,455
3,148,552
3,158,161
3,163,230
3,170,390
3,175,598
3,176,288
3,181,377
3,184,132
3,196,255
3,201,591
3,203,179
3,204,105
3,207,598
3,215,135
3,229,544
3,234,242
3,238,134
3,272,570
3,273,269
3,278,265
3,281,510
3,283,501
4,2,373
4,3,425
4,6,491
4,7,140
4,8,526
4,9,374
4,13,231
4,14,327
4,15,475
4,16,297
4,19,12
4,21,516
4,22,210
4,23,497
4,27,99
4,28,484
4,29,141
4,31,494
4,32,356
4,34,479
4,36,332
4,37,66
4,40,174
4,41,298
4,42,402
4,44,223
4,46,538
4,47,483
4,48,166
4,50,549
4,58,237
4,59,441
4,62,485
4,63,393
4,66,275
4,72,370
4,77,61
4,81,379
4,83,251
4,86,373
4,89,94
4,92,193
4,94,244
4,95,538
4,98,333
4,100,23
4,111,376
4,113,253
4,120,35
4,122,163
4,125,466
4,126,562
4,129,350
4,132,119
4,134,413
4,144,466
4,151,4
4,153,195
4,155,490
4,157,9
4,160,497
4,161,43
4,165,424
4,169,596
4,173,299
4,175,366
4,184,397
4,187,246
4,191,505
4,205,429
4,209,421
4,214,466
4,227,548
4,228,556
4,236,84
4,240,39
4,247,43
4,250,85
4,252,66
4,253,587
4,261,371
4,268,112
4,285,16
4,291,366
5,1,493
5,2,351
5,3,419
5,6,320
5,9,406
5,10,422
5,12,238
5,16,22
5,19,600
5,20,98
5,21,390
5,22,140
5,23,362
5,24,319
5,25,488
5,26,89
5,27,270
5,28,4
5,29,566
5,30,352
5,32,499
5,36,19
5,37,74
5,38,213
5,39,559
5,40,289
5,41,120
5,42,457
5,43,287
5,44,220
5,45,582
5,49,478
5,53,86
5,54,271
5,56,244
5,57,182
5,59,202
5,62,396
5,63,160
5,65,491
5,66,162
5,67,565
5,73,129
5,75,483
5,76,27
5,79,367
5,80,490
5,81,406
5,82,587
5,86,552
5,89,468
5,94,157
5,105,459
5,107,528
5,110,500
5,111,375
5,112,433
5,125,318
5,127,583
5,136,221
5,137,212
5,139,118
5,143,80
5,148,24
5,149,408
5,158,394
5,163,349
5,164,49
5,168,199
5,175,488
5,176,311
5,190,242
5,193,168
5,203,351
5,210,591
5,215,281
5,223,365
5,231,342
5,248,563
5,272,280
5,273,7
5,297,471
6,1,551
6,2,253
6,3,157
6,4,491
6,5,320
6,7,17
6,9,405
6,10,513
6,11,247
6,13,8
6,14,521
6,15,393
6,16,240
6,17,259
6,18,415
6,19,125
6,22,277
6,24,384
6,27,493
6,29,120
6,30,299
6,34,469
6,35,185
6,37,534
6,38,334
6,42,358
6,46,166
6,48,66
6,49,572
6,51,365
6,53,381
6,57,34
6,58,482
6,61,424
6,64,60
6,66,484
6,68,569
6,69,595
6,70,18
6,72,72
6,75,95
6,77,251
6,80,282
6,81,72
6,92,590
6,94,403
6,97,543
6,104,121
6,105,17
6,109,569
6,119,593
6,120,397
6,121,344
6,127,350
6,128,552
6,130,420
6,148,439
6,149,491
6,152,126
6,158,116
6,161,463
6,163,369
6,164,324
6,178,578
6,186,127
6,187,34
6,188,241
6,198,538
6,200,537
6,201,277
6,209,96
6,210,536
6,211,63
6,222,351
6,223,175
6,233,212
6,236,489
6,245,295
6,257,221
6,268,573
6,277,112
6,295,439
6,298,187
7,1,193
7,2,448
7,3,46
7,4,140
7,6,17
7,9,459
7,10,427
7,11,130
7,12,83
7,13,138
7,15,507
7,17,86
7,18,174
7,19,21
7,20,268
7,21,398
7,23,85
7,24,74
7,25,321
7,29,302
7,31,515
7,32,399
7,34,285
7,35,79
7,36,235
7,39,517
7,40,579
7,42,209
7,43,519
7,44,135
7,47,1
7,48,49
7,51,111
7,52,516
7,60,200
7,65,35
7,66,101
7,68,349
7,70,227
7,71,474
7,79,278
7,82,505
7,84,327
7,92,490
7,93,290
7,102,87
7,105,132
7,108,116
7,110,570
7,115,55
7,129,469
7,137,511
7,155,411
7,156,53
7,166,24
7,167,363
7,173,365
7,176,114
7,179,499
7,186,508
7,194,369
7,197,295
7,202,557
7,203,580
7,211,154
7,212,209
7,214,212
7,227,313
7,239,429
7,255,431
7,263,114
7,275,516
7,276,39
7,286,121
7,291,564
8,2,60
8,4,526
8,9,95
8,10,60
8,11,24
8,13,513
8,14,244
8,18,496
8,19,475
8,20,524
8,21,137
8,23,104
8,24,563
8,25,421
8,26,45
8,27,198
8,28,515
8,29,514
8,30,263
8,33,212
8,36,78
8,37,420
8,40,81
8,41,406
8,43,215
8,45,113
8,46,240
8,47,92
8,50,45
8,53,376
8,57,72
8,65,577
8,66,491
8,67,548
8,69,400
8,70,139
8,71,15
8,73,564
8,76,129
8,78,433
8,83,364
8,85,235
8,87,300
8,93,128
8,97,221
8,108,179
8,109,228
8,115,216
8,117,442
8,125,496
8,129,356
8,131,331
8,137,543
8,138,98
8,143,346
8,144,478
8,146,549
8,147,114
8,155,297
8,160,32
8,172,22
8,180,343
8,184,228
8,198,330
8,218,396
8,226,89
8,229,351
8,233,183
8,241,561
8,254,162
8,258,474
8,271,273
8,273,180
8,283,170
8,287,410
8,295,62
8,297,40
9,1,333
9,2,354
9,4,374
9,5,406
9,6,405
9,7,459
9,8,95
9,10,146
9,11,374
9,12,571
9,13,22
9,14,383
9,16,404
9,17,556
9,18,322
9,19,231
9,21,255
9,22,13
9,23,44
9,24,425
9,28,535
9,30,413
9,33,447
9,34,237
9,35,477
9,37,575
9,38,596
9,39,323
9,44,233
9,45,28
9,47,498
9,49,98
9,50,419
9,52,162
9,53,454
9,54,42
9,56,409
9,58,445
9,59,368
9,61,143
9,65,571
9,68,179
9,69,242
9,72,455
9,74,83
9,75,242
9,79,252
9,80,226
9,85,108
9,86,234
9,87,464
9,90,546
9,97,528
9,99,80
9,100,204
9,105,427
9,106,10
9,116,154
9,128,533
9,151,405
9,169,263
9,174,80
9,178,543
9,203,72
9,233,233
9,256,549
9,266,60
9,282,550
9,288,402
9,292,237
9,294,277
9,296,201
9,298,33
9,300,142
10,2,364
10,5,422
10,6,513
10,7,427
10,8,60
10,9,146
10,12,476
10,13,81
10,14,258
10,16,479
10,18,306
10,20,16
10,21,109
10,22,51
10,23,198
10,24,466
10,27,218
10,28,341
10,29,417
10,30,591
10,31,76
10,32,292
10,33,348
10,34,396
10,35,252
10,37,498
10,38,43
10,39,562
10,41,359
10,45,368
10,48,599
10,50,93
10,52,141
10,60,247
10,61,241
10,64,123
10,66,467
10,72,168
10,74,243
10,76,529
10,79,168
10,80,231
10,84,103
10,94,231
10,96,279
10,97,136
10,98,312
10,101,492
10,103,468
10,105,429
10,110,558
10,112,25
10,115,405
10,117,17
10,120,525
10,121,175
10,125,228
10,147,501
10,149,258
10,154,14
10,156,381
10,162,350
10,171,537
10,178,354
10,179,445
10,184,524
10,191,357
10,194,189
10,202,206
10,205,143
10,226,358
10,228,556
10,252,390
10,253,36
10,254,69
10,257,335
10,265,447
10,284,1
10,286,125
10,293,334
10,294,585
10,300,194
11,2,522
11,3,595
11,6,247
11,7,130
11,8,24
11,9,374
11,12,37
11,13,277
11,14,156
11,16,181
11,19,336
11,20,187
11,21,97
11,22,246
11,23,242
11,25,595
11,26,485
11,27,535
11,28,411
11,29,540
11,30,576
11,31,465
11,33,315
11,34,159
11,35,430
11,36,580
11,37,192
11,41,148
11,42,35
11,45,528
11,46,523
11,47,370
11,49,251
11,50,255
11,52,123
11,53,476
11,54,187
11,56,584
11,58,86
11,63,11
11,64,32
11,66,102
11,69,161
11,75,65
11,76,140
11,79,443
11,80,574
11,87,347
11,88,41
11,89,517
11,90,103
11,91,270
11,92,455
11,95,295
11,98,329
11,106,482
11,114,108
11,118,427
11,122,253
11,123,126
11,124,579
11,126,486
11,134,194
11,135,143
11,136,286
11,137,154
11,138,19
11,151,296
11,180,429
11,189,123
11,197,157
11,200,369
11,206,223
11,212,318
11,213,590
11,230,236
11,241,464
11,242,443
11,244,364
11,247,452
11,248,296
11,251,127
11,255,27
11,281,430
11,295,493
12,1,395
12,3,222
12,5,238
12,7,83
12,9,571
12,10,476
12,11,37
12,13,480
12,14,14
12,15,29
12,16,142
12,17,243
12,18,137
12,19,441
12,20,180
12,23,62
12,24,307
12,26,85
12,27,78
12,28,296
12,29,543
12,30,595
12,31,398
12,32,322
12,34,413
12,35,577
12,36,506
12,37,300
12,39,392
12,40,250
12,41,239
12,47,409
12,49,17
12,51,399
12,52,473
12,55,134
12,58,436
12,59,481
12,61,564
12,64,537
12,65,496
12,72,325
12,73,448
12,75,213
12,76,403
12,78,425
12,80,377
12,83,428
12,84,530
12,89,307
12,91,300
12,92,188
12,96,118
12,124,90
12,125,350
12,129,171
12,149,426
12,150,390
12,151,171
12,152,191
12,158,162
12,163,492
12,171,201
12,181,439
12,183,198
12,190,354
12,191,584
12,197,279
12,200,253
12,222,331
12,255,249
12,280,204
12,283,259
12,296,216
12,299,527
13,1,330
13,2,17
13,4,231
13,6,8
13,7,138
13,8,513
13,9,22
13,10,81
13,11,277
13,12,480
13,15,553
13,18,67
13,20,429
13,22,283
13,25,7
13,26,67
13,28,52
13,30,51
13,31,75
13,33,363
13,35,252
13,36,32
13,37,204
13,39,127
13,40,191
13,41,115
13,45,137
13,46,119
13,49,300
13,50,213
13,53,163
13,56,546
13,57,499
13,65,529
13,66,165
13,67,5
13,72,446
13,78,82
13,81,486
13,84,365
13,86,154
13,90,88
13,91,547
13,93,339
13,95,485
13,98,559
13,99,314
13,100,314
13,108,164
13,113,10
13,116,115
13,120,65
13,123,344
13,133,107
13,140,109
13,141,325
13,143,149
13,151,295
13,161,339
13,167,176
13,168,358
13,170,290
13,177,184
13,182,205
13,230,58
13,231,152
13,233,370
13,245,216
13,260,172
13,285,295
13,289,463
14,1,534
14,2,351
14,4,327
14,6,521
14,8,244
14,9,383
14,10,258
14,11,156
14,12,14
14,15,86
14,16,506
14,18,332
14,19,298
14,20,238
14,21,561
14,23,86
14,25,361
14,26,380
14,27,538
14,28,184
14,30,57
14,31,79
14,33,455
14,35,98
14,36,95
14,38,567
14,40,522
14,43,88
14,44,434
14,45,36
14,47,312
14,48,366
14,49,61
14,50,557
14,52,355
14,55,212
14,56,581
14,57,155
14,61,425
14,65,158
14,66,272
14,67,599
14,74,430
14,76,239
14,77,154
14,78,7
14,81,573
14,84,84
14,90,581
14,92,312
14,93,252
14,105,198
14,106,175
14,107,315
14,110,459
14,112,201
14,113,9
14,124,369
14,126,534
14,127,547
14,129,74
14,130,338
14,135,522
14,136,360
14,139,183
14,142,84
14,143,394
14,144,185
14,151,178
14,156,134
14,157,355
14,164,167
14,170,478
14,172,286
14,173,495
14,180,272
14,181,206
14,184,470
14,188,452
14,205,541
14,211,199
14,223,402
14,227,257
14,229,140
14,234,184
14,235,49
14,247,243
14,255,263
14,260,529
14,267,116
14,273,456
14,281,7
14,293,354
15,1,427
15,2,197
15,3,322
15,4,475
15,6,393
15,7,507
15,12,29
15,13,553
15,14,86
15,17,571
15,22,431
15,24,10
15,25,366
15,26,159
15,29,577
15,30,27
15,31,204
15,32,167
15,33,403
15,34,446
15,35,416
15,37,98
15,39,461
15,40,514
15,44,397
15,46,366
15,47,217
15,48,164
15,49,37
15,50,30
15,54,500
15,55,76
15,58,521
15,59,67
15,61,462
15,62,574
15,67,140
15,69,149
15,71,210
15,76,315
15,77,419
15,82,180
15,87,84
15,90,131
15,94,161
15,95,325
15,100,343
15,110,599
15,111,331
15,112,442
15,113,244
15,114,452
15,115,191
15,117,493
15,124,388
15,128,363
15,139,215
15,141,494
15,143,528
15,156,88
15,160,560
15,164,454
15,165,543
15,166,284
15,172,306
15,173,16
15,177,566
15,217,283
15,220,44
15,256,334
15,267,560
15,299,245
16,1,230
16,3,164
16,4,297
16,5,22
16,6,240
16,9,404
16,10,479
16,11,181
16,12,142
16,14,506
16,17,136
16,20,103
16,21,96
16,22,347
16,24,166
16,25,387
16,26,406
16,32,452
16,34,427
16,38,128
16,39,206
16,41,224
16,42,79
16,48,186
16,49,520
16,53,260
16,54,472
16,57,460
16,58,455
16,60,267
16,62,445
16,66,466
16,71,1
16,75,264
16,76,150
16,79,380
16,80,565
16,81,314
16,82,436
16,84,185
16,88,367
16,89,173
16,93,401
16,95,594
16,96,299
16,97,378
16,99,531
16,105,494
16,108,505
16,109,345
16,113,48
16,116,542
16,120,345
16,124,493
16,134,208
16,136,578
16,141,510
16,145,463
16,150,303
16,164,340
16,167,289
16,178,134
16,183,114
16,195,559
16,203,304
16,209,582
16,213,62
16,218,301
16,232,473
16,235,135
16,250,438
16,252,457
16,267,364
16,269,113
16,274,577
16,277,264
16,279,392
16,280,480
16,284,477
17,2,67
17,3,145
17,6,259
17,7,86
17,9,556
17,12,243
17,15,571
17,16,136
17,19,313
17,21,185
17,22,459
17,24,8
17,25,575
17,27,110
17,29,363
17,30,500
17,31,194
17,33,113
17,36,548
17,37,227
17,39,547
17,40,341
17,42,56
17,44,178
17,45,166
17,46,191
17,48,182
17,50,416
17,53,95
17,54,386
17,60,505
17,62,37
17,66,413
17,71,249
17,90,168
17,91,317
17,97,395
17,98,3
17,100,13
17,101,35
17,103,494
17,104,396
17,106,373
17,114,15
17,116,135
17,118,595
17,124,457
17,140,288
17,151,573
17,152,421
17,155,260
17,162,69
17,165,333
17,169,500
17,176,257
17,182,7
17,204,48
17,207,337
17,216,71
17,218,481
17,219,284
17,224,379
17,237,203
17,242,466
17,261,588
17,263,390
17,268,99
17,275,393
17,276,108
18,1,253
18,6,415
18,7,174
18,8,496
18,9,322
18,10,306
18,12,137
18,13,67
18,14,332
18,20,595
18,21,504
18,23,440
18,24,577
18,25,398
18,26,42
18,28,167
18,29,274
18,30,93
18,31,490
18,32,57
18,33,160
18,35,332
18,39,3
18,42,281
18,44,415
18,45,518
18,46,43
18,48,570
18,50,182
18,51,31
18,53,126
18,58,551
18,68,523
18,78,536
18,79,326
18,83,370
18,86,500
18,89,403
18,101,285
18,104,494
18,108,548
18,109,300
18,111,90
18,113,178
18,118,371
18,119,556
18,129,442
18,133,211
18,141,343
18,146,232
18,152,188
18,161,155
18,166,545
18,175,599
18,183,386
18,184,366
18,189,542
18,197,300
18,204,289
18,209,367
18,224,587
18,236,143
18,264,39
18,274,261
18,281,286
18,294,534
18,296,206
19,1,494
19,2,344
19,4,12
19,5,600
19,6,125
19,7,21
19,8,475
19,9,231
19,11,336
19,12,441
19,14,298
19,17,313
19,22,412
19,23,563
19,24,564
19,26,451
19,27,588
19,28,127
19,32,529
19,33,72
19,35,249
19,38,189
19,41,70
19,45,461
19,49,279
19,51,576
19,54,571
19,55,146
19,56,244
19,57,387
19,59,271
19,60,586
19,61,408
19,64,148
19,65,175
19,67,181
19,68,417
19,71,402
19,73,62
19,74,298
19,82,105
19,85,138
19,89,118
19,90,135
19,91,466
19,97,249
19,100,27
19,102,467
19,105,275
19,110,189
19,113,20
19,115,491
19,117,252
19,128,66
19,130,155
19,136,144
19,138,50
19,152,488
19,163,50
19,165,480
19,173,65
19,175,494
19,183,211
19,184,520
19,186,67
19,188,412
19,190,515
19,195,155
19,197,130
19,202,53
19,203,374
19,224,448
19,226,564
19,239,74
19,242,244
19,257,52
19,258,167
19,264,572
19,265,263
19,280,370
19,281,159
19,286,121
19,291,274
19,293,572
20,1,92
20,2,399
20,3,391
20,5,98
20,7,268
20,8,524
20,10,16
20,11,187
20,12,180
20,13,429
20,14,238
20,16,103
20,18,595
20,21,426
20,22,579
20,25,527
20,30,180
20,31,337
20,33,552
20,37,86
20,43,532
20,46,238
20,47,482
20,48,81
20,49,108
20,53,390
20,54,188
20,55,91
20,58,300
20,59,484
20,67,392
20,74,359
20,75,474
20,77,476
20,83,559
20,84,98
20,86,229
20,87,6
20,100,22
20,101,12
20,107,146
20,114,359
20,115,105
20,118,304
20,121,392
20,125,199
20,133,233
20,135,520
20,145,104
20,151,225
20,153,461
20,155,492
20,161,187
20,163,202
20,166,36
20,170,394
20,178,187
20,191,588
20,192,116
20,199,225
20,201,311
20,203,251
20,204,321
20,210,509
20,217,559
20,218,232
20,219,381
20,249,180
20,258,331
20,261,98
20,265,429
20,267,58
20,269,114
21,2,358
21,3,148
21,4,516
21,5,390
21,7,398
21,8,137
21,9,255
21,10,109
21,11,97
21,14,561
21,16,96
21,17,185
21,18,504
21,20,426
21,23,131
21,24,488
21,25,93
21,27,179
21,28,514
21,29,28
21,31,214
21,32,210
21,33,13
21,34,215
21,37,48
21,43,119
21,47,210
21,48,267
21,53,144
21,54,27
21,55,141
21,59,525
21,63,159
21,64,200
21,68,229
21,69,537
21,71,395
21,80,384
21,81,124
21,90,417
21,93,99
21,95,259
21,100,600
21,105,194
21,106,534
21,108,72
21,111,249
21,119,262
21,122,176
21,132,465
21,135,44
21,138,219
21,141,6
21,143,193
21,151,50
21,155,373
21,167,480
21,168,561
21,179,507
21,180,596
21,185,78
21,187,353
21,188,392
21,189,233
21,195,350
21,213,600
21,218,181
21,228,50
21,230,469
21,268,10
21,280,52
21,294,182
22,1,435
22,2,270
22,4,210
22,5,140
22,6,277
22,9,13
22,10,51
22,11,246
22,13,283
22,15,431
22,16,347
22,17,459
22,19,412
22,20,579
22,23,196
22,25,159
22,26,148
22,27,126
22,30,384
22,31,271
22,32,122
22,33,104
22,36,323
22,37,102
22,38,585
22,40,205
22,44,21
22,45,166
22,47,33
22,50,297
22,51,313
22,54,34
22,55,583
22,56,562
22,58,256
22,59,497
22,61,449
22,63,227
22,66,349
22,67,528
22,69,230
22,71,31
22,73,197
22,74,413
22,76,81
22,78,516
22,84,27
22,90,156
22,91,414
22,94,536
22,103,152
22,105,363
22,106,588
22,110,43
22,113,68
22,114,1
22,115,91
22,123,35
22,126,326
22,130,584
22,133,152
22,136,280
22,143,86
22,144,492
22,147,422
22,150,560
22,152,454
22,156,121
22,158,273
22,160,422
22,161,480
22,166,236
22,171,127
22,174,534
22,175,408
22,181,595
22,185,371
22,187,586
22,190,255
22,194,475
22,206,509
22,211,181
22,220,249
22,234,153
22,235,127
22,252,435
22,255,194
22,258,455
22,264,501
22,270,297
22,283,499
22,292,419
22,293,34
22,298,499
23,1,404
23,2,384
23,3,450
23,4,497
23,5,362
23,7,85
23,8,104
23,9,44
23,10,198
23,11,242
23,12,62
23,14,86
23,18,440
23,19,563
23,21,131
23,22,196
23,24,283
23,27,5
23,28,368
23,29,392
23,30,384
23,32,6
23,35,237
23,38,360
23,40,187
23,43,577
23,44,249
23,46,451
23,47,85
23,55,217
23,57,276
23,59,174
23,61,402
23,64,244
23,65,100
23,66,396
23,68,63
23,69,309
23,72,288
23,76,169
23,77,467
23,79,299
23,84,268
23,85,204
23,94,300
23,95,153
23,100,515
23,104,210
23,105,333
23,107,491
23,113,72
23,116,107
23,119,379
23,123,168
23,128,191
23,134,303
23,138,472
23,141,88
23,146,163
23,147,331
23,160,316
23,165,35
23,168,322
23,179,259
23,189,130
23,206,300
23,207,227
23,214,352
23,227,205
23,228,50
23,235,538
23,238,354
23,256,401
23,261,556
23,267,185
23,272,468
23,290,99
23,298,246
24,1,341
24,3,321
24,5,319
24,6,384
24,7,74
24,8,563
24,9,425
24,10,466
24,12,307
24,15,10
24,16,166
24,17,8
24,18,577
24,19,564
24,21,488
24,23,283
24,26,459
24,29,100
24,31,382
24,32,58
24,33,363
24,35,490
24,37,296
24,41,349
24,42,323
24,43,143
24,45,40
24,47,251
24,48,6
24,54,558
24,59,155
24,60,536
24,62,484
24,66,380
24,69,201
24,71,485
24,72,569
24,73,457
24,77,77
24,79,103
24,83,180
24,86,291
24,87,200
24,91,129
24,92,150
24,94,27
24,95,493
24,96,42
24,107,57
24,108,495
24,112,400
24,117,39
24,118,223
24,119,549
24,125,315
24,127,71
24,130,98
24,138,2
24,140,317
24,146,205
24,148,591
24,149,403
24,151,34
24,153,334
24,172,19
24,182,35
24,186,43
24,187,525
24,195,438
24,197,406
24,203,380
24,206,90
24,207,315
24,208,347
24,218,588
24,219,128
24,221,381
24,227,472
24,228,417
24,243,65
24,260,152
24,267,501
24,273,6
24,286,342
24,288,481
25,1,576
25,2,533
25,5,488
25,7,321
25,8,421
25,11,595
25,13,7
25,14,361
25,15,366
25,16,387
25,17,575
25,18,398
25,20,527
25,21,93
25,22,159
25,26,549
25,27,142
25,30,26
25,31,309
25,33,434
25,34,503
25,35,509
25,36,98
25,40,222
25,41,506
25,42,539
25,44,179
25,45,21
25,46,372
25,49,274
25,50,72
25,52,248
25,57,385
25,59,372
25,60,342
25,64,351
25,65,304
25,68,21
25,69,197
25,71,407
25,74,504
25,78,4
25,88,119
25,90,414
25,94,356
25,96,277
25,98,355
25,101,289
25,103,13
25,109,113
25,110,105
25,111,381
25,114,330
25,115,268
25,120,73
25,123,187
25,131,347
25,132,591
25,137,467
25,140,481
25,146,206
25,149,49
25,152,557
25,167,113
25,170,370
25,183,478
25,195,560
25,198,136
25,200,279
25,201,97
25,207,471
25,208,218
25,214,342
25,260,60
25,271,549
25,288,129
26,3,155
26,5,89
26,8,45
26,11,485
26,12,85
26,13,67
26,14,380
26,15,159
26,16,406
26,18,42
26,19,451
26,22,148
26,24,459
26,25,549
26,27,403
26,28,551
26,29,457
26,31,401
26,32,164
26,34,61
26,36,477
26,37,115
26,38,546
26,39,297
26,42,105
26,46,169
26,47,119
26,49,463
26,50,47
26,52,113
26,54,293
26,63,66
26,64,471
26,69,31
26,70,389
26,71,476
26,74,518
26,75,428
26,76,576
26,80,499
26,83,453
26,84,224
26,85,533
26,86,487
26,87,87
26,90,317
26,98,42
26,102,124
26,103,300
26,111,389
26,124,576
26,137,487
26,141,211
26,143,510
26,147,356
26,149,38
26,157,380
26,164,8
26,168,38
26,218,452
26,228,560
26,237,177
26,239,537
26,241,559
26,249,337
26,256,600
26,266,152
26,272,560
26,280,248
26,285,283
26,288,75
26,293,462
27,1,26
27,3,434
27,4,99
27,5,270
27,6,493
27,8,198
27,10,218
27,11,535
27,12,78
27,14,538
27,17,110
27,19,588
27,21,179
27,22,126
27,23,5
27,25,142
27,26,403
27,29,267
27,30,190
27,33,31
27,34,48
27,35,80
27,36,587
27,38,370
27,39,276
27,42,598
27,43,246
27,44,237
27,46,577
27,47,319
27,49,3
27,51,87
27,52,592
27,54,457
27,56,500
27,58,577
27,63,151
27,68,78
27,70,584
27,71,335
27,73,331
27,82,416
27,84,376
27,89,395
27,90,325
27,94,303
27,101,183
27,102,556
27,103,505
27,104,42
27,109,390
27,114,449
27,120,86
27,121,253
27,122,3
27,125,527
27,134,5
27,138,157
27,153,168
27,156,206
27,157,115
27,160,388
27,169,133
27,170,452
27,171,231
27,174,18
27,181,234
27,190,316
27,192,495
27,197,309
27,205,314
27,206,43
27,212,380
27,232,269
27,250,100
27,269,12
27,274,568
27,283,106
27,284,572
27,286,85
27,289,285
27,292,308
28,1,265
28,2,490
28,4,484
28,5,4
28,8,515
28,9,535
28,10,341
28,11,411
28,12,296
28,13,52
28,14,184
28,18,167
28,19,127
28,21,514
28,23,368
28,26,551
28,29,200
28,30,321
28,31,221
28,32,246
28,38,166
28,39,217
28,40,310
28,43,257
28,44,275
28,45,581
28,46,175
28,48,129
28,49,504
28,51,240
28,52,416
28,56,539
28,63,69
28,64,6
28,66,162
28,67,109
28,75,472
28,81,336
28,85,516
28,86,575
28,88,468
28,90,522
28,93,396
28,94,324
28,96,376
28,102,227
28,104,128
28,108,358
28,110,455
28,114,46
28,115,99
28,116,441
28,118,550
28,119,264
28,123,591
28,131,230
28,145,148
28,146,67
28,154,363
28,158,148
28,162,520
28,163,335
28,167,487
28,187,352
28,192,600
28,199,144
28,201,278
28,206,294
28,207,337
28,212,375
28,218,192
28,219,42
28,220,447
28,225,580
28,226,69
28,232,27
28,233,445
28,236,46
28,249,291
28,261,48
28,269,339
28,283,480
28,291,321
28,300,112
29,1,585
29,2,312
29,3,209
29,4,141
29,5,566
29,6,120
29,7,302
29,8,514
29,10,417
29,11,540
29,12,543
29,15,577
29,17,363
29,18,274
29,21,28
29,23,392
29,24,100
29,26,457
29,27,267
29,28,200
29,31,111
29,33,396
29,34,182
29,35,209
29,37,387
29,39,448
29,42,98
29,43,370
29,44,373
29,46,242
29,47,546
29,48,9
29,54,169
29,55,407
29,56,451
29,57,403
29,60,146
29,62,28
29,63,160
29,67,495
29,71,456
29,73,134
29,74,428
29,89,556
29,102,248
29,103,509
29,104,453
29,106,399
29,109,88
29,116,460
29,117,408
29,125,361
29,128,161
29,135,282
29,144,535
29,189,549
29,198,512
29,203,289
29,206,107
29,207,390
29,225,255
29,236,82
29,254,7
29,266,449
29,278,197
30,2,86
30,3,463
30,5,352
30,6,299
30,8,263
30,9,413
30,10,591
30,11,576
30,12,595
30,13,51
30,14,57
30,15,27
30,17,500
30,18,93
30,20,180
30,22,384
30,23,384
30,25,26
30,27,190
30,28,321
30,31,109
30,34,472
30,35,107
30,37,162
30,38,405
30,39,280
30,40,105
30,42,470
30,48,520
30,49,273
30,50,488
30,53,216
30,55,426
30,57,337
30,58,286
30,61,541
30,67,168
30,70,522
30,73,389
30,74,180
30,77,130
30,79,41
30,82,500
30,83,523
30,84,142
30,85,266
30,88,406
30,89,216
30,93,171
30,94,342
30,95,224
30,96,467
30,102,153
30,104,244
30,115,405
30,117,162
30,119,389
30,123,466
30,135,531
30,137,588
30,159,56
30,183,108
30,185,22
30,186,4
30,195,292
30,208,406
30,213,350
30,215,303
30,219,581
30,229,560
30,232,558
30,235,79
30,243,330
30,251,111
30,252,180
30,253,173
30,259,311
30,273,81
30,278,107
30,284,469
30,292,375
30,296,21
31,1,105
31,3,209
31,4,494
31,7,515
31,10,76
31,11,465
31,12,398
31,13,75
31,14,79
31,15,204
31,17,194
31,18,490
31,20,337
31,21,214
31,22,271
31,24,382
31,25,309
31,26,401
31,28,221
31,29,111
31,30,109
31,33,56
31,35,274
31,36,339
31,37,257
31,38,586
31,41,517
31,42,399
31,43,543
31,44,285
31,49,341
31,51,512
31,52,89
31,55,13
31,59,185
31,62,51
31,63,66
31,70,345
31,73,22
31,81,33
31,84,195
31,85,374
31,94,599
31,96,531
31,99,485
31,101,500
31,107,32
31,111,85
31,112,507
31,131,153
31,132,523
31,136,420
31,142,6
31,154,346
31,156,281
31,167,96
31,185,69
31,197,123
31,200,452
31,212,451
31,213,374
31,219,14
31,220,421
31,238,369
31,243,76
31,246,505
31,249,27
31,254,480
31,261,500
31,284,472
31,286,125
31,287,496
31,295,411
31,296,161
32,1,470
32,2,458
32,3,236
32,4,356
32,5,499
32,7,399
32,10,292
32,12,322
32,15,167
32,16,452
32,18,57
32,19,529
32,21,210
32,22,122
32,23,6
32,24,58
32,26,164
32,28,246
32,33,98
32,34,275
32,36,251
32,38,25
32,40,232
32,41,218
32,43,211
32,44,504
32,49,285
32,51,346
32,54,254
32,55,275
32,56,449
32,57,576
32,58,500
32,63,109
32,68,486
32,74,71
32,81,52
32,82,272
32,84,213
32,85,398
32,86,427
32,88,487
32,91,315
32,92,552
32,101,432
32,103,562
32,104,350
32,106,333
32,123,159
32,124,225
32,126,495
32,127,296
32,129,301
32,130,353
32,133,365
32,135,559
32,140,57
32,141,269
32,142,456
32,160,161
32,161,169
32,165,482
32,169,399
32,176,482
32,189,509
32,191,28
32,194,366
32,197,358
32,198,185
32,220,432
32,221,234
32,263,244
32,264,505
32,270,570
32,282,184
32,300,477
33,1,267
33,2,286
33,8,212
33,9,447
33,10,348
33,11,315
33,13,363
33,14,455
33,15,403
33,17,113
33,18,160
33,19,72
33,20,552
33,21,13
33,22,104
33,24,363
33,25,434
33,27,31
33,29,396
33,31,56
33,32,98
33,34,599
33,36,544
33,37,495
33,38,417
33,39,540
33,40,95
33,41,102
33,45,256
33,48,147
33,50,189
33,51,369
33,52,179
33,53,343
33,55,160
33,56,259
33,59,261
33,60,521
33,65,449
33,67,125
33,68,361
33,69,97
33,73,357
33,76,199
33,79,151
33,81,528
33,83,324
33,89,133
33,91,410
33,96,182
33,104,93
33,134,411
33,139,298
33,140,440
33,142,304
33,150,251
33,155,576
33,156,294
33,168,103
33,170,443
33,198,87
33,199,437
33,207,30
33,229,443
33,236,284
33,243,431
33,246,44
33,250,220
33,252,394
33,257,398
33,264,579
33,266,432
33,274,552
33,276,578
33,279,189
33,282,539
33,294,486
34,2,248
34,4,479
34,6,469
34,7,285
34,9,237
34,10,396
34,11,159
34,12,413
34,15,446
34,16,427
34,21,215
34,25,503
34,26,61
34,27,48
34,29,182
34,30,472
34,32,275
34,33,599
34,36,540
34,37,257
34,38,329
34,44,101
34,45,379
34,48,195
34,50,129
34,59,463
34,61,504
34,62,571
34,63,599
34,67,85
34,72,298
34,73,260
34,82,506
34,101,31
34,109,428
34,122,98
34,128,597
34,137,571
34,150,313
34,151,135
34,154,431
34,163,492
34,168,455
34,176,232
34,191,542
34,199,19
34,201,72
34,209,55
34,210,76
34,223,35
34,243,554
34,258,595
34,280,41
34,284,210
35,1,394
35,6,185
35,7,79
35,9,477
35,10,252
35,11,430
35,12,577
35,13,252
35,14,98
35,15,416
35,18,332
35,19,249
35,23,237
35,24,490
35,25,509
35,27,80
35,29,209
35,30,107
35,31,274
35,36,268
35,39,526
35,41,305
35,43,304
35,44,334
35,45,532
35,46,227
35,49,453
35,50,257
35,51,61
35,52,99
35,57,76
35,61,502
35,63,501
35,68,404
35,75,162
35,76,325
35,79,242
35,85,483
35,87,308
35,88,478
35,94,30
35,96,481
35,98,365
35,108,168
35,114,434
35,115,297
35,116,564
35,121,497
35,131,116
35,132,451
35,140,259
35,141,104
35,150,548
35,163,550
35,173,267
35,180,429
35,182,382
35,185,583
35,193,460
35,208,39
35,215,226
35,222,518
35,228,182
35,229,283
35,232,356
35,235,182
35,251,563
35,261,26
35,278,481
35,279,250
35,285,468
36,1,489
36,3,263
36,4,332
36,5,19
36,7,235
36,8,78
36,11,580
36,12,506
36,13,32
36,14,95
36,17,548
36,22,323
36,25,98
36,26,477
36,27,587
36,31,339
36,32,251
36,33,544
36,34,540
36,35,268
36,38,150
36,39,313
36,40,189
36,41,183
36,42,159
36,43,448
36,49,436
36,57,161
36,59,380
36,61,103
36,63,461
36,67,275
36,68,99
36,75,391
36,82,44
36,84,274
36,86,333
36,91,189
36,95,363
36,97,105
36,100,446
36,102,339
36,107,177
36,118,26
36,120,418
36,123,484
36,125,189
36,127,205
36,132,584
36,134,564
36,138,401
36,142,372
36,145,597
36,146,198
36,154,128
36,158,496
36,164,180
36,170,266
36,183,541
36,187,130
36,192,102
36,196,492
36,199,462
36,200,305
36,207,564
36,211,326
36,219,165
36,230,369
36,237,502
36,238,558
36,239,226
36,248,464
36,249,325
36,252,396
36,253,533
36,268,349
36,294,84
36,299,385
37,1,304
37,2,468
37,3,446
37,4,66
37,5,74
37,6,534
37,8,420
37,9,575
37,10,498
37,11,192
37,12,300
37,13,204
37,15,98
37,17,227
37,20,86
37,21,48
37,22,102
37,24,296
37,26,115
37,29,387
37,30,162
37,31,257
37,33,495
37,34,257
37,38,51
37,39,57
37,41,520
37,42,361
37,43,334
37,45,268
37,48,59
37,49,41
37,51,472
37,53,208
37,54,17
37,56,528
37,57,457
37,61,379
37,62,422
37,63,384
37,64,542
37,67,446
37,68,151
37,73,498
37,77,363
37,82,207
37,85,424
37,86,584
37,87,300
37,89,108
37,90,581
37,91,127
37,100,313
37,104,482
37,105,158
37,111,440
37,119,414
37,122,191
37,125,371
37,150,265
37,158,239
37,159,361
37,160,34
37,166,165
37,186,148
37,207,161
37,215,404
37,238,341
37,240,120
37,261,171
37,282,274
37,286,291
37,291,354
37,292,294
38,1,557
38,2,548
38,5,213
38,6,334
38,9,596
38,10,43
38,14,567
38,16,128
38,19,189
38,22,585
38,23,360
38,26,546
38,27,370
38,28,166
38,30,405
38,31,586
38,32,25
38,33,417
38,34,329
38,36,150
38,37,51
38,39,387
38,40,119
38,41,199
38,45,361
38,52,183
38,54,546
38,56,424
38,58,132
38,59,200
38,61,6
38,63,535
38,65,348
38,66,93
38,73,258
38,74,190
38,77,186
38,78,533
38,83,77
38,88,87
38,90,238
38,94,92
38,97,331
38,100,517
38,101,27
38,103,470
38,107,208
38,109,237
38,113,423
38,114,478
38,119,24
38,143,93
38,149,81
38,155,314
38,156,117
38,165,183
38,167,150
38,172,277
38,182,571
38,193,90
38,208,473
38,212,496
38,220,298
38,222,334
38,223,413
38,226,360
38,228,81
38,234,368
38,243,277
38,244,284
38,249,129
38,256,320
38,257,139
38,271,158
38,287,432
38,289,319
39,1,395
39,2,89
39,5,559
39,7,517
39,9,323
39,10,562
39,12,392
39,13,127
39,15,461
39,16,206
39,17,547
39,18,3
39,26,297
39,27,276
39,28,217
39,29,448
39,30,280
39,33,540
39,35,526
39,36,313
39,37,57
39,38,387
39,40,221
39,41,479
39,42,293
39,43,495
39,46,121
39,50,180
39,51,145
39,53,274
39,55,430
39,56,459
39,57,337
39,58,277
39,60,304
39,65,39
39,66,380
39,67,34
39,70,38
39,72,487
39,75,294
39,79,224
39,81,330
39,87,185
39,88,433
39,92,455
39,99,430
39,106,567
39,111,426
39,112,25
39,116,246
39,120,495
39,128,66
39,133,540
39,135,59
39,148,278
39,152,330
39,160,102
39,168,539
39,171,433
39,174,371
39,182,445
39,190,4
39,198,541
39,212,16
39,217,431
39,224,156
39,229,505
39,232,257
39,249,383
39,250,428
39,258,327
39,261,186
39,270,429
39,275,49
40,3,30
40,4,174
40,5,289
40,7,579
40,8,81
40,12,250
40,13,191
40,14,522
40,15,514
40,17,341
40,22,205
40,23,187
40,25,222
40,28,310
40,30,105
40,32,232
40,33,95
40,36,189
40,38,119
40,39,221
40,41,532
40,43,548
40,47,116
40,49,417
40,57,248
40,60,412
40,64,163
40,65,304
40,66,350
40,68,453
40,73,262
40,75,258
40,76,58
40,77,332
40,78,367
40,88,174
40,89,114
40,91,427
40,94,363
40,95,386
40,96,147
40,101,228
40,104,137
40,106,99
40,109,509
40,111,262
40,119,398
40,121,231
40,124,187
40,133,457
40,138,134
40,139,109
40,140,372
40,141,298
40,142,288
40,144,146
40,147,326
40,153,515
40,159,581
40,165,309
40,194,538
40,201,167
40,205,171
40,229,31
40,235,479
40,237,64
40,243,382
40,251,350
40,255,349
40,268,315
40,299,315
41,2,493
41,4,298
41,5,120
41,8,406
41,10,359
41,11,148
41,12,239
41,13,115
41,16,224
41,19,70
41,24,349
41,25,506
41,31,517
41,32,218
41,33,102
41,35,305
41,36,183
41,37,520
41,38,199
41,39,479
41,40,532
41,42,16
41,43,247
41,45,509
41,48,505
41,49,345
41,50,102
41,52,33
41,57,464
41,61,335
41,63,65
41,68,368
41,69,325
41,82,388
41,83,46
41,84,367
41,86,309
41,92,143
41,93,274
41,94,103
41,95,198
41,99,187
41,101,183
41,103,374
41,107,247
41,123,120
41,125,71
41,131,372
41,149,181
41,150,177
41,161,510
41,166,221
41,174,31
41,175,292
41,183,81
41,195,286
41,203,539
41,208,244
41,212,437
41,224,397
41,230,334
41,237,292
41,245,302
41,248,558
41,274,13
41,293,262
41,300,435
42,1,373
42,2,223
42,4,402
42,5,457
42,6,358
42,7,209
42,11,35
42,16,79
42,17,56
42,18,281
42,24,323
42,25,539
42,26,105
42,27,598
42,29,98
42,30,470
42,31,399
42,36,159
42,37,361
42,39,293
42,41,16
42,43,442
42,45,221
42,46,156
42,47,478
42,48,59
42,54,504
42,55,215
42,57,70
42,58,293
42,59,71
42,64,219
42,65,119
42,66,520
42,70,209
42,71,96
42,74,112
42,75,482
42,86,78
42,87,386
42,91,67
42,95,434
42,100,168
42,102,235
42,103,25
42,105,428
42,112,500
42,116,92
42,118,199
42,131,564
42,136,319
42,137,506
42,139,497
42,142,146
42,143,71
42,147,47
42,152,50
42,164,266
42,166,199
42,174,325
42,177,60
42,178,130
42,179,82
42,185,36
42,193,440
42,198,278
42,215,512
42,216,231
42,230,593
42,232,419
42,245,172
42,259,542
42,266,49
42,269,498
42,272,64
42,284,183
42,288,386
43,2,88
43,5,287
43,7,519
43,8,215
43,14,88
43,20,532
43,21,119
43,23,577
43,24,143
43,27,246
43,28,257
43,29,370
43,31,543
43,32,211
43,35,304
43,36,448
43,37,334
43,39,495
43,40,548
43,41,247
43,42,442
43,44,190
43,46,234
43,47,578
43,51,363
43,60,462
43,61,321
43,62,169
43,65,281
43,68,276
43,71,10
43,73,466
43,75,482
43,76,381
43,78,342
43,81,556
43,82,547
43,83,181
43,85,286
43,91,341
43,93,380
43,102,171
43,105,33
43,108,146
43,110,105
43,112,96
43,118,463
43,120,508
43,122,600
43,124,26
43,146,322
43,170,125
43,172,528
43,176,282
43,177,147
43,189,126
43,192,246
43,205,82
43,206,506
43,210,506
43,227,292
43,241,43
43,258,283
43,299,559
44,2,408
44,3,544
44,4,223
44,5,220
44,7,135
44,9,233
44,14,434
44,15,397
44,17,178
44,18,415
44,22,21
44,23,249
44,25,179
44,27,237
44,28,275
44,29,373
44,31,285
44,32,504
44,34,101
44,35,334
44,43,190
44,45,383
44,46,432
44,47,566
44,48,268
44,49,393
44,50,321
44,51,30
44,52,97
44,54,26
44,55,13
44,56,91
44,59,299
44,60,422
44,61,462
44,64,492
44,65,444
44,69,36
44,78,577
44,80,438
44,83,351
44,92,503
44,96,49
44,97,484
44,103,321
44,104,62
44,119,383
44,124,233
44,132,147
44,134,232
44,136,355
44,139,324
44,142,538
44,144,568
44,149,359
44,151,302
44,156,297
44,157,439
44,163,488
44,175,534
44,179,395
44,183,76
44,189,7
44,196,153
44,216,326
44,235,114
44,242,449
44,249,246
44,252,307
44,264,235
44,273,333
44,282,469
44,287,329
44,294,46
44,297,440
45,2,378
45,5,582
45,8,113
45,9,28
45,10,368
45,11,528
45,13,137
45,14,36
45,17,166
45,18,518
45,19,461
45,22,166
45,24,40
45,25,21
45,28,581
45,33,256
45,34,379
45,35,532
45,37,268
45,38,361
45,41,509
45,42,221
45,44,383
45,47,256
45,49,96
45,51,371
45,52,384
45,54,442
45,57,34
45,64,574
45,65,462
45,66,571
45,71,577
45,73,8
45,74,19
45,78,429
45,82,95
45,85,55
45,88,127
45,92,17
45,94,426
45,95,551
45,99,479
45,106,285
45,110,306
45,113,501
45,118,302
45,121,495
45,125,293
45,130,99
45,131,444
45,134,449
45,135,80
45,136,442
45,138,356
45,142,497
45,148,287
45,169,99
45,170,213
45,192,278
45,193,420
45,197,56
45,208,207
45,212,581
45,213,271
45,217,377
45,248,304
45,267,54
45,277,357
46,2,67
46,3,461
46,4,538
46,6,166
46,8,240
46,11,523
46,13,119
46,15,366
46,17,191
46,18,43
46,20,238
46,23,451
46,25,372
46,26,169
46,27,577
46,28,175
46,29,242
46,35,227
46,39,121
46,42,156
46,43,234
46,44,432
46,50,535
46,51,532
46,52,79
46,53,254
46,55,492
46,60,11
46,62,273
46,63,540
46,67,495
46,69,422
46,70,456
46,71,28
46,72,573
46,74,302
46,80,470
46,81,167
46,83,273
46,86,21
46,89,300
46,91,497
46,93,245
46,98,104
46,111,200
46,116,191
46,122,423
46,133,431
46,135,596
46,144,534
46,147,459
46,152,481
46,160,313
46,173,553
46,180,465
46,181,220
46,183,235
46,206,408
46,209,64
46,225,98
46,232,172
46,248,381
46,255,222
46,257,291
46,268,57
46,281,581
46,297,565
47,4,483
47,7,1
47,8,92
47,9,498
47,11,370
47,12,409
47,14,312
47,15,217
47,20,482
47,21,210
47,22,33
47,23,85
47,24,251
47,26,119
47,27,319
47,29,546
47,40,116
47,42,478
47,43,578
47,44,566
47,45,256
47,50,315
47,52,210
47,54,491
47,55,149
47,57,73
47,58,47
47,62,274
47,67,86
47,69,550
47,70,269
47,75,178
47,88,421
47,90,349
47,94,410
47,97,258
47,99,478
47,110,103
47,111,254
47,114,382
47,116,212
47,118,347
47,121,501
47,122,168
47,124,161
47,137,314
47,156,309
47,161,212
47,163,148
47,171,20
47,172,261
47,177,301
47,179,393
47,187,31
47,191,258
47,202,325
47,205,385
47,206,191
47,233,42
47,239,123
47,240,373
47,252,211
47,260,288
47,264,341
47,279,108
47,289,382
48,2,263
48,3,267
48,4,166
48,6,66
48,7,49
48,10,599
48,14,366
48,15,164
48,16,186
48,17,182
48,18,570
48,20,81
48,21,267
48,24,6
48,28,129
48,29,9
48,30,520
48,33,147
48,34,195
48,37,59
48,41,505
48,42,59
48,44,268
48,53,146
48,54,217
48,56,224
48,57,585
48,59,373
48,60,371
48,62,42
48,63,410
48,65,259
48,68,385
48,70,586
48,71,521
48,72,225
48,76,568
48,80,270
48,82,91
48,83,116
48,86,562
48,88,1
48,94,524
48,98,285
48,99,192
48,100,88
48,104,165
48,106,301
48,116,261
48,121,250
48,124,157
48,130,123
48,133,523
48,142,262
48,146,546
48,148,507
48,156,28
48,162,89
48,178,418
48,180,239
48,191,289
48,212,118
48,216,253
48,239,480
48,241,227
48,242,230
48,243,258
48,250,356
48,267,42
48,269,128
49,3,490
49,5,478
49,6,572
49,9,98
49,11,251
49,12,17
49,13,300
49,14,61
49,15,37
49,16,520
49,19,279
49,20,108
49,25,274
49,26,463
49,27,3
49,28,504
49,30,273
49,31,341
49,32,285
49,35,453
49,36,436
49,37,41
49,40,417
49,41,345
49,44,393
49,45,96
49,55,527
49,56,66
49,60,399
49,65,496
49,67,477
49,68,83
49,74,518
49,75,231
49,78,180
49,84,210
49,86,595
49,88,234
49,93,15
49,102,86
49,109,108
49,118,430
49,119,168
49,121,163
49,125,364
49,126,48
49,133,64
49,135,496
49,141,22
49,143,224
49,148,226
49,150,154
49,162,230
49,165,122
49,166,346
49,169,457
49,175,56
49,178,87
49,182,329
49,184,5
49,187,132
49,188,552
49,193,558
49,209,363
49,216,450
49,221,183
49,225,491
49,226,536
49,228,537
49,231,537
49,239,472
49,244,261
49,258,371
49,262,200
49,265,111
49,282,11
49,286,554
50,2,522
50,4,549
50,8,45
50,9,419
50,10,93
50,11,255
50,13,213
50,14,557
50,15,30
50,17,416
50,18,182
50,22,297
50,25,72
50,26,47
50,30,488
50,33,189
50,34,129
50,35,257
50,39,180
50,41,102
50,44,321
50,46,535
50,47,315
50,51,90
50,53,261
50,54,114
50,55,109
50,56,177
50,57,561
50,62,73
50,63,505
50,65,512
50,69,149
50,70,483
50,71,317
50,78,258
50,82,440
50,83,309
50,85,545
50,87,591
50,90,87
50,92,236
50,94,215
50,100,156
50,102,357
50,103,363
50,106,70
50,115,541
50,117,599
50,119,466
50,125,372
50,157,467
50,173,217
50,176,206
50,183,440
50,193,309
50,212,246
50,214,595
50,234,417
50,235,18
50,237,197
50,247,19
50,255,20
50,284,83
50,297,548
51,1,10
51,6,365
51,7,111
51,12,399
51,18,31
51,19,576
51,22,313
51,27,87
51,28,240
51,31,512
51,32,346
51,33,369
51,35,61
51,37,472
51,39,145
51,43,363
51,44,30
51,45,371
51,46,532
51,50,90
51,52,434
51,53,442
51,65,60
51,67,517
51,73,301
51,76,178
51,77,108
51,78,512
51,80,242
51,82,313
51,87,567
51,90,351
51,93,362
51,96,561
51,99,115
51,100,359
51,107,26
51,114,570
51,118,316
51,125,530
51,144,138
51,145,591
51,160,204
51,161,81
51,167,310
51,180,351
51,186,198
51,216,190
51,234,118
51,240,113
51,273,561
51,282,371
51,283,80
51,289,247
52,2,517
52,3,392
52,7,516
52,9,162
52,10,141
52,11,123
52,12,473
52,14,355
52,25,248
52,26,113
52,27,592
52,28,416
52,31,89
52,33,179
52,35,99
52,38,183
52,41,33
52,44,97
52,45,384
52,46,79
52,47,210
52,51,434
52,55,63
52,57,299
52,58,328
52,60,530
52,62,492
52,63,308
52,65,599
52,71,67
52,75,259
52,76,389
52,85,158
52,87,141
52,88,133
52,90,428
52,92,534
52,96,61
52,100,359
52,110,95
52,115,221
52,122,571
52,134,420
52,136,273
52,148,55
52,152,362
52,165,262
52,168,570
52,178,270
52,184,309
52,192,296
52,195,186
52,198,488
52,211,594
52,212,599
52,221,83
52,223,237
52,224,565
52,230,270
52,231,562
52,234,501
52,237,427
52,238,120
52,243,86
52,248,310
52,269,233
52,282,494
52,290,225
52,291,82
52,295,267
52,300,36
53,3,116
53,5,86
53,6,381
53,8,376
53,9,454
53,11,476
53,13,163
53,16,260
53,17,95
53,18,126
53,20,390
53,21,144
53,30,216
53,33,343
53,37,208
53,39,274
53,46,254
53,48,146
53,50,261
53,51,442
53,54,461
53,56,447
53,59,15
53,60,387
53,63,189
53,64,453
53,66,441
53,67,134
53,68,598
53,72,80
53,74,136
53,75,459
53,79,468
53,80,521
53,83,492
53,85,36
53,89,596
53,97,35
53,98,209
53,99,24
53,107,415
53,110,56
53,112,527
53,113,551
53,118,451
53,133,361
53,134,590
53,145,431
53,149,413
53,150,252
53,154,562
53,165,152
53,166,355
53,187,424
53,193,590
53,215,442
53,226,73
53,233,264
53,237,124
53,253,490
53,261,320
53,267,136
53,272,172
53,277,421
53,282,419
53,287,339
53,288,149
53,291,201
54,1,416
54,3,471
54,5,271
54,9,42
54,11,187
54,15,500
54,16,472
54,17,386
54,19,571
54,20,188
54,21,27
54,22,34
54,24,558
54,26,293
54,27,457
54,29,169
54,32,254
54,37,17
54,38,546
54,42,504
54,44,26
54,45,442
54,47,491
54,48,217
54,50,114
54,53,461
54,55,199
54,64,452
54,65,91
54,66,424
54,67,310
54,68,535
54,69,447
54,70,93
54,73,255
54,77,82
54,79,63
54,84,564
54,88,352
54,90,126
54,92,20
54,97,483
54,99,426
54,102,378
54,103,274
54,105,67
54,109,421
54,115,558
54,116,207
54,117,564
54,124,88
54,128,563
54,132,328
54,134,506
54,137,78
54,140,39
54,145,135
54,153,249
54,155,494
