source,target,weight
1,2,410
1,3,319
1,4,156
1,5,165
1,6,222
1,7,149
1,8,4
1,10,264
1,14,578
1,16,527
1,17,105
1,19,508
1,22,490
1,25,114
1,26,195
1,27,147
1,30,407
1,31,121
1,34,369
1,35,43
1,36,269
1,38,373
1,39,538
1,44,349
1,45,370
1,49,305
1,51,242
1,53,73
1,54,593
1,56,100
1,57,529
1,58,285
1,59,38
1,61,454
1,64,180
1,68,441
1,69,35
1,71,534
1,72,310
1,74,289
1,76,557
1,81,400
1,84,561
1,100,509
1,102,591
1,105,271
1,106,206
1,110,554
1,113,70
1,116,435
1,121,161
1,123,540
1,131,6
1,135,93
1,137,386
1,141,34
1,143,104
1,156,78
1,157,306
1,160,317
1,162,103
1,168,499
1,178,324
1,184,392
1,190,353
1,194,77
1,201,76
1,203,69
1,219,144
1,220,408
1,224,457
1,225,168
1,229,381
1,233,244
1,234,489
1,235,71
1,239,260
1,240,487
1,248,536
1,263,252
1,276,368
1,277,371
1,293,274
2,1,410
2,3,462
2,5,84
2,6,267
2,7,524
2,12,478
2,15,221
2,17,277
2,18,432
2,21,399
2,23,519
2,24,453
2,25,409
2,26,473
2,28,88
2,29,80
2,30,155
2,31,478
2,32,240
2,33,535
2,34,587
2,35,311
2,36,270
2,37,13
2,39,291
2,42,84
2,45,477
2,46,471
2,47,509
2,50,179
2,52,472
2,53,546
2,54,233
2,55,83
2,57,318
2,58,390
2,59,567
2,60,257
2,61,132
2,62,375
2,63,465
2,66,540
2,71,6
2,72,280
2,77,21
2,79,252
2,81,23
2,87,251
2,88,490
2,94,442
2,96,68
2,97,287
2,98,566
2,100,308
2,101,215
2,104,14
2,105,189
2,109,102
2,113,281
2,114,585
2,115,490
2,117,381
2,122,104
2,123,292
2,128,395
2,130,79
2,132,378
2,138,236
2,142,87
2,146,24
2,159,125
2,163,123
2,164,104
2,167,354
2,172,417
2,173,434
2,175,95
2,185,141
2,186,553
2,202,503
2,203,330
2,211,577
2,214,168
2,227,105
2,234,182
2,235,342
2,236,201
2,240,152
2,249,557
2,260,478
2,261,468
2,269,446
2,276,505
2,283,412
3,1,319
3,2,462
3,4,479
3,6,19
3,8,530
3,9,348
3,10,251
3,11,277
3,12,339
3,14,140
3,15,11
3,16,535
3,17,346
3,18,55
3,20,82
3,23,450
3,24,125
3,26,91
3,27,328
3,28,203
3,29,38
3,32,446
3,33,271
3,39,452
3,40,5
3,41,559
3,42,328
3,43,549
3,44,329
3,47,530
3,48,305
3,51,565
3,53,112
3,55,365
3,60,188
3,61,392
3,62,515
3,71,168
3,73,186
3,74,14
3,77,48
3,78,410
3,79,81
3,80,204
3,82,456
3,83,476
3,84,42
3,87,210
3,90,383
3,91,269
3,92,551
3,94,597
3,95,215
3,98,562
3,100,201
3,101,436
3,103,59
3,106,86
3,107,87
3,115,282
3,119,407
3,120,577
3,122,12
3,123,115
3,124,232
3,138,46
3,142,94
3,145,386
3,153,103
3,155,250
3,157,550
3,158,120
3,162,590
3,165,407
3,173,554
3,175,353
3,180,206
3,199,95
3,204,198
3,207,45
3,245,203
3,247,58
3,262,6
3,264,145
3,268,235
3,270,473
3,279,517
3,285,57
3,294,436
4,1,156
4,3,479
4,5,596
4,6,384
4,7,571
4,9,387
4,11,500
4,12,390
4,13,247
4,14,439
4,15,214
4,16,344
4,17,347
4,18,389
4,19,234
4,20,532
4,21,215
4,22,571
4,24,322
4,25,341
4,26,453
4,27,241
4,29,412
4,30,572
4,31,456
4,32,115
4,34,107
4,35,264
4,38,210
4,39,36
4,40,294
4,41,183
4,42,262
4,44,460
4,46,56
4,50,439
4,51,248
4,58,466
4,61,553
4,68,177
4,71,528
4,72,586
4,75,429
4,76,154
4,78,203
4,80,154
4,82,145
4,91,589
4,94,196
4,100,175
4,109,38
4,120,45
4,121,450
4,137,383
4,139,399
4,141,565
4,142,299
4,144,503
4,146,112
4,151,465
4,157,305
4,163,342
4,169,524
4,185,599
4,186,584
4,200,354
4,205,305
4,208,173
4,216,549
4,217,93
4,219,552
4,220,293
4,222,402
4,224,367
4,226,331
4,227,404
4,228,337
4,229,29
4,230,533
4,239,1
4,244,300
4,252,377
4,255,277
4,257,540
4,258,468
4,259,92
4,261,596
4,272,530
4,288,191
5,1,165
5,2,84
5,4,596
5,7,147
5,8,297
5,10,587
5,11,325
5,12,286
5,14,361
5,15,131
5,16,463
5,17,72
5,18,514
5,19,410
5,20,530
5,22,110
5,24,419
5,25,155
5,26,436
5,27,205
5,29,306
5,30,86
5,33,545
5,34,57
5,35,398
5,36,539
5,38,398
5,39,563
5,46,74
5,50,190
5,51,395
5,52,315
5,54,472
5,55,147
5,56,591
5,57,596
5,59,150
5,61,433
5,63,451
5,64,6
5,65,377
5,66,515
5,68,124
5,74,31
5,75,415
5,77,441
5,78,119
5,82,57
5,83,10
5,84,455
5,86,31
5,88,552
5,91,505
5,94,365
5,97,179
5,99,174
5,100,512
5,101,588
5,102,354
5,103,172
5,108,287
5,111,494
5,112,451
5,116,198
5,122,14
5,123,250
5,125,516
5,131,80
5,141,319
5,143,387
5,146,429
5,147,368
5,149,517
5,158,14
5,159,84
5,165,239
5,178,409
5,183,454
5,184,115
5,185,366
5,186,541
5,187,564
5,189,142
5,198,245
5,209,393
5,219,568
5,227,493
5,237,60
5,245,496
5,252,566
5,255,496
5,256,167
5,264,376
5,269,283
5,272,7
5,280,286
5,295,316
5,300,164
6,1,222
6,2,267
6,3,19
6,4,384
6,8,109
6,9,99
6,10,432
6,11,549
6,12,139
6,18,52
6,19,371
6,20,119
6,22,390
6,23,324
6,25,210
6,26,71
6,28,571
6,29,426
6,31,581
6,32,290
6,33,117
6,34,318
6,36,510
6,40,168
6,41,383
6,42,536
6,43,221
6,44,515
6,46,187
6,47,157
6,48,290
6,49,440
6,52,181
6,53,265
6,54,448
6,57,470
6,59,574
6,60,334
6,64,487
6,68,4
6,70,278
6,73,37
6,76,96
6,80,378
6,82,319
6,83,243
6,85,341
6,87,362
6,90,296
6,95,481
6,98,480
6,101,17
6,107,152
6,108,442
6,109,194
6,111,527
6,112,25
6,117,133
6,119,266
6,124,551
6,131,34
6,142,242
6,143,86
6,149,188
6,153,178
6,155,462
6,157,320
6,159,544
6,164,87
6,165,70
6,166,296
6,167,230
6,168,197
6,171,10
6,172,238
6,173,112
6,181,52
6,189,582
6,195,489
6,201,540
6,209,494
6,216,307
6,217,28
6,222,342
6,224,236
6,225,333
6,229,537
6,236,145
6,238,316
6,245,179
6,251,577
6,260,248
6,261,127
6,267,512
6,274,231
6,281,534
6,293,455
6,296,90
6,300,387
7,1,149
7,2,524
7,4,571
7,5,147
7,8,244
7,9,179
7,10,97
7,11,555
7,12,395
7,13,73
7,14,222
7,15,565
7,16,100
7,17,334
7,18,286
7,20,7
7,22,2
7,23,306
7,24,14
7,25,565
7,26,600
7,27,228
7,28,549
7,30,251
7,31,121
7,32,586
7,35,152
7,37,197
7,38,142
7,39,386
7,41,171
7,42,135
7,43,441
7,45,5
7,46,362
7,47,88
7,48,532
7,51,346
7,52,62
7,53,448
7,54,327
7,55,36
7,57,600
7,58,295
7,60,142
7,62,478
7,64,576
7,65,424
7,66,216
7,67,53
7,69,286
7,70,167
7,72,158
7,74,195
7,75,518
7,77,482
7,78,499
7,80,583
7,85,322
7,91,143
7,94,159
7,95,340
7,97,117
7,98,536
7,101,319
7,103,498
7,104,588
7,108,96
7,111,300
7,115,169
7,116,228
7,117,579
7,120,418
7,125,507
7,129,460
7,132,385
7,133,114
7,139,135
7,145,131
7,157,370
7,158,438
7,159,281
7,167,50
7,174,422
7,175,359
7,179,241
7,180,426
7,183,63
7,184,87
7,186,87
7,193,334
7,194,515
7,195,240
7,196,96
7,201,59
7,208,209
7,212,18
7,218,379
7,229,292
7,235,217
7,241,54
7,245,380
7,248,255
7,250,434
7,254,220
7,257,199
7,258,300
7,259,524
7,263,342
7,279,415
7,281,109
7,282,131
7,289,148
8,1,4
8,3,530
8,5,297
8,6,109
8,7,244
8,9,243
8,11,443
8,12,72
8,13,141
8,14,236
8,16,342
8,17,62
8,21,366
8,22,406
8,24,565
8,25,506
8,29,555
8,30,434
8,31,178
8,35,27
8,36,309
8,37,149
8,38,179
8,39,493
8,42,255
8,44,3
8,45,42
8,49,158
8,50,396
8,52,535
8,54,9
8,56,408
8,57,360
8,59,246
8,60,595
8,61,370
8,62,512
8,63,329
8,65,308
8,68,283
8,70,463
8,73,517
8,78,38
8,79,69
8,82,429
8,87,190
8,91,84
8,92,588
8,93,246
8,96,311
8,97,294
8,98,403
8,100,156
8,101,416
8,103,392
8,105,525
8,108,500
8,119,407
8,127,70
8,129,385
8,130,279
8,132,115
8,134,541
8,135,206
8,141,60
8,143,378
8,147,234
8,158,248
8,164,285
8,165,420
8,167,360
8,168,510
8,171,520
8,177,35
8,180,284
8,181,377
8,188,377
8,191,240
8,192,98
8,201,352
8,206,577
8,207,561
8,210,282
8,211,502
8,213,431
8,216,25
8,219,512
8,226,13
8,230,455
8,234,247
8,254,20
8,255,527
8,259,577
8,262,364
8,264,437
8,265,75
8,269,503
8,284,17
8,288,452
8,295,291
8,298,369
8,299,277
9,3,348
9,4,387
9,6,99
9,7,179
9,8,243
9,10,574
9,11,14
9,13,55
9,14,336
9,16,151
9,17,525
9,18,21
9,21,549
9,23,343
9,24,236
9,25,559
9,26,176
9,27,430
9,29,167
9,31,518
9,32,497
9,33,165
9,34,537
9,35,250
9,38,477
9,42,441
9,44,546
9,45,63
9,46,265
9,49,471
9,50,238
9,51,517
9,53,499
9,54,279
9,55,270
9,58,543
9,59,40
9,60,78
9,62,475
9,63,21
9,65,256
9,66,359
9,69,378
9,71,58
9,75,246
9,76,203
9,81,255
9,83,373
9,86,205
9,88,285
9,95,289
9,99,498
9,100,422
9,104,517
9,116,570
9,119,596
9,122,570
9,124,105
9,126,558
9,128,348
9,131,309
9,137,67
9,153,465
9,155,584
9,163,98
9,167,302
9,168,341
9,170,515
9,181,93
9,209,589
9,211,329
9,214,98
9,217,419
9,218,297
9,220,366
9,249,313
9,251,328
9,257,175
9,260,395
9,272,79
9,274,574
9,275,127
9,283,263
9,290,115
9,298,339
9,300,48
10,1,264
10,3,251
10,5,587
10,6,432
10,7,97
10,9,574
10,11,495
10,12,106
10,13,560
10,15,463
10,16,535
10,18,202
10,19,323
10,20,381
10,21,431
10,23,520
10,24,101
10,25,233
10,26,333
10,27,444
10,28,555
10,29,104
10,30,476
10,33,450
10,34,158
10,35,193
10,37,452
10,38,292
10,41,510
10,42,528
10,44,58
10,45,432
10,46,308
10,47,401
10,48,438
10,51,31
10,56,420
10,57,350
10,59,109
10,60,180
10,61,20
10,62,384
10,63,251
10,64,567
10,65,347
10,66,41
10,68,352
10,69,453
10,70,164
10,73,546
10,74,426
10,75,337
10,76,558
10,77,533
10,78,262
10,79,529
10,83,573
10,84,93
10,87,572
10,90,325
10,92,382
10,93,109
10,94,42
10,104,232
10,105,329
10,107,331
10,112,528
10,118,289
10,122,284
10,123,227
10,134,209
10,136,239
10,137,428
10,143,354
10,147,352
10,148,282
10,158,491
10,161,245
10,166,43
10,170,398
10,173,405
10,175,71
10,176,172
10,179,395
10,190,381
10,192,448
10,193,379
10,194,483
10,206,129
10,208,85
10,209,238
10,226,276
10,228,406
10,236,189
10,237,349
10,247,504
10,253,21
10,259,479
10,274,340
10,279,498
10,295,79
11,3,277
11,4,500
11,5,325
11,6,549
11,7,555
11,8,443
11,9,14
11,10,495
11,13,493
11,16,430
11,17,449
11,18,22
11,19,450
11,20,597
11,21,303
11,22,439
11,25,221
11,26,506
11,27,440
11,28,124
11,30,514
11,32,520
11,34,199
11,35,20
11,36,172
11,37,4
11,38,338
11,40,78
11,41,115
11,42,4
11,43,45
11,44,263
11,45,178
11,46,182
11,48,584
11,49,58
11,50,138
11,52,433
11,53,146
11,54,480
11,55,200
11,58,552
11,59,572
11,60,85
11,63,207
11,65,35
11,66,371
11,67,171
11,73,34
11,74,528
11,75,585
11,77,104
11,79,28
11,81,572
11,82,568
11,84,259
11,86,86
11,93,142
11,95,127
11,98,554
11,99,523
11,100,316
11,102,52
11,105,40
11,106,486
11,108,66
11,109,577
11,113,101
11,117,65
11,120,535
11,122,562
11,127,364
11,129,176
11,132,464
11,144,431
11,147,124
11,151,583
11,164,171
11,171,205
11,173,396
11,175,451
11,177,248
11,181,351
11,182,223
11,184,378
11,192,258
11,193,544
11,212,190
11,213,355
11,218,357
11,219,418
11,228,495
11,231,430
11,233,562
11,237,323
11,239,345
11,240,63
11,247,465
11,251,39
11,256,170
11,260,46
11,265,207
11,272,240
11,273,8
11,280,211
11,283,205
11,285,148
11,287,356
11,291,215
11,296,68
12,2,478
12,3,339
12,4,390
12,5,286
12,6,139
12,7,395
12,8,72
12,10,106
12,13,79
12,15,266
12,20,531
12,21,467
12,22,276
12,23,403
12,25,308
12,26,502
12,27,386
12,29,229
12,33,219
12,36,377
12,37,6
12,39,295
12,43,80
12,44,397
12,45,449
12,46,264
12,47,221
12,48,443
12,49,24
12,51,46
12,56,144
12,60,428
12,61,13
12,62,415
12,63,273
12,66,11
12,67,70
12,70,351
12,77,591
12,78,249
12,80,238
12,85,8
12,87,375
12,89,503
12,97,333
12,99,559
12,100,253
12,108,364
12,109,186
12,114,573
12,117,397
12,118,203
12,122,522
12,127,31
12,130,104
12,131,92
12,133,539
12,136,25
12,137,514
12,140,482
12,141,180
12,144,406
12,147,7
12,152,373
12,167,231
12,172,294
12,176,99
12,183,441
12,190,422
12,203,173
12,208,468
12,213,409
12,214,218
12,221,99
12,226,181
12,241,85
12,242,491
12,244,275
12,246,381
12,248,137
12,252,431
12,254,228
12,258,231
12,278,151
12,285,463
13,4,247
13,7,73
13,8,141
13,9,55
13,10,560
13,11,493
13,12,79
13,14,98
13,15,395
13,16,149
13,18,149
13,20,262
13,23,250
13,24,117
13,29,329
13,30,265
13,32,499
13,33,310
13,36,202
13,38,539
13,39,31
13,40,467
13,41,307
13,44,365
13,46,535
13,47,313
13,48,327
13,49,9
13,52,228
13,53,341
13,57,170
13,59,591
13,65,84
13,70,475
13,71,340
13,72,68
13,73,64
13,75,166
13,78,559
13,79,176
13,80,178
13,83,417
13,87,250
13,88,376
13,89,423
13,91,582
13,96,570
13,99,414
13,102,490
13,103,105
13,105,119
13,108,283
13,110,192
13,111,425
13,112,386
13,116,84
13,117,463
13,118,449
13,122,128
13,129,111
13,133,517
13,137,29
13,144,268
13,145,398
13,146,463
13,149,597
13,150,41
13,152,429
13,154,28
13,155,585
13,165,578
13,171,485
13,186,201
13,192,313
13,198,307
13,205,153
13,207,4
13,215,525
13,220,501
13,221,267
13,230,287
13,242,487
13,250,164
13,252,157
13,254,154
13,266,88
13,276,167
13,278,373
13,285,124
13,286,526
13,287,200
13,289,102
13,300,237
14,1,578
14,3,140
14,4,439
14,5,361
14,7,222
14,8,236
14,9,336
14,13,98
14,15,75
14,16,128
14,17,98
14,19,443
14,20,247
14,21,579
14,25,30
14,27,189
14,28,377
14,29,234
14,31,143
14,33,312
14,35,288
14,38,563
14,39,409
14,40,144
14,42,414
14,44,315
14,46,127
14,48,549
14,49,186
14,51,180
14,53,456
14,54,24
14,62,332
14,63,36
14,65,188
14,66,182
14,67,198
14,70,352
14,72,436
14,75,391
14,76,18
14,78,292
14,80,283
14,82,427
14,83,173
14,85,581
14,86,373
14,89,118
14,97,72
14,98,382
14,100,593
14,101,506
14,104,594
14,107,257
14,108,551
14,110,243
14,114,129
14,116,382
14,122,196
14,132,598
14,136,12
14,137,207
14,143,128
14,146,148
14,147,374
14,149,538
14,151,167
14,166,101
14,169,39
14,178,364
14,180,306
14,194,164
14,209,301
14,215,338
14,224,288
14,227,240
14,233,250
14,238,311
14,240,485
14,246,519
14,259,67
14,262,125
14,264,575
14,268,254
14,269,562
14,270,40
14,271,423
14,276,272
14,288,530
14,292,249
14,293,531
14,295,197
14,299,353
15,2,221
15,3,11
15,4,214
15,5,131
15,7,565
15,10,463
15,12,266
15,13,395
15,14,75
15,20,479
15,21,46
15,23,105
15,24,83
15,25,185
15,26,94
15,27,596
15,28,448
15,29,353
15,30,503
15,31,127
15,32,490
15,35,437
15,36,188
15,37,577
15,38,579
15,40,351
15,41,461
15,42,283
15,43,208
15,45,419
15,47,527
15,50,283
15,51,473
15,52,599
15,53,340
15,55,506
15,56,486
15,58,552
15,60,250
15,61,121
15,62,319
15,63,162
15,64,219
15,65,515
15,68,533
15,70,255
15,71,220
15,73,488
15,74,455
15,76,234
15,78,106
15,79,361
15,80,148
15,84,600
15,85,474
15,88,549
15,89,337
15,91,352
15,93,75
15,94,462
15,95,581
15,96,215
15,97,274
15,98,592
15,99,390
15,104,561
15,108,429
15,111,208
15,113,231
15,114,155
15,118,480
15,119,443
15,120,390
15,123,114
15,126,507
15,128,426
15,129,546
15,130,311
15,131,423
15,147,523
15,153,28
15,160,530
15,163,112
15,164,415
15,175,530
15,193,580
15,196,581
15,198,513
15,210,233
15,214,172
15,215,529
15,227,253
15,234,82
15,240,480
15,242,103
15,244,482
15,251,12
15,253,117
15,258,557
15,259,154
15,261,209
15,263,547
15,278,45
15,280,499
15,290,311
15,297,593
15,299,86
16,1,527
16,3,535
16,4,344
16,5,463
16,7,100
16,8,342
16,9,151
16,10,535
16,11,430
16,13,149
16,14,128
16,17,154
16,19,284
16,20,578
16,22,308
16,27,390
16,28,197
16,29,368
16,31,121
16,32,406
16,34,580
16,35,111
16,37,44
16,38,11
16,39,318
16,40,123
16,41,429
16,44,585
16,46,329
16,47,309
16,48,390
16,50,592
16,52,332
16,53,581
16,55,490
16,57,552
16,60,483
16,64,156
16,66,504
16,68,282
16,70,197
16,71,131
16,72,347
16,74,324
16,75,491
16,84,447
16,87,319
16,91,550
16,99,49
16,101,2
16,102,21
16,105,257
16,109,391
16,110,484
16,117,270
16,120,237
16,121,292
16,124,309
16,128,317
16,131,36
16,132,28
16,139,158
16,140,133
16,142,373
16,145,392
16,150,61
16,155,313
16,158,374
16,160,210
16,172,186
16,173,45
16,179,157
16,182,79
16,189,592
16,197,229
16,200,235
16,204,249
16,207,12
16,210,449
16,219,147
16,231,94
16,236,354
16,238,62
16,239,501
16,240,184
16,242,100
16,244,393
16,255,578
16,256,426
16,259,410
16,261,486
16,265,39
16,269,339
16,277,432
16,278,23
17,1,105
17,2,277
17,3,346
17,4,347
17,5,72
17,7,334
17,8,62
17,9,525
17,11,449
17,14,98
17,16,154
17,18,561
17,21,164
17,22,568
17,23,360
17,24,239
17,25,217
17,26,299
17,27,77
17,28,118
17,29,253
17,30,302
17,31,173
17,32,505
17,33,383
17,35,544
17,37,385
17,38,209
17,39,338
17,41,186
17,42,284
17,43,253
17,44,424
17,46,335
17,48,199
17,50,282
17,52,560
17,53,564
17,56,499
17,57,94
17,58,239
17,60,393
17,64,285
17,65,488
17,66,142
17,68,273
17,69,224
17,71,330
17,73,218
17,76,122
17,77,252
17,78,165
17,80,144
17,82,431
17,84,9
17,89,346
17,91,217
17,93,164
17,94,322
17,106,564
17,110,309
17,112,316
17,116,2
17,119,94
17,121,112
17,122,595
17,123,314
17,125,293
17,127,511
17,128,70
17,130,338
17,132,576
17,140,9
17,146,488
17,152,301
17,161,195
17,169,316
17,170,311
17,173,59
17,187,285
17,207,122
17,212,87
17,214,412
17,217,401
17,228,88
17,229,551
17,238,589
17,244,583
17,247,193
17,254,142
17,260,291
17,263,560
17,267,443
17,268,508
17,271,500
17,272,257
17,273,367
17,282,336
17,285,462
18,2,432
18,3,55
18,4,389
18,5,514
18,6,52
18,7,286
18,9,21
18,10,202
18,11,22
18,13,149
18,17,561
18,19,552
18,20,321
18,21,21
18,24,557
18,25,26
18,26,283
18,27,84
18,28,111
18,29,258
18,31,597
18,32,505
18,34,96
18,36,319
18,37,102
18,38,444
18,43,339
18,44,515
18,45,267
18,46,444
18,49,541
18,50,312
18,51,65
18,52,87
18,54,51
18,55,198
18,59,317
18,60,357
18,61,20
18,66,314
18,68,506
18,70,236
18,71,60
18,72,114
18,74,558
18,75,483
18,77,478
18,79,222
18,80,303
18,81,593
18,83,96
18,85,499
18,86,276
18,87,186
18,90,408
18,92,153
18,95,241
18,96,416
18,100,585
18,103,547
18,110,274
18,115,304
18,117,546
18,118,202
18,124,207
18,125,189
18,126,214
18,127,260
18,133,186
18,137,79
18,139,449
18,145,475
18,150,495
18,154,183
18,158,547
18,162,148
18,165,5
18,170,125
18,171,351
18,176,407
18,183,15
18,191,583
18,193,333
18,201,469
18,205,579
18,221,92
18,229,506
18,241,459
18,254,332
18,267,565
18,274,209
18,275,213
18,289,120
18,290,453
18,293,139
18,297,529
19,1,508
19,4,234
19,5,410
19,6,371
19,10,323
19,11,450
19,14,443
19,16,284
19,18,552
19,20,436
19,21,69
19,22,134
19,23,324
19,24,430
19,26,586
19,30,538
19,31,32
19,32,384
19,33,391
19,36,544
19,37,8
19,38,160
19,39,66
19,41,327
19,43,252
19,44,102
19,45,421
19,46,234
19,49,350
19,50,379
19,53,341
19,55,324
19,56,143
19,58,85
19,59,514
19,61,219
19,63,467
19,64,2
19,65,71
19,66,169
19,67,227
19,68,493
19,72,111
19,74,492
19,78,91
19,80,1
19,82,462
19,83,161
19,84,179
19,85,457
19,86,278
19,88,573
19,89,574
19,91,328
19,94,506
19,99,165
19,100,391
19,101,576
19,102,398
19,103,299
19,111,562
19,112,240
19,115,133
19,120,69
19,125,560
19,126,429
19,127,189
19,131,117
19,137,363
19,144,471
19,151,517
19,157,109
19,160,317
19,163,331
19,167,436
19,169,565
19,172,321
19,180,165
19,182,350
19,191,7
19,198,267
19,200,328
19,208,62
19,212,266
19,218,331
19,219,230
19,229,474
19,230,475
19,238,291
19,244,566
19,245,235
19,253,152
19,258,70
19,265,232
19,272,534
19,295,458
20,3,82
20,4,532
20,5,530
20,6,119
20,7,7
20,10,381
20,11,597
20,12,531
20,13,262
20,14,247
20,15,479
20,16,578
20,18,321
20,19,436
20,21,307
20,22,201
20,23,374
20,26,386
20,28,113
20,29,148
20,30,242
20,32,368
20,33,261
20,36,45
20,38,106
20,39,400
20,40,524
20,41,221
20,42,14
20,43,392
20,44,535
20,45,332
20,48,596
20,49,168
20,54,581
20,55,257
20,56,457
20,57,477
20,60,55
20,64,280
20,68,347
20,69,497
20,70,384
20,76,102
20,77,230
20,78,522
20,80,151
20,82,356
20,84,391
20,86,409
20,97,64
20,100,32
20,101,249
20,102,126
20,106,328
20,107,285
20,109,35
20,113,531
20,118,161
20,121,413
20,125,375
20,128,249
20,129,576
20,132,29
20,133,211
20,135,118
20,142,210
20,144,118
20,147,553
20,151,19
20,153,552
20,155,151
20,166,12
20,167,43
20,171,600
20,175,29
20,177,468
20,178,401
20,180,544
20,183,276
20,184,593
20,188,21
20,190,540
20,198,559
20,202,519
20,204,343
20,206,108
20,207,394
20,208,573
20,212,200
20,214,570
20,217,92
20,218,20
20,230,572
20,233,56
20,238,382
20,241,402
20,247,167
20,252,414
20,260,93
20,265,178
20,269,173
20,277,215
20,279,478
20,299,19
20,300,516
21,2,399
21,4,215
21,8,366
21,9,549
21,10,431
21,11,303
21,12,467
21,14,579
21,15,46
21,17,164
21,18,21
21,19,69
21,20,307
21,22,135
21,26,373
21,27,192
21,28,13
21,29,463
21,31,85
21,32,394
21,33,406
21,34,482
21,35,64
21,37,458
21,38,64
21,41,484
21,42,105
21,44,273
21,46,497
21,48,150
21,50,423
21,51,365
21,52,376
21,55,542
21,57,239
21,58,69
21,60,252
21,61,186
21,64,538
21,65,447
21,67,178
21,68,69
21,69,434
21,70,521
21,73,89
21,74,494
21,75,388
21,77,331
21,79,51
21,80,452
21,81,550
21,88,536
21,93,144
21,97,334
21,98,552
21,101,555
21,106,291
21,108,13
21,112,565
21,117,144
21,120,274
21,125,113
21,126,346
21,127,496
21,128,268
21,135,390
21,136,435
21,137,85
21,144,433
21,150,127
21,152,164
21,168,431
21,169,218
21,174,468
21,176,265
21,180,374
21,181,131
21,193,182
21,197,348
21,201,281
21,204,185
21,211,104
21,214,36
21,219,327
21,223,297
21,224,468
21,225,68
21,240,599
21,243,92
21,244,218
21,245,275
21,253,430
21,269,361
21,279,551
22,1,490
22,4,571
22,5,110
22,6,390
22,7,2
22,8,406
22,11,439
22,12,276
22,16,308
22,17,568
22,19,134
22,20,201
22,21,135
22,23,187
22,24,167
22,30,454
22,31,95
22,32,227
22,33,264
22,34,442
22,37,563
22,38,103
22,39,562
22,40,457
22,42,21
22,45,65
22,47,551
22,51,130
22,52,99
22,54,104
22,56,452
22,57,12
22,58,382
22,59,260
22,61,307
22,63,370
22,64,239
22,66,63
22,69,121
22,73,414
22,75,370
22,80,248
22,82,365
22,83,337
22,84,232
22,89,35
22,91,79
22,92,210
22,93,267
22,95,553
22,97,453
22,100,147
22,101,3
22,104,276
22,107,311
22,108,276
22,110,11
22,115,204
22,118,407
22,121,408
22,131,476
22,132,162
22,134,390
22,142,63
22,147,39
22,150,256
22,154,357
22,159,572
22,186,207
22,191,23
22,194,234
22,197,47
22,205,293
22,207,509
22,208,93
22,209,499
22,212,513
22,215,269
22,220,444
22,247,316
22,255,190
22,258,347
22,259,520
22,260,189
22,261,369
22,262,209
22,264,393
22,265,563
22,277,320
22,282,478
23,2,519
23,3,450
23,6,324
23,7,306
23,9,343
23,10,520
23,12,403
23,13,250
23,15,105
23,17,360
23,19,324
23,20,374
23,22,187
23,24,117
23,29,453
23,31,259
23,35,59
23,39,185
23,40,154
23,42,245
23,43,403
23,44,548
23,45,60
23,46,17
23,47,369
23,48,352
23,49,72
23,50,265
23,51,180
23,52,115
23,55,2
23,57,169
23,58,113
23,59,458
23,60,135
23,61,80
23,62,546
23,63,587
23,64,309
23,65,10
23,66,290
23,67,366
23,68,271
23,69,234
23,71,129
23,72,574
23,73,34
23,75,143
23,78,360
23,79,321
23,80,10
23,84,160
23,93,515
23,95,192
23,98,577
23,104,295
23,107,184
23,114,210
23,115,481
23,119,110
23,124,66
23,127,348
23,130,157
23,132,239
23,133,93
23,138,519
23,143,321
23,145,158
23,151,224
23,152,279
23,153,245
23,155,144
23,159,193
23,162,404
23,166,592
23,168,70
23,172,546
23,180,407
23,188,506
23,196,527
23,198,418
23,204,220
23,210,283
23,218,390
23,222,11
23,230,163
23,236,385
23,237,263
23,250,309
23,254,474
23,257,225
23,260,559
23,267,386
24,2,453
24,3,125
24,4,322
24,5,419
24,7,14
24,8,565
24,9,236
24,10,101
24,13,117
24,15,83
24,17,239
24,18,557
24,19,430
24,22,167
24,23,117
24,26,533
24,27,511
24,28,278
24,29,140
24,31,324
24,32,165
24,33,537
24,35,530
24,36,242
24,41,352
24,44,10
24,46,436
24,47,34
24,48,18
24,52,463
24,53,507
24,54,435
24,55,368
24,56,494
24,58,174
24,59,188
24,60,113
24,62,383
24,64,404
24,65,361
24,66,538
24,67,7
24,68,527
24,70,452
24,71,103
24,72,448
24,73,335
24,74,564
24,75,336
24,76,384
24,78,184
24,79,94
24,81,186
24,83,593
24,86,142
24,88,461
24,89,352
24,92,344
24,96,149
24,97,160
24,100,535
24,101,119
24,102,393
24,103,5
24,106,403
24,107,175
24,110,19
24,111,162
24,117,500
24,118,70
24,121,131
24,135,71
24,140,48
24,142,440
24,143,172
24,146,182
24,151,165
24,152,117
24,156,246
24,157,133
24,160,275
24,161,594
24,165,407
24,173,360
24,177,145
24,178,286
24,185,17
24,186,182
24,188,146
24,201,265
24,203,393
24,205,483
24,211,427
24,215,531
24,216,17
24,218,6
24,219,125
24,237,330
24,240,579
24,248,573
24,251,218
24,252,523
24,266,24
24,269,160
24,270,205
24,287,14
24,291,356
25,1,114
25,2,409
25,4,341
25,5,155
25,6,210
25,7,565
25,8,506
25,9,559
25,10,233
25,11,221
25,12,308
25,14,30
25,15,185
25,17,217
25,18,26
25,26,538
25,27,287
25,29,123
25,30,535
25,31,411
25,32,213
25,33,37
25,35,246
25,36,464
25,37,450
25,40,577
25,41,91
25,42,420
25,45,388
25,46,470
25,49,234
25,50,484
25,51,557
25,53,424
25,55,373
25,56,125
25,57,319
25,58,425
25,60,279
25,61,569
25,67,11
25,71,266
25,73,521
25,74,342
25,75,331
25,78,223
25,81,435
25,83,528
25,87,8
25,88,317
25,91,193
25,92,310
25,94,363
25,101,46
25,102,480
25,103,319
25,104,496
25,107,212
25,108,89
25,111,570
25,114,356
25,115,583
25,118,173
25,119,344
25,121,366
25,122,11
25,124,310
25,131,11
25,136,495
25,142,160
25,145,595
25,146,496
25,148,471
25,150,444
25,154,9
25,156,490
25,176,579
25,179,313
25,184,117
25,187,437
25,191,304
25,194,109
25,196,580
25,201,542
25,204,331
25,206,242
25,209,544
25,212,60
25,217,105
25,218,522
25,222,525
25,225,27
25,230,201
25,244,187
25,264,270
25,267,211
25,278,14
26,1,195
26,2,473
26,3,91
26,4,453
26,5,436
26,6,71
26,7,600
26,9,176
26,10,333
26,11,506
26,12,502
26,15,94
26,17,299
26,18,283
26,19,586
26,20,386
26,21,373
26,24,533
26,25,538
26,27,320
26,28,548
26,29,373
26,30,538
26,31,507
26,33,332
26,34,241
26,35,22
26,36,402
26,37,128
26,39,112
26,40,594
26,41,527
26,42,12
26,43,494
26,44,295
26,46,511
26,49,75
26,52,119
26,55,363
26,56,236
26,59,212
26,61,54
26,62,137
26,64,172
26,66,449
26,67,44
26,68,336
26,69,274
26,71,379
26,73,306
26,74,193
26,78,2
26,81,116
26,85,268
26,86,366
26,90,340
26,93,392
26,96,404
26,98,303
26,108,14
26,110,119
26,112,115
26,113,560
26,121,145
26,122,376
26,123,134
26,125,180
26,127,516
26,128,194
26,129,530
26,132,297
26,134,571
26,137,317
26,139,407
26,144,319
26,148,8
26,149,560
26,150,195
26,154,279
26,155,509
26,157,2
26,158,523
26,162,311
26,164,91
26,170,55
26,176,177
26,190,470
26,197,56
26,210,377
26,213,175
26,222,228
26,231,43
26,240,145
26,248,154
26,250,152
26,255,310
26,260,130
26,267,266
26,268,490
26,272,317
26,273,29
26,274,346
26,278,472
26,294,132
26,296,338
27,1,147
27,3,328
27,4,241
27,5,205
27,7,228
27,9,430
27,10,444
27,11,440
27,12,386
27,14,189
27,15,596
27,16,390
27,17,77
27,18,84
27,21,192
27,24,511
27,25,287
27,26,320
27,28,398
27,30,585
27,33,376
27,34,112
27,35,311
27,36,411
27,37,585
27,40,566
27,41,311
27,43,90
27,44,278
27,45,458
27,48,13
27,49,11
27,50,14
27,51,587
27,52,76
27,53,405
27,55,202
27,56,6
27,58,454
27,60,412
27,61,422
27,63,97
27,64,593
27,65,221
27,66,180
27,70,229
27,73,127
27,74,155
27,75,33
27,77,65
27,80,98
27,81,465
27,84,266
27,87,131
27,88,449
27,90,583
27,93,556
27,99,22
27,101,58
27,102,562
27,105,107
27,108,569
27,109,437
27,111,429
27,112,199
27,113,579
27,114,136
27,116,540
27,117,6
27,120,107
27,121,297
27,124,482
27,125,116
27,127,553
27,129,567
27,132,263
27,133,106
27,146,217
27,147,142
27,151,532
27,152,261
27,157,581
27,158,178
27,159,480
27,163,105
27,169,26
27,175,291
27,180,129
27,182,322
27,188,472
27,199,32
27,200,323
27,202,232
27,204,538
27,205,358
27,207,215
27,213,595
27,217,519
27,219,452
27,231,29
27,248,487
27,254,454
27,256,501
27,270,277
27,272,519
27,280,290
27,281,391
27,284,185
27,286,106
27,290,527
27,292,507
27,295,141
27,296,175
28,2,88
28,3,203
28,6,571
28,7,549
28,10,555
28,11,124
28,14,377
28,15,448
28,16,197
28,17,118
28,18,111
28,20,113
28,21,13
28,24,278
28,26,548
28,27,398
28,31,515
28,32,88
28,33,268
28,34,510
28,35,151
28,36,206
28,37,295
28,38,328
28,39,233
28,40,390
28,41,156
28,42,306
28,43,181
28,45,234
28,46,309
28,47,68
28,50,312
28,53,483
28,54,595
28,55,169
28,57,46
28,60,260
28,62,156
28,63,361
28,64,375
28,65,412
28,66,455
28,67,40
28,69,453
28,70,231
28,71,432
28,72,51
28,76,574
28,78,233
28,79,84
28,80,22
28,84,444
28,86,106
28,91,56
28,92,506
28,93,3
28,95,590
28,96,55
28,97,482
28,99,258
28,101,142
28,102,98
28,105,86
28,107,193
28,108,5
28,110,202
28,111,459
28,112,246
28,116,241
28,117,142
28,118,495
28,120,200
28,125,542
28,131,62
28,133,334
28,134,425
28,136,233
28,147,32
28,163,369
28,164,138
28,166,27
28,169,534
28,174,176
28,180,254
28,186,406
28,191,29
28,202,409
28,203,301
28,204,491
28,205,259
28,210,493
28,211,70
28,212,22
28,213,94
28,217,566
28,224,56
28,225,535
28,227,279
28,229,57
28,236,394
28,241,54
28,243,298
28,264,234
28,270,159
28,271,544
28,283,126
28,290,239
28,291,39
28,292,84
28,297,202
29,2,80
29,3,38
29,4,412
29,5,306
29,6,426
29,8,555
29,9,167
29,10,104
29,12,229
29,13,329
29,14,234
29,15,353
29,16,368
29,17,253
29,18,258
29,20,148
29,21,463
29,23,453
29,24,140
29,25,123
29,26,373
29,30,260
29,31,233
29,32,365
29,33,276
29,34,358
29,36,9
29,37,74
29,38,143
29,39,442
29,41,104
29,43,475
29,44,55
29,46,33
29,47,557
29,49,529
29,50,183
29,51,572
29,52,338
29,53,408
29,54,315
29,55,173
29,56,329
29,58,578
29,60,100
29,61,202
29,63,568
29,65,316
29,66,304
29,67,181
29,68,278
29,70,540
29,72,284
29,74,153
29,76,539
29,77,498
29,80,239
29,82,593
29,88,70
29,89,27
29,90,10
29,93,498
29,95,492
29,100,543
29,101,173
29,102,385
29,104,118
29,107,499
29,110,528
29,111,309
29,113,498
29,114,328
29,115,189
29,124,283
29,132,219
29,137,461
29,138,583
29,149,347
29,152,448
29,153,82
29,154,272
29,156,492
29,161,190
29,163,121
29,165,326
29,174,290
29,175,123
29,183,494
29,187,260
29,199,393
29,205,129
29,223,212
29,230,222
29,235,261
29,238,407
29,240,324
29,244,471
29,248,19
29,263,505
29,276,530
29,294,374
29,296,158
30,1,407
30,2,155
30,4,572
30,5,86
30,7,251
30,8,434
30,10,476
30,11,514
30,13,265
30,15,503
30,17,302
30,19,538
30,20,242
30,22,454
30,25,535
30,26,538
30,27,585
30,29,260
30,32,310
30,33,307
30,34,555
30,35,154
30,36,45
30,38,94
30,39,350
30,40,296
30,41,76
30,42,285
30,43,101
30,44,547
30,45,33
30,46,399
30,48,135
30,49,127
30,50,167
30,51,571
30,52,254
30,53,314
30,54,184
30,55,553
30,56,1
30,58,215
30,60,526
30,62,288
30,64,470
30,65,251
30,66,184
30,67,569
30,68,162
30,69,493
30,70,540
30,71,8
30,72,286
30,79,237
30,83,222
30,84,403
30,86,494
30,87,453
30,92,509
30,94,56
30,95,83
30,97,100
30,104,270
30,106,15
30,109,558
30,112,159
30,113,547
30,117,589
30,120,446
30,123,159
30,129,260
30,130,411
30,135,36
30,140,327
30,142,482
30,145,545
30,146,563
30,147,569
30,149,102
30,154,275
30,160,48
30,161,218
30,176,128
30,186,86
30,197,464
30,199,12
30,215,533
30,217,278
30,231,186
30,232,338
30,235,315
30,237,154
30,240,297
30,241,393
30,243,54
30,252,565
30,255,435
30,257,44
30,263,141
30,266,108
30,276,451
30,292,127
31,1,121
31,2,478
31,4,456
31,6,581
31,7,121
31,8,178
31,9,518
31,14,143
31,15,127
31,16,121
31,17,173
31,18,597
31,19,32
31,21,85
31,22,95
31,23,259
31,24,324
31,25,411
31,26,507
31,28,515
31,29,233
31,32,64
31,34,29
31,36,8
31,37,44
31,39,154
31,40,360
31,41,251
31,43,140
31,44,358
31,45,370
31,47,85
31,48,524
31,56,430
31,57,285
31,60,32
31,65,591
31,72,32
31,76,452
31,77,14
31,81,150
31,89,357
31,92,236
31,98,210
31,99,334
31,105,582
31,112,348
31,113,69
31,114,513
31,120,260
31,124,187
31,126,411
31,127,19
31,129,333
31,131,548
31,133,70
31,138,169
31,139,539
31,141,374
31,144,559
31,145,431
31,146,198
31,148,383
31,151,122
31,168,291
31,170,548
31,172,313
31,174,413
31,182,568
31,190,26
31,191,386
31,194,321
31,197,315
31,199,213
31,208,550
31,216,536
31,217,483
31,221,510
31,228,166
31,249,296
31,251,297
31,255,329
31,268,145
31,270,93
31,289,214
31,291,260
31,292,345
32,2,240
32,3,446
32,4,115
32,6,290
32,7,586
32,9,497
32,11,520
32,13,499
32,15,490
32,16,406
32,17,505
32,18,505
32,19,384
32,20,368
32,21,394
32,22,227
32,24,165
32,25,213
32,28,88
32,29,365
32,30,310
32,31,64
32,35,69
32,36,457
32,37,130
32,38,70
32,39,32
32,40,268
32,41,278
32,42,7
32,43,104
32,45,132
32,46,316
32,47,284
32,48,81
32,50,60
32,51,75
32,56,120
32,58,493
32,59,330
32,62,571
32,63,383
32,64,94
32,68,169
32,74,490
32,75,13
32,76,541
32,78,84
32,79,460
32,82,83
32,88,86
32,90,487
32,94,459
32,99,378
32,100,81
32,102,114
32,103,206
32,104,493
32,106,412
32,108,26
32,110,572
32,111,535
32,112,164
32,116,413
32,125,121
32,128,501
32,130,537
32,137,490
32,141,130
32,142,177
32,145,231
32,147,46
32,162,51
32,164,205
32,169,492
32,170,567
32,172,299
32,176,170
32,177,401
32,183,6
32,191,268
32,196,233
32,201,79
32,209,66
32,216,487
32,220,583
32,223,5
32,228,400
32,231,50
32,238,585
32,242,78
32,243,65
32,249,282
32,257,438
32,267,290
32,274,47
32,275,237
32,280,75
32,282,156
32,287,571
32,297,260
32,298,145
33,2,535
33,3,271
33,5,545
33,6,117
33,9,165
33,10,450
33,12,219
33,13,310
33,14,312
33,17,383
33,19,391
33,20,261
33,21,406
33,22,264
33,24,537
33,25,37
33,26,332
33,27,376
33,28,268
33,29,276
33,30,307
33,36,379
33,37,304
33,39,229
33,41,435
33,42,388
33,44,403
33,45,353
33,46,311
33,47,453
33,48,483
33,51,115
33,53,267
33,54,427
33,59,307
33,60,140
33,63,184
33,65,307
33,66,527
33,68,337
33,69,419
33,74,56
33,78,497
33,81,350
33,83,46
33,93,590
33,95,95
33,96,298
33,98,594
33,99,390
33,100,492
33,101,111
33,102,406
33,103,78
33,106,441
33,109,272
33,112,455
33,113,587
33,116,445
33,121,100
33,133,382
33,134,375
33,139,2
33,147,484
33,154,478
33,161,295
33,165,246
33,166,357
33,169,581
33,171,17
33,178,442
33,183,55
33,184,90
33,194,433
33,199,581
33,203,337
33,209,3
33,240,325
33,245,102
33,247,375
33,251,261
33,260,329
33,261,198
33,279,140
33,297,371
34,1,369
34,2,587
34,4,107
34,5,57
34,6,318
34,9,537
34,10,158
34,11,199
34,16,580
34,18,96
34,21,482
34,22,442
34,26,241
34,27,112
34,28,510
34,29,358
34,30,555
34,31,29
34,35,29
34,40,364
34,41,185
34,45,317
34,47,534
34,49,515
34,52,19
34,53,136
34,54,463
34,55,86
34,57,459
34,58,9
34,59,52
34,61,531
34,63,573
34,68,278
34,69,228
34,74,183
34,75,108
34,76,277
34,78,19
34,80,144
34,81,527
34,82,98
34,83,193
34,84,493
34,86,89
34,93,466
34,94,159
34,101,560
34,103,217
34,104,327
34,105,571
34,109,559
34,110,99
34,113,114
34,120,56
34,127,45
34,128,303
34,130,394
34,134,245
34,139,35
34,148,424
34,154,17
34,157,106
34,160,225
34,168,413
34,170,543
34,173,121
34,177,191
34,179,370
34,181,586
34,183,176
34,185,183
34,189,247
34,192,63
34,193,178
34,194,268
34,196,524
34,208,145
34,219,36
34,220,426
34,222,258
34,223,569
34,228,552
34,231,592
34,249,523
34,250,333
34,252,338
34,261,404
34,276,278
34,278,447
34,280,298
34,284,331
34,291,561
35,1,43
35,2,311
35,4,264
35,5,398
35,7,152
35,8,27
35,9,250
35,10,193
35,11,20
35,14,288
35,15,437
35,16,111
35,17,544
35,21,64
35,23,59
35,24,530
35,25,246
35,26,22
35,27,311
35,28,151
35,30,154
35,32,69
35,34,29
35,38,240
35,40,465
35,42,457
35,44,368
35,45,503
35,46,568
35,47,164
35,50,2
35,52,223
35,54,588
35,55,384
35,56,360
35,58,412
35,59,552
35,62,59
35,64,211
35,66,184
35,67,361
35,70,356
35,73,380
35,74,66
35,75,293
35,80,403
35,82,244
35,84,444
35,88,460
35,90,223
35,92,402
35,95,569
35,97,114
35,99,265
35,101,378
35,104,34
35,106,598
35,108,473
35,109,409
35,113,29
35,122,163
35,126,54
35,128,363
35,131,270
35,132,417
35,136,349
35,137,423
35,142,174
35,144,171
35,148,487
35,149,426
35,152,332
35,154,180
35,158,566
35,165,214
35,166,579
35,182,2
35,184,190
35,188,68
35,192,417
35,195,120
35,199,225
35,203,388
35,224,328
35,225,233
35,226,120
35,243,427
35,249,255
35,255,387
35,259,266
35,263,356
35,280,573
35,286,141
35,288,466
35,293,264
36,1,269
36,2,270
36,5,539
36,6,510
36,8,309
36,11,172
36,12,377
36,13,202
36,15,188
36,18,319
36,19,544
36,20,45
36,24,242
36,25,464
36,26,402
36,27,411
36,28,206
36,29,9
36,30,45
36,31,8
36,32,457
36,33,379
36,45,553
36,46,403
36,47,495
36,48,83
36,49,101
36,50,533
36,57,520
36,59,299
36,61,278
36,63,353
36,67,296
36,69,138
36,71,234
36,74,56
36,75,260
36,76,444
36,81,301
36,82,575
36,83,216
36,84,338
36,88,14
36,89,492
36,90,464
36,92,456
36,94,29
36,95,152
36,97,596
36,99,175
36,103,383
36,105,600
36,106,110
36,107,153
36,111,402
36,113,132
36,114,465
36,115,415
36,116,69
36,119,402
36,123,167
36,127,568
36,130,574
36,131,480
36,132,509
36,138,298
36,140,23
36,141,191
36,146,104
36,148,63
36,150,271
36,154,381
36,164,490
36,167,284
36,169,600
36,179,131
36,180,280
36,191,176
36,200,401
36,207,427
36,210,576
36,218,11
36,220,193
36,222,383
36,243,112
36,249,333
36,250,103
36,290,446
36,295,451
37,2,13
37,7,197
37,8,149
37,10,452
37,11,4
37,12,6
37,15,577
37,16,44
37,17,385
37,18,102
37,19,8
37,21,458
37,22,563
37,25,450
37,26,128
37,27,585
37,28,295
37,29,74
37,31,44
37,32,130
37,33,304
37,38,255
37,40,435
37,42,574
37,44,600
37,46,503
37,49,444
37,50,103
37,51,318
37,53,375
37,54,30
37,55,438
37,57,199
37,58,303
37,60,300
37,62,419
37,63,66
37,68,414
37,69,120
37,71,212
37,72,156
37,75,397
37,77,535
37,78,402
37,82,400
37,84,300
37,85,570
37,86,384
37,88,230
37,89,591
37,90,390
37,93,310
37,96,198
37,99,451
37,100,192
37,102,507
37,103,19
37,107,276
37,109,45
37,110,333
37,113,69
37,117,445
37,118,149
37,129,97
37,130,345
37,131,26
37,133,106
37,140,427
37,141,71
37,148,184
37,149,538
37,153,496
37,154,555
37,162,166
37,164,137
37,165,250
37,168,290
37,169,349
37,176,239
37,181,140
37,204,98
37,205,117
37,207,475
37,210,503
37,212,452
37,228,275
37,230,498
37,252,350
37,256,526
37,258,161
37,265,236
37,267,471
37,268,139
37,269,9
37,278,307
37,281,391
37,282,192
37,284,504
38,1,373
38,4,210
38,5,398
38,7,142
38,8,179
38,9,477
38,10,292
38,11,338
38,13,539
38,14,563
38,15,579
38,16,11
38,17,209
38,18,444
38,19,160
38,20,106
38,21,64
38,22,103
38,28,328
38,29,143
38,30,94
38,32,70
38,35,240
38,37,255
38,42,125
38,43,315
38,44,299
38,46,80
38,47,142
38,48,140
38,49,39
38,53,313
38,54,368
38,56,307
38,57,217
38,58,272
38,60,461
38,62,182
38,63,302
38,68,170
38,69,149
38,73,273
38,79,571
38,80,210
38,81,97
38,84,219
38,85,549
38,91,311
38,94,91
38,97,404
38,98,278
38,99,481
38,100,58
38,101,428
38,102,553
38,107,224
38,115,438
38,117,271
38,118,434
38,120,238
38,126,377
38,132,218
38,136,439
38,141,83
38,142,259
38,156,579
38,157,122
38,162,31
38,163,327
38,172,548
38,174,335
38,177,8
38,180,213
38,181,592
38,185,98
38,189,234
38,190,424
38,192,139
38,202,111
38,203,257
38,214,497
38,226,599
38,230,390
38,233,473
38,236,149
38,237,48
38,238,45
38,242,47
38,258,273
38,267,153
38,270,280
38,272,317
38,275,450
38,287,89
38,295,320
38,299,298
39,1,538
39,2,291
39,3,452
39,4,36
39,5,563
39,7,386
39,8,493
39,12,295
39,13,31
39,14,409
39,16,318
39,17,338
39,19,66
39,20,400
39,22,562
39,23,185
39,26,112
39,28,233
39,29,442
39,30,350
39,31,154
39,32,32
39,33,229
39,40,206
39,41,590
39,42,259
39,43,99
39,44,253
39,45,195
39,46,177
39,49,140
39,50,4
39,51,415
39,52,362
39,56,214
39,57,112
39,59,140
39,61,30
39,63,493
39,64,54
39,65,141
39,67,352
39,72,349
39,74,367
39,75,321
39,77,231
39,81,590
39,83,574
39,84,555
39,85,439
39,86,407
39,87,260
39,91,534
39,93,583
39,94,167
39,95,459
39,101,240
39,102,511
39,107,53
39,115,81
39,119,351
39,120,253
39,125,478
39,127,216
39,130,340
39,133,500
39,138,425
39,139,193
39,147,259
39,148,546
39,158,455
39,165,289
39,167,146
39,172,535
39,176,326
39,179,65
39,187,263
39,192,572
39,197,236
39,198,369
39,209,517
39,215,364
39,219,379
39,224,82
39,225,207
39,228,564
39,229,242
39,237,74
39,249,361
39,254,431
39,257,397
39,259,223
39,268,591
39,282,539
39,290,260
39,293,211
40,3,5
40,4,294
40,6,168
40,11,78
40,13,467
40,14,144
40,15,351
40,16,123
40,20,524
40,22,457
40,23,154
40,25,577
40,26,594
40,27,566
40,28,390
40,30,296
40,31,360
40,32,268
40,34,364
40,35,465
40,37,435
40,39,206
40,41,164
40,42,240
40,48,47
40,49,481
40,56,423
40,61,49
40,68,579
40,70,173
40,71,361
40,72,108
40,73,550
40,75,188
40,76,118
40,79,541
40,85,440
40,86,414
40,88,117
40,96,184
40,98,222
40,99,584
40,101,118
40,105,415
40,111,229
40,112,509
40,117,254
40,119,34
40,121,465
40,123,547
40,124,189
40,128,570
40,134,532
40,145,203
40,149,212
40,152,158
40,154,423
40,155,293
40,166,427
40,169,61
40,170,231
40,173,406
40,176,215
40,178,472
40,181,281
40,182,410
40,184,571
40,186,283
40,193,259
40,201,426
40,210,294
40,216,117
40,239,39
40,247,223
40,251,6
40,260,268
40,289,421
40,292,485
41,3,559
41,4,183
41,6,383
41,7,171
41,10,510
41,11,115
41,13,307
41,15,461
41,16,429
41,17,186
41,19,327
41,20,221
41,21,484
41,24,352
41,25,91
41,26,527
41,27,311
41,28,156
41,29,104
41,30,76
41,31,251
41,32,278
41,33,435
41,34,185
41,39,590
41,40,164
41,43,352
41,46,160
41,47,403
41,48,208
41,49,489
41,51,249
41,53,145
41,54,180
41,55,32
41,57,368
41,58,49
41,59,232
41,65,555
41,72,593
41,73,177
41,74,228
41,76,34
41,77,4
41,78,520
41,83,353
41,85,310
41,87,404
41,89,65
41,92,455
41,93,361
41,94,162
41,95,346
41,101,292
41,106,396
41,109,84
41,110,272
41,113,504
41,114,493
41,118,187
41,123,287
41,125,540
41,126,433
41,130,568
41,145,260
41,147,234
41,148,365
41,151,453
41,158,302
41,162,93
41,167,484
41,168,238
41,170,573
41,177,393
41,183,393
41,188,592
41,190,346
41,192,9
41,199,269
41,201,461
41,205,454
41,210,392
41,212,529
41,215,472
41,252,49
41,258,595
41,273,487
41,278,227
41,281,567
41,289,539
41,300,48
42,2,84
42,3,328
42,4,262
42,6,536
42,7,135
42,8,255
42,9,441
42,10,528
42,11,4
42,14,414
42,15,283
42,17,284
42,20,14
42,21,105
42,22,21
42,23,245
42,25,420
42,26,12
42,28,306
42,30,285
42,32,7
42,33,388
42,35,457
42,37,574
42,38,125
42,39,259
42,40,240
42,43,95
42,45,309
42,46,474
42,47,436
42,49,71
42,51,418
42,53,170
42,56,263
42,57,596
42,58,397
42,60,94
42,62,396
42,66,380
42,69,59
42,73,315
42,79,481
42,81,304
42,83,479
42,89,32
42,92,242
42,99,588
