source,target,weight
1,2,339
1,3,199
1,4,514
1,5,77
1,7,79
1,8,184
1,9,543
1,11,219
1,12,391
1,14,288
1,15,405
1,16,153
1,17,424
1,20,575
1,22,301
1,24,519
1,26,100
1,27,11
1,28,586
1,29,12
1,30,37
1,31,94
1,32,576
1,33,270
1,34,241
1,36,42
1,38,145
1,40,360
1,41,261
1,45,45
1,47,390
1,48,523
1,49,84
1,50,587
1,53,265
1,55,496
1,56,355
1,58,207
1,59,331
1,64,275
1,67,120
1,69,17
1,72,169
1,74,318
1,75,175
1,78,103
1,80,590
1,81,380
1,83,240
1,86,74
1,87,11
1,90,414
1,93,9
1,94,566
1,95,511
1,99,341
1,109,400
1,114,396
1,117,498
1,119,526
1,130,302
1,138,1
1,147,98
1,149,236
1,150,288
1,151,207
1,153,237
1,154,237
1,155,115
1,156,497
1,160,128
1,163,108
1,164,315
1,180,453
1,183,106
1,186,535
1,190,262
1,191,387
1,194,203
1,195,17
1,222,415
1,230,496
1,239,312
1,241,16
1,249,125
1,253,385
1,263,288
1,265,348
1,272,444
1,276,444
1,278,128
1,279,416
1,287,583
1,293,514
1,296,356
2,1,339
2,3,102
2,4,598
2,5,230
2,6,152
2,8,15
2,9,18
2,10,245
2,12,237
2,13,455
2,14,361
2,18,62
2,19,376
2,22,187
2,25,392
2,29,271
2,30,109
2,31,579
2,33,154
2,35,481
2,36,72
2,38,463
2,39,553
2,40,499
2,41,402
2,42,268
2,43,385
2,45,315
2,47,402
2,49,555
2,52,582
2,53,588
2,54,181
2,57,341
2,58,522
2,60,559
2,61,443
2,62,431
2,63,52
2,65,142
2,70,544
2,72,179
2,73,194
2,76,302
2,77,199
2,79,248
2,83,595
2,85,160
2,90,488
2,96,500
2,103,137
2,109,514
2,110,226
2,116,549
2,117,545
2,123,471
2,131,143
2,137,33
2,145,239
2,149,380
2,154,476
2,164,363
2,169,555
2,179,172
2,183,484
2,186,515
2,198,206
2,205,281
2,208,89
2,224,403
2,225,527
2,248,514
2,290,513
2,291,336
2,296,175
3,1,199
3,2,102
3,4,278
3,5,592
3,6,254
3,7,197
3,10,419
3,11,349
3,12,479
3,13,507
3,14,460
3,16,314
3,18,582
3,19,241
3,20,588
3,21,204
3,23,521
3,24,325
3,25,452
3,27,417
3,30,427
3,31,474
3,37,374
3,39,437
3,40,370
3,41,351
3,42,31
3,48,548
3,50,63
3,51,38
3,52,342
3,53,359
3,55,543
3,57,315
3,58,61
3,62,351
3,63,119
3,64,353
3,65,519
3,66,269
3,67,145
3,68,261
3,71,470
3,72,497
3,76,570
3,78,311
3,80,16
3,81,404
3,83,538
3,84,596
3,85,189
3,86,529
3,87,28
3,90,463
3,93,473
3,95,64
3,96,376
3,97,99
3,101,553
3,102,10
3,106,394
3,120,521
3,122,105
3,124,468
3,128,469
3,136,149
3,139,114
3,142,311
3,143,27
3,161,46
3,167,419
3,181,81
3,184,210
3,208,123
3,212,96
3,219,382
3,226,436
3,229,88
3,230,172
3,237,313
3,242,173
3,247,277
3,251,547
3,254,281
3,256,406
3,261,52
3,264,211
3,276,391
3,290,394
3,300,321
4,1,514
4,2,598
4,3,278
4,5,235
4,6,108
4,7,164
4,8,445
4,9,138
4,10,582
4,11,393
4,12,564
4,13,273
4,14,323
4,15,420
4,16,534
4,17,24
4,18,391
4,19,556
4,21,564
4,22,398
4,23,181
4,26,440
4,27,19
4,28,367
4,29,376
4,30,190
4,32,123
4,35,263
4,36,262
4,38,270
4,39,285
4,42,42
4,43,124
4,44,313
4,48,206
4,51,165
4,61,143
4,64,144
4,70,269
4,74,585
4,75,95
4,76,130
4,80,336
4,82,460
4,91,198
4,96,377
4,101,214
4,103,578
4,104,422
4,107,590
4,109,525
4,111,359
4,114,562
4,119,207
4,124,40
4,129,595
4,130,68
4,135,310
4,147,320
4,173,4
4,174,405
4,175,171
4,176,515
4,177,548
4,178,140
4,193,157
4,194,355
4,203,463
4,212,145
4,221,219
4,222,107
4,233,130
4,238,224
4,251,579
4,254,422
4,255,213
4,261,344
4,264,483
4,274,402
4,279,240
4,291,455
4,295,209
5,1,77
5,2,230
5,3,592
5,4,235
5,6,420
5,7,40
5,9,133
5,10,447
5,14,78
5,16,376
5,17,97
5,18,479
5,19,101
5,21,294
5,22,115
5,23,522
5,24,599
5,28,16
5,29,290
5,30,13
5,31,163
5,32,81
5,34,304
5,35,565
5,37,199
5,38,312
5,40,104
5,42,336
5,45,265
5,47,194
5,49,26
5,52,120
5,54,426
5,56,550
5,57,502
5,58,1
5,59,214
5,60,152
5,61,207
5,65,183
5,69,305
5,72,134
5,75,250
5,76,62
5,77,399
5,79,393
5,80,580
5,84,572
5,88,555
5,96,14
5,99,578
5,101,15
5,103,180
5,106,562
5,110,287
5,113,56
5,116,568
5,120,442
5,121,411
5,128,284
5,129,410
5,136,374
5,141,597
5,144,277
5,151,131
5,152,236
5,153,119
5,161,358
5,173,36
5,175,542
5,179,453
5,180,578
5,183,593
5,189,1
5,195,584
5,198,478
5,201,492
5,211,132
5,222,401
5,223,312
5,226,586
5,228,424
5,231,72
5,233,21
5,235,163
5,245,68
5,257,30
5,259,582
5,260,459
5,270,193
5,273,191
5,276,330
5,282,114
6,2,152
6,3,254
6,4,108
6,5,420
6,7,457
6,9,363
6,10,403
6,11,56
6,13,492
6,14,577
6,17,235
6,18,103
6,19,234
6,21,320
6,22,35
6,24,568
6,25,469
6,26,370
6,27,258
6,31,12
6,32,426
6,33,187
6,34,379
6,35,586
6,36,25
6,39,280
6,41,150
6,43,77
6,45,298
6,47,109
6,50,67
6,51,101
6,53,185
6,55,197
6,56,293
6,57,442
6,59,53
6,62,500
6,63,198
6,75,324
6,77,98
6,79,365
6,81,126
6,85,41
6,86,233
6,93,375
6,94,326
6,97,544
6,98,439
6,106,534
6,112,233
6,113,443
6,116,403
6,128,562
6,129,461
6,131,312
6,142,61
6,146,105
6,150,125
6,158,219
6,162,351
6,169,539
6,172,363
6,181,318
6,186,153
6,205,126
6,207,304
6,212,118
6,219,383
6,221,126
6,227,492
6,245,357
6,247,481
6,254,375
6,266,325
6,271,170
6,279,75
6,281,193
6,284,258
6,295,101
7,1,79
7,3,197
7,4,164
7,5,40
7,6,457
7,8,541
7,9,560
7,10,454
7,12,159
7,14,227
7,15,301
7,16,233
7,19,315
7,20,563
7,21,260
7,23,366
7,25,459
7,26,204
7,28,295
7,31,589
7,32,588
7,34,169
7,35,5
7,36,80
7,37,282
7,40,210
7,41,493
7,42,42
7,43,524
7,44,253
7,45,428
7,46,127
7,49,511
7,50,23
7,53,59
7,56,460
7,59,103
7,60,63
7,62,299
7,65,525
7,67,128
7,68,383
7,70,59
7,73,164
7,75,242
7,81,423
7,88,200
7,90,343
7,93,20
7,101,177
7,104,447
7,105,425
7,106,83
7,111,278
7,115,569
7,116,86
7,117,281
7,122,276
7,130,445
7,131,326
7,133,498
7,136,272
7,139,216
7,148,536
7,151,590
7,152,320
7,154,544
7,155,95
7,162,80
7,163,212
7,171,425
7,173,371
7,176,172
7,178,134
7,179,233
7,190,240
7,192,561
7,201,49
7,206,227
7,212,311
7,213,94
7,220,68
7,224,162
7,227,237
7,235,222
7,236,208
7,238,136
7,240,91
7,241,242
7,249,55
7,251,157
7,253,534
7,257,351
7,271,134
7,282,18
7,293,214
8,1,184
8,2,15
8,4,445
8,7,541
8,11,288
8,12,292
8,13,262
8,14,101
8,15,261
8,17,290
8,18,158
8,19,362
8,20,96
8,21,314
8,22,482
8,23,330
8,24,420
8,25,435
8,26,363
8,27,425
8,28,466
8,29,423
8,30,567
8,31,453
8,32,120
8,33,557
8,34,271
8,37,125
8,39,76
8,40,155
8,41,587
8,44,449
8,47,84
8,48,31
8,50,62
8,51,600
8,55,458
8,63,11
8,72,21
8,73,229
8,77,261
8,78,344
8,79,1
8,83,197
8,84,59
8,85,51
8,88,265
8,89,558
8,92,26
8,97,198
8,104,61
8,105,50
8,114,45
8,115,259
8,116,186
8,119,182
8,120,465
8,121,242
8,123,319
8,124,325
8,125,94
8,128,8
8,133,137
8,136,209
8,138,81
8,139,237
8,144,227
8,146,424
8,151,461
8,159,62
8,172,13
8,180,198
8,183,295
8,186,580
8,194,274
8,203,18
8,204,65
8,212,226
8,218,216
8,222,384
8,224,47
8,229,111
8,232,442
8,238,419
8,241,317
8,242,492
8,281,336
9,1,543
9,2,18
9,4,138
9,5,133
9,6,363
9,7,560
9,10,124
9,12,571
9,13,25
9,14,499
9,15,237
9,16,12
9,17,578
9,19,294
9,20,536
9,21,535
9,22,171
9,23,329
9,24,281
9,25,71
9,26,312
9,27,106
9,28,567
9,30,419
9,31,374
9,33,314
9,34,446
9,35,404
9,38,120
9,39,217
9,40,188
9,42,155
9,44,600
9,46,159
9,47,135
9,48,316
9,49,170
9,52,83
9,53,434
9,57,54
9,59,200
9,60,81
9,62,158
9,63,79
9,64,594
9,65,469
9,66,210
9,70,92
9,73,508
9,74,32
9,77,403
9,78,493
9,80,451
9,82,368
9,84,282
9,86,570
9,88,494
9,95,119
9,100,181
9,101,77
9,104,491
9,112,211
9,115,478
9,116,376
9,122,275
9,123,269
9,126,110
9,137,119
9,138,590
9,139,219
9,142,41
9,143,384
9,145,266
9,146,246
9,151,596
9,154,174
9,155,239
9,158,269
9,165,183
9,173,329
9,180,366
9,181,338
9,183,531
9,186,458
9,245,555
9,252,86
9,254,379
9,255,478
9,263,44
9,279,524
9,281,196
9,283,165
9,295,559
10,2,245
10,3,419
10,4,582
10,5,447
10,6,403
10,7,454
10,9,124
10,11,297
10,13,518
10,14,337
10,15,220
10,17,457
10,19,247
10,20,2
10,22,439
10,23,244
10,24,255
10,26,22
10,27,313
10,30,375
10,31,55
10,32,177
10,33,367
10,34,290
10,35,116
10,36,147
10,38,400
10,40,409
10,41,435
10,42,482
10,44,186
10,46,83
10,48,269
10,50,63
10,51,310
10,52,129
10,56,45
10,57,523
10,60,117
10,62,549
10,64,498
10,71,53
10,76,560
10,81,74
10,82,559
10,88,211
10,91,114
10,92,272
10,94,92
10,95,117
10,96,417
10,97,71
10,99,16
10,103,451
10,107,281
10,110,597
10,112,179
10,114,478
10,118,445
10,121,377
10,122,495
10,123,394
10,124,549
10,142,491
10,150,590
10,153,157
10,166,284
10,171,154
10,173,292
10,185,508
10,186,309
10,190,3
10,196,273
10,224,29
10,228,499
10,249,259
10,267,394
10,272,403
10,284,298
10,288,127
10,290,573
10,292,240
10,298,533
11,1,219
11,3,349
11,4,393
11,6,56
11,8,288
11,10,297
11,12,14
11,13,233
11,15,134
11,16,310
11,18,52
11,20,227
11,21,418
11,22,172
11,23,161
11,24,471
11,25,219
11,27,483
11,30,396
11,31,44
11,32,362
11,33,379
11,34,13
11,35,560
11,36,15
11,37,13
11,40,137
11,41,382
11,42,206
11,43,67
11,44,453
11,45,395
11,46,107
11,47,330
11,48,498
11,50,295
11,52,368
11,54,472
11,56,428
11,58,322
11,60,93
11,61,272
11,62,267
11,68,413
11,69,571
11,73,5
11,74,189
11,75,594
11,78,225
11,79,433
11,80,115
11,93,371
11,99,174
11,105,55
11,111,36
11,116,72
11,119,368
11,122,18
11,125,241
11,126,519
11,129,362
11,131,183
11,135,378
11,150,254
11,153,1
11,155,202
11,156,82
11,158,432
11,159,457
11,165,73
11,172,97
11,173,584
11,175,225
11,176,1
11,191,421
11,192,351
11,196,323
11,200,314
11,203,332
11,216,330
11,218,429
11,219,67
11,228,204
11,246,423
11,274,254
11,282,257
11,283,319
11,289,31
11,291,20
11,296,223
12,1,391
12,2,237
12,3,479
12,4,564
12,7,159
12,8,292
12,9,571
12,11,14
12,13,72
12,16,83
12,17,196
12,18,216
12,19,195
12,20,414
12,22,58
12,23,337
12,25,541
12,27,414
12,29,589
12,33,584
12,38,564
12,39,434
12,40,317
12,42,482
12,43,542
12,45,155
12,47,425
12,50,508
12,52,573
12,53,430
12,54,449
12,56,564
12,57,409
12,60,120
12,62,21
12,65,551
12,66,465
12,68,318
12,76,145
12,78,569
12,80,11
12,81,245
12,83,586
12,84,381
12,86,476
12,88,526
12,89,443
12,91,165
12,100,85
12,102,242
12,106,252
12,107,449
12,109,2
12,112,447
12,113,355
12,116,276
12,124,295
12,126,222
12,133,328
12,134,75
12,138,14
12,139,248
12,141,192
12,143,567
12,145,466
12,149,593
12,150,85
12,152,388
12,160,581
12,171,319
12,182,572
12,187,402
12,191,114
12,195,119
12,201,306
12,205,353
12,207,10
12,208,17
12,217,27
12,218,186
12,220,277
12,222,325
12,224,295
12,241,24
12,254,459
12,257,113
12,260,280
12,261,311
12,263,206
12,266,562
12,282,140
12,287,254
12,289,335
12,291,40
12,299,373
12,300,99
13,2,455
13,3,507
13,4,273
13,6,492
13,8,262
13,9,25
13,10,518
13,11,233
13,12,72
13,14,432
13,15,525
13,17,499
13,18,597
13,19,94
13,20,441
13,21,293
13,22,580
13,24,576
13,25,87
13,26,241
13,28,178
13,31,244
13,32,78
13,33,542
13,34,154
13,36,208
13,37,3
13,38,65
13,39,429
13,40,48
13,42,590
13,45,341
13,47,266
13,48,331
13,49,228
13,50,313
13,51,233
13,54,523
13,60,278
13,61,453
13,62,567
13,66,569
13,68,25
13,70,235
13,72,147
13,77,98
13,80,69
13,82,76
13,84,233
13,86,92
13,87,127
13,89,459
13,92,220
13,93,588
13,94,509
13,100,534
13,106,526
13,108,311
13,109,543
13,118,296
13,125,509
13,128,460
13,129,204
13,136,197
13,140,53
13,141,124
13,143,473
13,148,66
13,150,455
13,152,440
13,164,16
13,169,95
13,174,99
13,178,504
13,179,161
13,195,185
13,201,76
13,202,384
13,206,470
13,207,407
13,209,415
13,215,281
13,226,571
13,236,559
13,252,231
13,257,47
13,271,321
13,275,560
13,276,551
13,277,321
13,278,183
13,285,473
13,294,442
14,1,288
14,2,361
14,3,460
14,4,323
14,5,78
14,6,577
14,7,227
14,8,101
14,9,499
14,10,337
14,13,432
14,15,341
14,16,302
14,17,211
14,19,139
14,20,388
14,21,309
14,22,531
14,23,16
14,24,242
14,27,456
14,30,185
14,32,358
14,33,137
14,34,75
14,35,163
14,36,377
14,37,584
14,39,423
14,41,259
14,43,277
14,45,206
14,46,421
14,48,71
14,49,397
14,51,370
14,53,121
14,55,220
14,57,212
14,63,498
14,67,511
14,69,158
14,70,599
14,73,383
14,74,564
14,77,585
14,78,413
14,81,357
14,83,231
14,85,507
14,89,435
14,92,30
14,96,249
14,99,515
14,104,351
14,105,515
14,111,435
14,115,502
14,122,428
14,126,460
14,127,256
14,131,212
14,144,355
14,158,580
14,160,116
14,161,172
14,164,362
14,166,343
14,169,146
14,170,177
14,177,411
14,178,54
14,181,9
14,187,202
14,190,250
14,191,2
14,194,9
14,201,466
14,203,406
14,210,526
14,222,373
14,223,175
14,224,134
14,230,559
14,231,516
14,232,191
14,234,75
14,238,18
14,239,58
14,250,568
14,259,1
14,277,34
14,283,49
15,1,405
15,4,420
15,7,301
15,8,261
15,9,237
15,10,220
15,11,134
15,13,525
15,14,341
15,16,314
15,17,586
15,21,166
15,22,211
15,23,2
15,24,587
15,26,365
15,27,449
15,28,527
15,30,472
15,31,143
15,32,594
15,33,396
15,34,368
15,35,84
15,36,158
15,37,236
15,38,67
15,39,103
15,42,590
15,43,50
15,44,204
15,46,502
15,47,172
15,49,353
15,50,199
15,52,385
15,53,174
15,54,236
15,58,343
15,61,539
15,62,397
15,63,178
15,64,184
15,68,48
15,69,530
15,71,500
15,74,341
15,75,343
15,77,422
15,78,108
15,79,260
15,84,117
15,85,541
15,87,9
15,92,384
15,93,82
15,94,169
15,95,489
15,97,500
15,109,196
15,113,508
15,116,484
15,120,23
15,122,280
15,123,101
15,131,93
15,133,514
15,136,571
15,145,495
15,152,133
15,155,97
15,159,118
15,160,69
15,172,264
15,180,156
15,181,235
15,186,176
15,189,529
15,212,29
15,216,363
15,219,38
15,226,488
15,230,156
15,239,144
15,243,464
15,260,134
15,265,153
15,276,515
15,280,490
16,1,153
16,3,314
16,4,534
16,5,376
16,7,233
16,9,12
16,11,310
16,12,83
16,14,302
16,15,314
16,17,10
16,18,110
16,20,155
16,21,552
16,22,485
16,23,187
16,24,487
16,25,250
16,26,535
16,27,502
16,29,417
16,31,214
16,32,244
16,34,120
16,35,388
16,36,479
16,38,551
16,40,468
16,41,456
16,42,227
16,44,392
16,45,321
16,49,334
16,51,308
16,52,24
16,53,101
16,54,86
16,55,267
16,56,357
16,58,194
16,59,522
16,61,313
16,62,490
16,63,157
16,66,467
16,68,452
16,73,167
16,77,104
16,82,356
16,83,462
16,88,97
16,91,33
16,95,286
16,99,576
16,108,521
16,110,413
16,117,557
16,118,387
16,119,498
16,122,308
16,123,253
16,130,225
16,134,477
16,141,192
16,151,316
16,171,532
16,173,354
16,183,499
16,186,413
16,190,151
16,202,185
16,205,482
16,206,397
16,207,435
16,209,453
16,210,438
16,218,221
16,228,88
16,230,391
16,234,192
16,254,170
16,255,157
16,273,253
16,276,481
16,278,305
16,291,538
16,297,166
16,299,161
17,1,424
17,4,24
17,5,97
17,6,235
17,8,290
17,9,578
17,10,457
17,12,196
17,13,499
17,14,211
17,15,586
17,16,10
17,19,245
17,20,263
17,23,432
17,24,470
17,29,171
17,30,278
17,32,270
17,34,285
17,35,105
17,36,404
17,38,216
17,40,446
17,41,556
17,42,179
17,45,12
17,47,565
17,50,314
17,51,389
17,52,323
17,55,337
17,59,11
17,60,231
17,61,35
17,64,177
17,66,239
17,69,353
17,74,168
17,79,80
17,81,464
17,83,204
17,89,398
17,90,538
17,91,445
17,93,344
17,95,82
17,97,257
17,98,214
17,99,345
17,102,146
17,105,317
17,109,549
17,110,269
17,115,95
17,123,427
17,134,513
17,140,136
17,144,257
17,145,396
17,148,201
17,149,247
17,150,140
17,152,456
17,158,32
17,161,508
17,167,568
17,168,474
17,169,472
17,172,509
17,176,63
17,185,391
17,191,469
17,198,61
17,212,9
17,218,586
17,223,290
17,227,442
17,232,598
17,247,374
17,248,348
17,250,314
17,257,138
17,258,495
17,268,406
17,275,119
17,281,49
17,286,375
17,288,86
17,295,454
18,2,62
18,3,582
18,4,391
18,5,479
18,6,103
18,8,158
18,11,52
18,12,216
18,13,597
18,16,110
18,20,215
18,22,4
18,24,149
18,25,60
18,26,491
18,27,592
18,28,486
18,29,392
18,30,287
18,32,224
18,33,264
18,34,12
18,36,357
18,38,113
18,40,489
18,41,574
18,43,565
18,46,53
18,47,280
18,50,158
18,51,597
18,54,554
18,55,190
18,57,40
18,59,207
18,61,387
18,66,276
18,67,288
18,69,475
18,70,402
18,73,229
18,74,61
18,76,129
18,77,305
18,85,423
18,86,140
18,92,526
18,94,357
18,97,138
18,100,34
18,104,400
18,107,472
18,108,261
18,114,474
18,116,251
18,119,532
18,124,271
18,125,49
18,126,228
18,127,52
18,128,468
18,129,280
18,130,301
18,141,124
18,142,523
18,151,129
18,153,461
18,166,92
18,167,37
18,171,337
18,174,190
18,175,418
18,177,169
18,179,432
18,188,582
18,191,87
18,194,137
18,196,472
18,199,314
18,208,26
18,209,262
18,223,173
18,224,228
18,234,92
18,236,333
18,238,8
18,248,55
18,250,299
18,257,390
18,263,464
18,266,364
18,274,419
18,276,320
18,280,20
18,296,56
19,2,376
19,3,241
19,4,556
19,5,101
19,6,234
19,7,315
19,8,362
19,9,294
19,10,247
19,12,195
19,13,94
19,14,139
19,17,245
19,20,350
19,21,492
19,23,528
19,24,214
19,26,71
19,27,155
19,28,514
19,29,573
19,30,380
19,32,218
19,33,567
19,35,201
19,37,590
19,42,80
19,43,409
19,44,517
19,45,164
19,46,18
19,47,479
19,50,501
19,51,571
19,52,485
19,54,6
19,55,410
19,56,385
19,59,134
19,61,143
19,62,120
19,63,596
19,65,384
19,66,365
19,67,325
19,68,231
19,73,592
19,74,493
19,79,34
19,80,255
19,84,23
19,85,254
19,90,188
19,91,297
19,92,471
19,97,476
19,99,208
19,100,193
19,105,93
19,106,500
19,118,484
19,122,590
19,124,348
19,132,192
19,133,241
19,139,502
19,140,377
19,143,60
19,145,460
19,149,98
19,151,573
19,154,542
19,155,137
19,160,40
19,171,150
19,179,146
19,191,98
19,198,375
19,207,541
19,211,546
19,212,207
19,216,119
19,217,181
19,228,72
19,232,322
19,233,110
19,241,59
19,245,51
19,260,177
19,261,304
19,266,149
19,275,145
19,280,96
19,284,442
20,1,575
20,3,588
20,7,563
20,8,96
20,9,536
20,10,2
20,11,227
20,12,414
20,13,441
20,14,388
20,16,155
20,17,263
20,18,215
20,19,350
20,21,246
20,22,448
20,23,346
20,24,589
20,27,361
20,29,509
20,30,6
20,32,546
20,33,55
20,35,196
20,37,419
20,39,34
20,41,530
20,42,490
20,43,278
20,48,12
20,49,204
20,53,42
20,55,534
20,56,246
20,58,331
20,62,122
20,68,303
20,70,52
20,77,82
20,78,90
20,80,524
20,81,239
20,82,413
20,84,571
20,94,219
20,102,248
20,104,533
20,116,355
20,118,425
20,130,271
20,135,32
20,136,346
20,138,507
20,139,106
20,144,259
20,148,118
20,153,284
20,160,285
20,162,38
20,167,24
20,173,541
20,182,166
20,183,262
20,199,586
20,204,543
20,207,451
20,208,80
20,212,476
20,214,428
20,216,483
20,223,252
20,229,501
20,235,242
20,238,90
20,241,420
20,258,228
20,270,562
20,283,178
20,285,70
20,286,451
20,289,100
20,298,64
21,3,204
21,4,564
21,5,294
21,6,320
21,7,260
21,8,314
21,9,535
21,11,418
21,13,293
21,14,309
21,15,166
21,16,552
21,19,492
21,20,246
21,24,542
21,25,336
21,27,558
21,28,159
21,31,391
21,32,23
21,33,256
21,34,566
21,35,66
21,37,414
21,38,64
21,39,131
21,41,25
21,42,174
21,44,31
21,45,21
21,46,572
21,50,441
21,56,179
21,59,98
21,62,55
21,64,381
21,66,382
21,67,495
21,68,228
21,69,460
21,72,246
21,73,586
21,74,515
21,82,54
21,83,78
21,86,224
21,88,351
21,89,552
21,92,240
21,95,164
21,98,70
21,100,359
21,101,541
21,107,483
21,112,303
21,115,456
21,117,511
21,119,87
21,122,582
21,124,421
21,129,580
21,146,287
21,147,534
21,155,97
21,159,258
21,164,465
21,175,285
21,176,159
21,178,488
21,188,502
21,190,477
21,213,382
21,220,14
21,227,30
21,249,587
21,257,429
21,259,306
21,266,418
21,275,165
21,290,466
21,293,303
21,300,215
22,1,301
22,2,187
22,4,398
22,5,115
22,6,35
22,8,482
22,9,171
22,10,439
22,11,172
22,12,58
22,13,580
22,14,531
22,15,211
22,16,485
22,18,4
22,20,448
22,26,416
22,28,139
22,29,322
22,30,323
22,31,542
22,32,361
22,34,482
22,35,269
22,36,272
22,37,313
22,38,531
22,40,200
22,41,289
22,43,67
22,44,203
22,45,554
22,46,46
22,47,313
22,48,1
22,49,379
22,51,110
22,52,384
22,53,546
22,54,350
22,56,377
22,60,548
22,61,407
22,62,413
22,63,43
22,64,114
22,65,518
22,71,527
22,72,466
22,78,293
22,81,151
22,82,508
22,85,575
22,87,369
22,91,280
22,94,390
22,98,137
22,102,583
22,104,485
22,113,555
22,122,393
22,123,62
22,135,366
22,136,375
22,138,100
22,141,195
22,142,170
22,149,8
22,153,248
22,161,302
22,166,194
22,167,368
22,172,351
22,182,174
22,184,439
22,185,436
22,188,451
22,189,531
22,191,105
22,193,510
22,200,22
22,203,338
22,206,549
22,210,112
22,221,203
22,223,98
22,244,426
22,247,196
22,256,188
22,265,504
22,267,236
22,268,497
22,283,600
22,290,10
22,291,416
22,298,272
23,3,521
23,4,181
23,5,522
23,7,366
23,8,330
23,9,329
23,10,244
23,11,161
23,12,337
23,14,16
23,15,2
23,16,187
23,17,432
23,19,528
23,20,346
23,25,304
23,26,415
23,27,544
23,28,25
23,29,420
23,35,109
23,36,47
23,37,398
23,38,59
23,40,242
23,42,295
23,43,431
23,46,288
23,47,557
23,48,228
23,49,112
23,51,163
23,52,197
23,53,598
23,55,475
23,57,386
23,58,375
23,59,412
23,64,235
23,65,320
23,72,165
23,76,77
23,83,527
23,86,201
23,97,561
23,103,407
23,104,305
23,108,117
23,109,265
23,111,180
23,114,362
23,115,39
23,118,53
23,120,463
23,121,244
23,124,10
23,131,542
23,132,255
23,134,159
23,137,152
23,146,12
23,150,13
23,156,534
23,159,422
23,164,77
23,166,592
23,169,215
23,175,526
23,181,471
23,183,401
23,185,488
23,187,122
23,205,559
23,206,577
23,210,324
23,211,538
23,226,222
23,236,226
23,241,510
23,251,340
23,271,308
23,274,169
23,276,427
23,277,158
23,280,592
23,284,55
23,291,201
23,294,390
24,1,519
24,3,325
24,5,599
24,6,568
24,8,420
24,9,281
24,10,255
24,11,471
24,13,576
24,14,242
24,15,587
24,16,487
24,17,470
24,18,149
24,19,214
24,20,589
24,21,542
24,25,144
24,26,450
24,27,101
24,30,402
24,31,529
24,32,141
24,34,589
24,37,402
24,38,465
24,39,170
24,41,588
24,44,129
24,46,301
24,47,370
24,48,600
24,50,293
24,51,300
24,52,301
24,55,464
24,56,518
24,57,466
24,62,58
24,64,349
24,65,63
24,66,38
24,68,241
24,76,430
24,78,541
24,83,574
24,86,264
24,87,429
24,88,575
24,90,582
24,91,227
24,93,219
24,94,113
24,98,558
24,100,412
24,101,320
24,103,454
24,106,125
24,120,526
24,131,385
24,133,515
24,136,253
24,146,393
24,160,387
24,163,163
24,167,453
24,174,119
24,185,93
24,202,597
24,210,349
24,216,408
24,225,135
24,235,57
24,236,93
24,241,283
24,247,31
24,250,196
24,263,111
24,268,357
24,269,238
24,276,541
24,286,199
24,298,474
25,2,392
25,3,452
25,6,469
25,7,459
25,8,435
25,9,71
25,11,219
25,12,541
25,13,87
25,16,250
25,18,60
25,21,336
25,23,304
25,24,144
25,26,414
25,29,598
25,30,225
25,31,8
25,32,590
25,33,119
25,35,77
25,36,264
25,37,326
25,38,181
25,41,231
25,42,348
25,43,229
25,44,134
25,46,211
25,47,501
25,49,514
25,54,490
25,55,311
25,61,527
25,67,233
25,70,405
25,74,316
25,75,39
25,77,377
25,80,569
25,81,574
25,83,211
25,87,598
25,88,488
25,90,372
25,94,170
25,95,262
25,102,356
25,103,320
25,105,443
25,110,342
25,112,206
25,116,77
25,119,66
25,120,212
25,122,332
25,123,497
25,135,120
25,140,542
25,141,369
25,145,73
25,146,337
25,148,20
25,149,38
25,150,339
25,162,49
25,166,243
25,177,554
25,179,275
25,181,349
25,195,505
25,197,176
25,198,207
25,202,339
25,204,481
25,226,468
25,240,437
25,242,488
25,251,246
25,255,507
25,259,105
25,277,526
25,292,568
26,1,100
26,4,440
26,6,370
26,7,204
26,8,363
26,9,312
26,10,22
26,13,241
26,15,365
26,16,535
26,18,491
26,19,71
26,22,416
26,23,415
26,24,450
26,25,414
26,29,310
26,31,186
26,33,28
26,34,114
26,35,558
26,36,28
26,38,258
26,42,598
26,43,584
26,45,561
26,46,31
26,48,209
26,51,410
26,55,411
26,58,434
26,62,131
26,63,521
26,65,518
26,66,174
26,70,38
26,73,335
26,74,212
26,75,37
26,77,16
26,79,438
26,81,438
26,83,54
26,84,483
26,86,198
26,87,405
26,91,416
26,92,187
26,94,430
26,98,413
26,101,551
26,102,584
26,103,141
26,107,572
26,109,541
26,111,308
26,113,92
26,114,22
26,119,85
26,129,168
26,137,510
26,139,144
26,142,234
26,146,332
26,148,419
26,157,484
26,160,342
26,169,284
26,178,104
26,186,281
26,187,109
26,200,192
26,203,4
26,217,413
26,219,374
26,221,435
26,242,575
26,246,188
26,259,3
26,265,513
26,267,18
26,271,185
26,272,172
26,277,265
26,292,421
26,298,405
27,1,11
27,3,417
27,4,19
27,6,258
27,8,425
27,9,106
27,10,313
27,11,483
27,12,414
27,14,456
27,15,449
27,16,502
27,18,592
27,19,155
27,20,361
27,21,558
27,23,544
27,24,101
27,29,93
27,30,254
27,33,435
27,34,422
27,35,561
27,36,358
27,37,493
27,38,234
27,39,532
27,40,541
27,41,199
27,43,104
27,45,59
27,46,537
27,47,346
27,49,189
27,50,288
27,51,195
27,55,155
27,58,273
27,63,281
27,66,64
27,67,452
27,74,72
27,77,201
27,81,10
27,82,164
27,83,302
27,85,251
27,87,359
27,91,375
27,94,57
27,96,373
27,97,282
27,98,243
27,99,558
27,103,208
27,106,377
27,113,11
27,116,324
27,117,413
27,127,471
27,131,315
27,132,558
27,136,350
27,137,7
27,145,594
27,160,523
27,161,342
27,167,169
27,168,71
27,174,518
27,185,496
27,194,530
27,195,485
27,198,163
27,201,447
27,203,202
27,205,101
27,211,231
27,219,174
27,220,393
27,223,423
27,227,327
27,243,276
27,244,109
27,245,310
27,248,304
27,249,316
27,256,424
27,274,274
27,285,28
27,286,307
27,291,31
28,1,586
28,4,367
28,5,16
28,7,295
28,8,466
28,9,567
28,13,178
28,15,527
28,18,486
28,19,514
28,21,159
28,22,139
28,23,25
28,30,456
28,31,28
28,33,173
28,34,42
28,35,184
28,36,341
28,37,211
28,38,379
28,39,58
28,40,73
28,43,538
28,45,374
28,46,184
28,48,296
28,52,355
28,53,451
28,56,276
28,57,166
28,58,424
28,59,97
28,60,595
28,61,424
28,65,458
28,71,486
28,78,165
28,79,53
28,80,408
28,82,400
28,85,600
28,86,104
28,87,543
28,91,434
28,92,492
28,94,235
28,97,212
28,99,54
28,101,417
28,104,490
28,105,441
28,107,131
28,109,62
28,110,10
28,120,361
28,122,239
28,125,58
28,136,256
28,144,426
28,150,151
28,155,586
28,165,38
28,166,460
28,167,447
28,171,555
28,177,118
28,178,458
28,194,323
28,195,123
28,201,313
28,207,110
28,213,151
28,218,308
28,220,27
28,225,292
28,228,568
28,229,284
28,259,462
28,272,393
28,280,216
28,282,220
28,290,415
29,1,12
29,2,271
29,4,376
29,5,290
29,8,423
29,12,589
29,16,417
29,17,171
29,18,392
29,19,573
29,20,509
29,22,322
29,23,420
29,25,598
29,26,310
29,27,93
29,31,521
29,32,438
29,33,136
29,34,495
29,35,82
29,38,225
29,39,92
29,40,437
29,42,463
29,44,261
29,45,303
29,46,129
29,49,266
29,52,26
29,53,136
29,58,589
29,62,437
29,64,525
29,65,283
29,68,297
29,71,547
29,72,217
29,73,182
29,74,339
29,75,128
29,77,335
29,79,165
29,82,476
29,85,322
29,89,475
29,91,215
29,92,448
29,93,320
29,96,60
29,105,487
29,106,151
29,108,6
29,117,594
29,122,530
29,126,416
29,128,593
29,138,136
29,142,532
29,146,472
29,153,544
29,156,90
29,157,477
29,164,342
29,168,50
29,176,235
29,177,147
29,178,446
29,180,272
29,210,576
29,215,475
29,220,116
29,229,594
29,233,534
29,235,115
29,244,261
29,248,7
29,263,299
29,266,152
29,267,268
29,274,210
29,277,111
29,282,283
29,286,507
29,299,306
30,1,37
30,2,109
30,3,427
30,4,190
30,5,13
30,8,567
30,9,419
30,10,375
30,11,396
30,14,185
30,15,472
30,17,278
30,18,287
30,19,380
30,20,6
30,22,323
30,24,402
30,25,225
30,27,254
30,28,456
30,32,552
30,33,71
30,35,540
30,36,192
30,38,116
30,40,115
30,41,594
30,42,504
30,44,83
30,45,3
30,46,74
30,51,299
30,52,31
30,53,510
30,57,422
30,58,86
30,59,33
30,60,18
30,62,148
30,64,575
30,65,325
30,66,54
30,68,208
30,69,589
30,72,421
30,73,154
30,75,4
30,80,200
30,92,484
30,94,31
30,96,538
30,97,310
30,107,193
30,109,288
30,114,40
30,116,534
30,117,515
30,118,206
30,122,300
30,125,264
30,126,572
30,127,203
30,133,483
30,136,93
30,141,431
30,144,194
30,145,441
30,147,549
30,149,32
30,151,162
30,156,173
30,159,249
30,164,588
30,169,565
30,176,292
30,183,91
30,186,426
30,193,406
30,197,533
30,213,499
30,222,427
30,228,437
30,234,381
30,261,12
30,264,8
30,267,284
30,270,572
30,278,54
30,282,90
30,290,101
30,297,565
31,1,94
31,2,579
31,3,474
31,5,163
31,6,12
31,7,589
31,8,453
31,9,374
31,10,55
31,11,44
31,13,244
31,15,143
31,16,214
31,21,391
31,22,542
31,24,529
31,25,8
31,26,186
31,28,28
31,29,521
31,32,493
31,33,579
31,34,22
31,37,146
31,38,583
31,42,22
31,44,475
31,46,257
31,48,182
31,51,306
31,53,380
31,55,348
31,57,475
31,58,570
31,59,544
31,62,340
31,63,24
31,67,235
31,69,54
31,72,478
31,74,367
31,77,363
31,78,74
31,81,229
31,82,230
31,83,445
31,84,485
31,85,383
31,87,497
31,88,195
31,89,23
31,90,464
31,91,44
31,93,259
31,94,418
31,97,551
31,100,414
31,102,578
31,103,553
31,105,66
31,106,92
31,107,283
31,111,402
31,113,524
31,120,157
31,121,283
31,123,401
31,126,113
31,133,531
31,138,595
31,140,493
31,146,580
31,149,274
31,151,234
31,171,388
31,176,17
31,185,539
31,200,505
31,204,485
31,210,332
31,212,201
31,222,168
31,235,526
31,238,173
31,239,157
31,250,250
31,254,94
31,257,559
31,269,562
31,277,106
31,296,562
32,1,576
32,4,123
32,5,81
32,6,426
32,7,588
32,8,120
32,10,177
32,11,362
32,13,78
32,14,358
32,15,594
32,16,244
32,17,270
32,18,224
32,19,218
32,20,546
32,21,23
32,22,361
32,24,141
32,25,590
32,29,438
32,30,552
32,31,493
32,33,539
32,34,405
32,37,84
32,38,247
32,39,514
32,40,185
32,41,520
32,44,101
32,45,583
32,46,312
32,48,584
32,49,188
32,50,81
32,51,151
32,52,27
32,55,134
32,56,86
32,57,502
32,58,385
32,59,597
32,61,176
32,66,372
32,71,555
32,75,292
32,82,389
32,84,529
32,85,473
32,89,452
32,90,80
32,92,412
32,96,250
32,98,77
32,100,102
32,102,319
32,104,429
32,107,29
32,116,164
32,118,430
32,120,512
32,121,97
32,125,411
32,130,85
32,134,360
32,136,169
32,142,521
32,146,271
32,157,296
32,162,134
32,171,463
32,172,383
32,173,370
32,182,114
32,190,496
32,195,505
32,201,296
32,206,519
32,210,510
32,214,253
32,216,73
32,222,450
32,223,219
32,234,168
32,249,150
32,255,489
32,260,187
32,262,5
32,267,593
32,287,271
32,288,189
32,299,577
32,300,572
33,1,270
33,2,154
33,6,187
33,8,557
33,9,314
33,10,367
33,11,379
33,12,584
33,13,542
33,14,137
33,15,396
33,18,264
33,19,567
33,20,55
33,21,256
33,25,119
33,26,28
33,27,435
33,28,173
33,29,136
33,30,71
33,31,579
33,32,539
33,34,430
33,35,83
33,36,572
33,37,495
33,38,191
33,39,145
33,44,28
33,48,162
33,50,180
33,53,503
33,54,69
33,55,163
33,56,240
33,57,13
33,59,484
33,61,248
33,62,523
33,63,531
33,64,525
33,69,373
33,77,561
33,78,208
33,82,281
33,84,294
33,88,253
33,89,439
33,90,271
33,93,524
33,94,287
33,97,418
33,100,61
33,101,173
33,102,414
33,106,565
33,110,569
33,113,529
33,114,235
33,118,313
33,121,423
33,127,500
33,131,97
33,134,583
33,136,168
33,139,372
33,148,276
33,151,426
33,153,264
33,154,127
33,160,487
33,163,236
33,167,338
33,169,367
33,171,227
33,182,174
33,188,49
33,203,203
33,204,46
33,207,189
33,209,594
33,219,116
33,224,345
33,228,556
33,230,487
33,236,490
33,283,429
33,292,385
33,294,335
34,1,241
34,5,304
34,6,379
34,7,169
34,8,271
34,9,446
34,10,290
34,11,13
34,13,154
34,14,75
34,15,368
34,16,120
34,17,285
34,18,12
34,21,566
34,22,482
34,24,589
34,26,114
34,27,422
34,28,42
34,29,495
34,31,22
34,32,405
34,33,430
34,35,484
34,36,293
34,37,483
34,38,537
34,39,340
34,42,64
34,45,291
34,47,564
34,48,249
34,49,422
34,53,161
34,54,209
34,56,519
34,57,385
34,61,392
34,62,51
34,63,175
34,65,128
34,66,487
34,74,536
34,75,115
34,78,23
34,82,244
34,89,356
34,92,342
34,93,81
34,94,54
34,97,356
34,101,513
34,109,519
34,113,285
34,118,223
34,119,42
34,124,578
34,126,302
34,129,376
34,131,479
34,132,117
34,134,397
34,135,342
34,136,298
34,137,419
34,140,566
34,144,311
34,147,378
34,155,297
34,161,560
34,162,326
34,163,512
34,168,31
34,176,391
34,183,170
34,193,111
34,215,249
34,225,13
34,228,354
34,231,469
34,243,425
34,250,29
34,259,232
34,261,414
34,265,187
34,267,301
34,278,220
35,2,481
35,4,263
35,5,565
35,6,586
35,7,5
35,9,404
35,10,116
35,11,560
35,14,163
35,15,84
35,16,388
35,17,105
35,19,201
35,20,196
35,21,66
35,22,269
35,23,109
35,25,77
35,26,558
35,27,561
35,28,184
35,29,82
35,30,540
35,33,83
35,34,484
35,36,546
35,37,307
35,38,402
35,39,233
35,40,436
35,42,415
35,46,235
35,49,262
35,53,321
35,55,497
35,56,151
35,57,598
35,63,404
35,64,19
35,66,457
35,67,245
35,69,574
35,70,521
35,71,328
35,72,71
35,74,240
35,78,393
35,79,386
35,85,559
35,86,526
35,88,376
35,89,478
35,90,208
35,92,202
35,95,35
35,100,197
35,103,471
35,104,465
35,112,367
35,115,279
35,121,90
35,125,311
35,134,546
35,135,557
35,140,69
35,147,181
35,153,573
35,171,39
35,175,27
35,181,356
35,186,133
35,188,598
35,192,443
35,193,320
35,194,94
35,195,13
35,196,210
35,197,51
35,199,211
35,201,548
35,203,457
35,212,77
35,218,356
35,220,212
35,227,114
35,228,175
35,234,492
35,239,66
35,255,543
35,256,569
35,273,124
35,286,285
35,288,412
35,299,359
36,1,42
36,2,72
36,4,262
36,6,25
36,7,80
36,10,147
36,11,15
36,13,208
36,14,377
36,15,158
36,16,479
36,17,404
36,18,357
36,22,272
36,23,47
36,25,264
36,26,28
36,27,358
36,28,341
36,30,192
36,33,572
36,34,293
36,35,546
36,37,140
36,38,411
36,39,454
36,40,193
36,41,229
36,43,384
36,44,65
36,46,483
36,47,355
36,48,170
36,50,5
36,52,544
36,53,510
36,54,540
36,56,396
36,57,183
36,59,247
36,60,59
36,63,79
36,67,329
36,70,184
36,71,375
36,75,173
36,76,365
36,78,564
36,79,40
36,81,445
36,82,589
36,86,216
36,90,325
36,91,116
36,93,308
36,96,411
36,97,340
36,102,344
36,104,543
36,106,242
36,108,515
36,110,314
36,112,306
36,113,545
36,115,185
36,117,84
36,123,50
36,127,369
36,129,99
36,132,58
36,136,466
36,138,561
36,139,349
36,143,276
36,152,183
36,155,408
36,156,558
36,158,499
36,183,425
36,197,285
36,198,513
36,226,14
36,231,207
36,232,41
36,238,231
36,240,562
36,247,464
36,256,245
36,264,513
36,266,457
36,279,588
36,284,147
37,3,374
37,5,199
37,7,282
37,8,125
37,11,13
37,13,3
37,14,584
37,15,236
37,19,590
37,20,419
37,21,414
37,22,313
37,23,398
37,24,402
37,25,326
37,27,493
37,28,211
37,31,146
37,32,84
37,33,495
37,34,483
37,35,307
37,36,140
37,39,193
37,43,300
37,44,484
37,45,415
37,47,170
37,51,423
37,53,350
37,54,422
37,56,534
37,59,169
37,61,452
37,63,461
37,65,516
37,66,178
37,70,18
37,72,514
37,76,315
37,78,500
37,79,158
37,80,360
37,81,330
37,83,485
37,89,124
37,90,11
37,91,310
37,95,101
37,97,252
37,104,369
37,105,536
37,107,478
37,110,436
37,113,204
37,115,244
37,116,421
37,117,539
37,125,80
37,139,154
37,144,141
37,154,511
37,164,491
37,173,546
37,184,122
37,187,215
37,188,113
37,200,497
37,206,238
37,208,249
37,221,313
37,222,270
37,230,270
37,235,440
37,243,383
37,247,248
37,253,514
37,265,520
37,270,88
37,280,25
37,299,438
38,1,145
38,2,463
38,4,270
38,5,312
38,9,120
38,10,400
38,12,564
38,13,65
38,15,67
38,16,551
38,17,216
38,18,113
38,21,64
38,22,531
38,23,59
38,24,465
38,25,181
38,26,258
38,27,234
38,28,379
38,29,225
38,30,116
38,31,583
38,32,247
38,33,191
38,34,537
38,35,402
38,36,411
38,40,106
38,42,199
38,43,83
38,46,71
38,48,363
38,49,286
38,51,287
38,53,3
38,54,380
38,55,152
38,57,597
38,61,314
38,62,316
38,64,131
38,66,28
38,67,15
38,69,207
38,72,574
38,73,438
38,84,337
38,86,556
38,87,426
38,89,309
38,90,36
38,91,125
38,92,186
38,98,335
38,99,415
38,104,109
38,105,268
38,106,228
38,107,235
38,122,116
38,124,476
38,128,55
38,141,68
38,145,535
38,146,411
38,147,261
38,152,255
38,153,234
38,163,104
38,164,555
38,181,226
38,184,124
38,185,415
38,188,598
38,190,495
38,191,391
38,193,427
38,194,434
38,204,171
38,212,276
38,220,165
38,228,338
38,231,250
38,232,412
38,237,64
38,241,136
38,244,13
38,266,141
38,271,134
38,288,446
38,290,419
39,2,553
39,3,437
39,4,285
39,6,280
39,8,76
39,9,217
39,12,434
39,13,429
39,14,423
39,15,103
39,20,34
39,21,131
39,24,170
39,27,532
39,28,58
39,29,92
39,32,514
39,33,145
39,34,340
39,35,233
39,36,454
39,37,193
39,40,388
39,45,478
39,47,233
39,49,184
39,50,177
39,51,539
39,54,561
39,55,342
39,56,506
39,57,501
39,58,549
39,62,330
39,67,483
39,68,25
39,70,524
39,71,102
39,72,104
39,83,110
39,86,586
39,87,310
39,88,517
39,91,321
39,93,277
39,96,489
39,98,540
39,99,13
39,103,44
39,107,164
39,108,169
39,109,363
39,114,31
39,115,542
39,117,464
39,121,432
39,122,104
39,124,247
39,130,3
39,141,236
39,142,371
39,145,201
39,176,439
39,177,510
39,186,508
39,188,98
39,189,541
39,190,61
39,202,51
39,203,476
39,204,55
39,206,314
39,209,128
39,213,95
39,218,451
39,243,440
39,244,509
39,251,308
39,254,392
39,261,292
39,289,405
39,292,123
39,295,233
39,297,427
40,1,360
40,2,499
40,3,370
40,5,104
40,7,210
40,8,155
40,9,188
40,10,409
40,11,137
40,12,317
40,13,48
40,16,468
40,17,446
40,18,489
40,22,200
40,23,242
40,27,541
40,28,73
40,29,437
40,30,115
40,32,185
40,35,436
40,36,193
40,38,106
40,39,388
40,41,375
40,42,337
40,43,150
40,46,457
40,48,496
40,50,198
40,51,222
40,57,575
40,58,385
40,59,204
40,60,80
40,63,291
40,64,359
40,67,512
40,68,498
40,69,135
40,71,58
40,82,385
40,86,434
40,89,218
40,95,498
40,102,50
40,108,197
40,116,574
40,118,81
40,123,202
40,124,375
40,130,340
40,132,266
40,134,473
40,139,457
40,147,447
40,148,164
40,149,226
40,150,32
40,153,153
40,156,198
40,161,496
40,175,565
40,178,288
40,180,48
40,187,567
40,192,382
40,197,6
40,204,44
40,206,442
40,207,96
40,229,422
40,233,563
40,236,492
40,240,593
40,245,586
40,268,395
40,270,74
40,287,266
40,288,185
41,1,261
41,2,402
41,3,351
41,6,150
41,7,493
41,8,587
41,10,435
41,11,382
41,14,259
41,16,456
41,17,556
41,18,574
41,20,530
41,21,25
41,22,289
41,24,588
41,25,231
41,27,199
41,30,594
41,32,520
41,36,229
41,40,375
41,42,490
41,43,490
41,44,54
41,45,387
41,48,20
41,53,347
41,55,165
41,57,54
41,58,165
41,59,268
41,65,540
41,66,485
41,67,8
41,70,299
41,71,478
41,72,344
41,76,592
41,78,157
41,79,432
41,81,172
41,85,206
41,90,23
41,92,179
41,94,430
41,95,341
41,97,242
41,98,172
41,101,413
41,120,264
41,121,330
41,127,150
41,128,429
41,133,132
41,134,202
41,146,450
41,147,506
41,148,564
41,150,229
41,151,226
41,155,559
41,157,380
41,161,240
41,164,589
41,174,12
41,177,189
41,181,68
41,202,325
41,203,580
41,212,41
41,224,490
41,234,522
41,244,207
41,256,93
41,266,166
41,267,87
41,269,154
41,271,84
41,274,453
41,300,283
42,2,268
42,3,31
42,4,42
42,5,336
42,7,42
42,9,155
42,10,482
42,11,206
42,12,482
42,13,590
42,15,590
42,16,227
42,17,179
42,19,80
42,20,490
42,21,174
42,23,295
42,25,348
42,26,598
42,29,463
42,30,504
42,31,22
42,34,64
42,35,415
42,38,199
42,40,337
42,41,490
42,43,91
42,44,300
42,47,178
42,49,428
42,50,418
42,51,74
42,52,241
42,54,404
42,56,329
42,64,380
42,65,24
42,68,496
42,70,310
42,71,503
42,74,65
42,75,311
42,78,307
42,79,330
42,80,386
42,87,149
42,98,165
42,101,568
42,102,282
42,104,335
42,106,165
42,107,314
42,109,271
42,110,121
42,112,581
42,114,537
42,116,572
42,119,161
42,125,210
42,127,579
42,129,22
42,136,335
42,138,332
42,145,227
42,148,221
42,152,67
42,157,20
42,165,472
42,171,30
42,172,7
42,174,331
42,176,155
42,179,206
42,184,572
42,195,536
42,200,471
42,201,523
42,206,477
42,208,182
42,210,468
42,215,161
42,221,536
42,228,60
42,229,194
42,235,540
42,237,365
42,238,598
42,246,339
42,247,192
42,248,26
42,254,60
42,261,109
42,267,78
42,292,398
43,2,385
43,4,124
43,6,77
43,7,524
43,11,67
43,12,542
43,14,277
43,15,50
43,18,565
43,19,409
43,20,278
43,22,67
43,23,431
43,25,229
43,26,584
43,27,104
43,28,538
43,36,384
43,37,300
43,38,83
43,40,150
43,41,490
43,42,91
43,44,120
43,45,204
43,49,165
43,54,395
43,55,453
43,56,121
43,58,254
43,59,431
43,61,177
43,64,248
43,65,448
43,70,193
43,72,263
43,73,65
43,75,382
43,78,334
43,80,68
43,81,313
43,88,341
43,89,383
43,93,594
43,95,560
43,98,227
43,99,230
43,102,46
43,103,329
43,105,450
43,106,325
43,108,446
43,110,221
43,111,337
43,112,151
43,115,117
43,117,561
43,120,16
43,125,123
43,127,335
43,132,327
43,134,44
43,138,566
43,146,24
43,148,277
43,152,192
43,153,373
43,155,286
43,156,236
43,157,324
43,165,458
43,168,469
43,170,578
43,172,385
43,174,134
43,177,397
43,185,234
43,197,479
43,201,240
43,214,169
43,217,276
43,224,539
43,226,276
43,229,6
43,230,287
43,232,176
43,240,519
43,246,422
43,249,186
43,251,356
43,255,111
43,258,326
43,262,461
43,277,70
43,290,458
43,292,8
44,4,313
44,7,253
44,8,449
44,9,600
44,10,186
44,11,453
44,15,204
44,16,392
44,19,517
44,21,31
44,22,203
44,24,129
44,25,134
44,29,261
44,30,83
44,31,475
44,32,101
44,33,28
44,36,65
44,37,484
44,41,54
44,42,300
44,43,120
44,46,331
44,49,357
44,51,588
44,52,428
44,53,61
44,55,250
44,57,307
44,58,267
44,61,265
44,63,417
44,64,599
44,72,186
44,73,24
44,74,350
44,80,219
44,81,231
44,82,484
44,84,469
44,85,229
44,89,231
44,91,133
44,96,418
44,103,429
44,107,301
44,108,104
44,111,591
44,113,66
44,114,474
44,115,33
44,121,231
44,124,407
44,126,446
44,129,214
44,132,372
44,133,136
44,135,272
44,139,106
44,141,537
44,144,403
44,147,434
44,149,36
44,150,172
44,151,133
44,174,282
44,175,107
44,183,457
44,193,18
44,198,336
44,200,437
44,202,519
44,208,465
44,211,530
44,221,501
44,234,349
44,247,69
44,256,582
44,259,304
44,260,118
44,265,494
44,272,351
44,273,318
44,284,333
44,295,435
45,1,45
45,2,315
45,5,265
45,6,298
45,7,428
45,11,395
45,12,155
45,13,341
45,14,206
45,16,321
45,17,12
45,19,164
45,21,21
45,22,554
45,26,561
45,27,59
45,28,374
45,29,303
45,30,3
45,32,583
45,34,291
45,37,415
45,39,478
45,41,387
45,43,204
45,48,226
45,50,117
45,51,149
45,52,51
45,53,314
45,54,15
45,55,392
45,58,358
45,59,151
45,61,412
45,62,293
45,69,239
45,72,528
45,74,462
45,75,548
45,76,159
45,80,174
45,81,588
45,89,183
45,90,78
45,93,471
45,104,431
45,109,436
45,110,267
45,111,44
45,118,204
45,119,537
45,126,517
45,128,361
45,129,82
45,130,246
45,132,579
45,137,104
45,143,16
45,154,2
45,160,327
45,162,47
45,163,326
45,164,350
45,168,118
45,179,254
45,189,362
45,202,260
45,203,213
45,205,27
45,208,296
45,215,354
45,218,406
45,219,112
45,220,490
45,221,144
45,223,600
45,243,186
45,245,61
45,252,251
45,255,296
45,263,50
45,273,591
45,274,568
45,278,160
45,287,88
45,294,390
46,7,127
46,9,159
46,10,83
46,11,107
46,14,421
46,15,502
46,18,53
46,19,18
46,21,572
46,22,46
46,23,288
46,24,301
46,25,211
46,26,31
46,27,537
46,28,184
46,29,129
46,30,74
46,31,257
46,32,312
46,35,235
46,36,483
46,38,71
46,40,457
