source,target,weight
1,2,294
1,3,396
1,4,98
1,8,561
1,9,540
1,10,99
1,11,346
1,12,229
1,14,97
1,15,147
1,16,519
1,18,79
1,23,458
1,24,502
1,25,312
1,26,23
1,27,414
1,28,128
1,29,568
1,30,199
1,31,313
1,32,579
1,33,164
1,34,78
1,35,159
1,36,237
1,39,89
1,41,136
1,42,210
1,43,432
1,44,275
1,45,257
1,46,265
1,47,86
1,48,8
1,52,275
1,57,29
1,59,19
1,60,487
1,62,426
1,67,511
1,68,142
1,70,280
1,75,571
1,79,45
1,80,504
1,83,163
1,84,323
1,85,245
1,87,567
1,89,336
1,93,29
1,94,95
1,99,21
1,100,513
1,105,134
1,108,530
1,111,412
1,113,39
1,114,225
1,115,258
1,120,19
1,122,33
1,125,377
1,132,561
1,134,130
1,135,152
1,140,67
1,141,104
1,142,488
1,147,337
1,156,44
1,161,522
1,173,209
1,174,360
1,181,485
1,182,125
1,183,214
1,186,224
1,192,135
1,200,14
1,207,520
1,209,561
1,218,71
1,226,97
1,227,529
1,232,348
1,239,559
1,241,126
1,242,557
1,244,105
1,246,22
1,263,321
1,269,297
1,272,162
1,273,13
1,297,180
2,1,294
2,3,449
2,4,68
2,5,255
2,6,178
2,10,242
2,11,65
2,13,244
2,16,449
2,17,400
2,19,64
2,21,32
2,22,198
2,23,261
2,24,256
2,25,544
2,27,192
2,28,413
2,29,354
2,30,40
2,31,347
2,33,597
2,36,295
2,39,203
2,41,177
2,44,553
2,46,64
2,47,573
2,48,169
2,50,215
2,51,92
2,52,74
2,53,360
2,54,192
2,58,256
2,59,317
2,60,568
2,62,26
2,64,410
2,65,143
2,70,23
2,72,447
2,77,582
2,78,460
2,81,207
2,82,270
2,84,395
2,85,505
2,87,381
2,88,198
2,90,511
2,93,101
2,103,486
2,108,326
2,109,209
2,113,11
2,116,187
2,121,147
2,123,127
2,128,156
2,129,239
2,132,2
2,138,246
2,140,447
2,147,551
2,149,10
2,152,363
2,156,98
2,157,103
2,158,169
2,161,272
2,166,318
2,174,149
2,175,575
2,176,371
2,177,209
2,179,164
2,183,260
2,185,156
2,186,332
2,190,319
2,200,42
2,210,490
2,240,261
2,248,190
2,250,276
2,251,108
2,266,472
2,272,232
2,275,375
2,279,515
2,292,74
3,1,396
3,2,449
3,4,248
3,5,270
3,6,518
3,7,357
3,8,109
3,12,229
3,13,382
3,15,112
3,17,492
3,18,86
3,19,572
3,20,142
3,23,258
3,25,9
3,28,352
3,30,148
3,31,13
3,32,37
3,34,368
3,38,377
3,40,219
3,41,475
3,42,383
3,43,62
3,45,454
3,46,234
3,47,196
3,48,166
3,49,466
3,52,206
3,54,153
3,55,193
3,56,497
3,58,499
3,61,470
3,62,54
3,64,308
3,65,62
3,67,152
3,70,427
3,71,408
3,72,391
3,74,128
3,76,485
3,77,379
3,79,220
3,84,545
3,85,94
3,86,582
3,90,410
3,93,243
3,94,177
3,95,197
3,96,473
3,97,245
3,98,177
3,104,105
3,110,557
3,112,286
3,114,127
3,116,339
3,117,192
3,120,101
3,123,582
3,124,444
3,125,312
3,126,503
3,128,556
3,139,335
3,148,298
3,158,374
3,159,73
3,161,311
3,163,143
3,177,175
3,178,285
3,181,508
3,182,539
3,188,344
3,190,375
3,191,424
3,192,403
3,193,98
3,196,49
3,211,546
3,220,445
3,231,135
3,239,34
3,242,54
3,253,308
3,260,578
3,288,178
3,289,120
3,291,114
3,292,48
4,1,98
4,2,68
4,3,248
4,5,106
4,6,477
4,7,317
4,8,549
4,10,223
4,13,387
4,14,475
4,15,132
4,16,449
4,17,282
4,18,594
4,20,71
4,21,367
4,22,480
4,23,356
4,25,34
4,26,376
4,27,443
4,28,107
4,30,590
4,32,379
4,33,242
4,35,309
4,37,126
4,38,565
4,39,467
4,41,583
4,42,333
4,44,139
4,45,212
4,46,50
4,47,494
4,49,321
4,51,551
4,53,394
4,57,6
4,58,225
4,59,495
4,62,226
4,65,105
4,67,167
4,69,207
4,72,392
4,77,217
4,78,176
4,79,217
4,80,287
4,81,422
4,82,125
4,100,20
4,114,235
4,115,334
4,117,542
4,122,171
4,125,561
4,127,43
4,129,363
4,132,286
4,141,391
4,144,410
4,148,338
4,164,250
4,167,366
4,181,193
4,184,27
4,188,399
4,193,40
4,194,542
4,197,121
4,202,246
4,204,527
4,207,88
4,209,227
4,214,125
4,216,200
4,245,291
4,255,258
4,265,166
4,269,30
4,276,229
4,284,186
5,2,255
5,3,270
5,4,106
5,6,301
5,7,127
5,8,43
5,9,245
5,11,226
5,12,525
5,14,411
5,15,369
5,18,36
5,20,334
5,21,379
5,22,565
5,24,230
5,28,429
5,30,181
5,31,291
5,32,76
5,34,212
5,36,103
5,37,327
5,40,289
5,42,360
5,43,454
5,44,82
5,45,334
5,46,289
5,48,201
5,50,493
5,51,471
5,53,442
5,54,199
5,55,329
5,56,120
5,57,524
5,59,341
5,64,419
5,65,407
5,70,168
5,72,163
5,76,383
5,77,480
5,79,555
5,80,33
5,85,109
5,88,497
5,89,332
5,90,188
5,93,289
5,98,88
5,103,410
5,107,241
5,113,274
5,114,254
5,117,263
5,125,84
5,129,439
5,130,361
5,140,494
5,143,276
5,146,134
5,148,418
5,152,385
5,155,435
5,156,243
5,164,572
5,166,219
5,170,265
5,177,464
5,182,109
5,185,295
5,197,263
5,199,282
5,207,90
5,219,106
5,221,286
5,230,98
5,234,484
5,242,381
5,250,45
5,257,255
5,259,532
5,261,118
5,266,532
5,268,300
5,278,451
5,283,284
5,289,293
5,290,116
5,293,257
6,2,178
6,3,518
6,4,477
6,5,301
6,7,269
6,8,593
6,9,252
6,10,504
6,12,233
6,13,69
6,16,185
6,17,324
6,19,469
6,20,393
6,21,349
6,22,280
6,24,495
6,26,584
6,28,312
6,29,595
6,30,269
6,31,472
6,32,22
6,35,154
6,36,506
6,37,48
6,39,484
6,40,123
6,41,123
6,42,298
6,45,332
6,46,303
6,47,157
6,48,246
6,50,584
6,51,492
6,54,394
6,55,457
6,56,357
6,57,32
6,58,154
6,62,446
6,70,124
6,74,544
6,75,431
6,80,449
6,81,46
6,85,368
6,94,411
6,98,5
6,106,261
6,107,62
6,109,120
6,110,91
6,114,14
6,118,435
6,127,55
6,131,351
6,133,2
6,134,398
6,139,589
6,143,185
6,145,112
6,146,301
6,148,115
6,151,463
6,164,579
6,165,139
6,169,109
6,172,164
6,175,564
6,178,104
6,191,112
6,204,177
6,206,312
6,210,351
6,212,312
6,223,345
6,224,123
6,230,294
6,248,44
6,251,536
6,266,312
6,279,184
6,281,405
6,284,297
7,3,357
7,4,317
7,5,127
7,6,269
7,9,85
7,10,182
7,11,512
7,12,577
7,13,245
7,15,21
7,16,243
7,18,498
7,19,257
7,20,500
7,21,443
7,23,317
7,24,574
7,25,438
7,26,103
7,27,211
7,30,201
7,31,151
7,32,584
7,33,322
7,35,320
7,36,10
7,37,54
7,38,394
7,42,375
7,45,20
7,47,29
7,50,94
7,51,54
7,53,361
7,56,201
7,58,32
7,59,219
7,60,252
7,62,118
7,63,519
7,64,119
7,65,327
7,68,282
7,69,277
7,71,214
7,73,598
7,76,280
7,79,481
7,87,176
7,92,259
7,95,289
7,98,39
7,100,526
7,101,97
7,103,234
7,104,526
7,105,5
7,106,279
7,107,231
7,111,173
7,112,63
7,114,410
7,115,308
7,121,588
7,124,278
7,125,166
7,127,439
7,129,9
7,131,200
7,137,424
7,139,144
7,143,266
7,154,24
7,160,594
7,167,107
7,168,127
7,169,571
7,170,112
7,174,557
7,183,253
7,184,59
7,188,110
7,195,449
7,201,260
7,204,34
7,209,276
7,210,491
7,211,588
7,217,552
7,223,573
7,234,167
7,241,210
7,249,99
7,250,112
7,274,235
7,285,501
7,287,242
7,288,366
7,292,413
8,1,561
8,3,109
8,4,549
8,5,43
8,6,593
8,9,322
8,10,142
8,11,115
8,12,231
8,17,104
8,18,494
8,19,450
8,21,525
8,22,560
8,23,436
8,25,74
8,26,252
8,27,50
8,30,33
8,31,149
8,32,394
8,33,138
8,37,374
8,38,431
8,41,38
8,44,128
8,46,153
8,49,313
8,50,421
8,51,320
8,52,592
8,53,295
8,55,152
8,56,278
8,58,197
8,60,62
8,61,435
8,62,135
8,63,553
8,68,28
8,71,553
8,80,586
8,81,457
8,85,180
8,90,184
8,96,40
8,102,506
8,111,261
8,114,167
8,122,96
8,126,443
8,127,499
8,128,371
8,138,114
8,140,106
8,141,571
8,142,325
8,143,70
8,148,81
8,166,508
8,172,284
8,176,228
8,190,556
8,191,535
8,196,188
8,197,549
8,200,556
8,205,507
8,208,399
8,214,545
8,215,566
8,236,397
8,239,219
8,245,420
8,247,421
8,248,233
8,268,463
8,279,89
8,286,384
8,290,342
9,1,540
9,5,245
9,6,252
9,7,85
9,8,322
9,11,435
9,12,36
9,13,420
9,14,35
9,18,343
9,19,159
9,21,488
9,23,3
9,24,497
9,25,192
9,26,431
9,27,518
9,28,435
9,29,419
9,31,369
9,32,236
9,33,214
9,34,158
9,36,118
9,37,376
9,38,10
9,39,277
9,40,207
9,41,392
9,42,599
9,43,594
9,45,83
9,46,155
9,48,428
9,49,529
9,50,7
9,52,31
9,53,568
9,55,208
9,56,590
9,58,464
9,59,396
9,61,383
9,62,5
9,63,192
9,65,208
9,66,564
9,67,293
9,73,599
9,75,55
9,76,433
9,77,549
9,86,208
9,90,168
9,91,279
9,95,143
9,98,579
9,104,34
9,113,180
9,115,192
9,116,7
9,120,104
9,122,9
9,126,36
9,130,516
9,140,467
9,141,451
9,145,411
9,147,541
9,151,282
9,162,465
9,165,374
9,170,481
9,178,212
9,180,177
9,183,590
9,190,30
9,197,1
9,201,286
9,203,14
9,205,254
9,210,71
9,213,479
9,223,121
9,225,157
9,235,517
9,236,544
9,237,284
9,249,205
9,258,380
9,263,375
9,269,205
9,271,580
9,272,530
9,290,211
10,1,99
10,2,242
10,4,223
10,6,504
10,7,182
10,8,142
10,11,203
10,12,436
10,13,306
10,14,262
10,15,159
10,16,517
10,18,360
10,19,110
10,20,467
10,21,427
10,22,170
10,25,587
10,26,183
10,27,393
10,28,426
10,30,300
10,32,341
10,33,458
10,34,581
10,35,454
10,36,495
10,37,476
10,38,514
10,39,494
10,40,67
10,41,169
10,42,214
10,43,404
10,44,211
10,45,315
10,46,183
10,47,19
10,48,549
10,49,447
10,50,176
10,51,338
10,53,287
10,54,553
10,55,135
10,56,173
10,57,40
10,60,26
10,62,562
10,63,280
10,64,119
10,65,14
10,73,246
10,74,193
10,75,320
10,76,17
10,77,385
10,81,238
10,83,198
10,85,36
10,88,268
10,90,531
10,96,556
10,97,556
10,98,297
10,100,32
10,101,597
10,102,213
10,104,320
10,105,342
10,106,404
10,114,91
10,115,207
10,118,544
10,122,478
10,125,312
10,127,556
10,137,370
10,138,144
10,142,8
10,145,301
10,164,328
10,170,265
10,177,390
10,178,329
10,183,80
10,187,8
10,191,152
10,206,532
10,208,210
10,209,240
10,223,302
10,232,164
10,233,522
10,240,508
10,247,287
10,258,87
10,262,73
10,263,351
10,284,478
10,285,279
10,289,476
10,291,287
10,300,452
11,1,346
11,2,65
11,5,226
11,7,512
11,8,115
11,9,435
11,10,203
11,12,467
11,13,29
11,15,379
11,16,111
11,17,270
11,19,3
11,24,182
11,27,577
11,29,180
11,31,169
11,32,150
11,35,113
11,37,501
11,42,414
11,43,181
11,45,151
11,46,331
11,47,8
11,48,144
11,49,26
11,50,565
11,52,89
11,54,32
11,55,302
11,57,576
11,59,387
11,60,140
11,61,51
11,63,437
11,67,58
11,68,470
11,69,208
11,70,483
11,71,479
11,72,37
11,73,64
11,77,393
11,80,186
11,81,472
11,84,39
11,86,441
11,87,373
11,91,124
11,92,459
11,95,366
11,104,446
11,107,194
11,119,177
11,125,508
11,126,374
11,132,259
11,133,323
11,134,461
11,138,37
11,141,353
11,151,438
11,152,557
11,169,14
11,172,586
11,173,280
11,175,480
11,181,315
11,185,239
11,191,289
11,195,485
11,198,158
11,199,557
11,201,93
11,205,450
11,213,240
11,216,598
11,221,308
11,224,591
11,225,449
11,241,380
11,243,560
11,246,588
11,249,136
11,255,550
11,259,467
11,277,509
11,280,145
11,299,384
12,1,229
12,3,229
12,5,525
12,6,233
12,7,577
12,8,231
12,9,36
12,10,436
12,11,467
12,13,567
12,16,157
12,17,343
12,18,183
12,19,552
12,20,178
12,21,556
12,23,538
12,24,96
12,25,203
12,27,564
12,29,109
12,31,575
12,32,355
12,33,21
12,34,184
12,35,197
12,36,291
12,39,138
12,40,319
12,41,257
12,42,314
12,43,524
12,44,165
12,45,291
12,46,19
12,47,331
12,48,205
12,49,581
12,50,157
12,51,152
12,52,226
12,53,305
12,58,309
12,59,586
12,60,243
12,63,599
12,64,246
12,65,304
12,66,300
12,67,392
12,70,483
12,71,559
12,72,545
12,76,15
12,77,472
12,87,128
12,89,452
12,90,12
12,91,84
12,92,96
12,94,294
12,95,117
12,104,290
12,105,597
12,107,86
12,115,448
12,117,524
12,126,28
12,127,210
12,135,442
12,136,590
12,138,59
12,140,517
12,142,441
12,152,498
12,157,541
12,158,520
12,161,172
12,162,159
12,165,111
12,175,121
12,183,249
12,191,43
12,195,350
12,197,502
12,199,225
12,201,479
12,205,594
12,214,447
12,219,367
12,227,218
12,236,277
12,237,538
12,242,453
12,250,505
12,252,586
12,259,333
12,260,494
12,262,43
12,268,176
12,280,302
12,287,170
12,295,416
12,299,32
13,2,244
13,3,382
13,4,387
13,6,69
13,7,245
13,9,420
13,10,306
13,11,29
13,12,567
13,14,416
13,15,180
13,16,127
13,17,279
13,18,303
13,19,376
13,20,485
13,21,591
13,25,403
13,29,409
13,30,336
13,31,138
13,33,493
13,35,33
13,36,116
13,37,388
13,38,74
13,40,79
13,41,288
13,43,383
13,44,151
13,46,459
13,49,276
13,52,598
13,55,522
13,56,523
13,58,290
13,59,98
13,60,528
13,63,569
13,64,259
13,66,159
13,69,503
13,70,302
13,71,154
13,73,227
13,75,251
13,80,503
13,89,358
13,95,557
13,97,116
13,99,271
13,102,196
13,108,256
13,113,148
13,118,31
13,130,560
13,132,146
13,144,289
13,145,129
13,159,193
13,167,588
13,168,464
13,170,513
13,171,411
13,174,87
13,180,42
13,190,106
13,198,474
13,203,50
13,206,589
13,209,202
13,212,367
13,214,186
13,215,423
13,216,565
13,224,369
13,230,115
13,232,76
13,235,89
13,238,532
13,242,268
13,247,442
13,253,529
13,255,316
13,256,215
13,262,309
13,291,51
14,1,97
14,4,475
14,5,411
14,9,35
14,10,262
14,13,416
14,15,582
14,16,233
14,17,394
14,19,283
14,20,292
14,21,156
14,22,494
14,23,418
14,24,549
14,25,138
14,26,114
14,27,572
14,28,500
14,29,128
14,30,111
14,32,200
14,33,429
14,35,119
14,38,523
14,39,371
14,42,417
14,43,128
14,45,314
14,46,448
14,49,505
14,50,443
14,51,374
14,52,280
14,53,160
14,54,322
14,55,593
14,57,386
14,58,365
14,59,529
14,62,85
14,66,150
14,81,318
14,85,386
14,86,62
14,88,507
14,90,280
14,92,123
14,96,393
14,98,107
14,99,565
14,105,569
14,108,497
14,110,186
14,116,299
14,125,567
14,126,103
14,131,186
14,133,164
14,136,345
14,141,243
14,145,475
14,147,461
14,150,485
14,153,18
14,155,540
14,160,293
14,161,367
14,165,500
14,179,592
14,184,587
14,185,511
14,191,496
14,194,26
14,196,289
14,197,26
14,199,346
14,201,175
14,203,370
14,204,259
14,205,252
14,208,286
14,211,361
14,212,278
14,213,294
14,215,315
14,216,569
14,227,293
14,229,399
14,230,509
14,246,548
14,247,442
14,252,482
14,257,184
14,265,583
14,266,346
14,268,231
14,270,20
14,285,198
14,292,32
14,300,199
15,1,147
15,3,112
15,4,132
15,5,369
15,7,21
15,10,159
15,11,379
15,13,180
15,14,582
15,16,291
15,17,316
15,18,574
15,20,34
15,21,427
15,22,328
15,23,395
15,25,130
15,26,567
15,29,223
15,30,542
15,31,152
15,32,446
15,33,443
15,35,211
15,37,209
15,40,576
15,41,302
15,42,398
15,43,385
15,47,487
15,48,282
15,49,64
15,50,142
15,51,536
15,54,258
15,65,111
15,67,578
15,68,588
15,69,436
15,70,151
15,72,539
15,74,134
15,77,336
15,78,144
15,86,166
15,89,383
15,90,584
15,91,505
15,92,150
15,93,529
15,94,66
15,96,83
15,108,127
15,109,129
15,110,441
15,115,207
15,122,389
15,130,432
15,132,70
15,133,285
15,139,593
15,142,251
15,145,44
15,153,117
15,154,548
15,157,441
15,159,64
15,162,171
15,166,118
15,169,568
15,173,546
15,183,580
15,191,392
15,223,406
15,253,130
15,254,488
15,266,584
15,271,324
15,275,576
15,279,129
15,282,108
15,288,448
16,1,519
16,2,449
16,4,449
16,6,185
16,7,243
16,10,517
16,11,111
16,12,157
16,13,127
16,14,233
16,15,291
16,17,57
16,19,95
16,20,404
16,21,33
16,22,3
16,23,171
16,24,338
16,26,431
16,28,405
16,29,408
16,30,98
16,31,538
16,32,379
16,33,311
16,34,178
16,35,195
16,36,385
16,37,527
16,38,174
16,40,248
16,41,506
16,43,504
16,47,476
16,49,205
16,51,476
16,53,275
16,54,181
16,57,533
16,59,560
16,63,586
16,64,14
16,65,27
16,66,510
16,67,236
16,68,590
16,70,106
16,78,112
16,79,546
16,82,225
16,84,333
16,88,595
16,92,302
16,96,260
16,101,483
16,104,280
16,106,594
16,114,459
16,118,410
16,123,231
16,129,254
16,130,82
16,131,264
16,140,324
16,144,108
16,145,350
16,146,253
16,149,209
16,155,498
16,157,254
16,161,367
16,167,330
16,170,124
16,174,298
16,184,34
16,186,186
16,194,175
16,200,304
16,202,223
16,206,33
16,211,189
16,215,460
16,216,511
16,219,305
16,223,242
16,229,194
16,230,283
16,239,293
16,240,98
16,242,510
16,244,219
16,246,537
16,262,167
16,264,133
16,277,585
16,280,168
16,282,3
16,292,124
16,299,551
17,2,400
17,3,492
17,4,282
17,6,324
17,8,104
17,11,270
17,12,343
17,13,279
17,14,394
17,15,316
17,16,57
17,18,500
17,20,537
17,24,338
17,26,546
17,27,300
17,28,242
17,29,8
17,30,195
17,32,380
17,33,90
17,34,155
17,36,276
17,37,432
17,38,466
17,39,525
17,40,511
17,41,333
17,42,163
17,44,429
17,45,195
17,46,315
17,47,49
17,48,572
17,50,217
17,52,143
17,53,430
17,54,339
17,55,419
17,60,537
17,61,544
17,62,323
17,68,149
17,72,318
17,73,294
17,75,14
17,77,333
17,78,477
17,80,541
17,82,64
17,85,152
17,87,359
17,88,60
17,92,106
17,95,208
17,97,178
17,99,451
17,100,120
17,106,558
17,109,136
17,113,533
17,114,378
17,117,98
17,118,556
17,127,14
17,129,63
17,132,231
17,140,511
17,144,17
17,146,379
17,155,554
17,156,122
17,162,31
17,163,51
17,166,554
17,167,144
17,168,541
17,170,47
17,171,498
17,175,37
17,176,343
17,179,29
17,180,318
17,182,323
17,186,474
17,198,413
17,199,562
17,206,523
17,207,20
17,215,347
17,217,43
17,221,16
17,225,195
17,230,360
17,233,450
17,234,361
17,243,530
17,247,474
17,248,464
17,249,144
17,254,472
17,258,261
17,261,431
17,262,250
17,272,521
17,282,173
17,290,180
18,1,79
18,3,86
18,4,594
18,5,36
18,7,498
18,8,494
18,9,343
18,10,360
18,12,183
18,13,303
18,15,574
18,17,500
18,19,140
18,22,42
18,24,541
18,26,215
18,27,498
18,31,566
18,33,403
18,35,316
18,36,421
18,37,337
18,38,7
18,39,567
18,40,21
18,41,549
18,44,569
18,45,440
18,46,149
18,47,468
18,48,332
18,49,421
18,50,163
18,51,216
18,54,312
18,56,462
18,59,561
18,65,273
18,66,1
18,69,490
18,72,23
18,73,483
18,75,228
18,76,118
18,77,295
18,83,505
18,86,274
18,87,190
18,88,397
18,90,59
18,92,163
18,93,429
18,97,324
18,102,425
18,110,208
18,114,403
18,115,407
18,116,184
18,129,12
18,133,79
18,135,363
18,136,144
18,137,100
18,138,481
18,146,513
18,151,453
18,153,22
18,160,514
18,164,587
18,167,443
18,174,578
18,179,103
18,186,320
18,195,185
18,200,387
18,202,191
18,203,339
18,204,137
18,207,504
18,211,368
18,222,591
18,235,429
18,237,38
18,241,220
18,248,102
18,249,420
18,272,106
18,292,320
18,298,167
19,2,64
19,3,572
19,6,469
19,7,257
19,8,450
19,9,159
19,10,110
19,11,3
19,12,552
19,13,376
19,14,283
19,16,95
19,18,140
19,22,73
19,23,228
19,27,441
19,29,283
19,30,561
19,31,88
19,33,188
19,34,67
19,35,154
19,36,580
19,38,497
19,40,335
19,41,141
19,44,435
19,45,246
19,50,294
19,51,453
19,53,12
19,54,578
19,55,445
19,56,20
19,57,401
19,61,304
19,63,200
19,66,495
19,67,482
19,70,447
19,71,467
19,74,440
19,75,426
19,76,336
19,81,499
19,82,374
19,84,386
19,86,473
19,87,433
19,93,548
19,96,16
19,100,591
19,105,276
19,108,243
19,117,180
19,118,553
19,125,599
19,126,321
19,135,416
19,138,187
19,140,295
19,141,296
19,142,259
19,151,240
19,163,255
19,164,478
19,166,18
19,168,308
19,181,141
19,184,35
19,212,342
19,218,336
19,221,537
19,226,545
19,229,352
19,235,164
19,238,128
19,246,46
19,259,355
19,265,82
19,267,293
19,271,455
19,275,149
19,281,19
19,286,301
19,297,246
20,3,142
20,4,71
20,5,334
20,6,393
20,7,500
20,10,467
20,12,178
20,13,485
20,14,292
20,15,34
20,16,404
20,17,537
20,21,276
20,22,343
20,23,44
20,24,148
20,25,218
20,27,341
20,29,413
20,31,290
20,32,286
20,33,205
20,36,108
20,38,33
20,39,375
20,40,83
20,43,261
20,44,542
20,50,209
20,51,578
20,52,281
20,53,403
20,55,564
20,56,374
20,58,307
20,59,345
20,60,427
20,63,63
20,64,34
20,66,385
20,69,541
20,72,283
20,73,146
20,76,373
20,77,427
20,78,385
20,85,123
20,89,384
20,90,373
20,93,268
20,95,554
20,97,380
20,98,242
20,99,315
20,100,262
20,101,556
20,108,50
20,113,598
20,115,371
20,116,313
20,120,549
20,121,148
20,123,470
20,126,86
20,127,375
20,130,332
20,133,183
20,138,493
20,139,389
20,143,317
20,148,306
20,150,57
20,152,468
20,153,375
20,155,561
20,157,63
20,168,56
20,169,216
20,181,573
20,186,216
20,194,411
20,199,427
20,203,279
20,219,451
20,230,409
20,263,534
20,265,87
20,267,446
20,278,417
20,282,78
20,290,511
20,293,9
21,2,32
21,4,367
21,5,379
21,6,349
21,7,443
21,8,525
21,9,488
21,10,427
21,12,556
21,13,591
21,14,156
21,15,427
21,16,33
21,20,276
21,22,214
21,24,529
21,25,150
21,28,80
21,29,566
21,30,229
21,31,227
21,32,589
21,33,347
21,36,263
21,37,449
21,39,79
21,42,209
21,43,504
21,47,76
21,48,266
21,49,127
21,51,336
21,52,490
21,53,431
21,55,470
21,62,80
21,67,327
21,71,180
21,73,216
21,76,387
21,81,527
21,82,279
21,83,157
21,84,144
21,86,148
21,87,466
21,91,267
21,92,268
21,98,482
21,105,62
21,106,552
21,109,294
21,110,312
21,116,459
21,120,319
21,129,448
21,136,586
21,138,64
21,141,228
21,142,336
21,153,305
21,162,36
21,183,162
21,190,352
21,202,588
21,211,345
21,213,552
21,216,537
21,219,516
21,224,490
21,228,202
21,235,127
21,236,364
21,238,99
21,240,265
21,241,207
21,248,454
21,253,390
21,268,444
21,270,199
21,273,424
21,275,153
21,276,599
21,280,248
21,284,443
21,286,408
21,292,517
22,2,198
22,4,480
22,5,565
22,6,280
22,8,560
22,10,170
22,14,494
22,15,328
22,16,3
22,18,42
22,19,73
22,20,343
22,21,214
22,25,151
22,26,457
22,28,221
22,29,567
22,33,343
22,34,153
22,35,363
22,37,186
22,38,18
22,39,12
22,41,552
22,44,113
22,47,305
22,48,120
22,49,430
22,52,584
22,53,269
22,55,196
22,58,492
22,62,365
22,63,427
22,64,19
22,65,311
22,66,460
22,68,317
22,69,133
22,71,348
22,72,481
22,73,458
22,75,549
22,77,23
22,78,434
22,81,471
22,82,416
22,83,168
22,84,34
22,94,537
22,98,262
22,104,171
22,106,365
22,107,519
22,108,246
22,111,520
22,112,151
22,113,453
22,115,27
22,122,244
22,126,303
22,127,563
22,128,275
22,131,55
22,132,475
22,136,127
22,141,52
22,144,358
22,145,293
22,151,136
22,154,596
22,159,209
22,170,115
22,175,570
22,179,362
22,180,235
22,197,507
22,203,79
22,207,109
22,223,240
22,239,427
22,250,5
22,270,176
22,277,393
22,280,233
22,283,158
22,286,124
22,287,44
22,288,221
22,289,401
22,293,119
22,294,313
23,1,458
23,2,261
23,3,258
23,4,356
23,7,317
23,8,436
23,9,3
23,12,538
23,14,418
23,15,395
23,16,171
23,19,228
23,20,44
23,24,173
23,25,277
23,26,487
23,27,71
23,28,590
23,31,53
23,32,279
23,34,20
23,35,81
23,36,224
23,38,35
23,39,85
23,40,131
23,41,542
23,43,121
23,44,514
23,45,238
23,46,194
23,47,429
23,48,578
23,49,457
23,52,107
23,56,274
23,58,205
23,63,576
23,65,447
23,66,460
23,70,355
23,73,309
23,74,575
23,76,158
23,78,226
23,79,392
23,83,81
23,84,137
23,86,182
23,92,497
23,96,445
23,97,224
23,101,66
23,102,361
23,103,526
23,104,226
23,109,449
23,112,413
23,114,321
23,116,575
23,119,475
23,122,449
23,124,54
23,128,401
23,129,231
23,134,539
23,137,280
23,148,46
23,150,484
23,152,598
23,153,415
23,171,389
23,172,231
23,175,146
23,182,362
23,208,455
23,209,175
23,211,511
23,223,401
23,227,270
23,234,351
23,241,433
23,242,85
23,243,147
23,244,214
23,245,279
23,247,329
23,248,328
23,260,562
23,268,470
23,270,450
23,271,446
23,273,284
23,277,554
23,286,23
23,297,243
23,299,111
24,1,502
24,2,256
24,5,230
24,6,495
24,7,574
24,9,497
24,11,182
24,12,96
24,14,549
24,16,338
24,17,338
24,18,541
24,20,148
24,21,529
24,23,173
24,25,388
24,26,99
24,27,369
24,28,271
24,29,91
24,30,208
24,32,209
24,33,380
24,34,16
24,35,177
24,36,84
24,37,400
24,40,135
24,41,470
24,42,86
24,44,497
24,45,133
24,47,512
24,50,166
24,56,125
24,57,148
24,58,447
24,59,412
24,60,525
24,61,300
24,65,278
24,66,344
24,67,61
24,70,59
24,72,211
24,73,353
24,75,364
24,79,314
24,80,503
24,83,99
24,86,514
24,87,221
24,88,20
24,89,40
24,90,450
24,91,18
24,93,352
24,94,328
24,95,473
24,97,112
24,103,228
24,106,452
24,110,599
24,113,214
24,115,32
24,117,302
24,119,488
24,120,479
24,121,351
24,122,292
24,125,350
24,130,62
24,132,87
24,135,251
24,136,199
24,137,10
24,139,281
24,140,518
24,151,388
24,156,312
24,158,471
24,159,60
24,162,465
24,165,200
24,169,593
24,176,181
24,177,237
24,182,165
24,186,164
24,191,88
24,199,238
24,201,130
24,212,168
24,218,263
24,231,562
24,234,520
24,236,323
24,237,511
24,248,320
24,252,372
24,254,441
24,255,23
24,268,593
24,276,195
24,283,59
24,291,344
24,298,149
25,1,312
25,2,544
25,3,9
25,4,34
25,7,438
25,8,74
25,9,192
25,10,587
25,12,203
25,13,403
25,14,138
25,15,130
25,20,218
25,21,150
25,22,151
25,23,277
25,24,388
25,26,425
25,27,374
25,28,590
25,29,222
25,30,41
25,31,494
25,32,274
25,33,583
25,34,91
25,35,78
25,37,600
25,38,415
25,39,413
25,40,9
25,41,222
25,42,583
25,46,544
25,48,406
25,53,481
25,55,276
25,56,600
25,60,416
25,64,214
25,66,311
25,67,426
25,68,410
25,70,130
25,72,402
25,74,26
25,78,451
25,82,386
25,84,366
25,85,488
25,89,528
25,92,408
25,99,13
25,103,102
25,104,151
25,112,3
25,114,596
25,116,468
25,129,540
25,131,470
25,147,352
25,152,240
25,157,245
25,170,521
25,171,47
25,175,521
25,176,455
25,177,460
25,185,95
25,195,226
25,200,389
25,201,515
25,217,283
25,224,545
25,242,164
25,246,232
25,262,333
25,268,344
25,273,381
25,277,109
25,285,121
25,289,417
25,290,92
26,1,23
26,4,376
26,6,584
26,7,103
26,8,252
26,9,431
26,10,183
26,14,114
26,15,567
26,16,431
26,17,546
26,18,215
26,22,457
26,23,487
26,24,99
26,25,425
26,28,391
26,29,67
26,30,181
26,34,526
26,35,414
26,36,513
26,37,203
26,38,151
26,41,308
26,44,285
26,46,396
26,47,202
26,48,534
26,49,159
26,56,396
26,57,401
26,58,211
26,59,298
26,63,498
26,64,74
26,66,33
26,67,270
26,69,277
26,71,50
26,75,280
26,77,21
26,78,433
26,83,152
26,86,587
26,87,180
26,92,142
26,93,454
26,94,380
26,100,88
26,109,470
26,114,408
26,116,29
26,119,77
26,121,137
26,124,493
26,128,101
26,130,67
26,137,105
26,145,521
26,148,344
26,154,327
26,155,28
26,159,472
26,174,26
26,179,365
26,187,225
26,194,84
26,197,342
26,199,565
26,206,253
26,213,473
26,217,16
26,228,384
26,239,360
26,280,203
26,289,388
26,296,567
27,1,414
27,2,192
27,4,443
27,7,211
27,8,50
27,9,518
27,10,393
27,11,577
27,12,564
27,14,572
27,17,300
27,18,498
27,19,441
27,20,341
27,23,71
27,24,369
27,25,374
27,29,398
27,34,267
27,35,531
27,38,59
27,40,281
27,41,80
27,43,422
27,46,178
27,47,447
27,49,115
27,50,310
27,52,547
27,57,33
27,58,308
27,59,194
27,60,58
27,61,216
27,62,447
27,63,302
27,64,24
27,65,66
27,67,67
27,68,181
27,69,213
27,75,211
27,77,414
27,79,172
27,83,35
27,85,326
27,89,65
27,93,190
27,94,498
27,96,592
27,98,302
27,99,94
27,100,43
27,104,327
27,106,248
27,111,462
27,112,415
27,113,147
27,114,427
27,117,63
27,125,188
27,128,43
27,130,248
27,135,339
27,138,187
27,139,137
27,143,68
27,145,155
27,146,417
27,148,240
27,150,550
27,151,460
27,156,107
27,157,158
27,159,288
27,161,134
27,172,403
27,181,377
27,189,325
27,191,216
27,203,530
27,204,497
27,208,558
27,211,177
27,215,499
27,221,307
27,225,527
27,227,202
27,234,59
27,243,563
27,244,187
27,245,562
27,256,465
27,258,82
27,271,568
27,279,197
27,290,259
27,291,330
27,292,344
27,294,188
27,296,570
27,298,266
28,1,128
28,2,413
28,3,352
28,4,107
28,5,429
28,6,312
28,9,435
28,10,426
28,14,500
28,16,405
28,17,242
28,21,80
28,22,221
28,23,590
28,24,271
28,25,590
28,26,391
28,29,226
28,30,21
28,34,404
28,37,146
28,38,367
28,39,130
28,40,598
28,41,496
28,45,476
28,46,574
28,48,403
28,49,167
28,52,370
28,56,302
28,57,54
28,58,283
28,62,115
28,63,205
28,64,299
28,67,248
28,70,215
28,75,197
28,78,114
28,79,42
28,81,494
28,82,600
28,83,118
28,84,1
28,89,141
28,95,129
28,96,600
28,99,199
28,104,566
28,109,444
28,110,85
28,111,370
28,113,236
28,117,355
28,119,526
28,120,129
28,125,186
28,126,397
28,128,525
28,132,457
28,137,88
28,143,261
28,144,277
28,146,70
28,150,422
28,157,445
28,161,304
28,165,122
28,173,174
28,175,166
28,181,255
28,184,233
28,190,72
28,210,432
28,237,64
28,248,460
28,250,557
28,251,89
28,260,38
28,268,163
28,271,365
28,274,331
28,276,46
28,278,414
28,279,245
28,283,489
28,292,196
28,296,445
29,1,568
29,2,354
29,6,595
29,9,419
29,11,180
29,12,109
29,13,409
29,14,128
29,15,223
29,16,408
29,17,8
29,19,283
29,20,413
29,21,566
29,22,567
29,24,91
29,25,222
29,26,67
29,27,398
29,28,226
29,30,344
29,31,395
29,32,46
29,35,425
29,36,191
29,38,210
29,39,399
29,42,597
29,43,567
29,46,459
29,49,44
29,50,144
29,51,385
29,53,160
29,55,276
29,57,475
29,60,140
29,62,352
29,63,141
29,64,101
29,70,75
29,72,126
29,77,300
29,80,271
29,82,247
29,86,78
29,89,241
29,103,226
29,106,162
29,108,3
29,112,483
29,114,235
29,115,163
29,117,113
29,118,130
29,133,58
29,135,142
29,136,240
29,146,193
29,148,413
29,154,395
29,155,133
29,158,568
29,160,417
29,167,479
29,169,99
29,179,328
29,181,14
29,182,212
29,185,341
29,211,425
29,220,425
29,226,142
29,230,17
29,232,582
29,238,376
29,254,265
29,257,16
29,269,142
29,274,499
29,281,11
29,282,555
29,284,511
29,290,28
29,297,169
30,1,199
30,2,40
30,3,148
30,4,590
30,5,181
30,6,269
30,7,201
30,8,33
30,10,300
30,13,336
30,14,111
30,15,542
30,16,98
30,17,195
30,19,561
30,21,229
30,24,208
30,25,41
30,26,181
30,28,21
30,29,344
30,31,421
30,33,313
30,34,177
30,36,193
30,37,58
30,38,324
30,39,16
30,40,508
30,42,298
30,43,591
30,44,477
30,45,30
30,46,98
30,48,194
30,50,145
30,53,445
30,58,220
30,59,161
30,60,302
30,61,111
30,62,144
30,66,299
30,69,21
30,70,6
30,75,184
30,78,250
30,85,21
30,87,408
30,96,323
30,97,131
30,100,69
30,102,314
30,103,76
30,105,95
30,106,266
30,111,519
30,112,489
30,116,329
30,118,256
30,119,347
30,120,96
30,121,31
30,123,567
30,124,420
30,125,14
30,126,139
30,128,139
30,131,478
30,134,381
30,142,600
30,146,306
30,148,472
30,154,600
30,172,528
30,174,282
30,175,286
30,179,96
30,186,110
30,196,587
30,197,502
30,216,343
30,220,141
30,223,15
30,229,155
30,238,276
30,263,282
30,287,174
30,288,18
30,290,545
30,300,160
31,1,313
31,2,347
31,3,13
31,5,291
31,6,472
31,7,151
31,8,149
31,9,369
31,11,169
31,12,575
31,13,138
31,15,152
31,16,538
31,18,566
31,19,88
31,20,290
31,21,227
31,23,53
31,25,494
31,29,395
31,30,421
31,32,553
31,33,318
31,34,306
31,35,310
31,36,561
31,39,183
31,40,248
31,41,55
31,42,26
31,44,472
31,45,37
31,46,351
31,47,173
31,48,166
31,49,235
31,55,34
31,57,197
31,58,519
31,59,428
31,60,212
31,61,553
31,63,579
31,66,452
31,68,546
31,72,236
31,73,301
31,74,64
31,77,460
31,78,246
31,83,397
31,88,11
31,89,554
31,92,473
31,96,534
31,102,186
31,109,471
31,111,316
31,112,565
31,119,468
31,124,67
31,128,70
31,141,322
31,144,474
31,150,480
31,153,209
31,154,324
31,157,417
31,162,14
31,174,239
31,178,520
31,179,23
31,184,297
31,187,572
31,189,211
31,190,565
31,197,418
31,222,25
31,235,247
31,256,61
31,261,181
31,275,288
31,283,154
31,285,60
31,290,276
31,295,32
32,1,579
32,3,37
32,4,379
32,5,76
32,6,22
32,7,584
32,8,394
32,9,236
32,10,341
32,11,150
32,12,355
32,14,200
32,15,446
32,16,379
32,17,380
32,20,286
32,21,589
32,23,279
32,24,209
32,25,274
32,29,46
32,31,553
32,34,426
32,35,520
32,36,260
32,37,288
32,39,286
32,41,315
32,42,177
32,43,86
32,44,251
32,45,121
32,47,411
32,52,551
32,55,185
32,60,263
32,61,81
32,62,252
32,63,349
32,65,143
32,67,181
32,68,425
32,69,120
32,75,188
32,79,486
32,80,592
32,83,494
32,85,128
32,87,344
32,88,542
32,89,281
32,92,48
32,95,248
32,96,404
32,100,380
32,108,422
32,113,499
32,124,8
32,128,26
32,129,580
32,134,519
32,140,474
32,142,401
32,143,128
32,155,380
32,157,130
32,158,505
32,162,347
32,165,479
32,173,399
32,185,227
32,188,58
32,189,219
32,195,334
32,196,342
32,198,203
32,199,290
32,202,339
32,203,31
32,208,514
32,224,526
32,228,371
32,232,229
32,236,111
32,240,204
32,243,317
32,252,146
32,255,88
32,257,596
32,262,265
32,269,408
32,275,509
32,278,176
32,288,73
32,294,267
33,1,164
33,2,597
33,4,242
33,7,322
33,8,138
33,9,214
33,10,458
33,12,21
33,13,493
33,14,429
33,15,443
33,16,311
33,17,90
33,18,403
33,19,188
33,20,205
33,21,347
33,22,343
33,24,380
33,25,583
33,30,313
33,31,318
33,34,135
33,35,472
33,36,502
33,37,506
33,38,25
33,39,330
33,40,515
33,41,62
33,43,368
33,44,232
33,45,117
33,48,82
33,49,177
33,50,269
33,51,443
33,52,418
33,53,410
33,54,215
33,58,77
33,60,414
33,62,301
33,63,259
33,64,257
33,65,351
33,70,153
33,72,544
33,73,334
33,74,415
33,77,405
33,79,348
33,80,133
33,81,20
33,82,173
33,86,9
33,88,180
33,89,91
33,90,145
33,92,87
33,93,115
33,102,191
33,103,51
33,104,373
33,105,315
33,110,94
33,111,131
33,113,149
33,123,413
33,125,398
33,126,446
33,128,278
33,131,215
33,133,59
33,136,513
33,137,241
33,149,161
33,150,219
33,152,475
33,153,240
33,154,436
33,156,226
33,171,116
33,191,188
33,199,284
33,200,327
33,218,75
33,225,363
33,233,310
33,235,20
33,239,521
33,244,570
33,250,438
33,261,223
33,268,51
33,270,290
33,271,418
33,278,160
33,284,474
33,287,154
33,296,215
34,1,78
34,3,368
34,5,212
34,9,158
34,10,581
34,12,184
34,16,178
34,17,155
34,19,67
34,22,153
34,23,20
34,24,16
34,25,91
34,26,526
34,27,267
34,28,404
34,30,177
34,31,306
34,32,426
34,33,135
34,35,366
34,37,196
34,38,297
34,39,400
34,41,302
34,43,476
34,44,109
34,45,535
34,48,446
34,50,148
34,51,204
34,52,370
34,53,393
34,54,187
34,55,555
34,56,310
34,59,163
34,61,289
34,63,88
34,64,392
34,65,482
34,68,263
34,75,567
34,80,238
34,81,447
34,82,267
34,84,115
34,92,293
34,98,8
34,99,439
34,101,314
34,102,491
34,114,471
34,119,102
34,124,108
34,126,322
34,128,392
34,129,556
34,132,48
34,136,540
34,138,57
34,139,557
34,142,488
34,151,584
34,153,438
34,154,433
34,158,374
34,162,348
34,167,470
34,170,549
34,177,38
34,188,102
34,191,321
34,196,466
34,198,14
34,204,533
34,205,545
34,208,443
34,212,531
34,213,172
34,231,446
34,236,261
34,237,593
34,258,187
34,275,337
34,290,485
34,291,526
34,293,355
34,295,471
34,297,229
35,1,159
35,4,309
35,6,154
35,7,320
35,10,454
35,11,113
35,12,197
35,13,33
35,14,119
35,15,211
35,16,195
35,18,316
35,19,154
35,22,363
35,23,81
35,24,177
35,25,78
35,26,414
35,27,531
35,29,425
35,31,310
35,32,520
35,33,472
35,34,366
35,37,61
35,38,124
35,39,309
35,40,442
35,41,18
35,42,182
35,44,237
35,46,461
35,47,236
35,49,447
35,50,345
35,52,363
35,53,129
35,59,458
35,62,222
35,64,213
35,65,458
35,68,136
35,70,114
35,75,520
35,77,75
35,84,444
35,86,527
35,88,485
35,89,77
35,90,295
35,96,377
35,97,354
35,98,459
35,102,288
35,104,110
35,112,138
35,116,517
35,117,516
35,118,35
35,131,167
35,136,290
35,137,259
35,141,513
35,144,97
35,146,132
35,147,594
35,148,516
35,161,421
35,165,509
35,173,469
35,177,494
35,178,53
35,181,376
35,182,412
35,185,270
35,189,198
35,192,417
35,193,479
35,194,349
35,206,312
35,207,173
35,210,61
35,214,158
35,215,481
35,216,226
35,231,482
35,237,512
35,245,318
35,252,216
35,253,5
35,255,543
35,256,554
35,294,503
35,295,241
35,300,130
36,1,237
36,2,295
36,5,103
36,6,506
36,7,10
36,9,118
36,10,495
36,12,291
36,13,116
36,16,385
36,17,276
36,18,421
36,19,580
36,20,108
36,21,263
36,23,224
36,24,84
36,26,513
36,29,191
36,30,193
36,31,561
36,32,260
36,33,502
36,37,514
36,38,81
36,39,250
36,41,436
36,42,52
36,45,563
36,46,350
36,47,466
36,49,470
36,50,217
36,56,57
36,57,196
36,59,520
36,60,332
36,61,578
36,64,181
36,66,89
36,69,357
36,70,441
36,71,86
36,72,568
36,73,382
36,74,528
36,76,365
36,79,512
36,82,398
36,84,126
36,85,123
36,88,528
36,100,485
36,101,383
36,106,350
36,115,281
36,117,311
36,119,512
36,122,201
36,129,483
36,135,1
36,137,163
36,139,293
36,155,78
36,167,4
36,173,246
36,176,144
36,182,377
36,184,187
36,188,170
36,191,468
36,200,147
36,213,9
36,223,60
36,224,325
36,227,24
36,228,205
36,231,479
36,241,177
36,247,578
36,248,191
36,256,74
36,267,116
36,272,477
36,279,415
36,292,232
36,299,597
36,300,437
37,4,126
37,5,327
37,6,48
37,7,54
37,8,374
37,9,376
37,10,476
37,11,501
37,13,388
37,15,209
37,16,527
37,17,432
37,18,337
37,21,449
37,22,186
37,24,400
37,25,600
37,26,203
37,28,146
37,30,58
37,32,288
37,33,506
37,34,196
37,35,61
37,36,514
37,38,23
37,39,538
37,40,521
37,42,513
37,43,306
37,44,563
37,45,416
37,47,448
37,49,564
37,50,306
37,54,333
37,56,594
37,59,388
37,61,320
37,65,141
37,67,513
37,70,378
37,71,67
37,72,355
37,73,572
37,77,211
37,80,48
37,81,452
37,83,434
37,85,440
37,86,341
37,91,366
37,92,478
37,93,133
37,95,77
37,96,272
37,98,397
37,100,261
37,103,295
37,105,282
37,107,121
37,110,342
37,112,470
37,115,366
37,117,314
37,118,511
37,119,183
37,121,17
37,123,188
37,126,235
37,127,266
37,132,135
37,142,283
37,145,105
37,146,149
37,147,170
37,148,527
37,152,337
37,155,365
37,159,3
37,160,14
37,173,347
37,185,217
37,189,226
37,190,350
37,192,185
37,197,180
37,200,417
37,205,214
37,213,181
37,214,438
37,222,77
37,245,173
37,249,479
37,252,43
37,255,116
37,260,390
37,261,440
37,263,183
37,271,33
37,273,290
37,274,200
37,276,473
37,279,216
37,283,316
37,292,339
38,3,377
38,4,565
38,7,394
38,8,431
38,9,10
38,10,514
38,13,74
38,14,523
38,16,174
38,17,466
38,18,7
38,19,497
38,20,33
38,22,18
38,23,35
38,25,415
38,26,151
38,27,59
38,28,367
38,29,210
38,30,324
38,33,25
38,34,297
38,35,124
38,36,81
38,37,23
38,39,69
38,41,419
38,43,550
38,44,281
38,45,292
38,46,447
38,47,257
38,50,66
38,51,570
38,53,10
38,54,74
38,55,580
38,58,560
38,59,225
38,61,374
38,65,7
38,67,89
38,71,81
38,73,509
38,74,270
38,81,512
38,84,245
38,86,309
38,90,406
38,91,122
38,93,395
38,94,319
38,95,471
38,98,326
38,100,547
38,102,190
38,103,452
38,104,119
38,105,205
38,111,478
38,113,258
38,115,132
38,116,247
38,117,375
38,118,274
38,121,395
38,126,361
38,128,501
38,129,376
38,131,456
38,136,225
38,138,478
38,141,443
38,143,487
38,150,559
38,151,33
38,155,39
38,164,324
38,166,593
38,178,339
38,182,76
38,184,530
38,192,381
38,201,84
38,214,131
38,219,199
38,233,518
38,239,181
38,243,483
38,254,182
38,255,257
38,262,425
38,269,198
38,286,45
38,289,508
38,292,226
38,294,571
39,1,89
39,2,203
39,4,467
39,6,484
39,9,277
39,10,494
39,12,138
39,14,371
39,17,525
39,18,567
39,20,375
39,21,79
39,22,12
39,23,85
39,25,413
39,28,130
39,29,399
39,30,16
39,31,183
39,32,286
39,33,330
39,34,400
39,35,309
39,36,250
39,37,538
39,38,69
39,40,519
39,42,330
39,43,325
39,44,554
39,46,147
39,47,104
39,53,16
39,54,421
39,55,4
39,57,81
39,61,83
39,62,282
39,64,182
39,67,302
39,69,510
39,70,475
39,71,398
39,73,375
39,74,477
39,75,590
39,80,568
39,81,422
39,82,436
39,85,293
39,86,24
39,88,421
39,90,547
39,91,509
39,93,572
39,104,190
39,106,268
39,109,511
39,111,401
39,114,356
39,118,63
39,120,273
39,123,554
39,130,508
39,131,487
39,133,405
39,134,37
39,146,419
39,153,17
39,155,89
39,160,87
39,161,496
39,162,32
39,163,268
39,167,485
39,172,36
39,192,432
39,196,520
39,198,331
39,201,160
39,236,121
39,238,223
39,263,76
39,269,285
39,272,328
39,273,328
40,3,219
40,5,289
40,6,123
40,9,207
40,10,67
40,12,319
40,13,79
40,15,576
40,16,248
40,17,511
40,18,21
40,19,335
40,20,83
40,23,131
40,24,135
40,25,9
40,27,281
40,28,598
40,30,508
40,31,248
40,33,515
40,35,442
40,37,521
40,39,519
40,42,62
40,47,556
40,49,504
40,50,164
40,51,435
40,55,416
40,57,22
40,59,143
40,61,553
40,63,523
40,65,392
40,74,393
40,81,212
40,82,73
40,83,130
40,84,258
40,90,205
40,91,198
40,94,304
40,99,509
40,100,220
40,118,277
40,122,354
40,126,507
40,132,335
40,138,294
40,139,156
40,141,319
40,142,426
40,143,163
40,144,567
40,149,186
40,155,363
40,156,191
40,157,477
40,160,102
40,161,438
40,178,568
40,180,25
40,196,149
40,200,230
40,207,79
40,208,109
40,212,161
40,219,488
40,221,43
40,224,346
40,228,537
40,233,76
40,243,470
40,254,476
40,257,266
40,272,118
40,275,74
40,278,310
40,281,398
40,294,583
40,295,233
40,296,418
40,299,224
41,1,136
41,2,177
41,3,475
41,4,583
41,6,123
41,8,38
41,9,392
41,10,169
41,12,257
41,13,288
41,15,302
41,16,506
41,17,333
41,18,549
41,19,141
41,22,552
41,23,542
41,24,470
41,25,222
41,26,308
41,27,80
41,28,496
41,31,55
41,32,315
41,33,62
41,34,302
41,35,18
41,36,436
41,38,419
41,43,561
41,44,77
41,45,379
41,46,530
41,49,150
41,50,262
41,51,358
41,53,176
41,54,180
41,56,174
41,57,547
41,58,498
41,60,375
41,66,386
41,67,417
41,68,35
41,70,457
41,71,453
41,78,237
41,79,289
41,80,329
41,82,363
41,84,45
41,87,366
41,89,319
41,94,380
41,95,421
41,96,143
41,97,337
41,98,317
41,99,313
41,101,119
41,107,274
41,118,9
41,122,328
41,124,219
41,125,164
41,133,300
41,135,180
41,145,442
41,157,461
41,182,488
41,186,303
41,192,481
41,193,208
41,195,513
41,196,536
41,208,480
41,209,380
41,216,208
41,223,41
41,224,233
41,232,514
41,238,184
41,240,57
41,246,513
41,248,379
41,257,21
41,277,491
41,283,448
41,284,284
41,291,251
41,295,302
41,297,299
42,1,210
42,3,383
42,4,333
42,5,360
42,6,298
42,7,375
42,9,599
42,10,214
42,11,414
42,12,314
42,14,417
42,15,398
42,17,163
42,21,209
42,24,86
42,25,583
42,29,597
42,30,298
42,31,26
42,32,177
42,35,182
42,36,52
42,37,513
42,39,330
42,40,62
42,43,322
42,44,382
42,47,104
42,48,175
42,50,454
42,52,171
42,54,241
42,59,2
42,60,288
42,65,177
42,67,163
42,68,244
42,69,252
42,78,281
42,82,86
42,91,38
42,94,164
42,97,391
42,98,358
42,102,350
42,104,149
42,108,250
42,109,253
42,110,583
42,111,474
42,119,153
42,121,239
42,124,16
42,126,392
42,129,93
42,131,294
42,132,413
42,138,106
42,145,119
42,146,50
42,149,346
42,150,270
42,152,297
42,156,402
42,176,493
42,178,394
42,179,350
42,182,50
42,184,397
42,189,187
42,201,447
42,219,151
42,220,398
42,221,342
42,227,549
42,228,150
42,235,256
42,241,132
42,254,202
42,262,237
42,266,507
42,273,196
42,275,205
42,279,185
42,280,137
42,283,409
42,287,295
42,291,366
42,294,180
43,1,432
43,3,62
43,5,454
43,9,594
43,10,404
43,11,181
43,12,524
43,13,383
43,14,128
43,15,385
43,16,504
43,20,261
43,21,504
43,23,121
43,27,422
43,29,567
43,30,591
43,32,86
43,33,368
43,34,476
43,37,306
43,38,550
43,39,325
43,41,561
43,42,322
43,44,263
43,45,227
43,46,378
43,48,277
43,50,468
43,51,100
43,52,285
43,54,229
43,55,107
43,59,490
43,63,428
43,64,120
43,67,116
43,70,542
43,76,13
43,79,480
43,85,22
43,87,214
43,88,149
43,91,373
43,92,424
43,93,212
43,96,420
43,98,103
43,104,333
43,105,379
43,106,506
43,115,27
43,122,228
43,124,500
43,130,30
43,135,493
43,137,95
43,140,435
43,145,578
43,150,181
43,156,312
43,161,134
43,168,83
43,171,375
43,174,550
43,178,234
43,180,66
43,183,388
43,195,185
43,205,42
43,206,505
43,208,136
43,209,598
43,211,57
43,218,346
43,220,565
43,223,306
43,226,200
43,256,78
43,274,226
43,277,459
43,293,294
43,295,270
44,1,275
44,2,553
44,4,139
44,5,82
44,8,128
44,10,211
44,12,165
44,13,151
44,17,429
44,18,569
44,19,435
44,20,542
44,22,113
44,23,514
44,24,497
44,26,285
44,30,477
44,31,472
44,32,251
44,33,232
44,34,109
44,35,237
44,37,563
44,38,281
44,39,554
44,41,77
44,42,382
44,43,263
44,45,481
44,51,231
44,52,518
44,53,215
44,54,170
44,56,200
44,58,168
