source,target,weight
1,2,104
1,4,346
1,6,154
1,8,289
1,9,297
1,12,176
1,14,590
1,15,450
1,17,45
1,21,52
1,22,70
1,23,570
1,24,438
1,25,444
1,27,461
1,28,286
1,29,52
1,31,39
1,32,166
1,33,530
1,34,12
1,35,44
1,36,229
1,37,38
1,38,94
1,39,304
1,40,588
1,42,36
1,43,503
1,44,251
1,46,310
1,49,588
1,50,544
1,52,230
1,53,371
1,54,449
1,55,74
1,56,256
1,58,392
1,60,312
1,62,448
1,64,406
1,66,125
1,70,485
1,75,244
1,76,446
1,78,528
1,79,320
1,80,126
1,82,410
1,85,231
1,89,79
1,92,57
1,93,185
1,94,342
1,95,49
1,96,386
1,97,464
1,99,55
1,100,20
1,103,490
1,104,554
1,110,350
1,112,179
1,115,71
1,121,443
1,122,521
1,123,14
1,124,40
1,125,53
1,126,229
1,131,287
1,135,113
1,136,71
1,145,576
1,149,254
1,153,573
1,159,8
1,168,297
1,173,366
1,180,83
1,183,569
1,185,580
1,187,25
1,191,299
1,193,293
1,200,128
1,201,240
1,202,219
1,205,76
1,211,594
1,216,41
1,217,293
1,218,234
1,222,88
1,226,88
1,227,189
1,234,421
1,239,554
1,244,578
1,248,298
1,250,191
1,260,9
1,264,160
1,269,526
1,272,589
1,274,406
1,276,118
1,287,302
1,292,553
1,298,198
1,300,54
2,1,104
2,3,271
2,4,187
2,5,46
2,6,406
2,7,218
2,8,343
2,11,439
2,17,446
2,18,305
2,19,136
2,20,373
2,21,468
2,22,493
2,23,393
2,25,62
2,27,398
2,30,567
2,32,257
2,33,510
2,34,139
2,35,233
2,39,148
2,41,295
2,42,400
2,43,508
2,47,526
2,49,84
2,50,299
2,52,453
2,53,232
2,54,314
2,55,461
2,56,492
2,57,295
2,58,90
2,60,452
2,61,307
2,63,223
2,64,334
2,65,380
2,66,560
2,69,372
2,73,278
2,74,117
2,77,412
2,86,451
2,87,515
2,88,452
2,90,129
2,91,41
2,93,340
2,94,138
2,95,469
2,96,337
2,98,445
2,107,201
2,112,23
2,114,415
2,116,158
2,121,464
2,122,246
2,124,4
2,125,230
2,130,405
2,132,506
2,137,90
2,145,364
2,156,355
2,163,200
2,166,499
2,172,213
2,177,364
2,185,396
2,188,596
2,193,576
2,204,541
2,207,331
2,208,381
2,209,134
2,215,513
2,216,521
2,218,127
2,222,425
2,228,144
2,232,15
2,235,426
2,240,186
2,248,243
2,255,214
2,257,542
2,264,3
2,272,284
2,274,363
2,276,4
2,280,264
2,281,67
2,296,562
2,300,146
3,2,271
3,4,189
3,5,326
3,7,446
3,8,243
3,9,281
3,10,361
3,11,264
3,12,516
3,13,550
3,16,1
3,17,579
3,20,17
3,23,481
3,24,399
3,27,567
3,29,470
3,31,39
3,33,525
3,36,596
3,37,384
3,38,176
3,39,93
3,40,446
3,41,508
3,45,163
3,47,319
3,48,347
3,49,410
3,50,599
3,51,439
3,52,523
3,54,537
3,55,454
3,56,309
3,57,579
3,59,176
3,63,141
3,64,356
3,65,411
3,67,47
3,68,166
3,71,30
3,72,453
3,73,64
3,75,81
3,78,512
3,79,151
3,83,372
3,84,69
3,85,69
3,87,117
3,89,572
3,91,250
3,93,310
3,94,600
3,97,574
3,100,133
3,101,597
3,103,297
3,104,284
3,108,309
3,111,199
3,115,457
3,116,386
3,128,290
3,130,11
3,132,103
3,137,137
3,138,164
3,139,79
3,143,309
3,145,521
3,147,138
3,149,267
3,152,119
3,158,6
3,159,128
3,166,39
3,168,199
3,173,328
3,174,49
3,177,553
3,179,269
3,187,108
3,188,70
3,192,499
3,193,575
3,195,302
3,197,575
3,198,296
3,201,234
3,203,262
3,208,593
3,209,538
3,212,273
3,220,85
3,221,528
3,225,250
3,230,599
3,237,472
3,244,361
3,247,504
3,250,129
3,255,560
3,259,8
3,265,4
3,266,425
3,268,463
3,276,491
3,278,593
3,280,460
3,282,522
3,300,245
4,1,346
4,2,187
4,3,189
4,5,189
4,6,542
4,7,479
4,8,523
4,10,344
4,11,111
4,12,360
4,13,363
4,15,146
4,17,502
4,18,219
4,20,234
4,21,209
4,23,426
4,24,239
4,25,217
4,26,273
4,28,26
4,31,286
4,33,229
4,34,507
4,35,188
4,36,195
4,37,345
4,39,86
4,41,57
4,42,477
4,43,571
4,44,13
4,45,63
4,46,598
4,48,550
4,50,585
4,51,453
4,52,6
4,54,487
4,56,270
4,57,310
4,58,99
4,59,322
4,61,453
4,62,595
4,63,522
4,65,161
4,67,253
4,68,97
4,69,363
4,70,277
4,73,73
4,75,333
4,77,482
4,78,540
4,81,539
4,85,90
4,86,102
4,87,161
4,91,283
4,93,498
4,97,534
4,98,410
4,104,144
4,107,240
4,108,536
4,111,512
4,115,41
4,116,211
4,117,214
4,121,179
4,124,10
4,127,252
4,130,346
4,131,9
4,134,505
4,135,475
4,137,199
4,139,273
4,144,255
4,145,343
4,148,217
4,149,37
4,152,133
4,155,238
4,156,380
4,157,283
4,159,212
4,160,573
4,161,112
4,173,241
4,174,31
4,175,430
4,176,274
4,177,435
4,190,566
4,192,123
4,197,332
4,199,336
4,201,423
4,207,156
4,208,283
4,219,538
4,222,578
4,223,121
4,233,252
4,237,432
4,246,1
4,249,257
4,250,178
4,255,191
4,276,314
4,287,450
5,2,46
5,3,326
5,4,189
5,6,596
5,8,79
5,9,270
5,10,453
5,15,492
5,16,215
5,19,323
5,20,20
5,21,541
5,23,58
5,24,111
5,25,398
5,26,402
5,27,134
5,28,352
5,29,591
5,30,216
5,31,406
5,32,34
5,34,264
5,35,289
5,36,456
5,38,104
5,40,2
5,41,505
5,43,148
5,45,343
5,46,567
5,47,433
5,50,81
5,52,288
5,53,473
5,54,562
5,55,276
5,57,135
5,58,524
5,59,495
5,62,509
5,64,223
5,71,206
5,73,97
5,74,226
5,75,219
5,76,38
5,77,99
5,79,74
5,82,67
5,84,470
5,85,331
5,87,265
5,90,165
5,96,126
5,97,442
5,105,179
5,108,522
5,111,237
5,115,571
5,117,146
5,121,507
5,122,38
5,123,26
5,132,202
5,135,204
5,139,318
5,141,422
5,142,13
5,146,465
5,152,587
5,157,545
5,158,569
5,159,299
5,161,3
5,163,394
5,169,518
5,171,261
5,185,171
5,186,565
5,187,458
5,198,211
5,208,438
5,213,241
5,215,158
5,226,122
5,231,290
5,237,259
5,243,566
5,248,556
5,250,476
5,252,433
5,256,373
5,258,515
5,266,85
5,271,580
5,274,370
5,291,269
5,292,24
5,294,257
6,1,154
6,2,406
6,4,542
6,5,596
6,7,497
6,9,297
6,10,218
6,12,216
6,13,506
6,14,272
6,15,207
6,18,417
6,20,61
6,24,45
6,29,207
6,30,534
6,31,294
6,32,205
6,33,381
6,36,181
6,37,311
6,38,15
6,39,424
6,40,353
6,41,475
6,42,488
6,45,598
6,47,390
6,49,224
6,50,59
6,51,30
6,52,198
6,53,580
6,54,2
6,55,365
6,57,534
6,61,21
6,62,138
6,63,265
6,66,200
6,67,416
6,69,587
6,70,516
6,71,471
6,72,435
6,74,301
6,75,429
6,77,296
6,79,571
6,80,251
6,84,234
6,97,569
6,99,450
6,100,191
6,103,294
6,104,220
6,108,156
6,112,131
6,119,141
6,121,166
6,122,100
6,123,322
6,124,269
6,125,428
6,126,543
6,129,340
6,130,261
6,131,449
6,132,99
6,136,234
6,138,327
6,140,361
6,142,600
6,143,114
6,145,228
6,147,239
6,150,175
6,152,293
6,154,467
6,158,471
6,159,32
6,162,533
6,163,364
6,165,365
6,169,180
6,171,479
6,176,453
6,179,541
6,181,405
6,182,455
6,184,164
6,186,143
6,187,509
6,188,208
6,193,525
6,202,230
6,214,10
6,220,165
6,222,260
6,239,553
6,245,217
6,248,245
6,257,197
6,267,124
6,268,82
6,279,590
6,286,228
6,288,421
6,290,398
6,298,447
7,2,218
7,3,446
7,4,479
7,6,497
7,8,119
7,11,545
7,13,226
7,15,272
7,17,115
7,19,331
7,20,93
7,21,85
7,22,432
7,23,414
7,25,39
7,26,245
7,27,277
7,28,255
7,29,80
7,30,383
7,32,235
7,33,583
7,34,477
7,35,275
7,37,450
7,38,86
7,39,575
7,43,551
7,44,311
7,45,541
7,47,317
7,48,323
7,49,111
7,50,521
7,52,55
7,54,258
7,56,129
7,58,255
7,63,167
7,65,233
7,68,1
7,69,47
7,70,217
7,72,222
7,73,335
7,74,238
7,76,224
7,79,178
7,80,199
7,81,299
7,82,122
7,83,569
7,87,108
7,88,365
7,92,95
7,93,546
7,98,448
7,99,187
7,105,595
7,107,415
7,108,172
7,109,190
7,112,287
7,113,248
7,114,477
7,115,185
7,116,372
7,120,405
7,126,436
7,129,20
7,131,479
7,132,167
7,135,387
7,145,24
7,149,512
7,150,151
7,155,9
7,157,407
7,161,44
7,162,416
7,168,566
7,171,180
7,175,98
7,182,208
7,183,180
7,186,6
7,189,412
7,198,113
7,205,364
7,207,127
7,210,378
7,216,272
7,218,64
7,220,221
7,222,353
7,224,80
7,225,28
7,238,87
7,244,511
7,246,198
7,249,399
7,253,475
7,258,275
7,268,570
7,276,217
7,288,94
7,294,115
7,296,217
8,1,289
8,2,343
8,3,243
8,4,523
8,5,79
8,7,119
8,10,513
8,11,327
8,12,348
8,13,444
8,14,271
8,15,180
8,17,332
8,19,592
8,20,125
8,21,102
8,22,477
8,24,91
8,26,298
8,28,579
8,29,121
8,30,110
8,34,65
8,37,19
8,38,537
8,39,307
8,40,82
8,41,151
8,42,526
8,43,193
8,44,304
8,45,235
8,46,582
8,48,27
8,51,352
8,52,141
8,53,20
8,54,351
8,55,568
8,57,306
8,58,170
8,62,434
8,64,202
8,65,285
8,66,325
8,68,177
8,76,58
8,79,118
8,80,426
8,83,374
8,84,67
8,88,371
8,90,372
8,91,312
8,99,257
8,100,177
8,101,158
8,105,411
8,107,88
8,111,473
8,112,471
8,117,505
8,120,587
8,122,430
8,124,38
8,127,450
8,128,405
8,129,517
8,130,542
8,133,85
8,134,99
8,136,548
8,137,422
8,143,329
8,145,383
8,147,541
8,149,390
8,153,577
8,155,224
8,156,190
8,158,308
8,159,149
8,172,79
8,175,464
8,177,224
8,182,287
8,186,362
8,187,47
8,190,362
8,191,167
8,193,556
8,194,223
8,196,188
8,205,529
8,206,366
8,216,218
8,217,5
8,227,264
8,232,201
8,234,581
8,256,483
8,258,88
8,274,591
8,275,80
8,279,447
8,280,456
8,282,84
8,283,315
9,1,297
9,3,281
9,5,270
9,6,297
9,10,463
9,12,370
9,13,428
9,14,205
9,15,355
9,16,385
9,17,120
9,18,84
9,20,22
9,24,360
9,25,136
9,26,364
9,27,476
9,29,174
9,30,34
9,32,517
9,34,180
9,36,471
9,38,196
9,39,434
9,40,500
9,41,521
9,43,128
9,44,191
9,46,225
9,47,527
9,48,301
9,50,44
9,51,5
9,52,6
9,53,482
9,54,539
9,55,216
9,56,523
9,57,510
9,58,363
9,60,428
9,61,526
9,63,411
9,65,268
9,67,453
9,69,443
9,70,517
9,71,425
9,72,547
9,73,434
9,74,154
9,75,167
9,76,407
9,77,579
9,78,51
9,80,33
9,83,288
9,84,71
9,87,24
9,88,361
9,89,188
9,90,203
9,93,272
9,95,214
9,96,238
9,103,263
9,104,104
9,111,159
9,113,287
9,118,299
9,120,388
9,122,55
9,127,38
9,129,376
9,130,469
9,131,41
9,132,589
9,133,264
9,148,578
9,151,584
9,152,440
9,154,115
9,158,486
9,166,221
9,169,338
9,172,169
9,176,218
9,180,555
9,183,457
9,192,63
9,194,87
9,204,164
9,207,437
9,209,3
9,213,315
9,223,451
9,224,584
9,230,516
9,233,156
9,247,142
9,251,100
9,252,451
9,260,504
9,272,542
9,285,372
9,292,588
10,3,361
10,4,344
10,5,453
10,6,218
10,8,513
10,9,463
10,12,152
10,13,305
10,14,31
10,16,261
10,17,297
10,18,423
10,19,121
10,20,338
10,21,290
10,22,6
10,23,215
10,24,436
10,26,367
10,27,502
10,28,573
10,29,345
10,30,141
10,31,455
10,32,524
10,33,185
10,35,576
10,36,182
10,40,350
10,41,162
10,42,585
10,43,381
10,47,527
10,48,189
10,49,372
10,50,166
10,51,140
10,52,91
10,55,548
10,56,590
10,57,37
10,59,216
10,60,83
10,61,402
10,62,555
10,64,434
10,66,183
10,69,448
10,70,577
10,72,45
10,74,307
10,77,95
10,78,579
10,82,272
10,84,262
10,86,174
10,87,168
10,88,258
10,89,47
10,92,340
10,94,469
10,99,364
10,100,113
10,101,273
10,105,5
10,109,380
10,111,175
10,113,130
10,116,81
10,121,178
10,122,429
10,131,335
10,132,532
10,136,244
10,141,320
10,144,62
10,152,267
10,153,5
10,154,26
10,159,30
10,164,191
10,169,443
10,172,534
10,175,495
10,176,166
10,185,528
10,187,330
10,196,523
10,200,539
10,203,105
10,204,337
10,208,312
10,219,423
10,221,48
10,229,213
10,231,272
10,244,278
10,245,575
10,254,560
10,261,406
10,265,230
10,271,356
10,272,118
10,273,90
10,274,365
10,278,504
10,281,314
10,283,202
10,287,596
10,292,364
10,297,212
11,2,439
11,3,264
11,4,111
11,7,545
11,8,327
11,12,276
11,14,287
11,15,196
11,16,564
11,18,241
11,19,498
11,21,196
11,22,345
11,23,221
11,24,133
11,26,468
11,29,564
11,30,497
11,31,554
11,37,101
11,38,7
11,41,498
11,42,66
11,44,62
11,47,571
11,48,377
11,49,57
11,51,30
11,52,251
11,53,267
11,54,297
11,55,570
11,56,104
11,57,56
11,58,571
11,59,194
11,60,17
11,62,287
11,63,537
11,64,77
11,67,189
11,69,280
11,70,161
11,76,564
11,81,169
11,82,579
11,83,575
11,84,66
11,86,451
11,89,442
11,92,48
11,94,474
11,96,531
11,97,441
11,99,344
11,100,429
11,103,133
11,104,68
11,105,13
11,108,442
11,109,564
11,114,560
11,120,413
11,124,351
11,126,424
11,127,468
11,128,365
11,131,118
11,132,417
11,135,534
11,137,242
11,141,8
11,143,167
11,152,164
11,158,408
11,159,206
11,162,506
11,163,415
11,165,518
11,168,590
11,170,564
11,171,177
11,173,342
11,176,375
11,184,98
11,190,5
11,195,219
11,196,306
11,197,149
11,204,391
11,206,362
11,215,593
11,219,68
11,220,187
11,221,280
11,225,86
11,227,185
11,231,292
11,233,525
11,239,563
11,244,157
11,246,526
11,250,358
11,256,139
11,277,443
11,279,392
11,280,18
11,281,102
11,282,590
11,288,149
11,294,82
12,1,176
12,3,516
12,4,360
12,6,216
12,8,348
12,9,370
12,10,152
12,11,276
12,13,419
12,14,424
12,16,74
12,17,410
12,19,392
12,20,369
12,22,266
12,23,197
12,26,545
12,28,370
12,29,122
12,30,340
12,32,505
12,33,357
12,34,93
12,35,270
12,39,89
12,40,259
12,42,387
12,45,470
12,46,330
12,49,214
12,50,133
12,52,234
12,53,110
12,55,503
12,56,480
12,57,92
12,58,177
12,59,370
12,62,397
12,65,337
12,66,288
12,67,554
12,69,305
12,70,450
12,71,373
12,74,415
12,77,566
12,79,280
12,80,447
12,84,569
12,87,190
12,90,52
12,91,150
12,93,447
12,99,437
12,101,142
12,103,467
12,106,513
12,107,459
12,110,460
12,111,583
12,113,349
12,114,472
12,115,164
12,118,65
12,119,451
12,121,588
12,123,467
12,125,570
12,126,221
12,130,292
12,132,464
12,133,275
12,138,435
12,139,565
12,142,65
12,143,301
12,144,187
12,152,243
12,155,472
12,159,65
12,164,558
12,165,219
12,170,205
12,172,257
12,175,221
12,178,251
12,181,30
12,182,504
12,184,234
12,192,350
12,197,21
12,204,68
12,206,502
12,211,83
12,212,223
12,220,116
12,221,326
12,235,310
12,237,334
12,244,549
12,247,140
12,250,421
12,271,582
12,272,82
12,278,198
12,279,37
12,285,336
12,298,62
13,3,550
13,4,363
13,6,506
13,7,226
13,8,444
13,9,428
13,10,305
13,12,419
13,14,284
13,15,146
13,16,576
13,18,267
13,21,105
13,22,111
13,23,536
13,25,313
13,27,368
13,28,40
13,29,251
13,30,548
13,31,216
13,32,275
13,35,433
13,39,419
13,40,225
13,41,306
13,43,436
13,44,223
13,46,554
13,47,594
13,48,215
13,49,348
13,52,179
13,55,157
13,56,430
13,61,340
13,63,24
13,65,164
13,67,249
13,69,234
13,70,401
13,71,524
13,72,581
13,74,405
13,77,28
13,78,282
13,79,88
13,80,257
13,82,235
13,83,367
13,85,51
13,87,500
13,88,323
13,89,242
13,90,59
13,93,585
13,95,197
13,97,483
13,98,298
13,101,336
13,102,383
13,103,133
13,105,231
13,108,244
13,110,119
13,111,449
13,113,362
13,125,278
13,126,210
13,133,533
13,137,243
13,140,64
13,144,150
13,147,259
13,148,398
13,158,389
13,169,98
13,171,271
13,179,257
13,184,276
13,186,399
13,190,533
13,192,178
13,194,37
13,197,233
13,203,316
13,207,315
13,208,244
13,211,1
13,219,78
13,220,522
13,221,405
13,234,170
13,236,346
13,254,396
13,261,124
13,274,505
13,277,195
13,278,27
13,284,447
13,291,181
13,293,279
13,295,154
13,300,92
14,1,590
14,6,272
14,8,271
14,9,205
14,10,31
14,11,287
14,12,424
14,13,284
14,16,224
14,17,288
14,19,497
14,22,193
14,24,406
14,26,93
14,27,497
14,31,284
14,34,240
14,37,574
14,40,599
14,43,53
14,44,436
14,46,126
14,47,76
14,48,450
14,49,277
14,50,534
14,52,114
14,53,484
14,54,499
14,55,597
14,59,514
14,60,56
14,61,15
14,63,157
14,64,89
14,65,384
14,66,260
14,67,387
14,68,532
14,69,244
14,70,493
14,71,258
14,72,25
14,75,424
14,76,502
14,77,324
14,78,45
14,79,531
14,80,542
14,82,433
14,86,588
14,89,595
14,90,330
14,99,579
14,102,13
14,107,359
14,109,239
14,116,134
14,117,101
14,118,453
14,123,197
14,124,597
14,126,86
14,128,255
14,129,501
14,130,380
14,133,252
14,134,548
14,139,517
14,141,149
14,142,261
14,144,532
14,147,71
14,151,486
14,157,427
14,160,125
14,162,181
14,164,8
14,166,575
14,167,276
14,173,245
14,175,229
14,177,594
14,178,540
14,180,528
14,183,275
14,188,45
14,189,285
14,192,55
14,196,424
14,200,293
14,207,94
14,209,484
14,211,413
14,214,222
14,223,374
14,230,305
14,231,472
14,242,253
14,246,417
14,254,558
14,273,445
14,275,333
14,277,59
14,284,54
14,292,138
14,295,449
14,298,42
15,1,450
15,4,146
15,5,492
15,6,207
15,7,272
15,8,180
15,9,355
15,11,196
15,13,146
15,16,233
15,17,156
15,18,353
15,19,299
15,20,186
15,21,333
15,22,394
15,23,123
15,24,570
15,25,272
15,26,410
15,27,451
15,28,461
15,30,76
15,31,137
15,32,276
15,33,258
15,36,81
15,37,306
15,38,274
15,39,337
15,40,434
15,44,511
15,49,108
15,52,482
15,53,446
15,56,12
15,59,297
15,60,2
15,62,533
15,63,121
15,65,394
15,66,3
15,68,545
15,73,485
15,74,546
15,77,235
15,78,270
15,82,508
15,84,262
15,88,20
15,92,584
15,93,110
15,95,357
15,96,339
15,99,534
15,101,387
15,102,127
15,103,101
15,106,383
15,107,11
15,109,287
15,110,526
15,112,330
15,113,78
15,114,139
15,116,374
15,117,38
15,119,550
15,121,397
15,124,413
15,126,457
15,128,307
15,134,393
15,135,144
15,137,254
15,138,511
15,142,166
15,145,446
15,147,301
15,150,5
15,155,172
15,156,463
15,157,509
15,158,349
15,159,141
15,161,215
15,172,290
15,173,233
15,175,39
15,176,266
15,177,67
15,182,189
15,189,26
15,190,175
15,192,382
15,194,482
15,195,357
15,196,390
15,198,406
15,201,316
15,215,510
15,216,352
15,220,469
15,222,255
15,234,39
15,242,418
15,251,281
15,254,563
15,256,136
15,263,577
15,266,172
15,272,15
15,284,580
15,290,244
15,291,288
16,3,1
16,5,215
16,9,385
16,10,261
16,11,564
16,12,74
16,13,576
16,14,224
16,15,233
16,18,9
16,19,268
16,20,188
16,21,242
16,24,369
16,25,99
16,26,56
16,30,100
16,31,381
16,32,72
16,34,290
16,35,475
16,37,100
16,38,212
16,40,451
16,43,204
16,44,137
16,48,369
16,49,564
16,50,349
16,51,161
16,55,325
16,56,591
16,57,274
16,59,6
16,62,74
16,63,374
16,64,479
16,65,311
16,68,210
16,69,99
16,70,242
16,71,288
16,74,17
16,75,442
16,76,276
16,77,267
16,78,346
16,79,405
16,80,290
16,81,477
16,82,16
16,89,227
16,94,557
16,99,587
16,100,485
16,101,171
16,106,591
16,111,280
16,112,427
16,113,202
16,116,49
16,118,141
16,122,125
16,123,71
16,125,441
16,127,340
16,131,228
16,132,460
16,135,177
16,140,355
16,142,506
16,143,93
16,145,481
16,146,54
16,147,161
16,148,427
16,152,454
16,153,518
16,160,370
16,167,150
16,168,503
16,170,20
16,173,293
16,175,333
16,181,405
16,183,77
16,184,177
16,185,533
16,190,567
16,193,324
16,200,517
16,202,248
16,215,16
16,227,485
16,230,141
16,232,358
16,234,93
16,240,300
16,241,587
16,243,68
16,246,311
16,248,239
16,255,528
16,257,139
16,265,435
16,275,448
16,280,404
16,285,366
16,286,116
16,288,484
16,292,196
16,293,570
16,294,327
16,298,241
17,1,45
17,2,446
17,3,579
17,4,502
17,7,115
17,8,332
17,9,120
17,10,297
17,12,410
17,14,288
17,15,156
17,18,437
17,19,111
17,20,334
17,21,515
17,22,73
17,24,306
17,25,451
17,26,277
17,28,234
17,30,75
17,34,58
17,35,53
17,38,137
17,39,483
17,40,45
17,42,168
17,47,375
17,48,445
17,50,282
17,56,169
17,58,218
17,59,361
17,61,58
17,65,61
17,66,310
17,67,239
17,68,134
17,69,563
17,71,474
17,74,70
17,79,215
17,81,336
17,83,490
17,88,273
17,90,210
17,93,519
17,94,350
17,95,28
17,97,126
17,98,71
17,100,582
17,104,373
17,115,549
17,118,303
17,119,427
17,121,344
17,137,146
17,138,599
17,139,276
17,140,272
17,143,16
17,145,252
17,162,33
17,164,32
17,167,566
17,170,34
17,174,146
17,181,565
17,182,264
17,184,528
17,186,140
17,190,46
17,202,155
17,221,294
17,227,464
17,240,346
17,246,148
17,257,17
17,260,565
17,264,409
17,265,91
17,268,525
17,277,233
17,279,545
17,280,162
17,284,79
17,286,319
17,294,356
18,2,305
18,4,219
18,6,417
18,9,84
18,10,423
18,11,241
18,13,267
18,15,353
18,16,9
18,17,437
18,23,256
18,24,197
18,26,518
18,28,68
18,29,568
18,30,371
18,31,514
18,32,533
18,33,548
18,34,275
18,35,255
18,36,117
18,37,14
18,38,17
18,41,280
18,42,51
18,44,241
18,45,568
18,48,134
18,50,267
18,51,361
18,53,581
18,54,138
18,57,82
18,59,329
18,60,83
18,62,388
18,63,496
18,72,378
18,73,91
18,74,244
18,75,329
18,77,78
18,81,489
18,85,125
18,86,279
18,88,138
18,90,141
18,91,473
18,93,110
18,94,528
18,99,110
18,101,395
18,103,436
18,107,27
18,116,559
18,117,416
18,118,549
18,125,565
18,130,228
18,138,326
18,140,460
18,145,315
18,146,521
18,154,579
18,158,462
18,159,547
18,160,134
18,162,6
18,163,290
18,164,481
18,165,470
18,173,211
18,179,469
18,180,579
18,182,161
18,192,229
18,198,553
18,200,282
18,202,333
18,207,46
18,208,171
18,209,234
18,210,525
18,211,176
18,217,364
18,221,250
18,225,587
18,233,584
18,248,581
18,253,385
18,259,103
18,271,470
18,272,278
18,273,58
18,274,324
18,278,500
18,279,561
18,282,271
18,283,90
18,299,371
19,2,136
19,5,323
19,7,331
19,8,592
19,10,121
19,11,498
19,12,392
19,14,497
19,15,299
19,16,268
19,17,111
19,21,362
19,22,6
19,27,97
19,28,331
19,29,569
19,32,165
19,33,421
19,34,545
19,35,33
19,36,21
19,42,65
19,43,335
19,45,572
19,48,466
19,49,493
19,51,109
19,52,272
19,55,357
19,56,493
19,58,494
19,60,359
19,61,88
19,62,588
19,63,3
19,64,134
19,65,469
19,67,54
19,69,221
19,71,246
19,74,16
19,76,507
19,77,265
19,79,584
19,80,553
19,83,66
19,88,89
19,89,22
19,90,366
19,92,491
19,95,457
19,99,505
19,102,124
19,107,386
19,110,590
19,112,107
19,115,120
19,125,440
19,126,194
19,129,376
19,135,208
19,137,217
19,141,41
19,143,19
19,144,350
19,146,513
19,150,478
19,156,506
19,159,528
19,161,105
19,162,387
19,163,200
19,164,569
19,169,109
19,173,33
19,174,306
19,183,42
19,185,6
19,194,404
19,201,153
19,212,241
19,220,245
19,229,164
19,232,446
19,237,266
19,240,500
19,242,173
19,243,578
19,250,477
19,252,87
19,257,544
19,271,36
19,284,382
19,286,367
19,300,54
20,2,373
20,3,17
20,4,234
20,5,20
20,6,61
20,7,93
20,8,125
20,9,22
20,10,338
20,12,369
20,15,186
20,16,188
20,17,334
20,21,428
20,22,62
20,24,258
20,25,84
20,26,134
20,27,209
20,29,323
20,31,250
20,32,325
20,33,47
20,34,566
20,35,515
20,36,531
20,39,91
20,40,101
20,41,559
20,42,380
20,44,576
20,47,162
20,48,448
20,49,4
20,50,72
20,51,255
20,52,92
20,55,167
20,57,180
20,59,302
20,63,35
20,64,335
20,65,333
20,66,108
20,67,3
20,76,398
20,78,437
20,79,432
20,80,500
20,81,418
20,82,309
20,83,194
20,84,407
20,85,50
20,86,558
20,87,469
20,92,80
20,95,314
20,96,187
20,97,271
20,99,501
20,100,158
20,101,126
20,102,545
20,105,187
20,106,542
20,107,409
20,108,295
20,109,35
20,110,372
20,111,367
20,112,60
20,114,232
20,118,475
20,129,335
20,131,382
20,132,587
20,133,146
20,134,355
20,138,158
20,141,376
20,148,257
20,149,430
20,156,174
20,157,431
20,158,90
20,159,180
20,170,164
20,173,330
20,175,326
20,176,469
20,180,404
20,189,177
20,201,446
20,211,223
20,212,157
20,213,231
20,214,293
20,215,562
20,221,288
20,223,485
20,226,494
20,234,14
20,236,374
20,239,423
20,242,537
20,246,118
20,249,373
20,257,133
20,266,225
20,271,124
20,273,494
20,292,281
20,293,405
20,297,56
21,1,52
21,2,468
21,4,209
21,5,541
21,7,85
21,8,102
21,10,290
21,11,196
21,13,105
21,15,333
21,16,242
21,17,515
21,19,362
21,20,428
21,23,510
21,25,414
21,26,145
21,27,503
21,31,109
21,35,270
21,36,305
21,37,491
21,38,97
21,39,152
21,40,250
21,43,560
21,44,348
21,46,506
21,47,566
21,48,180
21,49,187
21,50,517
21,51,200
21,52,148
21,53,424
21,54,250
21,56,244
21,58,488
21,59,110
21,62,352
21,63,536
21,64,262
21,67,592
21,68,503
21,72,399
21,75,420
21,76,135
21,77,517
21,78,8
21,79,494
21,81,389
21,83,386
21,84,310
21,85,401
21,86,397
21,88,335
21,89,418
21,90,76
21,92,376
21,95,292
21,97,52
21,99,493
21,101,404
21,102,236
21,104,412
21,108,595
21,109,513
21,114,278
21,115,114
21,116,426
21,118,412
21,120,569
21,122,410
21,124,219
21,125,473
21,127,585
21,129,395
21,133,156
21,135,15
21,136,539
21,140,397
21,145,258
21,146,489
21,148,398
21,151,57
21,153,233
21,156,89
21,160,218
21,162,535
21,164,54
21,165,418
21,167,152
21,169,416
21,175,454
21,179,161
21,180,38
21,185,586
21,192,583
21,199,269
21,200,418
21,204,139
21,205,223
21,214,185
21,224,421
21,227,51
21,231,473
21,233,502
21,234,504
21,237,145
21,244,51
21,255,203
21,257,398
21,258,466
21,259,286
21,260,61
21,261,347
21,275,202
21,283,165
21,285,145
21,287,306
21,288,124
22,1,70
22,2,493
22,7,432
22,8,477
22,10,6
22,11,345
22,12,266
22,13,111
22,14,193
22,15,394
22,17,73
22,19,6
22,20,62
22,23,155
22,25,593
22,27,53
22,30,376
22,31,396
22,32,266
22,35,529
22,36,258
22,38,369
22,40,318
22,41,275
22,47,363
22,48,292
22,50,573
22,51,297
22,52,196
22,53,157
22,54,412
22,55,262
22,56,261
22,60,50
22,61,270
22,63,110
22,65,123
22,66,301
22,68,292
22,69,106
22,70,431
22,72,213
22,78,123
22,80,408
22,83,77
22,84,468
22,85,269
22,88,541
22,89,514
22,90,258
22,92,238
22,93,460
22,96,290
22,97,444
22,98,440
22,102,157
22,104,326
22,107,501
22,108,411
22,109,325
22,110,383
22,113,240
22,117,523
22,121,162
22,125,302
22,127,244
22,130,279
22,131,583
22,136,153
22,137,452
22,139,565
22,142,281
22,143,400
22,145,328
22,147,195
22,151,81
22,152,371
22,154,328
22,168,286
22,170,249
22,172,464
22,174,98
22,179,442
22,183,383
22,191,544
22,193,383
22,195,263
22,196,543
22,198,328
22,199,381
22,201,218
22,205,165
22,206,226
22,211,458
22,213,72
22,217,387
22,218,132
22,220,392
22,221,228
22,223,363
22,228,482
22,233,65
22,237,491
22,240,564
22,247,341
22,255,424
22,257,469
22,262,33
22,267,432
22,268,300
22,283,271
22,293,146
23,1,570
23,2,393
23,3,481
23,4,426
23,5,58
23,7,414
23,10,215
23,11,221
23,12,197
23,13,536
23,15,123
23,18,256
23,21,510
23,22,155
23,25,206
23,26,87
23,28,137
23,29,510
23,30,48
23,31,345
23,32,196
23,34,172
23,35,338
23,36,432
23,37,22
23,38,358
23,39,94
23,41,359
23,42,390
23,44,147
23,45,380
23,46,23
23,47,328
23,48,505
23,50,114
23,51,589
23,52,6
23,54,133
23,55,277
23,56,559
23,58,477
23,59,217
23,61,467
23,62,576
23,64,280
23,65,238
23,66,41
23,68,87
23,69,215
23,70,262
23,72,121
23,73,530
23,76,460
23,77,273
23,79,210
23,81,22
23,82,427
23,85,184
23,87,519
23,88,473
23,89,205
23,92,220
23,93,594
23,97,168
23,99,93
23,100,460
23,103,282
23,106,119
23,109,64
23,110,525
23,113,258
23,117,369
23,119,343
23,122,55
23,123,534
23,125,532
23,131,596
23,133,525
23,139,8
23,140,409
23,141,369
23,142,96
23,147,345
23,149,326
23,150,290
23,152,545
23,153,149
23,154,296
23,157,352
23,158,539
23,159,592
23,161,3
23,164,411
23,166,399
23,185,65
23,186,166
23,191,568
23,193,370
23,194,290
23,200,383
23,205,535
23,221,144
23,227,452
23,231,181
23,232,358
23,240,544
23,248,157
23,259,434
23,266,471
23,274,483
23,278,547
23,283,397
23,284,464
23,290,405
24,1,438
24,3,399
24,4,239
24,5,111
24,6,45
24,8,91
24,9,360
24,10,436
24,11,133
24,14,406
24,15,570
24,16,369
24,17,306
24,18,197
24,20,258
24,25,307
24,26,38
24,30,185
24,32,258
24,34,181
24,35,158
24,36,412
24,38,408
24,40,494
24,42,282
24,44,274
24,47,571
24,49,597
24,50,285
24,52,236
24,55,273
24,56,518
24,57,407
24,58,433
24,61,360
24,62,417
24,63,412
24,64,497
24,65,402
24,66,82
24,69,111
24,71,453
24,76,200
24,77,384
24,78,598
24,81,412
24,84,328
24,86,566
24,88,378
24,89,103
24,90,579
24,94,233
24,96,274
24,97,181
24,98,82
24,105,393
24,106,329
24,107,390
24,108,304
24,110,422
24,111,77
24,112,213
24,119,94
24,120,58
24,121,22
24,122,37
24,126,146
24,127,14
24,128,494
24,129,224
24,133,441
24,136,508
24,143,360
24,144,472
24,147,201
24,158,379
24,165,3
24,166,586
24,167,551
24,168,391
24,171,359
24,178,329
24,181,159
24,188,515
24,190,19
24,201,71
24,211,117
24,214,587
24,218,554
24,222,499
24,227,368
24,229,537
24,233,175
24,234,438
24,239,289
24,262,440
24,263,63
24,264,129
24,267,229
24,275,317
24,277,118
24,278,593
24,279,495
24,282,429
24,283,241
24,285,572
24,287,279
24,289,60
24,294,598
24,295,370
24,296,294
24,297,201
25,1,444
25,2,62
25,4,217
25,5,398
25,7,39
25,9,136
25,13,313
25,15,272
25,16,99
25,17,451
25,20,84
25,21,414
25,22,593
25,23,206
25,24,307
25,27,68
25,28,432
25,29,494
25,30,446
25,34,209
25,36,144
25,37,92
25,38,307
25,40,571
25,41,114
25,42,348
25,43,289
25,45,396
25,46,174
25,47,170
25,48,417
25,51,478
25,54,192
25,55,170
25,58,559
25,59,178
25,61,564
25,62,423
25,64,103
25,65,328
25,66,566
25,67,191
25,68,166
25,69,105
25,70,477
25,71,280
25,73,537
25,74,181
25,75,94
25,78,434
25,81,349
25,82,394
25,83,363
25,85,178
25,86,57
25,88,235
25,93,156
25,97,598
25,98,359
25,101,429
25,104,298
25,109,159
25,116,81
25,117,574
25,123,586
25,131,405
25,134,499
25,136,445
25,137,271
25,138,273
25,145,531
25,156,57
25,162,18
25,163,320
25,166,88
25,167,344
25,168,82
25,175,480
25,177,379
25,179,130
25,185,72
25,190,218
25,202,181
25,203,531
25,204,544
25,206,187
25,207,491
25,208,547
25,209,439
25,210,594
25,211,406
25,213,517
25,219,249
25,229,148
25,237,248
25,243,527
25,245,64
25,267,131
25,268,132
25,271,31
25,275,219
25,290,29
26,4,273
26,5,402
26,7,245
26,8,298
26,9,364
26,10,367
26,11,468
26,12,545
26,14,93
26,15,410
26,16,56
26,17,277
26,18,518
26,20,134
26,21,145
26,23,87
26,24,38
26,27,47
26,28,53
26,29,66
26,30,73
26,31,490
26,32,353
26,33,483
26,35,597
26,36,557
26,37,565
26,38,396
26,39,136
26,40,131
26,41,197
26,42,291
26,46,212
26,47,32
26,50,265
26,51,34
26,52,93
26,53,214
26,57,260
26,58,543
26,60,82
26,61,516
26,62,387
26,64,144
26,67,440
26,68,23
26,71,409
26,77,482
26,78,443
26,80,566
26,81,75
26,82,545
26,83,285
26,84,331
26,85,170
26,88,596
26,89,386
26,96,511
26,98,133
26,100,511
26,103,153
26,106,66
26,110,389
26,111,558
26,112,29
26,118,576
26,120,426
26,122,326
26,124,62
26,126,297
26,127,108
26,128,5
26,133,141
26,134,144
26,135,148
26,136,559
26,137,390
26,146,525
26,147,171
26,148,309
26,151,294
26,157,238
26,173,400
26,175,281
26,180,525
26,188,23
26,191,403
26,193,591
26,195,219
26,197,251
26,199,111
26,206,123
26,208,466
26,210,309
26,213,4
26,217,60
26,223,308
26,230,383
26,238,549
26,239,546
26,242,22
26,250,479
26,252,519
26,258,178
26,259,284
26,274,517
26,278,14
26,281,39
26,284,157
26,290,562
26,291,562
26,295,192
26,296,354
26,300,284
27,1,461
27,2,398
27,3,567
27,5,134
27,7,277
27,9,476
27,10,502
27,13,368
27,14,497
27,15,451
27,19,97
27,20,209
27,21,503
27,22,53
27,25,68
27,26,47
27,28,224
27,29,45
27,30,89
27,33,385
27,35,254
27,36,533
27,37,321
27,38,209
27,40,560
27,42,5
27,43,104
27,44,514
27,45,214
27,46,58
27,48,76
27,49,524
27,50,404
27,51,6
27,52,167
27,53,571
27,54,504
27,56,156
27,57,373
27,60,326
27,61,482
27,63,187
27,64,433
27,65,281
27,66,72
27,67,32
27,70,27
27,71,176
27,72,191
27,73,62
27,75,23
27,76,15
27,79,214
27,81,351
27,82,270
27,85,17
27,88,373
27,94,441
27,95,236
27,96,349
27,97,559
27,102,52
27,104,470
27,106,74
27,111,565
27,112,457
27,114,253
27,119,239
27,120,259
27,123,117
27,126,185
27,129,529
27,132,46
27,133,453
27,143,79
27,146,54
27,148,79
27,152,60
27,154,41
27,155,107
27,157,341
27,158,537
27,162,450
27,163,554
27,165,330
27,166,435
27,170,70
27,171,190
27,174,20
27,176,53
27,177,195
27,179,7
27,180,405
27,183,490
27,190,450
27,195,447
27,199,72
27,206,125
27,210,241
27,212,519
27,219,167
27,228,196
27,235,499
27,237,429
27,239,586
27,241,505
27,248,247
27,251,331
27,257,203
27,261,389
27,266,151
27,278,62
27,282,497
27,289,530
27,290,78
27,296,234
28,1,286
28,4,26
28,5,352
28,7,255
28,8,579
28,10,573
28,12,370
28,13,40
28,15,461
28,17,234
28,18,68
28,19,331
28,23,137
28,25,432
28,26,53
28,27,224
28,29,168
28,30,565
28,31,272
28,33,458
28,34,401
28,36,288
28,39,324
28,40,189
28,41,232
28,43,109
28,45,56
28,46,393
28,48,311
28,49,452
28,51,70
28,52,332
28,53,168
28,54,537
28,55,61
28,56,414
28,57,27
28,59,188
28,60,249
28,62,284
28,63,128
28,68,12
28,69,251
28,70,446
28,72,522
28,74,436
28,76,524
28,81,4
28,85,583
28,87,426
28,88,376
28,90,236
28,91,529
28,93,113
28,96,298
28,98,201
28,100,332
28,102,410
28,104,43
28,108,233
28,109,370
28,119,133
28,120,529
28,124,523
28,127,412
28,129,145
28,132,27
28,133,557
28,134,542
28,155,398
28,162,109
28,164,291
28,169,57
28,173,388
28,178,130
28,187,384
28,203,29
28,207,32
28,209,182
28,210,297
28,211,555
28,218,413
28,219,505
28,247,157
28,253,394
28,256,479
28,258,26
28,283,130
28,286,81
28,291,71
28,294,563
28,300,64
29,1,52
29,3,470
29,5,591
29,6,207
29,7,80
29,8,121
29,9,174
29,10,345
29,11,564
29,12,122
29,13,251
29,18,568
29,19,569
29,20,323
29,23,510
29,25,494
29,26,66
29,27,45
29,28,168
29,30,1
29,31,203
29,32,536
29,33,318
29,35,89
29,36,288
29,37,566
29,38,3
29,39,392
29,40,92
29,43,358
29,44,427
29,45,386
29,46,592
29,47,286
29,48,414
29,49,513
29,50,244
29,51,257
29,52,142
29,53,380
29,54,365
29,57,177
29,58,221
29,64,563
29,65,66
29,66,315
29,69,123
29,71,282
29,72,335
29,73,504
29,75,181
29,76,327
29,79,260
29,81,590
29,82,192
29,86,265
29,90,77
29,91,237
29,96,116
29,98,536
29,105,267
29,109,274
29,111,290
29,113,285
29,114,506
29,115,441
29,119,166
29,121,207
29,123,192
29,130,389
29,131,165
29,136,431
29,141,554
29,145,79
29,147,124
29,149,152
29,166,365
29,168,160
29,172,68
29,176,247
29,179,594
29,190,523
29,198,597
29,205,362
29,208,258
29,210,343
29,216,320
29,220,308
29,225,142
29,226,384
29,231,151
29,232,409
29,238,163
29,244,488
29,251,47
29,261,30
29,267,7
29,270,417
29,271,136
29,273,361
29,274,319
29,275,275
29,278,377
29,282,58
29,286,134
29,288,444
29,292,182
29,293,156
29,295,348
29,300,440
30,2,567
30,5,216
30,6,534
30,7,383
30,8,110
30,9,34
30,10,141
30,11,497
30,12,340
30,13,548
30,15,76
30,16,100
30,17,75
30,18,371
30,22,376
30,23,48
30,24,185
30,25,446
30,26,73
30,27,89
30,28,565
30,29,1
30,31,273
30,33,182
30,34,535
30,35,91
30,39,422
30,41,533
30,42,469
30,43,517
30,44,524
30,47,448
30,48,479
30,49,553
30,50,227
30,53,527
30,54,89
30,57,285
30,58,297
30,59,166
30,64,439
30,65,413
30,66,432
30,68,448
30,69,301
30,71,545
30,72,589
30,73,364
30,74,189
30,76,54
30,77,211
30,79,177
30,81,182
30,83,459
30,85,415
30,86,592
30,92,447
30,95,49
30,98,424
30,100,102
30,101,555
30,103,74
30,105,261
30,108,271
30,110,121
30,111,203
30,113,304
30,115,389
30,116,152
30,118,69
30,119,379
30,120,269
30,122,323
30,125,479
30,127,410
30,131,592
30,135,182
30,138,153
30,139,276
30,140,55
30,143,81
30,150,198
30,153,102
30,157,572
30,159,552
30,160,414
30,161,521
30,165,484
30,167,464
30,170,488
30,171,377
30,174,518
30,177,317
30,184,68
30,186,148
30,190,23
30,197,401
30,220,104
30,222,244
30,225,211
30,233,311
30,235,321
30,236,576
30,247,391
30,254,126
30,256,436
30,258,148
30,265,201
30,287,107
30,295,333
30,299,378
31,1,39
31,3,39
31,4,286
31,5,406
31,6,294
31,10,455
31,11,554
31,13,216
31,14,284
31,15,137
31,16,381
31,18,514
31,20,250
31,21,109
31,22,396
31,23,345
31,26,490
31,28,272
31,29,203
31,30,273
31,32,15
31,33,175
31,35,134
31,38,75
31,40,537
31,42,102
31,43,383
31,44,452
31,46,508
31,47,519
31,48,106
31,50,468
31,51,567
31,53,492
31,55,96
31,56,288
31,57,339
31,59,489
31,60,481
31,61,371
31,64,27
31,65,518
31,67,201
31,70,550
31,71,451
31,73,208
31,75,132
31,78,407
31,83,52
31,84,526
31,88,85
31,91,596
31,95,548
31,96,249
31,99,569
31,101,388
31,102,17
31,104,580
31,105,429
31,106,564
31,110,6
31,111,600
31,112,442
31,116,75
31,118,188
31,119,228
31,121,30
31,129,475
31,131,597
31,134,507
31,140,580
31,141,318
31,144,498
31,149,361
31,154,336
31,156,67
31,157,477
31,165,548
31,167,338
31,176,475
31,181,540
31,191,576
31,199,189
31,218,416
31,234,352
31,240,206
31,246,23
31,250,232
31,252,253
31,253,470
31,260,48
31,261,449
31,263,507
31,268,520
31,277,403
31,290,387
31,294,86
31,295,305
31,299,142
32,1,166
32,2,257
32,5,34
32,6,205
32,7,235
32,9,517
32,10,524
32,12,505
32,13,275
32,15,276
32,16,72
32,18,533
32,19,165
32,20,325
32,22,266
32,23,196
32,24,258
32,26,353
32,29,536
32,31,15
32,36,450
32,37,502
32,38,127
32,39,590
32,41,331
32,42,245
32,43,314
32,44,440
32,46,421
32,51,293
32,56,229
32,58,148
32,60,525
32,61,457
32,63,388
32,64,384
32,67,375
32,69,202
32,72,204
32,74,92
32,75,413
32,76,452
32,79,316
32,81,435
32,83,290
32,87,326
32,90,141
32,92,64
32,95,202
32,98,466
32,100,42
32,105,223
32,108,269
32,112,16
32,113,233
32,114,270
32,116,347
32,118,367
32,119,233
32,120,191
32,122,263
32,125,501
32,126,80
32,127,486
32,134,120
32,135,556
32,140,154
32,148,358
32,149,539
32,156,185
32,160,275
32,163,259
32,164,351
32,170,144
32,176,161
32,177,513
32,179,442
32,185,536
32,193,34
32,199,325
32,200,274
32,203,93
32,206,196
32,209,220
32,211,316
32,212,525
32,217,432
32,221,473
32,222,273
32,223,527
32,228,456
32,229,77
32,231,271
32,244,551
32,253,182
32,254,85
32,255,507
32,256,164
32,259,95
32,260,529
32,265,166
32,267,70
32,273,90
32,277,578
32,280,25
32,282,482
32,284,525
32,288,245
32,296,158
32,297,488
32,299,481
33,1,530
33,2,510
33,3,525
33,4,229
33,6,381
33,7,583
33,10,185
33,12,357
33,15,258
33,18,548
33,19,421
33,20,47
33,26,483
33,27,385
33,28,458
33,29,318
33,30,182
33,31,175
33,34,267
33,36,151
33,37,286
33,39,252
33,41,583
33,42,592
33,43,358
33,44,373
33,46,252
33,49,387
33,50,573
33,52,245
33,54,263
33,56,503
33,57,580
33,58,364
33,60,18
33,62,477
33,63,41
33,66,311
33,67,107
33,68,347
33,70,342
33,72,18
33,73,205
33,75,247
33,81,142
33,83,346
33,84,148
33,90,406
33,91,227
33,92,552
33,93,177
33,95,469
33,96,443
33,97,455
33,98,193
33,99,296
33,102,126
33,106,368
33,108,264
33,109,405
33,112,339
33,120,252
33,121,377
33,123,587
33,130,170
33,131,598
33,133,187
33,135,142
33,137,490
33,138,186
33,144,116
33,145,116
33,152,143
33,155,201
33,157,366
33,163,109
33,169,59
33,171,541
33,182,557
33,184,449
33,186,275
33,188,476
33,194,570
33,195,357
33,199,559
33,200,10
33,201,513
33,211,155
33,213,98
33,215,111
33,221,233
33,226,313
33,239,457
33,240,342
33,246,60
33,248,571
33,253,157
33,263,91
33,281,54
33,286,560
33,297,427
33,298,159
34,1,12
34,2,139
34,4,507
34,5,264
34,7,477
34,8,65
34,9,180
34,12,93
34,14,240
34,16,290
34,17,58
34,18,275
34,19,545
34,20,566
34,23,172
34,24,181
34,25,209
34,28,401
34,30,535
34,33,267
34,36,451
34,38,188
34,39,541
34,40,144
34,42,557
34,43,261
34,44,271
34,45,99
34,46,451
34,47,342
34,49,41
34,50,550
34,51,90
34,52,352
34,53,489
34,54,224
34,55,224
34,56,483
34,57,435
34,58,453
34,59,561
34,62,74
34,63,315
34,64,91
34,65,273
34,66,119
34,71,144
34,72,278
34,73,21
34,74,39
34,82,266
34,83,189
34,85,530
34,87,257
34,92,22
34,93,208
34,94,142
34,95,287
34,96,439
34,100,7
34,101,410
34,103,308
34,106,469
34,107,30
34,111,171
34,112,568
34,116,83
34,119,182
34,120,100
34,123,175
34,128,200
34,136,199
34,137,146
34,139,557
34,141,391
34,144,330
34,146,256
34,149,155
34,154,560
34,156,162
34,159,373
34,164,46
34,167,108
34,169,365
34,172,159
34,173,565
34,180,504
34,182,112
34,191,285
34,194,202
34,208,313
34,214,278
34,215,90
34,216,393
34,221,257
34,223,216
34,225,44
34,227,470
34,238,94
34,242,173
34,247,255
34,250,515
34,255,293
34,256,50
34,267,150
34,270,41
34,276,157
34,278,304
34,298,458
34,299,539
35,1,44
35,2,233
35,4,188
35,5,289
35,7,275
35,10,576
35,12,270
35,13,433
35,16,475
35,17,53
35,18,255
35,19,33
35,20,515
35,21,270
35,22,529
35,23,338
35,24,158
35,26,597
35,27,254
35,29,89
35,30,91
35,31,134
35,36,478
35,37,51
35,39,297
35,41,214
35,45,471
35,46,94
35,47,371
35,48,10
35,49,557
35,50,80
35,52,481
35,53,555
35,55,89
35,56,296
35,57,175
35,60,440
35,61,191
35,64,542
35,67,459
35,68,4
35,69,338
35,70,477
35,71,148
35,72,241
35,73,385
35,74,271
35,76,380
35,77,410
35,78,158
35,79,516
35,80,515
35,83,342
35,85,25
35,86,236
35,87,520
35,88,204
35,93,150
35,95,19
35,98,585
35,99,294
35,101,272
35,109,191
35,110,117
35,113,527
35,114,192
35,117,82
35,120,67
35,122,570
35,124,164
35,126,592
35,131,174
35,133,427
35,138,64
35,139,534
35,143,475
35,144,97
35,145,452
35,146,562
35,149,290
35,150,139
35,163,327
35,164,54
35,169,352
35,171,88
35,178,187
35,182,88
35,185,488
35,196,578
35,199,401
35,200,514
35,201,1
35,203,14
35,204,184
35,205,151
35,206,458
35,208,133
35,209,433
35,211,528
35,215,336
35,217,357
35,218,92
35,226,571
35,227,370
35,238,172
35,242,39
35,243,455
35,249,478
35,250,501
35,254,431
35,264,482
35,267,545
35,271,31
35,284,288
35,286,424
35,298,108
35,299,246
35,300,102
36,1,229
36,3,596
36,4,195
36,5,456
36,6,181
36,9,471
36,10,182
36,15,81
36,18,117
36,19,21
36,20,531
36,21,305
36,22,258
36,23,432
36,24,412
36,25,144
36,26,557
36,27,533
36,28,288
36,29,288
36,32,450
36,33,151
36,34,451
36,35,478
36,37,435
36,38,45
36,40,322
36,42,148
36,43,18
36,45,72
36,47,279
36,49,5
36,50,285
36,51,137
36,52,584
36,53,127
36,55,544
36,56,110
36,57,110
36,61,273
36,64,483
36,65,541
36,66,449
36,67,579
36,68,10
36,70,89
36,75,324
36,76,64
36,78,118
36,80,330
36,81,202
36,82,21
36,83,597
36,87,379
36,90,373
36,94,161
36,95,116
36,96,511
36,99,60
36,102,262
36,103,10
36,106,458
36,111,437
36,112,478
36,116,3
36,119,448
36,120,389
36,123,499
36,124,248
36,126,561
36,129,65
36,130,322
36,132,453
36,133,121
36,134,393
36,137,591
36,138,501
36,139,429
36,141,63
36,142,264
36,146,408
36,149,535
36,153,206
36,155,83
36,156,71
36,160,78
36,164,220
36,181,59
36,190,472
36,191,436
36,200,21
36,202,106
36,206,23
36,210,410
36,212,71
36,220,387
36,227,250
36,229,130
36,230,474
36,231,148
36,245,405
36,247,292
36,252,432
36,256,164
36,257,348
36,262,44
36,270,183
36,271,6
36,279,177
36,283,476
36,290,587
36,293,356
36,295,582
36,297,390
37,1,38
37,3,384
37,4,345
37,6,311
37,7,450
37,8,19
37,11,101
37,14,574
37,15,306
37,16,100
37,18,14
37,21,491
37,23,22
37,25,92
37,26,565
37,27,321
37,29,566
37,32,502
37,33,286
37,35,51
37,36,435
37,38,190
37,39,14
37,41,379
37,42,207
37,43,113
37,44,89
37,46,593
37,47,336
37,48,401
37,53,467
37,54,572
37,56,537
37,57,193
37,58,59
37,59,72
37,60,247
37,61,78
37,64,364
37,67,367
37,72,584
37,74,563
37,76,183
37,81,370
37,82,505
37,83,293
37,84,556
37,89,132
37,92,244
37,96,508
37,97,542
37,98,30
37,99,306
37,101,205
37,102,32
37,106,420
37,110,56
37,114,520
37,115,582
37,118,418
37,120,175
37,123,153
37,125,319
37,130,421
37,135,430
37,137,546
37,144,318
37,152,501
37,155,207
37,157,7
37,160,361
37,162,573
37,167,281
37,168,229
37,170,183
37,173,108
37,174,19
37,178,397
37,187,73
37,192,499
37,193,516
37,195,555
37,199,506
37,205,135
37,234,404
37,237,323
37,240,51
37,249,403
37,256,351
37,263,163
37,268,520
37,269,123
37,278,423
37,295,121
38,1,94
38,3,176
38,5,104
38,6,15
38,7,86
38,8,537
38,9,196
38,11,7
